,OwnerAge,Area,RiskClass,VehAge,BonusClass,Exposure,ClaimNb,ClaimAmount,ClaimOcc
0,54.57288202108322,2,6,10.242121919208302,2,0.4365959251250105,0,0.0,0
1,65.06592579319474,3,6,10.368377092190709,7,1.0000339958887743,0,0.0,0
2,27.509143155368,3,3,8.683846173228929,3,0.937017279104986,0,0.0,0
3,48.929677453675595,3,4,13.282438354884334,4,0.999661013177323,0,0.0,0
4,40.520812291620736,4,2,9.017563946699113,1,0.9998857384648108,0,0.0,0
5,44.753486792223306,4,1,13.356777817603446,2,1.000231391070943,0,0.0,0
6,34.973473090125836,3,5,14.198538469758642,4,0.38681409425939883,0,0.0,0
7,58.976289203364296,2,5,13.466480623146731,1,0.6427874458948066,0,0.0,0
8,28.78041866040584,3,2,9.015230881696295,6,0.220896164623763,0,0.0,0
9,45.789267830450314,2,6,15.255503784928418,7,1.000224100099343,1,10581.02939583807,1
10,30.606554106209042,1,3,4.171961759824078,1,0.9999720333954246,0,0.0,0
11,61.31631545800335,4,4,11.862906155295605,7,0.9997742590325199,0,0.0,0
12,45.35915521106335,4,4,20.222878803930378,2,0.19548599710565,0,0.0,0
13,32.235813689023544,4,7,12.14264989192978,5,0.5187994574341178,1,20233.330537067537,1
14,47.38830468554749,3,2,4.489973655665381,7,0.6652647587971298,0,0.0,0
15,53.01688052642288,2,6,18.136323905615175,6,0.39095418436969354,0,0.0,0
16,35.05165266574596,2,3,14.31932018568272,1,0.9999590269855057,0,0.0,0
17,60.86501544156609,3,3,1.9665167109398158,4,0.9992093078675996,0,0.0,0
18,26.047737286032874,4,6,13.67191948253108,4,0.3913258985828096,0,0.0,0
19,51.29558555491023,3,2,9.332998704299492,5,0.46923521590724737,0,0.0,0
20,44.83721746652333,3,2,12.506297916073109,7,0.5486268453309924,0,0.0,0
21,24.39003704813072,3,2,14.27247898718652,3,0.9537414852846081,0,0.0,0
22,50.830522181021664,4,6,13.08709253530651,4,1.3030993005143359,0,0.0,0
23,39.501373949544636,2,1,17.400157299719496,0,0.41644467062677704,0,0.0,0
24,48.362854352111086,2,3,18.890420690374743,7,0.9999329155912933,0,0.0,0
25,43.22943261714389,1,5,21.535095877160984,1,0.42284038063646173,0,0.0,0
26,41.03082696115057,4,4,20.00794302994291,3,0.8582417476223333,0,0.0,0
27,58.48758259715887,4,6,15.127636862111414,7,1.0006184105377505,1,2702.8642506065016,1
28,56.074164270052506,5,6,0.0,7,0.3196696367757702,0,0.0,0
29,44.9839382397158,3,6,16.78175892687071,3,1.100796234569318,0,0.0,0
30,41.532766637432886,4,3,5.131875076028169,4,0.19845799163631223,0,0.0,0
31,45.22022654628268,4,3,15.42622940819055,5,0.43964814208063696,0,0.0,0
32,35.8604555709026,3,3,20.002273007747387,5,0.8978438684653706,0,0.0,0
33,26.07290617351987,2,3,0.0,3,1.0003023767180763,0,0.0,0
34,28.681133132112123,3,1,4.156289567412231,3,0.9998995946008016,0,0.0,0
35,50.09923377961156,3,5,6.180305391215718,7,0.9993850737923979,0,0.0,0
36,46.16851049558684,4,5,4.966396412992431,1,1.0005028500375484,0,0.0,0
37,47.28697050864334,2,4,15.462720876689897,1,0.989272772165937,0,0.0,0
38,48.20304649488552,2,3,8.015953910839887,7,0.9999238372816391,0,0.0,0
39,42.13479299637635,4,3,5.841085886450316,7,0.9999920257836169,0,0.0,0
40,63.63378516821305,3,1,9.692848006362361,2,0.9996746452917418,0,0.0,0
41,9.029975128875492,3,2,13.46584577950148,1,1.0840645478678885,0,0.0,0
42,51.73606389424247,3,3,10.157671069895446,5,1.022109845212795,0,0.0,0
43,55.87362697405082,3,4,12.803756325887287,7,0.9471695897899326,0,0.0,0
44,47.13192489297676,2,3,10.028017447520007,3,1.0004372393227952,0,0.0,0
45,36.15421310902965,2,4,0.0,2,0.9998026648814731,0,0.0,0
46,25.876457639719572,3,3,11.909702826461702,4,0.9993795930594456,0,0.0,0
47,38.49820583491225,3,1,7.413197193827417,1,1.0002292170462739,0,0.0,0
48,28.141648336318266,3,6,9.370095234577022,3,1.000149886016398,0,0.0,0
49,45.62487362728797,1,6,14.820513028301399,6,1.0538916459659584,0,0.0,0
50,58.30843382972904,4,6,8.127592982284218,7,0.5156405243366248,0,0.0,0
51,35.149145165601695,2,3,12.472508988293352,4,0.37545473366725163,0,0.0,0
52,20.96704636338667,2,1,13.90223266639018,7,0.40871671489696554,0,0.0,0
53,37.33735352379302,4,6,6.260914336256107,7,0.7540691126042615,0,0.0,0
54,35.47845022182965,4,6,12.371211330388489,6,0.028672419111301584,0,0.0,0
55,50.026122301216816,2,3,7.069121259754633,4,0.5039561394618183,0,0.0,0
56,48.530816617297845,2,1,8.522151136423119,7,0.9711250327292482,0,0.0,0
57,45.321007102227824,1,3,8.65459045171741,2,0.9999748371397018,0,0.0,0
58,41.9010712347956,4,3,11.765672152540574,4,0.5007899683901658,0,0.0,0
59,25.231529871272638,3,3,0.0,4,0.9999370652511509,0,0.0,0
60,67.73047293664366,3,1,14.288944614693493,7,1.000154413745049,0,0.0,0
61,56.13799466819789,3,1,14.170462968116052,1,0.4752792741192646,0,0.0,0
62,32.26622228670715,3,3,5.892908238659264,3,0.9999950727960267,0,0.0,0
63,53.189980051146186,3,4,0.0,7,0.7612352275707073,0,0.0,0
64,21.058171850416826,1,1,17.986324179445926,0,0.9775550827460888,0,0.0,0
65,31.59206725592356,1,3,5.1796875428901785,6,0.2416461689679295,0,0.0,0
66,32.8142621683068,3,3,14.157497580826538,4,0.3505054589412268,0,0.0,0
67,43.07972330035844,0,6,9.943877607805433,1,0.42239303687580404,0,0.0,0
68,51.0129846816529,6,3,5.156154873064511,7,0.183404017155407,0,0.0,0
69,67.14181971153711,4,4,19.99579132622663,4,0.49722134583383454,0,0.0,0
70,36.61775170137237,1,3,11.134706290558022,6,1.0003168035133139,0,0.0,0
71,23.82681667993792,2,2,3.0942237478882006,6,0.27521395908543667,0,0.0,0
72,46.8483099667533,4,5,6.24206552178207,7,0.9996292327000496,0,0.0,0
73,35.867149378881926,4,5,13.227715265549024,7,0.06997042987247426,0,0.0,0
74,44.31247813253182,2,6,14.407774170343286,5,1.0000984343818018,0,0.0,0
75,20.7882236029408,4,5,16.709456016039805,1,0.47536631708479005,0,0.0,0
76,38.05572687445614,2,2,13.80079114231555,7,0.24704273209837263,0,0.0,0
77,34.07998087131459,0,2,19.99280061904415,1,1.0005629499033253,0,0.0,0
78,48.85873241007239,3,3,15.126992439449598,4,1.0004778147525188,0,0.0,0
79,37.38874704971939,3,3,10.74647579507301,3,0.0,0,0.0,0
80,28.795244798332867,2,3,13.291115457004363,2,1.178296053667014,0,0.0,0
81,50.23845432022368,1,1,5.358693359410771,7,1.0004113078215435,0,0.0,0
82,54.80854672297498,3,1,18.59529235011913,7,0.9179520294427657,0,0.0,0
83,49.10028223883268,1,1,7.737208945283258,4,0.4978750016853987,0,0.0,0
84,57.465969995395554,2,3,14.603831753042032,7,0.9999753783442861,0,0.0,0
85,45.762643190979404,2,3,9.06792730319679,3,0.3412156470555695,0,0.0,0
86,49.873621883058554,4,6,12.509204778489591,7,0.9992756020633031,0,0.0,0
87,39.49498628565833,4,3,11.47263438855332,7,1.0003057593408078,0,0.0,0
88,53.14921808392058,1,3,0.5716797079183422,7,0.741888110531336,0,0.0,0
89,46.73111558317337,2,3,12.789365054696251,4,0.6939663072211296,0,0.0,0
90,24.872279169442717,3,4,16.4567431972692,3,0.5380876267802281,0,0.0,0
91,38.177510363484394,3,6,5.1349154225644975,6,0.2584352718816096,0,0.0,0
92,41.13246726064029,1,5,16.253151328139563,0,0.7204485147307779,0,0.0,0
93,42.08434654982872,4,2,12.76904712396439,7,1.0000288997242328,0,0.0,0
94,7.164357227405482,2,4,4.741515997736661,4,0.23171689471407564,0,0.0,0
95,50.838242045872626,3,3,11.153780605923979,3,0.9998305803356331,0,0.0,0
96,49.83929306775986,3,2,12.705461106283405,7,0.9940770483128845,0,0.0,0
97,33.18263797547223,4,3,6.80095394092625,7,0.6270163610549683,0,0.0,0
98,23.815013117254153,2,6,7.415903106079285,4,1.0001282543139274,0,0.0,0
99,46.39373667410264,1,3,11.8103650271704,7,0.9999605284787241,0,0.0,0
100,57.90984150037191,5,3,10.439235049740281,7,0.9997124411524037,0,0.0,0
101,35.5463435384106,3,3,19.983551352120898,1,0.22792573390055443,0,0.0,0
102,52.4082554218649,7,1,18.33556407974923,7,0.999933436529985,0,0.0,0
103,50.47443879408796,4,3,13.488314750605273,7,1.0002486522544038,0,0.0,0
104,45.353093905151454,2,1,7.271132457581244,7,0.4830938549979224,0,0.0,0
105,39.97796801209428,2,6,13.15827313369075,7,0.9993964685497286,0,0.0,0
106,58.4389718672863,3,3,1.1784093682891434,7,0.5140745620745675,0,0.0,0
107,39.17774613589472,2,2,6.334593263603641,7,0.9997389211701804,0,0.0,0
108,40.69148488811012,3,1,4.537118005643155,5,0.5048271428342661,0,0.0,0
109,60.19126953687973,5,2,5.996697934962876,4,0.1433231151450559,0,0.0,0
110,19.346856953250754,2,4,19.99601206327618,1,0.9883548761655367,0,0.0,0
111,53.78192765841986,4,5,14.052599914339092,1,0.36594635152928756,0,0.0,0
112,43.93877462726541,4,6,17.33376703193457,5,1.0000323178174846,0,0.0,0
113,47.105384505644466,5,6,14.927540357572148,3,1.0156859443165733,0,0.0,0
114,59.26638421307388,3,4,5.357956220869017,7,1.0924277272620933,0,0.0,0
115,56.09897118825141,3,1,7.617689228270686,7,0.9998839002635741,0,0.0,0
116,41.94006697872834,2,3,9.911269532682377,6,0.49466294432729496,0,0.0,0
117,46.62428431540817,4,3,12.85376649783778,7,0.44217171839084013,0,0.0,0
118,45.13975828384227,4,2,7.012291691392187,5,0.6284603363788139,0,0.0,0
119,58.721411202908115,1,5,10.02862182455229,5,0.9774392858488684,0,0.0,0
120,49.64089335401148,3,3,9.929608435286962,3,0.9995632856286448,0,0.0,0
121,55.93013073888405,4,3,15.241194647189612,4,0.5007422154461936,0,0.0,0
122,55.8574418167025,4,1,19.999285639239716,2,0.4970640869156327,0,0.0,0
123,21.859250747263754,1,4,11.321079377026289,5,0.1514402177148031,0,0.0,0
124,38.57683347767367,2,6,5.339633789170727,7,0.37677989643535653,0,0.0,0
125,28.62243313573515,4,2,8.971792546520554,1,0.2699155611041072,0,0.0,0
126,56.256659267520945,4,3,9.129514300865573,4,0.714334154688006,0,0.0,0
127,29.21958681160646,3,2,14.572406579122996,1,1.0007596573540014,0,0.0,0
128,45.20343250841555,2,6,10.622818231296653,1,0.25561515638993826,0,0.0,0
129,42.00656203551568,3,2,3.935556356370676,1,0.5686067112747138,0,0.0,0
130,61.54497204872036,2,6,14.238787246765803,7,0.9993911117134501,0,0.0,0
131,66.0188419751654,2,1,23.65544975438966,5,0.5055453251659672,0,0.0,0
132,50.7340935987666,1,3,21.69251630107823,3,0.9987633681432101,0,0.0,0
133,22.400529155951467,5,2,11.240072815083455,7,0.43187488935527285,0,0.0,0
134,40.530271419933214,3,1,9.181764837449343,2,0.029758059646449064,0,0.0,0
135,53.61350608504654,3,3,8.943755263584954,3,1.0001050686358794,0,0.0,0
136,47.631852695229455,2,4,19.997388914017648,4,1.000116483636163,0,0.0,0
137,50.64463191754034,2,1,5.3106050772675015,3,0.3169568520067355,0,0.0,0
138,59.93622596669675,5,1,17.114560333173294,2,0.961533004424301,0,0.0,0
139,34.88217131306496,3,2,11.017017261375743,6,0.08810119269272243,0,0.0,0
140,46.01604355992685,3,3,10.10351072760754,7,1.0002015482396662,0,0.0,0
141,60.408433949434325,3,2,16.80199295354726,7,0.9997996574385849,0,0.0,0
142,42.908840505468284,3,5,7.4361769436657275,5,0.49789573828598194,0,0.0,0
143,24.543706572314516,3,2,24.81951752639624,7,1.0000823726159918,0,0.0,0
144,53.70338998637861,4,4,6.413731688856063,7,1.0002305761305093,0,0.0,0
145,51.320921461980426,3,2,10.180830992766746,5,0.49642396258556354,0,0.0,0
146,57.622454453829214,2,2,9.453698655536238,1,0.1035260386999105,0,0.0,0
147,40.54470132064624,3,1,5.817180201624815,3,0.9999157421290406,0,0.0,0
148,60.64074175814662,3,1,16.26855925424891,2,1.0003636088221322,0,0.0,0
149,33.35232440354679,0,3,6.215642797847034,3,0.5878388437885911,0,0.0,0
150,36.25185530414505,0,3,17.077962794944796,7,0.08991526770442271,0,0.0,0
151,34.12791931225104,3,3,1.8263935781788057,3,1.0001003777777395,0,0.0,0
152,43.50926683308043,4,1,14.248918827960647,4,0.9999485373725374,0,0.0,0
153,10.359144906144472,4,4,3.5859558604431134,1,0.27601731057812534,0,0.0,0
154,39.897522728653186,3,3,14.952168112659173,7,1.0001649212589303,0,0.0,0
155,51.22066204235597,2,5,13.822585580988802,7,0.9489884460087552,0,0.0,0
156,17.15694881497433,4,4,9.599021968819756,1,0.29453511441547586,0,0.0,0
157,59.52050789622615,4,5,2.1836612570740357,2,0.9997528400663858,0,0.0,0
158,51.912403036009366,2,6,18.057167321811747,7,0.9993781707461298,0,0.0,0
159,61.01875871088352,3,3,11.752057496228451,5,1.0003152084291151,0,0.0,0
160,73.40649702021528,6,3,12.684035353720395,7,0.3269406493191311,0,0.0,0
161,47.26001491800258,4,3,17.758819188409397,3,1.000074650941352,0,0.0,0
162,56.26101197337127,3,2,10.445653050781958,3,0.2645006355273844,0,0.0,0
163,49.85806695197648,3,3,8.057268304683323,7,1.000528108450467,0,0.0,0
164,52.43128478432708,6,3,25.314546270677752,7,0.9997760048346105,0,0.0,0
165,32.68333557051943,4,3,8.919505356158236,3,0.99955152239467,0,0.0,0
166,27.48592638841741,4,6,8.510065103206088,4,0.44263254684952796,0,0.0,0
167,49.126515323417465,4,3,5.190450156640462,3,1.0001734855492357,0,0.0,0
168,48.63837437134572,2,3,10.785667227595354,0,0.9662296191832883,0,0.0,0
169,21.587776584024787,4,6,2.5472441904505754,4,0.27626303646236494,0,0.0,0
170,53.67418320397402,3,4,19.99596776292887,1,0.9997368654884101,0,0.0,0
171,31.225348318876605,4,6,13.544853280252871,5,0.2691636507532334,0,0.0,0
172,62.72738586122475,2,5,7.469577540278334,7,1.0005873451052087,0,0.0,0
173,25.3489417760565,3,3,15.919573837092315,3,0.1411495405024431,0,0.0,0
174,49.82646101769906,0,5,20.00278671551581,7,0.9706119349023878,0,0.0,0
175,44.11456652003994,3,1,6.926484944800308,7,0.9999827428064705,0,0.0,0
176,20.376954739974895,3,6,18.36424127512835,3,0.4091750550316119,0,0.0,0
177,47.433926719008646,2,1,0.4388977053430967,2,0.49473975846203655,0,0.0,0
178,42.39153054915708,4,6,16.621361116140584,3,0.49701043613870954,0,0.0,0
179,48.82078869075642,2,4,8.744920323571394,1,0.26805611042977356,0,0.0,0
180,16.360961877390448,3,5,6.290475216603784,1,0.45863622615032,0,0.0,0
181,54.15722734122946,3,1,11.849868290412605,3,0.4421563855861214,0,0.0,0
182,23.606448951983847,3,3,2.74584839600508,1,0.14816219316650459,0,0.0,0
183,33.44645549918735,3,3,20.001941143936953,3,1.190048680937163,0,0.0,0
184,55.39398906980687,3,6,14.24894495453588,7,1.0005041477114427,0,0.0,0
185,43.52131008695321,4,1,19.331308505891155,7,1.0001462742390865,0,0.0,0
186,55.02360449734625,4,3,14.38773120868509,1,0.9530225173906492,0,0.0,0
187,47.986134869710874,3,3,20.069580814390342,0,0.9996557331496971,0,0.0,0
188,47.401366309379526,1,3,11.899897117641382,4,0.9574746104041207,0,0.0,0
189,32.27384455731872,3,6,9.453822712774128,7,0.9999263695194811,0,0.0,0
190,54.89462063161598,4,4,20.00325317089603,7,0.23790465553640566,0,0.0,0
191,42.67024906147735,3,1,0.693172827523389,2,0.9998755921549725,0,0.0,0
192,40.89279226293293,3,4,10.2468080352724,5,0.9999962812053069,0,0.0,0
193,37.66439529827614,3,6,7.401080580079052,7,1.000376178828124,0,0.0,0
194,21.729447215827612,4,6,5.639598894295188,7,0.39107790260574415,0,0.0,0
195,24.27973471994524,3,6,3.316186530669669,2,0.2359791231896955,0,0.0,0
196,33.81385875750579,3,3,14.651387379992956,1,0.9998171615430638,0,0.0,0
197,34.3066056658766,3,3,14.046592192796851,4,0.4964683948353523,0,0.0,0
198,55.89070193369847,6,4,10.20326362198503,7,1.000101413848065,0,0.0,0
199,27.010794696175548,3,4,0.0,2,0.18556954479290944,0,0.0,0
200,40.02654916791501,4,1,8.376259649491548,1,0.28502721431216105,0,0.0,0
201,53.46590810152063,5,3,6.836094934292751,1,0.9995646714324504,0,0.0,0
202,42.93908070787293,1,3,6.595217023700566,4,0.5837043927840544,0,0.0,0
203,38.01243339788024,3,3,9.457298932204287,2,0.43132920651714907,0,0.0,0
204,34.72856275277768,3,1,9.719230859189373,3,0.4970005028615805,0,0.0,0
205,53.0783175375423,4,3,8.198523706757545,7,0.9998512903177897,0,0.0,0
206,50.43202441165863,4,6,3.3390914372668963,7,0.9996976514052183,0,0.0,0
207,53.27970103683757,1,1,5.923344521301842,4,0.5015034154043516,0,0.0,0
208,4.607617497376772,3,3,5.03219180402987,4,0.49561753291764804,0,0.0,0
209,47.3328830206688,4,3,11.123613056518213,7,1.0004413612313554,0,0.0,0
210,53.47302060481148,5,6,9.956025738873683,7,0.6695950431383819,0,0.0,0
211,23.857892204518723,5,6,8.332851422845742,3,0.2276750451094019,0,0.0,0
212,44.739346469726776,2,3,9.926110477190138,2,1.0003091466842704,0,0.0,0
213,46.25013730536653,2,5,5.127394699555969,1,0.6491846782865515,0,0.0,0
214,61.203724189997615,2,4,19.99506755413701,7,0.7475382215529693,0,0.0,0
215,71.78712175098272,2,5,11.656587304353836,5,0.5269339228234711,0,0.0,0
216,31.567539201890135,2,3,14.97278458965214,7,0.33151584728933065,0,0.0,0
217,35.01029186159006,1,6,6.613876031605041,6,0.9928410024236212,0,0.0,0
218,26.490762761258964,5,6,6.719015691600174,0,0.326523736186511,0,0.0,0
219,22.37510868775055,3,6,2.7801043834992,1,0.21752130396977892,0,0.0,0
220,42.33677657928208,4,3,0.0,7,0.9996705200150824,0,0.0,0
221,59.546756565144534,4,3,6.3698522374196305,1,0.9837510005455885,0,0.0,0
222,51.724859272577845,2,4,15.811852526135928,7,0.9144456270635662,0,0.0,0
223,51.49385647088655,3,7,11.038856934483405,1,0.33037613915542263,0,0.0,0
224,40.659072192142055,2,5,15.192358005564722,1,1.0115357518695498,0,0.0,0
225,25.397960783374607,2,5,7.76679553459558,1,0.6605346961735266,0,0.0,0
226,26.540202599003948,4,2,9.573461213107578,3,0.14690835769653166,0,0.0,0
227,32.73405081003658,3,1,17.849549435130683,3,0.5006970510522131,0,0.0,0
228,27.514179744295404,3,4,13.851772347016045,2,0.4820710522483875,0,0.0,0
229,35.28315813756548,0,1,4.863153101546235,5,0.21477347349772075,0,0.0,0
230,47.42924398930529,3,1,0.0,4,0.50217183189276,0,0.0,0
231,27.366862623176043,5,6,14.645286947746094,3,0.999923270270243,0,0.0,0
232,29.960152918975595,4,7,12.324317689665834,7,1.000101393421112,0,0.0,0
233,45.3431309170112,1,3,2.8675539526479756,6,0.0,0,0.0,0
234,63.11553277181818,4,4,20.01639342298649,6,0.5026466294967598,0,0.0,0
235,47.94931206060242,5,1,3.168229907458631,7,0.2662342046279821,0,0.0,0
236,44.99163233803781,5,1,4.3552393513985646,7,1.0054228795593447,0,0.0,0
237,51.126264136959165,3,2,4.176114980940514,7,0.6575781009326545,0,0.0,0
238,31.879108577628475,5,1,13.544327495182424,1,0.019319848689603014,0,0.0,0
239,48.78975280716732,3,5,1.769126898619989,3,0.3099357196315231,0,0.0,0
240,47.23253753655131,4,6,3.818305718478837,7,0.5848724107924699,0,0.0,0
241,36.75145624318854,3,2,15.745911200724528,1,0.9999011683911105,0,0.0,0
242,42.79632287493268,0,3,1.731791767063596,5,1.0005281279753286,0,0.0,0
243,21.449625420332993,4,6,1.4868657300496704,7,0.1357428771140352,1,79592.96978372807,1
244,38.939504975673486,0,3,6.616018657553489,0,0.04740521375002993,0,0.0,0
245,36.71648403782174,4,1,4.221287796382055,3,0.9995202532260149,0,0.0,0
246,42.257212384618356,6,3,5.2766584664692555,1,0.5590867613066257,0,0.0,0
247,56.19379527274745,4,3,19.77493728847682,4,1.0000033807711866,0,0.0,0
248,51.97360359754143,2,2,0.0,7,0.9994580766821242,0,0.0,0
249,33.54217918724097,3,2,10.582201814369828,1,0.9992621151535824,0,0.0,0
250,26.164938626044016,3,6,8.333188601937653,1,0.25910023873191906,0,0.0,0
251,43.459564655789606,3,4,19.996735100025784,1,0.43957396580400154,0,0.0,0
252,46.94382972602518,3,4,20.00751500677034,7,0.9998373465587138,0,0.0,0
253,45.714697784891904,3,0,19.996149873816037,1,1.0000363606432487,0,0.0,0
254,31.304508527501564,3,3,9.860305819457015,4,1.0000835312832872,0,0.0,0
255,34.71984830139899,3,4,3.9370956949930234,7,1.1813161665420338,0,0.0,0
256,26.967038924509215,4,2,12.78155148210106,4,0.36457742073299815,0,0.0,0
257,48.15347011739943,3,6,14.604297185457808,1,1.00010974781303,0,0.0,0
258,53.43485048422687,2,1,2.4885931379574604,7,0.07394165642928663,0,0.0,0
259,40.933987364073445,2,3,9.159212344725127,3,1.0004439680105293,0,0.0,0
260,45.344085077374835,2,6,18.98053036860881,3,0.15901776959685066,0,0.0,0
261,52.62027969539558,4,1,7.604407498458782,7,0.9830701698693809,0,0.0,0
262,38.59616554480639,2,0,17.60988633652511,7,0.9970012650067589,0,0.0,0
263,49.35117058427523,4,3,6.66506105081748,1,0.48718767348134173,0,0.0,0
264,36.6475824719602,1,1,21.551268818273588,2,0.9997055088721234,0,0.0,0
265,41.07298291652414,4,1,15.097391459497947,7,0.9531906639636532,0,0.0,0
266,62.33498074188725,1,3,14.378041712325608,7,0.9997876018527865,0,0.0,0
267,46.76953970592778,3,3,0.0,7,0.47922304438336727,0,0.0,0
268,42.90949512130584,6,3,4.3831820744481425,1,0.1530649491902243,0,0.0,0
269,21.290786711214395,3,6,8.904044806198035,3,0.1530245378500671,0,0.0,0
270,25.463739896002696,3,6,0.0,4,0.6827114086137006,1,65241.04192781037,1
271,42.122165120086095,3,1,9.846605988834934,1,0.0,0,0.0,0
272,45.366286083240084,4,3,0.0,6,1.0003029031483448,0,0.0,0
273,45.9837976869981,5,2,15.898879710932613,7,0.5280259838740575,0,0.0,0
274,58.13676943105702,4,3,20.182735709010295,1,0.13953121433867932,0,0.0,0
275,43.47182369370409,4,3,15.141035837035282,7,0.6071336065873719,0,0.0,0
276,42.564190558578936,1,3,10.158571841476103,5,0.6426640152058908,0,0.0,0
277,31.02591163240756,2,6,8.906057980704386,6,0.518281033698012,0,0.0,0
278,34.55574738470331,6,6,23.8391974315687,6,0.4368230188312332,0,0.0,0
279,23.01818799740911,1,6,15.089523997125287,4,0.47829878384156754,0,0.0,0
280,54.28475521198573,2,4,13.982849006506557,1,0.9627790723928061,0,0.0,0
281,59.285389208702405,3,3,12.80317335682345,2,1.0003678429487097,0,0.0,0
282,20.050807947195384,3,3,9.574666056631056,2,0.7250639618631559,0,0.0,0
283,44.95590725004273,3,2,16.791395504309257,7,0.9998249412898786,0,0.0,0
284,33.71685707330346,4,6,15.40140862324871,1,1.0038371494208698,0,0.0,0
285,17.839205193706967,4,4,19.996462584323574,1,0.9998231724149458,0,0.0,0
286,38.860571359605274,2,1,19.99075896468694,3,0.47994434086862614,0,0.0,0
287,34.56721501725932,2,3,0.935219450961517,7,1.0003018416409373,0,0.0,0
288,39.21569457708798,2,3,20.625813632646192,5,0.9997046871033104,0,0.0,0
289,49.39872701896854,0,3,16.262343381563653,7,1.0002100454447804,0,0.0,0
290,53.43233055564308,2,2,2.5577330216158796,7,0.3637681702748027,0,0.0,0
291,32.051314757082,5,1,0.0,3,0.6098334365505078,0,0.0,0
292,58.26115356708603,4,6,9.794087073326507,6,0.8682722187397609,0,0.0,0
293,30.707416202164158,3,4,8.604471228640367,3,0.7353086149897735,0,0.0,0
294,41.282502290684114,4,6,26.194856636920186,7,1.0000765570667796,0,0.0,0
295,35.36111949864589,3,0,20.000840660162474,1,0.9999739499916863,0,0.0,0
296,28.03798801383405,5,7,20.005734150254806,1,1.0001386270059998,0,0.0,0
297,45.972395875423395,3,2,16.45051946685152,1,1.000534884716728,0,0.0,0
298,24.327933816789862,3,2,12.405591081606719,7,1.0002275012037598,0,0.0,0
299,15.540643760613126,1,3,7.802253332131582,1,0.3968188259379835,0,0.0,0
300,45.12950825635768,3,4,8.136933469604422,5,0.9996769508779522,0,0.0,0
301,43.1679323420504,3,2,0.0,7,1.0000434035321701,0,0.0,0
302,43.9997568621091,1,1,0.19301619870425313,4,0.6614787937204728,0,0.0,0
303,39.134210089485634,3,7,11.344296288856638,8,0.546653748124649,0,0.0,0
304,37.381867083772704,2,3,5.614196746935356,6,0.9994856029369821,0,0.0,0
305,70.21979304691844,5,6,5.325996137109815,7,0.5506476028910825,0,0.0,0
306,36.07927229715194,3,2,15.285438952375976,1,0.5759439103088109,0,0.0,0
307,59.330782600418665,3,1,20.067581345990188,2,0.3157570316624792,0,0.0,0
308,48.6136511139253,2,3,0.0,7,0.8203889940268475,0,0.0,0
309,23.94506704089706,1,2,6.910367554597542,3,0.4155911289239735,0,0.0,0
310,30.4650231590226,3,2,12.838641185880542,5,1.0001261217682342,0,0.0,0
311,40.10176461802631,4,1,12.932461477670257,3,0.44486268655130135,0,0.0,0
312,29.325901820322663,4,6,11.53815412726007,6,1.2876916261423441,0,0.0,0
313,39.916254135109085,2,6,16.251621398178045,3,0.258362060480998,0,0.0,0
314,62.4504447726663,5,6,25.491655411076877,5,1.0005278718173476,0,0.0,0
315,42.88375064359389,2,1,1.9039987096596231,2,0.0,0,0.0,0
316,32.66160172894965,4,3,0.0,7,0.0,0,0.0,0
317,66.21537317775585,4,5,10.00761930797204,7,0.9998154249498468,0,0.0,0
318,54.654187993798445,3,3,6.036567540896079,1,1.0001930688186302,0,0.0,0
319,35.56381987448218,3,6,1.1055285803086132,7,0.4629214790872142,0,0.0,0
320,22.330329103235677,0,3,0.0,2,0.9996918923207787,0,0.0,0
321,22.135223061737385,3,6,3.5510923030342987,3,0.48856809949287183,0,0.0,0
322,41.25286726260068,0,1,8.05421963192774,7,0.3154230607974003,0,0.0,0
323,63.10001073263135,3,3,2.3690362854034,4,1.0004115352566976,0,0.0,0
324,46.00566094769842,4,2,6.21030128355391,7,0.9997192405333795,0,0.0,0
325,57.363576170891506,1,1,7.987003505099789,7,0.5388049422427301,0,0.0,0
326,68.75159555423865,3,6,15.53486788564734,4,0.5148940972987701,0,0.0,0
327,45.28796552525152,3,2,12.50194981328297,7,0.9993216575365282,0,0.0,0
328,40.86239493410793,5,6,18.72869851485172,0,0.101219284413818,0,0.0,0
329,25.172174785282813,3,1,0.0,2,0.9319323790935718,0,0.0,0
330,17.060523479425996,2,1,9.333571376172012,4,1.0004867219045472,0,0.0,0
331,62.654019931254,4,3,9.651064472507539,7,0.9999578008580337,0,0.0,0
332,50.66122207972281,2,1,25.5509609266362,6,0.4996177302955924,0,0.0,0
333,34.564282707061295,2,1,19.379921868705193,2,1.0001306138172703,0,0.0,0
334,40.618182311386754,4,6,20.284749021860723,2,0.7807666728740777,0,0.0,0
335,33.7906081837504,5,3,1.6924088791752432,4,0.6306475359089762,0,0.0,0
336,20.624109043824866,5,4,13.29482742689109,1,0.9594120957887855,0,0.0,0
337,47.686147447479826,5,6,17.19884441989658,6,0.47966296917775975,0,0.0,0
338,49.91394740393723,1,3,4.419490200126406,7,0.9998156027493821,0,0.0,0
339,20.380327900907012,4,1,11.864612370735557,7,0.5008202118118932,0,0.0,0
340,71.20383426927904,4,4,19.990491887375256,5,0.4992622795570525,0,0.0,0
341,34.72949269531276,2,3,14.836941732576898,2,1.0000501499171208,0,0.0,0
342,48.82562551924291,3,4,3.1826911263557554,4,0.7450163516328367,0,0.0,0
343,29.53322505528531,4,1,3.8614255918668396,4,1.000288151781355,0,0.0,0
344,41.93651754528091,4,1,15.129094327780306,7,1.0002945915444,0,0.0,0
345,61.39521968067332,3,3,6.164929815432792,3,0.5050043184198292,0,0.0,0
346,32.12299306702363,3,3,17.268532789681384,3,0.999902646157189,0,0.0,0
347,71.02322983524874,4,3,4.848675286533094,6,0.504675242886442,0,0.0,0
348,32.67498242488792,3,3,19.275672983624347,2,0.4226423493525376,0,0.0,0
349,51.60744688107414,6,3,0.4524001757125866,7,0.6723851824130781,0,0.0,0
350,31.355830742640578,4,4,20.000973909773666,1,0.0,0,0.0,0
351,52.029132877470595,5,1,10.470029692181836,7,0.9996383087229477,0,0.0,0
352,32.04749572689903,1,3,6.688805359693874,6,0.3711911782199399,0,0.0,0
353,31.260250881283188,4,5,7.107387306675883,1,0.8077446197995467,0,0.0,0
354,20.739250522013613,2,3,0.38349667934362586,2,0.9642721773139049,0,0.0,0
355,56.022466834826105,3,2,13.166146535071466,5,0.1546021975397257,0,0.0,0
356,34.67868255502857,1,1,7.569828953849885,1,0.26252645910884626,0,0.0,0
357,29.27478609289097,2,1,10.337707954145037,7,0.6728826018807736,0,0.0,0
358,44.77142176057023,4,1,11.73451264428083,6,0.9999226055784476,0,0.0,0
359,46.857629378471,3,2,17.723092040110927,7,1.0008151306559516,0,0.0,0
360,57.93604143372091,4,4,19.996285307473592,7,0.9999962981835955,0,0.0,0
361,47.40053888631169,1,3,14.213487189607429,6,0.999346399998237,0,0.0,0
362,25.189050927745235,3,2,2.640522090518356,4,0.147062513109385,0,0.0,0
363,40.466269099060405,5,4,7.900453938248384,4,0.9724626727108214,0,0.0,0
364,30.105079399534418,3,3,5.134075126859048,4,0.9053419382369249,0,0.0,0
365,51.17486447984575,3,4,7.347782101339503,1,0.950414912329882,0,0.0,0
366,77.24566543850847,4,4,1.3994891432159413,1,0.6658964474751073,0,0.0,0
367,41.6658027163196,4,3,9.317177408084465,1,1.0000114857748708,0,0.0,0
368,64.64632642195782,2,3,16.811112759362928,7,0.1947189934753819,0,0.0,0
369,39.34574930972123,1,3,12.787873780591642,2,0.9996553071632625,0,0.0,0
370,22.57910402349689,0,3,0.0,5,0.4387774705450376,0,0.0,0
371,25.20640609246786,4,3,13.152317669348875,3,0.8575532634696463,0,0.0,0
372,42.28464056495703,1,3,7.028657268165364,5,0.0,0,0.0,0
373,32.12120396754676,2,6,14.197642705911658,1,0.9953170232126396,0,0.0,0
374,45.145284181077486,4,4,7.419384901293188,7,1.0000076049170508,0,0.0,0
375,42.65781846268349,3,4,12.058960594812314,1,0.9472771081797362,0,0.0,0
376,29.330941890307514,4,2,8.794751523227472,1,0.664007003116772,0,0.0,0
377,65.67004592897575,4,3,11.083380319465398,3,0.4988229346697289,0,0.0,0
378,44.624342751871346,2,4,20.002960338625066,7,0.9997490865146907,0,0.0,0
379,23.408090285334936,3,1,17.849646109883345,1,1.000395014381496,0,0.0,0
380,46.05379629301936,1,6,10.16672600573588,1,0.9785325134450689,0,0.0,0
381,59.99603887898219,3,3,0.14287397481951913,3,0.9741292495810161,0,0.0,0
382,38.761444320719505,4,6,15.279534645173293,6,1.0191134949301102,0,0.0,0
383,36.917331744158055,5,1,19.99592440762663,5,0.45200859182230707,0,0.0,0
384,24.479702879499253,2,2,9.093121748643112,2,0.48199726558680445,0,0.0,0
385,29.625538276977352,3,3,6.600973027815538,2,0.44002632006498754,0,0.0,0
386,48.92569108939701,2,3,10.409804022815676,4,0.3062270383764944,0,0.0,0
387,41.375535823212886,3,4,20.00793535285616,1,1.0002387659195242,0,0.0,0
388,37.60226417147281,6,3,3.1033953256972513,7,0.7705429109615667,0,0.0,0
389,38.87210983532914,2,4,19.997596872273306,7,1.000014990459122,0,0.0,0
390,23.605850288345135,2,6,4.771438770267328,1,0.2666497297396619,0,0.0,0
391,42.60874899174919,4,2,12.265104343836462,5,0.2724656389688193,0,0.0,0
392,56.4322193075893,0,1,7.664559114634304,3,0.5000671766840363,0,0.0,0
393,57.34167464798297,3,0,14.516547061724049,1,0.9998133379271928,0,0.0,0
394,40.85576841848898,1,3,6.560332101810104,6,1.0000591461058042,0,0.0,0
395,38.00319403904655,2,3,6.49193741438643,4,0.066945876275051,0,0.0,0
396,52.10870000286732,5,6,7.527795380372435,3,0.45419251746124534,0,0.0,0
397,32.79830355477609,3,3,1.4291475142715875,2,0.49831770891555904,0,0.0,0
398,35.85819911526649,3,3,20.009650571785606,8,0.0614311016223974,0,0.0,0
399,20.245925967098888,5,6,4.740692945118003,0,0.8969298595597759,1,10673.340127319367,1
400,22.070313464458767,3,2,11.212156117804419,1,0.2899891496895591,0,0.0,0
401,52.84607957444363,4,2,19.50789166677371,5,0.9399746300350367,0,0.0,0
402,40.9317158151595,5,6,14.94606582859986,7,1.0000490061104865,0,0.0,0
403,41.523564172835634,3,2,12.35550027575853,3,1.0002255716582162,0,0.0,0
404,40.000263800050895,2,3,3.388362947312201,7,0.6109715742221501,0,0.0,0
405,26.443962246842382,3,6,0.8650528276763527,1,0.20829519924106138,0,0.0,0
406,38.45336587215412,2,1,20.009647300824767,5,0.0,0,0.0,0
407,19.198192394200664,4,1,19.98588501912637,2,0.607381048248166,0,0.0,0
408,32.360614644194136,2,3,11.730317919381346,7,1.0000835670921004,0,0.0,0
409,28.449179069076287,4,2,5.903277203493324,7,0.1895773035406449,0,0.0,0
410,41.5378999555927,1,6,14.770826201876272,6,1.321443820187403,0,0.0,0
411,29.51405604578728,5,2,14.842060029866513,1,0.6621837027760593,0,0.0,0
412,49.1341966808266,4,1,2.8824983740271826,6,0.6781698000326205,0,0.0,0
413,48.58864949801412,4,6,17.214886315940976,6,1.0004089361116124,0,0.0,0
414,41.77983635652169,5,1,19.9951832061036,4,0.3925246898204227,0,0.0,0
415,39.875465038316364,3,6,9.734949911731334,6,0.4156698156340779,0,0.0,0
416,45.05267002792637,3,7,4.802441087977862,8,0.5175931543970751,0,0.0,0
417,18.35281087027121,4,5,14.734342426015125,1,0.49441781704735766,0,0.0,0
418,66.90958366586887,3,4,20.010959736551403,1,1.128604007529174,0,0.0,0
419,58.16788172180829,1,6,23.97745100472358,7,0.8476121410095934,0,0.0,0
420,24.513296362975566,2,2,9.83871447122065,7,1.000299660043543,0,0.0,0
421,56.36324311040316,2,2,20.001277942979286,7,0.893513972899542,0,0.0,0
422,28.795298874126992,1,1,20.007520087397566,3,0.907213730753587,0,0.0,0
423,34.85620630129417,3,5,13.91716730932811,2,1.000699548125444,0,0.0,0
424,53.77825325160498,4,5,13.494638980039777,7,1.0003605762974872,0,0.0,0
425,32.51894823958002,3,6,14.90299601208331,7,1.0000565920332884,0,0.0,0
426,56.61642357282164,3,4,1.2029611910870717,3,0.698200803375259,0,0.0,0
427,56.01865269079045,1,5,3.317250824316882,4,0.6308460992682969,0,0.0,0
428,46.81384354586905,2,5,13.174885851546012,5,0.3591495209210467,0,0.0,0
429,47.6263499000246,3,6,17.553675417650155,4,1.000261480282914,0,0.0,0
430,22.203397544198534,3,6,19.01206628878442,1,0.663617921035694,0,0.0,0
431,35.899739428406704,2,3,12.153981532038877,2,0.5291244514236311,0,0.0,0
432,5.2110204316666895,2,1,2.7849097070568707,5,0.31557258397204097,0,0.0,0
433,24.149261184664063,2,4,2.0776353772176446,3,0.36319489086901624,0,0.0,0
434,37.47876624217126,5,1,8.495220152258529,7,0.39045488208934254,0,0.0,0
435,45.73646013114278,3,6,9.432260611294542,7,0.9999044482269734,0,0.0,0
436,42.746892683411225,1,4,20.006694634610746,1,1.0008911270879608,0,0.0,0
437,43.21379409037975,2,6,13.49162053137178,5,1.0001451183650532,0,0.0,0
438,46.85499314242154,4,2,17.40936583545685,7,0.3056514190197001,0,0.0,0
439,43.14346676726692,3,1,6.530855294029276,2,0.9996609591942791,0,0.0,0
440,41.69703585717462,4,6,6.943427570997915,7,1.000438750920935,0,0.0,0
441,29.694615045904108,5,7,10.522974514977461,6,0.5179210144047027,0,0.0,0
442,45.15555778223256,3,3,10.95145738359773,3,0.9995210585632084,0,0.0,0
443,50.30444482759651,4,4,4.117308518426101,7,0.9997176754898857,0,0.0,0
444,54.65958460388361,3,6,10.01890436297999,2,0.18130893034454199,0,0.0,0
445,43.50178295478423,2,3,15.863982102779854,7,0.9644830510191253,0,0.0,0
446,47.41790377607892,3,3,20.00212322421043,2,0.2588307861556794,0,0.0,0
447,46.066516194701954,5,2,14.01340540801531,1,0.2759556551191656,0,0.0,0
448,48.30046052014076,4,2,12.247484859918234,7,1.000075296373292,0,0.0,0
449,34.577255972083655,1,1,12.004702366280071,4,0.6306761814728663,0,0.0,0
450,19.155758422587855,4,3,8.82090082776448,4,0.14888477316387017,0,0.0,0
451,54.4043894897009,2,2,20.0067057167114,7,0.9628869211214737,0,0.0,0
452,33.9841920036837,4,2,10.252961755188885,4,0.6405154632863634,0,0.0,0
453,55.800564723361,1,1,13.168707497191486,7,0.999859071362054,0,0.0,0
454,28.78708447895768,5,6,0.0,4,0.2657598804773593,0,0.0,0
455,20.884548929776162,1,6,15.981691229298733,5,0.9999289010774417,0,0.0,0
456,21.237256027105413,4,1,3.8873434541616767,2,0.5944318139263683,0,0.0,0
457,59.607967740382406,3,3,21.37780776218782,2,1.0003872231783224,0,0.0,0
458,22.320950181190202,3,2,16.696462772994035,1,0.8799568606885683,0,0.0,0
459,26.85589612986923,3,6,11.907578774699264,2,0.9996801174570802,0,0.0,0
460,26.573576757052876,3,6,4.803600246412742,4,0.47214104076597496,0,0.0,0
461,46.46790890976519,3,3,13.728171302448228,2,0.5008334549182657,0,0.0,0
462,11.508373781319982,4,1,4.162221251987511,0,0.13918764310274045,0,0.0,0
463,35.758491977663944,0,3,7.360636698374931,7,0.31851468919785736,0,0.0,0
464,30.578385301196917,3,4,11.396805475705202,3,0.3239726083292312,0,0.0,0
465,43.27120616223527,2,6,18.4038870408318,7,0.17309648756938967,0,0.0,0
466,44.3281872254008,5,1,16.342053078891425,7,0.4049207483731285,0,0.0,0
467,17.974037997797733,2,4,19.98925886991788,1,0.9996113022208084,0,0.0,0
468,45.93746918564533,0,3,12.088435711322042,5,0.3855254014810077,0,0.0,0
469,20.547777053318406,4,5,6.474621374241587,2,0.06314386780403802,0,0.0,0
470,48.282938241292754,3,2,15.685722566700605,7,0.9997502473519262,0,0.0,0
471,44.89609215193493,4,4,20.00828316835299,1,0.412292667177329,0,0.0,0
472,22.53149829286247,4,6,9.624209253822151,4,0.43629956256671465,0,0.0,0
473,32.74911554775244,3,3,9.868624049180909,2,0.6127145877877324,0,0.0,0
474,30.32670983276139,0,1,14.523253532442416,7,0.9993219661635708,0,0.0,0
475,61.5924905539339,2,3,14.296020744545528,6,0.9998447524432145,0,0.0,0
476,52.569890878971194,1,3,11.730560945231492,4,1.00003253843602,0,0.0,0
477,54.42762994733922,4,1,12.197169897886155,7,0.999828482336625,0,0.0,0
478,56.76510393627485,3,6,11.812692857142494,2,0.9996474906819055,0,0.0,0
479,40.4209021737461,3,0,17.44910871021132,1,0.9998790488281336,0,0.0,0
480,61.42211190278893,3,1,3.1411092300903745,5,1.0000079886076392,0,0.0,0
481,47.3529249607338,4,1,20.004347989200546,5,0.14307073199787612,0,0.0,0
482,41.63845153499477,5,6,14.52230813183094,0,0.9784165541615207,0,0.0,0
483,48.57251968770677,3,1,6.6024985237065845,0,0.9806538076642701,0,0.0,0
484,30.68318713802816,3,3,6.53476069513496,4,0.5539188678701059,0,0.0,0
485,38.485374293509686,3,3,9.240390115434298,1,0.9604695564574586,0,0.0,0
486,28.5062194378431,3,6,11.48551687043931,5,1.0002762961002933,0,0.0,0
487,44.55442028607207,2,6,10.22223269515712,7,0.9771719345260874,0,0.0,0
488,61.66260529048404,3,3,13.808621805427023,1,0.9998356847324492,0,0.0,0
489,42.620411937367834,2,3,11.951461034550846,1,0.8777362323691287,0,0.0,0
490,28.214135001713206,2,2,11.67069184276647,5,0.9764331808419113,0,0.0,0
491,37.47704037942424,2,3,5.253459533916214,4,0.9998427048712935,0,0.0,0
492,22.578154054706477,3,2,6.864497637753272,4,0.18882140859169733,0,0.0,0
493,25.715903406006984,2,2,7.066767439658857,5,0.5425307241316701,0,0.0,0
494,34.79003669634703,5,4,11.691463462390036,7,0.999950911054948,0,0.0,0
495,21.1662736334884,4,5,8.571274357317233,2,0.0,0,0.0,0
496,48.507902490147806,4,3,0.6437763960444869,6,0.3910806422829278,0,0.0,0
497,22.30055934798011,5,3,0.0,6,0.506708599841063,0,0.0,0
498,56.88765921939156,3,5,19.9058035244079,7,1.0002910446055753,0,0.0,0
499,48.04543111315997,2,3,2.201316866271128,4,0.9995742258363116,0,0.0,0
500,52.2801888329558,2,3,17.892865120062226,5,0.9995734663373476,0,0.0,0
501,39.172431700206886,3,3,4.0284997621322365,2,0.4078741179736375,0,0.0,0
502,64.68764118760217,3,3,10.89148970697659,1,0.9995364018503491,0,0.0,0
503,32.62387597598209,3,3,0.0,7,0.9998687342639867,0,0.0,0
504,62.97389972675887,4,3,5.686820997681579,3,1.0006980864276964,0,0.0,0
505,54.10991562790411,3,4,20.005557196707116,7,1.0005692916583027,0,0.0,0
506,39.56482152233049,3,4,20.00366555738037,4,0.5037878027227694,0,0.0,0
507,50.249458553285464,4,2,10.417386648018754,7,1.0004495125739419,0,0.0,0
508,37.55901086680491,3,3,14.417590197038862,7,0.37086275072122377,0,0.0,0
509,46.72654273018208,3,2,14.245882115081507,4,0.9998955174842029,0,0.0,0
510,60.67022307453639,3,4,9.001128080876061,3,1.000023151556999,0,0.0,0
511,46.995791114899205,1,6,10.040689091294762,7,0.9997302703319288,0,0.0,0
512,41.793571204359296,5,3,3.5215614535831907,2,1.0003390114098236,0,0.0,0
513,49.52434809340755,2,6,9.322042403188222,3,0.0,0,0.0,0
514,50.04800424889297,4,5,9.79723536407932,2,0.09381285229864056,0,0.0,0
515,19.315657073600963,4,7,0.1505320575557647,3,0.033422538447632655,0,0.0,0
516,25.473905089997835,2,3,6.709936254979567,2,0.999813010868374,0,0.0,0
517,51.02135792317237,4,6,24.65996517488301,1,0.9603076656796877,0,0.0,0
518,22.099850712087175,4,4,2.183519810550873,4,0.5658133559861542,0,0.0,0
519,63.89313270522646,1,4,7.76851324732278,2,0.711131021405264,0,0.0,0
520,27.507522299592317,3,2,3.0828347166679517,5,0.23461496711542879,0,0.0,0
521,35.045536880947495,2,3,7.800418137880589,4,0.4350395561558808,0,0.0,0
522,40.92191818612557,3,3,5.80194105092214,3,0.9705310709648847,0,0.0,0
523,57.02856928750437,3,1,4.188255373317891,7,0.9998640959083355,0,0.0,0
524,61.17258687271995,4,4,5.27372483573342,6,0.7318085702537359,0,0.0,0
525,56.658426899285296,4,3,15.062341682372823,7,0.9999537611887805,0,0.0,0
526,51.98414141243546,3,1,2.085463414047142,4,0.4940423873866313,0,0.0,0
527,43.59012522042178,1,3,17.07753790338786,7,1.0003521251232665,0,0.0,0
528,48.14193324661162,4,6,7.235088096892278,7,0.9998822385924531,0,0.0,0
529,48.457861760589815,5,2,13.170987613384746,2,0.9384337961461202,0,0.0,0
530,55.693593820214815,3,6,9.16024934460617,7,0.9995419627509796,0,0.0,0
531,43.729649856814405,3,4,13.718602392141571,2,1.0005366216833589,0,0.0,0
532,49.77069381911723,4,6,11.483319383634997,1,0.9951361061390984,0,0.0,0
533,17.840250784694035,2,6,12.6939381967118,1,0.9855954039304492,0,0.0,0
534,44.471394874203774,4,1,4.1542474821680555,2,0.03084415008931085,0,0.0,0
535,48.25200422591173,6,1,5.2952349643549175,7,0.9996786971306459,0,0.0,0
536,63.204161588905805,4,1,13.05041037941772,7,0.9992304492270192,0,0.0,0
537,36.8178616482319,1,6,18.81573054806548,3,0.9999874068755703,0,0.0,0
538,38.58110528980495,4,1,5.919842090663295,2,0.5020356244319552,0,0.0,0
539,33.3620175520585,6,1,5.547036944586378,2,0.4989592160102059,0,0.0,0
540,42.365858164003114,3,4,0.0,2,0.40626366493389354,0,0.0,0
541,36.91923109971483,3,1,11.396611606641695,4,0.9999501851321216,0,0.0,0
542,38.69046125834128,3,1,10.454590702837788,2,0.9996414241308763,0,0.0,0
543,36.165327744681115,3,2,21.374212189549485,7,0.9998727153609432,0,0.0,0
544,54.696791362435604,3,1,1.6503818156338248,2,0.24897271445719782,0,0.0,0
545,25.2795695803999,4,3,6.118306163154741,4,0.5001329514829812,0,0.0,0
546,51.70337109476795,2,6,15.625245281873216,5,0.3269415425576523,0,0.0,0
547,68.05986920967436,4,5,12.726429576847709,7,0.9997827075731411,0,0.0,0
548,55.97941583152783,2,6,7.190073838280313,3,0.32911312462708936,0,0.0,0
549,42.9615055143355,4,2,15.906075436030806,7,1.1021307354093777,0,0.0,0
550,52.50520998083118,3,1,12.803901928430133,2,0.9993361112833508,0,0.0,0
551,34.6948347222464,3,3,19.99859455057173,5,0.6914304403758151,0,0.0,0
552,43.02687548967805,3,2,18.050134716306445,7,0.9991608230087252,0,0.0,0
553,16.318993803512356,1,5,5.249038292912037,0,1.0069183166252902,0,0.0,0
554,28.25465300055556,3,1,5.561567569316846,2,0.30245256015114885,0,0.0,0
555,58.67706932067263,3,2,9.84546396607209,7,1.000090070369228,0,0.0,0
556,50.30452612118522,3,2,14.396717839422386,1,0.9995466996727704,0,0.0,0
557,35.22414250306821,3,6,0.5706841800779046,7,1.014536528613447,1,2856.199539481476,1
558,50.20006875830357,2,2,20.00382504522087,4,0.25425152949803953,0,0.0,0
559,66.0650021439972,4,1,9.257097738043468,7,0.9520168177942885,0,0.0,0
560,31.62602971907343,2,3,12.399771875523207,3,0.9999438101661782,0,0.0,0
561,52.048558061456525,1,4,14.986332416065567,2,0.3273374190108985,0,0.0,0
562,25.63278388189975,4,5,17.939613026675307,1,0.5457508018156663,0,0.0,0
563,54.77846163446338,5,5,0.48166656662615104,1,0.5822345821643929,0,0.0,0
564,20.171326605431403,4,6,24.473296087435045,1,0.9982279096453492,0,0.0,0
565,37.57468676710077,2,4,20.0106477091418,7,0.9688194348569072,0,0.0,0
566,41.270990944408005,2,6,18.203860996608476,7,0.0,0,0.0,0
567,59.09562271600992,4,2,19.990016684011508,1,0.693825833357693,0,0.0,0
568,29.403506722932274,5,1,11.85989769202657,7,0.44103020838800194,0,0.0,0
569,47.962643116642674,2,1,12.464636919481622,1,0.18916354029444227,0,0.0,0
570,62.8976287696118,3,3,2.1457144111308573,2,0.9999877615709364,0,0.0,0
571,39.4318157282875,4,3,5.574348614571786,7,1.0007166392854117,0,0.0,0
572,45.77524064015446,3,4,9.348372430929086,1,0.5302618492528947,0,0.0,0
573,27.16786643541606,3,6,11.175493086797212,6,0.3102893615657321,0,0.0,0
574,65.11958766525515,5,5,19.70723316450141,2,0.20188376211930453,0,0.0,0
575,53.938927433862155,3,3,7.468638515286155,2,0.5002526558306158,0,0.0,0
576,56.200974435673245,1,4,5.696174208423608,4,0.34529534697948294,0,0.0,0
577,46.64589209632189,2,3,9.835816931496183,6,1.0002950056967426,0,0.0,0
578,22.219168523272096,2,6,9.445680111582767,2,0.09091158293948853,0,0.0,0
579,28.60147866653881,2,3,8.185585372248637,3,0.2333077491076448,0,0.0,0
580,57.9766979193297,3,4,15.136820613978982,7,0.999882322475264,0,0.0,0
581,40.265520508498426,4,3,10.766846190535349,4,0.9995077437611497,0,0.0,0
582,47.83389094197679,2,1,3.750583929723904,3,0.27720148972886755,0,0.0,0
583,49.0196883478137,3,1,9.645320922458396,3,0.9999673451337979,0,0.0,0
584,66.15178513335735,1,4,2.4429246201805537,7,1.0004470229731173,0,0.0,0
585,24.293891869952144,2,5,13.44734172260449,1,0.312452998021237,0,0.0,0
586,36.34035032918788,2,3,21.80420540881115,3,0.9998100201733271,0,0.0,0
587,35.75790287960898,6,6,13.899119355373154,4,0.8333624703987637,0,0.0,0
588,28.673062661426183,3,1,6.381731118571533,4,0.5042135597785338,0,0.0,0
589,31.21457014796283,4,1,7.288710854110451,3,0.49638587389689537,0,0.0,0
590,39.82267579419882,5,6,15.767489261400453,7,0.8097767442314903,0,0.0,0
591,26.6122430354593,4,7,2.1055803502800874,3,0.0,0,0.0,0
592,37.83886166128073,3,2,7.531756677334311,1,0.3286317828076811,0,0.0,0
593,30.132617548465,4,3,11.641918235279174,3,1.0002042873392285,0,0.0,0
594,39.318633095499635,2,2,7.629300882151705,7,0.9997384749097342,0,0.0,0
595,40.70410988755992,4,5,19.68950995270122,6,0.20318842893370875,0,0.0,0
596,42.50583146390619,1,6,12.946973712043047,7,0.9999517048209792,0,0.0,0
597,69.79923717164056,5,1,0.0,7,0.9902897958126414,0,0.0,0
598,44.904623348818475,2,2,15.927390938199473,3,0.9942742798879678,0,0.0,0
599,26.374398499915454,4,2,13.498413795363325,6,0.4644658472831169,0,0.0,0
600,29.548979441472703,2,2,11.72560044469985,7,0.9999416766354772,0,0.0,0
601,38.49775305727665,3,5,1.5711911481951741,3,0.5331574480964676,0,0.0,0
602,41.411687893622535,1,3,0.0,6,0.6716808201310238,0,0.0,0
603,40.14978634581169,3,6,9.468793722505012,7,1.000279523115225,0,0.0,0
604,53.17656475945196,3,5,7.833664195571336,1,1.1144337589621873,0,0.0,0
605,38.357838591055575,3,4,15.034169084096854,1,1.0000795816839478,0,0.0,0
606,49.581843117772664,1,5,13.32323372237835,3,0.44718941716952776,0,0.0,0
607,44.15771443569018,5,3,16.6245683792181,3,0.3938445593315713,0,0.0,0
608,46.51278730694035,3,4,20.765438303931106,7,0.8139746182005732,0,0.0,0
609,49.462160978157414,2,6,7.13897664396859,7,1.0189221435017348,0,0.0,0
610,49.16375703771026,5,6,15.511265680375423,3,0.28235091795423245,0,0.0,0
611,54.83600787501296,3,1,19.061283637429973,7,1.000210449521661,0,0.0,0
612,44.15728872283653,2,5,13.059731840279056,1,0.015686896016644525,0,0.0,0
613,35.95099220372612,3,2,10.994512581016558,3,0.2006000102608167,0,0.0,0
614,18.478862580621797,4,3,4.325121211438253,2,0.6960483644430686,0,0.0,0
615,40.36480860699612,3,3,20.002034231631548,4,0.12056279364658817,0,0.0,0
616,36.09871362501838,3,3,16.0238587517321,2,1.0003473738368593,0,0.0,0
617,54.24929649071271,4,5,19.132556565955618,3,0.9999227891800221,0,0.0,0
618,51.36354240240469,1,3,6.182057115349302,4,0.4980218207822449,0,0.0,0
619,48.643624786410534,0,3,14.164913083097495,7,0.9999550489744063,0,0.0,0
620,42.99392864253451,2,6,5.7904688606345305,7,0.5194210742010891,0,0.0,0
621,45.745654440384016,5,3,12.395621700574113,7,1.0000174745671353,0,0.0,0
622,47.080547294145845,2,1,6.05823446196814,3,0.4996566740388032,0,0.0,0
623,45.228709564906005,3,5,5.3882752022982014,2,0.9604065518414717,0,0.0,0
624,53.09024126117794,2,3,4.176256602410297,7,0.9995335372656722,0,0.0,0
625,55.0306318358215,3,5,10.276030973784573,7,0.4412003628374932,0,0.0,0
626,57.552544051344434,4,1,0.0,7,0.9997476749117127,0,0.0,0
627,44.419305073433634,3,3,4.5428635794889205,5,0.14585344206822293,0,0.0,0
628,54.71199145946477,4,6,15.945857217256656,5,1.0006139618777772,0,0.0,0
629,33.913662107928296,4,6,13.094656796835297,4,0.667741164264933,0,0.0,0
630,46.76493685434033,4,3,7.168262143259469,7,0.7928086585424945,0,0.0,0
631,36.171391122839296,1,6,4.188796458757753,7,0.9996201775607123,0,0.0,0
632,70.52863467804352,3,4,18.99657560692579,4,0.441240803745147,0,0.0,0
633,20.554686842460704,3,1,11.252272377808074,1,0.9982066983850411,0,0.0,0
634,47.84225908630655,2,3,16.919942776253755,2,0.5859962174465012,0,0.0,0
635,44.724821161696795,3,7,12.781048143429162,7,0.5907580807467264,0,0.0,0
636,56.4965169130714,3,4,3.338301135294869,1,0.20942466933025145,0,0.0,0
637,43.143281414667136,4,5,14.421129388449355,5,0.5010999191846814,0,0.0,0
638,15.683908241175065,4,6,9.259777622216529,2,0.40770151778069663,0,0.0,0
639,44.897957888868746,3,4,19.98876380190163,1,1.0002845630262793,0,0.0,0
640,52.184837124898266,2,4,19.989057168363644,3,0.5042069413834879,0,0.0,0
641,46.62229654803271,3,3,3.556433458595192,7,0.0,0,0.0,0
642,25.469654648936732,2,6,7.504486851213298,4,0.6008442325681662,0,0.0,0
643,41.643197734917024,3,2,13.870378283157034,7,0.14398397637270377,0,0.0,0
644,20.482359342142086,3,3,13.386905180140324,2,0.1700566047172285,0,0.0,0
645,49.56564947452345,4,3,9.18247710384714,7,0.9998938165698189,0,0.0,0
646,32.56860516246814,4,3,6.797104565547043,1,0.4979970947325222,0,0.0,0
647,42.617074993881396,0,4,20.003048762251915,7,0.43179399394751683,0,0.0,0
648,46.511604402619845,2,6,15.987708784011549,2,0.0,0,0.0,0
649,23.73053383760283,4,3,18.068761160781136,2,0.9313142985425795,0,0.0,0
650,32.90935075947488,1,6,1.867848717428826,7,0.9998004868306178,0,0.0,0
651,43.88523128106775,2,6,5.903252339396503,7,0.0,0,0.0,0
652,29.146024975675097,3,3,11.544300930141242,2,0.5092217185365054,0,0.0,0
653,73.204571570779,2,6,13.742142637770225,4,0.7865094016144946,0,0.0,0
654,54.48642448069085,4,6,16.766873964221553,2,0.9997408782992099,0,0.0,0
655,34.69480608806504,5,3,6.2629791500233205,1,0.4992029530897889,0,0.0,0
656,38.21182303100541,4,6,14.818033212514756,3,0.05111102341895324,0,0.0,0
657,61.426680903673756,3,3,18.41639472226813,7,1.010085823215836,0,0.0,0
658,36.61408531795189,1,6,15.662293199895595,1,0.19013186338902938,0,0.0,0
659,48.30264605048124,3,6,15.27337422083681,7,0.9997540860314642,0,0.0,0
660,57.910182832477,5,6,11.408770483593225,3,0.44636128352922644,0,0.0,0
661,47.408543892575,5,1,14.698600908834493,7,0.999907602212879,0,0.0,0
662,55.40803854352497,4,3,2.463117302018299,4,0.4952934264462602,0,0.0,0
663,41.587292578524874,4,4,20.016812260618895,1,0.48454463956045357,0,0.0,0
664,41.33233844961876,5,2,15.894580210201177,7,1.1094948902066422,0,0.0,0
665,29.469716089956624,2,2,20.002631692644876,1,0.9999154388721887,0,0.0,0
666,43.898172587994246,1,3,17.73288253525547,0,0.9996826838721602,0,0.0,0
667,47.722302288873834,3,3,15.528906375278604,3,1.000118559241253,0,0.0,0
668,38.36052593184406,2,7,7.596692060811243,6,0.5657975129015691,0,0.0,0
669,25.05100452040272,3,5,15.551871320352753,1,0.9999338967440217,0,0.0,0
670,24.845458193654466,3,2,6.802096058437075,4,0.6146813618669146,0,0.0,0
671,26.843694976754286,3,3,11.036865016095447,1,0.9997093326442228,0,0.0,0
672,43.824285952862795,4,5,14.447677544403868,1,0.5755641238665598,0,0.0,0
673,57.237845720415436,5,4,19.998629726752768,3,0.499170617798139,0,0.0,0
674,76.51120433965326,6,1,14.610400445593799,7,0.9998712493001705,0,0.0,0
675,49.25326978336748,4,2,11.452462137633562,4,0.3172849979361146,0,0.0,0
676,34.41894956818927,3,3,13.48874766947364,4,0.9996993481156605,0,0.0,0
677,59.107981284661705,1,6,7.425137545926883,7,0.6541727861300711,0,0.0,0
678,74.71356360138367,4,1,5.815067522918186,7,0.9187538609979415,0,0.0,0
679,65.0204719880757,3,2,10.597303348157576,7,1.0004016460121987,0,0.0,0
680,51.356862747787844,5,4,4.441074716043955,4,0.49952544648137653,0,0.0,0
681,42.703399784904214,5,6,17.806550909890255,1,0.9907323229185473,0,0.0,0
682,50.840212289776076,3,3,7.351433408750394,3,0.9991742075000021,0,0.0,0
683,63.67977974729847,5,3,18.73200355252179,3,0.999768313017767,0,0.0,0
684,56.919985408156144,1,5,11.243179262252113,3,0.43580719805476803,0,0.0,0
685,37.61085797175831,4,2,7.379495024228599,7,0.6908460837991509,0,0.0,0
686,62.22346740975952,2,1,10.804778927398782,3,0.9993870475196878,0,0.0,0
687,36.61878070122409,4,2,9.44605356110978,7,1.000076476763565,0,0.0,0
688,44.82874276999459,0,6,12.598778686956773,6,0.5428309076780199,0,0.0,0
689,46.458707859536624,1,6,12.329368409796986,5,0.9070242386301093,0,0.0,0
690,65.14208259815481,4,6,16.40475361618135,4,1.2224653453708296,0,0.0,0
691,36.67501604071122,5,1,12.996745239412006,7,1.0006225924353125,0,0.0,0
692,24.13697265062409,6,6,2.721904748331653,5,0.4418695788284772,0,0.0,0
693,47.245547343785844,4,6,17.998695527417727,2,0.17262302398480756,0,0.0,0
694,60.92477641111991,2,6,10.464067674792469,7,1.0002332028068077,1,2506.6973022553216,1
695,55.78141632862893,3,5,21.592743063888257,4,0.5026953437154721,0,0.0,0
696,36.12674810129754,1,7,8.961544327420942,1,0.40545261251509956,0,0.0,0
697,48.45508016160951,3,4,19.999023670584343,1,1.0001884721901915,0,0.0,0
698,83.37433651040024,1,5,2.823292347779276,8,0.9935497389890235,0,0.0,0
699,25.610451258502565,1,7,2.160678844890029,2,0.0002127718658371247,0,0.0,0
700,43.10193148062824,5,6,12.252411872451619,7,1.0001117815295186,0,0.0,0
701,58.55553274074934,1,4,19.99589219308809,1,1.00044191468989,0,0.0,0
702,69.21978926298979,5,4,17.563279527273423,5,0.8805796521512518,0,0.0,0
703,43.23585511087365,3,2,17.78657076467781,7,1.0000983880691834,0,0.0,0
704,41.59608705536194,3,3,9.8483500134653,2,0.9995391184634754,0,0.0,0
705,40.94527838559437,2,6,9.58519477829673,7,0.34991396295897553,0,0.0,0
706,65.22250223254962,3,1,8.42118978654222,7,0.5092092890382645,0,0.0,0
707,48.695505463793864,1,3,8.957818781107164,2,0.5002510381189285,0,0.0,0
708,33.78744738818812,4,6,10.271992979141839,1,0.962959966839245,0,0.0,0
709,40.81574400707951,3,6,9.237111057033212,7,0.945150690118504,0,0.0,0
710,58.78456270006707,3,3,2.418920371238638,1,0.49999164556024744,0,0.0,0
711,48.76729862499704,4,4,13.206270352865964,7,0.39009195928949275,0,0.0,0
712,51.05473389333507,3,3,19.486193555625174,4,0.9999315913810105,0,0.0,0
713,18.156313441818963,5,6,16.94656499132254,7,0.4865465661349224,0,0.0,0
714,62.941733862499675,5,6,12.296881621290698,3,0.4473621700327828,0,0.0,0
715,28.688276525024676,6,3,11.407464612143436,4,0.49969061023053035,0,0.0,0
716,25.98205801769339,1,4,16.931631969300092,0,0.8345988258268978,0,0.0,0
717,59.03736212178856,2,3,14.627117922128184,7,0.9997876195284462,0,0.0,0
718,44.8836592554043,3,2,0.7235838899514082,7,0.999781804075907,1,1937.4745975975015,1
719,55.037945072879594,4,5,13.10213671430612,2,0.22679792676454208,0,0.0,0
720,54.41260836138222,3,2,0.38444140571186836,7,0.9998689867001833,0,0.0,0
721,67.06093119124168,5,3,12.666990435199471,6,0.5020159994112658,0,0.0,0
722,40.11088225577161,2,5,19.996693709086536,1,0.9999231816705071,0,0.0,0
723,52.639824899360555,3,6,11.72043186945471,3,0.8070482070136369,0,0.0,0
724,43.92150871422474,0,6,16.976384124462115,4,0.7393046573108144,0,0.0,0
725,48.90946664635328,2,6,3.8873331681154735,3,1.0000481052449142,0,0.0,0
726,51.314232686231776,2,4,4.899845692474112,7,0.24922782318683478,0,0.0,0
727,76.75103259940093,1,3,4.606876529339931,3,0.12977614520046343,0,0.0,0
728,44.84033875965565,2,1,15.495435880773925,5,0.5019434737125699,0,0.0,0
729,37.73401381457171,3,6,10.173241852044693,4,0.9331859193296086,0,0.0,0
730,28.776036110436394,3,2,12.558684089723595,1,0.3774138013253097,0,0.0,0
731,62.27126335524335,2,2,3.9439920043352545,5,0.648553013644728,0,0.0,0
732,41.59874490401737,4,2,19.99475545106843,1,0.7742135699430268,0,0.0,0
733,35.55400030899923,2,3,14.992930540816099,3,1.000569608608042,0,0.0,0
734,65.40246930439741,3,1,3.9018323243027666,4,0.4708877051469115,0,0.0,0
735,31.454709487686134,2,6,18.0019139439345,4,0.9998721911205126,0,0.0,0
736,49.38454494986117,1,3,10.711227305674058,7,1.0001652786287614,0,0.0,0
737,33.71822890187436,3,6,1.8619545888002822,7,0.9999803455679597,0,0.0,0
738,54.464057465759396,1,6,5.878518109718884,7,0.9995591780439085,0,0.0,0
739,61.34620313655954,4,4,20.005630321634083,7,1.0002728750569625,0,0.0,0
740,34.4797385894189,5,6,16.823976134544502,4,0.557020697086481,0,0.0,0
741,38.72501910132001,6,3,15.83319396655645,1,0.8802224430670256,0,0.0,0
742,55.39191342449163,3,6,15.453809425030144,7,0.999689217837592,0,0.0,0
743,24.118643134664556,4,6,0.0,6,0.4299230653702766,0,0.0,0
744,18.278626954323116,3,4,9.029471835574656,2,0.9997417965737647,0,0.0,0
745,42.896789363537756,4,2,4.217634107966431,1,0.40567645359565885,0,0.0,0
746,39.95766653646466,3,4,19.988256505102513,1,1.0002335930905086,0,0.0,0
747,46.666182181734115,3,3,9.882447254406197,6,1.000025175384036,0,0.0,0
748,59.22955051107604,3,3,13.411064109190336,3,0.9993443661083443,0,0.0,0
749,30.25188441814857,1,3,1.5812426385292007,3,0.6039997911049724,1,28528.556506560646,1
750,20.417656487357316,4,1,2.6082103924304647,3,0.6839664250740735,0,0.0,0
751,34.34885749755475,5,6,15.783918771217996,3,0.08771603117290216,0,0.0,0
752,33.65216132374767,4,2,12.343972974116665,1,0.9999421970127644,0,0.0,0
753,20.869241034920197,2,1,11.74911793113355,2,0.7987291906101707,1,1641.6512055375256,1
754,32.70346949113885,3,7,6.9211959345766605,7,0.9995121847948902,0,0.0,0
755,62.076005129881,1,1,13.693567069976515,3,1.0001950202430092,0,0.0,0
756,59.26752539465357,2,1,16.699762920206588,2,0.9999727721852423,0,0.0,0
757,30.196272663622075,2,6,6.253055421922357,1,0.9112226082072871,0,0.0,0
758,32.57310315941322,4,2,19.993219932719086,1,0.45182235395705556,0,0.0,0
759,39.33640547212525,7,4,20.005000816205914,7,0.7033205068724893,0,0.0,0
760,71.04259909743986,3,3,3.4405810129309433,0,0.9306154561654436,0,0.0,0
761,41.649990924960925,4,6,12.033874485962535,2,0.20979796623188895,0,0.0,0
762,47.80774777000764,5,1,17.835904266301263,7,1.000051822935771,0,0.0,0
763,41.85610556184919,4,6,17.090915214409648,2,1.0004997780101883,0,0.0,0
764,28.660559755875227,6,6,6.298580206458057,7,0.9566446365041079,1,653.5444363599131,1
765,43.850470377649984,4,2,10.983003091419635,7,1.000123532834866,0,0.0,0
766,51.95475589877479,4,2,7.533785587423775,6,0.9621794498637131,0,0.0,0
767,34.98996021985364,3,3,19.99889941932406,3,0.3373129999878493,0,0.0,0
768,37.050201803592664,3,1,9.981907694038984,7,0.9993513282881075,0,0.0,0
769,44.417462389707225,2,3,0.0,2,0.9998538648465531,0,0.0,0
770,49.181169457808984,3,1,3.494956514078809,2,0.7280268440053584,0,0.0,0
771,54.69150252248956,5,3,18.596120503685157,3,0.33156874918420465,0,0.0,0
772,41.82826606800331,3,3,12.900676280906817,7,0.7073402572731893,0,0.0,0
773,32.8714597751795,2,1,4.47886323597171,2,0.05550803640759194,0,0.0,0
774,58.694444378407454,3,3,11.192990657152643,7,0.9817505279141596,1,5086.222979837107,1
775,49.022868602476244,4,2,14.89211939347315,7,1.0002008624861383,0,0.0,0
776,46.2710768193668,1,3,2.3768923428406747,7,1.0002259780113862,0,0.0,0
777,11.703578846682039,0,3,14.297090215283315,1,0.9643296411505372,0,0.0,0
778,46.79796981070758,1,5,1.2236308225010522,8,0.6856527802861099,0,0.0,0
779,41.020224564733134,3,2,12.593120694223956,7,0.5837428383473198,0,0.0,0
780,41.136041102531124,4,3,1.6698575372023967,5,1.0081712097840292,0,0.0,0
781,61.662393646513465,3,5,16.505139587644557,7,1.0007778568807533,0,0.0,0
782,30.64823932792794,1,1,5.940811489136874,3,0.4986707621519956,0,0.0,0
783,41.870819491004276,2,6,5.42967271870921,4,0.3140771151807287,0,0.0,0
784,43.89777123427676,7,1,13.679067699465929,7,0.9464522065903327,0,0.0,0
785,27.300231470909914,2,2,17.98295374254875,7,1.0006684828306471,0,0.0,0
786,14.755452646958904,3,5,15.449370204817154,1,0.40910020415263754,0,0.0,0
787,17.1336706038993,1,3,11.443843435052063,7,0.9997890853223163,0,0.0,0
788,45.71487722729229,3,3,14.03276385664569,2,0.9998136662063585,0,0.0,0
789,31.792901585130508,2,3,8.5429438029045,4,0.40586054743601485,0,0.0,0
790,33.08867471715426,6,6,13.797806466781903,0,0.08477214764744045,0,0.0,0
791,63.38590649159323,5,4,3.118560558633196,1,0.4687854142894927,0,0.0,0
792,55.02869283341373,5,6,9.25729426349673,2,0.46893989651597984,0,0.0,0
793,27.447209869035856,2,3,4.6863523964469564,0,0.8564194964211482,0,0.0,0
794,48.012999547326785,2,6,11.476140607744824,7,1.0004789737982416,0,0.0,0
795,14.594604568308817,3,7,4.635056015877908,2,0.22550896470810572,0,0.0,0
796,45.244560640298346,2,2,11.050971814544472,1,1.0001171970171763,0,0.0,0
797,24.56115226966522,3,3,0.0,5,0.4405755921413334,0,0.0,0
798,38.9455304559069,4,3,0.0,7,1.0003654756012994,0,0.0,0
799,41.22167537414525,3,1,0.0,5,0.0,0,0.0,0
800,35.480760070872066,3,3,11.603270372889703,3,1.000320874534506,0,0.0,0
801,46.77608237111289,2,2,9.694056778554124,7,1.0001259901746002,0,0.0,0
802,64.0630582086536,4,6,11.689297800766195,7,0.0985493419490957,0,0.0,0
803,32.78595794504026,3,1,8.557211231983308,3,0.9994823701881324,0,0.0,0
804,39.48185423271772,2,6,6.491207599269502,6,0.24380986038127966,0,0.0,0
805,61.06118267736726,4,3,19.466445870474132,7,0.20697044245560225,0,0.0,0
806,39.55686375113259,2,1,19.990423875918538,4,1.0356637833287476,0,0.0,0
807,53.31619433539396,3,3,5.03711377463251,1,0.9995312379513879,0,0.0,0
808,56.75386756700759,4,4,5.23030680034365,7,0.9772226213183516,0,0.0,0
809,46.44809312917167,2,4,19.978275320492386,7,1.0001802185046356,0,0.0,0
810,74.76411716133154,3,4,20.000143164060336,1,0.4147295079585094,0,0.0,0
811,40.80282720876337,2,6,16.541272538689135,6,1.0000532539965077,0,0.0,0
812,44.92518765516823,4,3,2.970453900251389,2,0.9998948537397088,0,0.0,0
813,49.38138492982574,3,6,14.951377531246205,7,1.0001081426149037,0,0.0,0
814,16.41768718931536,1,4,1.6626897930088695,3,0.10909305966268479,0,0.0,0
815,25.23847118601422,4,4,3.018425958003103,1,0.4948939110551492,0,0.0,0
816,43.59018346614687,5,6,13.682826990764731,3,0.3850455959912356,0,0.0,0
817,30.550537673927337,2,2,11.931008611692558,1,0.26370100382768763,0,0.0,0
818,46.506609769424124,4,3,15.246165053344455,7,0.35239654582833774,0,0.0,0
819,38.302685152123345,6,4,20.00183289255959,1,0.13074161544091623,0,0.0,0
820,53.20174127541057,2,3,1.889640696648902,4,0.030824182278538115,0,0.0,0
821,33.68069312546733,4,1,20.008420732445877,2,0.7778526321176424,0,0.0,0
822,43.9412313048344,2,6,14.203284328338253,7,0.9998848280467856,0,0.0,0
823,15.941976520746014,2,6,2.3396033613650022,6,0.6863568811462744,0,0.0,0
824,47.77385385885372,3,4,19.360061095638027,2,0.5314155714232838,0,0.0,0
825,43.84534008179472,3,2,11.134964650136167,6,0.765342129685904,0,0.0,0
826,50.490603043074934,3,1,13.821541494768983,4,0.19750449382327756,0,0.0,0
827,38.93469483052649,1,1,0.5800357552611732,3,0.5704660943940159,0,0.0,0
828,38.407941848834476,4,2,6.230487754416941,5,0.25105744383602324,0,0.0,0
829,43.51418386624351,2,6,15.994763357187598,7,0.999991504956213,0,0.0,0
830,39.08367406075848,2,3,5.765400644616152,2,0.9995999216507071,0,0.0,0
831,27.824357772510986,6,2,5.658261229941148,7,0.8551951207015552,0,0.0,0
832,45.797504672762294,3,3,5.635632626976329,2,1.0007176184270836,0,0.0,0
833,53.1861223268925,1,3,9.429836362472122,7,1.0005993514203804,0,0.0,0
834,44.445436001062944,5,5,0.0,1,1.1471285680065746,0,0.0,0
835,64.99685345799125,2,4,11.417160823174235,6,0.7389121861626032,0,0.0,0
836,41.3472052595829,3,3,13.504804566001969,7,0.9995528385229567,0,0.0,0
837,11.797770809332292,5,1,0.4523292095106033,3,0.6479557210923919,0,0.0,0
838,41.68471003284254,4,3,5.9077948189635805,3,1.0001454129575453,0,0.0,0
839,66.13606796364698,4,3,9.711365910432196,3,0.49428356846248095,0,0.0,0
840,75.11050787874369,5,3,15.189506167175,3,0.9994883918432167,0,0.0,0
841,42.28509745561874,2,3,15.142921565199266,7,0.9996694360058429,0,0.0,0
842,43.35563541008605,1,3,2.268919358938012,7,0.21400759866937946,0,0.0,0
843,49.616824268832886,3,3,0.0,3,0.9477020837134952,0,0.0,0
844,41.634825274699224,4,4,18.732562688422554,6,0.7067857561016685,0,0.0,0
845,39.656751253790404,4,2,7.777844809827089,2,0.0,0,0.0,0
846,41.493632769071844,2,6,13.743825643242088,4,0.0,0,0.0,0
847,50.70286135243677,5,6,0.7635381708920548,7,0.7360599188402238,0,0.0,0
848,20.31148560293079,3,2,5.6039323362070474,3,0.4135285794949113,0,0.0,0
849,32.00977470592236,3,1,6.61736572670226,1,1.0004008556359307,0,0.0,0
850,46.91812819813171,3,1,20.001456657680855,3,0.20770665658816995,0,0.0,0
851,50.22698325676218,3,6,20.324564319315414,7,1.0001799642374523,0,0.0,0
852,41.636904761358714,1,6,15.9863467900347,2,0.8446946586871965,0,0.0,0
853,38.64495209719063,2,1,19.998497138847164,5,0.7223077429359093,0,0.0,0
854,66.58095215472704,4,2,5.433553399267394,7,0.6064850551250798,0,0.0,0
855,43.65030687792384,4,4,5.171654389793722,7,0.5636273126121034,0,0.0,0
856,41.61109204612729,2,3,4.937242467353793,4,0.3704105166448836,0,0.0,0
857,37.011930838753,5,5,1.8837903256007227,2,0.5052666608770024,0,0.0,0
858,51.43328046211543,3,1,4.488791088686128,4,0.5021059349418004,0,0.0,0
859,58.930330632021644,2,2,6.247267017683198,7,0.999512771429775,0,0.0,0
860,36.715958806888544,2,3,5.354060466996657,7,0.9997565989935316,0,0.0,0
861,40.415788426423404,2,1,18.97358028747787,3,1.0000639973470573,0,0.0,0
862,36.73783801449616,5,1,19.996126197670137,5,0.8202527792809863,0,0.0,0
863,54.92745998967064,3,3,19.99448639115466,4,0.05695352938656406,0,0.0,0
864,51.61864578851394,4,4,19.994532868893398,1,0.38173980033052723,0,0.0,0
865,43.6292752082072,4,1,15.926686438843918,3,1.0003326641493637,0,0.0,0
866,36.64681683717456,3,2,16.073752994914855,1,1.0003361726671642,0,0.0,0
867,32.34340270460554,1,4,11.614435605155057,4,0.22229891289374454,0,0.0,0
868,53.76911997254826,3,3,16.80530538733828,2,0.3402676528260948,0,0.0,0
869,54.57270505228667,3,3,6.623797471152484,4,1.000181370574597,0,0.0,0
870,31.038285868851776,2,4,20.006106295592247,7,1.0003046387940797,0,0.0,0
871,52.43646766546027,2,6,6.4229151047599204,3,0.884094565037097,0,0.0,0
872,59.01982645210624,3,2,7.594952221125733,7,1.0002566142829792,0,0.0,0
873,43.06176928435887,3,3,6.8678697135718485,3,0.43298349376920675,0,0.0,0
874,46.43469968426558,3,4,16.382374378623332,4,0.26308570112219387,0,0.0,0
875,33.25044009161327,3,6,5.8730691665081665,7,0.4190668320563933,0,0.0,0
876,32.72078805018364,4,4,4.150018574033481,1,0.6994632161973732,0,0.0,0
877,26.928209951954866,3,2,19.014576801681287,1,0.9999675052578583,0,0.0,0
878,52.596063603916036,5,6,4.926366717657745,3,0.23321515925581865,0,0.0,0
879,42.05845652796998,3,4,0.0,4,1.0011329924256203,0,0.0,0
880,31.68595281242412,3,6,3.091727036988585,2,0.4606791273283922,0,0.0,0
881,57.710413742049795,5,6,8.942463371967595,7,1.0006548891611304,0,0.0,0
882,50.175757671315964,1,3,17.084833174105164,3,0.9997994394915942,0,0.0,0
883,56.258440258510255,3,3,0.0,2,0.979658897945958,0,0.0,0
884,48.757524864330456,2,6,11.936660836392283,5,0.9991823142189724,0,0.0,0
885,58.73225775023666,2,4,19.984110380867403,1,1.0005014913631145,0,0.0,0
886,25.186673771178498,3,1,16.07405243199866,5,1.000384441533095,0,0.0,0
887,44.82816818280066,2,1,2.1931010528573083,7,0.936696056835239,0,0.0,0
888,37.83289650424315,3,3,7.4377069893261325,7,1.000269944157421,0,0.0,0
889,64.13592949922234,5,2,11.163723371832791,7,1.000545361093617,0,0.0,0
890,43.276451945811225,4,6,5.013165928446658,1,0.024352788443876894,0,0.0,0
891,29.773094358592544,3,2,14.42016015554396,6,1.0001332750490426,0,0.0,0
892,76.22461790375235,3,4,19.065363741469803,2,0.999628461310025,0,0.0,0
893,25.356336419768084,2,6,12.48969311539592,4,0.47306740311254025,0,0.0,0
894,49.352961048882584,4,4,20.001542389660123,3,0.9994172139273729,0,0.0,0
895,48.73603245499318,2,5,19.993521472519014,1,0.9999972689539223,0,0.0,0
896,46.63223603207672,3,1,2.9387039013236507,5,0.5050594481019166,0,0.0,0
897,44.26290105737763,3,1,10.365155965810914,1,0.9997252096536606,0,0.0,0
898,33.8033554299017,4,3,9.110279949141137,3,0.5024538027595983,0,0.0,0
899,38.59298581438065,2,3,8.761484025672779,2,0.5956187674489651,0,0.0,0
900,9.068492531718455,1,4,2.4277352217367874,2,0.7544013373106756,0,0.0,0
901,49.5179654239425,5,2,6.628659307701553,7,0.6631058201594258,0,0.0,0
902,46.22140227866017,3,6,1.9611726124821995,2,0.2601077426938053,0,0.0,0
903,42.51513110412663,3,4,7.121917521824063,4,1.0000665316756692,0,0.0,0
904,59.455088047467164,3,4,19.99340881999845,7,1.0260774035620555,0,0.0,0
905,59.91760815326102,4,1,16.01494523164482,4,0.5067308516483533,0,0.0,0
906,52.4911697298161,1,1,10.982244940441513,7,0.04409704672239889,0,0.0,0
907,46.34879617719963,1,4,9.413198269447117,5,0.8867111097815153,0,0.0,0
908,16.626718436225158,3,4,5.433777231152501,0,0.9997074183832357,0,0.0,0
909,69.71738589183367,4,5,16.91776373142788,7,0.9999973907881758,0,0.0,0
910,47.27436457294176,2,3,13.56850554107963,4,0.5027431437774447,0,0.0,0
911,71.6969611043464,3,3,5.315950606227482,2,0.9997750647197692,0,0.0,0
912,58.41961726144487,3,7,11.6265655735001,7,0.6719976704368253,0,0.0,0
913,32.881990431098515,3,6,17.14659250286893,3,0.9998586245556838,0,0.0,0
914,26.11927032165754,3,6,13.59466382282302,3,0.5020197381447247,0,0.0,0
915,24.401396627855917,3,3,8.846205167347447,2,0.8148896103818063,0,0.0,0
916,28.93380608522112,2,2,11.84315006521078,1,0.999600770735438,0,0.0,0
917,49.127019740650994,2,3,17.21802910278889,2,0.9350054719792091,0,0.0,0
918,53.9338368437666,1,4,19.991098378022258,3,1.000555780107788,0,0.0,0
919,55.14017813690003,3,6,20.45449709389886,5,0.9994741338113854,0,0.0,0
920,47.46211348814107,2,3,7.083483108163243,2,0.9994836450935627,0,0.0,0
921,29.606162746232997,3,7,3.460207204910983,7,0.5286986645798328,0,0.0,0
922,24.070709251000533,3,3,13.59811817577933,1,0.9996019802165912,0,0.0,0
923,31.69099174528802,1,4,6.435909260559745,5,0.93341368097334,0,0.0,0
924,22.69507665099191,4,4,12.036655395907696,2,0.4108398402581574,1,6725.423473927452,1
925,39.400927871471715,4,6,16.329776176864577,7,1.0005197696102037,0,0.0,0
926,35.3607222892759,3,1,20.650919987976323,7,0.9994588308566332,0,0.0,0
927,35.2499937361466,2,5,19.99318230834415,1,0.8234273195574597,0,0.0,0
928,30.60641104084513,3,1,12.096964981482484,6,1.000161028229542,0,0.0,0
929,29.78475775384596,3,1,8.511716388005835,2,0.0,0,0.0,0
930,54.580168555208616,3,2,12.718442715625867,7,0.8935402461016989,0,0.0,0
931,34.00228047027856,2,6,5.831910842601961,1,0.3372076270362004,0,0.0,0
932,48.6230150858924,5,1,16.57262746016547,1,0.928531098513121,0,0.0,0
933,39.844180301343854,3,6,15.578550637446018,3,0.3726291388724756,0,0.0,0
934,39.39429314186995,4,1,10.400649741903223,7,1.0000757851447364,0,0.0,0
935,48.38621207814963,3,2,12.416295960188387,1,1.000485915170516,0,0.0,0
936,65.67134762911951,3,4,11.664970201672947,2,1.1455910109949188,0,0.0,0
937,35.29874812492632,5,3,3.9831014336071524,7,1.000180190584048,0,0.0,0
938,31.43274620299185,4,7,0.0,7,0.5646092166832708,0,0.0,0
939,55.91099569644615,3,3,0.09005332948719236,5,0.4999885449258602,0,0.0,0
940,39.438326093121766,4,4,13.582542011297893,7,1.0003441632095424,0,0.0,0
941,24.29719059364929,1,6,8.38698105018741,4,0.33669193961214877,0,0.0,0
942,10.176895847645248,3,5,9.177323320479472,1,0.9995681533491291,0,0.0,0
943,45.998407815479766,1,4,23.235524821716055,5,1.078520991015999,0,0.0,0
944,38.50121866874723,5,6,6.666573826885092,6,0.43860646622289723,0,0.0,0
945,39.96882909472857,3,3,19.999773674913733,0,0.7387666035920476,0,0.0,0
946,71.04437840056468,3,5,17.703944662900547,3,0.9997672845650212,0,0.0,0
947,31.15875950684716,5,7,5.126647498632084,5,0.0018372853615421514,0,0.0,0
948,38.373872889198665,4,1,7.5767435434032375,1,0.9994947453451968,0,0.0,0
949,57.22767598755427,3,4,22.02007293175338,0,0.5706441053079213,0,0.0,0
950,43.36404496490905,2,3,9.267533383401268,0,1.00016014440213,0,0.0,0
951,56.28337098169635,3,3,19.540986265865374,7,0.999771561781433,0,0.0,0
952,40.65576449587735,2,5,20.01278014895259,1,1.1921995574872568,0,0.0,0
953,54.76263243731937,3,4,11.231040566385776,6,1.0000699767673717,0,0.0,0
954,59.719948195079866,6,3,13.795868390669725,4,0.06510625958094196,0,0.0,0
955,24.230231251093805,3,2,12.632742331980873,4,0.4596809597917507,0,0.0,0
956,45.17350021520571,5,3,24.306678572525357,4,0.6721034529997002,0,0.0,0
957,26.700520038237727,2,3,10.16353731944803,8,0.9856769545089075,0,0.0,0
958,42.536355295647255,4,3,2.260511556727341,1,0.9752910089137656,0,0.0,0
959,69.40083366186207,3,1,8.554542355223795,7,0.43592064230057387,0,0.0,0
960,58.24461764286094,3,6,15.181348570153608,2,1.000184085352907,0,0.0,0
961,45.89278623446831,1,3,7.773346415511489,3,1.0003870898301206,0,0.0,0
962,38.25984726033608,1,3,3.6316251910724393,6,0.37024587943600407,0,0.0,0
963,35.727396920652836,1,7,8.827323608999308,1,0.4032708506025916,0,0.0,0
964,57.12667188135062,3,4,20.00744653172475,1,0.9996194523656078,0,0.0,0
965,32.05697294965593,5,2,6.929224531545978,1,0.13960793391235626,0,0.0,0
966,25.22493761901885,3,2,7.297105413996359,1,0.04993050480541816,0,0.0,0
967,51.32963675912419,2,6,2.956442885524826,0,0.2430345753934306,0,0.0,0
968,37.67189850588006,4,2,3.8284540959032585,7,1.000378642353462,0,0.0,0
969,43.29876066672329,2,1,4.081438037762784,7,0.33521739078904705,0,0.0,0
970,51.43205238004573,3,5,9.905150330930434,1,0.2654447814169011,0,0.0,0
971,60.998940147066534,2,5,13.538248651198542,3,0.9716969518406997,0,0.0,0
972,64.22163165065062,3,6,17.613884500622774,3,0.30515724261651705,0,0.0,0
973,54.58920514752425,3,4,4.799838331478253,1,1.0000302749521357,0,0.0,0
974,41.15048156225077,4,6,7.5378824828513835,7,0.5176027007250262,0,0.0,0
975,52.01248767821013,3,2,12.892523703011493,7,0.999336900739868,0,0.0,0
976,26.89694700053291,4,4,21.03564181788512,2,0.4507238769791248,0,0.0,0
977,46.19874982776562,3,1,4.716116364725743,7,0.9999916975578588,0,0.0,0
978,21.80441571530831,3,1,21.79906647234736,4,1.0000694643387062,0,0.0,0
979,62.942497069541375,4,3,6.531795445511575,4,1.0000937909405134,0,0.0,0
980,45.46437325301579,4,2,5.974627231040293,7,0.9999749969839375,0,0.0,0
981,17.88841993139965,3,4,11.754219732304879,2,0.9997226461230756,0,0.0,0
982,26.686280203599935,3,2,6.045414679884466,3,1.0419420696564474,0,0.0,0
983,40.32106032096896,0,3,9.801088218247143,1,0.35244742715025534,0,0.0,0
984,19.828456757659858,1,1,19.392301345061718,2,0.4992648148108457,0,0.0,0
985,54.5393250804481,2,6,17.02122306350313,6,0.2993085471347557,0,0.0,0
986,55.755112420216456,4,6,15.153212845717807,5,0.9999871101434312,0,0.0,0
987,56.40115864102643,3,4,13.316907684747871,2,0.7828395709910307,0,0.0,0
988,55.11369363611044,2,5,4.006324395278655,1,0.2589152672586582,0,0.0,0
989,49.31048928019223,2,3,5.501243741997325,1,0.5404036800868992,0,0.0,0
990,56.190586871974375,3,1,0.8650217493358383,0,0.9241799964968689,0,0.0,0
991,34.77773514472318,4,3,15.780299966492667,6,0.33599754629138595,0,0.0,0
992,54.44635988429394,2,1,10.596382814443622,1,0.501609753181626,0,0.0,0
993,61.374963794116425,2,3,17.877316015895346,7,0.9408245630525447,0,0.0,0
994,45.04345255730211,3,6,2.114622933864137,2,0.5528363698039364,0,0.0,0
995,52.44572299535521,4,1,19.994871433165226,6,0.4831596953037556,0,0.0,0
996,43.49890959390523,3,6,13.313931699807387,7,0.6206079775390598,0,0.0,0
997,38.80607055246262,2,6,11.484310740279843,3,0.9996161549842384,0,0.0,0
998,50.110158893230356,4,1,22.64372828774159,7,0.9775239717283906,0,0.0,0
999,34.032022039180404,3,3,8.760150740754195,6,0.9998862154892741,0,0.0,0
1000,44.41195731002866,1,3,10.319371348817558,4,0.4968264462733618,0,0.0,0
1001,65.66743494466216,2,3,12.925720663779092,7,0.999650144086068,0,0.0,0
1002,51.3855989301762,6,3,7.87383110702232,1,0.8620437428735587,0,0.0,0
1003,33.894603273161835,5,5,2.357205825071855,1,0.8040043581977734,0,0.0,0
1004,33.4572906487828,3,3,12.080198671269759,4,0.5954843601773752,0,0.0,0
1005,19.65370911888716,3,1,12.633241595174095,5,1.0001221349565992,0,0.0,0
1006,40.22772884541549,2,1,5.223080718345142,4,0.49525423935805263,0,0.0,0
1007,64.25726975608754,1,4,19.992758454823765,1,0.7606984703910251,0,0.0,0
1008,26.1300223581165,4,3,3.4979665063176233,2,0.5000331709684817,0,0.0,0
1009,54.05035502036764,4,3,14.154257994287065,4,0.9993170313923261,0,0.0,0
1010,40.309740328751744,4,2,5.62840320419173,7,0.9998565971577782,0,0.0,0
1011,43.187383317052785,4,2,12.06131294790275,7,1.0000734213418605,0,0.0,0
1012,46.383141266381074,5,1,20.654531024293313,4,1.0002044122801748,0,0.0,0
1013,57.581349041958795,2,4,10.99244855053908,1,0.9276056141064116,0,0.0,0
1014,28.58740494755609,3,1,8.79750746641146,7,0.11254872465003907,0,0.0,0
1015,60.30108016157412,2,2,12.057936053708497,7,0.6658093376602667,0,0.0,0
1016,55.47503351395074,4,1,15.088365598066957,2,0.9520815214167815,0,0.0,0
1017,45.31657662760108,1,3,11.18273831806399,6,1.000261845670373,0,0.0,0
1018,31.75764801368549,3,2,3.466675666766796,3,0.19055500005935883,0,0.0,0
1019,32.3419255716466,3,4,18.405118551018663,4,0.46744026382024184,0,0.0,0
1020,41.0578291941648,3,6,22.051203315154694,2,0.9995170289110589,0,0.0,0
1021,35.41597360581781,3,2,19.68177963828324,1,1.0000250044964611,0,0.0,0
1022,34.14053849806739,3,6,4.744535389886869,7,0.99926853392682,0,0.0,0
1023,59.09107108736609,5,1,3.8791079523135776,5,0.9458322526061997,0,0.0,0
1024,47.90628665086816,3,2,4.856516301349361,7,1.00006813325622,0,0.0,0
1025,56.058666305862424,3,2,11.200189508081305,1,1.0001122756560417,0,0.0,0
1026,52.031502678179265,1,5,0.0,6,0.20622735478317633,0,0.0,0
1027,58.27387883230252,2,2,5.472596284465413,7,0.6833822878206364,0,0.0,0
1028,47.54314945213223,3,1,7.281879704869173,3,0.9999745796484889,0,0.0,0
1029,56.745946882397284,5,4,22.04530447140334,2,0.8761098791385965,0,0.0,0
1030,37.71418069704583,2,6,18.036378951114084,7,0.9997031867641601,0,0.0,0
1031,44.07260569597935,4,5,1.688783373561554,1,0.7329492456071804,0,0.0,0
1032,24.50678044480937,4,5,5.691513065570621,1,0.9999953734332971,0,0.0,0
1033,41.25691827268138,4,2,14.441674728584575,2,0.2975306063260343,0,0.0,0
1034,16.037463201452688,2,1,4.903752654857971,4,0.39167186835270235,0,0.0,0
1035,31.285321116025884,3,4,5.818297369735973,1,0.35821375386374854,0,0.0,0
1036,68.4717244840486,3,3,12.690940739866457,3,0.9892679178357429,0,0.0,0
1037,39.95170866210556,2,3,5.678704897561563,2,0.9531314060926902,0,0.0,0
1038,55.47972763866021,3,5,15.059799851883582,7,1.000567553941388,0,0.0,0
1039,74.91900408025202,2,6,16.167331859965785,7,0.9997238538275747,0,0.0,0
1040,56.576940985388006,3,3,13.8703473865275,3,0.49934636295703816,0,0.0,0
1041,43.74055904450519,6,6,5.12751893959671,4,0.3190203664033522,0,0.0,0
1042,43.018015473916314,3,1,16.233645566932637,1,1.0000880387370958,0,0.0,0
1043,29.13469694383774,3,3,9.772436983628705,3,0.5018527406011171,0,0.0,0
1044,54.57137568841981,4,2,13.938868259487956,1,0.9999297941518386,0,0.0,0
1045,24.478394687929196,3,6,3.901285375539553,5,0.8323163590255784,0,0.0,0
1046,44.11171131586988,4,1,12.399371803709819,2,0.32924721829509457,0,0.0,0
1047,37.15166490805113,4,2,11.32363843756156,6,0.5379796847566736,0,0.0,0
1048,40.0449808428745,6,3,5.131777371943071,7,0.23923868207373666,0,0.0,0
1049,68.91479613577786,2,4,11.646533774923332,7,0.9031099387990915,0,0.0,0
1050,45.202989749210985,4,3,0.0,5,0.9461961764080162,0,0.0,0
1051,19.118268415297717,2,3,5.770153381573119,2,0.6588907450864665,0,0.0,0
1052,48.09092891886143,2,6,0.18385036466892224,7,0.56585448998291,0,0.0,0
1053,58.086799066510046,5,2,14.300915498743631,7,0.5052010705501416,0,0.0,0
1054,27.61669468589522,2,1,20.011824036375906,1,0.4531275853353228,0,0.0,0
1055,61.784119013529036,3,6,12.989685329384608,7,1.0004502317835682,0,0.0,0
1056,34.74990207628468,4,3,0.0,6,0.787346192895146,0,0.0,0
1057,46.29902257640423,5,3,9.94798227458867,2,0.28558701247204693,0,0.0,0
1058,54.70106519488135,3,3,13.611653073562302,3,1.0000077841819281,0,0.0,0
1059,45.4326818494396,4,1,10.359732383162523,0,1.0002253259397746,0,0.0,0
1060,41.65434454736091,3,1,14.24467641051425,4,0.5000054342822294,0,0.0,0
1061,46.08817489723829,1,6,14.744611282412063,2,0.9978958290605999,0,0.0,0
1062,18.37507876243053,3,2,20.00495348544048,1,0.3931998115942084,0,0.0,0
1063,43.008976315902125,2,1,20.004700652935973,3,0.1017043035599815,0,0.0,0
1064,53.87839123248056,3,5,15.431630780496082,1,1.0827973147640044,0,0.0,0
1065,9.453025217698006,1,1,16.138461745755198,7,0.6882650198358716,0,0.0,0
1066,38.70158235391195,4,6,9.303903131782862,6,0.5315734268126284,0,0.0,0
1067,68.13819248524145,4,1,8.6120738283843,3,0.49871763528798135,0,0.0,0
1068,39.61313025462041,3,6,8.770028325120192,6,1.0002604088257767,0,0.0,0
1069,40.146747229731744,1,4,20.002971811661837,5,1.0002763113145783,0,0.0,0
1070,49.28653387823968,4,3,9.377409630663692,2,1.0000919641588006,0,0.0,0
1071,64.60444787497985,4,3,20.002259875488036,1,1.3157909178289116,0,0.0,0
1072,44.025916112241646,3,4,11.782193043013399,1,0.9998432190586856,0,0.0,0
1073,47.597089026980704,6,3,6.797875958177813,3,0.4975487669714212,0,0.0,0
1074,45.437695595726694,4,3,9.567810648613733,7,0.6819657586276053,0,0.0,0
1075,52.74735432028245,5,3,0.504631986189521,4,0.357475660084038,0,0.0,0
1076,23.33397080486166,3,4,20.000362586889317,1,0.5060031426994327,0,0.0,0
1077,49.02843619009156,3,6,18.475720392463767,1,1.0214639236297396,0,0.0,0
1078,38.188173622018546,4,1,5.461806746538405,2,0.21572987474363664,0,0.0,0
1079,52.604348825681654,2,2,13.13684887999918,6,0.9858778931577264,0,0.0,0
1080,28.67606545938402,2,5,1.3952115250508665,6,0.4328886204753658,0,0.0,0
1081,46.626411800992074,1,6,13.979591214970405,7,0.9999703118956161,0,0.0,0
1082,60.230325714530466,4,3,13.797874399154725,7,1.0003113948214866,0,0.0,0
1083,6.355492552106767,1,5,18.893507326178288,6,0.15826294131583007,0,0.0,0
1084,20.571621221234455,4,3,20.241201694329682,4,0.5022211173462294,0,0.0,0
1085,65.86622525402288,3,6,22.413471100746712,7,0.15434225531072454,0,0.0,0
1086,68.69775908430194,6,1,11.701878489395984,4,1.0003473359789254,0,0.0,0
1087,60.412292707747966,6,6,11.843764570328647,7,0.3438027624177185,0,0.0,0
1088,34.299408622613335,3,3,10.466112640527006,5,1.0000887017536078,0,0.0,0
1089,64.40197336098865,1,5,4.641273586695616,4,0.9922746541987756,0,0.0,0
1090,48.18886761811699,1,3,13.715138362531498,7,1.0501237692624965,0,0.0,0
1091,58.50036779242441,4,3,13.631919413410776,7,0.9996560539927164,0,0.0,0
1092,38.748156421266714,3,1,11.854577210399778,7,1.0006654172742422,0,0.0,0
1093,27.636964293169154,4,3,0.2678857420932381,2,1.000353521231131,0,0.0,0
1094,46.00420289419273,3,3,13.873026022900978,1,0.4982122786850848,0,0.0,0
1095,20.360687287590896,2,3,5.853177021644847,1,0.24969699975715404,0,0.0,0
1096,19.838242157965393,7,2,3.0796527073756863,3,0.5222860418291088,0,0.0,0
1097,16.20595953302228,4,4,6.371959561559194,6,0.4017765338097216,0,0.0,0
1098,58.41664963754569,2,4,18.193365473555083,4,0.5736597747098877,0,0.0,0
1099,25.94348704909217,4,2,5.95477284087673,1,0.9155902181697234,0,0.0,0
1100,58.338153646199956,3,2,10.16109192574958,1,0.3883449352139622,0,0.0,0
1101,30.45779042106028,1,3,18.318029268889276,7,1.0004963195977952,0,0.0,0
1102,39.8409721076421,2,6,14.635165271133683,1,0.0,0,0.0,0
1103,66.11722119145205,4,3,11.968164328472621,7,0.571436705183607,0,0.0,0
1104,58.95613461403281,3,1,12.644198068240609,7,0.9999119760902465,0,0.0,0
1105,62.64490320797512,3,1,0.3795547996990791,5,0.306605712757301,0,0.0,0
1106,53.45893882629371,4,5,17.193094717084833,2,0.7440003952046311,0,0.0,0
1107,48.57566018857253,6,2,13.913708859568846,3,0.9653666084561121,0,0.0,0
1108,65.50552419849306,3,4,3.1316260230150696,7,0.9244624196957958,0,0.0,0
1109,53.61000308502577,4,2,9.618352147226096,3,0.07827083795225276,0,0.0,0
1110,22.2820443677787,3,4,21.43660200710807,5,0.002182450665029201,0,0.0,0
1111,35.37732738882117,3,3,13.572761566926426,2,0.7286596124151481,0,0.0,0
1112,62.58007728150994,1,3,7.771914634860012,2,0.6930956181569469,0,0.0,0
1113,18.32639550748897,4,3,3.0444650423672055,7,0.6707663152032536,0,0.0,0
1114,53.69616795630743,1,3,9.331284354985513,7,0.9998267836712391,0,0.0,0
1115,41.99512739501951,7,7,11.321177539396517,6,0.20023266981411109,0,0.0,0
1116,32.3464129405535,3,1,0.3420450926887355,4,1.0004083601059415,0,0.0,0
1117,36.30329503997259,3,6,5.311415118283578,7,1.0005471469722946,0,0.0,0
1118,60.097626274872454,3,4,15.18167977499256,3,1.0001935080400832,0,0.0,0
1119,31.00258357658446,6,6,18.404409424824404,3,0.4981437603115154,0,0.0,0
1120,33.051207458438824,4,3,13.11771286190254,5,0.30495298923357445,0,0.0,0
1121,36.867138278089115,2,3,6.557814424537836,4,0.9997411614618281,0,0.0,0
1122,37.492829344288495,3,4,6.414026975188835,2,0.4178042287437721,0,0.0,0
1123,51.562930938176535,3,2,9.183244728065633,6,0.9949591195688923,0,0.0,0
1124,51.38216296994548,4,1,11.412338530180348,4,0.305150581211859,0,0.0,0
1125,49.690461941349504,4,6,19.858422917377805,1,0.9611885612097512,0,0.0,0
1126,47.56985912858019,4,6,14.450591460488287,4,0.6767987413327486,0,0.0,0
1127,25.469798946881124,5,3,5.767646244247797,1,0.9804529680733898,0,0.0,0
1128,68.126096845959,0,1,12.562814454648787,5,0.999775599467261,0,0.0,0
1129,25.957184344467123,3,2,9.524208993039212,3,0.33058527115551417,0,0.0,0
1130,34.52296576541244,3,2,15.982787480674633,2,0.25220588895681034,0,0.0,0
1131,14.970139199206848,3,5,13.96925300391057,2,0.9999640872856874,0,0.0,0
1132,47.03358259065371,5,6,13.251269707272844,4,0.9999310976612577,0,0.0,0
1133,52.979170745623264,4,2,0.030997118828343773,4,0.4770901503712145,0,0.0,0
1134,36.32577401985286,2,3,10.660649117000327,3,0.42788181474632003,0,0.0,0
1135,50.65423434980687,3,3,15.917372155675316,1,0.9999944494974304,0,0.0,0
1136,35.10060683822655,2,2,9.960192884798225,6,0.10457742986611163,0,0.0,0
1137,40.1560231631337,3,3,27.94010557072434,1,1.0002300809760007,0,0.0,0
1138,43.033172244170125,2,5,5.535932490469044,7,1.0000123526402152,0,0.0,0
1139,60.55793106928073,3,3,0.0,4,0.49862913758164057,0,0.0,0
1140,51.78083578199319,3,1,11.049546912907008,4,0.49878453984234217,0,0.0,0
1141,40.043727153507746,5,4,6.969728299226133,1,0.37026199222340456,0,0.0,0
1142,24.807832192989693,3,1,21.67478211012132,7,0.06249503654310096,0,0.0,0
1143,44.49672290933813,4,5,19.145006734885925,1,0.4599564785708802,0,0.0,0
1144,51.455899489789715,7,5,0.4331426712929769,1,0.0,0,0.0,0
1145,36.95466641985342,0,3,9.22543555151508,3,0.31193767909123177,0,0.0,0
1146,50.37624986289627,3,5,18.06119847816935,3,0.9998976447937457,0,0.0,0
1147,37.13408383509271,3,6,4.420451827168814,3,1.0000437540993807,0,0.0,0
1148,24.10498279366093,2,6,2.366504313869788,6,0.32233699974181,1,78219.01967846442,1
1149,76.3541753827501,3,4,16.447828551128357,5,0.6958028650718031,0,0.0,0
1150,24.710249750427636,4,1,10.850498825918788,0,1.0001034886910412,0,0.0,0
1151,48.82512442449345,4,4,8.44625021329421,1,0.5788362549142603,0,0.0,0
1152,47.065942065226736,2,2,12.583836636291277,7,1.0000373641254272,0,0.0,0
1153,49.18992724256735,2,2,5.84093883565068,7,1.0004504368029554,0,0.0,0
1154,37.10821431309132,4,5,0.41741585433114103,6,0.10149450428252083,0,0.0,0
1155,68.07982626470935,4,3,19.192758908713536,6,1.0003059754290027,0,0.0,0
1156,10.581788085700307,3,4,19.98843896257143,1,0.6174674200752857,0,0.0,0
1157,49.993603740891636,1,6,10.52470802552141,7,0.9998579647362771,0,0.0,0
1158,52.82562252667083,2,3,2.271454092002802,3,0.9993349087222756,0,0.0,0
1159,54.787203525806895,3,6,16.474703073677368,7,1.0005747348394558,0,0.0,0
1160,62.137657964214,3,7,14.080190381878847,3,0.967126151367504,0,0.0,0
1161,55.13077824098613,2,6,17.82791528799307,0,0.872952418491092,0,0.0,0
1162,19.737731371357537,4,6,9.722130250655521,7,1.0002728847335138,0,0.0,0
1163,33.585855544795926,4,4,9.745099942509883,7,0.9996139030340508,0,0.0,0
1164,53.6445436087095,5,6,13.060712694773288,2,0.4803257579311875,0,0.0,0
1165,57.20450696723249,4,2,9.017414208889743,7,0.9999191502966029,0,0.0,0
1166,44.37879718371507,3,2,6.25941015088637,3,0.21637978324721474,0,0.0,0
1167,24.083280485922998,0,6,8.999407844141798,1,0.32074386434212415,0,0.0,0
1168,41.770926846945585,4,1,4.5033333237408115,6,0.9695849602650515,0,0.0,0
1169,60.44903759364881,3,6,13.947260448582515,7,1.0003173290610685,0,0.0,0
1170,47.52115226918344,2,3,5.332189701805403,7,0.9996864975524631,0,0.0,0
1171,15.81398469339592,2,5,11.292531043428484,1,0.9092133169840746,0,0.0,0
1172,38.60698689412192,4,4,20.01039426125942,0,0.5070053853084752,0,0.0,0
1173,51.59670421312767,2,3,15.246772599957577,4,0.41366829862002547,0,0.0,0
1174,46.48746425494502,3,6,18.393400109126567,1,0.956467002313573,0,0.0,0
1175,23.80953619163578,5,2,9.66203434914743,6,0.38416438966920985,0,0.0,0
1176,45.78841432294459,4,3,12.656517217824847,7,0.999997681678421,0,0.0,0
1177,41.94813078700987,2,1,0.0,5,0.9999423520155643,0,0.0,0
1178,46.7802096809466,4,4,13.711430698941456,6,0.48464305049352907,0,0.0,0
1179,29.600800121476674,2,1,15.72705858947933,0,0.8369350785118475,0,0.0,0
1180,25.581702243080173,3,3,9.013064010696953,6,1.000204787152837,0,0.0,0
1181,34.727300080846746,4,3,7.794801486043429,3,0.1567515450578406,0,0.0,0
1182,56.495902211155595,3,1,10.820841362669059,7,1.000306947762251,0,0.0,0
1183,48.02008384331064,3,4,2.232246473650413,6,0.6892165564826144,0,0.0,0
1184,64.33964278463392,4,4,20.002744854961186,7,1.0002284675488475,0,0.0,0
1185,33.44826152947839,3,5,9.222112287459606,3,0.25060823741014904,0,0.0,0
1186,47.923654281397475,3,1,7.994223891304541,7,0.9997702339165604,0,0.0,0
1187,32.276861631734874,4,3,10.545653051091884,2,0.9629312859647325,0,0.0,0
1188,53.47274192756544,3,6,8.816091801970266,1,0.3132881736383615,0,0.0,0
1189,30.005543129225625,4,5,14.540498298208915,1,1.0004313696274267,0,0.0,0
1190,39.219821519859494,4,6,3.385443177917124,7,0.7354564326532244,0,0.0,0
1191,33.85168636021645,1,4,12.00571039045184,5,0.563396464426462,0,0.0,0
1192,46.01418470793069,2,2,12.220450952950715,1,1.000300102069529,0,0.0,0
1193,42.473927772186514,2,2,9.028871861570057,7,0.7122092020402339,0,0.0,0
1194,51.02747333564761,3,1,4.335961492528396,7,0.9999610595265512,0,0.0,0
1195,27.397646285741835,3,4,20.006394267053373,1,0.4661043083576808,0,0.0,0
1196,45.916593065527216,2,6,18.450516734743186,5,0.6012283460778378,0,0.0,0
1197,35.447831080254836,3,3,9.498482919047413,7,0.9999817558695006,0,0.0,0
1198,43.016135928503424,1,1,3.904102286102442,4,0.9999469667742293,0,0.0,0
1199,25.650254220275684,3,2,14.44368566130374,4,0.9933769473931905,0,0.0,0
1200,24.836810503857283,2,5,4.096463577567641,2,0.9580932966112916,0,0.0,0
1201,26.699644385368373,3,6,12.938708799065857,3,0.11031724528057918,0,0.0,0
1202,39.71782997733201,6,1,16.921683324986663,2,1.000590482782737,0,0.0,0
1203,35.422590743995755,2,1,12.284992341456427,4,0.4943729646558093,0,0.0,0
1204,52.52678013588809,3,4,8.469529830879818,4,0.9551010719844323,0,0.0,0
1205,55.07674621365183,4,6,4.329752727732442,7,1.000044218700341,0,0.0,0
1206,29.791027584618988,3,1,16.20330910634193,7,1.0001983553667348,0,0.0,0
1207,20.30278401976709,2,3,17.18364995317952,1,0.9088891428012982,0,0.0,0
1208,55.126212697248846,4,4,4.754745369111986,7,0.18026584751112995,0,0.0,0
1209,51.09363617640435,0,3,2.31461045874512,3,0.3716534932330017,0,0.0,0
1210,38.39460639123391,3,4,21.690994221537036,5,0.322029654541294,0,0.0,0
1211,60.01994286794057,1,3,11.150460063001233,4,0.5030568681943915,0,0.0,0
1212,49.97850844818725,3,3,4.441316373976517,3,0.9997280299445488,0,0.0,0
1213,18.811042445396264,2,5,7.413647421499173,0,0.969252431711268,0,0.0,0
1214,32.215906046249344,1,3,0.0,7,0.6389879289119891,0,0.0,0
1215,5.030711218872533,5,1,9.145043279987801,4,0.4697556030476574,0,0.0,0
1216,55.01904586139274,3,4,20.001131202542783,1,0.28064051815817986,0,0.0,0
1217,35.908513074056835,3,7,7.318147199622479,4,0.46943877660322997,0,0.0,0
1218,36.04249614423061,1,3,6.691933450497951,1,0.8990078114703303,0,0.0,0
1219,59.78856345009254,2,5,13.768452658639289,6,0.5209036747611134,0,0.0,0
1220,52.646758850210425,3,3,7.432506716362383,7,1.0002737306054175,0,0.0,0
1221,40.7947146726016,4,5,14.280429759878224,1,0.489880615541327,0,0.0,0
1222,53.65052110036136,3,1,20.156440469648235,7,1.0001312459648823,0,0.0,0
1223,31.407382833797527,3,3,1.6351833100909285,4,0.5006464175491042,0,0.0,0
1224,52.598865559852555,4,6,16.130963266074936,1,0.9472574183552465,0,0.0,0
1225,48.61249450229621,3,4,19.990566503903985,1,0.7271783494832569,0,0.0,0
1226,63.88187230993837,1,4,16.39577605723057,4,0.8455332903783666,0,0.0,0
1227,42.19820676254819,3,2,13.88708010042757,1,0.9996176842975564,0,0.0,0
1228,46.69931999804657,4,3,0.0,7,0.9996795191564012,0,0.0,0
1229,44.75174736814082,4,6,0.0,4,0.3414735088386731,0,0.0,0
1230,54.4358560906455,5,1,2.5695592787117114,1,0.9934131964601589,0,0.0,0
1231,50.58721966332584,3,2,14.918820221781127,2,0.9997620351551983,0,0.0,0
1232,53.018726927518316,4,1,12.691757698794266,7,1.0002575976601622,0,0.0,0
1233,44.921807933178656,4,3,23.731841082962053,7,0.4975453003395063,0,0.0,0
1234,39.13985980883932,6,4,12.862619365061013,7,0.549393940632199,0,0.0,0
1235,33.5615356185108,3,6,12.062915509560485,6,0.6026360352857456,0,0.0,0
1236,23.371562658774618,3,7,7.453357012035198,2,0.0,0,0.0,0
1237,39.59651593303364,1,3,4.98708077974936,0,0.999810115771204,0,0.0,0
1238,41.87320292360588,3,4,20.008590815640225,1,0.9998290553587392,0,0.0,0
1239,44.59172782093548,5,4,19.99685715829103,7,1.0243255409820915,0,0.0,0
1240,62.70971689533248,2,6,15.67891355963749,2,0.4343644389934316,0,0.0,0
1241,31.6056420919467,2,2,4.128205070754173,1,0.9998541765772876,0,0.0,0
1242,39.72117215098025,3,6,6.57623963142091,8,1.0004767369483454,0,0.0,0
1243,29.46870664739152,3,2,11.260461122117547,2,0.9994702286057549,0,0.0,0
1244,43.63489948623753,2,5,0.10803760324497524,7,0.9328995094767645,0,0.0,0
1245,36.36399698455236,2,3,24.696479204939113,3,0.780991855703258,0,0.0,0
1246,61.31971708786277,3,3,0.0,3,0.49727654862320725,0,0.0,0
1247,46.122545141010804,3,6,12.237701515677264,6,0.9997816794985046,0,0.0,0
1248,60.385854282272874,3,3,6.98092031829709,6,0.9426330897334032,0,0.0,0
1249,58.48835374590405,5,1,7.4013318256288425,4,0.9946746095114791,0,0.0,0
1250,41.072421413931615,3,3,18.02405143310744,2,0.9997785808417388,0,0.0,0
1251,39.116655760375906,4,1,13.742909200860574,4,0.9995979576363871,0,0.0,0
1252,55.73691866760901,4,3,12.87361475780267,7,0.9996280283708036,0,0.0,0
1253,28.29666333822849,5,6,20.003430869062477,1,0.8509710932523247,0,0.0,0
1254,33.62850842883714,3,7,11.139790296902927,1,0.6804080756941352,0,0.0,0
1255,75.60585182951843,4,4,12.239251386629803,1,0.648312274527421,0,0.0,0
1256,32.41830120228154,2,6,6.815502518842201,7,0.19945804131788175,0,0.0,0
1257,59.07467975699441,3,2,13.775165761404914,1,0.988217314609197,0,0.0,0
1258,37.338392582936414,3,5,11.358439892872608,6,0.39227792616741813,0,0.0,0
1259,46.23852275414189,1,1,5.644709600328105,7,0.2409035303045884,0,0.0,0
1260,49.23360082063243,3,3,14.202717680387439,3,0.9992010522760387,0,0.0,0
1261,53.271160584567205,3,5,9.743269808471188,3,0.1778639651176026,0,0.0,0
1262,49.26527444823084,1,6,5.114558418665488,7,0.9995941328891691,0,0.0,0
1263,40.32617526844341,2,3,26.277290730346373,7,1.0002756149621579,0,0.0,0
1264,27.58922019844438,5,1,5.598431343222913,7,0.5198453645473005,0,0.0,0
1265,47.07488728407404,1,1,5.920240837785487,6,0.25284016272048077,0,0.0,0
1266,53.94580258634874,2,6,20.002405319849174,1,0.8341580349014656,0,0.0,0
1267,47.90469154081943,3,3,10.821670748750716,2,1.0000532720826434,0,0.0,0
1268,65.03187108082284,2,2,6.216365020413347,7,0.4284996623127673,0,0.0,0
1269,67.97539165940596,3,3,8.295253571178673,5,0.49604153655440414,0,0.0,0
1270,56.62908520601609,1,3,17.44423063604921,2,1.0003186874856,0,0.0,0
1271,54.96394700966901,1,5,3.6024461974453432,6,0.45034597568684426,0,0.0,0
1272,48.04302401281625,5,6,14.337854686909795,5,1.0003707162890574,0,0.0,0
1273,32.91732456801776,3,4,17.583859130122935,6,0.4277060079837849,0,0.0,0
1274,38.735029343407035,0,1,7.046313836663627,5,0.445942868522191,0,0.0,0
1275,38.669315516287774,4,1,11.439905229859278,7,0.0,0,0.0,0
1276,34.45627455838027,3,3,6.5052618211465605,7,1.0003906110362553,0,0.0,0
1277,60.371158150303685,4,3,13.189396725686189,7,1.0000010276201392,0,0.0,0
1278,20.2269129125341,2,5,9.069968446026676,1,0.9801006970218744,0,0.0,0
1279,54.8596710655962,3,1,14.164166367601748,5,1.0001920343734199,0,0.0,0
1280,15.557207887995816,3,2,9.800235746414035,1,1.0001849927755018,0,0.0,0
1281,27.89492757574941,4,3,11.730860669157181,3,0.9997341185154305,0,0.0,0
1282,51.374100080934895,1,2,10.131474195656578,7,0.9998976364354014,0,0.0,0
1283,27.13774982756131,4,2,7.898683211400153,1,0.9999815325772043,0,0.0,0
1284,43.70739636733852,3,2,20.000349922476914,1,1.0001495413035197,0,0.0,0
1285,51.44810321486024,1,3,4.065691426588556,7,0.9999737931959194,0,0.0,0
1286,41.087415617325725,5,2,5.988991780255211,1,0.0,0,0.0,0
1287,36.91906805360831,2,3,17.586100224276198,4,1.0004367203766624,0,0.0,0
1288,40.666008403440756,1,5,11.743557309783071,2,0.9898209708560384,0,0.0,0
1289,37.456964735813415,4,3,16.76104911807157,3,0.11149931348617126,0,0.0,0
1290,54.41429116902242,4,1,6.706045536547619,2,0.9564622929190616,0,0.0,0
1291,37.39256357174996,3,2,10.035497195855692,7,1.00006439221626,0,0.0,0
1292,42.40398276711183,3,5,17.801569115445186,6,0.22075461765293347,0,0.0,0
1293,48.72535880574174,3,2,8.723177012922605,5,0.376695622983084,0,0.0,0
1294,58.21459452161976,2,3,9.00253577252249,3,0.5056599479544894,0,0.0,0
1295,48.836319025474594,4,4,19.995363740533833,1,1.0000942119011997,0,0.0,0
1296,40.90553090483641,4,4,20.007178281733772,7,0.9450175911751085,0,0.0,0
1297,22.78424857698717,4,2,13.095042853544786,3,0.0,0,0.0,0
1298,34.994757253275445,3,1,4.872028671540366,2,0.18719080153752665,0,0.0,0
1299,48.34210229881216,4,2,3.405573663510147,7,1.0000535814220273,0,0.0,0
1300,36.36620081405462,2,3,17.12099385792044,1,0.9674171854543949,0,0.0,0
1301,43.572411664300766,2,4,20.00495442155266,3,0.9997963936678613,0,0.0,0
1302,77.6732662062053,3,5,23.869342013607763,7,0.9995366205867589,0,0.0,0
1303,35.131992521921674,1,6,11.516006319924697,7,0.9995948981722947,0,0.0,0
1304,42.59538729767429,2,1,8.883751781812453,6,1.0549373669004152,0,0.0,0
1305,49.818404926162124,3,3,20.001978003992242,1,0.9999577123944301,0,0.0,0
1306,18.811948740164624,3,2,10.806346285522308,1,0.42623245578999086,0,0.0,0
1307,53.8167285910798,3,3,8.628321810729041,0,0.5483151807668049,0,0.0,0
1308,60.774398551967074,2,3,6.0883198967673975,7,0.9998892501235306,0,0.0,0
1309,44.80160369950468,4,3,13.762920772616983,6,0.8343510559506252,0,0.0,0
1310,63.9925776998952,2,3,10.5196465106336,2,0.5010738122156005,0,0.0,0
1311,63.02034909838751,3,2,6.732579374676708,7,0.511264895609119,0,0.0,0
1312,25.953987619245854,1,2,11.606381826741794,5,0.8810536355172645,0,0.0,0
1313,35.293177354081614,1,2,3.5118181866672975,7,0.2228992733543918,0,0.0,0
1314,48.16775999855788,2,1,14.696182988829458,7,0.0,0,0.0,0
1315,26.423296716762785,3,1,12.036746701918961,6,1.0002334174276242,0,0.0,0
1316,48.257221457195925,4,5,17.57365232799803,4,0.9999349013116599,0,0.0,0
1317,56.95571263810946,3,3,5.845624872814195,1,1.000113874901019,0,0.0,0
1318,51.821011238463804,1,5,16.382941121776785,4,0.30778748188523575,0,0.0,0
1319,38.04920845095718,4,6,12.898777393877593,4,0.7050937971128934,0,0.0,0
1320,18.89432042015817,2,3,17.314193297526426,2,0.9996598246868933,0,0.0,0
1321,22.726581761921793,1,6,15.607796315056344,1,0.980906124144844,0,0.0,0
1322,36.50843867333771,4,3,2.898540545005865,5,0.49906634612952794,0,0.0,0
1323,47.45868034650381,3,0,9.439615586022896,6,0.937250210531726,0,0.0,0
1324,54.3798678235718,3,2,11.013184487442713,7,0.9997137398432707,0,0.0,0
1325,47.86084104824362,2,4,19.99574405340106,7,1.0000635869962715,0,0.0,0
1326,39.44734034053667,4,6,16.028069996697223,6,0.39216529475241874,0,0.0,0
1327,28.279956313279598,3,4,13.032626044743859,2,1.2235925435295334,0,0.0,0
1328,41.377398381381155,3,6,11.234553742999031,5,0.9998196005657951,0,0.0,0
1329,54.42103285740966,2,2,13.514043584765714,2,1.0450398365779394,0,0.0,0
1330,36.323596039711646,4,1,8.263272076727887,7,1.0004091232816492,0,0.0,0
1331,30.691556396217383,2,1,5.6875641619706325,7,0.6083774832728441,0,0.0,0
1332,33.484229017386966,2,3,13.998262511251696,0,0.0,0,0.0,0
1333,28.02291672992527,4,1,21.834558225644297,7,0.6004897904805216,0,0.0,0
1334,56.70489651528154,3,3,17.97237811220768,4,1.0004461627067216,0,0.0,0
1335,58.99847963256215,3,6,10.363476419283463,2,0.7114553314503532,0,0.0,0
1336,29.618660439099436,3,6,0.5478419780371659,1,0.36311781399852033,0,0.0,0
1337,54.193759415457336,3,6,4.818053926048972,3,0.0,0,0.0,0
1338,16.991890197600135,0,3,8.927685215084464,2,0.9761000814108732,0,0.0,0
1339,52.164338861169234,4,5,12.199813666302063,3,0.5044948087159828,0,0.0,0
1340,53.119158151133725,4,3,6.756813088600875,7,0.3351393140412567,0,0.0,0
1341,35.62919024654215,3,5,1.0540842672579487,1,0.10124073997597927,0,0.0,0
1342,46.283464024195034,3,6,14.976745716330287,3,0.9995442502442546,0,0.0,0
1343,40.11031268118211,3,3,15.268564121473553,7,0.9998924811290445,0,0.0,0
1344,14.172398558671553,0,1,15.243978189551274,0,0.006418274739544483,0,0.0,0
1345,43.24244979440498,3,4,19.995731690356752,1,0.7613353526631685,0,0.0,0
1346,55.77508538929068,4,3,10.08081656818767,6,1.000094578734854,0,0.0,0
1347,45.40256239755988,2,7,12.772210944620307,5,1.0188000052873953,1,16774.821225868112,1
1348,38.66063910082532,4,2,7.207137404004284,7,0.9999216688287228,0,0.0,0
1349,60.571632114900424,2,4,20.00516574536414,3,0.5055196121433583,0,0.0,0
1350,58.04035597195916,3,6,5.025813368412796,4,0.3573540672696941,0,0.0,0
1351,28.824502117148654,6,2,10.285009653815198,3,0.4946831432695777,0,0.0,0
1352,30.70688952686744,3,4,17.536284533248402,7,0.19957049160688267,0,0.0,0
1353,46.90566830935519,3,3,7.351242411592866,4,0.5048222082951028,0,0.0,0
1354,32.293609932418775,4,1,0.5976671837418142,5,0.5205951560678856,0,0.0,0
1355,47.12128115635523,1,3,10.470753128142647,2,0.4965195932565606,0,0.0,0
1356,40.742624974197945,1,5,7.396459735701308,1,0.16392484464207724,0,0.0,0
1357,19.90377951786688,5,2,10.271099018582001,1,0.8707455585773426,0,0.0,0
1358,33.72395126302409,3,3,4.5252351107815745,4,0.9510420023051447,0,0.0,0
1359,44.03037297276862,4,2,18.595625402952596,6,0.45945583942780793,0,0.0,0
1360,47.72014021698666,9,4,3.6911669657715764,7,0.9995799365835434,1,2681.156222881549,1
1361,50.34383349281033,4,4,5.26108560747411,4,0.9997621694275243,0,0.0,0
1362,40.435723563333156,3,3,20.295521919073714,4,0.9999589669415703,0,0.0,0
1363,43.53245956997947,3,4,19.097535612575022,1,0.9866832341593483,0,0.0,0
1364,64.70658613052805,4,5,8.00654840372097,1,0.9530425852593168,0,0.0,0
1365,38.101889269899104,3,4,19.057518146506595,7,0.9693519754381323,0,0.0,0
1366,18.31378167022181,3,4,19.993789975708722,1,0.036387618008287825,0,0.0,0
1367,13.747150693285832,5,3,7.340823756981155,6,0.26463542095422093,0,0.0,0
1368,38.58152890503992,2,6,13.119170175866614,1,1.0002715081786797,0,0.0,0
1369,25.61951057302286,2,6,3.0913828483839314,0,0.4690199581729445,0,0.0,0
1370,24.839969388806722,4,7,19.99878883751053,1,0.985724167331381,0,0.0,0
1371,51.55087253928265,3,1,11.948842454039488,7,0.9993523413770942,0,0.0,0
1372,48.8046794447927,6,3,3.4804263851168216,5,0.9998180000890851,0,0.0,0
1373,16.483500044487577,5,6,10.776388925689448,1,1.0236361048768061,0,0.0,0
1374,56.0494460678748,0,1,6.063111236701532,7,0.9158778202613189,0,0.0,0
1375,46.47537672358709,3,1,4.04481502508068,1,0.9996548884158745,0,0.0,0
1376,56.422700411190135,4,2,16.592446230355435,5,1.0323942227497238,0,0.0,0
1377,52.50586211084173,4,6,7.095657303705751,3,0.5312023578563406,0,0.0,0
1378,52.92631861286237,0,2,6.536703617851538,6,0.6610618770522685,0,0.0,0
1379,38.85527123926829,3,6,19.598864742114436,7,1.0002318939740964,0,0.0,0
1380,40.96036764400973,0,2,9.800295614593374,7,0.589754949316348,0,0.0,0
1381,34.006241104678864,3,1,13.615599251129716,4,0.6406024134758938,0,0.0,0
1382,42.59105912403017,2,3,0.0,2,0.9995637514850955,0,0.0,0
1383,45.2926603427579,2,1,8.904830165334218,3,0.9999670737029618,0,0.0,0
1384,36.68692496685833,3,6,15.292451302105917,3,0.9998159544273594,0,0.0,0
1385,48.46151408516873,3,6,8.66020900654134,1,0.3740346955979424,0,0.0,0
1386,59.07860733334165,2,3,13.799843737496442,4,1.0000317072037934,0,0.0,0
1387,65.17000236870868,3,4,14.689048282435632,5,0.2650557247364065,0,0.0,0
1388,44.66966804468755,2,5,19.096867430800668,2,0.39206108591378147,0,0.0,0
1389,19.38000569350482,3,6,2.6840782371092846,3,0.31662474622061815,0,0.0,0
1390,32.234038724679294,4,0,10.302079581647687,6,0.7307713935692883,0,0.0,0
1391,17.516387939572837,1,6,14.528501589150908,6,0.40197007082158165,0,0.0,0
1392,22.751094872345025,3,1,7.886621454400327,1,0.9716552147984638,0,0.0,0
1393,57.94486288675881,1,1,0.21257901188362105,1,1.0000516133634116,0,0.0,0
1394,44.06300137584957,4,2,15.367104541280659,7,1.0001217368167585,0,0.0,0
1395,37.25305020595158,2,4,12.064369267704082,5,0.5841807377801734,0,0.0,0
1396,48.8472664106146,5,6,15.228597274419137,3,0.2865202954350917,0,0.0,0
1397,49.440386921101094,1,3,10.851228541434553,0,0.2532246160532035,0,0.0,0
1398,59.6759971475484,3,6,11.4688249195598,2,0.9998944010866098,0,0.0,0
1399,39.38286100003471,3,1,20.002500564711866,0,0.6133428335567961,0,0.0,0
1400,25.33067338932394,1,6,0.0,4,0.4182653271322719,0,0.0,0
1401,41.70681389131802,2,6,20.005079797009405,1,1.0000252218638104,0,0.0,0
1402,47.960251796128176,1,4,8.31305089298533,6,0.5492748568336246,0,0.0,0
1403,40.36183957629236,2,1,0.0,1,0.9999763092338055,0,0.0,0
1404,27.561555421113944,5,7,8.50303657575122,6,0.5231936968068418,0,0.0,0
1405,42.74865479956039,5,1,13.355641103926747,4,0.16330002821548428,0,0.0,0
1406,24.121022205538424,4,6,4.384695114391027,2,0.4606230982976139,0,0.0,0
1407,48.469267558394556,1,1,12.13699794593143,6,1.0000551891543845,0,0.0,0
1408,41.39667703792017,2,6,15.561561188891087,7,1.0001726986217192,0,0.0,0
1409,54.80900900992736,4,1,5.560356380909187,0,0.13598687203755788,0,0.0,0
1410,45.40440606335923,3,4,19.99081891586433,7,1.0001341468675464,0,0.0,0
1411,34.38594034916582,3,4,10.455360679318146,2,0.5038625158813291,0,0.0,0
1412,17.217269102632542,4,3,7.218207716322471,5,0.38630186170830627,0,0.0,0
1413,20.570957774232944,0,2,14.253508094586937,7,0.7329378998872219,0,0.0,0
1414,68.53758399702525,2,4,6.77837784862812,7,0.9680640485426002,0,0.0,0
1415,28.557794542018,3,6,8.943387694431703,4,0.4389945020292262,0,0.0,0
1416,61.624583281796944,3,3,12.401388155377955,2,0.9997189674399187,0,0.0,0
1417,37.37462703385665,3,2,8.886827051101832,4,0.5568065413960871,0,0.0,0
1418,25.498966591455876,3,2,2.312679631169992,3,0.6816731766672061,0,0.0,0
1419,58.25238616113112,2,0,13.354090777392832,7,0.990369591925955,0,0.0,0
1420,23.003684341346865,3,3,17.416787348286327,7,0.9138081172591876,0,0.0,0
1421,41.527152754177195,2,1,10.063255183174656,7,0.9998632302514858,0,0.0,0
1422,57.718404294057926,3,3,19.994045378649624,4,0.43734009869652846,0,0.0,0
1423,44.67798702518134,3,4,19.999209721960508,1,0.9745185389022184,0,0.0,0
1424,36.72310235843671,7,3,5.04921575573373,7,0.33264047801508334,0,0.0,0
1425,55.99522846746537,4,6,7.990233194625064,2,0.2847799901956792,0,0.0,0
1426,32.825038829621306,4,1,9.800053970716306,3,0.5018398282915578,0,0.0,0
1427,42.83961316308882,3,7,20.359042045741074,7,0.9999483040685628,0,0.0,0
1428,28.79212313060203,0,2,13.036347437081737,6,0.5580946373376318,0,0.0,0
1429,35.25917061128094,3,3,7.175186739237285,2,0.45323638868242294,0,0.0,0
1430,19.516906007638372,4,1,1.6392931135572795,6,0.41062698296030503,0,0.0,0
1431,33.66471074843693,3,6,11.919802958758174,3,0.9995528423587766,0,0.0,0
1432,35.8232299645014,3,1,5.474885664354747,1,0.648520193252111,0,0.0,0
1433,26.79365694779997,3,2,0.0,1,0.14418989813772276,0,0.0,0
1434,44.598773368645965,3,3,21.31226110572284,1,0.9202585766321247,0,0.0,0
1435,48.811560107260746,3,1,12.261007590821851,3,1.000119062037195,0,0.0,0
1436,30.553673713067496,3,3,14.123846407613842,1,0.25639135806092445,0,0.0,0
1437,20.70385131533818,1,3,5.9628352655744985,1,0.8087360762066088,0,0.0,0
1438,40.38102094610377,2,3,14.011329794650074,6,0.500115109738451,0,0.0,0
1439,47.517195414567965,2,4,19.988448487160877,4,0.502100124315577,0,0.0,0
1440,60.574168525750224,4,3,0.9345824218882477,4,0.2950441524891469,0,0.0,0
1441,26.414035151417906,3,3,19.43384539372756,1,1.0001538434713233,0,0.0,0
1442,31.959895334118812,6,3,6.432175775532687,1,0.4989509071531034,0,0.0,0
1443,47.852374929395545,3,1,6.713869819883361,3,0.4982947501952807,0,0.0,0
1444,18.963894832614603,3,3,12.727510302401658,1,1.0049372814884237,1,2624.9681742005655,1
1445,52.42859467873291,3,4,19.992802686465968,3,0.5007675508171879,0,0.0,0
1446,30.069607141031167,4,4,19.997318720783998,4,0.27162280712805964,0,0.0,0
1447,45.83418446915431,4,3,7.173693094409787,2,0.5137702698603901,0,0.0,0
1448,37.71327119845504,4,6,18.894149288130777,7,0.6761717420907516,0,0.0,0
1449,53.04651585234446,3,3,8.190213264604404,3,0.3355197131180407,0,0.0,0
1450,64.0906122075661,5,6,12.607969998862446,3,0.5142340648086539,0,0.0,0
1451,34.92152999262375,4,3,0.6220016175443259,3,0.4463181496644858,0,0.0,0
1452,17.807549673382375,4,1,3.0053423774904306,4,0.11705745153814318,0,0.0,0
1453,44.94080927375361,3,1,0.0,4,0.39116218130285774,0,0.0,0
1454,36.37204261265873,3,5,16.267128246210916,1,0.9992493887381582,0,0.0,0
1455,49.69022370773988,3,5,7.255855492913508,4,1.0234440841119068,0,0.0,0
1456,40.5765493483858,2,2,14.07298110636619,1,0.9999518816136161,0,0.0,0
1457,34.40636035865464,3,3,20.004906906966667,2,0.6575759960980972,0,0.0,0
1458,33.473435843871776,5,3,5.550702507371631,5,0.9791663516383112,0,0.0,0
1459,40.893710507494326,0,3,3.9608604565041317,5,0.4946987011950393,0,0.0,0
1460,33.54862665932571,3,3,20.00937526591441,4,0.4426635306684267,0,0.0,0
1461,40.50450369183234,1,3,5.887492109071856,2,0.9869531622750646,0,0.0,0
1462,55.278973907590526,2,4,8.645124883219225,1,0.9512843251110967,0,0.0,0
1463,32.27813813478692,5,2,12.187193593319451,7,0.25243591823113626,0,0.0,0
1464,38.1772150233695,3,6,10.951562433220762,7,1.0001463787415124,0,0.0,0
1465,42.62381704459041,3,2,17.235355821460384,1,0.9993119817725208,0,0.0,0
1466,42.78579757120549,1,3,7.33213380770256,7,0.9999567509979467,0,0.0,0
1467,39.01562977675802,3,3,11.152269245727656,0,0.10868912597216573,0,0.0,0
1468,53.93373074761516,4,1,12.456364780652649,4,0.3167217161015854,0,0.0,0
1469,35.807719221425266,3,3,16.16902299014187,3,1.0002435952047084,0,0.0,0
1470,76.85332638403223,2,7,7.788526139150086,7,1.0360000439584092,0,0.0,0
1471,55.393558556197554,2,6,17.13666842584488,3,0.23149025387606237,0,0.0,0
1472,38.82412845461768,2,2,8.151705108512488,7,0.940047222861374,0,0.0,0
1473,49.749366099455514,7,5,11.756858693958014,7,0.9998342673280464,0,0.0,0
1474,50.726433914874534,1,2,13.776509117765183,7,0.9998115409051228,0,0.0,0
1475,38.65225127857329,4,3,2.128558541264031,7,0.9994861937796844,0,0.0,0
1476,56.58893953720566,5,3,8.92231268133196,4,0.49674486334102175,0,0.0,0
1477,35.42518185258208,2,3,14.749142593325093,4,1.0001379060465112,0,0.0,0
1478,39.70815593617107,4,5,17.54352725843694,1,0.37288184929653545,0,0.0,0
1479,23.483507896862502,3,1,4.716084273764879,2,0.8424723053272913,0,0.0,0
1480,47.941716998504,4,5,10.31762388067484,1,1.0728105694935666,0,0.0,0
1481,37.87556276306228,6,3,8.675505413199417,1,1.2761593110194482,0,0.0,0
1482,32.65864445799293,3,3,15.456965000442842,1,0.9995960276523543,0,0.0,0
1483,30.143195870746656,2,2,9.589301733278184,7,1.0003592063432225,0,0.0,0
1484,49.88934718126159,4,2,17.116020444937405,7,1.0004034740218617,0,0.0,0
1485,37.50623073292601,4,3,18.053527097440504,3,0.3859685490568071,0,0.0,0
1486,41.61752911760082,2,6,13.759996099051799,7,0.9997777511009673,0,0.0,0
1487,46.261679727235716,3,2,11.47326526839687,3,1.0004072852774104,0,0.0,0
1488,33.270486612808476,4,6,13.483041320750576,7,0.9002686682213924,0,0.0,0
1489,23.464836655908805,1,1,4.913089713571164,2,0.9997836576501383,0,0.0,0
1490,36.79199565309826,3,2,12.389739238904678,1,0.28233311812923945,0,0.0,0
1491,56.25814757793394,2,3,13.941555033162796,7,0.9989184099693788,0,0.0,0
1492,58.08853246991947,2,6,1.7685180848792488,1,0.4439737255037781,0,0.0,0
1493,48.952496214434404,1,1,4.1834690517491575,5,0.4994155879091445,0,0.0,0
1494,34.198685308942075,3,3,11.332084686682169,4,0.0,0,0.0,0
1495,44.648826801090976,0,3,0.009235873361205904,5,0.49746922922569925,0,0.0,0
1496,42.41750955578544,2,2,19.99541183627079,6,0.36224322009867216,0,0.0,0
1497,63.32959054535212,6,2,9.80380599531183,7,0.8737603255720828,0,0.0,0
1498,26.889098021125534,3,3,11.557692742696013,4,0.49882653207717326,0,0.0,0
1499,66.97973560534786,4,4,5.94011660993062,2,1.0001214041734476,0,0.0,0
1500,33.72516347055461,3,2,3.969290517905966,7,0.9996228787262162,0,0.0,0
1501,19.507672614032373,3,7,19.99895446353589,1,0.667717679180531,0,0.0,0
1502,26.25896397524386,3,2,8.377837235488146,1,0.8236201570712621,0,0.0,0
1503,57.78368938120157,3,6,14.974348014538688,2,1.00044885223968,0,0.0,0
1504,48.51695163219926,3,3,8.29120247145465,1,1.0000630549196916,0,0.0,0
1505,35.96444959108942,2,1,11.13756496936006,3,0.19940046189921656,0,0.0,0
1506,61.83036444582301,3,6,14.666987188918947,6,0.5779768941005881,0,0.0,0
1507,25.90847393141784,4,1,5.2877236320791665,2,0.2620970324552686,0,0.0,0
1508,51.56885185376791,4,2,1.5503972505694499,1,0.0,0,0.0,0
1509,46.32772838303824,4,1,10.916515872119707,2,0.6625982438649504,0,0.0,0
1510,34.95238525385659,3,4,15.64662901717032,3,0.2939133653908677,0,0.0,0
1511,36.704434167891804,3,5,6.450052363365747,1,0.5749951747197107,0,0.0,0
1512,42.4508619488402,3,1,0.0,4,1.0004417687669152,0,0.0,0
1513,19.984073974008446,6,5,10.668732675754953,2,0.027935061226747604,0,0.0,0
1514,41.416684708967985,3,1,19.995620309658037,3,0.1295758503255372,0,0.0,0
1515,25.47592792468179,4,3,19.037512936744562,3,0.11540879745334864,0,0.0,0
1516,49.99185782996072,4,4,10.931687705272637,2,0.07717502121027475,0,0.0,0
1517,66.97586326403021,2,3,15.04383732028457,6,1.0003615067078075,0,0.0,0
1518,58.05834314002139,4,2,11.851391720564392,7,0.9655748541921283,0,0.0,0
1519,32.2870193493294,2,6,0.2877081490820341,7,0.7232114921021493,0,0.0,0
1520,40.89764388261963,3,3,19.995051860471058,4,0.2631584961381323,0,0.0,0
1521,33.19636005916283,3,1,14.845300407679993,1,0.6406306786314017,0,0.0,0
1522,38.60633342048159,3,3,9.036505911196267,2,0.4546980747611451,0,0.0,0
1523,33.66926942291792,1,6,12.07124177006772,1,1.0049333059189602,0,0.0,0
1524,47.65586867959676,4,6,11.93870265754301,2,0.43560790985799097,0,0.0,0
1525,22.667386750618718,3,4,19.280119973515646,7,1.0064857673802976,0,0.0,0
1526,44.72820545153876,0,4,19.998637610912272,6,1.0001615124066756,0,0.0,0
1527,28.485566622446775,3,2,7.809364278612119,6,1.0177141316698575,0,0.0,0
1528,67.73254557550595,1,4,0.9736728213812995,3,0.3190796330233406,0,0.0,0
1529,27.725581605077867,0,2,8.351333944056577,1,0.13167412455245375,0,0.0,0
1530,43.343934384474586,1,3,14.984166074529634,4,0.654121574159486,0,0.0,0
1531,47.577943613407434,3,1,8.391714590160422,7,0.9993506404410437,0,0.0,0
1532,44.16413291811511,1,4,19.998537911029263,1,0.44149984916823615,0,0.0,0
1533,37.0861461214947,3,1,8.803914928369448,4,0.0,0,0.0,0
1534,57.82063801879862,1,1,2.2606771250755244,7,0.4258151130322208,0,0.0,0
1535,24.515047149999816,3,3,2.7031378659109233,5,0.9061312864094959,0,0.0,0
1536,45.395843626360595,5,3,6.369719077373855,6,0.5540189659356753,0,0.0,0
1537,18.037431342128706,3,2,6.187453131388509,4,0.18994233927891013,0,0.0,0
1538,53.78704477392103,4,3,3.141168012322553,3,0.5034166168201963,0,0.0,0
1539,56.690547972236246,3,3,12.624579574343002,4,0.9996536385923629,0,0.0,0
1540,45.81804168704223,2,1,5.661145729973196,7,1.000083360305439,0,0.0,0
1541,25.972297316637807,6,6,3.3166620571829775,8,0.757739426271763,1,1665.3622280675727,1
1542,37.17251846420057,1,3,14.737289758544879,1,1.0002080469087067,0,0.0,0
1543,21.010160096833975,3,1,1.56153670240675,0,0.9466850176707897,0,0.0,0
1544,68.12916763248244,3,4,19.999963077897313,1,0.622488494276348,0,0.0,0
1545,49.328897612505635,2,2,9.268725913129728,7,1.0002564378412235,0,0.0,0
1546,25.481460536801855,3,3,10.600150682407342,4,0.9997142859308408,0,0.0,0
1547,51.325067603586916,5,6,8.186536089288394,7,0.5315080953517145,0,0.0,0
1548,27.24727936841042,4,6,5.309966752323481,4,0.030236410721141804,1,7842.047081191196,1
1549,60.71749026638269,3,1,15.40769357119405,7,1.000127358636803,0,0.0,0
1550,45.813098839693026,3,1,20.00866635159454,0,0.40520549725204835,0,0.0,0
1551,36.338956958380926,4,3,11.8589159455621,6,0.9951544498497862,0,0.0,0
1552,51.048245720079265,1,1,3.9405263965830875,1,0.44042673779645963,0,0.0,0
1553,55.25889369808303,2,1,2.0676551961074825,7,0.9997585172761358,0,0.0,0
1554,57.77669013118565,3,2,11.83476672492037,3,0.5019236204255274,0,0.0,0
1555,23.62348181292636,3,2,4.699148991313197,5,0.48623327556035234,0,0.0,0
1556,34.315463392905045,3,1,3.009216164848578,6,0.36169032351481356,0,0.0,0
1557,36.284378967347145,3,1,0.0,5,0.9015928663119729,0,0.0,0
1558,52.14899742231562,3,3,19.127759982937857,2,1.0000212637873136,0,0.0,0
1559,23.613153991097178,2,7,4.480814093280163,2,0.700127630308304,0,0.0,0
1560,40.034444926345884,3,4,4.7321942831599975,1,0.22282633172154542,0,0.0,0
1561,37.00130126291487,3,3,13.95742456188536,3,0.45093721076166227,0,0.0,0
1562,48.05839662712242,5,6,8.250667499624036,1,0.9356500443074779,0,0.0,0
1563,36.688103502996775,2,6,17.107618354222332,7,1.000476788327191,0,0.0,0
1564,52.10376212173872,3,2,12.792191910834738,3,0.3933492817544828,0,0.0,0
1565,57.73657462779038,3,3,12.852945457377814,3,0.9996657956798056,0,0.0,0
1566,47.300303768625625,2,2,10.256978853487752,1,0.7553074131872439,0,0.0,0
1567,37.045500163573315,5,3,8.069074093700625,2,1.0000173624644328,0,0.0,0
1568,40.511522275370695,3,3,18.310825565741094,4,0.9996486358324655,0,0.0,0
1569,62.55249162243774,3,3,3.150802335948131,7,0.9995883212045138,0,0.0,0
1570,27.474933345527383,3,4,2.988604128825532,1,0.9656042952354793,0,0.0,0
1571,52.16412007362596,4,4,5.072443806516899,7,0.6057156011561853,0,0.0,0
1572,27.537237515260593,5,3,0.0,1,0.17031142773816466,0,0.0,0
1573,47.21995883399291,4,1,11.988596573945042,3,0.9999048468037881,0,0.0,0
1574,42.66278042333752,1,3,11.099216644964548,2,1.0005803210038922,0,0.0,0
1575,42.86876021872443,6,6,18.039723158278473,1,0.31811239467815833,0,0.0,0
1576,41.27082935748478,3,4,3.929951625926857,2,0.9996999026514479,0,0.0,0
1577,57.074655006823406,3,1,8.919251911177335,7,0.9996271697920384,0,0.0,0
1578,40.15834788757388,2,3,9.235254776720964,6,0.9994958271394851,0,0.0,0
1579,34.63881933343384,3,4,19.998234168904794,1,0.5441115680542028,0,0.0,0
1580,39.71611761785155,5,6,1.7010509430153942,1,0.9994621307912337,0,0.0,0
1581,57.34554336234753,2,6,15.745360046708061,1,0.9955920675919612,0,0.0,0
1582,45.93424832851756,1,2,12.259731686126008,7,1.000404745422723,0,0.0,0
1583,46.3220686375645,5,3,11.631589675882573,2,1.0001105659239813,0,0.0,0
1584,43.490794977738986,3,2,1.8933732944945927,6,0.9998715002719507,0,0.0,0
1585,17.75946582816336,3,1,7.3381960571480125,1,0.49605757959672114,0,0.0,0
1586,42.81742241936815,3,1,9.894214109057792,7,1.0005070650425645,0,0.0,0
1587,47.788357648385215,4,4,19.99955842613945,4,1.0005845719300415,0,0.0,0
1588,69.2770701476318,4,1,5.0009217864787905,0,0.48629923328494273,0,0.0,0
1589,41.32500934956176,4,4,19.999547973428115,1,0.30932186326541217,0,0.0,0
1590,30.030506415500604,2,2,8.73816820871558,1,0.4434590706862277,0,0.0,0
1591,34.0392483093228,2,5,13.618012765548368,3,0.10049899353353409,0,0.0,0
1592,37.9656415468912,3,4,20.007552569866693,1,1.0002952606799833,0,0.0,0
1593,29.16002387519952,4,6,13.501394773147565,5,0.3100940154708279,0,0.0,0
1594,38.2207100562481,3,3,6.879482958416563,4,0.4996519813329049,0,0.0,0
1595,42.19245878915889,4,2,19.011449855663265,2,0.612345643903362,0,0.0,0
1596,49.43068934142663,3,3,16.732124376501886,3,0.9999352733924323,0,0.0,0
1597,45.57108971159787,3,6,3.1842053667229093,7,1.0001614890412607,1,5693.189000691431,1
1598,37.65179863757385,2,1,1.4656510670263234,3,0.15765083596194907,0,0.0,0
1599,30.618842815471876,3,3,4.171726930679978,2,0.1303962583606202,0,0.0,0
1600,52.907717729876225,2,6,4.006447705511607,7,1.0004669443592742,0,0.0,0
1601,46.884816609429095,3,3,0.0,2,0.0,0,0.0,0
1602,47.93034923314871,2,4,20.001694837809687,7,0.49411981891887125,0,0.0,0
1603,30.310247047571572,1,1,6.276642175418009,1,0.999544941348337,0,0.0,0
1604,53.49489543022642,1,1,3.579647864364227,7,0.7799249631430771,0,0.0,0
1605,44.20402022668252,5,2,8.516220762035818,3,0.9836918428230277,0,0.0,0
1606,38.219898023629035,4,3,14.160801551203328,2,0.8695976212653418,0,0.0,0
1607,61.81110289437344,3,2,0.8607225417027298,7,0.7035575988883312,1,15423.787274151877,1
1608,54.330121392435416,4,2,5.685001620022827,3,0.47463874635378345,0,0.0,0
1609,24.107694046795938,3,2,8.07459100029362,3,0.9882753840311338,0,0.0,0
1610,57.80003318783393,3,6,8.857802274002765,7,1.0000535512205577,0,0.0,0
1611,65.13936364302647,3,3,5.753484800354701,1,1.000336233977438,0,0.0,0
1612,46.008638961314475,3,1,13.957322938536286,2,0.9999996452678979,0,0.0,0
1613,44.600850988347545,2,3,4.561638616486176,0,1.0004846900762474,0,0.0,0
1614,37.40272981723964,2,4,19.998777154438038,7,0.511765828791448,0,0.0,0
1615,38.33061348476983,1,6,14.264885969234413,7,1.0004720866781618,0,0.0,0
1616,25.482844278417943,3,1,10.52086938116827,4,0.27549176056304814,0,0.0,0
1617,46.80706212599008,3,1,0.4829861859152782,3,0.3019251808007054,0,0.0,0
1618,28.546536977053336,6,5,15.959808911852708,1,0.8470060860357103,0,0.0,0
1619,41.339591459645334,2,1,2.300927859197188,7,0.1538026514520533,0,0.0,0
1620,38.22814204496074,3,5,20.670547975291896,5,0.6383903902220815,0,0.0,0
1621,23.90339607307869,3,7,11.513342130557538,1,0.4291914658994455,0,0.0,0
1622,40.71625084788718,3,2,13.292852749110185,5,1.0002337087853714,0,0.0,0
1623,52.4333538670798,4,1,14.773338041336817,0,0.20002126316785523,0,0.0,0
1624,51.493395311656585,4,6,10.83145318938037,7,0.7823089261921662,0,0.0,0
1625,32.53131984718431,4,1,4.189482947683058,1,0.42417609232062325,0,0.0,0
1626,31.13808033265088,1,1,8.035784141831877,5,0.9995341590782664,0,0.0,0
1627,37.27337757778882,3,1,8.292628980375722,7,0.9999953964361936,0,0.0,0
1628,39.88092489026536,4,2,6.502569395733988,7,0.8080220562620115,0,0.0,0
1629,46.86518126671408,2,3,0.0,0,0.9998204904682482,0,0.0,0
1630,66.54324024144182,4,4,20.006937871428725,1,0.0,0,0.0,0
1631,58.357893465602075,3,4,18.145917161543878,5,0.9995348586120483,0,0.0,0
1632,40.97074116403964,4,2,11.868864978375846,7,0.9994053748186784,0,0.0,0
1633,62.689063765012364,2,3,8.962417146504352,3,0.9999641383530495,0,0.0,0
1634,34.250360429346415,1,1,12.561634165136567,6,0.49768237236160834,0,0.0,0
1635,27.92579331520502,3,4,20.01678012442841,1,0.2217580780196407,0,0.0,0
1636,53.89065885038003,3,4,2.8351024244835585,7,1.1819421156998375,0,0.0,0
1637,41.16723021967009,2,5,2.7170642176906696,2,1.016317724617416,0,0.0,0
1638,68.29951798306074,4,3,6.785359201219357,5,0.5021827207451734,0,0.0,0
1639,40.15375180780787,4,2,3.853881273859977,7,1.0000231921578882,0,0.0,0
1640,49.398058856928074,3,1,14.208804493997784,6,0.5009623581951352,0,0.0,0
1641,43.98458485443003,4,2,6.978077422324667,7,0.9998634422419144,0,0.0,0
1642,31.165507007512122,2,5,17.945198360536754,3,1.0147785081860277,0,0.0,0
1643,74.14893210012755,3,4,20.00213771995969,7,0.9604373135567419,0,0.0,0
1644,11.266573512056254,0,2,12.093191456157584,7,0.4003672971310427,0,0.0,0
1645,63.80313724903439,4,2,13.638722993021052,7,0.9998845433312001,0,0.0,0
1646,33.15047253845172,0,6,5.8034059141938314,6,0.877313210145374,0,0.0,0
1647,17.992465969910803,3,4,11.900967444001944,1,1.0000089322501888,0,0.0,0
1648,19.376634976978888,2,1,15.300824393299433,3,0.5372746493441649,0,0.0,0
1649,31.227501444923387,4,6,1.8424150482829287,6,0.058447405816136055,0,0.0,0
1650,66.56780707760244,2,4,20.007556512570545,1,0.9993491114835442,0,0.0,0
1651,35.301191312388006,7,2,3.050836844357022,1,0.3461090285450928,0,0.0,0
1652,43.99106282405904,4,6,0.8457094025042338,7,0.8081398401267649,0,0.0,0
1653,33.628706052325526,3,1,7.272268300332096,7,0.9996406683841474,0,0.0,0
1654,57.99785026079269,2,6,9.094184163375742,7,0.9992696944522219,0,0.0,0
1655,53.74293622551143,6,5,20.946587403587387,7,1.0144453040280008,0,0.0,0
1656,35.15131716323087,1,1,12.466244970932872,4,1.0000799973135461,0,0.0,0
1657,35.4113134274303,4,4,20.010886314625992,7,0.9863976847799252,0,0.0,0
1658,24.036004251037244,2,7,7.033289045242834,5,0.28122346823363115,1,47808.71887071546,1
1659,36.68003675205534,4,6,5.994898316490541,6,0.8791752647846678,0,0.0,0
1660,53.95234426134943,0,1,12.896392392430792,1,0.4210011744908967,0,0.0,0
1661,49.089659728300234,3,3,18.34152347566417,7,0.9998630611755365,0,0.0,0
1662,50.257385583563135,4,3,12.491191695375743,6,0.8513887255947648,0,0.0,0
1663,40.61569613904594,1,4,15.256122806126147,2,0.5799355897236289,0,0.0,0
1664,52.0252364199494,5,6,12.039222981867196,1,0.9358959184942577,0,0.0,0
1665,66.90940529851692,4,6,11.171744690135297,7,1.0005673511810815,0,0.0,0
1666,42.57746999304667,4,5,15.509318106191984,3,0.999597527803854,0,0.0,0
1667,49.095368008898454,5,3,7.386419947498922,2,0.9989520808563355,0,0.0,0
1668,36.227192185842796,2,1,13.352982143422686,1,0.45137163515460516,0,0.0,0
1669,68.3297985015769,0,6,13.99099464997114,3,0.45956662379382596,0,0.0,0
1670,38.816546099395254,2,1,15.336009578776435,2,0.3252965402265701,0,0.0,0
1671,23.26784816732926,0,1,9.41120731548035,5,0.940779874668682,0,0.0,0
1672,44.69194069450301,5,3,15.884928870251212,1,0.9999525483755942,0,0.0,0
1673,55.03541583993915,2,3,17.013112068182494,7,0.0,0,0.0,0
1674,38.70303184919601,4,6,12.386882203886415,4,1.0009097706923527,0,0.0,0
1675,19.83497183532007,4,4,10.753525859613866,2,0.19583205835682188,0,0.0,0
1676,30.494977305577045,2,6,7.003388578727368,4,0.6418680728441659,0,0.0,0
1677,50.80237169856696,2,2,6.893869317236341,5,0.0,0,0.0,0
1678,48.068094455986966,2,3,6.459973204703824,7,1.0003692872969867,0,0.0,0
1679,36.25974646269281,3,3,12.833585429751137,1,0.9997216904657895,0,0.0,0
1680,29.771906500661473,4,1,2.618657499214633,2,0.35365368446929735,0,0.0,0
1681,25.519224504722413,2,3,1.772351435853265,6,1.0007398783603207,0,0.0,0
1682,63.74108164455507,3,3,21.17331809374849,7,0.9999907339647227,0,0.0,0
1683,26.977693292149407,1,6,17.592941876942053,2,0.3394261291147565,0,0.0,0
1684,20.45337299500236,2,3,21.17464538037109,3,0.500882901006164,0,0.0,0
1685,13.135196321965541,3,1,12.645432762724404,7,0.2928525248039593,0,0.0,0
1686,42.310535099598866,3,2,20.00716698090286,1,0.9997236248759716,0,0.0,0
1687,55.66313398540183,3,1,19.994287051372893,4,0.5480492108561328,0,0.0,0
1688,52.92637973023297,2,6,12.600423778332027,2,0.39595773187583294,0,0.0,0
1689,52.75397277682788,3,1,1.7259477381419348,7,1.000144826893723,0,0.0,0
1690,62.98019155577668,2,6,10.434516371818667,5,0.9993179038206079,0,0.0,0
1691,26.1561874475836,2,3,7.666474139313786,3,0.3075007071113062,0,0.0,0
1692,55.58526200955104,3,4,19.984496713478002,3,0.9998918119044337,0,0.0,0
1693,29.90495009817869,3,6,0.0,2,0.44270321916520416,0,0.0,0
1694,20.535401337410367,3,3,17.29730925002601,2,0.9267233885538326,0,0.0,0
1695,23.570636348849362,3,2,2.5582260663666627,6,0.1583950269762311,0,0.0,0
1696,59.438896628293556,5,3,16.499242499722833,2,0.5003315169799107,0,0.0,0
1697,58.133942184387905,4,3,3.6007010640636343,2,0.27561851954709604,0,0.0,0
1698,26.78387740544011,4,2,2.6625116030497207,4,0.8526942670294169,0,0.0,0
1699,51.32445047545169,3,4,5.412343353822868,7,0.5295752400558997,0,0.0,0
1700,36.539399154099335,3,3,10.090873565092336,1,1.0002320801019657,0,0.0,0
1701,42.55950585199104,4,1,20.00840215692719,3,0.4773536057087898,0,0.0,0
1702,44.27102293217955,0,3,0.0,7,0.4432346796213663,0,0.0,0
1703,30.37924226256103,0,6,12.789942220547278,2,0.33670917148924395,0,0.0,0
1704,29.94709416981671,3,5,13.88324687612874,4,0.05712556190439877,0,0.0,0
1705,51.226307554036445,2,6,18.78678416092397,4,1.0006217866204756,0,0.0,0
1706,54.04622257101039,2,2,5.853352613451406,7,0.9907053762261621,0,0.0,0
1707,21.938475523943772,3,6,10.598349564226492,2,0.9020048998588651,0,0.0,0
1708,25.968596507163003,3,6,18.132308391459397,4,0.8045101179272391,0,0.0,0
1709,21.33386418547484,5,6,11.085294441071452,4,0.0,0,0.0,0
1710,32.73932780515756,3,1,17.197566994919313,1,0.6054926346466378,0,0.0,0
1711,33.89861908743621,2,6,19.99364735016195,7,0.9702242228104231,0,0.0,0
1712,40.90697192651611,3,4,11.942971107918101,4,1.000324192290515,0,0.0,0
1713,53.62395513117714,4,2,15.279095788025218,3,0.3489707138834261,0,0.0,0
1714,37.385615921372505,3,6,17.004651048792983,7,0.9998328214298315,0,0.0,0
1715,62.15870588898825,3,4,23.39282492995695,3,0.9880472888366243,0,0.0,0
1716,41.43917323331505,3,5,23.035023295546974,4,1.027377642763875,0,0.0,0
1717,29.7739661456769,3,3,19.992941711122967,5,0.4308687247621428,0,0.0,0
1718,48.56291630010362,5,1,9.676626479046702,7,0.5291968869041477,0,0.0,0
1719,43.26580206506192,3,4,20.010986001606977,1,0.548522887733464,0,0.0,0
1720,50.60004923092784,1,2,11.12569854478692,3,1.0403808606876268,0,0.0,0
1721,25.257942972381333,3,1,11.647311097122868,2,0.05121360907119987,0,0.0,0
1722,33.911608499641744,3,3,0.0,7,0.9425857087056562,0,0.0,0
1723,47.45666835091098,4,1,17.97639706626684,3,0.37043107463592173,0,0.0,0
1724,23.852097721429427,3,4,14.139390391569385,4,0.2861615067271606,0,0.0,0
1725,48.91210705958695,2,3,12.12419101991856,2,0.9638043124480397,0,0.0,0
1726,56.13971531267376,4,1,8.37386396287798,7,0.466695942482354,0,0.0,0
1727,51.77527605842269,3,3,8.304368085807264,7,0.9998127456485593,0,0.0,0
1728,28.42922657821132,4,4,20.005296055619763,1,0.0,0,0.0,0
1729,40.581119686066536,1,2,20.36196226403306,7,0.9999872618595159,0,0.0,0
1730,65.80962486150935,1,5,9.425834802406058,5,0.9639882685995709,0,0.0,0
1731,57.95868237726724,3,1,18.39459591349793,7,1.0000620161348701,0,0.0,0
1732,43.94369898165046,4,6,19.028378980215013,1,1.0195688873574067,0,0.0,0
1733,31.81911117813904,3,2,14.144369625748997,6,0.999542854097236,0,0.0,0
1734,56.05946868321511,3,4,16.669775315300676,1,0.999729827010895,0,0.0,0
1735,52.576902102256646,3,1,3.3113789234334874,2,0.0,0,0.0,0
1736,50.479940747357844,2,1,20.001809657924312,4,0.9614907987535942,0,0.0,0
1737,42.9836765271065,5,4,7.864081061493668,1,0.9938488775469763,0,0.0,0
1738,28.903354577193717,3,5,14.099121150830086,3,0.9045911202141057,0,0.0,0
1739,43.582956429710755,4,3,0.5124210163684353,7,0.9992376220412601,0,0.0,0
1740,40.81779996708956,1,3,24.802100408838378,7,0.9996540415355846,0,0.0,0
1741,67.57171890468939,3,5,10.56146328495665,7,0.9669013736413099,0,0.0,0
1742,15.95994391959038,3,6,9.624431254762667,1,0.9674605012028024,0,0.0,0
1743,68.77027212155572,4,6,12.845848673861461,7,0.9484380982133462,0,0.0,0
1744,50.80754614635791,2,2,13.319041335730471,7,0.9714298252798028,0,0.0,0
1745,46.99736359706378,1,2,3.8985050465121756,7,0.9206142186726513,1,760.2780702386889,1
1746,25.08105718449174,1,6,13.953614272053278,7,0.22500367686896694,0,0.0,0
1747,48.313474324533,1,2,13.67017277637716,5,0.436908545656858,0,0.0,0
1748,44.170494021511246,3,2,11.097830164226682,7,1.0000799624859735,0,0.0,0
1749,50.47896391768559,1,2,0.023699437707014326,6,0.1658146744946043,0,0.0,0
1750,42.32870483705139,1,3,2.0477604925111788,5,0.5029349589481596,0,0.0,0
1751,58.9821752048842,3,5,9.528081745252328,7,0.4891843943757953,0,0.0,0
1752,30.509908673573833,5,7,11.654081613999374,3,0.5801287487865433,0,0.0,0
1753,43.36121783248947,4,2,2.7679875256851485,7,0.9993942133243374,0,0.0,0
1754,48.4053655587075,4,2,17.65488715364445,3,0.3492756235403118,0,0.0,0
1755,36.02982609026291,2,2,11.074023969613801,6,0.5902395815816924,0,0.0,0
1756,82.17442931515843,5,4,19.996067706638346,7,0.5621003910138698,0,0.0,0
1757,37.652743692134074,1,6,17.5817160858213,6,0.31194789054521305,0,0.0,0
1758,40.93175710372735,4,1,12.701127076643633,4,0.4312066687269382,0,0.0,0
1759,57.41368571936174,2,5,10.477848697517514,2,1.0140303432423978,0,0.0,0
1760,55.07911481121915,3,5,6.353664799482152,3,1.0002984875179077,0,0.0,0
1761,52.06449230030495,2,2,4.692186186618564,3,0.3138490169510528,0,0.0,0
1762,37.01778364948768,4,3,5.111242805040776,2,0.5650526950093531,0,0.0,0
1763,77.7864552653692,2,2,10.851382367167831,7,0.7399722511124445,0,0.0,0
1764,32.806054881342845,3,3,0.0,2,0.9999701895967237,0,0.0,0
1765,79.79402010791938,3,6,16.291720827516052,7,1.000214321177808,0,0.0,0
1766,37.0836143694311,3,1,9.00331062941588,7,1.0005022728399684,0,0.0,0
1767,59.79587563628965,3,1,3.032166069106605,7,1.0001398131995702,0,0.0,0
1768,58.337439782117585,6,4,19.99074506257999,7,0.9176357400806213,0,0.0,0
1769,46.64235265410938,3,5,3.2914290775331345,7,0.9999602762277543,0,0.0,0
1770,54.56127291547605,3,4,14.139487842510082,7,0.7472254435890743,0,0.0,0
1771,48.94335355316262,4,6,19.994642192879375,1,0.5646616546157979,0,0.0,0
1772,42.35101984245174,3,3,14.380130266078522,1,0.9994181026427981,0,0.0,0
1773,43.25549413156821,4,3,11.929868084030568,7,0.999651681510972,0,0.0,0
1774,46.199341106892255,4,6,15.945983712140013,6,0.7603792481225289,0,0.0,0
1775,58.70743228895827,3,4,19.99997001367333,1,0.09815855837342691,0,0.0,0
1776,55.90354441326254,5,3,11.933186901091538,3,0.9995094448637603,0,0.0,0
1777,50.15747553275296,4,6,0.9298085591067498,3,0.4659469743821014,0,0.0,0
1778,50.92821142992555,5,2,8.589214637267933,5,0.15075177455305333,0,0.0,0
1779,39.426134675623885,4,2,13.652133410604593,5,0.9974299908136821,0,0.0,0
1780,37.23263477458754,3,5,10.97069615807349,2,0.9999710445540764,0,0.0,0
1781,45.36689549144289,1,4,19.99700421872932,7,0.4155858469604034,0,0.0,0
1782,50.08591881560807,5,3,10.408678937647956,4,1.0407794194877547,0,0.0,0
1783,47.070771693951436,2,6,6.628823306319236,2,0.46590034266039154,0,0.0,0
1784,40.08799683071077,2,2,11.094019830599944,4,0.9669704059819838,0,0.0,0
1785,49.89468634893851,0,3,14.226088114532834,7,1.0802445341211067,0,0.0,0
1786,54.04637442068757,3,4,10.407246829670731,2,0.8425935400381799,0,0.0,0
1787,50.18306961826345,2,6,15.072523887990835,4,0.9009333208304967,0,0.0,0
1788,52.13702509104855,6,4,2.1622111757045523,6,0.5641213204454023,0,0.0,0
1789,52.647120733365625,2,6,16.839701326332236,7,0.45866227579582,0,0.0,0
1790,54.011541125159205,2,4,13.555196880819558,7,0.9998438059457013,0,0.0,0
1791,43.84500823589316,4,2,3.8191223705075403,2,0.5810135533612388,0,0.0,0
1792,51.81791843017,4,6,0.0,2,0.2689440694752022,0,0.0,0
1793,44.994093370786814,3,4,19.997167391987674,1,0.6411246151317466,0,0.0,0
1794,53.74369323499718,3,4,4.584568768328076,5,0.9485632055519326,0,0.0,0
1795,54.01440372784756,4,1,0.6803762542299197,7,0.9721599699100486,2,9658.06273290054,1
1796,35.00973224016345,3,2,22.626960016529694,5,1.0000283968169204,0,0.0,0
1797,50.00915788335265,1,6,9.624331807063518,7,1.0001194876884623,0,0.0,0
1798,58.205536855632154,1,5,8.604221287602192,5,0.5198978352238407,0,0.0,0
1799,44.5723928483132,2,2,8.701473888182177,3,0.49608323217810707,0,0.0,0
1800,50.41333157064434,2,4,20.000280882483658,7,0.9607507633737131,0,0.0,0
1801,42.16634351035428,6,3,21.861028555868383,0,0.999775189407555,0,0.0,0
1802,32.567938325925844,5,2,6.854694306228861,5,0.23956612787631876,0,0.0,0
1803,46.0812954943105,1,4,11.372858851107061,6,0.0,0,0.0,0
1804,68.82516646463014,1,2,12.252738914250067,3,0.3934321579023215,0,0.0,0
1805,35.53024712277747,1,2,5.683682506101434,6,0.9998709098602976,0,0.0,0
1806,47.33593166415018,3,4,10.3739359026156,7,0.8247862296257207,0,0.0,0
1807,33.784767512486866,5,1,16.23804434551811,2,0.722949519134686,0,0.0,0
1808,54.029330569792826,4,3,12.406552949789406,7,0.41528366117539484,0,0.0,0
1809,36.86248820998917,5,4,3.204342555938073,4,0.568681182205065,0,0.0,0
1810,36.62469282073783,2,1,20.00483126574268,3,0.3357684590698073,0,0.0,0
1811,56.89243162202899,2,3,3.2426003851155274,3,0.9478373309485608,0,0.0,0
1812,64.41613270630643,2,3,15.58909367876085,5,0.49696866654590544,0,0.0,0
1813,39.62939164178982,1,1,15.148305693271993,4,0.5013149802159719,0,0.0,0
1814,75.14105596003836,5,4,6.450394929911692,7,0.9990825753709545,0,0.0,0
1815,44.3839069886313,2,4,6.551306094933875,6,0.7990329122142288,0,0.0,0
1816,56.010182848029665,1,6,13.2326884803369,3,0.30425690724347915,0,0.0,0
1817,44.76512409167866,3,7,15.201453572201682,1,0.9990014450213063,0,0.0,0
1818,35.37737456885745,3,6,14.751912597727507,6,0.38625533804490997,0,0.0,0
1819,63.227045349939885,3,5,20.005469784083168,1,0.44694591832906894,0,0.0,0
1820,39.23571181946725,2,6,11.554440121100994,6,1.2343672067528813,0,0.0,0
1821,57.2471612190331,3,6,14.750196077331822,4,0.2682200290525667,0,0.0,0
1822,43.96935691434519,3,2,9.190436271373349,4,0.3509036988249362,0,0.0,0
1823,47.71706970385547,3,5,21.12582624643455,7,1.0003758837645573,0,0.0,0
1824,38.8196070413165,1,4,13.285990097548444,0,8.149882974839429e-05,0,0.0,0
1825,38.569071855875386,5,6,13.875717389797943,6,0.0,0,0.0,0
1826,56.56964007932174,4,3,10.322805152385865,7,1.0003085396004188,0,0.0,0
1827,66.14903272763257,2,6,14.09601516455472,7,1.0000894720518931,0,0.0,0
1828,29.716098265559097,3,6,12.245399451806517,1,1.06831425543061,0,0.0,0
1829,50.86042077431202,2,5,19.993480487596823,1,1.0001191302564847,0,0.0,0
1830,37.179506170209784,6,2,3.596906537435289,7,0.4999558040811247,0,0.0,0
1831,28.701790277012762,1,4,9.343412241758072,1,0.9430599412271108,0,0.0,0
1832,41.13605158559535,3,3,7.356943949215344,2,1.0002389394310034,0,0.0,0
1833,40.597400124356895,3,3,7.026855091958914,4,0.3291377693118129,0,0.0,0
1834,16.877984811879873,4,5,17.331610974984812,1,0.9085815645250273,0,0.0,0
1835,56.567094356187056,3,2,10.05390365376989,7,0.14901677173201577,0,0.0,0
1836,55.27879886176043,2,1,12.14586795223251,7,0.9883113700066786,0,0.0,0
1837,55.00262719767051,3,4,19.996253830984664,3,0.9999852648373934,0,0.0,0
1838,54.23291380642476,3,6,10.841590369942518,7,0.7103280363562091,0,0.0,0
1839,44.19736629272552,5,6,16.922153540236373,7,0.9995273901867309,0,0.0,0
1840,35.6588312500748,5,2,18.943217208156668,7,0.28602602245212927,0,0.0,0
1841,27.129220714344953,3,4,0.0,7,0.5840508032094682,0,0.0,0
1842,24.038472721802272,6,6,3.585923858055888,1,0.3476639909904803,0,0.0,0
1843,32.26635295081738,4,3,4.016702748502725,1,0.9994992153820359,0,0.0,0
1844,48.8301000375863,2,3,7.6900568002127745,3,0.0689370635071671,0,0.0,0
1845,36.18815972043337,1,4,0.0,3,0.2551350934365111,0,0.0,0
1846,44.43566834257509,4,3,9.762501217234142,5,0.8017826995542064,0,0.0,0
1847,40.5712492941865,3,4,20.98108278866842,7,0.011949345489491892,0,0.0,0
1848,57.66539213758725,2,6,8.165922739059903,7,1.0006547020661631,0,0.0,0
1849,56.092877782034925,5,3,11.532698016206163,7,0.8806027298243163,0,0.0,0
1850,56.420986520841076,4,3,2.484929439922432,3,0.4451551074395347,0,0.0,0
1851,47.41101516741491,3,3,9.633853693831316,7,0.9997751195609981,0,0.0,0
1852,24.7657613158022,2,6,17.0096217257804,3,0.7704594373279665,0,0.0,0
1853,27.131895738585488,2,3,0.0,2,0.9999054101396725,0,0.0,0
1854,9.915978301477288,4,5,12.07685062552935,6,0.6318559859507398,0,0.0,0
1855,27.359637861947032,7,2,12.450004404869642,5,0.33538934183546804,0,0.0,0
1856,46.607332202426214,5,3,15.439265503335822,7,1.0001343858367422,0,0.0,0
1857,48.98706387878996,5,6,3.1680928974165568,7,0.5126458952368166,0,0.0,0
1858,40.32035593998576,3,6,21.984443934909926,1,1.0337527562931592,0,0.0,0
1859,56.921411607790795,2,3,1.5439525454375715,4,0.4044509894438879,0,0.0,0
1860,44.669294186201185,3,1,0.0,7,0.9000541979486002,0,0.0,0
1861,41.82654224348475,4,7,3.238180114485221,7,0.32201724889693023,0,0.0,0
1862,29.98354873767711,1,6,18.788570249595235,6,0.6822430184864715,0,0.0,0
1863,42.654952868801466,2,3,12.682205506662479,0,0.9993541085249746,0,0.0,0
1864,30.498175682098513,3,5,15.700996847789828,2,0.9995145103441684,0,0.0,0
1865,51.87509548329065,3,1,16.51178205163637,4,0.974703429535045,0,0.0,0
1866,28.481088029282592,4,6,14.954430737963767,7,0.4562514984988366,0,0.0,0
1867,18.100415075595986,2,3,15.790373115794356,5,0.5595247499310094,0,0.0,0
1868,48.00523436479679,2,3,2.9503223955855535,0,1.0001186972291054,0,0.0,0
1869,48.46594602618656,3,6,10.658308858808528,3,0.5014934706283731,0,0.0,0
1870,39.09956146744179,5,6,17.456975582128898,1,0.04818967991208267,0,0.0,0
1871,26.92298808004079,3,6,0.0,2,0.4513603872097878,0,0.0,0
1872,64.31844850094114,1,4,20.010884699715216,3,0.4975477760369524,0,0.0,0
1873,23.50285456089092,3,3,9.46997647173664,4,0.7613410662297161,0,0.0,0
1874,57.91081871429318,3,1,3.761225185804615,7,1.000469276774648,0,0.0,0
1875,46.90168337688088,1,4,18.016690567836854,4,0.09458339718380782,0,0.0,0
1876,46.129538954214524,2,5,0.0,4,0.13951519914040467,0,0.0,0
1877,40.37305388736745,2,6,17.456926129978974,2,0.46106087411095736,0,0.0,0
1878,59.58484472639557,3,2,19.120800515566366,2,0.9997990117618073,0,0.0,0
1879,44.802252724572426,4,2,9.980884746129153,7,0.25178543883036925,0,0.0,0
1880,46.817174887424734,6,6,15.896169182189775,5,0.3631332998269801,0,0.0,0
1881,31.656722855871152,4,4,12.123848170217315,7,0.6777733482010165,0,0.0,0
1882,41.660451874375575,2,3,9.463921536777653,2,1.0000706087835531,0,0.0,0
1883,36.714115896742804,3,3,8.128162925777856,3,0.9447498217096788,0,0.0,0
1884,29.758666246226525,4,2,16.745286395289398,4,0.9561835397258279,0,0.0,0
1885,23.919220769374007,3,1,13.83041360872433,2,0.5002970743183391,0,0.0,0
1886,58.044226685965256,2,4,20.000919048703295,0,0.9998476687107384,0,0.0,0
1887,50.257341338235484,2,4,20.2659001367417,2,0.12612890769415874,0,0.0,0
1888,43.47314713851052,3,6,1.9259890275360725,3,0.5395372532568438,0,0.0,0
1889,52.018869076065954,4,6,12.601945746946043,5,0.5845500025632206,0,0.0,0
1890,30.308489480582487,3,4,17.60944866683699,1,0.9999110541774305,0,0.0,0
1891,35.61979624196907,1,6,14.423750967031417,7,0.9866580306898589,0,0.0,0
1892,35.664947221642024,2,3,3.8976150065937736,2,1.0768382045062186,0,0.0,0
1893,50.494287311429154,4,4,19.999558799240326,3,0.5038321572407216,0,0.0,0
1894,53.40413139564285,3,2,15.326054050294733,7,1.00038193476193,0,0.0,0
1895,49.72741313127667,2,6,0.5612067176698492,7,0.133728087837654,0,0.0,0
1896,41.486299398565585,2,6,14.738485910675127,3,0.5423953158097692,0,0.0,0
1897,39.08301574948557,3,6,12.555913667801086,6,0.4759903406512015,0,0.0,0
1898,46.18408437640268,3,1,11.953640827823952,4,0.5644817221790748,0,0.0,0
1899,42.36626051882221,2,1,12.590728659343018,1,0.5209263352253162,0,0.0,0
1900,64.14675616090977,3,1,0.0,7,0.9998442598603031,0,0.0,0
1901,37.772841272413785,4,2,10.216545621270711,6,0.19550566902252065,0,0.0,0
1902,34.694321955775756,2,3,0.0,7,0.7382388882306139,0,0.0,0
1903,55.11498742093353,3,2,1.317073027215942,2,0.3421448247551655,0,0.0,0
1904,32.30209771278558,3,3,11.01432353961742,3,0.04549991552546606,0,0.0,0
1905,45.487191709766655,2,6,12.414249563848509,6,1.4456614983801543,0,0.0,0
1906,44.662578861735255,2,7,9.522253170589572,5,0.10119247100179851,0,0.0,0
1907,58.740452937539885,5,6,13.33325277984289,7,0.7180558178033549,0,0.0,0
1908,29.562579487102692,2,6,18.099449086887418,6,0.8566260067361433,0,0.0,0
1909,40.72789275013979,3,1,20.004211756108248,4,0.777985857422786,0,0.0,0
1910,60.60341362129299,5,1,10.142699627360612,4,0.9998648493780209,0,0.0,0
1911,30.624948228348213,3,3,15.518473552163908,2,0.9996947856036772,0,0.0,0
1912,39.58375980712183,5,6,6.981450457553323,2,0.9818969196857752,0,0.0,0
1913,46.19083718337337,2,5,11.255977575867481,7,0.9995957638789426,0,0.0,0
1914,45.98935881387966,5,6,0.0,2,0.8648846957479671,0,0.0,0
1915,14.124162034366908,2,2,14.01652718823799,1,0.11975571718623612,0,0.0,0
1916,49.555340259800076,2,6,9.674647184399898,3,0.4708676481230792,0,0.0,0
1917,58.79218898341365,1,3,10.604523013968624,2,1.0007292584678937,0,0.0,0
1918,35.94363709521737,0,2,6.365283416509578,7,0.6160654248829491,0,0.0,0
1919,41.34653592644948,4,6,20.528982948772992,2,0.4398290579243916,0,0.0,0
1920,29.446506910247916,4,1,12.92728159848037,4,0.1204754808928552,0,0.0,0
1921,31.703310394804664,3,2,18.35098177503588,1,0.31791142026772384,0,0.0,0
1922,37.89557041724095,3,6,0.0,1,0.7948903614383209,0,0.0,0
1923,54.83194938724522,0,6,0.0,7,0.3864347957658239,0,0.0,0
1924,48.01728464157536,2,3,15.332759776430764,5,0.4986039046075463,0,0.0,0
1925,29.523548222610227,3,1,0.0,4,0.9411639424119482,0,0.0,0
1926,49.91326952422914,2,3,9.684265035193391,4,1.0003311684378429,0,0.0,0
1927,44.59650305062665,2,3,6.593143424679354,2,0.999279346396489,0,0.0,0
1928,49.39927134833971,3,6,16.774785302494664,7,0.9574647618574084,0,0.0,0
1929,51.67205474679403,3,2,8.635108558770789,7,1.000169984580196,0,0.0,0
1930,68.13492625809681,1,1,20.004109714782686,0,0.4477296483510381,0,0.0,0
1931,32.57632251809318,1,5,10.310932762100185,0,0.7072194104398601,0,0.0,0
1932,31.3270458917998,3,2,12.579106375980587,1,1.0003380486759657,0,0.0,0
1933,37.6461367968905,5,1,10.711083069893688,5,0.501694530786954,0,0.0,0
1934,51.36454870068137,3,4,14.426370610666769,3,0.3720454965319958,0,0.0,0
1935,31.418238453273496,3,4,15.678057839585648,4,0.9722717787552044,0,0.0,0
1936,55.448566842885576,4,1,5.0708057373855535,4,0.5000451343630512,0,0.0,0
1937,23.895245141911584,1,6,18.620417540237074,5,0.6162026810043744,0,0.0,0
1938,53.34039479837374,4,4,15.924254719812662,7,0.3814065534886482,0,0.0,0
1939,12.24164927390289,3,3,7.80645121181858,3,0.7527221795634756,0,0.0,0
1940,39.55716813384127,5,1,11.173065177238708,3,0.5050409973802334,0,0.0,0
1941,39.58292034262398,4,3,5.122694801801832,3,0.12244488709547441,0,0.0,0
1942,36.517256341812725,2,3,14.83541152580084,7,0.4199218646066191,0,0.0,0
1943,62.04582053391709,2,1,19.635138339323788,7,0.9998127466819288,0,0.0,0
1944,50.07617281590224,3,3,19.995346343764815,1,1.0001926623976023,0,0.0,0
1945,56.74745126269559,2,1,2.270106516901583,4,0.5044787445067638,0,0.0,0
1946,25.126720786197943,2,6,4.672221642890301,3,0.8187257832280592,0,0.0,0
1947,41.49397946125542,2,5,13.804165536552713,2,0.9305992317633452,0,0.0,0
1948,48.63675788709904,3,6,8.66305906902413,3,0.3682148870041907,0,0.0,0
1949,22.576833205669935,4,2,13.599518048344116,2,0.5732969118788497,0,0.0,0
1950,58.80520509988407,3,4,18.242502086574813,4,0.5131099249303818,0,0.0,0
1951,35.074545291883766,3,2,15.405549903011215,1,0.6725121717634098,0,0.0,0
1952,39.1516624452829,4,3,19.73663164155967,1,0.21064933979706507,0,0.0,0
1953,24.88582883760705,4,1,4.494425222165133,3,0.5804498478342098,0,0.0,0
1954,25.043008976652075,2,2,1.9051695278733476,6,0.7888194854967652,0,0.0,0
1955,34.38773002151852,3,3,5.252335206189196,1,0.32607166606576815,0,0.0,0
1956,28.320083998525227,4,3,7.136048744717479,2,0.5927082048071,0,0.0,0
1957,17.946926960589604,3,6,6.57469621718095,6,0.5386288765771428,0,0.0,0
1958,58.539985561121526,1,5,6.27141867752238,7,0.9996214216339033,0,0.0,0
1959,46.8947339720432,3,6,12.410578976600172,7,1.0002657822546808,0,0.0,0
1960,50.39722887796431,1,6,14.388861227215743,1,0.9932892789235994,0,0.0,0
1961,18.05681276310489,3,2,3.277717578114162,7,0.0,0,0.0,0
1962,23.575754395602477,5,3,23.587441038527245,4,0.9048906726573314,0,0.0,0
1963,25.39895886838162,4,3,25.062113810119186,7,0.47481101087167676,0,0.0,0
1964,35.27805981830073,3,6,14.763919702907849,3,1.033373812979701,0,0.0,0
1965,49.242238476963344,4,3,7.720974545487371,3,0.6699498170570183,0,0.0,0
1966,23.66123800264132,2,2,4.759791553608603,4,0.12572963510835422,0,0.0,0
1967,44.46342397507942,4,6,18.991152065865133,7,1.0003911223691977,0,0.0,0
1968,31.649288038738543,3,3,7.678438654666957,1,0.1665954510347859,0,0.0,0
1969,65.84764634062996,2,3,2.312961133316225,7,0.4109010051301958,0,0.0,0
1970,26.935002375094427,3,6,8.599689550601905,2,0.7806570972963229,0,0.0,0
1971,47.68448002550851,4,4,19.994063019986612,1,0.9999960960312588,0,0.0,0
1972,44.21776974285196,2,3,17.98313902047396,2,0.9554288801932931,0,0.0,0
1973,36.62583444446324,4,3,12.909385550341495,3,0.3337405603086508,0,0.0,0
1974,29.571939379088807,3,6,13.586666810889474,2,1.0001300305103373,0,0.0,0
1975,16.837101650113535,2,2,3.6748330794416635,7,0.2786804283202575,0,0.0,0
1976,46.11228630953131,3,7,15.816482722250397,7,0.10077073383779733,0,0.0,0
1977,42.55524599959374,3,1,10.472464201105714,0,0.3549357077943876,0,0.0,0
1978,42.50023010210335,3,1,1.0662924048830433,4,0.2088593758709748,0,0.0,0
1979,44.207619062761395,4,6,2.3877191111845733,7,1.0000938012293803,0,0.0,0
1980,43.53079598244546,4,5,19.99703916919482,1,0.7113903759966357,0,0.0,0
1981,29.73941046893151,1,4,0.0,2,0.33339370299097826,0,0.0,0
1982,48.39538087794001,2,2,7.6420422225359514,4,0.5516329831134158,0,0.0,0
1983,27.203592151652266,4,2,7.110996440163854,2,0.08561972395415829,0,0.0,0
1984,32.41827207408256,3,1,15.949209452823908,5,0.9169560787887547,0,0.0,0
1985,50.79097258824407,3,4,20.003639230290634,7,1.0047269930628704,0,0.0,0
1986,52.84807004113763,4,3,3.4523324641736384,1,0.3736445368592717,0,0.0,0
1987,41.89751380805451,3,7,12.844233207021215,8,0.48807117694366586,0,0.0,0
1988,53.31776604290084,3,1,12.400798601459451,5,0.9997254154774201,0,0.0,0
1989,56.7522776950708,1,5,8.376240694443819,4,0.4504571084356556,0,0.0,0
1990,74.67425159063544,3,4,3.766069957193098,7,1.393987176069984,0,0.0,0
1991,43.66876399604262,3,4,4.775985842893768,1,0.2719624911307342,0,0.0,0
1992,40.25760827051883,3,4,19.98358664777019,7,0.9676668093372855,0,0.0,0
1993,46.73393334854251,2,6,14.250822042272366,2,0.5249295700949355,0,0.0,0
1994,23.038619398123632,5,5,12.795702475814624,6,0.22965982692647463,0,0.0,0
1995,26.917075622990236,4,4,19.99659875750053,1,1.000217218347982,0,0.0,0
1996,47.14814812229305,3,2,6.019091297670044,2,0.6560198156367527,0,0.0,0
1997,45.125549307435264,3,6,0.0,7,1.0000903771522118,0,0.0,0
1998,47.93398542646934,4,5,5.447688028054629,3,0.5016897027320444,0,0.0,0
1999,46.93858099469833,2,2,0.0,7,1.0002728287114482,0,0.0,0
2000,47.7573145910436,3,6,16.72613949986698,4,0.56000206548271,0,0.0,0
2001,37.57502807716112,3,4,9.023753817152897,1,0.015062501231174696,0,0.0,0
2002,62.1686648536713,1,5,14.846072077260025,4,0.24453456915960542,0,0.0,0
2003,41.63221470899168,3,1,7.7956400598468125,7,1.0000919539787059,0,0.0,0
2004,29.337184715151416,1,4,0.0,3,0.028897559926438277,0,0.0,0
2005,26.00117593915376,3,2,13.016487268597418,5,0.44633233348118584,0,0.0,0
2006,51.13138087582006,5,1,3.6595503910300415,2,0.221179882884865,0,0.0,0
2007,47.465157087742725,3,4,1.9739117001138116,2,0.6343052500987302,0,0.0,0
2008,35.14184875632928,1,3,10.736949792179272,0,0.3312295329910855,0,0.0,0
2009,41.86031456957607,3,3,8.257599308836483,4,1.0000855969549005,0,0.0,0
2010,38.05759713719878,4,3,6.486135435275379,5,0.9996132466927559,0,0.0,0
2011,60.39173860295091,3,3,0.0,1,0.49512541651730324,0,0.0,0
2012,30.955692826929457,2,3,25.24226715258307,2,0.2662675128036538,0,0.0,0
2013,31.488804940338333,3,3,13.205643491570704,4,0.9996510112141269,0,0.0,0
2014,21.75343020244532,5,7,8.091131552304372,4,0.1637015575743378,0,0.0,0
2015,50.61126988879758,3,6,15.019670441008058,2,0.29004443371845295,0,0.0,0
2016,45.660397635803115,4,6,11.748642519690456,4,0.9996120430720636,0,0.0,0
2017,40.847419216311025,4,0,12.386666623278677,6,0.3885662379368498,0,0.0,0
2018,30.192064872386347,1,2,7.352340820650072,7,0.6105449534799199,0,0.0,0
2019,26.46258755292837,3,1,5.589849538933032,3,0.9997248253574675,0,0.0,0
2020,62.94097067421351,2,3,7.697973285206251,7,0.8305416606401277,0,0.0,0
2021,44.83510973808314,4,3,14.817671756088416,7,1.00004422515735,0,0.0,0
2022,21.238052082268826,3,6,0.0,3,0.3812468552015152,0,0.0,0
2023,59.11050235882094,1,3,14.508350933416626,2,0.27287147259894684,0,0.0,0
2024,43.51523379108723,2,6,22.785050146999392,7,0.0151874154445224,0,0.0,0
2025,51.02808920194484,4,4,20.000310024361653,7,0.9999073412301085,0,0.0,0
2026,49.75599036854058,4,6,17.647355242032074,0,0.47961042843817414,0,0.0,0
2027,35.66011925557652,3,6,19.226661961561305,1,1.0004243648112463,0,0.0,0
2028,21.080443968910917,0,3,0.0,6,0.2619689980560715,0,0.0,0
2029,55.57500685918432,3,3,8.22100863275988,7,0.999577498112552,0,0.0,0
2030,33.779300856752926,2,6,12.39532907039962,3,0.584679576205096,0,0.0,0
2031,57.76522363330988,3,2,14.379169869510399,7,1.0000232464116086,0,0.0,0
2032,49.90900002522598,3,1,10.190143584469487,3,0.5666672796642188,0,0.0,0
2033,61.07423464305491,4,2,10.665717500638499,7,0.7922317257300989,0,0.0,0
2034,51.796205195762205,2,6,9.927389898200333,7,1.0001326894961784,0,0.0,0
2035,28.763650969209948,3,2,10.508452961944862,6,0.1751235934349603,0,0.0,0
2036,68.36240411214993,2,1,13.447123525653629,4,0.49856970914291177,0,0.0,0
2037,39.73199798366326,1,2,2.927260894873225,6,0.5564808941326388,0,0.0,0
2038,53.57257750810303,4,3,6.415806313638172,5,1.00032102646123,0,0.0,0
2039,48.4613787914942,3,2,16.156747770523687,3,0.9916888493401337,0,0.0,0
2040,49.65683017753943,6,2,12.495524149032214,1,0.7713060224549554,0,0.0,0
2041,31.837390234997066,5,6,12.753818697499135,3,0.22324098367603712,0,0.0,0
2042,22.345667549840606,3,1,1.0480144614041844,4,0.9316448282406159,0,0.0,0
2043,58.60587765491188,7,4,20.062510359412737,1,0.9378932260663757,0,0.0,0
2044,30.124572578224754,4,6,7.19619766040176,3,0.4165172663493496,0,0.0,0
2045,23.525328253701662,1,6,10.821316141200334,1,0.6961916121231854,0,0.0,0
2046,67.0276635449145,3,4,20.006254379787965,2,0.5044960204584841,0,0.0,0
2047,24.842297914362987,5,3,19.994933366959117,1,0.6952298222938846,0,0.0,0
2048,32.23792494042132,2,7,10.626018968848207,1,0.4133628958321947,0,0.0,0
2049,35.46980502165927,2,3,15.90817877465797,7,1.0003037803566972,0,0.0,0
2050,38.34705423441848,4,6,24.975625974785252,7,0.27973128217469007,0,0.0,0
2051,61.16675638193854,2,3,9.892108127601793,7,1.0004794050980408,0,0.0,0
2052,62.16637135252445,3,3,8.533623233878718,6,0.5003656392956498,0,0.0,0
2053,41.88134475223019,3,6,17.49440651974653,5,0.23633926871405198,0,0.0,0
2054,46.26426816669807,5,2,10.893896539826342,6,1.000127877469621,0,0.0,0
2055,34.129616089337304,3,1,19.989567977878576,2,0.6513199382589783,0,0.0,0
2056,44.8474444704418,1,5,0.0,4,0.5043646043061457,0,0.0,0
2057,25.26096805078704,3,4,0.0,1,0.5902134128527896,0,0.0,0
2058,44.500141522525105,3,3,15.091600427453228,4,0.9997760781929113,0,0.0,0
2059,22.392232655717013,5,1,10.031644889744076,1,0.9129793825868481,0,0.0,0
2060,33.783125106114575,4,6,5.713088908445662,7,0.6116215929967607,0,0.0,0
2061,47.29766204098797,3,3,10.396669017464294,5,0.9993435548675441,0,0.0,0
2062,31.289373048364766,2,3,7.12115511758371,2,0.9995318813251852,0,0.0,0
2063,1.7084064624574182,3,5,16.958985816624807,1,0.34929091385871613,0,0.0,0
2064,48.92959040506434,2,3,20.204726073780726,2,0.18870554578954507,0,0.0,0
2065,30.71977711857111,4,6,1.9518744073587921,7,0.9992962367388345,0,0.0,0
2066,39.58759576326494,4,6,16.68487342892937,0,0.2262492034117759,0,0.0,0
2067,80.88353954065191,5,3,9.83994925527914,3,0.5015737528315726,0,0.0,0
2068,44.495975735689875,4,6,2.1375956504362534,7,1.0001461973806896,0,0.0,0
2069,49.252488131334346,5,1,3.632603816420862,2,0.49832875035546653,0,0.0,0
2070,25.076489134466176,4,2,14.026197388322327,5,0.5455272996909746,0,0.0,0
2071,53.76403438612864,3,5,8.515969627042681,7,0.49871640883558394,0,0.0,0
2072,47.585260106937014,4,3,8.612404205184355,3,0.9753133991902022,0,0.0,0
2073,48.93914454557337,3,3,20.00725536138119,4,0.0967177638289567,0,0.0,0
2074,29.65578320256415,4,2,20.781299782908516,1,0.4643161916993312,0,0.0,0
2075,45.69295066739847,2,1,19.998224474016425,3,0.46541690788716333,0,0.0,0
2076,37.533453469433105,3,6,0.06792850498787573,2,0.16481814785818683,0,0.0,0
2077,17.860137747458147,3,1,12.574351118797756,6,0.9424559772148897,0,0.0,0
2078,53.657837980105434,1,4,8.502774148478634,4,0.6280385524902522,0,0.0,0
2079,33.59049068626078,3,1,7.543288667769045,7,0.9396295263466417,0,0.0,0
2080,64.38884552539632,3,3,15.763017869491591,1,0.9620995377375008,0,0.0,0
2081,17.340439211764046,4,3,6.206735272698532,0,0.4694012043043046,0,0.0,0
2082,27.766744440042302,4,6,5.956950252568307,0,0.11160941957301918,0,0.0,0
2083,42.49428528522481,3,1,11.942238898139761,4,0.9999833055768166,0,0.0,0
2084,39.349540581879744,2,1,10.833132298588627,3,0.4536654275706267,0,0.0,0
2085,23.93796312907087,4,2,5.448119688993594,5,0.08420269786211365,0,0.0,0
2086,48.040909463850596,2,3,13.886674045115662,7,0.6044019270255836,0,0.0,0
2087,46.14165797205058,3,3,16.65765243987161,3,1.000083111510381,0,0.0,0
2088,52.44905864940724,3,5,13.729965584299528,3,0.3245461424259738,0,0.0,0
2089,37.71595050295284,1,2,6.677303741831332,7,0.07237183978467521,0,0.0,0
2090,74.03991858992076,5,6,6.241819061119792,6,0.46752824184353076,0,0.0,0
2091,38.731620459869966,4,3,11.284325530263123,7,0.9996004874710418,0,0.0,0
2092,49.65341546837916,4,3,13.214591860344566,4,0.9998706910786278,0,0.0,0
2093,25.29022023308973,3,4,17.426862992096986,2,0.0,0,0.0,0
2094,54.26772511683191,2,6,16.204595986853736,5,1.017881681264467,1,6481.276043855819,1
2095,29.54130482052811,3,1,5.425644142910539,6,1.000001427518194,0,0.0,0
2096,80.77570868034674,2,0,23.191875220179952,7,0.972081194492435,0,0.0,0
2097,34.82718857144988,3,3,11.281546811509699,0,1.0000223501495717,0,0.0,0
2098,22.07389204693952,3,5,20.00238738929354,1,0.997652925533553,0,0.0,0
2099,52.76173977813413,4,6,9.211351395421936,3,0.9997991393236926,0,0.0,0
2100,18.961578947838802,2,5,3.534095221609273,1,0.7890098040081314,0,0.0,0
2101,38.12175085868154,4,1,16.381039198873157,1,0.9996672374324744,0,0.0,0
2102,59.8343650750747,2,3,16.753449615733388,7,0.9309229273045541,0,0.0,0
2103,31.834852790107078,3,3,10.801654153169546,7,0.9623895755315406,0,0.0,0
2104,47.49753010126726,3,1,4.918541587003436,3,0.9632247412290134,0,0.0,0
2105,21.646572838707502,1,4,11.028427305167908,2,0.35272875544354415,0,0.0,0
2106,29.084945624780126,4,6,15.32841022415454,7,0.7273074799598646,0,0.0,0
2107,31.321931242488155,5,6,11.244656904914144,7,0.47656694694526214,0,0.0,0
2108,44.96887524792405,6,1,3.501475382392524,5,0.2183005956728825,0,0.0,0
2109,28.105363476280402,4,3,5.870382765917922,1,0.5562866799820272,0,0.0,0
2110,37.39478682924407,3,2,16.168982021946945,4,0.9998868947745323,0,0.0,0
2111,53.379439760380464,2,1,10.538472423310541,3,0.49776916946239175,0,0.0,0
2112,46.09374058272529,2,3,8.003358087540425,7,1.0000811152663318,0,0.0,0
2113,33.4119669831498,3,2,12.282720479686185,7,0.5522192695897727,0,0.0,0
2114,25.97062003058273,2,6,16.370753051629276,7,0.5590830840052134,0,0.0,0
2115,38.97978884398691,2,3,8.693682837173277,1,0.9145596457755657,0,0.0,0
2116,32.10342403110903,2,6,15.337326954993802,1,0.9992410341951665,0,0.0,0
2117,35.20857624107585,4,6,5.0610543075951675,7,1.0004216673687572,0,0.0,0
2118,53.20092080814573,3,1,10.128873872001734,3,0.9999299918978436,0,0.0,0
2119,41.405958000705255,2,1,12.28172149659547,7,0.4964132220040748,0,0.0,0
2120,47.858471596803064,3,3,15.269956243013127,2,0.999460149266352,0,0.0,0
2121,47.53408448124244,3,5,5.4842032093107465,3,0.0,0,0.0,0
2122,53.45081895421845,3,3,15.81804559692299,7,0.9998966554173875,0,0.0,0
2123,17.434767455034827,3,4,14.652259823877445,2,1.0007214308072092,0,0.0,0
2124,50.55344390763306,3,2,2.932361801764918,7,0.9998183538648084,0,0.0,0
2125,32.319336105866896,2,3,16.084416027255624,1,0.9998330592539608,0,0.0,0
2126,53.025267265226276,1,1,14.225573681560526,1,0.26083693529281254,0,0.0,0
2127,45.436944231754914,3,6,10.594970301373614,7,0.9998801521799867,0,0.0,0
2128,47.828041219454185,2,3,15.589814645968502,7,1.000231872529421,0,0.0,0
2129,52.92853263814849,2,6,4.7598010702185025,6,0.6863081060229156,0,0.0,0
2130,51.64330374858915,1,6,15.49799751533716,7,1.0004429722065464,0,0.0,0
2131,49.90500127828665,2,1,12.310995340705942,4,0.8005288898591775,0,0.0,0
2132,36.07574248574481,2,2,3.9419873008979787,7,0.5037067214146258,0,0.0,0
2133,30.87199773014627,1,3,5.599860840148328,3,0.9453404050410339,0,0.0,0
2134,16.587568357238663,2,1,7.093506687909926,2,1.0798661680180741,0,0.0,0
2135,34.852105409548564,4,1,15.655532700826697,5,0.37219825827803205,0,0.0,0
2136,44.011443342784226,3,5,2.3381375072439337,2,0.3939037436110914,0,0.0,0
2137,32.45681831818627,3,1,19.990869936474546,0,0.2347519212458229,0,0.0,0
2138,42.495118211372215,1,3,0.0,0,1.0006681112009652,0,0.0,0
2139,60.32821754989216,5,1,16.975038911228573,7,0.9493325035816134,0,0.0,0
2140,41.83660664957379,2,3,2.5450099705317193,1,0.9998569663581468,0,0.0,0
2141,28.10665737054456,3,4,24.50163438940247,3,0.18879339805070727,0,0.0,0
2142,46.346295286263874,1,5,11.100627206608362,6,0.9777838404261738,0,0.0,0
2143,60.16426864325331,1,6,3.963487526737792,7,1.000479534047299,0,0.0,0
2144,58.564070656816654,2,6,9.710562339283792,2,0.7399508765384395,1,15614.647992885408,1
2145,27.090116693935485,2,1,4.390771101051693,1,0.6821485138880565,0,0.0,0
2146,43.84055377719233,4,3,3.1589734620057337,7,0.9999104139850659,1,6140.426907232417,1
2147,24.102123411708533,2,3,1.6429678954923297,1,1.0004873684857118,0,0.0,0
2148,67.37201004526632,4,2,4.2550363056518945,7,1.0000187101855464,0,0.0,0
2149,38.93378465774446,3,2,9.384142916736641,7,0.9994834017885258,0,0.0,0
2150,10.326402020178008,3,5,15.96673935787841,1,0.4490728155323085,0,0.0,0
2151,35.86568416178871,3,1,14.058624798513568,2,0.029823326217500834,0,0.0,0
2152,46.88979673115253,2,4,20.00315336458113,5,1.0004091223579534,0,0.0,0
2153,47.525192716610356,4,3,5.4895516409788785,5,0.4992520480917196,0,0.0,0
2154,51.51633252694124,2,6,0.0,1,0.0,0,0.0,0
2155,28.449867341503726,3,3,0.0,1,0.30766900735318903,0,0.0,0
2156,44.29047181566042,4,3,9.640582855521648,1,1.000265335715902,0,0.0,0
2157,54.3870685262594,3,4,17.920913794175338,1,1.0005798455353774,0,0.0,0
2158,44.361740577143195,3,4,13.27579540866968,2,1.0003925751792744,0,0.0,0
2159,38.50394553975589,3,1,17.639470616534442,3,0.999945473436544,0,0.0,0
2160,28.45210979634457,4,4,2.254560528332508,7,0.0,0,0.0,0
2161,48.63960179496839,6,3,3.203692663407802,2,0.3505836643445023,0,0.0,0
2162,42.10451664704399,3,2,8.001010002669661,3,1.0007577147907434,0,0.0,0
2163,46.64139891884102,1,3,3.510947337794044,5,0.5295464029216368,0,0.0,0
2164,54.52773199723138,6,6,5.17350545808608,7,0.20245188836375333,0,0.0,0
2165,45.261068816009015,4,1,0.2578958443285604,2,0.5830071107078674,1,13443.614939109484,1
2166,45.70302679262831,3,6,17.954044677984996,7,0.40197567122734174,0,0.0,0
2167,38.37321702781684,2,3,20.01014724317932,1,0.17697981082952152,0,0.0,0
2168,36.4400019033413,3,1,15.251804668323407,7,0.9994897058183114,0,0.0,0
2169,54.54930972928632,4,2,13.678313264882547,1,0.6073362656798301,0,0.0,0
2170,22.476926877554664,1,6,15.386888611437971,4,0.2236250991287702,0,0.0,0
2171,50.69597800181137,3,1,13.273104765663682,3,1.000093598364641,0,0.0,0
2172,23.80982868068487,4,6,22.40341301959906,6,1.000551250590988,0,0.0,0
2173,26.611578536834674,5,2,9.341809554777683,4,0.5928158450675319,0,0.0,0
2174,27.892925200188344,3,6,17.726152804312036,0,0.7977155376935336,0,0.0,0
2175,24.408188407705488,3,4,20.0050306960258,1,0.4939157081895865,0,0.0,0
2176,25.274375253220157,5,2,5.911096842970961,2,0.8869273034141663,1,47915.003402599075,1
2177,46.28056856932956,2,2,18.271994225258478,1,0.0,0,0.0,0
2178,28.81317268348581,2,2,6.310530121104732,7,0.9992755624396821,0,0.0,0
2179,46.70916251499858,3,2,5.313937001418915,1,0.06414943929716088,0,0.0,0
2180,38.20371035132111,4,2,8.062739092536228,6,0.5528376839635436,0,0.0,0
2181,51.88067957628601,3,2,17.360141892546444,2,0.6558027253711971,0,0.0,0
2182,46.91120330565859,1,1,9.341032765955216,7,1.0002894273058516,0,0.0,0
2183,39.02849663210669,2,3,22.420616274307974,4,0.21801601359535633,0,0.0,0
2184,29.145245911973362,1,3,2.164188062227586,2,0.708476658432963,1,13536.793415291066,1
2185,53.30182067551961,4,6,2.4869672901128475,1,0.9483116239555143,0,0.0,0
2186,53.49633075477733,3,5,21.52983840636968,7,0.9470811051243575,0,0.0,0
2187,23.23077833526349,2,1,20.002821976352635,3,0.6689463969371983,0,0.0,0
2188,26.164400017719725,3,7,6.509972496740638,2,0.0,0,0.0,0
2189,38.642148570051674,3,4,19.999163590954723,4,0.5035744272128521,0,0.0,0
2190,43.949291442284306,5,3,17.22678688914798,3,0.9997900990768063,0,0.0,0
2191,72.5815154559404,1,3,18.318705988237145,3,0.49989174215269083,0,0.0,0
2192,37.579917526559385,4,5,1.7393458977501695,6,0.7514096322044682,0,0.0,0
2193,55.36912380343704,4,6,7.823748412153321,6,0.7020524122591348,0,0.0,0
2194,40.01079710324438,3,6,18.695515815705548,7,1.0009644876669663,0,0.0,0
2195,49.65182055170335,4,3,13.118576248230326,1,0.9411109755657099,0,0.0,0
2196,38.548345041613146,2,3,9.38860430550116,4,1.0003009147041162,0,0.0,0
2197,36.09462445012917,2,3,7.126698623184568,0,0.3056756116810486,0,0.0,0
2198,10.573394768473179,3,2,8.484636598383549,1,0.9997700844176407,0,0.0,0
2199,68.97155900305572,1,3,10.500894517659743,6,0.6901346444793217,0,0.0,0
2200,25.998840592316352,4,5,5.513752109071913,7,0.6503642084699854,0,0.0,0
2201,43.24487773896344,3,3,11.412010768689825,4,0.952858717937152,0,0.0,0
2202,21.477499151488562,4,5,14.369899142799778,2,0.20234652814424253,0,0.0,0
2203,26.69215947022711,3,2,14.322038308145988,7,0.9999418077557334,0,0.0,0
2204,48.431506509854714,2,7,6.1166430687901965,7,0.40728825869074614,0,0.0,0
2205,52.37385427588811,1,3,8.161668323943783,2,1.0689898339108368,0,0.0,0
2206,47.90925310208901,3,1,19.995487574627017,1,0.542232160122715,0,0.0,0
2207,22.33839449711016,1,1,14.60909142622506,2,0.5184535661786469,0,0.0,0
2208,46.827534068596314,4,3,11.504513681381043,3,0.961601661567447,0,0.0,0
2209,21.960443901582675,6,6,17.943771344439433,2,0.4924132070191093,0,0.0,0
2210,38.52431746605143,2,1,4.759837174321558,1,0.5028044419218526,0,0.0,0
2211,49.009613292895416,2,3,20.013128946137517,1,0.8585976984173906,0,0.0,0
2212,48.691012969316596,5,3,14.965313064050747,4,1.000161912161776,0,0.0,0
2213,39.134196124187866,3,4,7.854040141197432,7,0.9215577742393357,0,0.0,0
2214,43.34951549838465,3,6,15.913110060459772,3,0.4178234270011702,0,0.0,0
2215,30.724647705789664,3,3,3.5949129703677514,3,0.9998743845575226,0,0.0,0
2216,47.86005730050731,2,1,20.001315658404337,5,0.2757341698399692,0,0.0,0
2217,53.08395579204603,1,4,20.00963509886129,3,1.0004228481057544,0,0.0,0
2218,63.95176847977855,2,4,24.690903601412483,4,0.6452737694632593,0,0.0,0
2219,79.23017189157697,4,6,0.4306969385463031,7,0.6885186167626748,0,0.0,0
2220,31.095214149205553,4,1,2.8353114393222807,3,0.17715850841771486,0,0.0,0
2221,58.747243022318315,2,5,16.74686494465895,4,0.6052084832245606,0,0.0,0
2222,55.31807768176265,2,2,2.5009427988170643,7,1.00007617104767,0,0.0,0
2223,43.200305171794824,4,5,7.873166416898339,1,0.8944144531257213,0,0.0,0
2224,29.471330923521364,4,3,0.1436819238325313,6,0.6633294517585339,0,0.0,0
2225,47.73568560440968,1,6,12.169891078500292,4,0.5892389231630867,0,0.0,0
2226,62.64995873294401,5,3,9.242563566397548,7,0.999744441616328,0,0.0,0
2227,46.28195132704802,4,3,15.018352076346831,7,0.9998075407011106,0,0.0,0
2228,54.76003720634094,2,3,1.2552323119259636,7,1.0001424236096375,0,0.0,0
2229,40.0108389750206,4,5,17.49368465050632,2,0.48940210943463225,0,0.0,0
2230,65.41307825885274,3,4,19.997980266314112,7,0.9995467198682833,0,0.0,0
2231,52.187243075380906,4,2,1.5493062787671263,7,1.0000867707532566,0,0.0,0
2232,24.69186137460523,3,4,1.6884668992084855,3,0.9004596614683522,0,0.0,0
2233,25.22159240912367,3,4,11.474939728533744,3,0.6783269156603026,0,0.0,0
2234,50.348778021722644,2,6,19.57739215393878,6,0.5217372518623614,0,0.0,0
2235,56.95575775745895,4,4,20.000624864366614,7,0.22420690911043822,0,0.0,0
2236,36.1348090456229,4,6,21.405991503763452,7,0.99967563217752,0,0.0,0
2237,31.785410232897483,3,4,13.632617448902495,0,0.40393953667014326,0,0.0,0
2238,41.78085938287764,3,3,11.17369621582997,0,0.9564194027152848,0,0.0,0
2239,23.05396067336894,5,2,5.546399594126181,4,0.22371646837089992,0,0.0,0
2240,38.09738492570037,4,3,17.02666965749713,7,0.7140580126179245,0,0.0,0
2241,34.70824430517331,1,2,9.948901756760039,1,0.22409523403536968,0,0.0,0
2242,47.50453565427855,6,3,19.939868467987854,1,0.4143424906195625,0,0.0,0
2243,52.17894057683651,4,3,20.000457336737405,7,0.9659814518398027,0,0.0,0
2244,53.96324178750222,5,1,12.127855917973388,7,0.6131779215332809,0,0.0,0
2245,62.254701734254006,2,1,11.455459530285268,7,0.9678821825089423,0,0.0,0
2246,36.46735101541002,1,2,0.29989174705862,6,0.6933075947800984,0,0.0,0
2247,57.646462987120685,3,6,14.934226010466123,7,1.000249891093232,0,0.0,0
2248,26.413616105435032,3,4,20.000308954654344,7,0.7871854137304715,0,0.0,0
2249,30.004843044058383,5,1,25.629787148062462,7,0.48136080452819713,0,0.0,0
2250,42.91771849697629,3,4,16.81138446048085,2,0.6640122369436273,0,0.0,0
2251,36.0792390581713,3,3,0.0,0,0.9999770877266985,0,0.0,0
2252,48.0263188463677,3,2,17.11023739432617,3,0.46701039917170184,0,0.0,0
2253,29.351909844786757,3,1,4.7345050162767865,7,0.9999540284211823,0,0.0,0
2254,46.93935977459789,2,4,10.315009805585298,7,0.9997160541469411,0,0.0,0
2255,26.325309880813354,5,3,4.648868993879704,4,0.4375858834554372,0,0.0,0
2256,52.94273032749096,4,2,18.739470844191214,6,1.251165140801941,0,0.0,0
2257,32.5959098578738,3,6,2.0362757775475995,7,1.0005908483914545,0,0.0,0
2258,60.561624526178385,2,1,6.114564128442501,2,0.4178432314732239,0,0.0,0
2259,40.58425624050651,5,2,12.89532615467039,1,0.7353087451876631,0,0.0,0
2260,47.63904051834649,3,2,11.652159363696073,4,1.2536162402690856,1,13839.48299782896,1
2261,64.896168475786,3,4,19.99797645766625,1,0.40326967966547317,0,0.0,0
2262,30.819266123432904,3,1,7.070818397106246,4,0.9999204108091653,0,0.0,0
2263,54.915307123789596,3,3,12.39944651195203,3,0.5047601684338918,0,0.0,0
2264,42.59520643341455,3,5,29.03302245375115,7,1.000672111431365,0,0.0,0
2265,62.4142128435369,3,3,12.290359368768545,7,1.0001079572312648,0,0.0,0
2266,52.74734098500386,3,4,20.006844983636803,7,0.9174182511117114,0,0.0,0
2267,40.89430345312436,6,5,19.99546839899307,1,0.1346849392873013,0,0.0,0
2268,43.72176988466932,2,5,22.13250224268826,7,1.0004000603340506,0,0.0,0
2269,46.674387594377514,4,1,17.270412948299487,7,0.4893256136200128,0,0.0,0
2270,40.87366392165965,4,2,5.5842014060967795,1,0.6461394411944628,0,0.0,0
2271,30.078045358143285,1,2,6.284611459266316,3,0.004419126771142201,0,0.0,0
2272,52.72133493563099,4,1,20.280540984744682,7,0.9999140892367393,0,0.0,0
2273,26.234681793797616,4,6,3.7536473545224913,3,0.15689354154989044,0,0.0,0
2274,34.22135700682065,4,3,5.733045487204422,7,0.9997576583597148,0,0.0,0
2275,74.68849111776747,3,6,13.090565175363093,7,0.9998041133373003,0,0.0,0
2276,50.643707669672004,3,4,2.0951397756103294,6,1.0001067057471722,0,0.0,0
2277,49.248296363167775,4,3,9.327945880011658,4,1.0001800234477463,0,0.0,0
2278,43.20968005372733,4,2,3.0384487411877963,7,0.9998847899912212,0,0.0,0
2279,56.21665643979379,2,4,20.00090293074446,4,0.49910996132917945,0,0.0,0
2280,34.111668070480604,1,3,8.748132483739091,5,0.499664666696722,0,0.0,0
2281,31.977402619778967,4,1,19.98844332370308,4,0.5899959566855798,0,0.0,0
2282,25.891269523309425,2,6,16.68655809621405,5,0.5993635444847231,0,0.0,0
2283,43.648709947804655,2,3,22.23443376656744,7,0.9995461522952702,0,0.0,0
2284,72.29244303726031,4,3,10.247301100289649,2,0.999705583831278,0,0.0,0
2285,38.92881359887101,3,5,15.77273624575301,7,0.41464077789440545,0,0.0,0
2286,4.412268375504524,0,3,1.2581164798708233,3,0.18189191599177934,0,0.0,0
2287,47.25983311281987,4,5,12.010105703124825,7,0.051139000638698695,0,0.0,0
2288,34.396502300726425,1,4,20.139084136811842,2,0.0,0,0.0,0
2289,49.58055608939059,2,4,20.00399842138745,2,0.49705671226215065,0,0.0,0
2290,38.160350714065345,2,1,11.779183572783143,7,0.9999421816277381,0,0.0,0
2291,45.681585721801774,6,3,18.678429690192175,0,0.97550661989667,0,0.0,0
2292,45.48627993035351,3,3,15.997889611853385,3,1.0005698797689422,0,0.0,0
2293,51.051881968781544,2,3,15.460155604229747,2,0.41604798856086644,0,0.0,0
2294,31.724712392643056,2,3,12.80984944898076,7,1.0003480531141677,0,0.0,0
2295,23.95574300330341,3,6,10.275356914936566,6,0.7772238747425351,0,0.0,0
2296,22.480436425399358,4,1,11.926574482177392,0,0.49943264478678046,0,0.0,0
2297,42.23315015969096,4,6,22.874409533159334,4,0.999770566340316,0,0.0,0
2298,20.8573448366087,3,3,11.348578573200303,4,0.9998678836104218,0,0.0,0
2299,31.57570217549408,6,2,1.0203900371871981,7,0.45704137376921283,0,0.0,0
2300,38.06481412963097,1,3,0.0,7,0.30286490204158817,0,0.0,0
2301,36.072113339828796,2,3,19.220359469771875,2,0.9993867278355308,0,0.0,0
2302,54.589633961229346,3,1,8.96073029269666,7,0.999360932555185,0,0.0,0
2303,59.389838288461064,5,3,14.530246440589037,2,0.32962720438602205,0,0.0,0
2304,19.866800512840168,3,1,0.0,7,0.9533908877136463,0,0.0,0
2305,43.45731265145694,4,3,17.738783844165397,2,0.9826236307744619,0,0.0,0
2306,57.80208055486179,2,5,11.65107380891624,6,0.49915188626532647,0,0.0,0
2307,39.16480777955407,3,1,9.274266224847326,7,0.9998486190151061,0,0.0,0
2308,39.27621558706328,4,2,8.563187867835548,2,0.2639980486408784,0,0.0,0
2309,22.82963374405331,4,3,9.562547382248685,5,0.6271973715068597,0,0.0,0
2310,58.86302672234153,3,4,16.3679901205516,7,0.331884644437949,0,0.0,0
2311,32.48037201279349,3,7,7.778076227714589,5,0.8091470983538541,0,0.0,0
2312,28.376794162305806,2,6,15.853779838300536,5,0.6687127563177284,0,0.0,0
2313,30.850238839000532,5,2,8.72832273102002,4,0.4989625500747412,0,0.0,0
2314,20.58091282260466,2,3,13.198824189826963,7,0.8982138630870793,0,0.0,0
2315,38.258400077324666,3,4,9.930756071855765,7,0.9478029046242249,0,0.0,0
2316,49.70246112856479,1,3,6.179935182119026,6,0.3394964804106834,0,0.0,0
2317,25.58413893830818,3,4,12.485069386546934,1,0.7473279371113122,0,0.0,0
2318,55.31059280881484,3,4,18.14190326918221,7,0.8762750377054035,0,0.0,0
2319,34.56807552568703,2,2,11.237691054751567,1,0.324007678792246,0,0.0,0
2320,44.973279384184224,4,3,20.69410608981903,7,0.999812023869507,0,0.0,0
2321,53.516016782592594,6,1,8.25276738244659,4,0.4950383222263559,0,0.0,0
2322,58.33017823258683,5,1,12.579116908756342,2,0.4946521274740605,0,0.0,0
2323,19.142242636779766,1,3,1.3177371193284113,2,0.9999910676195123,0,0.0,0
2324,31.098879713544804,4,1,0.0,1,0.4108923481177542,0,0.0,0
2325,41.311752350316226,3,3,23.15219737790676,2,1.0004095287072472,0,0.0,0
2326,69.86589235883368,6,3,5.5284830571598835,1,0.7263845087461573,0,0.0,0
2327,22.05169263430167,4,5,6.507115231808055,4,0.2152150439640046,0,0.0,0
2328,12.223069301025873,3,1,9.241608371339831,7,1.000523287413682,0,0.0,0
2329,56.53165152787205,2,3,2.244893230055201,1,1.000240346157998,0,0.0,0
2330,29.489690274937495,2,6,12.86744609118011,7,0.7831113324689563,0,0.0,0
2331,24.36907653110031,5,6,13.35288672590244,3,0.8692501883351345,0,0.0,0
2332,37.09140297536779,1,5,8.680576838225509,5,0.4231224025482098,0,0.0,0
2333,29.08085993825139,3,2,10.887388785587248,3,0.15537879471793592,0,0.0,0
2334,79.18107929599805,6,4,23.156938232685192,7,0.9998004654044068,0,0.0,0
2335,25.61680017669713,3,7,0.9698414734440188,3,0.00040684731670059815,0,0.0,0
2336,35.18444189685793,2,6,16.205822317474016,2,0.3250380152741581,0,0.0,0
2337,70.22256104072736,4,4,20.002571935536466,7,0.9997054305290294,0,0.0,0
2338,65.08091814053506,3,4,4.302863193740201,5,0.9996311047055585,0,0.0,0
2339,54.2751520728355,3,2,22.974852811094003,5,0.4366571962053075,0,0.0,0
2340,43.30937031318162,3,3,4.437826895065184,6,1.000194348804163,0,0.0,0
2341,50.1823920510548,3,5,23.542683848186787,5,0.5029317456789336,0,0.0,0
2342,41.01031329870617,3,2,14.027657980917253,6,0.17139542224848936,0,0.0,0
2343,41.05497920912581,3,6,9.831962131118098,7,1.0004818672636224,0,0.0,0
2344,14.654077651807107,2,3,11.73343305168181,2,0.24500898191475118,0,0.0,0
2345,47.339848820540425,2,6,11.680908605985763,2,1.0000767997893967,0,0.0,0
2346,39.57656395167448,3,2,17.529104629804124,6,0.03726338745157376,0,0.0,0
2347,56.85086719267579,1,3,10.61379141455648,4,0.7151028972816882,0,0.0,0
2348,47.4305295153057,4,0,8.066577891271269,6,0.5635656444789368,0,0.0,0
2349,24.110315180146014,1,2,19.996935342039613,1,0.5007872342871277,0,0.0,0
2350,31.632259094050564,2,2,11.999479969907858,1,0.9995079777080007,0,0.0,0
2351,28.984262787340107,4,5,16.44560519909205,1,1.0001789189638837,0,0.0,0
2352,51.98430863474995,2,3,12.048060110013058,6,0.500237257288382,0,0.0,0
2353,25.269835535315405,3,2,10.33512145891684,4,0.9999851424673489,0,0.0,0
2354,24.241418960375288,1,1,3.952624908065456,4,0.7644524713083807,0,0.0,0
2355,22.016709824110624,3,2,0.0,7,0.22236167992013967,0,0.0,0
2356,44.76129135661989,4,3,11.388944946622182,4,0.9997789030201077,0,0.0,0
2357,42.46497003803816,5,1,2.4259207187490475,7,0.27386809795722294,0,0.0,0
2358,44.38514671125066,4,4,16.592327502273204,7,0.883840467885568,0,0.0,0
2359,40.124546736549526,5,3,17.60660556356138,3,0.49733177275321094,0,0.0,0
2360,49.57558102839671,5,3,7.817483891439807,2,0.40402236451712786,0,0.0,0
2361,51.874583185283655,2,3,21.745406060933895,3,0.5001426539078111,0,0.0,0
2362,36.113963254183,4,4,19.995184264712748,3,0.999779431185984,0,0.0,0
2363,55.73664919446912,4,6,0.0,7,1.000386470644426,0,0.0,0
2364,18.078036270891975,3,1,15.351344851342656,4,0.9997645905184545,0,0.0,0
2365,46.82526557818603,3,5,1.2295061549435289,1,0.6934248304823484,0,0.0,0
2366,31.555939285211387,5,5,19.986027089485823,1,0.36325734377730456,0,0.0,0
2367,25.312086720532808,1,1,13.135845649999736,7,0.48376565513920183,0,0.0,0
2368,39.65400024911744,4,2,3.763014594677406,1,0.0,0,0.0,0
2369,49.45346685761488,3,4,9.497928880389628,2,0.0,0,0.0,0
2370,32.20471723998745,3,3,16.301350161880855,2,0.3775484073229746,0,0.0,0
2371,52.92869535604826,3,1,15.353459156957491,7,0.5753062573049113,0,0.0,0
2372,39.62425094267621,1,3,12.821789761073894,1,0.40298494277027175,0,0.0,0
2373,40.802863310109515,4,0,10.166681993431698,6,1.1520685779966668,0,0.0,0
2374,66.59252207820685,4,3,17.380240683757965,1,0.9507947897265463,0,0.0,0
2375,32.71999428501591,1,4,19.99852573326836,7,0.20940081848217484,0,0.0,0
2376,49.21871881605759,2,3,13.314767710729226,7,1.0002848926179964,0,0.0,0
2377,32.97687792081625,3,5,13.368091177655552,2,0.999671412322733,0,0.0,0
2378,46.343055985037154,4,1,19.99514210991616,3,0.41292170978163306,0,0.0,0
2379,49.76634476749604,1,4,20.001321195907366,1,0.2175190507584423,0,0.0,0
2380,53.85226564820417,3,3,9.480504757659546,2,0.49400842577707094,0,0.0,0
2381,62.44380018412262,3,6,14.841328460495166,2,1.0000938882145902,0,0.0,0
2382,47.746263017927234,6,4,16.568102357958193,7,0.9997443669631008,0,0.0,0
2383,30.424351721683095,4,2,7.490200111787638,1,1.0003272397722704,0,0.0,0
2384,36.985809942865714,3,1,13.727022449440286,7,1.0001670149585222,0,0.0,0
2385,42.003800858559956,2,2,0.0,7,1.0919745712035973,0,0.0,0
2386,42.46123432581152,3,6,8.311136764080057,3,0.49025580783123485,0,0.0,0
2387,26.693124944920946,4,3,14.509801329924306,7,0.9995178108258689,0,0.0,0
2388,52.670248557112856,2,1,11.30185087053343,5,0.4964133022690719,0,0.0,0
2389,45.15344580379321,5,3,16.719838554822537,2,0.17147342692335577,0,0.0,0
2390,53.155409923480235,2,3,5.926188725175636,2,0.9995055365692672,0,0.0,0
2391,42.693882732612266,4,6,3.924205885540893,6,0.4568696312066813,0,0.0,0
2392,29.83837293922944,3,3,16.397534984541927,1,1.00045947029196,0,0.0,0
2393,40.633441309406614,3,2,15.978194751330314,3,0.955166841125934,0,0.0,0
2394,32.1970886574966,2,4,19.996424041622674,7,1.0000058174988933,0,0.0,0
2395,32.915598972818614,0,1,8.130392514375885,2,0.9850877494227906,0,0.0,0
2396,54.63864791970094,3,6,6.066619911124637,1,0.637507780792731,0,0.0,0
2397,62.9499826107849,3,5,18.038576128037153,2,0.5007711348933465,0,0.0,0
2398,37.98780323365096,4,3,17.379383134680157,2,0.9592140732376766,0,0.0,0
2399,31.733049256776816,3,3,18.456047503324694,1,0.9995689264188776,0,0.0,0
2400,23.9890728885652,5,5,8.268386549247994,5,0.9194740792741939,0,0.0,0
2401,32.43571383363188,3,5,3.241791311835085,5,0.9994538402373556,0,0.0,0
2402,32.01801808287013,4,2,11.922037879906561,7,0.5442641972427165,0,0.0,0
2403,39.432468439227264,4,6,12.77574610231623,7,0.9998470330335001,0,0.0,0
2404,39.86297755898817,1,5,9.964515675820413,4,0.3782449241091422,0,0.0,0
2405,51.39335114971268,3,1,19.996126190417478,2,0.8313930753172369,0,0.0,0
2406,19.91792677707527,2,2,10.971038322370209,7,0.6014154226484068,0,0.0,0
2407,54.898104058781186,3,4,20.004401316598777,4,0.49484332274616016,0,0.0,0
2408,35.15579451090726,3,6,4.677768977430795,7,0.9997150906638173,0,0.0,0
2409,52.79052084227652,4,4,6.371620020684575,7,0.6263064199617998,0,0.0,0
2410,22.69883832410861,2,6,13.074628568113665,7,0.9998559573632297,0,0.0,0
2411,42.87218481491207,3,3,13.947940231526246,1,0.9997755152214751,0,0.0,0
2412,47.64960181862968,3,2,15.850455443160119,1,1.000306237400747,0,0.0,0
2413,62.78727282345484,3,7,14.049963118178088,0,1.0001326786332225,0,0.0,0
2414,33.48441689438842,4,5,9.466820278522677,1,0.07798731606547138,0,0.0,0
2415,41.50880784159433,4,6,18.490735313542366,5,0.6905110891877987,0,0.0,0
2416,46.69077399980584,2,1,11.19557140500768,7,0.9991543665207194,0,0.0,0
2417,38.7720855061494,2,1,14.075970868853084,3,0.3612933422984285,0,0.0,0
2418,44.61043255745255,2,1,11.212483241083724,3,0.49944679534217223,0,0.0,0
2419,46.3658426988206,2,7,5.8139378359880345,1,0.16575314126855878,0,0.0,0
2420,37.338836475020074,2,5,13.09646891652233,1,0.998463226389884,0,0.0,0
2421,35.468653118157555,3,4,20.005623131087425,7,1.286000205949939,0,0.0,0
2422,50.226124199806904,3,1,6.786862581933781,4,0.9401015852502741,0,0.0,0
2423,29.239571462577427,2,5,12.391771049273727,1,0.3733318154939218,0,0.0,0
2424,24.999052612947374,5,1,20.019346123715806,2,0.08166306553246805,0,0.0,0
2425,56.32481347830753,3,6,16.752238292228853,6,0.9995105010379363,0,0.0,0
2426,53.39642499200445,3,4,12.899892333238462,2,0.24840000092460723,0,0.0,0
2427,24.918291230615765,4,1,12.564765483894256,7,0.9243155282375577,0,0.0,0
2428,22.626638266351563,2,2,6.746276960130921,3,0.9558013310177456,0,0.0,0
2429,32.62679127769153,2,1,21.34099100925691,7,0.44237271256493604,0,0.0,0
2430,42.43608769649483,3,6,11.541368577473195,7,1.0001300108804427,0,0.0,0
2431,25.32067389808744,1,3,4.963783458014431,4,0.8545559510294092,1,8437.922487790129,1
2432,29.00119061802418,4,2,2.671587244590178,7,0.9995196305911573,0,0.0,0
2433,36.405102650235655,3,3,17.290703305367963,3,0.4951861387262618,0,0.0,0
2434,47.55810460546005,2,6,16.969123199596666,7,0.9998143242125437,0,0.0,0
2435,33.31603331423008,3,3,5.905520733296428,4,0.9996674059577773,0,0.0,0
2436,34.06096656313085,2,2,18.34853995066018,6,1.0003127731712391,0,0.0,0
2437,43.03226076053674,2,1,13.442838815123,2,0.9995890793006883,0,0.0,0
2438,45.4776059304389,1,3,2.411012209920786,6,0.5620535446847365,0,0.0,0
2439,55.64796777248044,1,5,22.369774505002667,7,1.00042442466995,0,0.0,0
2440,36.62940219348935,2,5,20.000052603280885,1,0.19165015486665116,0,0.0,0
2441,32.399970036896285,4,5,15.712257155851034,3,0.3383295527389507,0,0.0,0
2442,45.81845407789448,0,3,5.499978488826965,7,0.9995670423729425,0,0.0,0
2443,28.580777541801396,2,3,7.040174320834608,6,0.2734677221713414,0,0.0,0
2444,50.59937823954952,4,2,14.018613553787441,5,0.6093808867264657,0,0.0,0
2445,54.387969026478835,4,6,24.35051705926724,2,1.0000907875007239,0,0.0,0
2446,13.469051257209522,3,4,19.993131720705964,1,0.661193775390452,0,0.0,0
2447,49.383588062025794,3,5,7.769808339487586,7,0.6052341230420828,0,0.0,0
2448,56.405600134696236,5,1,6.149391344781515,7,1.0001862000371984,0,0.0,0
2449,60.460039975475155,1,5,13.610451520320149,8,0.5205649443123848,0,0.0,0
2450,50.10769566410831,2,3,7.863016969711374,2,0.9999144399969588,0,0.0,0
2451,41.98650268306413,3,4,15.137156474622548,1,0.9999435681711464,0,0.0,0
2452,31.846800694333233,2,1,13.866080934452263,5,0.6986250908377827,0,0.0,0
2453,38.95076882352309,2,3,9.438766149863078,3,1.0007089184549853,0,0.0,0
2454,36.59568383209047,3,1,19.229487017059583,2,0.2044932735244016,0,0.0,0
2455,66.8658958719193,3,5,15.564752840199425,7,0.37602631563427374,0,0.0,0
2456,64.46856342675359,3,3,4.083542006230245,7,0.9993324527654797,0,0.0,0
2457,46.21428337225885,2,2,2.124157629231295,7,0.5451598036065397,0,0.0,0
2458,30.624848619994115,1,5,26.627207778617855,0,1.0254360607827864,0,0.0,0
2459,53.787646160472036,5,3,2.65939925530369,1,0.5014229214137751,0,0.0,0
2460,55.29105111771567,1,3,6.454477364802482,7,0.9995088202698315,0,0.0,0
2461,40.32477596156643,4,1,14.205957858497403,6,0.9433450387185947,0,0.0,0
2462,33.082026172199335,2,4,7.613438374251892,3,0.6298279876376998,0,0.0,0
2463,29.256297020644926,4,6,2.2447455345847764,7,0.999508767007288,0,0.0,0
2464,32.88221423894874,4,3,9.02422068119776,4,0.7274093500137577,0,0.0,0
2465,40.90110390312695,3,4,7.7496206375318195,2,1.0007384292000119,0,0.0,0
2466,55.372421887617804,3,3,16.79493873834018,2,0.6042609656451993,0,0.0,0
2467,46.797113808413506,3,4,8.293920246697297,7,0.9455086773622052,0,0.0,0
2468,68.35280015525524,2,6,15.196656673461792,7,1.0001920294043942,0,0.0,0
2469,18.918871785603347,2,4,0.44756748731709806,1,0.9996751091757698,0,0.0,0
2470,23.106440663743918,2,3,7.6311826606515805,4,0.4967133343341198,0,0.0,0
2471,31.236190487478375,2,1,3.196844044901116,4,0.5383282961510363,0,0.0,0
2472,46.63464408424577,4,6,21.88005363217863,1,0.9495910507704982,0,0.0,0
2473,46.475279962095506,1,3,7.4811792466858815,5,0.4950616818150067,0,0.0,0
2474,37.3622258488494,2,1,15.713910379438843,2,0.3058790867404422,0,0.0,0
2475,38.728533650006426,4,4,11.588338753761628,2,0.6342328945516401,0,0.0,0
2476,50.94231665671055,2,2,5.758513631517785,5,0.45450476647129595,0,0.0,0
2477,44.938355049117966,4,3,7.333516992262826,7,0.9116993347282817,0,0.0,0
2478,30.682448750496256,2,3,10.374511140816244,2,0.5020081538546468,0,0.0,0
2479,47.28885411022638,3,6,6.857119720812276,7,0.9999538534538227,0,0.0,0
2480,49.81370854610666,3,3,4.206441853480089,4,0.42503094310094447,0,0.0,0
2481,49.450383351361246,1,1,17.72295236666266,7,1.0002425841524414,0,0.0,0
2482,65.49257479068642,4,3,25.53696437459548,1,0.4935312795370995,0,0.0,0
2483,50.217945944098794,2,6,14.853682987120912,5,0.9995355183408607,0,0.0,0
2484,53.590808150093004,3,2,4.545077193830999,1,0.25705719272906563,0,0.0,0
2485,60.207892337771625,1,4,19.991558674141444,4,0.5061018495515762,0,0.0,0
2486,60.81971281837684,3,3,4.853411915609843,3,0.4174434241020646,0,0.0,0
2487,27.394434644959365,2,1,4.235464651714918,4,0.38792918061697346,0,0.0,0
2488,36.16279196661954,3,4,0.0,2,0.24496224296746705,0,0.0,0
2489,47.79866083031718,4,3,11.225246479009588,2,0.500243362168205,0,0.0,0
2490,73.15765026689598,1,3,17.154505865226618,1,0.442239555681455,0,0.0,0
2491,39.75601477049433,3,4,1.9483080345398065,7,0.9730877466924541,0,0.0,0
2492,59.17025601689278,5,1,1.2930379132845804,3,0.25069160598933016,0,0.0,0
2493,28.50401402037331,4,2,8.646229130716094,1,0.9998745240311696,0,0.0,0
2494,52.52000627767636,3,1,2.106810235982808,4,0.9999226560586738,0,0.0,0
2495,68.30525281350619,4,1,15.676702878072575,4,0.3314216482070153,0,0.0,0
2496,27.301370812439345,4,2,11.822669267526495,3,0.046396047401472185,0,0.0,0
2497,47.56761346233014,3,4,20.010790536008514,1,0.6311780470435066,0,0.0,0
2498,53.50870281240601,3,4,6.918051248513236,1,0.22354712001912336,0,0.0,0
2499,39.0838720695821,2,6,2.0366456036550016,5,0.9997198715653759,0,0.0,0
2500,61.945219868686635,3,1,7.55512461350483,7,0.5477684278167987,0,0.0,0
2501,61.16324330170147,3,3,12.273080335122883,5,0.9998777148270089,0,0.0,0
2502,40.15053665458794,3,3,12.597284803418987,7,0.9998928991701693,0,0.0,0
2503,53.995040183439414,2,3,15.732739029199248,7,0.9478279447570075,0,0.0,0
2504,38.904481186909564,2,3,3.372766448372749,1,0.5041797344702438,0,0.0,0
2505,54.50949636613861,2,3,6.171300104587915,7,0.9997954441538934,0,0.0,0
2506,35.952350608128754,3,4,17.213934246961465,3,0.999891264843517,0,0.0,0
2507,46.78647519526608,0,1,13.801581499335688,7,0.0,0,0.0,0
2508,38.68622126039539,2,3,16.79488305196736,1,0.9995409164382473,0,0.0,0
2509,55.9423287599665,2,6,4.161327116166524,7,0.9999704479438705,0,0.0,0
2510,45.36422046377819,2,5,14.030226832108477,1,0.4689458399121861,0,0.0,0
2511,27.60588159978129,2,3,5.251256859117893,1,0.5895486688947496,0,0.0,0
2512,55.02830679433906,4,6,13.610728118987268,7,0.9994411095338778,0,0.0,0
2513,22.368034849695785,4,6,15.607802274732478,3,0.11920909470697671,0,0.0,0
2514,42.13163920425463,4,3,8.216950124011083,0,0.9997278201965878,0,0.0,0
2515,42.593323550580955,4,3,16.606025791641652,7,1.0001755708481366,0,0.0,0
2516,42.44847903022346,4,1,17.40100083051324,1,0.5557071470358441,0,0.0,0
2517,50.889096255102785,2,3,0.6441113920927659,3,0.6139803091583885,0,0.0,0
2518,29.07943387864578,4,6,13.434926986308527,7,0.7578169191041749,0,0.0,0
2519,50.219348188880296,3,6,16.071029646064233,4,0.690380880141139,0,0.0,0
2520,31.382595487548603,4,1,6.935793442301211,5,0.45216397556969495,0,0.0,0
2521,51.86538704090243,3,6,13.544421751787056,7,0.9998110524942986,0,0.0,0
2522,45.22695438745451,4,6,17.168186187396625,3,1.000331776303484,0,0.0,0
2523,38.62509238104751,2,1,3.2070447427635154,3,0.48052444635151215,0,0.0,0
2524,48.29787514928167,4,2,9.209559546080342,1,0.3994180473869247,0,0.0,0
2525,35.64974217906689,2,6,13.960286211596753,6,0.5855321831499476,0,0.0,0
2526,42.72903961777154,3,3,0.422896195336504,1,0.9994906731520722,0,0.0,0
2527,43.53284048876776,2,1,22.86003218486725,3,0.9997245030141435,0,0.0,0
2528,48.666643082800874,4,1,3.612963932229947,6,0.13962234863576217,0,0.0,0
2529,40.96184325753074,3,1,15.12053919279391,4,0.9998357269938014,0,0.0,0
2530,62.409579116601236,4,3,10.26724741813852,3,1.0000845611093219,0,0.0,0
2531,56.08478048569119,3,6,3.1592591846972455,3,0.1309688977194059,0,0.0,0
2532,45.087183225400665,1,2,10.974711696456005,7,1.000176905786236,0,0.0,0
2533,39.72748470315367,3,2,13.913718811741722,7,1.0001040676469837,0,0.0,0
2534,71.89160162182816,3,3,4.08902535875984,4,0.9998146929390139,0,0.0,0
2535,40.180040195222595,4,3,7.6494303826576715,6,1.000357890838846,0,0.0,0
2536,26.28948679824884,1,3,6.949771567182267,2,0.9490411017068444,0,0.0,0
2537,41.762222042621275,5,1,17.848153067831426,2,0.49741735870553033,0,0.0,0
2538,50.52343159692053,2,3,15.370439849439457,4,0.4953199444521152,0,0.0,0
2539,30.277688971573642,3,2,2.184849151243032,4,0.45254271842013566,0,0.0,0
2540,40.48096715504294,6,3,12.212226874969785,7,0.2394604099935334,0,0.0,0
2541,49.574933516779225,1,1,13.593898763154964,7,0.9998820531137563,0,0.0,0
2542,73.40325017087561,3,6,15.333568904688232,7,1.1063327270676426,0,0.0,0
2543,46.6788125543781,2,3,16.079241384001705,1,1.0184185502544345,0,0.0,0
2544,19.814470727585928,6,2,11.560562496865385,1,0.816558973305265,0,0.0,0
2545,45.814141484194224,3,5,5.825319405882019,7,0.283375762681893,0,0.0,0
2546,40.44971852381638,1,4,9.638536146380604,5,0.44857671400734,0,0.0,0
2547,49.782686367823885,3,1,15.684021320426638,5,0.5008498366400965,0,0.0,0
2548,56.03348759195087,2,1,12.629127735084918,5,0.4891708070327196,0,0.0,0
2549,59.69960959462877,2,2,11.678936873101376,7,1.0005598677530454,0,0.0,0
2550,59.668959189532856,3,6,6.648063086843772,7,1.000096305035933,0,0.0,0
2551,56.94718976323878,2,2,15.952473753063177,6,0.5445120269493706,0,0.0,0
2552,51.8955759058186,3,3,18.092389654493594,3,0.9996995906011744,0,0.0,0
2553,41.676319475813784,1,1,8.36132524636675,1,0.9995477571270563,0,0.0,0
2554,28.830507692708743,1,1,4.746062409009759,4,0.9575047602580082,0,0.0,0
2555,30.639476915913605,2,4,9.290616315497354,7,0.9846569600470454,0,0.0,0
2556,53.762970540499374,0,3,3.1102352467000394,5,0.9998395616286941,0,0.0,0
2557,43.465166598671225,2,6,18.2128295713174,6,0.8244873455192253,0,0.0,0
2558,45.046337018824275,3,5,9.247100124809101,3,0.49754637329718965,0,0.0,0
2559,37.21535134778904,4,1,1.8628610195120814,4,0.43429667154545176,0,0.0,0
2560,53.64351136197607,4,1,13.425388952049229,0,0.3651361922007084,0,0.0,0
2561,64.11262673700972,3,3,11.22490609390793,1,0.9994879671338515,0,0.0,0
2562,35.13917071018225,3,4,16.64311459031632,3,0.2822070932100952,0,0.0,0
2563,28.34469987158266,3,3,5.484196961370836,7,1.000229249876961,0,0.0,0
2564,42.20893027653968,4,4,16.819963800135092,6,0.46196269439692117,0,0.0,0
2565,70.57382511300555,2,3,0.05482104557581735,7,0.9998641259332417,0,0.0,0
2566,49.1772438396505,3,1,20.460951797382492,7,1.0002315134700073,0,0.0,0
2567,43.39584766310129,3,4,9.353194977418886,7,0.9168283582789483,0,0.0,0
2568,23.804326335047552,3,6,17.126465681005655,2,1.0000879209854567,0,0.0,0
2569,42.083658152631116,2,6,18.405954377534407,3,0.9998404113805004,0,0.0,0
2570,30.71385626169569,3,5,16.9070005429773,7,0.9996552392370899,0,0.0,0
2571,66.16195378108094,3,6,13.146963474022243,1,0.22365526977437977,0,0.0,0
2572,45.14096740505884,6,3,22.80312784190447,1,0.0,0,0.0,0
2573,53.19863279932123,3,3,11.156955542608642,6,0.49970849335534295,0,0.0,0
2574,32.77602791217409,3,6,13.130545817028633,6,1.1496503580453319,0,0.0,0
2575,42.806475133237896,5,3,13.846368302479465,7,0.48678183596221214,0,0.0,0
2576,39.17461523108432,1,1,17.840573178512734,4,0.6499603820086636,0,0.0,0
2577,46.77555827524252,2,3,0.47743616691191804,7,1.0001796463881014,0,0.0,0
2578,23.300884952916068,3,3,29.731647314761823,7,0.8065568896280441,0,0.0,0
2579,58.835215308818405,1,2,11.512267120142115,5,0.6185492627416942,0,0.0,0
2580,26.525346050507572,2,3,11.728887031598735,2,0.9998505919701768,0,0.0,0
2581,56.60688244439545,1,3,12.248294033463981,5,0.7257581055021449,0,0.0,0
2582,50.12478203696679,3,3,3.5255052629921213,7,1.0000532492917598,0,0.0,0
2583,28.726327330155357,3,6,11.818797757963917,3,0.9988278948419128,0,0.0,0
2584,53.51640654153451,3,1,9.127420861483465,7,1.0008043975585794,0,0.0,0
2585,40.1678434051823,0,6,12.801368546430146,3,0.15349586200479437,0,0.0,0
2586,50.17416052712306,4,3,22.075199730550892,7,0.16044935730551046,0,0.0,0
2587,43.91232706272757,7,1,11.995636393414587,7,0.9997696872553207,0,0.0,0
2588,37.631655908182964,3,1,8.703276701704253,7,0.45806203675188284,0,0.0,0
2589,44.66751222356598,3,4,20.009668539809724,1,0.3711509454827639,0,0.0,0
2590,60.195624724360925,1,1,9.602158762612085,3,0.999747379152549,0,0.0,0
2591,50.76338316333274,4,3,19.984992360733944,1,1.0008264928872421,0,0.0,0
2592,21.22298497713006,3,2,5.722864490285937,3,0.32930786782319243,1,58592.6192017992,1
2593,39.06551206423921,2,2,8.339255970053816,1,0.04093700731126371,0,0.0,0
2594,56.174810267506544,5,1,1.169049391241936,2,0.4715771020347954,0,0.0,0
2595,44.03619089806317,3,6,16.49642822348697,1,0.0,0,0.0,0
2596,21.5596607930238,6,3,1.8444979127495102,1,0.6459261697038532,0,0.0,0
2597,33.53641545999775,1,3,8.371943345861542,4,0.02446276104110412,0,0.0,0
2598,40.9042119374565,2,3,11.750023978074434,0,0.4982419773819333,0,0.0,0
2599,41.098141635285195,3,6,22.458002885506243,7,0.9851846920711289,0,0.0,0
2600,24.17730659460012,7,7,5.266235352024106,8,0.35571097403257557,0,0.0,0
2601,61.494411982438336,3,2,16.423286635704233,6,0.9998921793964631,0,0.0,0
2602,17.543444425718423,3,3,0.0,4,0.9454143272751118,0,0.0,0
2603,44.03629705699843,3,2,13.295579195553906,2,0.9999428105224177,0,0.0,0
2604,48.70538315063454,4,2,10.178101926994664,7,1.0006739478970448,0,0.0,0
2605,47.67970237880739,4,2,5.96603208336501,6,0.6819747731022715,0,0.0,0
2606,43.834564900036845,2,6,8.363715606323543,1,0.5333866572213759,0,0.0,0
2607,26.761716156516815,3,2,8.4088567497857,6,1.000325736897939,0,0.0,0
2608,29.591405612136498,0,3,12.245842101886659,2,0.2934278263037108,0,0.0,0
2609,42.35274327275091,5,1,0.0,4,0.49524250738952813,0,0.0,0
2610,38.971696056099404,3,3,15.32916639094077,7,1.00011179232103,0,0.0,0
2611,35.38833310340693,1,3,6.0473699255131175,5,0.0,0,0.0,0
2612,50.5134883726061,5,6,13.486684393693617,7,0.7504572252270194,0,0.0,0
2613,28.10064407754546,3,1,7.837825454793396,7,1.0000712151878264,0,0.0,0
2614,42.6666666351089,4,3,4.890918794778182,6,0.7811449598665967,0,0.0,0
2615,40.86765182575874,3,1,2.73420045944286,0,0.3884310402256178,0,0.0,0
2616,38.261468911846954,3,1,13.434321045200928,5,1.000032945987322,0,0.0,0
2617,45.53494063163885,3,1,0.0,6,1.0004428488910437,0,0.0,0
2618,61.94012251443711,2,3,16.957206803359913,0,1.000647857626654,0,0.0,0
2619,39.306748497707815,3,1,16.332935803994097,3,0.0,0,0.0,0
2620,51.10268018205914,6,3,22.579843501888735,0,0.0,0,0.0,0
2621,36.96591208655992,5,6,12.546250187619245,7,0.36989229850627614,0,0.0,0
2622,52.31648374358316,2,6,17.058311063249803,4,1.0002337651104256,0,0.0,0
2623,49.70818691113538,1,1,16.63715785024053,5,1.0000979912079324,0,0.0,0
2624,45.47138103608868,5,1,20.005392301532005,2,0.39768940344762865,0,0.0,0
2625,61.40785826547161,2,4,20.011806948022542,1,1.0003631566358606,0,0.0,0
2626,49.51031631487453,4,3,19.99739541482257,1,1.0003083947941067,0,0.0,0
2627,39.78100331752465,3,2,19.300258480204555,5,0.9997250597611851,0,0.0,0
2628,44.70863926448575,2,6,2.893918852735869,4,0.3977450341045057,0,0.0,0
2629,23.177063186176824,5,6,14.43873480104432,3,0.0,0,0.0,0
2630,36.56899495203688,0,1,10.020598792495784,7,0.6841086676156264,0,0.0,0
2631,42.35638600888809,3,3,15.258944607887145,3,0.9997446371243793,0,0.0,0
2632,39.51957541599835,2,0,0.0,7,0.9462793241215914,0,0.0,0
2633,50.23079071120722,3,5,18.08075013104581,7,0.5449765065326021,0,0.0,0
2634,33.197808468056195,3,5,9.186338158364826,3,1.000251256419767,0,0.0,0
2635,41.96255222468785,0,2,3.905795909212066,7,0.9995490194614287,0,0.0,0
2636,34.91172535807254,4,1,5.523887455918455,1,0.20212452676393822,0,0.0,0
2637,43.14868957372656,4,5,11.193476144781696,1,0.837102975704141,0,0.0,0
2638,41.034691052771734,2,3,3.3940677831656565,7,1.0002715309048185,0,0.0,0
2639,40.71698770163251,4,1,20.003226075014545,1,0.7281715063402631,0,0.0,0
2640,53.498233526733586,2,3,6.975503292432246,3,0.6399878890224583,0,0.0,0
2641,43.613306965017294,1,3,9.28362017729891,0,0.9995041353437536,0,0.0,0
2642,40.44763379645265,3,3,20.002475494453073,1,0.9999786895987355,0,0.0,0
2643,55.41407992960578,3,6,12.451441882377248,5,1.0002288792199223,0,0.0,0
2644,42.70908446961074,4,2,7.0720558529182656,2,0.0,0,0.0,0
2645,45.995270297860806,3,3,32.071995150067316,7,1.0000322381349784,0,0.0,0
2646,50.41965156953991,3,5,18.820180001181967,1,0.9996132498813848,0,0.0,0
2647,30.928662560898744,1,3,22.218077948721945,3,0.9996918717347425,0,0.0,0
2648,36.67209885482697,4,3,11.96324340199136,7,0.9687239987093381,0,0.0,0
2649,34.867749153953014,3,6,11.863366453400268,7,1.0005696407426719,0,0.0,0
2650,24.748637370830338,5,6,15.200867877269483,5,0.14756902486069334,0,0.0,0
2651,34.19415821120081,4,1,7.554897678797733,3,0.9402849852123896,0,0.0,0
2652,46.38719306867381,3,2,11.727876802816633,7,1.0003714440813352,0,0.0,0
2653,63.3793541453938,3,3,10.770771462793492,3,0.9996619445209652,0,0.0,0
2654,25.939219718598476,3,6,18.342479568417843,7,1.0173906103823924,0,0.0,0
2655,24.811105917089808,4,2,8.650777052000745,3,0.16280777488869114,0,0.0,0
2656,64.71405284079911,3,1,15.610156346825963,0,0.5899245732900176,0,0.0,0
2657,34.03646674270749,2,1,20.168374911760463,4,0.09025900515032625,0,0.0,0
2658,36.257331722374204,2,2,4.481335056166045,7,1.0001424794668958,0,0.0,0
2659,69.32215828121247,3,1,4.312723197352241,7,1.0001657154078836,0,0.0,0
2660,53.05916758922911,2,6,13.359640702658904,7,1.000289975555977,0,0.0,0
2661,40.28539992627835,2,2,19.994797358715,1,0.6114465774800518,0,0.0,0
2662,80.1064150226428,4,5,13.010498302395753,7,1.1302175974593356,0,0.0,0
2663,50.719972046414874,3,4,20.000785709331858,3,1.0002998543252628,0,0.0,0
2664,9.056794254450274,3,1,3.266181022438425,1,0.41938517120992175,0,0.0,0
2665,23.374008720459315,6,3,5.93743295279231,1,0.7337390198059386,0,0.0,0
2666,40.90720317468542,3,2,11.088208664201083,1,0.9999065090867085,0,0.0,0
2667,24.424116584387225,2,2,4.459943446690121,4,0.5544239513696589,0,0.0,0
2668,26.617713487261533,4,3,22.50558098645213,3,0.5843148301211684,0,0.0,0
2669,34.870150768857705,3,4,7.31807116900745,1,0.9606092626201413,0,0.0,0
2670,28.839880415503202,1,6,8.692248553242944,3,0.4082509273040022,0,0.0,0
2671,18.326894296534718,3,3,8.590101751641756,5,0.9996583407847889,0,0.0,0
2672,34.81168271192734,5,1,2.6363187016014376,3,0.9447174301161834,0,0.0,0
2673,41.73530259636716,2,3,0.0,1,0.5125127202718625,0,0.0,0
2674,48.00730213396161,6,3,13.298927895507097,1,0.5001564742983183,0,0.0,0
2675,21.412634912513614,3,3,8.484646805493755,4,0.021448779071276403,0,0.0,0
2676,37.77864619328915,1,2,7.321944545233169,6,0.7569853690210512,0,0.0,0
2677,50.4388999046361,3,3,15.6028530941056,1,1.0000201762500978,0,0.0,0
2678,41.78404055218982,4,5,4.851806634807707,3,1.000196566609711,0,0.0,0
2679,50.4025175103907,2,1,16.527626182429835,7,0.9999123367859204,0,0.0,0
2680,57.54184022392726,4,1,13.081261035792185,1,0.19667122931691255,0,0.0,0
2681,43.13003540559233,5,1,24.272595521317893,7,1.0003772620794003,0,0.0,0
2682,45.74482236785698,3,3,0.0,7,0.9999017746166527,0,0.0,0
2683,34.98406169421026,1,3,12.094368553259972,3,0.32016298912922714,0,0.0,0
2684,57.6086156136486,4,3,18.84951575752293,1,0.4334304683020253,0,0.0,0
2685,62.26647556830909,3,3,7.029443822874578,3,0.20359993427429246,0,0.0,0
2686,40.90895016218804,3,5,9.085167848338028,2,0.5001847194324969,0,0.0,0
2687,38.83593513710608,3,1,2.3163619364931893,7,1.0002666895457726,0,0.0,0
2688,42.487467049533265,3,5,17.12903583052565,1,0.6276978728737884,0,0.0,0
2689,50.50913951231633,2,4,10.201986152233394,1,0.2616683465575262,0,0.0,0
2690,74.94276040397006,3,3,7.2352650403642915,3,0.9993314004853247,0,0.0,0
2691,40.112130823122655,2,2,8.80058947217124,7,0.47364512640125456,0,0.0,0
2692,53.43168521777434,3,5,11.760434322442775,2,0.33598107353384393,0,0.0,0
2693,47.4345182910954,3,2,6.629988169148933,1,0.0,0,0.0,0
2694,52.955450909179724,4,3,20.864004483903486,3,1.0000593276139693,0,0.0,0
2695,49.246112631548854,4,4,8.207833300000132,1,0.970847196567121,0,0.0,0
2696,36.625034675776185,3,3,3.57471858870222,3,0.6551014689234589,0,0.0,0
2697,64.53063311326156,3,4,12.752131739943444,1,0.9679497471278695,0,0.0,0
2698,52.529806626726504,3,4,16.18777009130935,7,0.0,0,0.0,0
2699,43.38032171765141,3,6,25.98716130183024,8,0.9997449854379621,0,0.0,0
2700,42.92699975804793,3,3,8.222545428482153,2,0.3794133791797959,0,0.0,0
2701,31.603598016814402,2,4,20.001218766324218,1,0.849220767833279,0,0.0,0
2702,38.652879498379285,1,1,4.428666582078031,5,1.0243474565685273,0,0.0,0
2703,32.28136589937244,3,4,20.001100012619347,1,0.0,0,0.0,0
2704,65.19243290864988,4,1,19.02823183716215,4,0.49934687887513346,0,0.0,0
2705,18.16055868541882,3,4,6.199351444201072,1,0.9999651482115879,0,0.0,0
2706,25.755268181784974,5,5,14.062814778077833,0,0.9998563682754267,0,0.0,0
2707,61.935042628626064,5,6,11.074773701001597,6,0.21244972215509295,0,0.0,0
2708,44.76631703877605,1,6,2.3880189392041,2,0.1756301485424845,0,0.0,0
2709,53.19082357857871,2,1,0.0,2,0.25866129651446323,0,0.0,0
2710,44.73068544688897,4,6,1.10642847494257,7,0.9995358400314707,0,0.0,0
2711,33.588418116244924,3,1,20.00194095016141,1,0.46944628246752074,0,0.0,0
2712,35.69258821455031,4,6,9.465343049065844,7,1.0003541412611334,0,0.0,0
2713,45.66972991156891,3,1,13.630790852288529,3,0.9997854456935714,0,0.0,0
2714,56.23357825729318,2,5,20.197136213670404,5,0.49844259812605374,0,0.0,0
2715,50.7669413988826,3,6,0.0,4,0.2786564478824733,0,0.0,0
2716,28.254103062910154,0,4,19.999989414124542,7,0.1661513876158568,0,0.0,0
2717,29.669591815096496,3,4,32.83104951094715,7,1.6277816086462598,0,0.0,0
2718,36.42881668670345,1,4,13.659069448030529,4,0.9817645835620828,0,0.0,0
2719,20.276494420958493,3,3,5.100925704979299,3,1.0003487396585962,0,0.0,0
2720,57.382361342158006,3,5,22.566829961298804,7,0.9653544380807402,0,0.0,0
2721,44.51396621135429,1,3,8.54153481021442,4,1.0003418579689172,0,0.0,0
2722,50.608704011498254,2,6,18.698979109424464,2,0.26693999079867237,0,0.0,0
2723,50.91236607596186,5,6,1.6106864052574483,5,0.3534985821107566,0,0.0,0
2724,35.022394057900094,3,2,7.987718524401911,7,1.0001430149322854,1,74996.56390140395,1
2725,53.13911808347126,4,5,12.750227285442927,7,0.9999832299695509,0,0.0,0
2726,29.402321751887577,3,2,19.021731178946787,3,0.5051291568108457,0,0.0,0
2727,24.217335756901537,3,6,1.1248522227031916,2,0.18039898993726577,0,0.0,0
2728,66.17212388556557,3,5,20.58572590359227,1,0.22261502882820766,0,0.0,0
2729,44.35349603546244,2,2,5.379463945301896,7,0.9996822796912952,0,0.0,0
2730,45.44485802827836,3,1,11.869583015967931,7,0.0,0,0.0,0
2731,43.48409440115499,4,1,16.803504717502477,2,0.49625360369483024,0,0.0,0
2732,26.893133801302035,4,2,9.42441833494789,4,0.24945011499987196,0,0.0,0
2733,51.56665553584223,5,4,16.904960195174233,5,0.9790540143292545,0,0.0,0
2734,37.76104235896637,1,4,10.379425906113607,1,0.04778631452782145,0,0.0,0
2735,46.81174129368622,1,6,12.393474638196027,7,0.35566782365793675,0,0.0,0
2736,32.72703819201906,2,2,6.016037751928582,5,0.43914018642716524,0,0.0,0
2737,35.68142810355771,4,3,0.0,3,0.4572288575985548,0,0.0,0
2738,41.60332970167244,3,6,6.249371398531026,7,1.0001887699177525,0,0.0,0
2739,36.164752630927346,3,3,5.548220843872259,2,0.0,0,0.0,0
2740,25.310209360021943,3,3,5.540995275124712,3,0.49528215659776287,0,0.0,0
2741,47.77531977504249,3,4,0.0,3,0.535986981411732,0,0.0,0
2742,57.3287333495355,4,6,13.917129615212374,2,0.9994215870360764,0,0.0,0
2743,40.9347048418458,1,4,0.0,7,0.10596500785170315,0,0.0,0
2744,25.79985934002575,7,2,10.74667724362879,8,0.28524650069980084,0,0.0,0
2745,30.73395828033932,4,3,12.043103910385225,3,0.5497337351104158,0,0.0,0
2746,44.8236856780877,3,1,13.47265920966412,7,1.0000903543946822,0,0.0,0
2747,29.00275235784886,2,1,5.614726753787551,1,0.0,0,0.0,0
2748,47.748471890070746,3,6,12.218558977369458,1,0.2612678395857914,0,0.0,0
2749,51.583826085932444,1,3,14.593324224346393,4,0.9999483328648562,0,0.0,0
2750,55.69068297864386,3,3,27.413770687125634,7,0.999785084197822,0,0.0,0
2751,55.567602712816345,3,3,18.274768742829103,7,0.6228346649024222,0,0.0,0
2752,57.96637496364859,4,2,18.2754420812897,5,0.2410956005630655,0,0.0,0
2753,21.847255743457943,6,2,8.232394430173697,2,0.9962118613872993,0,0.0,0
2754,36.83980463232657,3,3,20.00672050182773,6,0.5893943482385318,0,0.0,0
2755,44.34986535316575,4,1,14.081792493417964,7,0.9999781220793411,0,0.0,0
2756,52.88853627044418,2,6,12.36593567033618,6,0.36431653710093304,0,0.0,0
2757,43.11081070907639,4,3,10.299597003526037,3,1.0002380795823687,0,0.0,0
2758,65.29460352031496,5,3,5.903359299019078,4,1.0000274001208225,0,0.0,0
2759,33.06698881742793,2,2,17.264384710610493,4,0.5359083021753068,0,0.0,0
2760,36.84975970403611,4,4,19.991236676463586,1,0.3532978458293609,0,0.0,0
2761,43.93355054982563,2,2,8.084723629920353,7,0.7689924567650219,0,0.0,0
2762,18.381099699243755,1,3,4.394485850983334,4,0.45621073390088085,0,0.0,0
2763,37.495584409652025,2,3,9.421028683749183,2,1.0001993431621552,0,0.0,0
2764,33.58485250146674,4,2,16.765534474061983,6,0.9998197916591505,0,0.0,0
2765,46.13531117828853,3,3,17.347933064981092,3,0.9641198453032063,0,0.0,0
2766,40.26395029631641,5,6,15.752707885668997,4,0.9994495152393787,0,0.0,0
2767,19.402870194441977,2,1,3.6380373349470823,1,0.2362631739756727,0,0.0,0
2768,38.10288898784642,3,2,6.025478195884394,6,0.38854484120879895,0,0.0,0
2769,50.6868684534182,3,6,4.521459352233829,7,1.0007017796510844,0,0.0,0
2770,50.19200057797461,1,1,9.479977831790753,6,0.9995545446471359,0,0.0,0
2771,43.81128964390931,3,6,10.304596797095282,6,0.9996532113210121,0,0.0,0
2772,50.46668222842432,4,3,12.201165520470862,7,0.999537025454865,0,0.0,0
2773,47.989538714706,1,6,11.18821773231612,3,0.5796072368768153,0,0.0,0
2774,52.96733505229356,4,6,4.126509454570429,3,0.29446218504628024,0,0.0,0
2775,50.652519516877895,4,2,7.897117187321506,4,0.48067225566788674,0,0.0,0
2776,31.18690978251883,4,2,0.4618629004873753,1,0.42613156892262966,0,0.0,0
2777,60.3538790340947,2,1,19.638760256725426,2,0.9996883248015078,0,0.0,0
2778,43.272856308726205,2,2,10.581200301953722,1,0.5557717964242816,0,0.0,0
2779,41.3765064083673,4,2,4.644572643513335,6,0.8256303571896103,0,0.0,0
2780,45.79201602310775,5,3,0.0,2,0.7207753060594105,0,0.0,0
2781,64.08010988566357,1,6,22.483427341843953,7,1.0773872525266284,0,0.0,0
2782,41.71529783889141,1,4,0.0,1,0.0,0,0.0,0
2783,36.72441564989983,4,1,6.137727503803652,4,0.3649077907912163,0,0.0,0
2784,21.080255827312257,4,5,19.473253694558935,1,0.49575003700866527,0,0.0,0
2785,43.51716649557101,4,1,13.831823511239072,7,1.0002002880044962,0,0.0,0
2786,22.445947285650377,0,3,13.14446278134612,7,0.5468008626498415,0,0.0,0
2787,33.1403168553093,1,3,8.761491433158882,1,0.9437462488825052,0,0.0,0
2788,63.18776916360272,2,1,14.685064866930706,7,0.18561800467857525,0,0.0,0
2789,27.2410537672073,1,1,18.17303433699454,6,0.9156484093233233,0,0.0,0
2790,66.5788287924972,3,3,14.414438553319147,7,0.999798464621391,0,0.0,0
2791,39.263559368387604,5,3,1.409046493362407,6,0.46944840552138967,0,0.0,0
2792,11.401327209165117,3,3,16.807490806767035,2,0.8993733928468097,0,0.0,0
2793,67.58170060863617,4,3,14.774589895384018,7,0.9996901407657552,0,0.0,0
2794,50.35358082146335,3,2,20.88815010821658,3,1.0002428400507126,0,0.0,0
2795,21.507349733968674,4,6,8.345215613312712,4,0.639242804864413,0,0.0,0
2796,54.59795652968922,3,2,10.415385233222056,4,0.9391561978827319,0,0.0,0
2797,50.16975377708496,3,6,16.323881708878687,7,0.9468721915798309,0,0.0,0
2798,73.99459098501751,4,3,14.391656148546655,4,0.49596182574074177,0,0.0,0
2799,45.33996937337563,1,3,26.743521743750065,2,0.6719211259286524,0,0.0,0
2800,33.76535516720386,2,1,3.383105135947411,1,0.2789869481853979,0,0.0,0
2801,47.34199488536462,4,1,14.568103407413043,4,0.5003175034076004,0,0.0,0
2802,25.42402045666965,3,2,8.51779500940534,2,0.28491740723895126,0,0.0,0
2803,48.97846566858178,3,3,6.813272624199203,5,0.9994859104436802,0,0.0,0
2804,23.827955523034955,2,7,1.9815410658027837,5,0.6637606639088575,0,0.0,0
2805,50.0917730057537,1,3,0.0,6,0.5019986082495366,0,0.0,0
2806,22.421629624433702,4,1,6.334263152994405,2,0.6284091468752108,0,0.0,0
2807,26.447351306344153,3,6,15.114516974600793,7,1.0000223122186886,0,0.0,0
2808,30.017819417560926,2,6,17.590148488323155,4,0.14726537386479288,0,0.0,0
2809,58.97030259794978,3,4,13.638297621878513,3,1.0000085902888247,0,0.0,0
2810,22.81054802404737,4,4,17.791643632997566,7,0.34818368414844014,0,0.0,0
2811,41.905358405523444,4,6,16.57959178466968,4,0.4507073221057063,0,0.0,0
2812,40.426996630315564,4,1,10.533808366646092,7,0.9999086089433566,0,0.0,0
2813,38.136220832284764,3,5,11.426009595412626,7,0.0,0,0.0,0
2814,58.94116613545882,0,2,6.287721576096981,7,0.33107910164792126,0,0.0,0
2815,55.1571998910417,4,5,4.3269675829936745,4,0.9999130768218889,0,0.0,0
2816,47.14260530851317,2,6,16.46130265369588,3,0.8494168566854163,0,0.0,0
2817,35.48225533427496,3,4,19.79158430452882,1,0.9233488467011842,0,0.0,0
2818,35.8494495050907,4,3,16.091028818888546,1,0.9999647402327134,0,0.0,0
2819,38.75597353358563,4,6,13.403681340042683,3,0.45209270727438616,0,0.0,0
2820,52.1117805944293,3,2,7.059954189371957,4,0.6118452748883286,0,0.0,0
2821,25.43008367186247,4,2,6.364054003571782,3,0.9666176554728046,0,0.0,0
2822,52.58488138020854,5,2,12.409032230509649,1,0.3691344217741544,0,0.0,0
2823,58.13176519073506,5,6,4.59193338384091,5,0.8992279388311523,0,0.0,0
2824,48.545446327498844,4,5,0.0,1,0.5078244006789194,0,0.0,0
2825,55.241863865571716,1,3,0.0,5,1.0000349350617053,0,0.0,0
2826,19.429584257822693,5,4,6.404847058225424,3,0.7647089417994283,0,0.0,0
2827,26.549163254659277,7,4,24.27566445722111,4,0.022654617389502918,0,0.0,0
2828,47.200003538929046,3,2,8.470400529716255,7,1.0002152881110264,0,0.0,0
2829,53.03998175843304,1,4,11.968353388796892,8,0.9957794576741155,0,0.0,0
2830,37.87570285352787,3,6,7.392685007906662,7,1.0004047528718374,0,0.0,0
2831,41.22139778887676,3,6,10.749261445473174,3,1.0001417006051565,0,0.0,0
2832,35.727272861636024,4,2,11.471223206050755,1,0.44796584984057974,0,0.0,0
2833,34.28303928948669,4,3,15.761712429351427,1,0.5004056345234615,0,0.0,0
2834,36.466460839399275,4,3,12.736484132843216,3,0.49564524030956714,0,0.0,0
2835,25.908557135043317,3,6,20.688898117530925,7,0.9999711774278709,0,0.0,0
2836,27.295408730116602,3,3,11.212220200255711,2,0.4944422977935883,0,0.0,0
2837,46.47264053101572,2,4,1.7500587690661735,7,0.9257979576520123,0,0.0,0
2838,28.973197043016008,1,5,10.148652500471586,6,0.33602075313142393,0,0.0,0
2839,28.716702644115124,2,1,7.070624765138964,4,1.0002976362226577,0,0.0,0
2840,53.18072975290078,3,4,10.42982285257396,7,0.38279452810385434,0,0.0,0
2841,39.856466202283535,3,3,11.918910936741954,2,0.9729052251563429,0,0.0,0
2842,54.21901561319649,4,2,4.330905814222103,7,1.0003852712261905,0,0.0,0
2843,46.634013427584165,1,2,3.557245945972963,7,1.0003416756672623,0,0.0,0
2844,32.60282378740008,3,2,13.745253988256424,1,0.9997531684087138,0,0.0,0
2845,64.52957266336955,3,3,9.982473251572756,7,0.9998206929341256,0,0.0,0
2846,45.743345671746596,4,2,0.0,7,1.0004685669910014,0,0.0,0
2847,23.66421490681701,4,4,20.089611993815158,7,0.0,0,0.0,0
2848,51.30022388962669,2,3,15.068817466765635,0,0.9998206521620536,0,0.0,0
2849,60.69902124731955,3,1,10.51643211318937,4,0.9999200030915252,0,0.0,0
2850,40.7937136409902,2,3,11.319344021731343,4,0.3096170829366895,0,0.0,0
2851,53.19482278736771,2,4,7.663916062983402,7,0.5498547417616565,0,0.0,0
2852,30.527604069042727,4,3,22.596254336022785,7,0.5329526814952196,0,0.0,0
2853,36.972929823997035,5,2,17.53640159233143,7,1.0005446932323323,0,0.0,0
2854,30.20819264545006,7,6,14.823364114862478,7,0.42138483898322177,0,0.0,0
2855,42.01750823660828,4,6,22.147969392280697,4,0.9998146435978383,0,0.0,0
2856,22.862044973676777,2,3,11.740392653697288,2,0.9995816622308267,0,0.0,0
2857,28.629483801345785,3,2,15.17488289850132,4,0.16817490860311513,0,0.0,0
2858,62.8659181268928,3,3,5.94207433915838,2,0.4981069478957464,0,0.0,0
2859,34.24397144134662,1,3,10.323121411553839,4,0.34352657848199153,0,0.0,0
2860,52.543944299111686,3,2,4.898005049339974,2,0.37968439457432784,0,0.0,0
2861,26.294804189468525,4,2,6.9529536555037685,1,0.0,0,0.0,0
2862,45.11534031447621,2,3,9.775476992287947,3,0.9999187372066902,0,0.0,0
2863,32.64457222628024,3,4,20.00675634219135,1,0.6006543219480643,0,0.0,0
2864,31.945657529859997,3,4,13.735609142136285,2,0.9040945107706004,0,0.0,0
2865,38.99826903919262,2,7,7.912423776418853,6,0.4355928087262496,0,0.0,0
2866,26.637075391839808,3,6,4.485206021169628,2,0.9997917393335713,0,0.0,0
2867,22.071740924079528,2,3,24.197023407981852,4,0.0,0,0.0,0
2868,42.99502493566698,0,1,22.631151142030927,7,0.9995246510872833,0,0.0,0
2869,43.013365058990196,3,3,17.35660325937264,7,0.9998697115696495,0,0.0,0
2870,59.495009192370404,2,1,20.338849791472413,4,0.4987414658530216,0,0.0,0
2871,31.101856320869146,3,1,8.680453979190982,4,0.2974300183549069,0,0.0,0
2872,57.23921381929304,2,1,10.596484649845541,6,0.49500336373156134,0,0.0,0
2873,41.72261829333385,0,5,19.992794423472773,1,0.47003221176516713,0,0.0,0
2874,71.14183448054825,3,6,17.32564484361095,7,1.0002425633146916,0,0.0,0
2875,47.185395688263995,3,3,11.439615291104703,2,0.9990688307362605,0,0.0,0
2876,33.83802998368927,0,1,9.769748684508365,5,0.04554499265038825,0,0.0,0
2877,33.25684743141341,3,3,0.8046285831660835,7,1.000590786383042,0,0.0,0
2878,22.710610754224383,4,1,15.35379041722732,0,0.33734565973372665,0,0.0,0
2879,26.860662617549632,6,2,14.232456288001801,5,0.5491527343307617,0,0.0,0
2880,28.856897630374228,1,1,5.67385707779705,7,0.9999668446909848,0,0.0,0
2881,47.87176422367676,6,6,13.81643708910572,7,0.7666336739198547,0,0.0,0
2882,51.73389506288381,1,3,5.1898591849607465,7,1.0002687992279382,0,0.0,0
2883,35.40718152693035,3,1,0.0,7,0.9998894763571271,0,0.0,0
2884,45.80248571051784,5,6,26.863197762001498,7,1.0000700434875454,0,0.0,0
2885,5.898514989612117,2,4,19.99819905883249,1,0.43778498381427683,0,0.0,0
2886,42.065553161418066,5,3,10.937929533712936,3,0.9999499305668236,0,0.0,0
2887,47.479507289915695,4,1,16.836690244859458,7,0.9997090145590932,0,0.0,0
2888,56.19317810618962,4,1,12.423031915318578,3,0.2783046846893762,0,0.0,0
2889,57.04488877035906,2,3,18.249169332542788,3,0.5005276180503948,0,0.0,0
2890,45.96412809839313,2,2,13.518926588818216,5,0.1640505140601083,0,0.0,0
2891,11.03140952087772,4,5,13.94426960932011,1,1.0090995816230175,0,0.0,0
2892,37.72519176736514,3,3,20.004702910909963,1,0.032179178865555436,0,0.0,0
2893,42.37584451882324,2,1,15.250120473555755,4,0.9964187042556314,0,0.0,0
2894,33.49859662142636,3,1,14.28147391119007,4,0.29984885112722964,0,0.0,0
2895,39.2600826996668,1,1,19.99291532677271,5,0.43386418808381294,0,0.0,0
2896,32.479508703487625,0,3,9.770157789309756,0,0.9319254284335567,0,0.0,0
2897,44.972442998306974,2,1,12.072468015961784,7,1.0005536804574742,0,0.0,0
2898,47.92405074755529,0,3,8.327449455147446,4,0.49871255193241115,0,0.0,0
2899,48.437790631313476,5,3,8.457532902896473,1,1.0000503164268326,0,0.0,0
2900,46.07220422355629,4,6,5.2076540495931924,3,1.0001740234146625,0,0.0,0
2901,57.25840034096997,2,6,13.70368817255833,7,0.9995271131360213,0,0.0,0
2902,52.259994934703926,6,6,4.541219319312025,7,1.0001914852605063,0,0.0,0
2903,43.906726999099334,3,2,6.607417956591888,7,0.9996988323297771,0,0.0,0
2904,40.98994328357757,2,3,17.965405762408448,1,1.0001590812768482,0,0.0,0
2905,50.35083978599002,1,3,0.0,2,0.39055899151739165,0,0.0,0
2906,25.0623225526386,2,3,18.26717569607094,2,0.4961234618289844,0,0.0,0
2907,26.355218170726364,3,3,16.144710952148063,2,0.9997960937722943,0,0.0,0
2908,48.09555697605459,4,1,17.196583948418517,4,1.000240168063796,0,0.0,0
2909,58.65355659998046,2,4,19.985666889300738,7,0.4853767861758256,0,0.0,0
2910,36.934357884035876,3,5,23.293084076232937,1,0.4098825241080583,0,0.0,0
2911,37.405229924190586,0,6,9.155187161619104,7,0.4240183315180195,0,0.0,0
2912,49.174871288904534,2,2,6.084808293107079,2,0.6197788179156922,0,0.0,0
2913,28.15824862984924,2,5,0.16590684940514144,1,0.0011016770165915846,0,0.0,0
2914,52.00442394079587,2,3,0.5521397341074614,4,0.5008186458442277,0,0.0,0
2915,23.019209188951102,3,4,20.01061729414603,2,0.9998163366091759,0,0.0,0
2916,52.448895439557724,2,2,9.785261524331213,7,0.35421203420077185,0,0.0,0
2917,29.39529334527755,3,1,7.6873558276553755,1,0.501117223548468,0,0.0,0
2918,64.63146944036028,2,2,17.197289659149,7,1.0001059363098608,0,0.0,0
2919,52.545873281030026,2,6,17.934611467228653,5,1.000118301801963,0,0.0,0
2920,52.76984673203628,6,6,5.0195652360699725,6,0.602902198004441,0,0.0,0
2921,65.902979261009,6,1,11.532326328439765,7,0.99983584652402,0,0.0,0
2922,24.703413526551596,3,7,3.118346358678779,7,0.207008590068473,0,0.0,0
2923,31.890519921499504,2,3,0.0,7,0.9998238347825636,0,0.0,0
2924,23.234797029294015,5,3,6.532144218644868,3,0.47737685387103945,0,0.0,0
2925,21.8477009282023,5,7,2.1802331489042377,2,0.0,0,0.0,0
2926,33.522401949211584,3,0,17.304599333339265,7,0.9269565108418565,0,0.0,0
2927,21.106405498959333,1,6,6.442759133998166,3,0.7037131710538701,0,0.0,0
2928,42.12408348533435,5,3,11.87449715044256,7,0.4512368016248902,0,0.0,0
2929,64.50937370559704,4,4,5.140197208383249,6,0.8747693520942051,0,0.0,0
2930,54.8736439819584,3,1,5.238044985555012,7,0.9829212320523684,0,0.0,0
2931,25.85526046255553,3,7,0.1379040335827515,2,0.0,0,0.0,0
2932,33.63137673090371,3,2,7.966988275907225,7,0.31562531864407656,0,0.0,0
2933,43.37602536770537,2,3,5.076106454202488,3,0.46618602743592125,0,0.0,0
2934,19.925592415905534,3,4,5.133223299648764,1,0.0,0,0.0,0
2935,24.24901078277677,4,6,15.223954573290143,6,0.4477343130075122,0,0.0,0
2936,56.30030479182812,1,3,15.737191894219857,3,0.5017584266850766,0,0.0,0
2937,46.51746271548828,4,5,13.595158997437498,5,1.0003167128193111,0,0.0,0
2938,46.13454269054614,3,5,18.375363636242383,5,0.4994489234265837,0,0.0,0
2939,50.45949185581257,5,6,14.780158957124872,5,1.0541600054817226,0,0.0,0
2940,24.88454789270103,3,4,13.422817577220346,7,0.6070760991569555,0,0.0,0
2941,49.714154958553955,3,2,14.231493009293473,7,1.0001332326373964,0,0.0,0
2942,20.289801649313898,2,1,1.9621530021988018,0,0.0,0,0.0,0
2943,50.199619919680686,3,4,19.99992743598814,1,1.1730337957149566,0,0.0,0
2944,22.749752032949115,4,2,15.385640189589711,5,0.4234984429873032,0,0.0,0
2945,33.61473646057985,4,1,5.849650671500024,0,0.9999394119392487,0,0.0,0
2946,40.01069585896786,3,5,4.937331847848928,1,1.0002568747175846,0,0.0,0
2947,23.92345196164991,4,3,7.047621919908817,4,0.23108757158666654,0,0.0,0
2948,39.25536934990754,4,6,16.93132958886605,3,0.3295201974610454,0,0.0,0
2949,43.49973115860472,4,2,8.369580871445544,5,0.12543942707921985,0,0.0,0
2950,33.822094150236865,2,6,16.36879247979657,1,1.008651598243042,0,0.0,0
2951,44.38916147203163,2,3,9.419306448165994,2,0.9998139981544024,0,0.0,0
2952,30.088571900428434,3,3,17.929982322128765,7,0.999512421874983,0,0.0,0
2953,54.11835761997606,3,1,12.035806047847668,4,0.49676448505224424,0,0.0,0
2954,24.28502089951995,2,5,4.204217490380516,3,0.38435251948909543,0,0.0,0
2955,44.90993376423898,4,2,11.306839108016641,2,0.4578276126068583,0,0.0,0
2956,33.444782464312524,3,3,17.002334180513213,4,0.705622477352074,0,0.0,0
2957,72.63365673751245,5,7,4.1482072978559135,1,0.0,0,0.0,0
2958,42.92604482241899,4,3,20.551301107325827,2,0.9996867086605427,0,0.0,0
2959,36.55282795665741,6,6,19.629661693055546,7,0.949782285714629,0,0.0,0
2960,47.782886574178306,2,3,10.83758514966785,7,0.9997312417075976,0,0.0,0
2961,47.77037923970774,3,3,19.99849187245039,5,0.30095007352208103,0,0.0,0
2962,56.972068287961655,3,6,9.564241638764628,0,0.6535876023172045,0,0.0,0
2963,33.909264603391236,4,6,18.042508492447837,1,0.9998581810542062,0,0.0,0
2964,43.7341190620887,3,3,20.397719308428535,2,0.9998929674253316,0,0.0,0
2965,30.08154720508926,3,3,19.99622767724297,5,0.3056182067981707,0,0.0,0
2966,59.12240223124188,3,4,6.466730017528848,7,0.6445998548747691,0,0.0,0
2967,49.840697628063914,3,3,3.7769755467700623,3,0.9999196306458765,0,0.0,0
2968,47.58742351528099,3,1,14.543638860683883,4,0.19577875441297582,0,0.0,0
2969,41.00790089926977,5,3,10.335111091741535,7,0.7772034537263003,0,0.0,0
2970,36.751907354928655,4,2,8.546818266167406,1,0.9990037107263654,0,0.0,0
2971,59.96529649672351,1,1,14.114373906094668,5,0.5457263969332571,0,0.0,0
2972,38.25234134235348,2,3,16.312612149934758,7,1.0001630614585246,0,0.0,0
2973,60.58692916463494,1,2,7.855786045927818,7,0.9996850474681155,0,0.0,0
2974,31.253799861877507,2,3,8.816459675160955,2,0.9997292896788819,0,0.0,0
2975,48.30949361091071,2,6,24.245845328281522,7,0.9997082212530635,0,0.0,0
2976,45.44337681282521,3,4,19.999286374466465,1,0.5876747425980068,0,0.0,0
2977,46.31154387693249,2,3,6.387005354206488,6,0.9997764084432905,0,0.0,0
2978,78.92664086476401,1,6,6.297889128057435,7,0.9991920562140539,0,0.0,0
2979,51.39190090601055,2,6,7.027477318425836,7,1.000040820765085,0,0.0,0
2980,38.13275322531704,4,2,21.593298959531214,1,0.49436050701595635,0,0.0,0
2981,41.04273178484371,5,3,7.4037911344357035,3,0.968474210461743,0,0.0,0
2982,25.341143433231668,3,6,9.202033854038666,1,0.31665639606500673,0,0.0,0
2983,50.821544962751766,2,3,2.931479567176643,7,1.0001516219800468,0,0.0,0
2984,50.07811612640351,2,6,11.34972055298864,1,0.5028920525522536,0,0.0,0
2985,38.07193293351882,4,0,0.0,7,0.9997006372238807,0,0.0,0
2986,50.741833828915006,4,3,3.3233278146717113,3,1.0000095889351375,0,0.0,0
2987,56.75164270514081,2,3,5.840723560167552,3,0.9997575281274939,0,0.0,0
2988,24.74308764569062,3,6,3.0299310652538765,1,0.16815923760941676,0,0.0,0
2989,62.344450079802485,1,1,7.631523678370643,1,0.9710658623718313,0,0.0,0
2990,55.648343077016754,3,1,18.021759680815556,3,0.999862021821982,0,0.0,0
2991,42.41344843738761,3,3,9.261525374538621,2,0.9998845352203638,0,0.0,0
2992,47.92198857351466,6,3,7.772915742849687,3,0.5709823873538197,0,0.0,0
2993,34.213984654269495,4,6,16.305582759090516,3,0.5385611073956917,0,0.0,0
2994,60.624830324602655,3,1,14.843332276711855,5,1.0001222348023568,0,0.0,0
2995,38.58883405894939,3,2,12.6292484385459,1,0.6896389316267985,0,0.0,0
2996,15.301117685500838,3,6,8.158944168241804,1,0.27718111429949677,1,5165.960795823977,1
2997,37.07946915858875,3,0,19.917978656578825,4,0.9995548784812404,0,0.0,0
2998,33.476843223568906,3,6,13.038913582219767,4,0.1742899030914612,0,0.0,0
2999,78.36622277798088,4,3,13.628788073820811,3,0.9998513346668929,0,0.0,0
3000,43.28951403836227,2,6,22.275209304048072,3,0.9994730310412265,0,0.0,0
3001,31.080806206401867,3,4,20.00321440608863,1,0.9997662837078225,0,0.0,0
3002,31.589334776551752,5,1,7.442722984203158,0,0.4368485733312268,0,0.0,0
3003,57.744591277121124,3,1,11.054299698049217,4,0.49416484841285824,0,0.0,0
3004,31.963607448713734,2,6,3.024697873638061,2,0.26080522719929133,0,0.0,0
3005,45.66008683770147,4,3,5.646892329574051,2,1.0001115784574306,0,0.0,0
3006,45.09752107126021,3,6,17.336863482552324,1,0.9334293658249319,0,0.0,0
3007,43.58001469852225,4,3,12.820179040686051,5,0.9671008155641856,0,0.0,0
3008,20.78855173672433,3,2,12.66840223561181,1,0.8346180852985295,0,0.0,0
3009,33.31570127796125,4,6,12.089199970933345,7,1.0001172869640227,0,0.0,0
3010,36.35881884754929,4,1,8.223672085550438,7,1.000032839265596,0,0.0,0
3011,36.43441156778886,2,1,11.811544166774596,5,0.49841411402987473,0,0.0,0
3012,28.528514314368465,4,3,25.065834394289837,4,0.05301747471656204,0,0.0,0
3013,37.586787402457155,4,2,3.5714201561370826,7,0.9998665816648381,0,0.0,0
3014,39.317842560316976,3,2,6.822299679522979,7,1.0005463873446352,0,0.0,0
3015,32.57384295654203,3,5,19.33289728803676,1,0.3019155067939099,0,0.0,0
3016,50.83076049582723,4,3,6.517377253837111,7,1.000151669485348,0,0.0,0
3017,35.40818556773982,4,1,14.509702217792,3,0.5021516353263262,0,0.0,0
3018,30.666619278252945,6,2,16.025944913142744,7,0.6683106224602751,0,0.0,0
3019,53.87708273991727,3,6,15.143509996819244,2,1.0057346975867514,0,0.0,0
3020,43.47053714611955,2,3,11.761744819000818,7,1.0001199940605743,0,0.0,0
3021,38.22557546690257,4,2,0.0,7,0.0,0,0.0,0
3022,36.47029759499388,5,1,12.741818480399752,3,0.18871818817242214,0,0.0,0
3023,36.759204669930654,1,3,6.897369862971828,4,0.5448902527035592,0,0.0,0
3024,53.84757886015285,4,1,11.850392299603083,1,0.9998717935332524,0,0.0,0
3025,44.562905716840774,4,2,18.93243170344542,3,0.22395367063654575,0,0.0,0
3026,63.19251607858071,3,4,1.181319258965745,7,0.39525645301327034,0,0.0,0
3027,44.656788095381366,5,3,6.245949319754215,1,0.8239480250589656,0,0.0,0
3028,49.601208205760074,3,6,16.783344127931425,7,0.9999489339242832,0,0.0,0
3029,58.911576015983755,3,1,7.273925617219567,7,1.0002983849161962,0,0.0,0
3030,29.080635746090483,3,4,20.008090702986728,1,1.000348893733242,0,0.0,0
3031,68.09853495333465,3,6,14.395333413133606,6,0.6653059950375781,0,0.0,0
3032,27.90862296879548,4,7,0.7658742140056898,5,0.0002672269469181643,0,0.0,0
3033,49.31588948282927,2,4,19.99550761043193,5,0.9994328354736975,0,0.0,0
3034,47.26990632943106,3,3,11.71836074531754,2,0.399131377655586,0,0.0,0
3035,43.22898070723201,4,6,16.463518370419806,6,0.17612874503709974,0,0.0,0
3036,17.480293987600167,2,1,7.969039825881467,3,1.000109055640983,0,0.0,0
3037,48.61749015978488,4,6,5.522853648690748,7,1.0002711488009477,0,0.0,0
3038,39.07805294812577,4,4,7.833759544557656,1,0.9791422025725647,0,0.0,0
3039,47.64360885046207,2,3,7.7702492534711975,4,0.99967430270455,0,0.0,0
3040,29.44257042844712,1,1,16.896185834993933,2,0.4980203876477969,0,0.0,0
3041,43.41022049860154,3,4,19.9988074954764,1,1.0001741318152062,0,0.0,0
3042,53.42987884095802,5,3,17.69934992801368,2,1.0008666254352463,0,0.0,0
3043,50.66595689281843,4,2,4.406351317643218,5,0.8358150463391484,0,0.0,0
3044,50.025462521498135,3,3,20.01072562206768,3,0.2844724309570207,0,0.0,0
3045,22.60225531382958,6,2,14.705209375132958,3,0.0,0,0.0,0
3046,24.85016031813768,3,2,1.9153195642036174,4,0.2291264098509493,0,0.0,0
3047,62.94518282889251,3,2,17.7136212965209,6,0.14505160141597184,0,0.0,0
3048,40.635865808770575,4,1,3.9062838360905374,6,0.30522016995711587,0,0.0,0
3049,44.11974792117003,0,1,21.21839538356356,7,0.05574601046408756,0,0.0,0
3050,30.700094775599382,4,2,10.550042314390447,1,0.3774440731512796,0,0.0,0
3051,33.575207269830905,2,5,22.08273063161345,4,0.9996816605453258,0,0.0,0
3052,43.27054433921655,4,5,3.107179404396822,3,0.9998899242642241,0,0.0,0
3053,27.589812504008712,3,3,20.685269354940168,7,1.0004264168566246,0,0.0,0
3054,51.68418454496752,4,3,8.544454263127102,2,0.49899707353944367,0,0.0,0
3055,31.93369106792474,3,3,17.39841740563066,4,0.07773415009692353,0,0.0,0
3056,59.093442841617616,2,1,12.523341462293098,9,0.9997393519881235,0,0.0,0
3057,57.550496352733944,1,1,0.0,7,0.9998027585375988,0,0.0,0
3058,26.80263173957784,3,6,20.013255957547408,1,1.0008423343623483,0,0.0,0
3059,58.78542846202555,1,5,16.11053233869317,1,0.5272002791423858,0,0.0,0
3060,40.44469005994964,2,3,4.435520342913975,3,0.9367873086680515,0,0.0,0
3061,43.639665880296235,1,3,9.754264543088917,2,0.7575869637424769,0,0.0,0
3062,29.571575662820273,4,3,9.086738693091705,3,0.0,0,0.0,0
3063,69.48633933544201,4,3,4.868156454494152,7,0.9996214801160783,0,0.0,0
3064,33.77645450765539,4,1,10.987025813181678,2,0.4206783599204553,0,0.0,0
3065,40.30443474114962,3,4,20.00023938660362,1,0.999307023703285,0,0.0,0
3066,60.62959941736861,2,4,19.99618565661258,2,0.999975970690288,0,0.0,0
3067,28.205483126486335,4,3,17.41957458622542,4,1.0003117403431923,0,0.0,0
3068,30.876429332196373,0,3,9.197618821643088,2,0.5048059556557332,0,0.0,0
3069,46.356863977548954,3,6,5.759841858159841,5,0.21158875431073149,0,0.0,0
3070,69.99636747838609,4,3,14.36310206159082,5,0.9996798713724255,0,0.0,0
3071,54.90981377137389,4,4,9.473794408557248,7,0.16630068549518318,0,0.0,0
3072,49.43634419057106,4,3,12.346277819322191,4,0.36664475501363464,0,0.0,0
3073,41.37399114633486,4,5,0.0,7,0.9634842927409757,0,0.0,0
3074,42.47032307679212,4,3,9.72202862696103,7,0.7805695036756127,0,0.0,0
3075,71.57475575795544,4,3,12.166716434529151,4,0.9998304275231964,0,0.0,0
3076,44.721348338828236,1,3,9.470911780604638,5,0.9470557943949467,0,0.0,0
3077,54.263337636497425,4,3,5.0532668984671725,2,0.4987797272657342,0,0.0,0
3078,51.17886457259214,5,6,13.957609686584481,1,0.6082861606188936,0,0.0,0
3079,25.650694513092397,4,2,6.839556491469852,1,0.28173208268540956,0,0.0,0
3080,61.45543320970272,1,6,18.06301563127781,3,1.0001401896208764,0,0.0,0
3081,52.05737152977768,6,3,9.25298815474747,3,0.9995774500380594,0,0.0,0
3082,42.27124844309756,4,3,20.342922527020505,2,0.13284258956868722,0,0.0,0
3083,35.19407255458219,3,3,18.104537015902473,4,0.9998213145260096,0,0.0,0
3084,37.14642838102939,2,3,9.923011746214428,3,0.20229785694798846,0,0.0,0
3085,27.237978891479877,3,3,15.767320718708525,1,0.11197325262082658,0,0.0,0
3086,45.10226534170516,1,5,3.672923956811199,1,0.8689226151553547,0,0.0,0
3087,38.51388794521234,3,3,0.0,7,0.6860379840231896,0,0.0,0
3088,36.207657879326135,3,1,6.684048254967045,4,0.49614455535556545,0,0.0,0
3089,74.02875244103812,3,2,12.437348598883037,5,0.47338586477959577,0,0.0,0
3090,48.73377272573268,3,2,7.753750063914003,7,1.0000440028989817,0,0.0,0
3091,52.43467573142174,1,3,0.994136151972393,2,1.0004299555439942,1,7108.077570193573,1
3092,16.040004018427634,1,3,5.770073903612158,0,0.0,0,0.0,0
3093,48.4369521664042,2,1,13.517173970935165,3,0.08689203722984906,0,0.0,0
3094,60.42392791253398,4,6,6.4562648418989195,7,1.0003280979825635,1,1700.642759779447,1
3095,47.90069944107704,4,4,15.53921874805966,1,0.9753429417277288,0,0.0,0
3096,43.11162976464394,2,3,13.48664303717599,2,1.0000302229475584,0,0.0,0
3097,60.33219196107031,2,3,9.252313529700638,3,0.9995961383839529,0,0.0,0
3098,43.8362921614836,6,3,21.232553812109206,1,0.27608300619011134,0,0.0,0
3099,38.94066952172582,4,3,7.861350665933946,2,1.0002720119075805,0,0.0,0
3100,43.214455148691926,3,6,16.605287101286507,6,0.42917454577461994,0,0.0,0
3101,33.352161275100244,3,1,13.633516307855299,7,0.9993920203869009,0,0.0,0
3102,59.78193341889366,3,3,13.482282413340604,2,1.0001736626938194,0,0.0,0
3103,26.392858906064564,5,2,10.684845203966473,4,0.9456011991068107,0,0.0,0
3104,28.815528138589933,0,2,19.76113824492314,4,0.6882994739223539,0,0.0,0
3105,42.32544779101999,3,6,10.86538920903072,6,1.0626524815403369,0,0.0,0
3106,58.360776685225765,2,2,11.164237816324004,7,0.7948938349497258,0,0.0,0
3107,27.619928268887,3,1,7.427101550652036,0,0.056156598234946786,0,0.0,0
3108,42.75364627760403,4,6,15.83613268052612,3,0.3158628714609547,0,0.0,0
3109,24.604740968409594,3,3,1.931190686924083,2,0.500490442781448,0,0.0,0
3110,46.75862738412202,3,3,20.00142161310208,5,0.8778192634672164,0,0.0,0
3111,47.59252309869721,4,3,12.93698945186178,7,0.8014001472758036,0,0.0,0
3112,33.97018988310195,3,3,13.920729237029757,4,1.000339353937726,0,0.0,0
3113,31.277569336479083,4,6,15.884617464309363,3,0.0,0,0.0,0
3114,61.963374142504705,1,3,14.420511250267225,6,1.000100956885114,0,0.0,0
3115,48.19314353179333,3,2,1.2294552693442107,2,0.6186986199264572,0,0.0,0
3116,40.29509218832844,1,4,20.010676879615446,1,1.000086251317368,0,0.0,0
3117,34.79871415651884,1,6,17.1302965654552,3,0.4455402571473461,0,0.0,0
3118,43.31819918718143,2,3,10.631976152662912,2,0.8811419041157442,0,0.0,0
3119,46.4395634901873,4,5,12.222389703372093,1,0.39492632567909985,0,0.0,0
3120,25.10048449671812,2,3,15.262462752278548,4,1.0001626465981768,0,0.0,0
3121,38.73969139044482,1,4,0.0,3,0.48960820567755836,0,0.0,0
3122,38.67135771463001,0,3,15.145423566616259,7,0.9996835173847769,0,0.0,0
3123,16.88201491655092,0,3,3.315863689203697,0,0.1420813030320639,0,0.0,0
3124,41.71337718322219,4,6,14.648251733676362,5,0.5922124715863362,0,0.0,0
3125,36.49231698588656,1,3,15.409500586515806,1,0.9741458640066634,0,0.0,0
3126,28.345667922381566,2,3,9.617079060554182,7,0.004467520217254495,0,0.0,0
3127,41.631510281910494,3,2,13.50960831509984,4,1.000652702710161,0,0.0,0
3128,24.85330987882472,4,2,9.906761880199221,6,0.49071077749581465,0,0.0,0
3129,48.84013873708049,4,3,14.70486102468876,7,0.999968743769424,0,0.0,0
3130,43.174498086187185,0,6,11.77011405800604,4,0.4140295577349233,0,0.0,0
3131,24.85315015718972,3,2,11.581727813724457,1,0.24286007627250306,0,0.0,0
3132,52.77950204741684,3,2,20.5360066318474,7,0.9995089744895613,0,0.0,0
3133,42.08425818587202,2,3,11.485723252318303,7,0.9998676158460194,0,0.0,0
3134,47.75274309608087,3,2,7.614779643486377,7,0.9999494409182355,0,0.0,0
3135,48.662119896368836,5,4,20.000238205348722,7,0.9997379137693985,0,0.0,0
3136,42.64619114002957,3,2,9.87036709708839,5,0.294397434815316,0,0.0,0
3137,31.753072119311593,3,3,18.892968388687766,6,0.9710926590067457,0,0.0,0
3138,28.92192614159714,1,2,8.825575105902738,4,0.5969147290050851,0,0.0,0
3139,60.543609839721015,1,5,11.212584742594716,5,0.9835975751445765,0,0.0,0
3140,52.52357208947237,2,4,2.7591773606362366,7,0.9364514167970179,0,0.0,0
3141,23.898218898282508,3,1,4.16109187459368,5,0.22538848549093138,0,0.0,0
3142,51.81242152955427,1,3,9.054044706169027,1,0.6535007885189885,0,0.0,0
3143,33.642704157484914,3,1,11.870030486212347,3,0.1656214264234256,0,0.0,0
3144,28.494643796464317,1,4,19.99014322556501,1,0.9995581696789421,0,0.0,0
3145,64.363797496941,2,4,4.261476077135732,7,0.9121983927598738,0,0.0,0
3146,27.391529953427074,4,3,22.141763681028184,1,0.7016262920259488,0,0.0,0
3147,38.248430893140295,1,1,0.0,7,0.9992723642368613,0,0.0,0
3148,37.88937436613033,3,5,20.010428127079187,7,0.9688161060073248,0,0.0,0
3149,66.51756132912209,2,3,12.698268102564594,7,0.9995986136104734,0,0.0,0
3150,54.178237328470146,3,4,19.999595114705016,1,0.9999984184107575,0,0.0,0
3151,45.91403284445272,2,6,5.735082213390618,3,0.0,0,0.0,0
3152,32.41413967328184,1,4,8.416920294311732,4,9.23627225868362e-05,0,0.0,0
3153,51.970337383761205,3,4,20.010981183011765,7,0.6464000893751748,0,0.0,0
3154,38.853220934365375,4,2,11.448361653591892,1,0.682188206504838,0,0.0,0
3155,43.85383889085255,1,5,10.193927210080062,7,0.4756795335951757,0,0.0,0
3156,35.59981113729246,4,3,10.746233768396799,3,0.9357863545301515,0,0.0,0
3157,53.666185335018056,4,3,15.511263513962927,7,0.9997690104407391,0,0.0,0
3158,27.286065687116306,3,2,10.330111880748925,3,0.4850280671821263,0,0.0,0
3159,55.01943419151626,3,4,21.42358108413006,4,0.0,0,0.0,0
3160,21.734662848194812,3,3,18.042923329234455,7,0.3882837019392175,0,0.0,0
3161,40.82662830291109,1,3,9.327471963600974,2,0.4986182460192677,0,0.0,0
3162,40.111456974805066,4,3,20.312824910747267,6,1.0000200761727314,0,0.0,0
3163,48.891408744843886,3,4,11.724368783076796,4,0.9387375611308486,0,0.0,0
3164,68.0535300191992,2,5,17.54962139979058,7,0.9597129971747222,0,0.0,0
3165,36.29897795813298,5,2,11.209401364286903,7,0.5770196792347319,0,0.0,0
3166,34.898006818083275,2,5,16.36457260605934,4,0.9675485885810902,0,0.0,0
3167,46.437126229670234,0,3,17.27026519249258,3,0.4985542323435683,0,0.0,0
3168,52.33059024619409,2,5,4.890871269609667,7,0.9994448878333975,0,0.0,0
3169,43.33764023996491,4,6,13.346414017967925,6,1.0001625036911002,0,0.0,0
3170,27.905206064003586,4,5,6.117871767316405,1,0.8635673822108152,0,0.0,0
3171,49.04193435554261,3,2,19.996318376329334,1,1.0001761859734914,0,0.0,0
3172,39.36007907763869,4,5,7.465687255816487,1,0.5271746320421589,0,0.0,0
3173,60.20927388569396,7,2,5.9522475439243605,7,0.3435864059207783,0,0.0,0
3174,52.17157886451092,3,2,12.119415210233045,8,1.0001928230279373,0,0.0,0
3175,55.385969586066196,2,6,8.11966623083595,7,0.7570696658924827,0,0.0,0
3176,57.400393491486405,2,4,5.134161425346148,7,0.5555519176119559,0,0.0,0
3177,34.078669505924324,6,1,13.928795319032993,2,0.572603616639055,0,0.0,0
3178,44.25800393102277,3,1,17.868144767661093,1,0.9417494237772818,0,0.0,0
3179,73.3128863627362,3,4,18.93280301099993,4,0.935851881036315,0,0.0,0
3180,37.44916644706383,2,3,0.0,2,0.44110376313641375,0,0.0,0
3181,46.89016624740971,5,5,13.621611541553753,1,0.9646557841601401,0,0.0,0
3182,27.482692354843287,1,6,10.542910932384471,2,0.3076531285503749,0,0.0,0
3183,47.548041043790796,2,1,11.74453828588561,3,0.27156634459220574,0,0.0,0
3184,33.13297317224038,2,3,8.885843443376547,4,1.0000582265736107,0,0.0,0
3185,26.3800588417357,3,6,23.065265196953785,2,0.6263599445720582,0,0.0,0
3186,49.26634322867396,4,1,13.18266839298312,4,0.03815353928865006,0,0.0,0
3187,29.350706423355042,4,6,21.49191374974633,1,0.9999032605894208,0,0.0,0
3188,58.745666410284365,4,5,9.955024725842888,4,0.49953440313662867,0,0.0,0
3189,47.490968933754274,3,4,20.0049987172636,6,0.5009437599989816,0,0.0,0
3190,44.589596938716774,1,1,5.29327665695521,6,0.24832506600066334,0,0.0,0
3191,32.12490374456392,4,2,19.23824238982298,3,0.41216950776313177,0,0.0,0
3192,47.080212213171954,2,6,11.127119496701248,6,0.9995056638529365,0,0.0,0
3193,43.19996676113612,2,2,8.945808184121194,7,1.0000914630830642,0,0.0,0
3194,65.4761375916009,3,6,14.276860288733918,3,0.9742989603158793,0,0.0,0
3195,33.50150046409535,2,3,1.2990403544970786,4,0.4637316119375272,0,0.0,0
3196,37.90903798709753,4,2,1.740219459156366,6,0.7067482417703697,0,0.0,0
3197,36.75561212930536,3,1,6.327727923818966,7,1.000169751681119,0,0.0,0
3198,60.10155436530809,4,4,7.343404358663525,7,0.9999711204632031,0,0.0,0
3199,37.21357425512387,4,3,0.0,7,0.9998105682163823,0,0.0,0
3200,41.39827118930763,1,1,4.5895379349721726,5,0.6999244570236727,0,0.0,0
3201,32.77187861712628,1,1,2.8008746691425923,4,0.4988306490860373,0,0.0,0
3202,59.60123874968889,3,3,4.533061654448484,5,1.0001174094453713,0,0.0,0
3203,17.141901478016532,5,4,13.193039055796431,1,0.9476578122001301,0,0.0,0
3204,57.478483494447694,3,3,0.5116299167675322,7,0.999977453029905,0,0.0,0
3205,57.13657623373783,4,3,12.202474475230991,7,1.0005056644808583,0,0.0,0
3206,49.74949364867086,5,4,3.862301774662357,4,0.5014439687909301,0,0.0,0
3207,42.24801127972475,3,6,2.2415119459421664,7,0.3179526773026561,0,0.0,0
3208,23.197421061278455,4,4,14.046578481912393,1,0.5405309982355726,0,0.0,0
3209,30.414545987168708,1,3,9.857786037523445,4,0.5400967010275641,0,0.0,0
3210,48.367670850059945,3,4,20.005936894009253,1,0.9989422972431273,0,0.0,0
3211,54.19751571100659,2,4,0.0,7,0.07913011290021243,0,0.0,0
3212,51.477365763005125,1,4,6.783473444607878,9,0.893012844218824,0,0.0,0
3213,49.82949495523798,3,1,13.772175869312719,1,0.2338778136397089,0,0.0,0
3214,51.09255783647971,2,1,3.6702224234674032,7,0.8153837384326402,0,0.0,0
3215,37.16343932135388,3,5,15.907023114460108,1,0.1871801540190523,0,0.0,0
3216,46.7230803412182,3,2,3.6045396658680495,7,0.800825917790662,0,0.0,0
3217,41.84918562208106,5,2,16.00924572368254,4,0.9831219590753184,0,0.0,0
3218,34.2017162765673,2,2,4.787621549256517,1,0.0,0,0.0,0
3219,48.371965458770205,3,5,13.055991828037701,5,1.0001439546425337,0,0.0,0
3220,44.22959117768302,2,3,10.09889304019815,5,0.5006601453160902,0,0.0,0
3221,24.89695193642529,5,6,4.457636231418965,1,1.0149506037433365,0,0.0,0
3222,45.05873530744885,1,6,20.003486954581362,1,0.13757608431148227,0,0.0,0
3223,69.10135644660626,3,1,0.0,7,0.34378542328310097,0,0.0,0
3224,43.455145843267296,5,5,8.616227450260393,3,0.3702187363527497,0,0.0,0
3225,34.96547546829377,3,2,19.994336492277263,1,1.0001163050896218,0,0.0,0
3226,62.37646335138719,3,1,6.449961765730686,7,1.0009010400863023,0,0.0,0
3227,46.27927400058101,4,4,20.010642404558098,1,0.42784480823040216,0,0.0,0
3228,47.744367539328174,3,1,0.0,3,0.4937154865906522,0,0.0,0
3229,61.86231029973202,5,5,19.997443994819477,1,0.9995202515676803,0,0.0,0
3230,21.15580782884173,4,4,20.20296542618867,1,1.0145710183854824,0,0.0,0
3231,36.61724770170297,4,6,9.223188438777912,7,0.9996419704934355,0,0.0,0
3232,47.719991137319425,5,3,5.62939878330805,4,0.8465973623399192,0,0.0,0
3233,52.530307809787146,2,6,17.25564023624078,4,0.999868327108189,0,0.0,0
3234,37.25597830744795,4,1,9.028521296188659,0,0.6474628863870772,0,0.0,0
3235,37.99456998790751,3,4,15.327776723804968,6,0.07467511086835055,0,0.0,0
3236,56.53807785017321,1,1,12.502031173029655,3,1.0004581539393862,0,0.0,0
3237,53.18771842815601,2,6,10.684299233422525,7,0.9991535018726434,0,0.0,0
3238,26.79394678762022,3,6,6.02211111394428,3,0.38345074665795403,0,0.0,0
3239,46.11268297965643,1,3,13.646144900150567,4,0.5292846205624894,0,0.0,0
3240,31.796016957948275,4,3,22.802927790038936,3,0.4067413067738114,0,0.0,0
3241,52.126696043748396,1,1,5.063047357486215,4,0.5036230049833225,0,0.0,0
3242,44.47566615442657,2,2,13.881048518542432,5,0.1657448925436713,0,0.0,0
3243,33.59855990051388,3,5,23.365711623062815,1,0.33289864967457533,0,0.0,0
3244,64.45176773402471,3,1,15.249439052546336,5,1.0000227577466307,0,0.0,0
3245,12.822062082686696,4,3,14.192421323138849,7,1.0004581110869262,0,0.0,0
3246,37.43213411319781,2,3,6.2497620421710405,2,0.5271598607880823,0,0.0,0
3247,26.716098564296615,3,6,6.642057459022765,4,0.7354676709431529,0,0.0,0
3248,29.919791439146362,6,3,8.264570489634167,1,0.6625871153324764,0,0.0,0
3249,33.70322793075377,3,2,4.436173579238371,7,0.059458528919850484,0,0.0,0
3250,65.68174607040467,3,6,10.546824194938418,7,0.9999489358963611,0,0.0,0
3251,44.55094286281295,3,4,20.006990384672445,4,0.4970830162951774,0,0.0,0
3252,42.458008516350034,3,6,19.103350777010736,7,1.0000974268432685,0,0.0,0
3253,35.27823397372173,3,4,20.002672064160993,7,1.000290054967508,0,0.0,0
3254,39.619029027909804,1,1,0.15089058667565958,7,0.2020846977180677,0,0.0,0
3255,41.68264474880556,3,3,11.30622155047317,4,1.0002577995046726,0,0.0,0
3256,54.2655056352496,4,1,19.984914170882462,1,0.6910305323122804,0,0.0,0
3257,42.70442366596437,1,3,10.417547769396688,7,0.9687739244883296,0,0.0,0
3258,26.443443191673666,3,2,7.290097121965356,0,0.6071044612276769,0,0.0,0
3259,34.978984150761534,2,3,17.193109889240116,4,0.9999588181523977,0,0.0,0
3260,42.78703811388749,2,3,11.924399939716182,5,0.21133675945126712,0,0.0,0
3261,16.539378733416175,4,7,0.0,2,0.06773435686855944,0,0.0,0
3262,44.155305711230845,3,1,19.993884145481125,2,0.710698294483039,0,0.0,0
3263,42.26798652986735,2,6,20.00297250639831,1,1.0000431116938457,0,0.0,0
3264,29.661655488048915,0,6,0.0,4,0.9995615467477077,0,0.0,0
3265,41.77972340303816,5,2,7.163748204934387,7,0.33964086835651053,0,0.0,0
3266,53.72411646039893,2,3,9.919045016817996,2,0.6457642153586034,0,0.0,0
3267,60.2927382564648,3,1,9.530950444747365,3,0.5006679259179276,0,0.0,0
3268,52.05817173212188,3,4,16.490561261615127,4,0.8539573374075634,0,0.0,0
3269,46.74922572781908,3,4,10.223690194612454,5,1.000053489888743,0,0.0,0
3270,45.48227931335283,3,4,20.005460833584372,7,0.9995815840781415,0,0.0,0
3271,49.37498587003619,3,4,10.687342302814244,7,0.5059864088472554,0,0.0,0
3272,42.322646785379945,3,3,15.848147558440342,1,0.9999504381999393,0,0.0,0
3273,28.81517271274246,3,6,16.635818286417148,2,0.3600038508018409,0,0.0,0
3274,61.96319373869865,5,3,13.559365358753453,4,0.6231252142026218,0,0.0,0
3275,51.52013109083753,1,2,14.053172014484693,7,0.9997065813088506,0,0.0,0
3276,7.819376228944677,4,1,2.746519699859183,2,0.33774760993997655,0,0.0,0
3277,49.91652507718303,3,3,19.612112688768924,3,1.000073593599089,0,0.0,0
3278,43.221163417543146,7,3,7.007395281475725,0,0.9999359067430482,0,0.0,0
3279,63.06337214674327,2,1,7.950292562387119,2,0.9544503057075509,0,0.0,0
3280,22.499673372975085,1,3,4.960248899431037,4,0.965940478392409,0,0.0,0
3281,25.55697992361019,6,2,8.658146693976969,6,0.19713711378385973,0,0.0,0
3282,22.716345573405686,2,2,10.355936258239533,5,0.953619779570604,0,0.0,0
3283,54.33903711076252,4,1,3.8013115351348503,7,1.0005330530501926,0,0.0,0
3284,53.75831120248673,3,1,19.331022042919102,7,1.0001487431832876,0,0.0,0
3285,52.39627506566213,3,2,7.942865269363876,7,1.0001714161491058,0,0.0,0
3286,34.46456773284241,2,1,12.467057598640197,2,0.9996728925320132,0,0.0,0
3287,64.04420623038817,2,2,16.253753407797632,4,0.39161826270312117,0,0.0,0
3288,40.94330633355003,4,3,10.589533035397917,0,0.7749841536947463,0,0.0,0
3289,25.088702933128793,3,6,12.19627688081121,4,0.584584259881708,0,0.0,0
3290,44.819968319334144,3,4,20.006441003981237,7,0.9994379093103067,0,0.0,0
3291,40.451868144062416,3,3,17.166119455571398,2,0.9998767536101357,0,0.0,0
3292,28.932293697769317,3,3,1.301306497940697,3,1.0002587523172006,0,0.0,0
3293,47.5743842733802,4,6,10.378681498087685,5,0.9997415438123398,0,0.0,0
3294,36.24006320363208,2,1,0.0,0,0.13613808179860798,0,0.0,0
3295,24.974781233836303,5,2,10.50233106753111,3,0.3401428896615654,0,0.0,0
3296,28.047202595958883,3,5,19.270712084445435,1,1.0001828141675917,0,0.0,0
3297,71.70362830876016,3,3,14.113416372052589,2,0.20005658869878779,0,0.0,0
3298,59.737078160912944,3,2,11.37904737970067,7,1.0001059556530993,0,0.0,0
3299,65.0752801757119,4,3,10.322390550653815,3,0.9994520094052577,0,0.0,0
3300,32.219102220549836,3,4,19.994308297153413,1,1.0001877746689272,0,0.0,0
3301,48.18467940917747,4,6,19.989679405405063,1,0.9333042515006859,0,0.0,0
3302,40.92748721423629,2,3,3.9161712920311027,3,1.0000767840410567,0,0.0,0
3303,50.66989336143309,4,3,7.545873009441829,7,0.778584567873162,0,0.0,0
3304,34.24396891740291,4,4,6.729396528717864,6,0.3369382366334347,0,0.0,0
3305,25.699117164424223,2,2,5.992173875437017,5,0.8097300570985551,0,0.0,0
3306,61.20437120325524,3,3,11.35156124945958,2,0.9995651450453731,0,0.0,0
3307,55.80876684052517,4,3,3.996728360119511,2,0.42119555363219857,0,0.0,0
3308,42.281239631430914,2,3,13.494852184253578,7,0.9273110460610421,0,0.0,0
3309,50.8268068788052,3,5,10.503270915877591,4,0.0,0,0.0,0
3310,32.116170579876595,3,3,11.742408058075835,4,1.0001190825704724,0,0.0,0
3311,61.87622980027584,2,3,10.563417589166443,7,1.0003599450678844,0,0.0,0
3312,31.291389430932604,1,4,12.875721333254628,1,0.9488622964491602,0,0.0,0
3313,58.63446049098435,4,5,14.160442877215043,2,0.504540954944348,0,0.0,0
3314,55.680822096691486,4,4,13.948300423169988,6,0.4199304764794061,0,0.0,0
3315,44.618069597764936,4,3,6.788129849826853,3,0.019191449857080878,0,0.0,0
3316,58.684528281140814,2,3,12.077539448607338,7,0.9999320440961909,0,0.0,0
3317,33.06799569597187,6,5,6.416969066019915,7,0.42384536897699737,0,0.0,0
3318,34.53978876296546,3,6,13.02511371927481,7,0.8324673179383296,0,0.0,0
3319,47.65542678916865,4,3,10.522799717220101,1,0.14206014976106196,0,0.0,0
3320,46.06449901633652,4,6,9.464412918856327,7,1.0004642390056526,0,0.0,0
3321,55.1228681032306,3,1,14.605097912482556,7,1.000105350788231,0,0.0,0
3322,23.70506259667147,3,6,8.491101047672085,2,0.7792005341241568,1,1734.31865669622,1
3323,34.87000213945103,3,1,16.476321167050664,2,0.646995373003126,0,0.0,0
3324,52.89057241877642,6,6,14.473438149123856,2,0.41848894231169986,0,0.0,0
3325,40.79767680043363,1,3,15.030533502317725,6,0.07220265766127221,0,0.0,0
3326,26.491938631566946,3,3,9.35365268216891,5,0.953672076738396,0,0.0,0
3327,49.32418481329316,1,2,13.722599486388903,4,1.0306053047985706,0,0.0,0
3328,31.44129685459364,4,1,3.1096042471457395,1,0.2368878468949031,0,0.0,0
3329,42.4999531724966,2,1,6.761976352988706,0,1.0001512346871642,0,0.0,0
3330,30.421267534370436,2,3,2.0253311181958153,4,0.5017168200111893,0,0.0,0
3331,5.431037671377766,3,3,8.344215902002217,5,0.9635920904366309,0,0.0,0
3332,60.42964954689421,5,6,2.4429609938859986,7,0.6675815884711389,0,0.0,0
3333,33.2568415690108,2,2,4.838727972500784,1,0.09550678501137444,0,0.0,0
3334,32.88657812111329,4,5,6.805868119253747,7,0.8660139201915483,0,0.0,0
3335,23.524460717311065,3,3,10.782159550434976,2,0.9416830325784896,1,5973.499525217622,1
3336,42.588960596048885,3,4,2.7649058993716356,2,0.3246940206753631,0,0.0,0
3337,61.252357121119815,2,6,13.540203028170417,4,0.6049794119751487,0,0.0,0
3338,55.23238622296581,4,2,4.262847292545104,6,0.23417951259649783,0,0.0,0
3339,17.79335634694754,3,2,7.13873711275388,2,0.7141483647889724,0,0.0,0
3340,48.709918966992035,4,2,14.638352734258877,1,0.6599800996132626,0,0.0,0
3341,59.46279368136598,1,3,6.90901074325173,3,0.5000190213791103,0,0.0,0
3342,35.63427858404977,3,3,13.764347865916328,5,1.0000175007939531,0,0.0,0
3343,53.49290425255984,2,3,13.665025680928752,3,0.9998982731892965,0,0.0,0
3344,60.11773316477887,4,6,0.0,7,1.0350537371490418,0,0.0,0
3345,39.04670381277869,4,1,11.020036075918203,7,0.1430125239790857,0,0.0,0
3346,28.167114935234203,2,6,23.28524234476272,4,0.9997335750370366,0,0.0,0
3347,54.271643670811066,3,4,20.00099667995827,1,1.0002975404943288,0,0.0,0
3348,34.88951258511899,1,6,15.90699818204191,4,0.999667777944824,0,0.0,0
3349,46.94105265581398,2,2,8.899043195109813,3,0.964793082962073,0,0.0,0
3350,27.346272370257005,2,1,24.319092588537217,7,0.9998854099099799,0,0.0,0
3351,32.804669729003564,4,1,6.267734943254245,3,0.4111906940155609,0,0.0,0
3352,55.766834889348445,3,3,2.4606684250931785,3,0.947891154841469,0,0.0,0
3353,48.61920201078853,1,2,1.6645038849175329,6,0.008734439393098259,0,0.0,0
3354,65.96768370969423,3,1,21.275289967749977,7,1.0006603317217586,0,0.0,0
3355,52.011864072338525,4,4,7.938493662896434,7,1.0003262836184936,0,0.0,0
3356,47.44796209421918,5,3,14.664871614518173,5,0.5016668918966871,0,0.0,0
3357,54.359254626433994,3,6,14.368357774660744,0,0.0,0,0.0,0
3358,50.43053203360126,4,2,7.710905818731652,7,0.2077611671974789,0,0.0,0
3359,42.51406546536714,3,2,12.688154132049116,4,1.0002453339661477,0,0.0,0
3360,25.636265837374577,5,2,18.137826455761726,3,0.86534621720623,0,0.0,0
3361,53.577730618613536,3,4,19.996755342317876,2,0.5033294839722702,0,0.0,0
3362,64.05475840071567,3,5,0.0,3,0.33155624054547944,0,0.0,0
3363,18.876623219646078,4,3,9.094485281747808,4,0.5655073826299639,0,0.0,0
3364,51.15032066842238,3,5,11.163313743506057,6,0.0,0,0.0,0
3365,34.91317644060687,4,4,20.0082860030997,6,0.9615518913768759,0,0.0,0
3366,37.906253347671694,5,7,8.79670284071121,7,0.4571848736741118,0,0.0,0
3367,55.55433103405715,2,5,2.7967074816858073,7,0.936898258402716,0,0.0,0
3368,50.92351278447423,4,2,9.741126745642084,7,1.0002363362171334,0,0.0,0
3369,36.71643445288724,3,6,5.887773095335713,7,1.0005131292834402,0,0.0,0
3370,39.11447025579675,3,3,14.674083625022014,3,1.0000046604439485,0,0.0,0
3371,65.18605853678889,4,3,3.940128159378851,7,1.3477130459121018,0,0.0,0
3372,54.519495392081154,4,3,12.418737749156717,6,0.7342096646217884,0,0.0,0
3373,17.563942048726787,4,5,5.935879364709389,1,0.473209746801994,0,0.0,0
3374,33.7274064847514,3,3,15.497642190280004,2,1.0002803172526822,0,0.0,0
3375,43.06343329441558,1,4,20.00590869192307,3,0.4978482912248302,0,0.0,0
3376,42.08954969571767,3,3,9.88221596062139,2,0.9997452932054838,0,0.0,0
3377,45.62220988120538,2,3,12.671223115100135,3,0.5067275187373674,0,0.0,0
3378,20.77136730179299,3,5,17.433695481441344,2,0.24826953600675083,1,6326.948968985986,1
3379,58.56189535809432,3,4,0.0,7,0.9445400040847052,0,0.0,0
3380,44.41207408266478,3,4,20.010667091319633,1,0.060336258272608134,0,0.0,0
3381,64.40573266458452,6,4,20.00117926145783,1,1.0001945433699273,0,0.0,0
3382,41.09621956289288,5,6,13.81930024819666,7,1.0000744252121385,0,0.0,0
3383,22.269124344665602,3,6,10.306127823781923,7,0.6912005536069543,0,0.0,0
3384,28.804803537687285,2,6,5.74302035521109,6,0.4473626689255093,0,0.0,0
3385,64.84434526874813,3,6,15.92921683789981,7,0.3523584144608268,0,0.0,0
3386,35.38114859383635,2,1,2.4460827457891092,4,0.9170916289705027,0,0.0,0
3387,52.27970135405447,1,6,14.518739058390771,3,0.9999557375406685,0,0.0,0
3388,33.781990576714435,3,6,14.914105291082663,7,1.000125092238962,0,0.0,0
3389,52.48985677312423,4,5,19.430047269687996,2,1.000188687884414,0,0.0,0
3390,33.414959103025275,2,7,20.003601907918878,1,0.38309928665563975,0,0.0,0
3391,57.155327770305234,3,4,19.999925637126342,1,1.0001165158354626,0,0.0,0
3392,59.13715428485108,3,3,12.075655331421878,2,1.0002801637772636,0,0.0,0
3393,41.003055856154894,2,1,2.7516855646381124,1,0.09154992866990508,0,0.0,0
3394,51.27146408265068,1,3,6.660396480086807,3,0.49819696888823023,0,0.0,0
3395,66.05031504344176,4,6,6.26953072998518,2,0.7026972066815286,0,0.0,0
3396,43.31441654287418,2,2,13.529913052608833,1,0.9999224458280012,0,0.0,0
3397,33.07977082186494,4,3,17.537254786029795,0,0.5029940337109505,0,0.0,0
3398,57.904460665068626,5,4,0.0,1,0.25316461124743594,0,0.0,0
3399,51.972161088125404,2,1,17.106241247015436,3,1.0000918494251911,0,0.0,0
3400,48.16553495133805,3,2,16.6772561089085,1,0.6537612161707713,0,0.0,0
3401,54.26051455951826,3,6,14.222616129126733,6,0.9996258909817672,0,0.0,0
3402,50.48941231040378,3,3,14.401230704119305,3,0.49307986815150795,0,0.0,0
3403,44.958329018274554,4,6,10.350637024676137,7,0.9997999985615267,0,0.0,0
3404,56.83997578917621,1,4,20.004062537177617,1,0.5230020156317204,0,0.0,0
3405,66.76401507319545,6,4,20.006581688101168,7,0.9997994454504877,0,0.0,0
3406,33.78761698514887,5,7,5.765769467882539,6,0.3285540553849912,0,0.0,0
3407,50.418550451583855,6,6,15.276742556281935,7,0.8201547176883481,0,0.0,0
3408,25.27723719636439,3,6,13.903194194754459,2,0.73213760390797,0,0.0,0
3409,25.974032787449605,6,2,6.4806396472691485,3,0.17515137053443897,0,0.0,0
3410,40.45881099458333,3,1,12.936944148880999,2,0.4954122018099777,0,0.0,0
3411,43.87388724439966,3,2,17.02953409657772,1,0.9866521645479022,0,0.0,0
3412,17.52337521014073,2,1,0.0,3,0.555175510902214,0,0.0,0
3413,40.18672843633518,3,4,10.735627785857606,5,0.9744713556030176,0,0.0,0
3414,54.22974670021133,2,5,16.36107727376263,3,1.0259465813881476,0,0.0,0
3415,56.835896998786566,3,4,14.884764811657504,1,0.9998399376308538,0,0.0,0
3416,37.556067484066475,1,2,9.477773979087454,6,0.4988796387570724,0,0.0,0
3417,37.35674359354866,4,1,5.693939303091982,7,0.9996363570781781,0,0.0,0
3418,43.601973583078646,3,1,5.224337284336332,7,0.9997602089578572,0,0.0,0
3419,43.771021897217594,5,2,16.624808926478387,7,0.16340577477825757,0,0.0,0
3420,55.876477264616256,4,4,0.0,6,0.397871631779247,0,0.0,0
3421,52.649982432868946,1,3,14.571439274441563,2,0.9995889197331214,0,0.0,0
3422,46.17473916207536,3,5,11.273753949075925,1,0.7370621982407969,0,0.0,0
3423,31.354687433916723,3,4,13.796640321727004,1,0.2556539703594197,0,0.0,0
3424,53.14065767493282,2,3,13.096028497457484,2,0.5015633205722779,0,0.0,0
3425,65.58633612618397,3,1,12.411169517515473,7,1.0001014145660196,0,0.0,0
3426,35.20757450564099,2,5,19.736282781060744,1,0.8470393829772211,0,0.0,0
3427,43.166769811155625,4,3,9.46848836720303,5,0.47284635265920505,0,0.0,0
3428,17.00508698369484,4,4,11.065654867961445,1,0.999456174127353,0,0.0,0
3429,36.76054965041999,4,2,14.54356493355495,7,0.575131128979832,0,0.0,0
3430,55.18137903912299,3,3,0.42591821530970897,3,0.49947939992881935,0,0.0,0
3431,58.943185178364054,3,1,16.240237286721467,7,0.9996046047649692,0,0.0,0
3432,43.907960071374355,7,5,10.580637463532423,7,0.45218893475541405,0,0.0,0
3433,29.56992721648117,0,2,7.030679539318738,7,0.10745845275663402,0,0.0,0
3434,27.77326265124001,2,3,5.122019224726173,7,0.9379694560984166,1,5394.536092570367,1
3435,46.560180031390175,3,1,17.79968417237815,1,0.9509823329198617,0,0.0,0
3436,20.985466238450766,2,1,0.0,0,0.44482430284133545,0,0.0,0
3437,44.18682327879217,2,2,10.29549642915262,7,0.23744456671673791,0,0.0,0
3438,48.49866757192103,5,1,6.4452145640388645,3,0.5000802787638354,0,0.0,0
3439,54.39272869996374,4,6,10.752323411167033,1,0.6892487279865925,0,0.0,0
3440,42.987111282848915,3,3,6.425736369812753,6,0.9999489427374013,0,0.0,0
3441,41.878546841247875,3,2,18.763572691425935,7,1.0001112005763453,0,0.0,0
3442,69.02433612594743,4,3,13.718744927951303,7,1.0001301049134708,0,0.0,0
3443,39.60286122852452,4,3,3.864279096369084,2,1.0001306472554077,0,0.0,0
3444,38.02564887579089,1,2,12.908704220059205,1,0.9999584446118996,0,0.0,0
3445,57.40787434798976,2,4,7.651936103522527,1,0.9886964608540635,0,0.0,0
3446,46.98586788528619,3,2,15.825987241530209,2,0.12334252257140244,0,0.0,0
3447,29.111376136074796,4,6,10.093381167392327,7,1.0004692000843558,0,0.0,0
3448,45.18338622202394,4,2,10.18723269336839,1,0.47168017543885987,0,0.0,0
3449,23.662135970609707,4,6,11.92500652864597,7,0.9996863093588653,0,0.0,0
3450,46.1725539729172,3,1,16.776961621558954,6,0.9996678150445577,0,0.0,0
3451,36.97081225966481,3,1,16.233630191588812,7,0.5134464529162708,0,0.0,0
3452,54.045402769571645,2,4,20.002131032742803,1,0.49579204741125493,0,0.0,0
3453,17.929543475767094,4,4,13.44121126494818,1,1.0004682935246711,0,0.0,0
3454,49.397685930167285,1,2,8.36010134226037,7,1.0002307500705658,0,0.0,0
3455,55.38395353930536,3,4,12.51858404450477,7,0.9848662367139246,0,0.0,0
3456,72.12601096942524,5,1,16.63174076689957,3,0.9997583478556851,0,0.0,0
3457,43.90113857378104,3,4,10.906983794852213,3,1.0005363017676905,0,0.0,0
3458,25.49334279485897,1,1,10.647072865843905,1,0.9252050885632624,0,0.0,0
3459,31.286578426980952,2,3,1.8383267400277035,2,0.9995426218832331,0,0.0,0
3460,51.75813234902098,2,1,5.699409522052044,7,0.9997786458100901,0,0.0,0
3461,37.22876356289725,6,3,12.388444294457868,1,0.6866407668748303,0,0.0,0
3462,33.12497713734618,4,5,5.098784025518829,7,1.0001461865817953,0,0.0,0
3463,38.18855529708186,4,6,19.993738802342325,1,0.5611159833122012,0,0.0,0
3464,45.06421090808919,2,3,26.187171587813452,3,0.4990741528693229,0,0.0,0
3465,19.601361244340026,4,6,1.8274510610674088,7,0.2060848083486559,0,0.0,0
3466,42.453740107619076,3,3,20.008860756604467,4,0.3459805477220287,0,0.0,0
3467,38.76084087707428,4,2,6.042689952482228,7,1.0002519928560878,0,0.0,0
3468,37.893323020653135,1,5,0.0,1,0.6550986969667573,0,0.0,0
3469,39.68750481892109,1,1,10.215799686260658,3,0.9993108021414125,0,0.0,0
3470,63.90010866303152,0,3,6.290029816454753,5,0.5062363873497981,0,0.0,0
3471,25.956640990320754,3,2,6.363927506915921,5,0.20200750452855404,0,0.0,0
3472,36.876295695727016,3,1,11.828898256976395,3,0.8023673648012581,0,0.0,0
3473,23.42125347255877,5,6,17.53794351505008,0,0.5728433982445431,0,0.0,0
3474,34.724896948678605,4,6,11.720199757951237,4,0.9999939585566471,0,0.0,0
3475,45.42846229696508,2,3,17.797927233850398,5,0.4349873110460026,0,0.0,0
3476,41.427765644145516,3,1,14.376718172938535,7,0.9996201600213507,0,0.0,0
3477,51.118828442147255,3,1,13.187679502890044,4,1.0001630719701247,0,0.0,0
3478,32.83580058291256,2,1,7.476978634451487,3,0.21979509206464898,0,0.0,0
3479,43.03875523454241,2,2,12.272490463855743,4,0.8048722397913051,0,0.0,0
3480,34.24035265743066,3,5,19.996649162332155,1,1.0000303872848377,0,0.0,0
3481,45.74828786683434,1,3,5.588792767941421,7,0.4685414518903678,0,0.0,0
3482,31.434423266713953,3,1,14.115992713813798,7,1.0000402866695057,0,0.0,0
3483,28.356170264107938,4,6,10.704623437512566,2,0.9998201778888721,0,0.0,0
3484,42.87624129858158,4,3,12.600027447489342,7,0.9999193844652041,0,0.0,0
3485,24.794074566820996,2,2,12.536289702019182,7,0.9871223045800626,0,0.0,0
3486,65.4309143822856,3,5,22.36501441444343,4,0.9998373776367848,0,0.0,0
3487,51.957357062067594,2,3,15.299742919638641,4,0.9396938825753215,0,0.0,0
3488,45.18864502301101,1,1,10.15098486214428,7,1.0000636553235764,0,0.0,0
3489,69.50914077345318,5,1,18.428825705013324,7,1.000410397671549,0,0.0,0
3490,40.67986094935969,4,3,10.819432501850649,3,1.0003505867199303,0,0.0,0
3491,57.27836382875404,2,3,13.697506736819733,4,0.49830233138746055,0,0.0,0
3492,47.02542762133106,3,4,13.175755769251564,6,0.7067882598408347,0,0.0,0
3493,38.09194190612803,6,2,15.181586952225372,4,0.9521111381123125,0,0.0,0
3494,37.049788436809756,2,1,13.896628414711916,1,0.723259508707005,0,0.0,0
3495,24.404463209218385,5,1,7.134513043732035,5,1.0001167009520442,0,0.0,0
3496,18.940233767799985,1,4,1.1324781286838075,4,0.0,0,0.0,0
3497,36.80707158040234,3,3,13.092282349385467,3,0.9997560848557109,0,0.0,0
3498,51.00139117393806,6,1,13.347472390852966,7,1.0001676211889612,0,0.0,0
3499,25.47242794477773,2,1,13.48378882865304,3,0.464719154337599,0,0.0,0
3500,36.62769584096584,3,6,22.02723550460653,5,1.0001534274626236,0,0.0,0
3501,16.443743506240313,2,1,12.871435978251618,3,0.51997778680478,0,0.0,0
3502,43.96145630231929,1,3,7.253522024600851,7,1.0004564401615443,0,0.0,0
3503,60.72913257182854,4,4,26.065752460148328,2,0.25472158670043465,0,0.0,0
3504,41.863400718830505,4,3,10.899424976230982,7,0.5911875069214843,0,0.0,0
3505,36.94912806242724,2,1,6.758767811145545,3,0.30787919655321516,0,0.0,0
3506,34.74018131159461,1,1,13.496755302319176,7,0.5303891623530257,0,0.0,0
3507,38.34179517618717,0,3,19.998489409958328,1,0.8129402771088983,0,0.0,0
3508,61.92047138003457,2,4,7.6114867714405605,2,0.4598234113374862,0,0.0,0
3509,34.12218207636091,2,6,8.028050592262925,6,0.41398575566943036,0,0.0,0
3510,39.0246751636075,3,5,20.008610467722107,1,1.0002872677220647,0,0.0,0
3511,51.22299084360675,3,3,20.004300844388453,6,0.46867738561157124,0,0.0,0
3512,28.84032002475066,4,3,18.941474896939788,5,0.6111334166827124,0,0.0,0
3513,44.57891820986587,5,3,9.993334835743658,7,0.9994984800407859,0,0.0,0
3514,48.1498791043489,1,2,8.329364521940372,7,1.0001175936130886,0,0.0,0
3515,39.28069668934997,4,3,6.579520594574633,7,0.9999594355123207,0,0.0,0
3516,36.38193512334511,3,1,16.935526629554793,7,1.0003355861047647,0,0.0,0
3517,47.0775274703217,4,1,20.655073673721382,1,1.0000433291955853,0,0.0,0
3518,43.07661880856045,2,1,3.241377552153251,2,0.24725077880715013,0,0.0,0
3519,51.317418333324305,3,3,15.597682716349283,5,1.0003737616126733,0,0.0,0
3520,52.96204329015336,3,6,18.990083489205116,7,0.9997307828482713,0,0.0,0
3521,43.581488288405914,3,1,13.013644689396035,7,0.4994715743622131,0,0.0,0
3522,40.16627771513872,2,3,9.825360906374183,2,0.6148216590993679,0,0.0,0
3523,31.223017892626867,3,1,0.7473498716766951,7,0.9998187930992433,0,0.0,0
3524,56.127404308284724,3,3,19.999513754542207,4,0.7556887691897274,0,0.0,0
3525,55.19051498539143,3,4,7.503142958960191,3,0.9999370547020687,0,0.0,0
3526,46.02186187622911,3,6,8.558284346810648,7,0.6744481985768632,0,0.0,0
3527,35.6003660734411,3,0,15.489438151973157,7,0.9437093383377917,0,0.0,0
3528,23.638237719423742,4,6,10.741654533468035,2,0.5181490399581619,0,0.0,0
3529,33.18705544002708,3,5,1.3817419767713908,1,0.21072791121907358,0,0.0,0
3530,46.4797704177367,5,5,4.56686889313927,1,0.8781829778947471,0,0.0,0
3531,49.14738177314932,3,3,14.296307104428942,3,0.9994843256058339,0,0.0,0
3532,27.565726395285026,3,2,13.01102427838434,1,0.9996484137257585,0,0.0,0
3533,22.55076880122922,2,4,7.584085312167593,6,0.43383799094831316,0,0.0,0
3534,42.377321750911655,3,4,20.00617213580182,1,0.5089239763313333,0,0.0,0
3535,23.169550903800143,3,2,19.385968253862146,3,0.5373494496632016,0,0.0,0
3536,49.92159825688254,4,1,0.0,4,0.9999558440636314,0,0.0,0
3537,35.37701917660432,4,2,1.556436837029489,7,1.0001932462813927,0,0.0,0
3538,15.936383790858159,3,4,12.123862654891084,2,0.9996509902491624,0,0.0,0
3539,19.177786733303336,2,4,10.291971838406155,1,0.22675822242552462,0,0.0,0
3540,15.3062248125527,3,3,23.402600014282665,0,0.5915270002047653,0,0.0,0
3541,23.57496503334048,1,6,20.26582405075286,2,0.9997402519054652,0,0.0,0
3542,30.459549197675702,4,2,7.55065004950617,7,0.9997863513925322,0,0.0,0
3543,51.37268786377981,3,4,10.492514224411911,1,1.0358224093994592,0,0.0,0
3544,30.727748774944942,2,6,6.903108415285713,6,1.0001400807863692,0,0.0,0
3545,23.648298637366995,3,2,8.612104922751644,4,0.45741612535964876,0,0.0,0
3546,19.517032907038097,4,3,4.596174642241705,3,1.0008394991832061,0,0.0,0
3547,52.26740208746742,3,3,15.62771706854508,1,0.9997653735288766,0,0.0,0
3548,51.11392273089041,4,6,14.800108613378491,2,0.8346421937524197,0,0.0,0
3549,33.30008139906335,3,2,14.035604489557327,7,1.0001264438516222,0,0.0,0
3550,76.30359341025442,4,4,20.004463608537208,1,1.0000807297268937,0,0.0,0
3551,5.941405140514874,4,3,2.8728104242065946,7,1.0002940713215818,0,0.0,0
3552,33.6776608196585,4,2,19.112598721793265,6,0.5298869639042796,0,0.0,0
3553,26.535218140876516,3,2,5.765830292584248,3,0.3957702342390082,0,0.0,0
3554,45.297808414463006,3,5,8.927812112873534,3,0.4351494404384282,0,0.0,0
3555,51.12816324765957,3,3,19.99936567370647,4,0.7695600696952113,0,0.0,0
3556,55.39440894311664,4,2,9.577495113732224,7,0.8019185357581513,0,0.0,0
3557,67.2741469174961,3,1,8.14400758959528,4,0.5056356837734158,0,0.0,0
3558,47.73761058361403,5,2,8.397727844949918,2,0.7760563013116071,0,0.0,0
3559,46.792953306943225,5,3,8.106949582297986,7,0.9998453600018287,0,0.0,0
3560,55.99776323728695,3,6,7.8222197408340834,2,0.5197503231727982,0,0.0,0
3561,63.047751208159696,4,3,1.6934611680200433,2,0.9998359700222614,0,0.0,0
3562,31.97645512536704,3,5,16.779153810307754,1,0.9995746049292414,0,0.0,0
3563,37.96293521093354,4,1,19.993429606791572,1,0.1875835543869786,0,0.0,0
3564,27.63980563127683,3,5,20.0020088560616,1,0.0,0,0.0,0
3565,39.47683921041782,5,1,20.96579704158023,2,0.4963686758848864,0,0.0,0
3566,43.35081713092838,3,5,7.893252459763739,3,1.0003172351160463,0,0.0,0
3567,49.97139826348215,3,5,4.339462547458689,4,0.5046090201925442,0,0.0,0
3568,52.08314107403113,6,6,0.0,6,0.7374266845156705,0,0.0,0
3569,43.73221632596586,0,1,19.997943435259813,3,0.40578777356502566,0,0.0,0
3570,53.031330371697365,4,4,20.01302555752845,7,1.1575822118859915,0,0.0,0
3571,34.74448901162069,4,1,12.283521537166367,3,0.11099112587844806,0,0.0,0
3572,44.10293630996274,2,1,3.1162753802658694,7,1.0006807486139693,0,0.0,0
3573,40.460302020716576,3,1,15.030718873602666,1,0.9999357793671892,0,0.0,0
3574,19.118890194359007,3,4,15.756824651596698,2,0.9996873734865743,0,0.0,0
3575,55.958589673540544,0,3,5.334770391408028,4,0.8768675349154276,0,0.0,0
3576,18.09627612812268,3,3,8.637143751600474,3,0.9994780713954987,0,0.0,0
3577,33.03641179985492,3,3,19.988503216861115,1,0.9997197249783022,0,0.0,0
3578,27.666979409072617,3,6,2.448768894316757,3,0.35683732715207134,0,0.0,0
3579,78.79798162245616,1,3,16.21876796634126,6,0.497770959635484,0,0.0,0
3580,52.489215885651724,2,6,3.7688687557314724,7,1.018952212808264,0,0.0,0
3581,57.815722169726804,3,3,8.194179658298138,3,1.000096241356472,0,0.0,0
3582,59.9284776967877,4,1,19.293838292823253,7,1.0002019419053203,0,0.0,0
3583,52.77315626158417,2,2,9.996094356102093,7,0.4582568305713749,0,0.0,0
3584,43.272570922143416,4,6,18.600252062800244,2,0.3728491034743191,0,0.0,0
3585,35.021055437053406,3,2,12.9167696324051,7,0.6664299572575215,0,0.0,0
3586,40.231893553643026,2,2,14.786903827168068,7,0.9995536489007025,0,0.0,0
3587,63.17739879202598,3,4,10.988296689190516,4,0.4823451785175064,0,0.0,0
3588,30.69270517533955,1,3,5.676915096169802,3,0.9998579064510787,0,0.0,0
3589,48.8607310562178,3,3,8.746086650295995,3,0.504768876412607,0,0.0,0
3590,31.692458324057725,3,2,2.2736597605775994,7,0.18809730892353854,0,0.0,0
3591,41.9293912018063,0,3,10.6154801017498,4,1.000121734611823,0,0.0,0
3592,44.9858431036506,4,1,17.300382396005023,7,0.46814249836838634,0,0.0,0
3593,39.40243184502212,2,3,9.037389298091952,4,0.49374725336345593,0,0.0,0
3594,50.88871256067812,2,1,0.0,3,0.5047444233853451,0,0.0,0
3595,45.56346458023996,3,5,7.414530791513371,3,0.0,0,0.0,0
3596,54.77149804257081,2,3,9.250347788557292,1,0.9999822950482796,0,0.0,0
3597,37.53005499448709,2,1,0.0,7,0.5857020872332377,0,0.0,0
3598,55.7250016834465,5,3,1.4951921719595305,7,0.72710787492768,0,0.0,0
3599,39.071583325416,5,3,6.6996925413911645,1,0.19750933539736681,0,0.0,0
3600,32.62607265530663,2,3,8.711450114814175,2,0.999926937364529,0,0.0,0
3601,65.437842294547,3,3,20.000884828205862,2,0.35565370023763215,0,0.0,0
3602,24.073324215346258,2,1,16.246232380324763,3,0.0,0,0.0,0
3603,70.25583210477713,2,2,6.220074089506519,1,0.38353405942683594,0,0.0,0
3604,42.20252002188456,1,1,8.954102278860843,7,1.00012710075537,0,0.0,0
3605,68.886494304415,3,6,6.57238702839471,7,0.6321874447760606,0,0.0,0
3606,61.77218864837816,0,2,7.738340029369267,7,0.7827048203354647,0,0.0,0
3607,54.26013546612239,5,4,19.995998799670986,7,1.0005849731656689,0,0.0,0
3608,55.82832879853338,3,4,16.99481758253886,1,1.000118913928118,0,0.0,0
3609,62.45200093441051,3,3,2.9808200846417083,2,0.9999374740229952,0,0.0,0
3610,12.267146680759183,1,1,20.00178800811188,4,0.3877188471165495,0,0.0,0
3611,23.94123630510616,4,4,10.879007853640196,1,0.3396451798035454,1,5969.781284954599,1
3612,43.7448435408179,3,3,20.00626366077985,2,0.06399132266043395,0,0.0,0
3613,17.987421592213558,4,3,13.278315763961835,7,0.5159626973247392,0,0.0,0
3614,12.745382934582729,4,5,6.296819915752015,1,0.801926526132607,0,0.0,0
3615,50.626512792660805,4,5,3.431005420844709,4,0.9914176095944414,0,0.0,0
3616,34.21004633044576,0,6,5.305623427484431,5,0.48590879905233,0,0.0,0
3617,50.63429107555384,1,3,15.329553594179153,4,0.3821091263903258,0,0.0,0
3618,34.00775260173022,5,6,16.517464496514915,4,0.7968385426342438,0,0.0,0
3619,44.32899786994198,1,5,0.4009027551116944,4,0.2668791399032711,0,0.0,0
3620,30.461076806258987,1,1,0.13207259410033956,1,0.3286159141335212,0,0.0,0
3621,42.93839110908397,3,2,18.92818958587867,4,0.9994778659922214,0,0.0,0
3622,49.421411483427,4,3,4.1067911857959585,7,0.2669746452787488,0,0.0,0
3623,42.02236287146577,2,5,6.235033443079488,1,0.8344196796033023,0,0.0,0
3624,41.354400614776,3,5,7.897512594319294,7,0.23544693113856713,0,0.0,0
3625,28.35851984936719,4,2,9.552318419176556,3,0.2156264274651834,0,0.0,0
3626,55.293858838889356,5,2,16.477477964868285,4,0.6891991174550424,1,6873.187430902744,1
3627,37.24930801899676,3,6,11.007896106494703,5,0.9999822429124732,0,0.0,0
3628,47.56610331253568,3,2,11.536575506674717,3,0.4422106491562783,0,0.0,0
3629,44.10687112850144,5,6,16.25101126085729,5,0.7214487151442176,0,0.0,0
3630,56.0354527123123,2,4,9.954540896997363,7,1.00012121494334,0,0.0,0
3631,50.85559552070497,3,3,0.0,2,0.9545960492667331,0,0.0,0
3632,44.81305400644987,4,6,8.11878927908343,6,0.39572313825405436,0,0.0,0
3633,36.21979752582414,1,5,22.70398176502632,0,0.23046838796809915,0,0.0,0
3634,35.77280316998516,2,3,10.78197131363659,7,0.9996072032748149,0,0.0,0
3635,61.50124526796144,4,3,4.701767404242989,7,1.0003109515087731,0,0.0,0
3636,37.05775591457601,2,1,16.56653669037982,2,0.13756942997743637,0,0.0,0
3637,31.849534164378134,3,5,12.194296990033596,7,0.31658324125268056,0,0.0,0
3638,24.603461906254026,2,3,0.0,4,0.9996911942304709,0,0.0,0
3639,49.16880871491368,2,6,6.604378497300779,4,0.6682904574023096,0,0.0,0
3640,38.33194123070123,3,4,20.00354112839102,1,0.17052917495937092,0,0.0,0
3641,38.08486737883866,4,6,5.084179007572386,1,0.96008687312828,0,0.0,0
3642,34.61606999343631,4,1,7.360978537578479,7,1.000466661115413,0,0.0,0
3643,53.35482789065645,3,1,2.0656598112165465,5,0.5197278751038302,0,0.0,0
3644,43.01656998560348,3,4,0.0,7,0.7075465925642691,0,0.0,0
3645,30.5550092241989,3,7,5.635929169590212,3,0.6842558882354618,0,0.0,0
3646,21.318190640136592,2,5,18.99469788409628,1,0.0,0,0.0,0
3647,24.800125821233664,1,3,9.954665076511322,4,1.0005406330110318,0,0.0,0
3648,48.585389671007555,4,4,9.912392069885371,6,0.6734220828956888,0,0.0,0
3649,37.45214996928447,3,4,15.304507508653533,2,1.0699467486908136,0,0.0,0
3650,53.44248983923707,4,1,4.487396726926639,7,1.000359618148386,0,0.0,0
3651,52.01930974872596,2,1,10.314986625754065,4,0.5023678711447996,0,0.0,0
3652,39.6488226948837,4,2,2.3185995408105864,7,1.0003676834081305,0,0.0,0
3653,42.53518357305895,4,6,12.89294522407809,5,0.9998770302916389,0,0.0,0
3654,37.716695489000024,4,2,17.0180242302087,1,1.000155556682802,0,0.0,0
3655,54.04733992484178,2,5,11.158034037131506,7,1.0002154882629954,0,0.0,0
3656,55.14191055603742,4,3,6.799306419898976,0,1.000153271789002,0,0.0,0
3657,35.17022786978011,1,6,6.2466724506542315,0,0.5212202604815837,0,0.0,0
3658,15.528304741066165,5,4,10.627366003383795,1,0.34505621304765066,0,0.0,0
3659,39.16234410884546,3,2,17.292164180377352,7,0.9999783715200099,0,0.0,0
3660,34.656555876664655,4,2,8.475053882483836,7,0.9995532351777519,0,0.0,0
3661,56.587530536849194,4,1,4.760110434622467,5,0.9266918424045465,0,0.0,0
3662,61.38556965643859,3,5,3.466091280603023,1,1.0002849634134279,0,0.0,0
3663,28.032183821705075,2,6,17.441232695530665,4,0.0,0,0.0,0
3664,69.90277423753486,3,1,13.145206650790673,7,0.9999903639454162,0,0.0,0
3665,32.134607368106145,3,1,0.48764398421602273,4,1.0001004375505966,0,0.0,0
3666,29.7757557670313,5,3,7.61590288428585,2,0.5006861509615518,0,0.0,0
3667,56.89302060653444,2,1,11.275827464469971,5,0.49978246818565,0,0.0,0
3668,49.70400619532272,4,1,2.7455290443171005,3,0.9999449891929808,0,0.0,0
3669,26.71987192409631,1,1,7.2004514271474225,3,0.9161583970250519,0,0.0,0
3670,20.169297625854906,2,5,7.814340307955057,2,0.21977680778326353,0,0.0,0
3671,55.001432295151574,3,2,12.51973866582591,4,0.9746054678527615,0,0.0,0
3672,40.24839620089373,1,1,18.72459464731097,2,0.49609795886121133,0,0.0,0
3673,28.885294476977606,1,3,20.004614971370565,1,0.38698597432481313,0,0.0,0
3674,4.249801186861234,3,4,14.02529196808134,1,0.12486689624678726,0,0.0,0
3675,60.613599903348984,6,6,4.085791338305867,7,0.781353336556796,0,0.0,0
3676,32.872667689274955,4,5,1.911287406563119,1,0.49210788719601184,0,0.0,0
3677,36.777136226924775,2,6,7.699059503808475,1,0.9734212682660872,0,0.0,0
3678,27.925099627694113,3,6,12.771293689768992,2,0.3071063713386536,0,0.0,0
3679,38.59446162091136,1,3,12.390507006671337,3,0.49679197065592073,0,0.0,0
3680,51.115615058187245,1,4,10.988012180854744,5,0.09872967251155629,0,0.0,0
3681,18.72913845597992,4,1,15.663377366210804,6,0.012311549560997559,0,0.0,0
3682,21.940302463933413,1,2,13.694546492147476,1,0.99977659512494,0,0.0,0
3683,37.34108187217477,3,6,14.230842986883921,3,0.9663508052885155,0,0.0,0
3684,34.45526606519928,2,4,5.364959615637741,1,0.0,0,0.0,0
3685,49.628990084859055,3,6,14.992338628007593,2,0.999579328383974,0,0.0,0
3686,55.71737317055353,3,6,14.973111830041077,3,1.249602938495352,0,0.0,0
3687,13.192840510362018,1,3,14.36562661282043,7,0.7094304042435278,0,0.0,0
3688,40.37873970118827,4,3,14.702381253384566,7,1.0001836743362706,0,0.0,0
3689,42.59368755100921,2,2,2.6641480479447317,7,0.5767124570082277,0,0.0,0
3690,64.49616785337845,4,6,10.351953568643966,4,0.9999223641483226,0,0.0,0
3691,4.6527625008285085,2,1,4.748767399050647,2,0.304767842004339,0,0.0,0
3692,48.838708196980264,2,3,10.4202046294593,3,0.49855185842396266,0,0.0,0
3693,51.58254394482834,4,3,5.751833549908068,5,0.3835389159589773,0,0.0,0
3694,35.61038761869188,2,1,16.6506376259452,7,0.3358162268763177,0,0.0,0
3695,26.504991812978727,2,3,0.0,7,1.039125501360551,0,0.0,0
3696,41.461306902839915,1,1,6.482764021210292,1,0.35371864519568313,0,0.0,0
3697,41.47441530195561,2,2,10.334611426957164,1,0.9997328066471454,0,0.0,0
3698,46.590548274903036,2,6,14.619080082003917,4,0.7303642228264317,0,0.0,0
3699,35.19853376091135,4,1,9.384458198624799,4,0.9996706745490123,0,0.0,0
3700,43.60860403926369,2,1,0.0,7,1.0002352282217626,0,0.0,0
3701,60.471557277076926,2,3,21.06699666428987,4,0.9996113332022151,0,0.0,0
3702,58.16907148076441,1,1,3.112891070208656,7,0.9622437286332244,0,0.0,0
3703,38.93808886940505,2,3,12.306398798702313,6,0.9998012258316046,0,0.0,0
3704,32.85297308653983,3,3,23.112018607481968,4,0.999684532058069,0,0.0,0
3705,54.746473115999315,3,1,4.097909541025906,3,0.999968212029348,0,0.0,0
3706,56.09023187805205,4,1,4.699839608593486,2,0.0,0,0.0,0
3707,58.86636085805079,3,6,9.967921095584526,6,0.8661123284348796,0,0.0,0
3708,78.08735163109003,2,1,7.573071461735139,3,0.40583684411413823,0,0.0,0
3709,26.77919917872037,4,1,15.709337087538039,6,0.1781853868586446,0,0.0,0
3710,53.68937139990592,1,3,3.248296831975038,4,0.5003372669050195,0,0.0,0
3711,26.279727434677064,4,3,2.175241168221902,2,0.9995514554211135,0,0.0,0
3712,42.00254617021443,3,6,15.881572174332812,2,1.0004402477508272,0,0.0,0
3713,35.57345929852015,3,6,12.612355349193285,6,0.7387511696426005,0,0.0,0
3714,48.162541433020905,4,3,9.73981078757079,7,0.433071608759644,0,0.0,0
3715,32.80374958665621,2,6,3.2371051364697667,5,0.7079913616115668,0,0.0,0
3716,41.411074306803755,2,4,12.283591492249819,5,0.0,0,0.0,0
3717,29.868887343047362,4,6,14.911215167349592,1,0.9607681160438643,0,0.0,0
3718,27.274747082038147,3,4,22.73105450296967,5,0.811828338180505,0,0.0,0
3719,44.16180239237345,1,7,9.38402802901673,1,0.0,0,0.0,0
3720,46.61422237279376,2,3,4.366902544524873,1,0.9992901233932812,0,0.0,0
3721,50.92183107720289,2,6,4.9484032825172575,7,0.4607157523982157,0,0.0,0
3722,53.03830771786576,3,6,17.31489910909726,2,1.0999751008048697,0,0.0,0
3723,32.60192922504079,4,6,7.146655297813222,7,0.5352194866814697,0,0.0,0
3724,71.21941760583073,3,4,9.156147864450626,5,0.9996134436790651,0,0.0,0
3725,31.24411890345601,4,1,1.236506998259257,3,0.332395834560312,0,0.0,0
3726,24.167068991951734,6,2,21.67085688651312,7,0.6270481557870419,0,0.0,0
3727,27.68953573251579,1,4,10.197132134223112,4,0.40988033483995506,0,0.0,0
3728,30.668281134781402,1,2,0.0,6,0.9283223672642512,0,0.0,0
3729,25.136812191806122,5,2,6.601738007496352,3,0.2466417656738411,0,0.0,0
3730,24.75867906567257,2,7,7.771791534014234,5,0.2595793892473798,1,47682.58078548174,1
3731,38.53239354063072,4,6,1.8843892617076037,1,0.4949584632627214,0,0.0,0
3732,54.503584634252704,3,4,16.266634409588818,1,0.6126663195040722,0,0.0,0
3733,67.7304092869106,3,4,20.009699481081263,3,0.9996794640871502,0,0.0,0
3734,33.94003489901835,2,3,9.804407476359383,3,1.0001858242292299,0,0.0,0
3735,63.89439743829557,3,3,16.393268210808333,3,0.999308993327825,0,0.0,0
3736,41.655181756161866,3,3,4.53269358759678,7,1.0001039492206996,0,0.0,0
3737,24.230464287797606,3,3,14.368834818998057,2,1.0001849863099062,0,0.0,0
3738,33.826663236944086,2,3,1.1426870663624396,7,0.5814209500585414,0,0.0,0
3739,52.41518804704654,3,6,15.065717336417805,4,0.49825766720603726,0,0.0,0
3740,58.83756713933886,5,3,4.653916162453891,7,0.9994986295815596,0,0.0,0
3741,52.24207577433784,3,6,13.96072412698296,3,1.0004022512546766,0,0.0,0
3742,47.47472491206441,1,4,4.453189076472656,0,0.7532084621386732,0,0.0,0
3743,55.39761400569911,5,6,9.694172448393122,5,1.000388169465944,0,0.0,0
3744,47.92604451953724,2,3,15.460016950226446,1,0.23280477400574212,0,0.0,0
3745,34.0174910049765,4,1,16.67656388412162,5,1.0001414163136053,0,0.0,0
3746,28.15610950613766,2,3,11.642747277319316,1,0.21807242430335017,0,0.0,0
3747,51.80465119971758,3,1,4.124027485952798,7,0.33841167615485057,0,0.0,0
3748,35.721654707500875,5,3,18.0374283420833,3,0.8003674738179227,0,0.0,0
3749,57.445043859517014,3,1,21.37819580660045,7,0.9995588709575494,0,0.0,0
3750,37.221456139303044,2,3,11.96409808972475,7,0.9996198167701871,0,0.0,0
3751,27.390261792379402,2,1,13.16417195178621,5,0.4402639940695805,0,0.0,0
3752,54.29781538580524,4,3,13.296040793921298,6,0.9223354223395206,0,0.0,0
3753,55.041510172835366,5,5,15.5513348944498,1,0.8665003892368964,0,0.0,0
3754,56.52449596291784,5,6,21.12118036041376,7,0.999471470261736,0,0.0,0
3755,51.44846307765605,4,4,12.549752241418277,1,0.5080811338050412,0,0.0,0
3756,45.65935458130228,6,6,16.472301664710603,4,0.4018801953524984,0,0.0,0
3757,25.73599758638765,2,6,7.80615150351238,7,0.4596037329786007,0,0.0,0
3758,23.024244883511216,1,6,3.82089721275399,3,0.32154227615255937,1,62244.177301589756,1
3759,39.47695749107965,2,3,15.071874451729599,6,1.0002767039823353,0,0.0,0
3760,48.60480891592908,2,1,0.5963972978956047,4,1.000076164994187,0,0.0,0
3761,54.31996659394391,3,3,14.811231643316459,7,1.000032322498333,0,0.0,0
3762,51.55087272524467,4,4,19.99482071988352,7,0.24034138363145302,0,0.0,0
3763,39.55620480777442,5,3,0.8055481440728016,0,0.5846845339650065,0,0.0,0
3764,46.75652244677772,4,3,10.038397436769,2,0.49416271417638546,0,0.0,0
3765,27.81696098329271,2,3,6.810670597299558,3,0.5500234899249258,0,0.0,0
3766,44.40662832163084,2,6,9.513610367590012,6,0.8250198816073693,0,0.0,0
3767,46.86899856574906,3,4,19.99470222120692,1,0.5889689886887027,0,0.0,0
3768,57.49565453770575,4,5,7.814522130488285,7,1.0001198811222662,0,0.0,0
3769,34.70453342891289,2,3,11.583819184586481,7,0.938859459529287,0,0.0,0
3770,47.1744402336825,4,3,15.09630647203402,5,0.500579732579367,0,0.0,0
3771,51.265378322420034,5,3,4.523370901473972,1,0.49821308775319123,0,0.0,0
3772,47.09634061820863,2,2,3.015056330116435,7,0.9998284981551819,0,0.0,0
3773,56.63516547133511,3,1,17.236127741121347,7,1.000486740315905,0,0.0,0
3774,47.175439774647316,3,5,12.719035858951353,1,0.999437896609647,0,0.0,0
3775,25.31445189975192,2,6,7.923500217917164,7,0.9997528061884804,0,0.0,0
3776,48.945820257567576,3,1,11.040650312462253,7,0.9998117830097357,0,0.0,0
3777,40.367133287991365,2,3,15.63538912417015,0,0.9533165404975621,0,0.0,0
3778,36.451052180461794,1,4,0.950563185775021,1,0.4137324442274978,0,0.0,0
3779,69.84553422262992,2,3,5.605336090538781,7,0.9999825449359723,0,0.0,0
3780,42.07349719701837,4,1,10.361666668133942,5,0.560956592143544,0,0.0,0
3781,53.08006447202963,5,1,10.241180869957303,7,0.9997786185862867,0,0.0,0
3782,35.935512858683836,4,1,12.386072284807007,3,0.5339549126244447,0,0.0,0
3783,32.710470483381926,3,4,19.991850513499287,1,0.7140568397754022,0,0.0,0
3784,53.035331623668654,3,1,6.892612842329582,5,1.000303355299595,0,0.0,0
3785,49.80086959762733,2,4,0.0,7,0.3474982549298277,0,0.0,0
3786,64.1047999565817,6,3,12.074250114459645,2,0.793663529369882,0,0.0,0
3787,22.140517869894058,3,2,16.2343870075417,1,0.999964605281954,0,0.0,0
3788,52.70349887832393,4,3,0.0,6,0.9999324516473923,0,0.0,0
3789,28.043693658288127,3,3,16.339925266622963,1,0.43383698673885635,0,0.0,0
3790,27.214530687203524,2,6,8.339456773213207,6,0.0,0,0.0,0
3791,39.35901408470088,5,3,16.4182560451157,7,0.9993279970876603,0,0.0,0
3792,34.731699261686856,4,2,7.265552827226676,7,0.9997830447301702,0,0.0,0
3793,22.883216487120173,2,6,18.895870251097207,3,1.0002879775753488,0,0.0,0
3794,28.80744258262944,0,6,1.352024257206736,4,0.553800149802796,0,0.0,0
3795,51.7033715779257,4,6,8.65464985788203,3,0.9998523348462782,0,0.0,0
3796,62.7979725372715,3,3,8.314684899844877,7,0.9997317854971525,0,0.0,0
3797,36.05839948244429,4,2,18.26568194090367,1,0.0,0,0.0,0
3798,45.60423037848318,5,3,8.215093272696446,3,0.4986921109661436,0,0.0,0
3799,37.28537397618355,3,5,16.68113063342549,7,0.9431674971976725,0,0.0,0
3800,54.14499348123941,4,3,9.934998472336847,3,0.4263176789780279,0,0.0,0
3801,57.41997402767361,3,5,16.17955442076294,5,0.9997887701245607,0,0.0,0
3802,50.38004981062377,4,3,7.920684301530205,2,0.44705082488680226,0,0.0,0
3803,13.677600053375244,6,2,8.807186195399485,1,0.5370015381230218,0,0.0,0
3804,42.71818552608933,0,2,19.992864168271137,1,0.0,0,0.0,0
3805,35.629225368446136,1,4,7.616055387822568,1,0.0,0,0.0,0
3806,38.15368191804757,3,6,15.834444379617366,7,0.6851694319083066,0,0.0,0
3807,20.073489528337472,3,1,10.356223883637167,7,0.9992651668671302,0,0.0,0
3808,48.044688803132686,5,1,9.270481095278438,2,0.9999030715024912,0,0.0,0
3809,37.04171224651157,1,3,12.644406002040318,3,0.1306047971848795,0,0.0,0
3810,43.6196852833742,1,1,4.013708861000516,0,0.5425107726948235,0,0.0,0
3811,42.649523028995326,1,3,8.222615329728457,1,0.9997526580488417,0,0.0,0
3812,67.40358537975902,3,1,19.726709096043955,5,0.9996926660464036,0,0.0,0
3813,27.127681288857396,3,3,1.3838105060833712,1,0.9745184406395057,0,0.0,0
3814,57.54467670408648,3,7,14.116407439751443,1,0.43472431167758974,0,0.0,0
3815,32.513396950647724,3,2,6.709040589410208,5,0.9998952090690076,0,0.0,0
3816,44.575072490424056,2,5,14.79684188478985,7,1.0000528969171576,0,0.0,0
3817,58.203556603056185,1,5,9.19417058616138,5,0.23919431131043928,0,0.0,0
3818,46.328418205082265,3,3,13.1169104442523,0,0.9996165211485515,0,0.0,0
3819,17.085852949426773,2,6,5.203456910344871,2,0.4447827881728974,0,0.0,0
3820,55.77011444700575,5,1,2.329336834070764,7,1.0000737709685268,0,0.0,0
3821,36.7537247406227,2,6,6.873143345630459,7,0.9993793337837016,0,0.0,0
3822,48.18182558058861,2,2,12.7286429531193,1,0.602682102939594,0,0.0,0
3823,40.59992201445038,3,3,3.9193692605679855,1,1.0002759481756711,0,0.0,0
3824,20.244998086767886,2,1,12.15523607217462,4,0.5013477710487018,0,0.0,0
3825,53.61070665654566,7,3,5.634008547408687,7,0.5084019902420187,0,0.0,0
3826,37.82577334280412,3,1,15.9400530466069,7,0.9995684136914433,0,0.0,0
3827,47.72125468058759,3,3,9.871737542992484,2,1.0003215364902593,0,0.0,0
3828,44.5588832407651,2,3,19.684517952888452,3,0.14713360746174997,0,0.0,0
3829,31.80067446147133,4,3,9.1227824785029,3,0.16107123518518607,0,0.0,0
3830,43.84371474395527,3,5,17.06200784076548,7,0.9382161406925092,0,0.0,0
3831,42.27289388888952,3,3,14.850626177487348,2,1.000230920836376,0,0.0,0
3832,43.3591871228182,1,4,0.0,6,0.2587066401402178,0,0.0,0
3833,43.79997254200416,3,2,1.5775878108972083,1,0.24942670310223525,0,0.0,0
3834,27.819646760309674,3,6,22.525232675498437,1,0.9929433205828042,0,0.0,0
3835,48.942661578048124,2,6,18.70452959218416,6,0.304146575233802,0,0.0,0
3836,65.35156041801999,4,6,11.710833277372654,1,0.9990245569801295,0,0.0,0
3837,40.67892228199703,3,4,13.709417937543972,2,0.9999287596403956,0,0.0,0
3838,30.096404403123685,2,2,12.015030232160788,4,0.9618202065188894,0,0.0,0
3839,26.762427892796836,2,3,0.0,0,0.9633770482155539,0,0.0,0
3840,24.007157347320156,4,1,6.9993793010103,4,0.3537270734022997,1,38001.43754186409,1
3841,39.17003066962449,3,6,17.648705299949434,5,0.7886585390756504,0,0.0,0
3842,53.13130093141649,4,3,1.3236320434492903,7,0.8357022488122416,0,0.0,0
3843,42.108159123385654,2,6,0.0,7,0.47580034650145286,0,0.0,0
3844,42.31889115897462,4,2,13.359763778466311,1,0.0,0,0.0,0
3845,25.35976320094913,4,6,12.229127901764825,3,0.41629756393791256,0,0.0,0
3846,54.69660380422157,2,1,9.054065900969093,4,0.49769607026268414,0,0.0,0
3847,35.55244638712147,2,3,4.883000126152751,0,0.6892594172446096,0,0.0,0
3848,24.679224630685724,3,3,8.071459990882765,0,0.050664486458867786,0,0.0,0
3849,34.78645851197248,4,1,15.557379775541364,4,0.0,0,0.0,0
3850,41.30339285614988,1,6,7.637766532312414,5,0.38326493977435055,0,0.0,0
3851,49.534901257837,1,2,9.065068359671372,7,1.0000262380416416,0,0.0,0
3852,50.394319189483326,4,2,14.853718087633208,7,0.6497879907624864,0,0.0,0
3853,22.930735612498964,4,2,11.607495842968321,4,0.27046881657229666,0,0.0,0
3854,44.52264167478911,3,1,9.921017281616509,7,1.0001534432553183,0,0.0,0
3855,48.459389584398025,3,3,10.645664724013857,4,0.10583372051620166,0,0.0,0
3856,12.583520638979937,3,1,4.203684144461153,0,0.44564578510022,0,0.0,0
3857,69.09594609307075,3,2,12.221493537185118,4,0.9625585460540953,0,0.0,0
3858,51.61663871598497,3,4,26.690123787139825,1,0.9983618069390232,0,0.0,0
3859,46.716629522982174,3,6,7.288896760255985,7,1.0001888456230197,0,0.0,0
3860,42.38338119816705,2,1,3.3112625685160397,7,0.999559052174418,0,0.0,0
3861,38.739275389618896,2,1,13.051847626394093,5,0.28084722121736944,0,0.0,0
3862,51.398698559356085,1,6,13.726727753115904,6,1.140580164207485,0,0.0,0
3863,43.524060253359096,4,6,10.448433749157601,7,1.0002998546838504,0,0.0,0
3864,46.5458285173187,3,2,14.327072304070228,1,0.9998718853981463,0,0.0,0
3865,25.5376346542621,3,6,9.922932497598936,1,0.899550441367113,0,0.0,0
3866,46.508117979214106,3,1,13.247722050735735,7,0.9991938024609893,0,0.0,0
3867,36.670609276745886,4,3,17.630301855645413,1,0.4326189390383972,0,0.0,0
3868,32.81825714506375,3,3,15.392478770656384,4,0.9994745774475107,0,0.0,0
3869,61.251145183067386,5,2,1.6099042769108163,7,0.38174096407649616,0,0.0,0
3870,41.85300793621046,1,3,14.174186144297325,1,0.9762737904823322,0,0.0,0
3871,43.03183473081881,3,1,17.67432461646979,5,0.5035795553080975,0,0.0,0
3872,44.190058227669425,3,3,0.0,4,1.0001471974415819,0,0.0,0
3873,25.6757192027758,4,6,13.668221304104904,1,0.9364037570610344,0,0.0,0
3874,47.81690516532873,3,3,9.742307399170965,4,0.9908177747742304,0,0.0,0
3875,38.507757347956016,1,5,3.1277546122383786,4,0.7213996007382246,0,0.0,0
3876,25.255707738290962,3,3,19.996530514085627,6,0.013287550967974515,0,0.0,0
3877,38.88501323330675,3,1,5.741034509782796,4,1.0004919570884558,0,0.0,0
3878,36.03778553727979,3,1,9.529652620109518,1,1.0002450308584114,0,0.0,0
3879,29.0626696097981,4,1,11.470350083581387,3,0.9501485847074487,0,0.0,0
3880,42.46166919837299,5,4,19.989765199253966,1,0.14616364666528459,0,0.0,0
3881,47.618338969244526,3,3,20.004434721531727,2,0.35520491293534767,0,0.0,0
3882,40.727311564981754,3,3,11.96538225353641,2,0.9998738302708998,0,0.0,0
3883,33.19403387198328,2,6,15.38350851682508,1,0.0,0,0.0,0
3884,38.30941804877021,3,1,15.741015098940501,2,0.9637004526425375,0,0.0,0
3885,43.38647486477662,3,1,7.16694978429253,7,1.0000115081400824,0,0.0,0
3886,26.178347743777827,3,4,20.008075315437175,1,1.000007371379692,0,0.0,0
3887,44.42169927203232,2,1,5.136017675055638,4,1.0001957634658267,0,0.0,0
3888,51.75093667583162,5,2,10.79540389201391,7,0.9997348582840748,0,0.0,0
3889,41.73844884615457,3,6,9.115958525864368,1,0.9783293029423137,0,0.0,0
3890,27.28405978468865,4,6,6.741247752096689,4,0.6940357063414427,0,0.0,0
3891,52.02905701071378,2,4,17.861915912259114,7,1.0003917658550807,0,0.0,0
3892,41.11578379157902,4,6,20.08876445966159,3,0.35979888370556423,0,0.0,0
3893,52.85661904507916,4,2,3.475526343992403,1,0.45067584004443473,0,0.0,0
3894,27.722879549374266,4,6,5.215430405557826,3,0.3507178354106077,0,0.0,0
3895,75.88762520442131,3,4,12.035114706007116,3,0.49714217725789156,0,0.0,0
3896,19.86217648233995,3,0,20.443933640822877,2,0.9999726514935655,0,0.0,0
3897,47.20199810924847,3,4,4.790001870401856,7,0.9105258891436218,0,0.0,0
3898,38.85171965825479,3,3,15.759094266629907,2,1.0001649665194783,0,0.0,0
3899,56.72290022993246,4,5,3.733334014255714,6,0.7404410043186506,0,0.0,0
3900,39.48028644430619,1,3,1.420711073586654,4,0.500436783421028,0,0.0,0
3901,41.52570984575508,5,1,20.06250916453305,7,0.9992467917664992,0,0.0,0
3902,53.32856577674825,1,3,0.0,4,0.4995667605524436,0,0.0,0
3903,22.009270186835643,2,3,2.16949646756305,2,0.3297684082403988,0,0.0,0
3904,27.87774579553072,2,6,11.085919945100072,3,0.38307600524021823,0,0.0,0
3905,31.82448683622122,1,3,4.04185024922787,0,0.41229012144454363,0,0.0,0
3906,28.748010441511752,3,3,5.788160288249708,7,1.0002953831663883,0,0.0,0
3907,39.2333776330037,3,1,5.158711252179329,4,0.8292316907163436,0,0.0,0
3908,50.2944149084759,4,4,20.00469518171566,2,1.0001496352499137,0,0.0,0
3909,51.832737876479136,1,6,10.889325593444598,7,0.953119137371851,0,0.0,0
3910,30.160101919378917,1,1,14.846644591866532,5,0.13461571734113176,0,0.0,0
3911,23.743205585781237,3,2,11.463160394424143,1,0.881661838613027,0,0.0,0
3912,50.923865258780296,3,1,0.0,4,0.0,0,0.0,0
3913,39.90614685924555,4,1,5.832283585591222,3,0.5574499038705403,0,0.0,0
3914,49.94359698440077,4,2,3.790721075398431,5,0.4462040204122163,0,0.0,0
3915,43.927007754792875,3,1,1.3158654412164417,2,0.14511897775917515,0,0.0,0
3916,24.38302849807239,3,6,9.794528408858834,1,0.24956896537328116,0,0.0,0
3917,23.472199700559027,4,3,1.8142828876202302,5,0.11216723897801839,1,10073.061550864204,1
3918,63.54235851470608,2,6,14.57134549726051,2,0.30290797673585806,0,0.0,0
3919,50.19140499160197,4,5,0.0,7,1.0002147692393908,0,0.0,0
3920,42.816325903268925,2,3,9.251872499891101,3,0.8986432515874072,0,0.0,0
3921,45.01701768395184,3,1,21.328891824952894,3,1.0000756936898885,0,0.0,0
3922,44.31641130014959,4,2,19.975337568769028,7,0.9995518239571739,0,0.0,0
3923,43.46140496205123,3,5,15.251357037191308,5,1.0003398399982524,0,0.0,0
3924,39.447892143428966,2,6,12.990866941982606,7,0.999935501170582,0,0.0,0
3925,29.973537052821314,4,3,0.0,2,0.27135162857757933,0,0.0,0
3926,39.09308116360787,3,1,19.998529549139494,6,0.4377022441935682,0,0.0,0
3927,36.83085912200579,3,4,10.150426908460005,7,0.602208146449727,0,0.0,0
3928,51.08460232225229,3,4,16.910808996211582,2,0.9999989053626117,0,0.0,0
3929,34.18843659632195,2,1,1.4457667329106112,2,1.0001297305659718,0,0.0,0
3930,50.39734558486629,3,3,6.180025579895587,0,0.06526243296467582,0,0.0,0
3931,56.40832392250948,0,3,10.434922215891326,2,0.7070803130960723,0,0.0,0
3932,67.2144068109069,3,1,20.807337794724738,7,0.9999501517237115,0,0.0,0
3933,70.60028871270376,4,3,22.652508824922563,2,1.0003014360179385,0,0.0,0
3934,42.08418053847184,2,1,0.0,7,0.47277148096814275,0,0.0,0
3935,52.85744682875858,4,1,14.681045846479797,7,0.9996374033301911,0,0.0,0
3936,65.90464488916481,3,3,4.047197109935035,2,1.0001015869209664,0,0.0,0
3937,41.95517459634475,5,5,9.382641954845411,7,0.8128449742853984,0,0.0,0
3938,30.601416046192355,4,6,8.55717483922238,7,0.9995625965090992,0,0.0,0
3939,52.51419476968374,3,3,13.295981579157079,1,0.9999483512475937,0,0.0,0
3940,55.684669329681554,3,4,12.74301506421353,2,0.9999914282028053,0,0.0,0
3941,33.30718331870779,2,3,2.2603589772463675,7,0.733193107028392,0,0.0,0
3942,49.44196689851688,4,3,19.997865382648847,1,1.0001626294097352,0,0.0,0
3943,45.48837810209347,3,5,18.201660304166133,3,0.9999190057593952,0,0.0,0
3944,42.46387226744015,3,2,11.20553126752962,7,0.2900058809333858,0,0.0,0
3945,31.907924299984302,2,6,8.396194129751457,7,0.9997306926173364,0,0.0,0
3946,22.46188708045946,1,6,5.870670927928279,1,1.1487653116574936,0,0.0,0
3947,40.37677598947167,3,6,17.404864147618355,7,0.6361029591419702,0,0.0,0
3948,25.910342413786694,1,2,8.51541231434453,1,0.0,0,0.0,0
3949,36.8333100606861,5,1,14.716597638250636,1,1.0000788754796583,0,0.0,0
3950,48.978461552305546,3,3,24.900279689654887,7,0.9591206895767739,0,0.0,0
3951,46.52888562087253,2,2,8.296109932005482,7,0.4896843839386802,0,0.0,0
3952,25.332559374178373,4,6,14.256160709132399,1,0.3218909425784962,0,0.0,0
3953,34.68681637529677,2,1,5.447456799268048,1,0.4967877501971997,0,0.0,0
3954,49.21743296104591,2,3,14.612619048544989,2,1.000151412232824,0,0.0,0
3955,59.72741556004298,3,1,0.0,1,0.2829881920941782,0,0.0,0
3956,50.8586432562712,3,6,7.965690251494909,4,0.47511850020846425,0,0.0,0
3957,44.61620407065343,2,2,18.206187149748246,1,0.8757235804077098,0,0.0,0
3958,52.17506354091141,4,4,20.00573730925395,1,1.0003714825677086,0,0.0,0
3959,40.50870129549838,3,3,15.472960966046465,5,1.0002409561596362,0,0.0,0
3960,48.15040063317731,3,3,4.941834523798627,4,0.15107434747534343,0,0.0,0
3961,43.964046018134184,2,6,6.360140627038175,2,0.5033031208541939,0,0.0,0
3962,37.61313051663594,4,4,19.99433599637996,2,1.0002494377693227,0,0.0,0
3963,41.216991340529475,2,2,16.012102994295233,1,1.0001161139395438,0,0.0,0
3964,50.86852609916198,2,5,11.986941483592219,2,0.958336667291123,0,0.0,0
3965,41.033775397840415,4,3,3.4017487912210607,2,1.0002647867168917,0,0.0,0
3966,28.00108225978655,5,2,6.15060528246311,6,0.4317552657018819,0,0.0,0
3967,34.96730045435082,3,1,4.668713402022465,4,1.0001229916320082,0,0.0,0
3968,52.35117705383196,3,2,17.123786571301256,7,0.9999350044418178,0,0.0,0
3969,60.72702668651474,4,1,7.197104344356683,2,0.999999349139203,0,0.0,0
3970,20.16070970077235,3,5,8.282631459150107,4,0.4790023891453026,0,0.0,0
3971,32.31230102267933,4,4,9.550126434444167,7,0.9993803057265308,0,0.0,0
3972,34.40936138969512,3,7,13.689078095512206,1,0.9745547795451005,0,0.0,0
3973,54.89622432891196,4,3,19.16502627014443,1,0.9604816661375245,0,0.0,0
3974,25.3641694948925,1,3,19.627545366620538,7,0.5192956623963808,0,0.0,0
3975,30.290602118027877,4,5,3.268329401224797,1,0.17662937734109319,0,0.0,0
3976,37.2325625619717,4,3,4.3274025769972475,0,1.000016482736244,0,0.0,0
3977,36.21495480637299,3,1,4.895897720524951,2,0.24852426640620712,0,0.0,0
3978,54.58945589509611,4,5,2.354187762108202,7,1.075494720986166,0,0.0,0
3979,35.73314278689187,3,3,8.066375812232925,7,1.000410176369857,0,0.0,0
3980,37.77499570321342,4,3,15.343980453290321,1,0.6697501122791445,0,0.0,0
3981,21.542223350848186,6,2,9.05004032269351,1,0.12624665833296655,0,0.0,0
3982,51.27278552345291,3,1,15.361498817203813,1,0.9999701152072805,0,0.0,0
3983,27.539130970429596,2,6,10.141261524026794,2,0.3464716361340258,0,0.0,0
3984,31.132745981141923,2,4,19.997743279693026,7,0.4509484096856481,0,0.0,0
3985,46.3479493703549,3,2,3.969079406426596,7,0.4613894642753388,0,0.0,0
3986,56.03496394956238,4,3,7.144213043335412,4,0.1874964351930164,0,0.0,0
3987,38.42702623267323,2,6,8.150816693822634,7,0.46610724492684596,0,0.0,0
3988,43.17296942116255,3,3,12.143126978194942,2,0.9993174495466652,0,0.0,0
3989,48.08232175628478,4,1,1.162398268384191,4,0.5964287815727137,0,0.0,0
3990,40.256549910818656,3,7,17.084324874420865,2,0.9995972849940636,0,0.0,0
3991,43.59369912399013,3,4,19.999247196001335,1,0.9632341966565466,0,0.0,0
3992,27.26828598273338,3,3,23.038387859484907,7,1.0002643966860467,0,0.0,0
3993,43.30603853137801,4,3,7.515227810464819,6,0.9999810740420778,0,0.0,0
3994,51.489145719600714,2,1,8.708526138251939,4,1.0000374020822032,0,0.0,0
3995,53.012641150186525,3,2,9.033979419996452,3,0.398308451071855,0,0.0,0
3996,33.995604336616566,3,3,13.12864930487765,1,1.0000469977180746,0,0.0,0
3997,62.78125440740763,3,4,10.335490107236245,7,1.4920845832355965,0,0.0,0
3998,38.866983499669495,5,1,4.318943613352296,5,0.386256047118189,0,0.0,0
3999,35.73723421365416,4,3,0.0,2,0.4520431919842596,0,0.0,0
4000,46.5280006652009,3,3,1.0052230201148191,2,0.9404454138329719,0,0.0,0
4001,54.13145520810854,3,1,17.718368986481167,1,0.4599169203147532,0,0.0,0
4002,33.602163220641415,3,5,3.0296251901124247,1,0.6431397586471442,0,0.0,0
4003,33.13514501710933,3,1,9.950397805324991,7,0.9999479536986787,0,0.0,0
4004,37.30556220810041,2,3,13.814005808002271,3,0.0,0,0.0,0
4005,22.97370910438156,3,6,13.899094290748211,6,0.5492632367240045,0,0.0,0
4006,23.983546730230653,4,5,5.99302283457666,7,0.28209148786835403,1,56309.63381839342,1
4007,31.860950252608653,2,2,17.574343006439584,1,0.5201388963135766,0,0.0,0
4008,60.46464808391546,5,6,1.9885423987733777,7,0.25799462132036277,0,0.0,0
4009,54.88104926591073,3,3,14.926259766091366,7,1.00034489309031,0,0.0,0
4010,40.08212969708424,4,4,20.006000895644277,1,1.000342052385506,0,0.0,0
4011,64.98157662457984,5,4,18.13321659728063,4,0.9476169257016248,0,0.0,0
4012,51.91936416919035,5,3,14.453529362567018,2,1.0000301698880558,0,0.0,0
4013,52.934216531574734,4,1,15.280528988983466,4,0.2615047322128563,0,0.0,0
4014,17.548250639776672,2,4,17.329804037090042,1,0.45883587905388945,0,0.0,0
4015,19.56047380084088,3,1,10.653092126656215,3,1.0000175980813673,0,0.0,0
4016,41.89831674641923,3,5,16.690441366575897,2,0.5133778353895613,0,0.0,0
4017,30.569088912023673,4,6,19.48996763665482,5,0.9999245678348745,0,0.0,0
4018,47.383768059118495,4,3,12.199996094680673,4,0.4947012832242065,0,0.0,0
4019,57.17988559991014,3,3,15.91582538284663,2,0.32540937357134453,0,0.0,0
4020,35.93177544355377,4,1,0.33830032565469637,6,0.591723145624243,0,0.0,0
4021,42.48626837688702,2,2,15.229760819980505,5,0.9362595984829336,0,0.0,0
4022,50.38584614547567,4,1,13.389754434582963,7,0.9414449854969809,0,0.0,0
4023,56.42737307796675,3,1,10.393310482071614,4,0.49562751569188945,0,0.0,0
4024,50.511991555705464,2,4,12.349664699439579,7,0.9994532591153942,0,0.0,0
4025,50.37227437849017,2,6,13.61861596124502,4,0.2423149960329401,0,0.0,0
4026,31.95855493903295,2,2,6.439287623631176,6,0.9993530840736486,0,0.0,0
4027,51.70889419665235,2,3,0.0,7,1.0002595579359443,0,0.0,0
4028,45.99612303858394,3,6,18.91821337403885,4,0.5117258585536902,0,0.0,0
4029,57.3255787632236,3,3,4.129822421685665,1,0.31080701556209983,0,0.0,0
4030,28.219888729510842,2,4,10.88592871859017,4,0.0759751405424578,0,0.0,0
4031,58.03625022506664,3,3,13.546530120618108,2,0.5003968425920833,0,0.0,0
4032,66.23094310285256,2,5,3.8954262635050494,7,0.9998513306066912,0,0.0,0
4033,8.652555478073985,2,5,2.829608019217032,1,0.3898201947437219,0,0.0,0
4034,27.137492957184858,2,3,20.007308890514125,1,0.7115991181414305,0,0.0,0
4035,53.650873549237204,3,4,19.999079026937704,1,0.5556378649116283,0,0.0,0
4036,55.50283852140249,1,3,9.56313095562191,7,0.9997334468979955,0,0.0,0
4037,48.34523110957142,3,6,10.439663485620345,3,0.4911173835954989,0,0.0,0
4038,43.93158199814233,3,3,15.972535112844863,7,1.0001479486686924,0,0.0,0
4039,46.54962263848596,4,3,0.44730674392705083,3,0.40197288482518045,0,0.0,0
4040,43.04479717612192,3,3,6.139044065552781,7,1.0003979442404556,0,0.0,0
4041,25.054526587443718,1,6,0.0,1,0.6402729615951378,0,0.0,0
4042,44.72943754341762,2,3,8.365798359506973,4,0.5037627828095288,0,0.0,0
4043,61.24586140825937,4,3,12.414735023258439,7,0.7376679957314314,0,0.0,0
4044,56.79000905154685,3,3,20.88827994253727,7,1.0001689324846308,0,0.0,0
4045,44.174959179992314,4,6,11.266193589889484,7,0.9999763291410703,0,0.0,0
4046,34.728979150702365,3,7,4.481070757007052,5,0.869454230993768,0,0.0,0
4047,27.632380422834323,1,3,12.320870985759132,6,0.5670320269678064,0,0.0,0
4048,41.40141432713461,3,1,17.69581379043994,7,0.9999036033444584,0,0.0,0
4049,44.476841924141766,4,6,9.905845407077075,6,0.19934859043387404,0,0.0,0
4050,57.032783899109745,1,6,11.558542027565364,3,0.6208085524870623,0,0.0,0
4051,46.42495965974454,2,3,12.027726949429173,5,0.9993537642492449,0,0.0,0
4052,36.354749757291124,2,4,19.996285812139412,1,0.49786095300717137,0,0.0,0
4053,43.02715562186555,1,3,10.918552969126184,3,1.0000169902573766,0,0.0,0
4054,17.16508478479921,3,6,11.345810360669734,3,0.6214312831429105,0,0.0,0
4055,34.41309321989047,4,3,15.97275005234969,5,0.49812778594189233,0,0.0,0
4056,33.67033081563903,3,2,18.743915133780742,7,0.4408780339987623,0,0.0,0
4057,25.445408800565435,2,2,10.966320081031155,4,0.9579023459849989,0,0.0,0
4058,36.88532678093136,2,6,9.618726725712884,7,0.28643720483126683,0,0.0,0
4059,49.60568678302537,2,4,7.3006985989502295,1,1.0081385663268005,0,0.0,0
4060,20.562256666375927,4,4,19.9956249998261,7,0.8014087332170512,0,0.0,0
4061,41.61507881259413,3,2,12.557556878110194,5,0.5386703612462165,0,0.0,0
4062,54.58099921592941,3,3,14.064306315176069,7,0.5006814978306187,0,0.0,0
4063,48.724522021817684,2,6,9.625495465802558,7,1.0001765561456284,0,0.0,0
4064,69.4711220533874,3,3,10.649087624669836,2,1.0000798662817476,0,0.0,0
4065,48.2554482873211,3,2,8.493608928392483,7,1.0005133761732332,0,0.0,0
4066,48.55436232297115,2,4,20.00864351474371,7,0.16999907796777125,0,0.0,0
4067,49.204987223176246,3,2,3.5995255404598856,4,0.2740875640178592,0,0.0,0
4068,43.681581458054104,4,6,6.451817049164482,7,0.7524686563901274,0,0.0,0
4069,54.885971361098974,3,5,16.260642689398683,1,1.0001359749004708,0,0.0,0
4070,35.60989646530164,4,3,17.624808401283904,2,0.9438866556389067,0,0.0,0
4071,30.82164571727287,1,5,17.743895092451154,4,0.9917307967320637,1,1590.3458649351282,1
4072,42.590293193720605,2,6,29.53504635125681,1,1.0179248780236627,0,0.0,0
4073,22.713393486841948,3,0,16.330245537489656,5,0.9996622762585257,0,0.0,0
4074,39.6785291355899,2,5,11.06710620266492,1,1.0231256778325926,0,0.0,0
4075,28.264046591871463,4,3,6.179467918991632,2,1.010293162108865,0,0.0,0
4076,27.979158873843744,3,1,10.268603680414126,4,1.000145565304187,0,0.0,0
4077,25.365508144972008,2,6,7.9519486397428665,1,0.961406744869417,0,0.0,0
4078,56.269294785308176,4,2,10.097862020028838,7,0.5694254612369773,0,0.0,0
4079,46.369021035452796,5,3,12.031600757517591,3,0.999888006811408,0,0.0,0
4080,63.6215731686771,4,6,4.625667252912,0,0.34490563631284094,0,0.0,0
4081,34.8756739472367,2,3,10.152196914299717,7,0.9997847030516541,0,0.0,0
4082,25.444059951321346,3,2,12.245878546433978,3,0.45305127446887405,0,0.0,0
4083,36.83218224871587,4,4,0.0,1,1.0017583700763062,0,0.0,0
4084,41.06267987632089,3,3,9.307059645863307,2,0.5066453143813836,0,0.0,0
4085,35.131228526080235,5,6,19.03472659604863,6,1.0247822302914151,0,0.0,0
4086,42.86206579758997,3,2,17.675433198846076,5,0.9368006440745407,0,0.0,0
4087,42.19246539254212,4,3,4.54785770859917,1,1.0002210544757688,0,0.0,0
4088,43.73678827308012,4,3,11.98521808739219,5,1.0003556934893305,0,0.0,0
4089,44.692565247611476,2,4,9.09229266721669,4,0.7290690679719659,0,0.0,0
4090,43.190790881885626,3,5,7.018682200146649,7,0.2437848579794165,0,0.0,0
4091,39.91875279337448,4,4,10.463573457581118,6,0.8001221199487201,0,0.0,0
4092,37.83650980828388,6,3,2.1681844121595724,1,1.0299017193700502,0,0.0,0
4093,3.8739842296419127,3,4,11.454274806800381,2,0.0,0,0.0,0
4094,65.71116686943324,4,5,5.225129159273712,7,0.9999740189679182,0,0.0,0
4095,55.80043252849887,3,1,19.99781559987478,6,0.8904968802462547,0,0.0,0
4096,60.85007102145747,5,1,7.492652877182598,2,1.0000313656769664,0,0.0,0
4097,72.47374378470896,3,4,16.948399305455794,1,0.2233157332902782,0,0.0,0
4098,34.032469003970554,3,1,15.38820066586436,2,0.9996983207819816,0,0.0,0
4099,29.580241291768743,1,3,13.127375747148387,1,0.2439500998195312,0,0.0,0
4100,32.69132455166373,1,3,10.156081136984668,5,0.32721915294136594,0,0.0,0
4101,64.84066958019017,1,1,11.037553138398557,1,0.5547719077027398,0,0.0,0
4102,43.611192173087595,3,1,8.028564244658954,7,0.3014712022346368,0,0.0,0
4103,39.60443441979609,3,3,19.997134948128785,2,0.5109813663596438,0,0.0,0
4104,57.32046871589394,4,2,9.524128122383589,3,0.5126811309960366,0,0.0,0
4105,26.96349466047247,6,4,2.1859441209850754,1,0.19668237985296871,0,0.0,0
4106,33.96385962789613,3,1,2.0013030104005427,7,0.4242456259234982,0,0.0,0
4107,22.456870819567527,2,2,5.3197433836668555,7,0.0,0,0.0,0
4108,74.61625572855647,5,1,18.525927222487688,3,0.999886686484011,0,0.0,0
4109,67.29811490491205,4,3,6.692942281294905,1,1.0003683202189264,0,0.0,0
4110,36.789879763979904,3,4,19.091745979542157,4,0.6683119939402986,0,0.0,0
4111,55.884528797500494,1,2,3.252396661787251,7,0.1126344807647709,0,0.0,0
4112,40.16040353759818,1,3,0.0,6,0.22768552556953703,0,0.0,0
4113,39.14673366663059,4,3,19.99810548150272,1,0.6110511613349933,0,0.0,0
4114,52.03342023087691,2,3,11.151026631878175,3,0.04077611735720821,0,0.0,0
4115,53.13072779243619,2,3,0.0,7,1.0003409508365955,0,0.0,0
4116,42.35918180829267,3,5,20.928206360392274,3,0.4127108750176077,0,0.0,0
4117,48.560569651548924,2,1,5.783062501453383,7,1.0001527219284134,0,0.0,0
4118,34.276687187646445,2,1,17.634695333484796,3,0.9765551971615563,0,0.0,0
4119,43.56028030442873,3,3,13.237609041185756,3,1.0003205914139752,0,0.0,0
4120,35.09515738487234,3,1,19.99495826662173,6,0.4130917650968126,0,0.0,0
4121,36.235628498849444,3,1,14.546730115903017,1,0.9996607078680736,0,0.0,0
4122,49.14197568444645,3,1,2.140116353365599,2,0.038977365165445255,0,0.0,0
4123,74.71253986652562,2,1,12.778629319390658,2,0.36440898714391257,0,0.0,0
4124,30.191405102251032,4,1,20.00416765433374,0,0.770343928006926,0,0.0,0
4125,38.78997592802267,3,3,20.00738612646784,5,0.13757876560119664,0,0.0,0
4126,63.207311439463126,2,3,17.340717777288067,1,0.5005057586189094,0,0.0,0
4127,32.88258847225745,5,6,12.260947749598566,7,1.0001186774589148,0,0.0,0
4128,60.29642976904395,2,5,9.0062028604868,2,0.9878442266935217,0,0.0,0
4129,22.35252759345286,2,6,5.855072400196824,1,0.08030698656907376,1,2861.3481655880832,1
4130,42.9038963943313,2,4,9.615019228764774,5,0.3032585729210055,0,0.0,0
4131,43.944545248203525,2,3,14.41297343761746,3,0.4517195622299381,0,0.0,0
4132,27.362075289454268,2,1,10.425274098291997,3,0.6793179666967437,0,0.0,0
4133,41.609005328033575,6,6,2.3821654722957923,1,0.974465069468895,0,0.0,0
4134,64.4370360553683,4,4,6.99407889161993,1,0.7883661235861356,0,0.0,0
4135,55.508636973849214,3,6,8.446843333358942,5,0.5037360051473319,0,0.0,0
4136,21.99018303395479,4,5,6.420885124902561,1,0.510522365038763,0,0.0,0
4137,34.49203705251459,3,4,15.061772916631082,1,1.0131653783287493,0,0.0,0
4138,46.200915841465374,4,6,0.9096023124331793,6,1.0224432007765394,0,0.0,0
4139,47.242394790488,3,2,18.01840969426567,4,0.1629936751549702,0,0.0,0
4140,41.76387842960833,1,1,17.53002672712158,2,0.940535564518864,0,0.0,0
4141,66.42739140376348,1,4,9.02151704896982,5,9.092501422880428e-05,0,0.0,0
4142,40.13417288750851,3,0,19.997391388142308,1,1.0001023857626967,0,0.0,0
4143,49.544243972632984,4,3,6.366454941753116,7,1.000168484095694,0,0.0,0
4144,47.56861595857181,2,6,11.71020150494674,7,1.0002267946146377,0,0.0,0
4145,33.11944581886696,3,3,8.451182284915388,1,0.6796852888260683,0,0.0,0
4146,34.82397614588863,3,5,0.0,1,0.4676917273769989,0,0.0,0
4147,48.94885649794942,2,3,13.971854289114745,4,0.4953289013501497,0,0.0,0
4148,35.42975799103131,4,2,12.054317753915466,7,0.9998734702745673,0,0.0,0
4149,45.753114513447294,3,2,12.142338863535326,6,1.0003845355508207,0,0.0,0
4150,34.97331968261843,5,6,13.172851291627108,7,0.7551102673301889,0,0.0,0
4151,57.18161100058994,2,6,16.108517476063113,1,0.9991745211132046,0,0.0,0
4152,45.566327800830365,3,6,7.25269061118232,7,0.9994237327327167,0,0.0,0
4153,48.866377372949586,4,3,12.7649027224232,7,0.17883966069982138,0,0.0,0
4154,38.88971401769302,3,6,4.569822474125461,1,0.9286726248419557,0,0.0,0
4155,59.710087792187934,4,5,0.0,3,0.3549235278204915,0,0.0,0
4156,43.34700736365721,4,2,2.9438887003536323,7,0.9996768776043656,0,0.0,0
4157,40.701374791834375,2,6,12.979758375980623,5,0.9998543724548736,0,0.0,0
4158,45.051593006554526,3,5,16.92936895949305,3,1.0002745318101625,0,0.0,0
4159,43.33139052757746,5,2,14.162980123315897,1,0.9998631126525599,0,0.0,0
4160,56.06343162381768,4,6,18.328923074238986,6,0.4313321224531305,0,0.0,0
4161,28.92199779542596,3,3,4.544282734070762,2,0.19708650595753546,0,0.0,0
4162,38.322392234335254,1,3,8.493346162227912,6,0.0,0,0.0,0
4163,32.021162673279676,4,6,10.422124091988348,7,0.2686983338225592,0,0.0,0
4164,51.84422124259313,4,3,10.068689848841647,3,0.20736015457342427,0,0.0,0
4165,34.48428348132286,4,6,15.933482926344197,1,0.5206733962194123,0,0.0,0
4166,60.84774313765935,2,4,11.140799986205108,7,0.8490283440337234,0,0.0,0
4167,39.34576187568847,6,1,16.2059852699326,2,0.5012113017271547,0,0.0,0
4168,65.352416138528,3,5,13.089702979822789,2,0.9998862467103637,0,0.0,0
4169,81.00388806692231,5,3,3.8736959884563813,4,0.5027410016228411,0,0.0,0
4170,33.94694175375854,4,3,20.00635404499213,1,0.9998578088605581,0,0.0,0
4171,72.07402878766487,2,6,3.063534576449287,7,0.7551058732971258,0,0.0,0
4172,38.36994124408687,3,2,13.611886668824981,6,1.0002051505311549,0,0.0,0
4173,50.33763240834846,3,5,17.526415019185272,4,1.0000560822400577,0,0.0,0
4174,62.91017426457189,6,6,13.869691865166427,7,0.5187080108983405,0,0.0,0
4175,34.940940062604426,4,1,20.00110159569948,4,0.7163544365417462,0,0.0,0
4176,23.762578576722,4,2,8.254699105730825,5,0.28536182457280773,0,0.0,0
4177,17.056347901736746,4,3,4.148053087027315,2,0.45140881768016705,0,0.0,0
4178,49.48177713895643,4,4,20.021864318151877,7,0.999948179444312,0,0.0,0
4179,59.11628566711899,4,6,12.403691844007984,7,1.0002882677545497,0,0.0,0
4180,49.37945898685329,3,6,18.82008536859773,6,1.4097195166758874,0,0.0,0
4181,55.122160991409075,3,6,11.588086553861867,2,0.22684030785473192,0,0.0,0
4182,58.47331126647059,3,3,18.22062867386561,2,0.9997735501752635,0,0.0,0
4183,23.969088024628164,1,3,8.805490115999064,0,0.11805956321975497,0,0.0,0
4184,47.03911946224998,3,3,1.7868001702040353,5,0.999750090747906,0,0.0,0
4185,44.74621236813971,3,2,6.934026525942125,7,0.9996926314990227,0,0.0,0
4186,28.701896148116404,2,2,12.53026704671558,1,0.5947697874434533,0,0.0,0
4187,20.787685697486953,3,2,0.3031099371921364,1,0.8938712695539215,0,0.0,0
4188,52.82062762439093,5,3,19.46390226639928,4,0.9998464492801862,0,0.0,0
4189,23.92602070443403,4,2,6.97202299513665,6,0.5116025999302948,0,0.0,0
4190,17.372354464365106,5,6,14.149608415879825,1,0.0,0,0.0,0
4191,57.19771406879899,2,4,13.278196903626696,1,0.9595934788782476,0,0.0,0
4192,44.92705345782806,3,3,6.755370060918702,1,0.985832153104211,0,0.0,0
4193,25.154109544176904,3,2,5.8853675795044555,4,0.99992936608572,0,0.0,0
4194,28.922455214629323,3,3,7.204014740870841,5,0.9849621619168833,0,0.0,0
4195,60.734568266023416,2,3,18.550911767864395,7,0.99994942807671,0,0.0,0
4196,48.903075847209124,2,2,6.410000077864196,1,0.2074573642466243,0,0.0,0
4197,48.110037176789,4,3,9.521079010091116,3,1.000045232142931,0,0.0,0
4198,43.94423284001252,4,1,19.98771191343201,4,0.2811397680452882,0,0.0,0
4199,17.9010037939939,1,3,12.828582101844967,6,0.500445325775955,0,0.0,0
4200,46.74434486212699,3,3,5.230313832688306,2,1.0254776581511464,0,0.0,0
4201,32.8968828859837,2,3,10.788272659616146,0,1.00064211199006,0,0.0,0
4202,31.452140451831898,4,5,13.273513899261529,7,0.5192860613403057,0,0.0,0
4203,52.75558446086005,4,3,14.202079466263394,3,0.9995805060009968,0,0.0,0
4204,48.205900987459906,2,6,13.726683370000714,7,0.9993446753430341,0,0.0,0
4205,54.827996619199496,2,1,14.095796555379376,4,1.0001108744155054,0,0.0,0
4206,48.840108626017155,2,6,13.997435525918828,7,0.9997194566638088,0,0.0,0
4207,41.87416120796058,3,1,14.469957663199128,7,0.9997288917636191,0,0.0,0
4208,44.657417566547494,3,2,5.787788964677909,7,0.8242445515951473,0,0.0,0
4209,25.102581138473212,0,2,12.763835017836737,2,0.9947609157844202,0,0.0,0
4210,49.00549605625993,4,2,10.949308748214518,3,0.5705420077696838,0,0.0,0
4211,56.00704779062278,5,2,11.190325568433332,5,0.5698095020964272,0,0.0,0
4212,32.17674885948527,4,1,20.005924480892713,1,0.9992541901470138,0,0.0,0
4213,39.56524388290788,4,1,5.984676789548155,4,0.951455523806016,0,0.0,0
4214,39.13306059515215,3,6,12.297523600068487,3,0.43354181783061224,0,0.0,0
4215,46.93389529824794,0,3,9.030849428606189,4,0.7091966477460651,0,0.0,0
4216,61.91503906670845,4,3,6.9913651695476435,2,0.2567254072056218,0,0.0,0
4217,29.247226418544074,3,3,22.449975079319852,7,1.0080667708112023,0,0.0,0
4218,55.842892965668476,5,1,18.438441717127397,4,1.00026740981619,0,0.0,0
4219,40.538407395200906,2,6,8.09673793672284,6,0.7003232131316413,0,0.0,0
4220,10.765865899038435,2,3,0.0,4,0.3413386564437267,0,0.0,0
4221,28.69340736694564,6,6,17.627773916086547,1,1.0006438469282126,0,0.0,0
4222,42.87842617568686,2,3,7.353697088869936,3,0.6553510304728271,0,0.0,0
4223,66.4697626940581,3,4,7.614275280864308,3,0.5495161629901899,0,0.0,0
4224,27.845296649985407,2,1,5.05954439439419,4,0.1097429171944505,0,0.0,0
4225,37.82383103657854,1,3,5.981649085822656,4,0.5838647189738244,0,0.0,0
4226,22.327313835873916,3,3,5.643923862987917,3,0.9395879716916887,0,0.0,0
4227,55.496061405580164,4,6,3.559605036119966,6,0.10111684428198453,0,0.0,0
4228,40.08915931735429,3,2,14.143896718793473,4,0.7483166961700516,0,0.0,0
4229,53.52549724890458,3,3,11.989536052481771,7,1.000021183271396,0,0.0,0
4230,29.92785521947482,1,3,9.824165531337512,2,0.9994689240708914,0,0.0,0
4231,51.60721697982779,3,6,16.127755114596354,7,0.9998983356730333,0,0.0,0
4232,52.90017550545715,4,3,0.0,7,0.8880561159335617,0,0.0,0
4233,45.272802440457205,3,2,8.312977554548912,6,0.6839103814981606,0,0.0,0
4234,45.07916179285547,3,4,10.69829257062992,3,1.0103110275791223,0,0.0,0
4235,24.651114506371464,0,1,13.886792867376165,4,1.0004212457750867,0,0.0,0
4236,55.05425060602416,3,3,11.331659081797685,3,0.391362931447333,0,0.0,0
4237,21.502148893542774,3,2,1.4521493961381218,4,0.6159225939090603,0,0.0,0
4238,54.63895728466611,1,3,9.386764364851793,7,1.0007307748724945,0,0.0,0
4239,43.86773069689768,2,6,7.672346015246287,6,0.31115888071040737,0,0.0,0
4240,43.226253877718065,1,5,6.637332041567392,7,0.3693268686379337,0,0.0,0
4241,42.712317243972336,4,3,14.650662745585558,1,0.42968630629057625,0,0.0,0
4242,32.8277725979481,3,4,20.00081925584744,1,0.2391825761357455,0,0.0,0
4243,45.95009924922825,1,3,17.900286614614632,4,0.5038752637792683,0,0.0,0
4244,43.64236146430741,3,5,11.065542254519816,1,0.9999849125052052,0,0.0,0
4245,31.15092113706391,1,2,9.09923144659011,6,0.15567691278855988,1,33116.392002491375,1
4246,23.251273988019626,4,4,1.201036343506571,1,0.21708511637383798,0,0.0,0
4247,47.15043300321293,4,5,5.4580882667480015,4,0.4980488534455085,0,0.0,0
4248,48.46561415849544,4,2,17.420613617882566,6,0.9995945154068837,0,0.0,0
4249,56.24891483501254,2,4,19.98343418129891,7,0.9997685561578021,0,0.0,0
4250,25.335167890157262,1,4,3.692792045272819,3,0.5097537962278933,1,18139.863214564382,1
4251,58.5881757761573,4,3,11.673771526708729,7,0.9998599455915023,0,0.0,0
4252,52.14273263436252,3,2,17.354265387326812,2,1.0001801479328365,0,0.0,0
4253,19.54428733852634,2,2,10.076619031720142,3,0.43129386302490147,0,0.0,0
4254,35.09623682380151,1,1,20.002712237038207,6,0.1635160499598185,0,0.0,0
4255,42.38906031303981,2,6,11.650888052314507,3,0.9994649429572874,0,0.0,0
4256,51.75566990366673,4,3,14.001107303977257,2,0.9996159702995311,0,0.0,0
4257,22.492902468473222,3,4,4.75726801200959,1,0.9750150087631366,0,0.0,0
4258,45.33369803568665,2,6,17.283533203082044,7,1.0000267265193064,0,0.0,0
4259,60.387310836230824,3,1,7.337737277603831,7,0.9996021098237979,0,0.0,0
4260,50.99273755275107,3,5,1.481540763614138,2,0.6729464186271775,0,0.0,0
4261,21.131962823183343,3,2,7.616764096110352,7,0.47097222983326836,1,822.166349622815,1
4262,19.052328804501077,2,2,6.410159795659973,1,0.0626414623335716,0,0.0,0
4263,26.817286180609305,2,6,11.581630547685664,2,0.0,0,0.0,0
4264,31.110165622394547,4,0,5.441782302434449,7,1.0000143138104651,0,0.0,0
4265,35.03471576260896,2,6,8.124155916186186,2,0.28986345965758126,0,0.0,0
4266,29.122670925151475,3,3,19.9952145507065,1,0.8026032942063922,0,0.0,0
4267,27.495265097376084,3,3,10.345553807172232,2,0.9375369244632483,0,0.0,0
4268,37.79844217258248,3,2,19.99746157078349,1,0.5254186640054037,0,0.0,0
4269,55.98522987875682,4,1,3.0318879030019215,3,0.4966771548008957,0,0.0,0
4270,24.828950701983864,2,3,5.249715962203873,3,0.39184860762691687,0,0.0,0
4271,50.88539123188606,2,3,7.227341275723435,2,0.9996178175287608,0,0.0,0
4272,41.075227319257266,4,2,2.8391835379899852,7,0.47498925545026904,0,0.0,0
4273,31.257703501333964,4,3,14.49919776251418,1,0.4186522915847674,0,0.0,0
4274,27.548531742247768,4,2,4.861844346292445,7,0.9999056380082418,0,0.0,0
4275,50.08205327585034,3,5,11.59201718258374,1,0.4454176121052024,0,0.0,0
4276,37.0810519972638,4,5,16.39456665585952,2,0.9995482060093566,0,0.0,0
4277,41.8528878468812,5,6,19.87208574323764,1,1.0198823572630136,0,0.0,0
4278,50.171365380929544,4,3,9.414862988129698,6,1.2148939164764267,0,0.0,0
4279,19.848339849498345,3,5,4.971612979756105,1,0.5962290102301151,0,0.0,0
4280,51.1920639811185,3,1,12.011836137565297,7,0.0956489898281283,0,0.0,0
4281,51.91636045608132,4,3,7.457742691812462,7,0.9995986425771164,0,0.0,0
4282,34.736875125879784,1,4,10.347949079508743,1,0.3665090298157958,0,0.0,0
4283,46.19220522051024,3,3,14.712244381192159,5,0.5001678992325193,0,0.0,0
4284,40.988660193217434,4,2,11.313486699308609,1,0.18309607051459076,0,0.0,0
4285,30.719439997679714,4,2,17.813270569258265,6,1.0002633218792154,0,0.0,0
4286,20.705414802841933,4,2,17.4954678945764,7,1.2376282944543426,0,0.0,0
4287,49.362540927541616,0,3,14.094137768787279,7,1.0001376845949876,0,0.0,0
4288,64.99498856496646,2,3,9.479962080002661,7,0.9880747067189907,0,0.0,0
4289,37.92688709247419,3,3,10.810595735377786,5,1.0003414269977255,0,0.0,0
4290,31.982522230949698,4,2,19.99124264465712,1,1.0001461258757118,0,0.0,0
4291,17.367078545627987,5,2,16.991596967679655,7,0.0,0,0.0,0
4292,49.62039535744571,4,1,0.0,4,0.9999645343125106,0,0.0,0
4293,48.60828401908708,2,5,13.012602705314064,4,0.9593352070963738,0,0.0,0
4294,57.63255389481686,3,3,8.416621161594362,3,0.5001403115046905,0,0.0,0
4295,42.38258982594242,3,6,9.785866487143982,7,1.000057544951129,0,0.0,0
4296,46.13716339471978,3,6,5.101211809289808,1,0.9297739294011128,0,0.0,0
4297,23.15646697990216,2,4,5.793767705552522,6,0.0,0,0.0,0
4298,53.992032887326104,3,1,16.82467363330702,0,0.43092955486863016,0,0.0,0
4299,59.11311645503875,2,3,12.472254615422402,2,0.0,0,0.0,0
4300,34.98716696266571,2,6,20.022318802211625,7,0.9998537037735491,0,0.0,0
4301,43.35360513664556,4,3,1.7611461249692528,1,0.9999674549024989,0,0.0,0
4302,48.18028867452889,0,6,14.572229021027741,3,0.29409018302065776,0,0.0,0
4303,33.53014113338227,4,1,2.522439788667217,5,0.671257524387243,0,0.0,0
4304,66.87217068872613,4,3,13.96508609213922,7,1.0536114270439256,0,0.0,0
4305,24.042511957244702,1,6,6.82314913533364,1,1.0391049822629777,0,0.0,0
4306,36.46303711352613,3,1,9.061786817120558,7,1.0004366895984276,0,0.0,0
4307,17.81678349723811,4,3,14.15569006442755,3,0.0,0,0.0,0
4308,27.180502821273127,2,3,1.3891306135422106,4,0.0,0,0.0,0
4309,47.983492207522524,3,3,3.7343668227195597,0,0.9715558651924661,0,0.0,0
4310,47.09346732856389,3,1,11.952382085814198,7,0.1104128942407947,0,0.0,0
4311,69.82438880959033,4,7,20.00462315518909,1,1.0001513566718905,0,0.0,0
4312,36.061014734962185,3,6,9.74880269548263,6,0.31022762863558956,0,0.0,0
4313,47.46608998786794,3,2,22.748121913329296,7,0.9995929412062392,0,0.0,0
4314,43.92832812772827,2,1,5.434380677165537,4,0.498970227732764,0,0.0,0
4315,28.351397002984264,6,3,20.821983450904003,5,0.5665681817953658,0,0.0,0
4316,56.54007099183584,3,3,11.763218049514814,0,0.9998973718018149,0,0.0,0
4317,43.079955046376405,3,5,16.865829009080606,3,0.9998240169556206,0,0.0,0
4318,29.114715808751242,3,3,21.83360416835223,4,0.9506843447908044,0,0.0,0
4319,33.64610145571194,3,5,15.68765263168477,7,0.999841484388448,0,0.0,0
4320,64.37403272737463,2,3,17.08905427049426,3,0.9995864934086053,0,0.0,0
4321,51.50604491106067,2,1,16.0050800211836,2,0.23742359409114527,0,0.0,0
4322,25.448660186836207,2,6,14.860342432472395,6,0.9661363299805401,0,0.0,0
4323,60.831375365455585,5,3,5.981641012712098,4,0.6314187587207991,0,0.0,0
4324,42.85993068939446,2,1,0.0,3,0.5292163775091911,0,0.0,0
4325,40.12508059143395,3,2,14.77920836579407,5,0.9999106728086379,0,0.0,0
4326,38.99253824246344,3,2,13.84952277105341,1,0.9998894781792171,0,0.0,0
4327,53.05823356990304,2,3,6.299890998702072,1,0.9999707600257502,0,0.0,0
4328,42.136766565703134,3,2,13.797921307131482,5,1.0002371419934313,0,0.0,0
4329,59.7076054799071,3,1,16.063913062653256,2,0.26316732445842766,0,0.0,0
4330,53.90634955399452,2,4,20.011019867858217,1,0.9993289705128877,0,0.0,0
4331,58.28432464112392,4,1,16.673882868379714,3,0.9399543857431014,0,0.0,0
4332,64.89074539401585,6,1,4.756991978591394,2,0.533454909242601,0,0.0,0
4333,40.757821781127234,2,2,16.461795112846527,7,0.8341881908282498,0,0.0,0
4334,61.46764944800815,3,3,15.786618386114359,7,0.3989278092478428,0,0.0,0
4335,35.832126934854344,2,3,1.941730264998986,3,0.627494095866313,0,0.0,0
4336,54.25405442294593,2,5,17.277838695679513,8,0.4210106087845287,0,0.0,0
4337,11.832556922334525,1,3,1.9663107082173443,5,0.09295406375047499,0,0.0,0
4338,33.63932355059543,3,4,20.003418870183356,2,1.0001851045872314,0,0.0,0
4339,42.55640539238055,4,1,11.876424396450261,7,0.32574182944114727,0,0.0,0
4340,25.625143061869785,0,3,3.65717500781442,3,0.07255095570765702,0,0.0,0
4341,41.979517319414505,4,1,19.974962891071478,3,0.3012413378519678,0,0.0,0
4342,51.012111770349506,4,3,6.6582005858605475,6,0.3971703022162256,0,0.0,0
4343,32.3342215836084,2,6,13.094796861032624,7,0.9997622586689962,0,0.0,0
4344,48.06294868314409,3,3,9.363113882991541,7,1.0001022811964204,0,0.0,0
4345,57.02229266552531,4,3,13.548861665120764,7,0.04554663730724007,0,0.0,0
4346,20.944709011903047,2,2,8.903237439304071,4,0.2667447357252891,0,0.0,0
4347,65.89364305675083,3,6,9.390857167409834,7,0.33643758078013425,0,0.0,0
4348,26.313533624537754,5,1,19.9984827472015,4,0.6198777347169794,0,0.0,0
4349,56.36014166946734,3,1,7.389212882684472,7,1.000214432446474,0,0.0,0
4350,50.50615143472521,4,3,20.306644097082824,7,0.9994223918608139,0,0.0,0
4351,30.553334537003348,2,1,15.304591882908895,2,0.5777918033841005,0,0.0,0
4352,35.81574982908784,3,1,9.716612306680265,2,0.4977847970443934,0,0.0,0
4353,68.57944797959475,5,5,10.45020764380157,7,0.7967016495821597,0,0.0,0
4354,38.80152072488377,3,3,6.042006960549316,1,0.5096048272241899,0,0.0,0
4355,43.594565006308336,1,3,13.8411401712346,5,0.49764211625219124,0,0.0,0
4356,39.84215773212139,2,3,11.064067499573502,7,0.9195434939133702,0,0.0,0
4357,51.34559616722021,3,2,7.844902798058795,5,0.9995954741962404,0,0.0,0
4358,25.66185710602129,2,5,7.375801949456405,1,0.9838104133149346,0,0.0,0
4359,42.80165336475458,4,6,11.210517606798122,5,0.6892445127639361,0,0.0,0
4360,43.20207713500195,4,2,20.210534681612575,3,0.28041079798595436,0,0.0,0
4361,45.9968008123863,2,3,5.16825467923086,7,1.0002511311300122,0,0.0,0
4362,29.746276533204203,2,6,15.913812762342712,4,0.8109273379231376,0,0.0,0
4363,48.43383882638816,3,6,8.347414376045402,1,0.9397131707324338,0,0.0,0
4364,58.95533524671025,3,5,1.0106317529151045,2,0.9350169524238225,0,0.0,0
4365,23.262286213250572,0,2,13.104177291469568,1,0.17772312901433107,0,0.0,0
4366,17.610826428573052,1,5,9.58473448510695,2,0.7299106428562386,0,0.0,0
4367,60.61428729842184,2,3,10.89030896331872,3,1.000145178599153,0,0.0,0
4368,39.21133559601633,4,5,23.43142098209987,7,0.9999162496082058,0,0.0,0
4369,40.387548693294676,4,3,28.951346413388293,5,0.49701573323143,0,0.0,0
4370,61.18327243341188,5,3,4.887570202133601,1,0.3039870508249236,0,0.0,0
4371,47.83986889180711,2,3,2.000036508940047,7,1.0000773740050428,0,0.0,0
4372,61.206808060193566,2,6,10.761579033371465,4,1.000592983414188,0,0.0,0
4373,39.14110031720573,3,6,17.570824218147237,3,0.4007978663839911,0,0.0,0
4374,49.854798002382545,1,3,3.092024606181674,2,0.9955300519659462,0,0.0,0
4375,47.6071224205686,4,1,12.690809634753778,7,0.9282218417318935,0,0.0,0
4376,10.260221117366925,5,5,7.140986500785539,1,0.41138183334884865,0,0.0,0
4377,49.80453448557055,3,4,12.066815447478415,6,1.0001665608005164,0,0.0,0
4378,47.78234413581861,3,4,19.997916484148025,1,0.6569927068135487,0,0.0,0
4379,35.33945242462971,5,3,8.410884174772203,3,0.979835109145008,0,0.0,0
4380,66.79561495947793,4,3,10.7587334902557,2,0.9999855736464566,0,0.0,0
4381,44.90232364214083,1,1,16.522458506839165,5,0.0,0,0.0,0
4382,48.782920250988276,4,1,16.2901053733148,7,1.0002087327784908,0,0.0,0
4383,64.55703409799632,6,1,15.676400823013168,3,0.9383746836813558,0,0.0,0
4384,30.576247995588442,2,3,5.26871465200737,2,0.4417912544414645,0,0.0,0
4385,49.35190809147927,5,1,10.274837599593003,7,0.9998890870871466,0,0.0,0
4386,49.752104743990984,3,3,15.752955167541245,7,1.000210793908742,0,0.0,0
4387,46.673497408751174,3,3,2.868122942797699,6,0.208857886597557,0,0.0,0
4388,64.98745988655082,3,1,13.865615286192988,7,1.0001505530653547,0,0.0,0
4389,3.5411484582576236,2,1,4.256444582775675,7,0.4756870426475507,0,0.0,0
4390,28.78674864593262,2,3,15.331366847645203,4,0.3988857173250431,0,0.0,0
4391,23.940459292207752,2,1,9.852674149653065,2,0.9997986394965703,0,0.0,0
4392,19.8058093876826,3,4,2.8992667532172423,0,0.1254616491261037,0,0.0,0
4393,61.38767628225488,3,4,20.0006220306081,1,0.4446060569129421,0,0.0,0
4394,53.55945200545703,3,3,20.00210043825517,7,0.9036021560734596,0,0.0,0
4395,34.52832160996804,1,1,13.601761119945326,2,0.23382454615003467,0,0.0,0
4396,42.89324714413675,4,3,5.9431864666343674,7,1.0007144849028626,0,0.0,0
4397,37.612829928827075,2,4,14.791466829402633,5,0.17866572482787202,0,0.0,0
4398,58.88409291989098,2,6,15.543166631877746,2,0.17775660152370654,0,0.0,0
4399,25.12986788206569,2,6,5.113811912981084,7,0.22952169326312039,0,0.0,0
4400,24.599527457079557,4,1,4.7022211358402854,3,0.007401745459552855,0,0.0,0
4401,42.29798324084454,4,1,16.111157908205055,6,0.0,0,0.0,0
4402,25.527634947547455,3,4,6.969812947920655,6,1.0357619134451428,0,0.0,0
4403,35.15973425101647,2,1,0.0,2,0.529169712898767,0,0.0,0
4404,36.06447459668675,3,3,7.835689699699111,3,1.0005482037351747,0,0.0,0
4405,33.735303509861915,3,3,18.595096255021286,0,0.9999136766231482,0,0.0,0
4406,23.01954232609819,3,2,12.372114809939546,1,1.0001838076679053,0,0.0,0
4407,44.3779876358142,3,3,27.950286214467095,3,1.000157749545508,0,0.0,0
4408,54.76290305336586,2,1,9.566640138086703,2,0.6180877926923075,0,0.0,0
4409,39.21793734477508,3,2,10.827655181670846,1,0.2683546542770534,0,0.0,0
4410,34.847215484506435,3,2,11.285374328363629,7,0.999842286822612,0,0.0,0
4411,42.959339606924175,1,1,17.009727779520095,7,1.000609734413008,0,0.0,0
4412,50.765600180986134,2,5,5.930399093973745,7,1.0003457040524502,0,0.0,0
4413,61.78598594580252,3,1,7.593875736830802,4,0.5033247107376704,0,0.0,0
4414,28.676503916379904,6,4,19.997356927484894,1,0.9998766487212418,0,0.0,0
4415,33.66956816730516,3,4,12.852725937457835,2,0.9996257392999732,0,0.0,0
4416,46.16364460874801,3,6,8.606794524213685,2,0.5888599735765269,0,0.0,0
4417,43.67519379384616,2,5,3.2565742414972476,7,0.9994394071123507,0,0.0,0
4418,36.87590074700256,3,6,13.958343788580766,1,0.0,0,0.0,0
4419,45.575162443290836,3,3,13.662393156839494,3,0.7055286234265397,0,0.0,0
4420,36.21386232752977,4,5,14.345075382610446,4,0.8719847019128458,0,0.0,0
4421,29.083616794321507,1,3,16.89810798691046,7,0.9999243404258411,0,0.0,0
4422,51.56219876260109,2,5,15.7673248725153,3,0.5001440368013979,0,0.0,0
4423,35.0807118721261,3,1,0.9836209284709199,1,0.6758368338517138,0,0.0,0
4424,41.191157086333284,4,3,1.9914049323255014,7,0.6490820381455036,0,0.0,0
4425,49.399199800777495,3,5,12.652264924373933,3,0.1198069468499875,0,0.0,0
4426,27.13439186888808,3,6,3.024159150882829,4,0.8186119449343472,0,0.0,0
4427,40.25553006251704,3,1,8.668547909684722,3,0.9386584742873645,0,0.0,0
4428,30.015094824052653,2,2,13.711079438603726,1,1.0002556593381875,0,0.0,0
4429,30.312967084520196,6,3,1.4611003092347765,4,0.448190605992929,0,0.0,0
4430,42.64166592816497,1,3,11.532984406370202,1,0.3034761470357925,0,0.0,0
4431,52.3974133853585,5,4,4.16143588696858,6,0.5086964068244455,0,0.0,0
4432,23.933293540119276,3,4,14.469678317771763,1,0.9644751883541189,0,0.0,0
4433,46.97261748545057,5,3,10.523718669422998,6,0.999874644833666,0,0.0,0
4434,29.369137117384327,5,4,13.04113146881587,4,0.3758083358001752,0,0.0,0
4435,51.51137338373815,2,6,7.8402477544012985,3,0.048067893444074805,0,0.0,0
4436,34.71108222695862,3,4,9.838471214945633,3,0.9997367533912936,0,0.0,0
4437,39.9649475767549,4,6,7.024019017870051,2,1.0000495436843306,0,0.0,0
4438,53.862755885151046,3,6,9.630056829557763,7,0.9996114604738715,0,0.0,0
4439,54.41315581080184,5,6,24.39408884823186,1,0.9775719924621364,0,0.0,0
4440,44.608579526070976,1,1,12.417389739573423,3,0.4301534218062656,0,0.0,0
4441,33.86198499790669,2,3,0.0,2,0.10722897441487023,0,0.0,0
4442,48.66603334032315,5,1,23.750868157007336,5,0.9997067553513967,0,0.0,0
4443,48.56236434421895,5,5,3.2493943304117927,3,0.9994128858581345,0,0.0,0
4444,55.7252088161273,4,3,12.431887268124177,3,0.499585296562465,0,0.0,0
4445,46.445166361990786,3,4,13.405477487896443,2,0.24068161503714303,0,0.0,0
4446,51.11657392118522,4,1,3.9236989450285424,5,0.49712959165347914,0,0.0,0
4447,62.43264983071228,1,1,0.0,7,1.000144558074862,0,0.0,0
4448,53.080353044618235,3,2,15.126504398679263,1,0.28140934508460214,0,0.0,0
4449,63.07166378186773,1,3,9.483686316589136,2,0.5013180003903319,0,0.0,0
4450,47.93250440469004,4,3,5.144582585679002,7,0.7583142003848294,0,0.0,0
4451,25.11865219239158,2,6,19.755290455597248,1,0.5162918433277754,0,0.0,0
4452,46.18810520490164,2,1,7.681631828596851,3,1.0002682253564747,0,0.0,0
4453,50.194626728395804,3,6,0.0,2,0.3126265962819407,0,0.0,0
4454,35.77038251739383,4,5,4.143961101387144,4,0.09487112566934164,0,0.0,0
4455,54.592684801346905,1,4,11.625871883112731,5,0.5938363853250975,0,0.0,0
4456,47.88977147618315,3,3,20.006678649711173,6,0.5138635431252372,0,0.0,0
4457,46.71532796074486,1,1,5.8735356556846225,6,0.6942975022171218,0,0.0,0
4458,46.95851174213378,1,1,11.716693157109425,7,0.32670712547715025,0,0.0,0
4459,19.37479488985163,4,3,12.599223210445649,2,0.4066152939667364,0,0.0,0
4460,57.26000151867412,3,4,19.99462418853371,1,0.8720804156698407,0,0.0,0
4461,35.10313843852305,4,1,18.637446218073343,7,1.0005192789048785,0,0.0,0
4462,40.30633462915361,3,1,13.551643170931245,2,0.4614491739309569,0,0.0,0
4463,38.022715282134016,2,2,18.381390313177803,5,0.7918406466814379,0,0.0,0
4464,29.003164744552194,0,3,4.719302341998097,0,0.9998937945067177,0,0.0,0
4465,24.978118952050778,4,2,0.0,1,0.36009332826481166,0,0.0,0
4466,48.00788302464612,4,3,12.456477015656953,7,0.7577716786814793,0,0.0,0
4467,48.479645268388765,5,1,3.0777837239378325,3,0.0,0,0.0,0
4468,65.90746999986851,2,3,15.805302219888297,7,0.9995840160199955,0,0.0,0
4469,37.04378447514369,1,3,0.0,7,0.9995898596992253,0,0.0,0
4470,38.5503990635096,1,3,18.722599988461738,2,0.29254522510665365,0,0.0,0
4471,81.95458206426159,4,3,13.197482119845574,4,0.9998380741948156,0,0.0,0
4472,33.5317779589368,4,1,18.612626818893194,1,0.40330907817108536,0,0.0,0
4473,60.712150232132075,6,3,16.082379122802298,1,0.2270843832197224,0,0.0,0
4474,41.91020288278166,5,2,8.630620665451847,7,0.9999001968277095,0,0.0,0
4475,63.5478571241449,5,6,12.142346072763308,5,0.1891997513773223,0,0.0,0
4476,48.07112158520339,5,2,12.826940664048337,5,0.26480008234509367,0,0.0,0
4477,48.04622957560316,3,1,17.051852458934455,4,0.4998153636362035,0,0.0,0
4478,32.7602839294621,2,1,18.262948051414273,7,0.9726666166406127,0,0.0,0
4479,54.81187586011813,1,2,5.077274452371392,5,0.5075110351654286,0,0.0,0
4480,38.72286967126213,3,2,8.534754337905177,7,0.9995621185208459,0,0.0,0
4481,50.52820914698695,4,6,4.904130088051288,4,0.7482839673048696,0,0.0,0
4482,60.258851166213546,3,3,8.880214641050216,1,0.9998127322008843,0,0.0,0
4483,65.49083337609844,3,1,22.359043418913014,7,0.9994502218551197,0,0.0,0
4484,45.40158884391456,3,3,19.99307841337629,2,0.6650822592375799,0,0.0,0
4485,33.03787334269911,3,2,6.432439791143845,7,0.3302588965318418,0,0.0,0
4486,48.771513076977904,2,6,19.407434251946235,2,0.9158171701890243,0,0.0,0
4487,45.01229529974755,4,1,8.768101954882209,7,0.9362140957431921,0,0.0,0
4488,55.761503930748425,1,4,20.003174344839934,1,0.9996145871175659,0,0.0,0
4489,38.65139779942569,4,5,19.975879569825086,3,0.4201207150761302,0,0.0,0
4490,44.664559196595384,4,1,6.609761815531426,7,1.0004401406701056,0,0.0,0
4491,39.41891137210857,3,6,12.286157609335692,1,0.3709283615734523,0,0.0,0
4492,34.22792184568752,3,3,0.0,3,0.972819207688784,0,0.0,0
4493,42.11606125681461,2,3,14.153266551271516,7,0.9996006814845705,0,0.0,0
4494,22.067279384854338,4,7,6.411994341962371,7,0.25414237060953976,0,0.0,0
4495,32.71428223690725,1,4,4.501643987625076,6,0.4202155516785742,0,0.0,0
4496,45.04581174409207,1,6,15.567795459974779,3,0.9999397985817876,0,0.0,0
4497,54.01182088310826,3,3,15.090944652745824,7,0.9999241268370695,1,565.3446899581497,1
4498,36.323760186434214,2,1,2.0278455565624203,2,0.5542025800769022,0,0.0,0
4499,60.16337175917097,2,1,24.14612618920617,7,0.9050610464893013,0,0.0,0
4500,40.97538560902506,5,3,13.25347350871968,7,0.38235775929068955,0,0.0,0
4501,31.007056365592266,3,2,2.2746372029699042,2,0.44354752532240277,0,0.0,0
4502,48.419386165810764,3,6,8.261231430622583,2,0.0,0,0.0,0
4503,46.960249366662886,4,1,16.451686383005303,0,0.978327415126224,0,0.0,0
4504,66.54190159086241,3,3,6.046003936451567,5,0.4980553668707095,0,0.0,0
4505,59.12786895676666,1,3,8.652908398042223,4,1.0003040674358497,0,0.0,0
4506,14.622399003712598,4,3,3.4664596922621644,4,0.5023553791593732,0,0.0,0
4507,63.05730191469881,3,2,10.993003864067905,6,0.9996786914851381,0,0.0,0
4508,54.72617457942911,3,3,7.50820563456967,2,0.9996842672053405,0,0.0,0
4509,45.21852323070748,1,5,7.159415923129952,1,0.37472361691111994,0,0.0,0
4510,38.03088450843141,2,5,21.3739060897854,7,1.0001580294495782,0,0.0,0
4511,31.566339372231617,4,3,2.7562936112629313,4,0.4103730590933218,0,0.0,0
4512,25.09391483641582,4,6,10.082858123232812,3,0.646599585850135,0,0.0,0
4513,51.00040959232802,3,4,7.936076331889806,1,0.6870056035411961,0,0.0,0
4514,33.995443558577826,2,6,0.0,0,0.6279268670971079,0,0.0,0
4515,43.69652189124666,1,4,8.59617649511244,2,0.9394207551984028,0,0.0,0
4516,49.420278530641156,5,2,9.294315734244126,7,0.9019904066345402,0,0.0,0
4517,45.99758147553098,2,3,11.096276996687608,3,0.5612378168031777,0,0.0,0
4518,22.913750259365127,3,6,9.693024822134065,1,0.05179773966935197,0,0.0,0
4519,30.58861933176269,1,4,10.189262193831414,3,0.0,0,0.0,0
4520,50.34362761189998,6,3,0.0,5,0.4950150520460017,0,0.0,0
4521,53.97137543923635,3,2,13.217677962154712,4,0.9996643727819754,0,0.0,0
4522,23.547105646491758,3,3,3.3852818598307364,5,0.09603376410045361,0,0.0,0
4523,44.017306282054776,4,6,7.88529562651562,4,0.9996804542735465,0,0.0,0
4524,37.12492805592938,3,1,14.119259062324929,1,0.7393045945077646,0,0.0,0
4525,17.330979159194737,7,2,9.136751350980964,3,0.23579235325300096,0,0.0,0
4526,58.5928401835307,3,3,2.355863723679196,3,1.0002058386442323,0,0.0,0
4527,52.272143758443484,3,7,6.304133481724244,7,0.6803936001640531,0,0.0,0
4528,36.563331189053976,5,6,17.96292835199775,2,0.9408271768451373,0,0.0,0
4529,47.830647913264144,3,6,0.0,7,0.9999461127393274,0,0.0,0
4530,51.68008305935796,4,3,16.916634423150875,6,0.9999023949759858,0,0.0,0
4531,41.60181090111087,2,1,0.11676047580611737,5,0.4982571980914206,0,0.0,0
4532,47.37676262421004,3,3,20.178736113563104,3,0.9997535585164297,0,0.0,0
4533,33.2364367730696,4,4,19.988918445447958,2,1.0004027022891848,0,0.0,0
4534,24.324844048987458,1,4,5.469415627079617,3,0.7836148445159958,0,0.0,0
4535,58.38474159932163,3,1,9.972756099608985,0,0.49768295089892034,0,0.0,0
4536,32.501104188963296,1,3,4.913054101161601,2,0.27070895466006384,0,0.0,0
4537,47.86819621636567,5,2,13.883127620825434,6,0.9618532397547259,0,0.0,0
4538,19.564731772188313,2,4,10.94817051587375,2,0.999882883262952,0,0.0,0
4539,46.79584641177711,3,3,9.181849440193352,7,1.000721398968309,0,0.0,0
4540,21.003565468780497,3,3,4.483507448008433,1,0.7427013253754908,0,0.0,0
4541,45.462324721444695,4,1,9.968208491789577,6,0.7391783316556365,0,0.0,0
4542,45.31469073141976,2,4,20.005291506179738,7,0.9994126114617234,0,0.0,0
4543,49.59031907014364,3,5,15.577211483957994,5,0.5383152056086453,0,0.0,0
4544,21.439242193122038,3,6,11.653474839865652,2,0.6346665190388958,0,0.0,0
4545,31.863832296561448,3,3,2.923611069681284,0,0.9996742901896005,0,0.0,0
4546,42.43475554507078,3,1,26.52310420608709,6,0.5072639733207279,0,0.0,0
4547,27.753193283290997,3,2,17.869431668475542,5,0.5575150521972738,0,0.0,0
4548,52.46007772472703,3,3,19.999022484244264,5,0.40787358428176573,0,0.0,0
4549,61.09103374316997,3,4,5.891477092237509,7,1.0810966174341439,0,0.0,0
4550,50.23441960137737,4,4,19.9946985188133,1,1.0002121357013363,0,0.0,0
4551,58.67441979089993,2,3,7.766965741841471,5,0.49677658341816133,0,0.0,0
4552,36.06912763345278,4,3,13.954480878465397,3,0.23324388387519457,0,0.0,0
4553,40.695271091891804,1,4,11.175918431774724,7,1.0001396543697776,0,0.0,0
4554,51.454726652772536,6,1,2.126572429169048,3,0.5019839761917626,0,0.0,0
4555,33.66016195175612,2,5,0.8164089634033154,1,0.29322326465826126,0,0.0,0
4556,52.44353784850604,4,4,12.455606487274071,7,1.0001477613325849,0,0.0,0
4557,33.503539802861724,1,2,12.84709272536734,7,0.531792229272897,0,0.0,0
4558,59.57815702519436,0,6,9.559463914941961,6,0.6254555465290527,0,0.0,0
4559,51.109817269061836,3,3,17.94716856845105,1,0.9999872142027398,0,0.0,0
4560,29.198947967849733,3,6,8.376753566916271,1,0.4957888138412865,0,0.0,0
4561,37.925563618628225,3,5,10.83336412988607,4,1.000054195430231,0,0.0,0
4562,40.04941861587454,3,3,17.200810675351544,3,0.5645389462200104,0,0.0,0
4563,40.49591986982627,3,2,11.276309593680953,7,0.9997724811592332,0,0.0,0
4564,32.0620639215076,2,6,5.805114701251567,3,0.9997539505265218,0,0.0,0
4565,30.99659724730386,4,5,13.983448458638579,7,0.0842384262190925,0,0.0,0
4566,27.50555323844064,2,6,18.9317990706555,0,0.2795610627958549,0,0.0,0
4567,48.545198340775386,4,5,20.00307314394536,1,0.5525829328653571,0,0.0,0
4568,62.8052863554731,3,4,20.000241945760905,1,0.6274414154280182,0,0.0,0
4569,28.39637470422528,2,4,5.369358495566817,1,0.48910230662143633,0,0.0,0
4570,45.296933173506105,3,1,19.99333092520267,3,1.0543888022288304,0,0.0,0
4571,56.81735344332129,5,3,5.4802687717980945,3,1.0001307640811843,0,0.0,0
4572,25.872797224704104,3,3,13.847073922218431,7,1.0001078098747738,0,0.0,0
4573,78.48967144743801,3,3,3.7592031221871407,7,1.000009317032017,0,0.0,0
4574,48.36997095193723,3,3,6.356606340793877,7,0.3904426695862347,0,0.0,0
4575,51.445413335733654,3,4,19.99806116463503,1,0.8368847254765333,0,0.0,0
4576,42.752645714246285,2,3,14.294761107345762,2,0.7281799656815979,0,0.0,0
4577,34.136585710455236,4,1,12.187966931093063,7,0.9994528039640648,0,0.0,0
4578,50.0286078274717,5,4,2.8158295080718965,4,0.6996971510771183,0,0.0,0
4579,44.058373712481746,1,2,3.671439692133027,6,0.12041005035220276,0,0.0,0
4580,44.216267019208324,3,3,19.987493626688963,6,0.6979261458938739,0,0.0,0
4581,58.19795008558385,3,6,8.351124084586404,1,0.2848915652200047,0,0.0,0
4582,56.75505189235763,2,1,12.768024719112496,2,0.503079773249511,0,0.0,0
4583,44.02091640135684,4,2,8.266852565855672,2,0.18635033657401434,0,0.0,0
4584,20.442190107666953,2,3,0.0,2,0.9999067852393801,0,0.0,0
4585,25.63079237519379,0,1,12.518375635303896,0,0.4241398650389991,0,0.0,0
4586,53.33226376014648,2,4,20.003186405512288,1,1.0003780319529239,0,0.0,0
4587,48.435608391715704,3,6,12.68884294282598,0,0.46074386690150293,0,0.0,0
4588,30.261398072738515,4,1,19.99957799086014,1,1.0001143271056658,0,0.0,0
4589,54.826031270363046,3,6,2.876955149961004,4,0.783644242319549,0,0.0,0
4590,45.960160742309505,3,1,19.003181532375514,7,0.9998393608719096,0,0.0,0
4591,45.107035690015834,4,5,8.309276138139792,1,0.9518339414789334,0,0.0,0
4592,34.20163915163955,4,1,8.876850010405263,2,0.3012601938860585,0,0.0,0
4593,62.29087345502616,3,1,17.156718748892324,2,0.9997426077121078,0,0.0,0
4594,30.07420477581635,1,5,13.490257431698856,3,0.9854494004204115,0,0.0,0
4595,29.05907096214112,2,3,20.002296232722728,1,0.2910373582509243,0,0.0,0
4596,43.497594221204054,3,2,3.9736639724723393,5,0.9714670955443079,0,0.0,0
4597,29.668655966164806,5,4,0.3345078013377307,4,0.00875400792870551,0,0.0,0
4598,62.510274691846845,3,3,2.796840044375408,5,0.32190644602481494,0,0.0,0
4599,44.37133987722054,2,6,18.210852989894896,7,1.0000105317705228,1,260.4345830589876,1
4600,70.55425748020953,2,3,15.922332753990814,7,0.9835726311930209,0,0.0,0
4601,41.22169306070036,3,1,9.009851442954908,1,0.5001224568285039,0,0.0,0
4602,37.09857756795147,4,3,12.293947796672835,7,0.6445761480525536,0,0.0,0
4603,35.58858527406191,1,5,1.9165127249054663,7,1.000297990805575,0,0.0,0
4604,40.32690055484077,3,6,8.683433801480032,6,0.08643965617500293,0,0.0,0
4605,25.371631066319132,4,3,15.554665046377787,2,0.6117415092235314,0,0.0,0
4606,39.10852253008785,3,2,11.082882796040844,7,1.0002720174012123,0,0.0,0
4607,26.76741441506519,3,6,16.46008190515279,6,0.9133494706325869,0,0.0,0
4608,29.267916359345797,3,1,14.37947356680531,4,0.18096526783916,0,0.0,0
4609,59.21482823941879,5,6,0.19821721925680436,1,0.40870770532135153,0,0.0,0
4610,58.42617414863837,3,3,15.938923891664693,2,0.9998754111508922,0,0.0,0
4611,66.10757783054756,5,2,13.061057577772795,7,0.78890924431759,0,0.0,0
4612,58.91086520946667,4,2,6.444336046617756,5,1.0000228810029155,0,0.0,0
4613,25.368998723452005,4,6,19.02689895131682,2,0.31814569086554834,0,0.0,0
4614,33.11832693611715,2,4,11.14125531827015,9,0.6371181182587927,0,0.0,0
4615,40.58569744144633,3,1,14.443702379921055,1,0.199112532430539,0,0.0,0
4616,73.25135722407046,4,4,20.007939239307092,7,0.9998267277937349,0,0.0,0
4617,31.332894340451773,5,6,2.350546882590555,1,1.0144631557844923,0,0.0,0
4618,42.81680502121127,4,2,2.566004679473375,6,0.6694217170231014,0,0.0,0
4619,18.819528376652755,5,3,8.429800626401807,3,0.4749596183113909,0,0.0,0
4620,53.11034333577994,4,3,7.38060509284964,8,0.33367232002745084,0,0.0,0
4621,53.53042463343111,4,1,16.780493225316107,3,0.42738799461154714,0,0.0,0
4622,41.37583945459426,3,2,14.299057331811806,2,0.9997518990027197,0,0.0,0
4623,49.674097279422305,1,3,2.612302668292088,7,1.0004651684816226,0,0.0,0
4624,42.52754875807422,0,3,16.229428928295725,7,0.9998326667594797,0,0.0,0
4625,48.55477211813866,3,6,11.023894990415922,3,0.7978509681206131,0,0.0,0
4626,54.33972457652199,4,1,14.324779544979533,2,0.5758497284275947,0,0.0,0
4627,26.026672867672055,3,4,7.522973807050251,5,0.9997163220441752,0,0.0,0
4628,45.43078163687954,4,6,14.318829335859482,1,0.9507418636375689,0,0.0,0
4629,54.79124242275276,1,1,5.590877533088747,7,0.9530416082598604,0,0.0,0
4630,53.10942423337234,1,6,14.736686540450421,3,0.3550533984102075,0,0.0,0
4631,22.428243190994408,3,4,8.595563121241325,1,0.9531695519307928,0,0.0,0
4632,28.003019290507968,3,3,7.811178951721059,7,0.9994526383842489,0,0.0,0
4633,22.04189543931244,4,1,14.491069662370814,4,0.5033866476744406,0,0.0,0
4634,59.18547050723329,4,3,11.060055457214817,7,1.0328830377903868,1,2698.6937418692573,1
4635,45.481415381936635,3,1,10.393357984893271,7,0.9696010199141227,0,0.0,0
4636,39.573373021624285,3,2,6.406903266110761,7,1.0000320706782406,0,0.0,0
4637,35.46164667055178,2,3,18.144305776086195,7,0.999240774106632,0,0.0,0
4638,41.31093647863693,2,3,13.363817088362683,7,0.5754059603838589,0,0.0,0
4639,42.41246816500673,2,3,20.38286868809617,2,1.0001377570622538,0,0.0,0
4640,56.68993318895008,3,4,18.287428539496343,4,0.9781911610749012,0,0.0,0
4641,39.52498661870596,3,6,2.3428597121041737,1,0.24339475670771593,0,0.0,0
4642,30.147203705715988,2,6,11.600500421741419,7,0.9996534314661774,0,0.0,0
4643,57.62976528998067,1,5,0.0,7,0.9996452155642781,0,0.0,0
4644,68.83553070811297,2,1,12.840089623972865,7,0.7727440133552202,0,0.0,0
4645,12.821912410762074,4,4,11.333547409091716,1,0.9938260600870531,0,0.0,0
4646,46.7557096087302,1,3,20.001270189952194,1,0.4092876497500354,0,0.0,0
4647,48.90193320829676,2,1,8.135616933961995,4,0.9112120322801517,0,0.0,0
4648,33.80911381181631,2,3,19.99721841198283,1,0.8209462276463478,0,0.0,0
4649,62.63550397011606,5,6,12.934658082243681,4,0.6391182839623387,0,0.0,0
4650,26.938298813843385,2,1,14.931522173155589,1,0.9782117533431454,0,0.0,0
4651,51.835504184439365,2,4,8.197350263788234,7,0.999936948726573,0,0.0,0
4652,28.912418714191816,3,6,7.6050675315132565,6,0.6761163766414983,0,0.0,0
4653,38.59572662802902,4,3,5.2266628538601445,2,0.9523988964839392,0,0.0,0
4654,22.643505041621005,5,2,7.948722412238675,5,0.3209476879324194,0,0.0,0
4655,54.06000989017349,1,4,16.038614074468214,0,0.0942255001072313,0,0.0,0
4656,61.43048795626807,4,6,15.821646340013526,7,0.999503829769965,0,0.0,0
4657,57.0601458610592,3,1,14.778071538332153,5,0.9643397610526704,0,0.0,0
4658,56.30251135230837,3,3,20.752885307962103,6,1.0004069864090555,0,0.0,0
4659,35.70168604836672,1,3,16.26400941928754,3,0.9998932621037255,0,0.0,0
4660,67.19159728445234,3,2,22.50731896451085,2,1.0002693485460443,0,0.0,0
4661,42.52020077047018,1,4,19.990226390136264,3,1.000398479176024,0,0.0,0
4662,36.0490513233461,5,5,7.093829785188793,1,1.1590561348391448,0,0.0,0
4663,39.77518742631132,3,6,5.461802685540636,1,0.5695398434959891,0,0.0,0
4664,21.79761096038333,4,6,16.76973841105775,5,0.5559390105845995,0,0.0,0
4665,25.268929377077836,4,1,13.221977634918748,5,0.6356115418390006,0,0.0,0
4666,23.90184278235193,3,4,7.993125047764425,1,0.39110639687652643,0,0.0,0
4667,58.17788733464509,3,1,14.559240250447695,7,1.0002211575259308,0,0.0,0
4668,37.700187366840936,0,3,16.669686500357262,7,0.9996967717555305,0,0.0,0
4669,46.83189829067725,2,3,8.654131354554853,2,1.0001160687496886,0,0.0,0
4670,33.3277170769603,3,2,0.1344658408971533,1,0.2941798352991676,0,0.0,0
4671,30.895457626382473,3,3,8.687402760971409,2,0.9994263372213295,0,0.0,0
4672,47.580386341333494,4,2,12.212400642447475,7,0.999822152690879,0,0.0,0
4673,48.6124132556602,3,2,10.209374832580394,6,1.0000839107459054,0,0.0,0
4674,34.69372719517373,3,2,18.588320653058556,6,0.9999542407660871,0,0.0,0
4675,54.17151459662189,3,3,11.440953629813514,2,1.0003490373109238,0,0.0,0
4676,50.02352624055851,4,1,17.15203917424052,3,0.9999581060970728,0,0.0,0
4677,60.82903119984937,4,6,19.998590277359447,1,1.0000545399343117,0,0.0,0
4678,66.84439809191936,3,4,1.8943470972269836,7,0.9676663217826436,0,0.0,0
4679,43.25452065062249,3,4,12.431711161981092,4,0.9652395086216656,0,0.0,0
4680,50.53401645473989,3,1,7.374674578410854,7,0.312276348475971,0,0.0,0
4681,54.90077182510756,4,6,16.057047592950237,7,0.8591109092568794,0,0.0,0
4682,36.58631258899433,4,1,4.1119510397944765,7,1.000016069260739,0,0.0,0
4683,44.384110425065096,2,1,20.000756307491876,3,0.48188450585466597,0,0.0,0
4684,34.69472516335636,3,3,6.252933106942655,1,0.3992254957289836,0,0.0,0
4685,42.84921594695042,3,6,4.072614391912841,1,0.04057427551221349,0,0.0,0
4686,36.47183564465431,3,1,17.528891848026113,1,0.9999191866190762,0,0.0,0
4687,33.55155278478318,2,8,0.0,7,0.9647112905284208,0,0.0,0
4688,66.47323810500471,7,5,8.168883200259032,1,0.19560556312465943,0,0.0,0
4689,4.038351402486342,3,3,9.382764987986443,3,0.9480068671706063,0,0.0,0
4690,56.32215868496638,2,3,16.74732957137706,7,1.0004998454316683,0,0.0,0
4691,26.46057203209422,2,1,9.204032870385145,2,0.062108393355179925,0,0.0,0
4692,26.95319739317027,4,6,16.824365467289887,7,0.9997588115927001,0,0.0,0
4693,73.13151647100747,4,3,11.058420993473863,2,0.9994496744683459,0,0.0,0
4694,68.05293693415103,3,5,18.166322667258317,2,0.8773069709748597,0,0.0,0
4695,47.228310311035116,4,6,6.061009768302827,6,0.24934747308062027,0,0.0,0
4696,33.440838207822516,4,6,16.812887976834837,2,0.6171082517731912,0,0.0,0
4697,28.185205243713398,1,4,10.379799354235313,5,0.27722760636190436,0,0.0,0
4698,22.372549423971066,2,3,19.993639232781533,1,0.6682163794231569,0,0.0,0
4699,54.886709742282974,4,3,10.321927137056152,0,0.49790250451066287,0,0.0,0
4700,46.29810586207057,0,1,21.704651907733965,3,0.5003119879599329,0,0.0,0
4701,55.29558924623596,3,3,16.936004899362846,1,0.9995370847871897,0,0.0,0
4702,62.96586522638522,0,3,19.99292789134922,7,0.9686641741441124,0,0.0,0
4703,41.642657924384615,2,2,17.63306023137425,7,0.9796125949350682,0,0.0,0
4704,38.74065436477477,3,2,17.555130920141565,7,1.0000696969174239,0,0.0,0
4705,33.46302000736837,3,5,5.601520124338743,2,0.4946668483106538,0,0.0,0
4706,27.88294646781066,4,3,11.774869781126437,5,0.12297530052659034,0,0.0,0
4707,56.22903990486025,4,6,8.958493426232344,0,0.37067423397593013,0,0.0,0
4708,40.05696912128003,4,5,13.479058135173611,4,0.9994192109298184,0,0.0,0
4709,18.777014263876577,3,2,20.003581443102945,1,1.0009195712117989,0,0.0,0
4710,47.73868124729047,4,4,10.02617601099147,6,0.602884031928984,0,0.0,0
4711,66.01454372892874,3,6,22.328346336225493,4,1.0002726058687124,0,0.0,0
4712,45.23951711878158,4,3,9.344883230968762,7,0.9994298834680954,0,0.0,0
4713,33.344495113067325,3,5,14.674583559627521,2,0.22969864331823137,0,0.0,0
4714,43.531115081022726,2,3,1.8671566229339938,7,1.0000731587541887,0,0.0,0
4715,54.233894351003094,4,2,12.69014429193381,2,0.027176628387415303,0,0.0,0
4716,26.44833877520217,3,6,7.498437194364747,7,0.2879752520859017,0,0.0,0
4717,53.52824731355,3,1,12.218405586715125,7,1.0001385348283771,0,0.0,0
4718,23.390676681631458,1,3,1.909383519370099,4,0.4506209503252877,1,21238.717649878337,1
4719,43.966622358273874,3,2,16.240607937748724,6,0.999992894241588,0,0.0,0
4720,55.08458019660357,3,6,22.649594675443055,1,0.94166696699549,0,0.0,0
4721,19.49917225811415,2,5,8.396385861619855,2,0.8839759827554139,1,3597.022417253047,1
4722,27.022722149230724,3,6,10.644750338035374,4,0.23171267598249956,0,0.0,0
4723,36.926319172307295,2,3,16.381973844742237,2,1.000363521376654,0,0.0,0
4724,32.036034124112504,2,5,3.654919668004241,2,0.50177272284249,0,0.0,0
4725,42.17116536915746,4,1,19.987534097720292,4,0.8332099492413118,0,0.0,0
4726,54.772376781889434,4,6,17.52134010025619,2,0.727510475589503,0,0.0,0
4727,43.9986711791273,2,1,20.00469616962083,1,0.0,0,0.0,0
4728,16.50381190542667,5,2,19.601267693192582,1,1.000438775753726,0,0.0,0
4729,9.318635784981367,6,4,7.314899259943142,8,0.0,0,0.0,0
4730,24.38183334591615,4,7,4.053934909796665,4,0.506895459663069,0,0.0,0
4731,24.030324762181067,2,4,18.013790366433593,3,0.029153776167740952,0,0.0,0
4732,34.84647635334414,2,3,11.745473871311418,7,0.9995361637418105,0,0.0,0
4733,46.771653946773625,4,3,0.9574358910763596,6,0.9995485359573588,0,0.0,0
4734,11.828326848632322,3,6,20.78611515195312,6,1.0788529539013971,0,0.0,0
4735,48.55928979824311,3,4,9.427829663938496,7,0.5579257223245582,0,0.0,0
4736,84.2438991356136,1,3,3.4417410162859365,7,0.5436157998520642,0,0.0,0
4737,23.17645639179142,3,4,12.387407486018663,4,0.0,0,0.0,0
4738,32.56290268048964,4,3,15.834006309884327,2,0.4089681891709032,0,0.0,0
4739,55.522678851032055,3,6,14.0106960322227,7,0.7285063613452917,0,0.0,0
4740,46.503622706186306,3,6,13.593102286831844,7,0.9999446403838462,0,0.0,0
4741,60.49389856730648,1,5,5.40608317729321,4,0.14254953294037365,0,0.0,0
4742,45.208144213878356,2,3,14.569626774823728,7,1.0001513827000363,0,0.0,0
4743,47.435374900338864,5,4,20.00413740849443,7,1.000547398654714,0,0.0,0
4744,54.4915373130066,3,3,20.003901499397422,1,0.23516974522876566,0,0.0,0
4745,51.442111535081175,3,1,13.23959015493572,7,0.9998653225241646,0,0.0,0
4746,48.02881842401082,2,6,13.696480778220188,3,0.4213819316968848,0,0.0,0
4747,37.550475046599786,1,6,16.7018957380779,6,0.7606289591665112,0,0.0,0
4748,41.942506631417224,2,6,8.321917099940853,1,0.9484782797456405,0,0.0,0
4749,61.84094547117144,3,4,20.00283118057508,7,1.152974261054807,0,0.0,0
4750,46.32093981992323,3,6,21.544887769754574,4,1.000259084400816,0,0.0,0
4751,51.92729008433722,5,3,10.381216176180201,3,1.0000598237022953,0,0.0,0
4752,46.42344661977543,4,4,13.84731544871453,6,0.3383226699713879,0,0.0,0
4753,40.874963457053866,3,4,20.008854051840643,7,0.7775811593638549,0,0.0,0
4754,28.429497811091263,3,3,6.249188398073238,4,0.5032891059084135,0,0.0,0
4755,76.16852863850787,4,3,0.47338744276912337,3,0.9996155247737131,0,0.0,0
4756,23.499671307084455,3,4,12.627147873532175,0,0.3200424629523127,0,0.0,0
4757,43.978312116701446,3,0,12.330214572823364,7,0.9819066563790837,0,0.0,0
4758,51.51278905563644,3,3,18.962336245497042,2,0.40994263830875916,0,0.0,0
4759,53.67268871682147,2,3,8.088430008544295,7,0.9995084800810123,0,0.0,0
4760,37.31820449376809,3,1,6.299222095693733,3,1.000205702526458,0,0.0,0
4761,44.72176261360653,6,6,16.43320504286888,7,0.9997730206496729,0,0.0,0
4762,33.811506993735506,3,1,4.730415064312441,5,0.6210712966257409,0,0.0,0
4763,35.26533358328675,2,1,13.880864286430175,7,0.9632759854080177,0,0.0,0
4764,38.24202261638315,4,3,11.650836547689048,6,1.0000183599779913,0,0.0,0
4765,41.57627535866019,2,5,16.069631880689524,2,0.678646950755406,0,0.0,0
4766,48.78572536288714,5,6,11.737480270309321,1,0.9433593092060475,0,0.0,0
4767,33.1827742083997,4,4,19.996744554110258,1,0.9998237392060689,0,0.0,0
4768,64.90451578360941,2,6,9.569539019922285,5,1.0001951969710556,0,0.0,0
4769,44.12782296309559,3,3,16.951873287292216,2,1.0000479121474024,0,0.0,0
4770,46.947355791604004,5,3,15.19631174635277,3,0.5029312616906363,0,0.0,0
4771,33.25439582003631,1,3,19.116041902212842,2,0.9999693904489699,0,0.0,0
4772,56.485343647481386,4,6,8.502510889918579,3,0.5686773934941832,0,0.0,0
4773,27.613632444047823,3,3,2.696875286825689,1,0.500302811526635,0,0.0,0
4774,43.9555258665375,4,2,0.0,7,0.7924837316464509,0,0.0,0
4775,52.846685313003654,3,6,5.901503481978788,7,0.25235026358943696,0,0.0,0
4776,39.80784177617339,2,3,12.456162961309634,6,1.0005287322089313,0,0.0,0
4777,25.19444889604298,3,2,12.438623681842719,3,0.5808687692895199,0,0.0,0
4778,46.34404861346763,5,3,13.079739079622634,1,0.5006284618144686,0,0.0,0
4779,37.580498000537816,3,3,17.241409866564922,2,0.9998187054532159,0,0.0,0
4780,44.92889412904273,2,1,24.924027723112026,7,1.0009472480951553,0,0.0,0
4781,57.106788082011654,2,6,21.00029503031243,7,0.42183704669085564,0,0.0,0
4782,46.59741582627529,4,5,11.663185935435486,5,0.5023415857557961,0,0.0,0
4783,38.052146241310865,4,1,19.50250175215061,4,0.6941720532678699,0,0.0,0
4784,50.45417130469198,4,5,16.26196891067644,3,1.0002458537996355,0,0.0,0
4785,27.904802342916746,5,6,14.763233375565047,1,0.6201216951827063,0,0.0,0
4786,30.310712818071693,3,5,0.7431239804885603,7,0.9707912345014029,1,4314.087282987317,1
4787,49.06690427320183,2,3,23.80317513199335,2,1.0003313198572772,0,0.0,0
4788,50.563883952788586,2,1,0.0,6,0.9997513796141284,0,0.0,0
4789,45.87838398902962,5,6,19.79367354127495,5,0.7874842039567724,0,0.0,0
4790,31.113398298135223,6,1,4.251105350288986,0,0.0337256582080957,0,0.0,0
4791,54.83091540807155,4,1,3.3997630717038385,0,0.31181820129531124,0,0.0,0
4792,29.630653684460356,2,6,3.8030706220430437,2,0.0,0,0.0,0
4793,66.29763434107034,3,1,11.317216691064104,7,0.9998378775785783,0,0.0,0
4794,62.262507705556494,0,1,13.794010840895503,7,0.24477049846695792,0,0.0,0
4795,30.611820110000824,3,1,22.87748537197809,7,0.2377817619082403,0,0.0,0
4796,27.311455132499187,4,0,6.577015499800024,1,0.8261531372139423,0,0.0,0
4797,52.00699061045543,3,4,13.310562568661823,4,1.0359623026425773,0,0.0,0
4798,43.71130164359934,2,4,21.575551805887812,7,0.9595155123316615,0,0.0,0
4799,59.087832918069495,2,3,4.274292280825449,1,0.7848795106193384,0,0.0,0
4800,45.293024554021045,1,4,14.859786865579837,7,0.9998856209949494,0,0.0,0
4801,14.183977532961467,1,2,6.100858747290011,7,1.0003096879367075,0,0.0,0
4802,59.8137337445448,3,4,20.006739565309417,2,1.0002169298772339,0,0.0,0
4803,20.698809225196165,4,6,24.08074882940148,0,0.4907435521977735,0,0.0,0
4804,25.72025066435801,0,5,4.187798224802437,3,0.5574127240427471,1,3750.9325393798895,1
4805,28.244260142100757,5,3,5.02272104497412,6,0.7307549245941474,0,0.0,0
4806,44.891470459296464,2,2,9.73908934176341,3,0.0,0,0.0,0
4807,43.39446697453455,3,5,16.51306661105142,1,0.8165785591031628,0,0.0,0
4808,48.74705873914534,3,1,15.262431348601027,7,1.0003183607588244,0,0.0,0
4809,32.249876635698286,4,3,12.437364812288669,1,1.000293076425886,0,0.0,0
4810,38.06605308431547,3,3,8.476644821916816,6,0.11599099659799494,0,0.0,0
4811,49.27793784833168,2,3,17.33474090419809,3,0.4981516245332338,0,0.0,0
4812,50.35308684564317,2,3,21.97001823148932,7,0.39977314388752666,0,0.0,0
4813,37.67593939581114,3,4,20.00211607918652,1,0.8327695165073306,0,0.0,0
4814,23.074316362272103,2,3,3.184451371777742,4,0.30649545121715,0,0.0,0
4815,40.72092727944977,3,4,7.011954156439349,7,0.328125761430782,0,0.0,0
4816,38.14136191259138,4,7,17.024643408718372,7,1.000116730750543,0,0.0,0
4817,53.98501735672166,3,6,17.18850850544221,4,0.48325757992217777,0,0.0,0
4818,48.91148781684286,4,3,9.930727342660477,6,0.8384367894192108,0,0.0,0
4819,14.970881554058444,2,5,18.769095472664812,2,0.9804574297819051,0,0.0,0
4820,37.54261770079461,3,4,12.327686348654726,1,0.9998203020955742,0,0.0,0
4821,30.58698173384593,2,6,10.340541545665587,5,0.08203519336876652,0,0.0,0
4822,28.835981159364437,3,3,8.477077808947367,4,0.9996276207521632,0,0.0,0
4823,42.66353995882305,4,2,16.139355098766174,5,0.21707794289074644,0,0.0,0
4824,41.37687756526304,4,5,14.592228887716644,4,1.0002257765754674,0,0.0,0
4825,46.66234571951178,3,7,15.87772983099368,5,1.0025863157709145,0,0.0,0
4826,61.70892431694732,4,3,18.597563366010846,3,1.00013014330101,0,0.0,0
4827,27.504756345145495,4,6,7.798819330993557,1,1.0837512660619706,0,0.0,0
4828,76.67351243820076,4,4,20.00255627370585,1,0.06084240987155165,0,0.0,0
4829,53.30645994057967,5,2,12.910031787192047,7,1.000156447480288,0,0.0,0
4830,43.00508488279206,3,4,13.524765081953893,6,0.3334058117673747,0,0.0,0
4831,28.561097738544717,3,1,10.738441427427194,4,0.0,0,0.0,0
4832,31.384139675832216,3,3,0.0,3,0.5032443854495336,0,0.0,0
4833,50.364984042635655,3,4,8.863437492128053,2,0.7413701954797639,0,0.0,0
4834,53.25126643678161,2,4,8.626805789863427,1,1.0092310501505677,0,0.0,0
4835,59.16741264502116,2,6,14.422318502122964,6,0.3078946878570893,0,0.0,0
4836,56.21617289243696,4,3,0.4796356620565678,4,0.9997054270265189,0,0.0,0
4837,10.024148358762737,4,1,3.3527961883838495,1,0.35227253591911106,0,0.0,0
4838,49.53156533517946,4,5,21.111664213571437,7,1.0002027406052565,0,0.0,0
4839,62.18250296556863,4,6,10.470163597880273,7,0.14359255191951192,0,0.0,0
4840,59.665038120380665,2,1,21.972939792228885,3,0.49947495423062727,0,0.0,0
4841,74.27365495046618,3,4,20.008392540197235,1,0.6929577562481283,0,0.0,0
4842,42.53577038323709,4,1,14.158613068971716,4,0.4980553702518127,0,0.0,0
4843,40.89488232684648,2,1,2.110531774312328,3,0.49765333743419576,0,0.0,0
4844,41.04939669536257,3,6,7.010271857254935,6,0.8444637687192771,0,0.0,0
4845,34.8434364437378,3,3,5.705774980347546,3,0.8333819026947804,0,0.0,0
4846,48.07098697968442,3,4,0.0,0,0.5815526519692814,0,0.0,0
4847,18.074195326453832,3,3,5.561478346386056,5,0.9416008362442916,0,0.0,0
4848,62.367534316277215,3,4,20.00373249501059,1,1.0003779126452845,0,0.0,0
4849,14.702890478545061,1,1,6.933813217824246,4,0.13196573017126223,0,0.0,0
4850,62.23821799143562,3,1,0.0,5,0.9601917892448963,0,0.0,0
4851,57.955772111002304,3,4,15.959402573362976,7,1.006775947771944,0,0.0,0
4852,44.48699422134509,4,5,16.80670125757178,1,0.4298351752385665,0,0.0,0
4853,21.660514828089703,3,7,9.107741555676961,1,0.39101276665250434,0,0.0,0
4854,19.21275798095359,3,3,2.890814904736702,1,0.7437454583323084,0,0.0,0
4855,27.215488634769677,1,1,3.6910641068173593,7,0.5072951926156449,0,0.0,0
4856,35.21697011650287,3,6,13.188036920620224,7,0.9997809503795674,0,0.0,0
4857,45.05024516263496,4,2,12.473616330932431,7,0.9997527665283492,0,0.0,0
4858,23.12056326181918,3,6,11.540002636971312,1,0.9621225649310272,0,0.0,0
4859,23.747036295074686,2,6,7.26263957472532,4,0.10436817242527996,0,0.0,0
4860,66.12669327639642,3,5,19.101391947053536,6,0.5004325563281342,0,0.0,0
4861,18.51073044770227,3,2,0.45726188167130566,7,0.9990243414088098,0,0.0,0
4862,25.31000653611373,2,2,3.9777883903839655,3,0.40211697797233614,0,0.0,0
4863,44.35803869226439,3,1,13.667354753796914,7,1.000154290404917,0,0.0,0
4864,49.21958882992129,3,3,4.669117237103781,3,1.0002546570354398,0,0.0,0
4865,62.995082598905945,2,5,5.343341184018957,1,0.1919527385152202,0,0.0,0
4866,73.51194202340751,4,3,4.92974698080919,4,1.0124231690144783,0,0.0,0
4867,29.58656707052495,3,5,15.079419290714064,1,0.3451984768887316,0,0.0,0
4868,35.64002917389979,3,7,9.343904454930996,8,0.5065507868484161,0,0.0,0
4869,42.98973407885533,3,4,15.943728002430534,1,0.10771668393957679,0,0.0,0
4870,47.88460161320319,4,2,16.08745543153317,7,0.9996731407416752,0,0.0,0
4871,52.16845594377496,3,3,10.234312570859775,3,0.9997751040216776,0,0.0,0
4872,28.756176550388357,2,3,3.3464512695395836,1,0.38509261539463663,0,0.0,0
4873,27.937665214292288,3,5,11.696782651302886,6,0.4040896227089074,0,0.0,0
4874,37.55358678193334,3,5,14.802961072427365,6,0.28906848021609927,0,0.0,0
4875,25.12081822286257,3,6,17.929530267763162,4,0.9999820834131059,0,0.0,0
4876,57.891059287712295,4,3,10.185401592320714,7,1.0002095792840628,0,0.0,0
4877,10.013313419130775,3,1,1.7254306562545647,2,0.6627459268655186,0,0.0,0
4878,65.27368517409764,4,6,4.178952994637533,6,0.3076792252132035,0,0.0,0
4879,39.53754417195328,3,2,7.581483712913261,5,0.2239528097685889,0,0.0,0
4880,46.00616860947952,3,2,6.024175858205682,3,0.39878797788623316,0,0.0,0
4881,37.323143503582656,5,2,16.29418515168031,7,0.9996941387737717,0,0.0,0
4882,55.33377115333439,3,2,20.001696709099665,1,0.999623173725389,0,0.0,0
4883,36.43139560785975,6,6,16.88174671753311,7,0.14377114362565924,0,0.0,0
4884,24.20919916111191,1,5,23.812530412284218,0,0.9912120299850917,0,0.0,0
4885,50.58272525808253,1,1,11.038977660617775,7,0.9996999926127488,0,0.0,0
4886,34.27327946603957,2,3,7.903706188619074,7,1.0007195484687366,0,0.0,0
4887,31.840261343574312,2,2,2.2493117855470857,7,1.0006115045046275,0,0.0,0
4888,21.575951456057354,4,6,10.306869772828229,3,0.21867466518005196,0,0.0,0
4889,45.89718258521268,3,2,13.648298604601866,6,1.0002693415437824,0,0.0,0
4890,48.48959468998142,3,2,11.426536384657906,1,0.2240819538311789,0,0.0,0
4891,27.375701075224306,2,3,22.59791638868554,2,0.9999936533806203,0,0.0,0
4892,31.451263434095033,3,2,16.631796118415217,7,1.0007842985699609,0,0.0,0
4893,29.3806202358979,1,3,4.672159313346094,2,0.9543141173431599,0,0.0,0
4894,18.315328627428915,0,1,11.289618568265018,7,0.7044266032451642,0,0.0,0
4895,40.394522060389924,4,1,3.682856609520229,2,0.0,0,0.0,0
4896,31.532892601984738,3,0,12.780918822452396,5,0.9998029947565621,0,0.0,0
4897,56.36678275622742,3,6,18.77134010402603,3,1.0006621502099047,0,0.0,0
4898,46.732636778333244,5,5,14.401126074575586,1,1.0898156363106954,0,0.0,0
4899,24.36649539971637,3,2,0.0,2,0.002651277896640436,0,0.0,0
4900,27.780672902525275,1,6,5.6520825836694595,6,0.778398272389907,0,0.0,0
4901,30.117229538891287,1,4,19.999992632385037,1,0.5240848165946428,0,0.0,0
4902,44.663232608706494,4,3,13.682054749493702,1,0.9559799874289446,0,0.0,0
4903,52.153034972863296,3,3,11.711375996262843,2,0.9201970535522799,0,0.0,0
4904,43.75758256627153,3,3,5.024490695011038,7,0.9996196727912865,0,0.0,0
4905,24.507057190827332,2,4,20.005561678950382,1,0.9999720599895836,0,0.0,0
4906,22.414412889271787,3,3,14.578542134969501,1,1.0004155955003637,0,0.0,0
4907,21.43794200319395,2,1,17.3372664038097,7,0.45582355515533546,0,0.0,0
4908,47.406470539718505,4,5,1.734108285915413,0,1.000705983251766,0,0.0,0
4909,23.81358662760172,3,2,14.749459553636282,1,0.6229304476611299,1,23403.217926287718,1
4910,52.04227569361352,3,1,13.847287865310768,5,1.000274396020952,0,0.0,0
4911,38.40150065554223,3,2,16.20980580751318,1,0.9998056792339446,0,0.0,0
4912,51.7122094969773,0,1,4.404396892123579,7,0.29155367853490294,0,0.0,0
4913,45.19519202888767,2,3,20.001933442357135,1,1.0004344281666564,0,0.0,0
4914,56.41812401805734,2,4,20.000260821502906,5,0.9989648776771104,0,0.0,0
4915,45.667395615022905,2,6,20.112800627483153,3,0.9999098059381161,0,0.0,0
4916,36.49666072326989,3,4,4.884376165606229,1,0.221061721484331,0,0.0,0
4917,40.57276698780332,3,2,0.0,7,0.5445342003208551,0,0.0,0
4918,63.194043475179285,3,6,18.009915798538984,7,0.5784248483948685,0,0.0,0
4919,57.824907142335135,6,3,0.2534923166403562,1,0.4345498490249274,0,0.0,0
4920,33.502810898854115,2,3,0.4135195957660258,3,0.7713707953619738,0,0.0,0
4921,30.918523967907284,5,4,16.68552991043909,1,0.9250422541869502,0,0.0,0
4922,36.247329059372795,0,6,8.654439055059248,7,0.9998339107140022,0,0.0,0
4923,46.58899639983497,4,3,13.482192267352039,3,0.36270915511471785,0,0.0,0
4924,23.931646473457132,0,3,6.5774698434429375,3,0.19281580784303481,0,0.0,0
4925,32.3859244830192,3,2,14.000258790347315,4,0.6781657863745387,0,0.0,0
4926,44.92776634719851,3,6,12.302988475717653,2,0.676124374570477,0,0.0,0
4927,58.32922617629851,3,1,26.759631643094565,7,0.9998781189174941,0,0.0,0
4928,42.82928592320426,3,3,8.561250405500099,7,1.0005859717085532,0,0.0,0
4929,41.840019392825454,3,6,11.732944249082566,7,1.0000154423058085,0,0.0,0
4930,42.98924488700017,2,3,10.913956241968028,0,0.9578990989818378,0,0.0,0
4931,51.00507282847682,2,2,14.261448156186898,7,0.999812605161015,0,0.0,0
4932,54.6534013368882,5,6,2.664601054991156,7,0.6017231775010526,0,0.0,0
4933,60.18516251932733,3,3,10.340257793174334,4,0.999963414971296,0,0.0,0
4934,36.232983867104714,1,1,20.007649513747605,1,0.0,0,0.0,0
4935,36.64164482021159,1,4,22.541509887917343,1,0.0006315859679389968,0,0.0,0
4936,26.642077113166543,3,6,10.557028339319794,6,0.4352281649460041,0,0.0,0
4937,53.00031440752426,2,4,23.182192147067354,5,0.9671296955170385,0,0.0,0
4938,49.491875484126915,2,4,19.81513224593956,4,0.611685987551874,0,0.0,0
4939,25.81053918148992,3,6,6.100076198565421,4,0.5602840335892756,0,0.0,0
4940,48.258484800316445,2,3,1.608109181161904,6,0.999976069087932,0,0.0,0
4941,23.747477647815305,3,6,24.025186075084495,7,0.9015061440476391,0,0.0,0
4942,42.25203333988815,6,5,11.67764150967685,7,0.5556905438519121,0,0.0,0
4943,45.81424572348462,3,2,15.43060863148161,1,0.999582923751386,0,0.0,0
4944,28.838777824067527,3,6,7.367726570519902,4,0.3611387816361053,0,0.0,0
4945,42.56116506338249,3,1,18.55575239489031,1,1.0001208697536417,0,0.0,0
4946,27.272723707054666,4,6,14.367669780328763,3,0.3723273810563248,0,0.0,0
4947,40.40398847967635,3,1,6.73795391818311,4,0.5017241805240434,0,0.0,0
4948,53.26700473739427,2,6,15.6655937977301,7,0.4850836635502134,0,0.0,0
4949,49.052262610900755,1,1,9.117294140630186,7,0.9997999141869129,0,0.0,0
4950,31.59475104070485,3,6,12.558186400512668,7,0.5433434020880454,0,0.0,0
4951,50.90172409530754,1,4,17.116998198927572,4,0.4484948796877639,0,0.0,0
4952,37.38957994205241,3,4,17.8759634541549,2,0.9995144985401194,0,0.0,0
4953,31.95266411050897,2,1,8.60481685103413,3,0.9999692840879653,0,0.0,0
4954,25.84702229791124,4,1,12.140191694923738,1,1.052212619414194,0,0.0,0
4955,35.14499376712014,3,1,19.996408615509893,4,1.0243104967035466,0,0.0,0
4956,48.03714200751046,4,6,3.4513098846980057,3,0.5643315651253134,0,0.0,0
4957,47.481573998377016,2,5,16.459546376756315,4,0.3856868305019082,0,0.0,0
4958,25.50763425838175,3,2,5.64654223313729,5,0.5781831922418293,0,0.0,0
4959,37.033956384937674,1,3,0.0,2,0.5003897453885321,0,0.0,0
4960,53.541780026106586,1,3,8.253953363994805,2,0.9512552928578253,0,0.0,0
4961,51.70176340297021,3,1,16.782705706613235,1,0.534035825049864,0,0.0,0
4962,33.477876688937435,3,2,1.8022845644682732,5,1.0002937059041104,0,0.0,0
4963,48.37093951203939,1,6,9.609197214028113,4,0.9997862890587106,0,0.0,0
4964,47.029564358161096,2,3,14.738103378308592,3,0.9998524539356062,0,0.0,0
4965,33.92738540362179,3,4,7.7275727507009675,2,0.3090492248267521,0,0.0,0
4966,47.249970806415234,2,3,0.0,2,0.5346129320673709,0,0.0,0
4967,48.90305793759153,3,1,13.490287166179879,4,1.0000744288417909,0,0.0,0
4968,50.76650989199564,1,1,4.683367246997145,3,0.21988068802285737,0,0.0,0
4969,28.097190331521873,2,1,2.87814563456989,2,0.4584624831615892,0,0.0,0
4970,26.229656619062673,2,1,1.072734221554743,0,0.1361725369075919,0,0.0,0
4971,51.55005642028189,3,6,13.01578864011609,1,0.988102113374935,0,0.0,0
4972,39.80624430759005,3,3,13.911730745678982,2,0.3760271697755768,0,0.0,0
4973,49.14554992847464,2,1,5.883373534618138,7,0.8945578200497084,0,0.0,0
4974,40.061188363443684,3,1,23.454248252574747,5,0.5009084349891556,0,0.0,0
4975,31.17007237735637,2,6,13.040934979817216,1,1.0313265440602488,0,0.0,0
4976,16.201140881602562,2,4,10.122068405036533,2,0.5075196771662811,0,0.0,0
4977,51.356977981507654,4,1,9.199655122848217,3,1.0000671628950832,0,0.0,0
4978,26.83047683460967,1,1,2.6255846023992113,1,0.498143522549802,0,0.0,0
4979,46.58734394968271,2,3,2.8607393656218036,1,0.4150695011080715,0,0.0,0
4980,6.313878692806085,3,4,10.226660297788525,2,0.9998060745678743,0,0.0,0
4981,55.353574061618836,1,1,19.797373580258302,3,1.0001551765656584,0,0.0,0
4982,49.04889902663085,3,1,4.982833670675436,1,0.1845641362756033,0,0.0,0
4983,65.61009620956803,3,4,4.189961012942425,6,0.7678079486358117,0,0.0,0
4984,33.96007453840685,1,1,15.268766603974814,2,0.6013196452535147,0,0.0,0
4985,30.911318999567314,3,6,10.052445836275961,7,0.08678644658671608,0,0.0,0
4986,35.917460609303966,4,2,13.796184184718062,6,1.0235277863061572,0,0.0,0
4987,56.63654866224391,3,4,5.65395848597055,5,1.0003777163996292,0,0.0,0
4988,44.25234520233275,3,3,9.968699375091791,4,1.000044662526521,0,0.0,0
4989,53.63632975203744,4,2,6.999562681546526,7,1.000178625889153,0,0.0,0
4990,41.39528989754478,3,1,25.142330654890223,7,0.17060139625545245,0,0.0,0
4991,47.86675657194414,3,5,2.3872319843582233,6,0.5948739675824627,0,0.0,0
4992,33.71516419884889,1,6,5.883570696855584,6,0.3704377174806097,0,0.0,0
4993,26.217345248928645,4,5,6.829552041147603,1,0.9573623429143994,0,0.0,0
4994,53.895405520918075,3,4,13.017571070607621,7,0.5614116003497038,0,0.0,0
4995,59.907364764244015,3,1,10.571275663965839,7,0.999904174002878,0,0.0,0
4996,36.83433795583989,1,3,12.021673897104074,3,0.9124048202923877,0,0.0,0
4997,54.14131144220074,3,2,10.40185652544723,1,1.0834152899489564,0,0.0,0
4998,32.725984831226775,5,3,8.906052904552448,3,0.9606234164269403,0,0.0,0
4999,38.60964919404961,3,6,16.33283898058946,3,0.5883955546701367,0,0.0,0
5000,43.81900805883326,4,4,20.00002329699568,1,1.0000830639129508,0,0.0,0
5001,46.3186046115747,3,2,5.616338603112645,7,0.903591938749308,0,0.0,0
5002,53.50468606215166,1,6,0.9009013594288486,7,1.0002564380186088,0,0.0,0
5003,16.930172119220515,3,2,2.7113317474019176,1,0.1857457605739392,0,0.0,0
5004,33.893969895452635,2,1,11.288072105884888,7,1.0001195718493512,0,0.0,0
5005,44.94886705296447,4,6,16.84013671768694,6,0.5067981105479036,0,0.0,0
5006,22.035827731124197,3,4,11.562943290392438,6,0.9949101579896862,0,0.0,0
5007,36.37735540066506,3,3,11.636727855023599,7,0.8517303157806189,0,0.0,0
5008,55.8699481482155,3,1,14.10949201859199,7,0.9992795554302281,0,0.0,0
5009,23.931698453356887,3,2,3.87288479384077,4,0.4078917862566543,0,0.0,0
5010,60.20410120804763,1,1,0.0,7,0.19934713540797955,0,0.0,0
5011,37.17679653218651,2,1,19.99452927682652,4,0.0,0,0.0,0
5012,24.649339191766423,3,1,3.9334327517159613,4,1.0001445039219394,0,0.0,0
5013,56.514143120420655,3,4,21.334274808631136,7,0.955760335804867,0,0.0,0
5014,29.407973751538986,3,3,11.74832605664104,1,1.000081311593798,0,0.0,0
5015,49.20230297361164,1,2,19.997346855427892,1,0.9999770471697995,0,0.0,0
5016,41.925502864832104,3,1,9.153810279747187,7,0.9998943627561304,0,0.0,0
5017,53.27486478154319,3,6,16.823019535725315,3,0.09788588008806531,0,0.0,0
5018,36.6079260310284,3,6,19.75576717283966,7,0.9997864472470893,0,0.0,0
5019,78.32729110528196,3,4,20.002199246166448,1,0.90452296765356,0,0.0,0
5020,49.737300391844386,0,6,7.879417815626326,7,1.0000671558784504,0,0.0,0
5021,33.16184229290431,1,3,10.126950951186464,6,0.4754726151854911,0,0.0,0
5022,64.77563527739497,4,4,4.26289244349448,7,0.7946222234703181,0,0.0,0
5023,25.490646409074092,5,2,7.6062046481690775,2,0.06854340957443938,0,0.0,0
5024,41.29053513042966,4,5,14.562108098686647,2,0.5768272850732351,0,0.0,0
5025,63.4848357002718,5,6,24.53451514096217,7,0.9082955461349203,0,0.0,0
5026,53.17145334988861,2,4,21.816063268916817,1,0.9584239342980994,0,0.0,0
5027,29.06939588230311,3,6,11.150534243791217,3,0.7418412305820102,0,0.0,0
5028,29.838690098561955,3,1,2.365730550111982,7,0.9999843596577005,0,0.0,0
5029,53.43187675415556,3,4,19.997253705639068,1,0.6239747706080393,0,0.0,0
5030,42.95513316921688,6,2,13.941970215398728,3,0.9988105198611937,0,0.0,0
5031,32.38610116931946,4,4,23.26526445402151,2,1.0417001739325658,0,0.0,0
5032,45.583000915113736,2,5,15.82266801978535,2,1.1217576592518812,0,0.0,0
5033,51.671042722251656,2,2,15.013732329491107,4,0.48286379109538746,0,0.0,0
5034,45.596184114329915,4,6,15.228818049809433,2,0.24522370317889214,0,0.0,0
5035,56.13309643706138,6,1,16.000250291970858,7,1.000192640532298,0,0.0,0
5036,45.29879183193599,4,2,10.548259679556633,7,1.0005221130172497,0,0.0,0
5037,23.387866356583775,3,1,16.780035484627717,2,0.5654484620200504,1,5411.659722862437,1
5038,58.388025882389016,3,2,15.250364042263898,2,0.019904499691736688,0,0.0,0
5039,31.018241963598953,3,3,9.797623160149588,5,0.35604075443013616,0,0.0,0
5040,30.399953357797422,5,1,7.821149515636506,0,0.34941138723092713,0,0.0,0
5041,47.25990587876099,3,6,14.632273790168696,7,0.9231846288830102,0,0.0,0
5042,64.60104720672442,3,1,7.797715066084507,7,0.9999145033987334,0,0.0,0
5043,43.369911652490316,4,3,13.05393377320308,2,0.4979609582153363,0,0.0,0
5044,37.886616924806745,3,2,8.14200305549977,1,0.5852714553381981,0,0.0,0
5045,24.890583787210034,4,2,4.661851140425484,1,0.3154580287023544,0,0.0,0
5046,48.51604448912008,3,6,0.5121547363547219,3,0.23403363845785413,0,0.0,0
5047,23.07527496172291,3,6,11.882175421349597,3,0.6280118531531076,0,0.0,0
5048,66.8664450153098,1,1,0.0,3,0.6458944536785961,0,0.0,0
5049,65.0075873730396,4,3,9.383068135561834,7,0.9997066997244128,0,0.0,0
5050,45.61921871505891,4,1,19.994282905156645,0,0.6624100099936744,0,0.0,0
5051,66.08230265051273,5,3,13.828879963068344,6,1.000301670042658,0,0.0,0
5052,22.333742317592467,5,2,7.500527513759762,1,1.000037569639503,0,0.0,0
5053,46.30330407172023,6,3,1.713772612722023,1,0.0,0,0.0,0
5054,40.83085882165512,5,6,12.833346053025787,1,0.156976332025485,0,0.0,0
5055,42.58773755648407,3,3,6.96284963732923,3,0.9999351911561865,0,0.0,0
5056,37.062791338809035,2,6,15.240722022210726,6,0.5952614014712627,0,0.0,0
5057,53.484310208577114,4,1,0.0,5,0.9174193477582763,0,0.0,0
5058,58.07911313905774,1,6,16.144945682801207,5,0.0,0,0.0,0
5059,34.83807217547992,3,3,10.35746267262021,2,0.0,0,0.0,0
5060,38.108257588806396,5,2,21.714353499281025,7,0.35987723544816186,0,0.0,0
5061,26.27198270727627,5,6,1.1817078938087189,1,0.6264455937714706,0,0.0,0
5062,48.67289042320185,4,2,6.505832951065317,7,1.0000180542803743,0,0.0,0
5063,44.96819342055323,3,4,19.992730825861816,7,0.9994679786944953,0,0.0,0
5064,29.137644832615187,2,7,3.366956800559345,7,0.0,0,0.0,0
5065,25.279609831190207,3,4,20.010534433555453,1,0.256985476936289,0,0.0,0
5066,49.628597406061914,4,3,11.017411966895045,7,1.000163311124446,0,0.0,0
5067,43.309451896554286,1,1,10.3464766234131,7,0.4865677017362938,0,0.0,0
5068,58.66978522072882,2,3,6.868227192567826,1,0.981842305770535,0,0.0,0
5069,47.171481870523486,3,3,8.957858291721163,3,0.9508171532002484,0,0.0,0
5070,48.51972489583881,2,1,21.2709431010372,7,0.538612294756403,0,0.0,0
5071,37.29080923763648,3,5,17.807516116531012,2,0.49542959030814177,0,0.0,0
5072,23.50923825991999,1,1,16.220718506332474,5,1.0003974568837628,0,0.0,0
5073,68.83107468488451,3,1,19.67616836379552,7,0.9297069044075923,0,0.0,0
5074,41.330471019829005,3,4,20.005722368400363,1,1.0717316378058839,0,0.0,0
5075,44.89091158140337,3,5,16.39409152627212,2,0.9994560652068902,0,0.0,0
5076,56.440778619098744,3,2,10.3763488554397,3,0.13494449060164138,0,0.0,0
5077,29.60935288885046,5,3,16.087916152634254,7,0.9998616809690402,0,0.0,0
5078,47.50419496050042,3,6,5.681247131161581,2,0.5584119478354787,0,0.0,0
5079,64.58197571468696,2,3,18.714562033439517,4,0.49986421640224143,0,0.0,0
5080,29.914900912881407,1,3,6.545449511647509,6,0.12257344995229391,0,0.0,0
5081,19.24722756164623,2,4,10.664480857483166,1,0.9997106088264589,0,0.0,0
5082,54.967404919593626,3,3,19.997655895916907,5,1.0740477960262254,0,0.0,0
5083,51.58660253741391,4,2,9.801344988166235,5,0.4138636436399224,0,0.0,0
5084,21.61862567033409,2,4,20.018263195397445,1,0.1386525215900607,0,0.0,0
5085,45.047033145337785,4,6,6.555321318631661,6,0.0,0,0.0,0
5086,48.83333807387036,4,5,20.63129888893955,3,0.37405264356857854,0,0.0,0
5087,36.87721600501679,2,6,22.01061759088949,4,0.9999036788318967,0,0.0,0
5088,52.1477260234405,3,3,9.233264110151111,4,0.9212983464790904,0,0.0,0
5089,41.42235063116591,3,3,7.891659763548882,2,0.999852437572911,0,0.0,0
5090,30.835631223739306,3,2,9.374772729987782,1,1.000535316483676,0,0.0,0
5091,32.20455052340691,4,3,15.953817753395072,0,0.4754372031152637,0,0.0,0
5092,53.52276700149098,1,6,13.198068953630761,7,1.0003236173303738,0,0.0,0
5093,31.749254981481442,3,1,20.219417762869533,7,1.000054783496596,0,0.0,0
5094,23.321044236218953,4,6,0.0,7,0.9996343218764634,0,0.0,0
5095,48.06270256767541,2,6,9.47676832845756,7,1.000407627988209,0,0.0,0
5096,44.70035878032652,2,6,10.926264808358678,6,0.8914998416562374,0,0.0,0
5097,31.468802186853843,3,2,3.4221852191414452,5,0.9998624634955167,0,0.0,0
5098,81.48443518066557,2,3,0.06738203872725812,7,0.05120480601862332,0,0.0,0
5099,51.97610994270984,2,2,10.479706455524486,7,1.238130085416749,0,0.0,0
5100,43.27766737241431,0,3,9.235008989841907,5,0.5018264112976865,0,0.0,0
5101,38.50870064798607,4,1,18.198358622840402,2,0.4971774570679329,0,0.0,0
5102,53.829611873813015,2,6,5.40384993739945,7,0.9993383993633196,0,0.0,0
5103,27.408292339037118,1,2,16.547527360762913,6,0.32238818475319714,0,0.0,0
5104,22.93540576577312,0,2,10.957954084727197,4,0.31380508059744106,0,0.0,0
5105,35.58344445945518,4,2,19.636157619019876,6,1.0001206801109297,0,0.0,0
5106,37.60529067305072,5,1,4.679698431533975,7,0.19752448344958068,0,0.0,0
5107,47.540258271454306,2,3,14.527593479394744,2,0.9999420872131665,0,0.0,0
5108,50.78364786990274,1,3,11.841652390534158,6,0.9996309111762149,0,0.0,0
5109,44.16945684809735,4,5,4.251846412383508,4,0.331722639778511,0,0.0,0
5110,45.162695192937946,3,3,10.477578567284333,2,1.0002352427768857,0,0.0,0
5111,51.42012063131064,4,1,4.522503999967704,7,0.9999240409550001,0,0.0,0
5112,36.7878899549001,2,6,7.391254185031126,7,1.0002993019307902,0,0.0,0
5113,39.817892173551684,1,2,0.0,6,0.009023451178057806,0,0.0,0
5114,19.4241780942358,2,5,6.8765014981372685,3,0.0005385900283906286,0,0.0,0
5115,32.815384551546984,3,6,17.245808865040914,3,0.5642291655949306,0,0.0,0
5116,17.389274336221067,3,5,17.1450730827841,2,0.7007890838915009,0,0.0,0
5117,24.002396141616035,2,6,15.9236605187523,2,0.5212159565661916,0,0.0,0
5118,53.80321615412837,3,4,19.998341836884432,1,0.9999822964337945,0,0.0,0
5119,44.13828063348688,3,3,12.840827750624632,0,0.34661423831988636,0,0.0,0
5120,46.508784269203545,4,4,14.642265976665211,6,1.1778121839321014,0,0.0,0
5121,54.65560002632171,2,2,17.77563513922465,7,0.9995611407440806,0,0.0,0
5122,46.007104187962746,5,1,5.278923214568717,2,0.4053543860198758,0,0.0,0
5123,31.31978095665893,2,3,0.0,7,0.6377107419816069,0,0.0,0
5124,48.446394992410745,4,4,17.83075122038388,6,0.8238525731344181,0,0.0,0
5125,41.43187118120696,3,2,14.735653607479316,7,0.7591429882353249,0,0.0,0
5126,35.24349381508242,3,6,25.742088679463368,7,1.000039121440956,0,0.0,0
5127,46.850638367292696,3,3,12.322536733762908,7,1.000472943316539,0,0.0,0
5128,40.727753190493786,2,1,18.180762518645828,2,0.9999051910906418,0,0.0,0
5129,40.77052081796275,3,1,14.074522240128674,1,1.0001022156531805,0,0.0,0
5130,69.58054878163705,3,4,20.000469909798223,1,0.738857842048811,0,0.0,0
5131,59.97729575371801,5,6,17.746631693970546,2,0.595741760375198,0,0.0,0
5132,57.91847371591051,4,5,20.002993300493607,1,0.4778027654462963,0,0.0,0
5133,39.46455046398358,2,3,12.270482593119802,7,0.9999253472015758,0,0.0,0
5134,38.82749777926801,2,1,13.467415221523156,2,0.4936718841932265,0,0.0,0
5135,15.924453122621475,1,1,9.984964517362291,1,0.0,0,0.0,0
5136,45.54970040946671,3,1,7.992463746996767,2,0.49729731901618757,0,0.0,0
5137,41.4622977807341,5,1,12.674897965350757,3,0.9998851896782319,0,0.0,0
5138,42.064366811997274,2,7,4.875991650800707,1,0.4232818690226879,0,0.0,0
5139,33.36340229854268,3,5,21.89206372899961,7,0.9890148766832482,0,0.0,0
5140,44.90744592826766,2,3,7.97049520253068,3,0.9467361497728874,0,0.0,0
5141,56.653261309408265,3,3,5.851963121681291,4,0.29684926488146457,0,0.0,0
5142,47.20974449079648,1,6,9.763328582538438,1,0.11997189571766176,0,0.0,0
5143,52.00671768470675,5,3,9.397075374450242,2,1.0000350833420784,0,0.0,0
5144,40.468902535269734,5,1,0.30948270446705983,4,1.0001916232480887,0,0.0,0
5145,51.56063273900697,3,3,12.800017930601793,1,0.19935212214056192,0,0.0,0
5146,67.27159277431721,4,1,13.983028005265238,3,0.2720516052348478,0,0.0,0
5147,44.85217276126605,2,4,11.193800947213541,7,1.0001004797311284,0,0.0,0
5148,41.30252375503796,5,3,21.195621328358897,7,0.49862219733159585,0,0.0,0
5149,50.05742192415772,1,6,5.713674145181828,7,0.9998045296610605,0,0.0,0
5150,51.7798419920304,3,6,12.45969467537376,7,1.0002854746685446,0,0.0,0
5151,36.17991901516604,3,3,18.630338885190273,2,1.0001227776268165,0,0.0,0
5152,43.26096348293739,3,6,6.503416997009847,7,1.0006560434733234,0,0.0,0
5153,46.117026655976616,3,5,21.312367463702508,7,0.6789817749849848,0,0.0,0
5154,40.57220101834758,1,3,8.293270337385183,6,0.9998433861745419,0,0.0,0
5155,55.396083236086106,1,3,4.838917405566562,6,1.3118520224843566,0,0.0,0
5156,17.35744346576082,1,3,16.646965510520126,2,0.6879079560529963,0,0.0,0
5157,41.59073962634094,5,2,7.397500931271749,1,0.8657840767579945,0,0.0,0
5158,60.82862757371365,4,4,22.83070149279897,7,1.000394382233225,0,0.0,0
5159,42.4047775384418,1,3,12.558357161931873,3,1.0000604886329532,0,0.0,0
5160,50.36775596178151,3,2,0.0,7,0.9999240430672981,0,0.0,0
5161,31.353831206535645,2,1,0.33334981197986835,2,0.2533872819808712,0,0.0,0
5162,38.117122457547374,3,6,7.537534467580563,7,0.9993717930365753,0,0.0,0
5163,41.571904784507474,3,4,19.988906587886756,4,1.0003512168478572,0,0.0,0
5164,42.92256580705362,4,6,13.226345425781833,4,0.9997765180731555,0,0.0,0
5165,35.87794635107805,3,3,13.749826975355367,5,0.34119542189149027,0,0.0,0
5166,35.49323058729483,3,1,9.993100178389781,3,0.8945828567879669,0,0.0,0
5167,23.07656396509541,1,2,16.111077639108302,2,0.26225242542421207,0,0.0,0
5168,40.43923088099928,5,3,15.504623567905266,3,0.9998073994686647,0,0.0,0
5169,51.574452346367345,3,4,19.99240518895596,2,0.5003157541564431,0,0.0,0
5170,39.65721150487467,3,4,20.002629578070547,2,1.0003159578963292,0,0.0,0
5171,57.02741135361093,5,2,11.026929089643497,5,0.3246749246173223,0,0.0,0
5172,60.52200521787526,2,1,11.285495130448691,2,0.23617324795567346,0,0.0,0
5173,39.03100306597809,5,3,1.5927267779161625,5,0.28701863016033097,0,0.0,0
5174,30.740939019646767,2,1,11.949307025931653,0,0.9995506118905784,0,0.0,0
5175,44.293613853809376,3,3,13.391170043123777,7,1.0000215749163959,0,0.0,0
5176,26.52609746284115,3,4,19.995746582465628,1,1.0323584228119675,0,0.0,0
5177,35.70927467228407,2,3,3.800498111319537,0,0.7362269713472053,0,0.0,0
5178,36.81435853481036,4,6,16.508183030481543,7,1.0004240005970315,0,0.0,0
5179,40.33219862068867,2,2,5.20750460352562,7,0.8119429170221515,0,0.0,0
5180,48.68982023881985,3,3,3.7813611660473105,0,0.9729204462034965,0,0.0,0
5181,18.112424026907394,3,6,11.191501836783866,4,0.46062785083766605,0,0.0,0
5182,32.7383747863185,0,7,0.5654895310520747,6,0.0,0,0.0,0
5183,37.32291536513438,4,3,0.7922249454935564,2,1.0003504660742424,0,0.0,0
5184,26.30080829989052,2,2,3.530832408974586,2,0.37462106826009217,0,0.0,0
5185,45.207728347639,4,1,13.862682955938846,7,0.9998609367745207,0,0.0,0
5186,52.0236447516807,2,1,8.420276222967157,3,0.7534973827647027,0,0.0,0
5187,26.639630834061258,4,6,13.762966601893208,3,0.5653322675362815,0,0.0,0
5188,30.041334800078857,2,6,5.213337775265501,3,0.2196723507576771,0,0.0,0
5189,51.765339857732585,3,2,0.0,7,0.9401552569169058,0,0.0,0
5190,47.90523833914856,2,3,9.386046322297114,1,1.0002163692215906,0,0.0,0
5191,35.5808953361469,3,3,17.86419483567716,1,1.00056220212522,0,0.0,0
5192,33.12280377483512,4,1,13.094177643430758,7,0.9115296464232097,0,0.0,0
5193,57.72664882358133,3,1,13.609944928418523,4,0.9994594743791856,0,0.0,0
5194,76.09813301714797,2,3,17.575291818875755,4,0.4812517863203446,0,0.0,0
5195,42.01169487445758,1,3,8.593352779786496,7,0.437862002530217,0,0.0,0
5196,38.39730780384019,2,6,13.832218317018448,4,1.0002822083246494,0,0.0,0
5197,31.29553967762398,2,4,6.207651171207557,1,0.41255003637049864,0,0.0,0
5198,35.54673391262908,0,2,6.358204683878708,7,0.6235575317737949,0,0.0,0
5199,48.4414435708444,5,1,20.429578131723567,7,0.9996915080003829,0,0.0,0
5200,40.98545757966637,1,5,5.572684906796102,3,0.3270012979258048,0,0.0,0
5201,45.486987374526784,3,1,17.33270291784952,3,1.0000972230056184,0,0.0,0
5202,46.336768076790555,3,4,0.0,7,0.9527090627795072,0,0.0,0
5203,32.949198863803126,5,2,4.189331112679308,1,0.2165813690037664,0,0.0,0
5204,38.3979869486154,3,6,0.5696001636703336,6,0.15188634750389574,0,0.0,0
5205,40.012761410014804,2,3,7.275703090811451,7,0.43369290832097257,0,0.0,0
5206,59.00658594612616,4,3,3.398693959016944,7,1.0001393568310448,0,0.0,0
5207,33.30459879971428,2,3,20.00478502171218,1,0.5643873982360423,0,0.0,0
5208,56.5019828028572,2,5,17.283700918546984,2,0.9477895352447119,0,0.0,0
5209,45.13293724645806,1,7,7.565326025062703,7,0.3764611272950941,0,0.0,0
5210,58.31717233233762,3,5,10.942199236226326,7,0.9245298778466539,0,0.0,0
5211,59.3855602092412,4,3,18.59953524411665,3,1.0002250521214056,0,0.0,0
5212,26.966041689921987,4,6,7.336047237950772,3,0.63433167292432,0,0.0,0
5213,21.80973451064068,1,3,10.81008541681342,2,0.0741507410521669,0,0.0,0
5214,22.953216713693056,3,6,4.947919628633363,1,0.013619769986429775,0,0.0,0
5215,52.82625606610244,4,6,9.31987254423824,7,0.5788839682649508,0,0.0,0
5216,42.369117829913606,3,3,19.221709063127854,7,1.00041343475911,0,0.0,0
5217,38.87265487775913,2,4,4.580060432694839,3,0.23504859581554832,0,0.0,0
5218,60.55367501925237,1,3,13.98175235181415,7,0.3838161394778048,0,0.0,0
5219,32.61695625628919,3,1,2.1907789719523905,1,0.7671259386883693,0,0.0,0
5220,46.51702403992387,3,6,10.387732537144734,3,0.9999262331454228,0,0.0,0
5221,34.9318149075547,5,1,9.255425482176156,2,0.49813315521179946,0,0.0,0
5222,60.161376915800005,3,4,11.115892213271785,7,0.6715572679680064,0,0.0,0
5223,12.512113843043089,2,3,3.6895962845286645,5,0.18665815647653028,0,0.0,0
5224,48.77999584024923,2,3,7.746165566529825,7,0.9996517851091398,0,0.0,0
5225,47.36962483882182,4,3,4.572329750575694,6,0.1347868867827513,0,0.0,0
5226,42.016528724377,3,6,5.799753309413757,3,0.5644640423133158,0,0.0,0
5227,21.096880461019698,3,5,18.702490025655493,2,0.9743227228051052,0,0.0,0
5228,27.050042174069283,2,2,8.411900005548816,7,0.9126452921066106,0,0.0,0
5229,24.830708794951263,3,6,2.709304393905141,1,0.8270124865277761,0,0.0,0
5230,28.88413119284928,3,3,11.968849686796357,7,0.9851012549409581,0,0.0,0
5231,41.17554547698853,3,4,19.991954734445592,7,1.0848139615793633,0,0.0,0
5232,14.447596478638186,2,3,11.113501173830278,2,0.2967370559779918,0,0.0,0
5233,42.566309710045886,2,1,19.987677411639197,5,0.6749349292453679,0,0.0,0
5234,44.46686445532671,5,1,14.418806551569585,3,0.5896457383296628,0,0.0,0
5235,47.692511153781254,4,3,2.0964173178542804,7,0.4291518035762378,0,0.0,0
5236,32.0492008892234,2,6,11.856167773781502,7,0.5214924562099047,0,0.0,0
5237,46.30744566107195,2,3,9.503964448098122,7,1.000026255731437,0,0.0,0
5238,35.91441887147861,3,4,19.994930391656226,1,1.0000888802801766,0,0.0,0
5239,56.82507806795256,3,4,8.034121569311461,5,1.0001902357379875,0,0.0,0
5240,72.23772975310402,3,3,4.602514172040305,1,1.0002722294855693,0,0.0,0
5241,48.246883970178125,4,3,1.7301360169018611,3,1.000169853991215,0,0.0,0
5242,28.373097631603308,4,2,7.651782798297962,5,0.699279039851097,0,0.0,0
5243,51.820661234464254,5,3,17.73516392353467,2,0.9630571388006228,0,0.0,0
5244,29.800677889970558,3,6,19.791154003066318,3,1.0000530738270754,0,0.0,0
5245,51.41113725533134,2,6,15.7414253289637,3,0.12340492765886546,0,0.0,0
5246,54.050665675918474,2,4,16.878564586518536,7,0.9351886991365017,0,0.0,0
5247,43.14901439073284,2,6,0.32092506596497294,7,0.6817325683588596,0,0.0,0
5248,45.45721499340272,3,1,12.808102842952938,7,0.5408040953158884,0,0.0,0
5249,55.51727115657078,2,3,16.411445041794693,7,0.9447686743273125,0,0.0,0
5250,57.58131421157098,3,1,14.523315261824342,5,0.9999889389719183,0,0.0,0
5251,48.265904072286204,3,2,15.16683461939071,7,1.0000708403968404,0,0.0,0
5252,61.3281620283981,6,3,5.4140568401796525,4,0.6450351887009693,0,0.0,0
5253,62.62523831939289,3,6,15.199950422554187,3,0.999914009326458,0,0.0,0
5254,64.59525725732908,2,3,9.974953510129408,7,1.0002556901444792,0,0.0,0
5255,41.26140054646186,4,5,8.954759227866658,7,1.0004267900464148,0,0.0,0
5256,61.94989937244972,3,4,20.003327676133598,1,0.5630086694474056,0,0.0,0
5257,49.32958871617499,3,6,14.959869224587063,7,1.000067932597527,0,0.0,0
5258,28.275702869158238,4,1,1.9593382942769697,3,0.44502814872026036,0,0.0,0
5259,47.59278043021294,1,1,3.6656785361599944,4,0.6946948485472172,0,0.0,0
5260,42.797433817152495,1,4,5.41921920506447,2,0.9901458571184483,0,0.0,0
5261,50.806003601658304,2,1,20.011619634375748,2,0.1549535389874127,0,0.0,0
5262,47.85340340760606,3,2,11.65779394493931,4,1.0002711209616963,0,0.0,0
5263,50.60890875331775,3,1,0.0,7,0.47984002689317673,0,0.0,0
5264,24.755161687488933,3,4,8.46420919702061,3,1.0000007716073758,0,0.0,0
5265,53.629390381304944,4,6,11.69189091857067,1,0.9620513478476458,0,0.0,0
5266,37.481628556202324,4,3,10.417290293464607,7,1.0001349428879032,0,0.0,0
5267,26.612000861117867,2,6,12.352439884421077,6,0.6292378081860678,0,0.0,0
5268,49.144725098079135,5,2,11.711589282240459,6,0.23200724079700602,0,0.0,0
5269,54.10128850248211,3,5,9.661554422611331,1,0.4731588568507508,0,0.0,0
5270,23.536899301825827,3,2,4.687277614514752,1,0.025127967104635385,0,0.0,0
5271,17.815911548795565,1,4,7.07920032692374,1,0.9999181119039837,0,0.0,0
5272,42.535556580500895,2,6,15.95690197899151,5,0.5063497678418086,0,0.0,0
5273,42.70389518309678,2,4,20.007320079394013,1,1.0002554478998762,0,0.0,0
5274,29.757147458220338,3,3,0.1318268665878044,5,0.046352283232408364,0,0.0,0
5275,27.108058955639123,2,2,8.56655460415978,7,0.3202055702998735,0,0.0,0
5276,56.993335634503424,0,1,10.4441132729511,7,1.0002899377963779,0,0.0,0
5277,41.80692686702537,4,6,19.995617656002324,1,0.9999930909507608,0,0.0,0
5278,44.25401011945993,5,2,10.3974241694514,7,0.4418810697435724,0,0.0,0
5279,21.384868524910782,5,2,7.01638939417379,1,0.5228688501103472,0,0.0,0
5280,28.190931690305625,4,4,7.946010340199605,2,0.0,0,0.0,0
5281,39.57141712005555,3,1,13.33312018710126,7,0.9995725247932141,0,0.0,0
5282,38.6480627494773,5,1,15.011474284680563,3,0.9996950822698594,0,0.0,0
5283,61.51002520946501,1,4,20.06273854683186,4,0.7891188502848829,0,0.0,0
5284,35.13240210010859,5,4,20.005508262144637,1,0.9999421944735261,0,0.0,0
5285,47.495536463490346,3,4,20.005109149435327,7,0.9997468772426257,0,0.0,0
5286,33.38674328662762,4,1,11.958114984391425,7,0.9293616681334268,0,0.0,0
5287,19.852981758211314,2,2,6.0724111781177115,1,0.7140322700023793,0,0.0,0
5288,40.765169454534785,5,6,17.390525015647572,7,0.5014210769955448,0,0.0,0
5289,36.822304583684065,3,1,9.218682685790345,3,0.9999052805539783,0,0.0,0
5290,71.08658313892487,3,2,15.705053280595813,7,1.0004819915438825,0,0.0,0
5291,37.06115595582388,4,6,16.319639441701465,3,0.9999153721760522,0,0.0,0
5292,37.123965218275735,2,3,7.086365836886877,7,1.0001975677833033,0,0.0,0
5293,39.843552697985395,4,2,13.571077078241597,7,1.0006806205528944,0,0.0,0
5294,52.7704792949572,3,5,8.104190410553308,7,0.6985354794791067,0,0.0,0
5295,46.46051130590376,3,1,3.0126638289696306,4,0.4437773014515852,0,0.0,0
5296,23.602866890140056,3,3,6.013316832077893,3,1.0004011833831021,0,0.0,0
5297,28.643634697992535,3,7,7.504972091135706,5,0.0,0,0.0,0
5298,40.01185786836034,4,1,17.1315947248479,2,0.9996682898400913,0,0.0,0
5299,55.04214876816973,2,6,12.229316027584412,2,0.48918209579370153,0,0.0,0
5300,47.92053633771722,3,6,20.30090187221284,7,1.0000091829012727,0,0.0,0
5301,56.257011021536755,3,1,2.4837036160729262,7,0.9370733217774639,0,0.0,0
5302,29.710666290550066,2,2,3.546069308865845,5,0.6362536201329383,0,0.0,0
5303,42.00069611069474,3,3,9.546651734515944,7,1.0001403367266484,0,0.0,0
5304,23.158975316477814,2,4,13.202362816251311,1,1.0198628902371094,0,0.0,0
5305,53.6910074461433,4,6,4.081962191407322,3,0.9997651085113315,0,0.0,0
5306,36.74576169164861,5,4,0.8764753305475637,2,0.6880405572871227,0,0.0,0
5307,32.485111532953155,2,6,3.4297480120957706,7,0.3288910391818004,0,0.0,0
5308,45.47422171021745,3,2,15.620837446543655,7,1.0006696597827176,1,1378.3352483366048,1
5309,39.381679961256,3,2,6.083486496664041,7,1.000443103091341,0,0.0,0
5310,48.36094614766543,3,1,4.192996656023734,3,0.0,0,0.0,0
5311,26.636637715168376,4,3,13.73719979488144,4,1.000087811465185,0,0.0,0
5312,49.4477492246518,4,3,11.543966602582078,1,1.0004356645541257,0,0.0,0
5313,25.298316663724307,1,6,2.779893632160496,5,0.40525057820754423,1,77616.17132476583,1
5314,47.122944284560326,4,1,8.340419202095346,7,0.9644493762991129,0,0.0,0
5315,61.22455519061738,5,3,12.095623358924232,7,1.0000227435754032,0,0.0,0
5316,34.34131559546289,3,6,12.900204518665536,3,0.8179804149980158,0,0.0,0
5317,66.1917155864795,3,1,4.304356856416464,3,0.9692684716538018,0,0.0,0
5318,55.86565271768073,2,3,8.911078566499555,7,1.0001588177934577,0,0.0,0
5319,22.524954241717356,2,1,19.994199788655784,3,0.4018847116293052,0,0.0,0
5320,53.416130772757136,1,3,9.719683154233666,4,0.9998822132328717,0,0.0,0
5321,44.1962725256749,4,3,16.832547943514413,3,0.4955626723407571,0,0.0,0
5322,38.616082150210616,0,1,1.1858569577873794,4,0.12662749944373486,0,0.0,0
5323,53.037604370100574,4,3,5.04102948289038,6,0.9996025188489579,0,0.0,0
5324,41.5413175017665,5,1,13.548833014554738,7,0.9998904912836734,0,0.0,0
5325,49.03076372016763,5,3,4.273305390517294,4,1.000123421256077,0,0.0,0
5326,51.66220944743367,4,3,6.659065551538932,7,0.4698223108822992,0,0.0,0
5327,46.61200779506732,3,4,1.856142476796757,7,1.000370002163958,0,0.0,0
5328,60.06154283566906,5,3,9.65358096588393,7,0.9997206588926556,0,0.0,0
5329,59.408064931915334,3,6,3.5126310160354866,7,1.000342268180215,0,0.0,0
5330,55.69807226775602,2,3,24.877527458049844,7,1.0004349930507268,0,0.0,0
5331,37.87288425508619,2,6,7.871382766457614,7,0.34339164783154114,0,0.0,0
5332,37.64814495258322,3,2,13.997261429179758,7,1.000730524954335,0,0.0,0
5333,16.69252901805357,3,6,11.88205028933979,1,1.0212223633227577,0,0.0,0
5334,50.52387860456783,3,4,20.003797810924304,1,0.7562696658614648,0,0.0,0
5335,43.83404009432096,2,6,14.027861424830219,4,0.37920586285412333,0,0.0,0
5336,34.316147277781084,2,1,9.439279856658006,7,0.2428260585234644,0,0.0,0
5337,51.87153772245635,3,6,14.916625943071859,6,0.9999029824244,0,0.0,0
5338,30.131258267542833,3,4,10.455020036066312,1,0.7743013886526253,0,0.0,0
5339,42.30468524653994,3,3,7.35182023613911,3,0.5001137126727516,0,0.0,0
5340,60.95237725860967,4,3,9.273762264806681,4,0.8879443006392282,0,0.0,0
5341,31.009032849596846,2,2,8.471143398589806,5,0.4592878056357327,0,0.0,0
5342,23.656948767770043,2,6,0.0,3,0.1388103772182353,0,0.0,0
5343,51.17591209774368,3,1,7.4497819234958635,2,0.9999265107740067,0,0.0,0
5344,58.76865332651424,3,1,13.536331377876262,7,1.0001491760782468,0,0.0,0
5345,25.042428914225063,1,5,5.438419676730731,2,1.0004520270444295,0,0.0,0
5346,19.80099595003981,3,3,10.0650514988067,3,0.28789116548543064,0,0.0,0
5347,48.082313041269124,3,1,14.57531180087938,7,0.9999269604930205,0,0.0,0
5348,51.98493454619635,5,1,19.98799106679918,1,0.48369352739971805,0,0.0,0
5349,44.98165324156926,3,3,11.68832536390606,7,0.9993018272993401,0,0.0,0
5350,46.56475228130803,1,3,5.1934919085914135,2,0.9407633880236506,0,0.0,0
5351,44.68382674918533,3,2,20.896225538843325,3,0.0,0,0.0,0
5352,38.27523320373798,3,3,14.371529661765265,1,0.9887110834678958,0,0.0,0
5353,47.68380912123657,1,3,13.767168438209687,1,0.9155226564190516,0,0.0,0
5354,34.037019054482926,3,6,1.4253139091545162,6,0.6076151030662927,0,0.0,0
5355,68.39168360264165,3,3,20.37791633567154,4,1.0001602624206969,0,0.0,0
5356,29.213240803008702,3,2,15.234551398883546,7,0.0,0,0.0,0
5357,61.86341601709051,4,3,9.50429855331307,3,1.0000270566303318,0,0.0,0
5358,35.45830092167252,2,5,20.00401492889613,1,0.557487039704914,0,0.0,0
5359,45.353162512361315,4,3,6.5770136669324915,2,0.9998432135678645,0,0.0,0
5360,31.803120852718706,3,2,0.7493554491752423,4,0.5185361662225823,0,0.0,0
5361,46.26125105695508,2,3,10.538553086375536,3,1.0004420805883272,0,0.0,0
5362,44.008173872998455,5,1,15.320889541535735,7,0.7731881438244159,0,0.0,0
5363,38.945317510840965,5,6,16.665833660164985,3,0.3371509390335059,0,0.0,0
5364,58.31752551158085,4,3,14.614883537526303,2,0.9326615127160071,0,0.0,0
5365,43.65286398288852,4,3,13.81908599482102,7,0.928794295821207,0,0.0,0
5366,22.47700645662181,4,3,12.778069634922769,3,0.25474094612706116,0,0.0,0
5367,67.75023272148125,5,3,11.616448892984987,5,0.5008838392563976,0,0.0,0
5368,29.360996189776092,6,6,8.500574287045314,6,0.6426312077523061,1,2940.7855729428975,1
5369,55.16701841464608,4,6,15.652680453925267,4,0.827433432922134,0,0.0,0
5370,60.55483070079686,3,1,14.94263994068759,7,1.0000418200418653,0,0.0,0
5371,41.33819655907017,3,3,4.586815899112222,5,0.49720843835324013,0,0.0,0
5372,34.83895483383169,6,1,7.139237999958134,3,0.39931796087548455,0,0.0,0
5373,52.9828539920937,2,5,19.217832070355122,7,0.9998698624879527,0,0.0,0
5374,44.881096975325626,2,3,14.77664492768633,7,1.0005615562824566,0,0.0,0
5375,56.58649915748916,3,4,8.878713200146539,3,0.9998054702036014,0,0.0,0
5376,45.840659666555226,5,1,13.913840505899865,7,1.0001313731452188,0,0.0,0
5377,24.09865782816236,4,1,13.480704578241875,3,0.6667580070888963,0,0.0,0
5378,69.14921844515669,0,1,14.116599393272416,2,0.1721451847527682,0,0.0,0
5379,17.695694309351595,3,1,1.4921923367692305,7,0.3560483891026111,0,0.0,0
5380,40.83311207506493,3,1,13.52674024747574,7,1.0000662479937557,0,0.0,0
5381,22.28317990813847,4,1,14.71899285773778,2,0.2887692041163568,0,0.0,0
5382,47.421344905929075,1,3,11.783101375250023,7,0.4432046550192148,0,0.0,0
5383,59.886228288198254,4,6,14.536448612305822,3,1.000271983930861,0,0.0,0
5384,68.5363255686116,3,1,4.684889671204625,4,0.0,0,0.0,0
5385,57.62418662310431,2,3,11.903098025062718,7,0.9998733632990991,0,0.0,0
5386,42.93245018856723,3,4,9.44221163651093,4,1.000017771000032,0,0.0,0
5387,34.096399365201385,4,1,14.683403252792962,3,0.49697497582539846,0,0.0,0
5388,42.132364141353754,3,3,23.56140626283416,5,0.9996779780722429,0,0.0,0
5389,34.983325255064415,3,1,17.10476308876162,7,1.0001430835299931,0,0.0,0
5390,52.42094916307937,4,1,12.136940960294298,4,0.5741528755109457,0,0.0,0
5391,44.54122985974914,3,3,17.48455775945814,7,0.8052014780345461,0,0.0,0
5392,38.31815116280508,3,6,22.742824043849453,6,1.0007993462044014,0,0.0,0
5393,34.12766080062812,2,3,6.930683802875702,3,0.9419117147029836,0,0.0,0
5394,37.96361713977188,2,3,15.453198104101645,7,1.000049281572453,0,0.0,0
5395,43.76093773546645,2,6,14.02243714702579,3,1.0005190732685394,0,0.0,0
5396,14.409164447256966,4,1,14.576705265400783,0,0.4528775295777,0,0.0,0
5397,45.61057130774786,5,1,12.22225742845487,7,0.9587862578585833,0,0.0,0
5398,32.75505222547085,3,3,10.859121106307787,7,0.9654790022519294,0,0.0,0
5399,33.61546992934959,2,6,8.31900947163364,1,0.9971877808406657,0,0.0,0
5400,57.32399268167301,4,1,10.578863665420586,7,1.0000288627906142,0,0.0,0
5401,54.25005208577625,0,3,2.674682585099582,2,1.000713272995806,0,0.0,0
5402,24.070826836903443,2,6,11.610992514404783,1,0.4535463922336466,0,0.0,0
5403,21.61733793370922,1,3,0.0,4,0.6912688925055959,0,0.0,0
5404,30.40618797432495,3,6,12.747213369954844,1,0.9491248838523167,0,0.0,0
5405,50.28303243811213,4,2,5.225170273249496,6,0.7934970892074649,0,0.0,0
5406,31.4115998615596,5,3,13.99474176096703,5,0.5552368113620075,0,0.0,0
5407,40.219301837428695,3,3,5.226579893055631,0,0.18427117905560642,0,0.0,0
5408,43.85063155885445,5,2,17.571211904220675,5,0.6339665624624583,0,0.0,0
5409,41.74504272801912,4,1,14.059287396912136,4,0.9999175193681515,0,0.0,0
5410,24.03036591677952,3,3,10.497693845746026,4,0.9368153638073988,0,0.0,0
5411,33.46188918507618,3,3,8.16787017176011,7,1.0007133717845442,0,0.0,0
5412,44.4397272999492,3,3,13.903923235982774,1,0.9999453734104095,0,0.0,0
5413,25.82819122599314,2,2,5.624613435406122,3,0.24136007035092294,0,0.0,0
5414,18.784230982141636,5,1,12.848800451435388,4,0.17655020788753073,0,0.0,0
5415,44.57719971927117,3,1,0.5332242169870121,7,0.36066564005272694,0,0.0,0
5416,16.55976069822279,2,1,0.0,2,0.0,0,0.0,0
5417,42.45990795030166,3,1,2.7571762519535845,1,0.4988576065387148,0,0.0,0
5418,30.886824636567848,4,5,11.756911212609522,1,0.8261129008172796,0,0.0,0
5419,42.057251470872146,2,6,10.871615844926124,7,0.0935034671374243,0,0.0,0
5420,57.08165666375154,4,3,4.818046331911024,2,0.4976438688246483,0,0.0,0
5421,25.99864662857553,1,6,5.740722359749758,4,0.4599234391365314,0,0.0,0
5422,35.09359764125252,2,6,8.929770227138423,3,0.8019312186889522,0,0.0,0
5423,47.39540117914113,4,3,14.859845836926457,4,1.0001921139933185,0,0.0,0
5424,41.02513904673561,4,3,23.083271415618352,3,0.9999573903844807,0,0.0,0
5425,33.36219400114615,1,6,3.065414940954584,3,0.3177649183718643,0,0.0,0
5426,18.824975544470764,1,3,10.211658230128124,1,0.34918993133189635,0,0.0,0
5427,40.13988279530099,1,6,18.49198634224647,1,0.9557672633559324,0,0.0,0
5428,17.402412850784106,4,6,8.537709803814531,7,1.0000301096033388,0,0.0,0
5429,55.75463822073537,3,6,8.119068449819245,3,0.2723583934117136,0,0.0,0
5430,41.27853916581135,1,3,0.0,2,0.0,0,0.0,0
5431,36.89470089486334,2,2,11.07234772573808,5,0.44073061786503764,0,0.0,0
5432,53.880680507288666,5,2,11.753227510092918,3,0.5436323888262391,0,0.0,0
5433,24.863475697206844,3,1,1.1449973161888511,5,0.9620845865184007,0,0.0,0
5434,41.255369451396014,4,6,9.44854894379554,5,0.9999195274174357,0,0.0,0
5435,25.25813507372762,3,2,9.245527203692378,3,0.5390251411009472,0,0.0,0
5436,46.42278011887658,4,4,2.5993228954349856,6,0.5181637131859977,0,0.0,0
5437,36.718958814094364,2,1,15.441272563484187,5,0.9879143415140631,0,0.0,0
5438,36.95919611004054,2,2,6.176267787638981,7,0.6143821661026142,0,0.0,0
5439,40.432078086977455,3,6,16.146857799550638,7,0.6881251545667023,0,0.0,0
5440,42.196977835017655,2,3,8.332003624980208,1,0.9463867266608883,0,0.0,0
5441,31.554579198277708,6,3,2.733917832767336,1,0.2986992010453619,0,0.0,0
5442,27.72922175367988,3,1,8.507823758008481,2,1.0002547117928224,0,0.0,0
5443,40.49283100137968,2,5,13.226763971214602,5,0.06321516815208206,0,0.0,0
5444,48.640104319563974,2,3,14.491035005615004,2,0.6464704898655709,0,0.0,0
5445,22.820733565149993,3,2,21.77055308412305,6,0.9999079876342528,0,0.0,0
5446,45.27571431676585,3,3,6.594375472279002,4,1.000193334572589,0,0.0,0
5447,50.29115647296692,4,6,17.197310006153973,3,1.1621262484491028,0,0.0,0
5448,43.562123240936714,4,3,2.6206154092284137,0,1.0002392074060305,0,0.0,0
5449,60.8861818227456,3,5,18.171962045507478,7,1.0001898929754711,0,0.0,0
5450,32.57260190346422,3,2,10.461191699197633,1,1.0006155418097067,0,0.0,0
5451,51.37329528693991,4,2,12.8774421555824,4,0.37473809442103145,0,0.0,0
5452,33.92051694088942,4,3,12.667076729120987,6,0.5820381529418724,0,0.0,0
5453,29.50939665475847,4,3,9.148480678919126,2,0.3754880887398075,0,0.0,0
5454,34.56454029254372,2,3,3.2057139629412417,7,0.9998685058711424,0,0.0,0
5455,40.85311273242836,3,3,20.01395958785391,4,0.49609669553652613,0,0.0,0
5456,44.014461763226315,3,3,4.390213516870524,5,0.502423778918845,0,0.0,0
5457,20.596510813266644,3,6,19.08334212126561,7,1.0003481736030024,0,0.0,0
5458,41.09737044480603,3,3,12.280154163432755,3,0.16563217848945777,0,0.0,0
5459,48.15600086197199,1,3,0.0,5,0.383810925061155,0,0.0,0
5460,42.671280538745044,0,3,14.898563053314838,7,0.9994798289872715,0,0.0,0
5461,30.017201714627106,3,3,11.683522781776182,4,1.105030403209541,0,0.0,0
5462,49.841259610134514,5,5,11.701570853297012,7,0.9998769946014066,0,0.0,0
5463,34.48275209330364,3,6,13.752519797643199,3,0.16608997162876937,0,0.0,0
5464,39.926382168448804,4,4,19.998871048099964,1,0.9998997354904919,0,0.0,0
5465,45.226660507157014,3,6,14.95795627203775,2,0.9997111463478285,0,0.0,0
5466,29.399696232282217,3,3,17.35416911731017,7,0.9998330323980743,0,0.0,0
5467,49.965429333067085,3,3,3.6320523345329407,7,0.304908073177928,0,0.0,0
5468,40.274175613320445,5,3,9.497903641187918,7,1.0000221372729823,0,0.0,0
5469,44.98187587776186,2,1,16.05730063138492,4,0.9993333044251893,0,0.0,0
5470,30.40849962545734,4,6,13.105939094892559,3,0.24441910344067536,0,0.0,0
5471,35.57830019679212,4,4,7.221119547958152,6,0.02209012018792411,0,0.0,0
5472,55.841007457522664,2,4,5.925864489085032,7,1.0001023104219222,0,0.0,0
5473,42.963734753750835,4,1,21.858100233492674,6,0.5699839824015803,0,0.0,0
5474,21.170429290645615,2,6,6.787718864301351,6,1.0003985561715019,0,0.0,0
5475,47.21453964099283,5,3,8.94026098377297,3,0.5041079117463789,0,0.0,0
5476,50.04882432402339,2,6,13.163262488427026,7,0.999880925008376,0,0.0,0
5477,55.02568336902065,3,4,20.00337438707048,1,0.0,0,0.0,0
5478,24.997127984716755,2,3,2.136329299073825,6,1.0001088906814015,0,0.0,0
5479,40.144788634808506,3,5,2.1386036468713705,7,0.9999805341255925,0,0.0,0
5480,30.734171658667503,3,5,17.58597350449918,2,1.0006067140776325,0,0.0,0
5481,45.92223602746112,4,6,8.811409739375291,6,0.03296287923828467,0,0.0,0
5482,54.505963786002354,4,3,3.562912120090316,0,1.0000497990839659,0,0.0,0
5483,55.71610386955873,2,6,15.232832198706955,5,0.9998989130339622,0,0.0,0
5484,43.77048366982194,4,4,9.652534935835863,3,0.9997202153971596,0,0.0,0
5485,23.991015725495725,3,5,18.749271608042555,2,0.9688218658128109,0,0.0,0
5486,6.300045060019428,3,3,12.038954808847535,5,0.4967708518440886,0,0.0,0
5487,68.40876929628554,2,5,17.830771374264927,7,0.9997245370131307,0,0.0,0
5488,54.973058946463986,3,4,11.584184665398427,2,1.00033251677278,0,0.0,0
5489,34.360231277270046,4,2,9.799650462256661,6,0.04292443770772647,0,0.0,0
5490,70.8473522846487,2,4,20.005509259845482,3,0.9996160526384043,0,0.0,0
5491,29.340883425297868,3,5,6.9487787666331515,1,0.7605738726686938,0,0.0,0
5492,47.514417518317266,2,6,20.807440360923096,7,0.25861630549153675,0,0.0,0
5493,43.857146790845036,3,3,11.910936816361342,2,0.9998750209125145,0,0.0,0
5494,41.4531334537701,3,3,8.977369061507325,4,0.99998818235591,0,0.0,0
5495,40.38333372930881,3,3,18.150656346579634,1,0.9995346200236195,0,0.0,0
5496,20.646425315923693,3,6,11.322149377415963,1,0.03301533467858131,0,0.0,0
5497,23.291375720401444,5,2,15.671877084369909,5,0.23261821130438426,0,0.0,0
5498,41.676253123134785,3,1,11.70558361128005,3,0.4908797968643228,0,0.0,0
5499,31.442447723898056,1,3,0.0,3,0.9753672829869956,0,0.0,0
5500,62.08082531455133,5,6,16.758110869455333,2,1.0002913688766297,0,0.0,0
5501,30.388257204229085,5,3,24.194422283922044,7,0.9998323126412494,0,0.0,0
5502,37.47789370248543,2,6,0.0,0,0.24191142642103403,0,0.0,0
5503,56.75449948401928,4,2,16.456276285111922,7,1.0002151332183888,0,0.0,0
5504,43.86191710493458,4,1,9.813443939912961,3,0.32180617145705515,0,0.0,0
5505,62.99992431627361,3,3,6.979004221605385,3,0.9996543262878659,0,0.0,0
5506,44.63128144764359,3,3,24.05509428037331,7,0.41339992024790173,0,0.0,0
5507,34.24461260354,2,5,11.788729820064155,2,0.567218467622809,0,0.0,0
5508,22.718911722051285,2,3,12.152913006826562,8,0.5274865017417457,0,0.0,0
5509,49.880518544394704,5,6,14.965192984548283,2,0.2294125773718913,0,0.0,0
5510,25.774799587214975,3,7,1.5200134915126426,6,0.0,0,0.0,0
5511,46.99637027378464,3,6,8.713364716521728,7,1.2237242363913716,0,0.0,0
5512,30.636395997296365,3,3,15.063196834130036,2,0.0,0,0.0,0
5513,59.458830175225074,3,4,17.324674753199595,3,0.5343967733745498,0,0.0,0
5514,58.80601390473635,4,3,14.432982243713994,2,0.9996981284458186,0,0.0,0
5515,57.4617391812753,1,6,15.150821574253154,1,1.0051395331896646,0,0.0,0
5516,37.80940803687806,3,6,8.473553677665343,7,1.0001330701186881,0,0.0,0
5517,49.90033636799592,3,2,18.117441289674453,2,0.9995890871307065,0,0.0,0
5518,43.001912636314415,5,5,13.495536824852378,7,0.999659400088107,0,0.0,0
5519,19.695255007493838,4,4,15.85360311737832,1,0.9786783430680074,0,0.0,0
5520,43.907615431510635,5,3,27.31504745136507,5,0.3540857881640932,0,0.0,0
5521,46.265641695713434,2,6,12.777502891972288,2,0.4621380223158231,0,0.0,0
5522,39.25534476681935,2,2,7.756485293422022,7,0.9999111260322184,0,0.0,0
5523,58.92617954198981,4,3,12.225069065656616,3,1.000141470293657,0,0.0,0
5524,45.697365339945144,3,2,2.5462068241644875,7,0.999978648908985,0,0.0,0
5525,42.925036800185644,3,2,19.484931064746355,1,0.44119372135145013,0,0.0,0
5526,31.997036160031314,3,3,17.904621953099284,1,0.9586998242836874,0,0.0,0
5527,45.21424874105198,3,2,18.570977994192326,4,0.9526425817295094,0,0.0,0
5528,59.74847903153009,2,6,11.317452651734898,7,0.9998950410611093,0,0.0,0
5529,26.627002532122795,4,2,6.946654923368238,1,0.2894272955609989,0,0.0,0
5530,47.433991054832134,1,1,15.115054741678914,6,0.23132580413896897,0,0.0,0
5531,31.495281053893503,3,2,15.521027434400203,4,0.9449584489788039,0,0.0,0
5532,28.578458077446033,2,1,9.271949451367,5,0.903906652395258,0,0.0,0
5533,69.9829111729259,6,3,12.600180994885374,3,1.000312768843533,0,0.0,0
5534,38.722573453315825,2,3,4.472828143009767,5,0.2150053790617718,0,0.0,0
5535,32.2675013962188,2,3,20.78599188311859,7,0.21707858997835727,0,0.0,0
5536,46.438013892291465,3,2,20.003150454153676,1,0.9997825026080513,0,0.0,0
5537,42.11328198162841,3,6,18.07160412144952,7,1.000004916516998,0,0.0,0
5538,56.340482225529456,3,6,7.269985315712544,7,0.6509921260536882,0,0.0,0
5539,46.75940904842563,3,1,12.80830190756798,2,1.0002066015265967,0,0.0,0
5540,45.11465355019284,0,3,19.276507677559337,7,0.9997906913334498,0,0.0,0
5541,56.53160659680637,2,3,13.593498392549158,3,0.5012231367084413,0,0.0,0
5542,19.93258108286724,4,1,17.372461548165123,2,0.9512711322881834,0,0.0,0
5543,53.520460290434286,3,3,5.324995334562391,4,0.0,0,0.0,0
5544,46.9048103169233,1,3,12.12888295876782,3,0.9568907432697142,0,0.0,0
5545,61.502696446949074,4,3,4.760337930151496,7,0.9995374119999281,0,0.0,0
5546,37.89112023884928,3,3,10.82724229625505,3,1.0000446929344058,0,0.0,0
5547,20.02745776283766,2,6,10.581777167339277,2,0.3742471480698995,0,0.0,0
5548,39.154947292929705,5,1,20.017314746615753,3,0.7530004401476259,0,0.0,0
5549,40.380419064370315,2,6,15.741152542206109,7,1.0000772563900355,0,0.0,0
5550,43.54591990026727,4,2,8.245602167866513,7,0.999882422752395,0,0.0,0
5551,71.91135828418854,3,4,20.000799493499464,1,0.40852137637872254,0,0.0,0
5552,59.703100300001395,3,3,19.993206743278595,1,0.5398186979699291,0,0.0,0
5553,64.44845430705789,3,4,6.178320525454464,3,0.19642395172024074,0,0.0,0
5554,55.04071911542436,2,6,10.896136510692727,7,1.0002588803338857,0,0.0,0
5555,27.620254470509714,4,3,9.37923281195074,3,0.9995275865212936,0,0.0,0
5556,69.92093555286664,3,4,5.8606218603075115,4,1.0000779348750577,0,0.0,0
5557,52.823307740183495,3,6,11.646362919781645,1,1.0003932842571448,0,0.0,0
5558,41.424474703455836,2,1,5.761896947430769,3,0.9862347981570248,0,0.0,0
5559,33.51522809044904,2,3,9.717900599840554,3,0.3700726582691906,0,0.0,0
5560,39.797245985714454,3,3,10.790633773395689,7,0.9623963277536478,0,0.0,0
5561,35.512345222583704,2,6,10.17886717069279,7,0.7704238873155513,0,0.0,0
5562,25.560382017448475,2,1,20.000231774913157,0,0.26393788350651637,0,0.0,0
5563,39.98052145890463,4,3,3.3934322201104186,4,1.0004474465969928,0,0.0,0
5564,62.19092311754571,3,4,9.625696148268197,4,0.0,0,0.0,0
5565,40.22525374380924,3,3,12.185690594799421,7,0.9999262802482172,0,0.0,0
5566,46.6403546922779,1,3,15.155434491569913,1,0.2887959745136761,0,0.0,0
5567,40.576397779828056,3,6,10.584460528792603,0,0.3230273340217443,0,0.0,0
5568,52.87199390093444,4,3,3.0635793496201913,7,0.9997630185672189,0,0.0,0
5569,37.312563607699225,3,4,13.961075106963778,2,0.9997605432100207,0,0.0,0
5570,37.9520799653655,3,1,17.95028661920265,3,0.3632171172688374,0,0.0,0
5571,45.0050137038753,4,5,9.87185901600713,7,0.8036114972644296,0,0.0,0
5572,45.34244253789827,4,6,0.0,7,0.7199023967356416,0,0.0,0
5573,59.329732792774024,2,3,0.0,1,0.5520900251477366,0,0.0,0
5574,54.85674783685086,2,4,20.000533651363,7,0.37819487405935176,0,0.0,0
5575,55.18001961841392,3,3,13.740128686076812,1,0.9998717110496589,0,0.0,0
5576,49.575354648588096,1,1,0.7347239298708512,6,0.4991496891471542,0,0.0,0
5577,26.59084473501197,2,6,13.431382264519524,1,1.013598076692276,0,0.0,0
5578,64.01435472609381,3,6,5.643722257445556,1,0.9992965378558033,0,0.0,0
5579,38.23040506494348,3,1,5.151441279648288,4,0.49350399658253635,0,0.0,0
5580,34.92156072064222,4,3,12.101598800792848,3,0.2657270962691537,0,0.0,0
5581,46.38796937599931,2,2,18.5974531690642,6,0.10182872710612012,0,0.0,0
5582,46.36203746912503,2,1,19.99207428280691,3,0.48907604804383187,0,0.0,0
5583,31.729617944607146,4,3,14.514790342786048,4,0.9999778884834922,0,0.0,0
5584,23.375382445234614,0,6,6.912122333650077,7,0.6225683750560351,0,0.0,0
5585,56.26385698392646,3,3,15.112904767447244,5,1.000530652607158,0,0.0,0
5586,33.53679224403789,4,6,12.703046050652643,4,0.703071058181568,0,0.0,0
5587,37.39726012782941,1,3,7.207446729549137,3,0.816807661287233,0,0.0,0
5588,49.6904347813719,1,3,19.176100620836657,7,1.0004557901403608,0,0.0,0
5589,55.24561313104668,4,1,7.658159634503226,4,1.0003465750856042,0,0.0,0
5590,63.3830398658388,5,3,0.0,7,0.31948174437781923,0,0.0,0
5591,50.506303364440086,2,1,25.105735951349473,7,0.3880216211845476,0,0.0,0
5592,43.678376349450794,4,3,10.767828424075732,1,0.9997760838482617,0,0.0,0
5593,43.02167379429427,4,6,18.756806983388145,7,1.000484424392503,0,0.0,0
5594,27.3484780399291,3,1,0.0,2,0.9648162735201802,0,0.0,0
5595,75.17654998335986,3,6,24.12767867758737,2,1.000148023434376,0,0.0,0
5596,17.612729474514158,4,5,15.908966149210993,3,0.2898473386576744,0,0.0,0
5597,30.76173909456469,1,1,14.196944689716467,0,0.5057361543987695,0,0.0,0
5598,45.87064465064537,2,1,14.736976858903267,3,0.5033250854747009,0,0.0,0
5599,54.272483181001384,6,3,0.0,1,0.6616545750111372,0,0.0,0
5600,42.49685757104179,3,6,7.386800200619938,7,1.0002645902281992,0,0.0,0
5601,22.687875337985545,3,3,5.146173338215632,4,0.999631973591065,0,0.0,0
5602,24.375856488823413,3,1,16.38657234626683,3,0.9999745423744828,0,0.0,0
5603,42.67687566342425,3,7,8.68172301086251,5,0.624901700493547,0,0.0,0
5604,7.753704853435316,2,5,20.00571290674407,1,0.352046294037257,0,0.0,0
5605,45.90765113806583,5,3,8.07248578765022,5,0.5195578629782224,0,0.0,0
5606,23.558658150638685,3,1,16.441587242998562,2,0.24482411066767312,0,0.0,0
5607,54.90948177287769,4,1,12.301111048742506,6,0.8399285978308078,0,0.0,0
5608,29.29675484940194,3,1,19.98479132050406,6,1.0000991817739173,0,0.0,0
5609,29.885535018785053,3,2,13.945026646190477,1,0.9998516550040237,0,0.0,0
5610,40.614262576392896,3,3,11.012961927284813,2,0.41741796712975704,0,0.0,0
5611,9.68215384583332,2,5,0.0,1,0.0,0,0.0,0
5612,41.868462258163085,3,3,13.854512655009982,1,0.9998016952360065,0,0.0,0
5613,40.38146047933586,3,7,13.480455120939366,2,0.9449723517987666,0,0.0,0
5614,24.603698743473856,3,3,11.933980324731525,2,0.5112447640630848,0,0.0,0
5615,47.79332979460914,5,2,6.806201241447604,4,0.7270109673518692,0,0.0,0
5616,54.24300360989938,2,6,12.879986160215141,6,1.0802809503463093,0,0.0,0
5617,24.284945473841336,3,3,17.960593611496243,1,0.9397449408103217,0,0.0,0
5618,46.88786443916237,4,1,20.016459788044934,6,0.9929211732713243,0,0.0,0
5619,22.949762228003692,1,3,15.636849916031204,5,0.5020087979284185,0,0.0,0
5620,34.20970241494138,2,1,13.527188581684268,2,0.1323572878983511,0,0.0,0
5621,42.71862955737309,3,1,20.007809824211506,1,0.40028486723896717,0,0.0,0
5622,54.71706742701281,4,2,16.872463050109495,2,0.4199586389485559,0,0.0,0
5623,54.09370260134962,5,1,0.0,7,1.000574185871113,0,0.0,0
5624,51.05356210829453,2,6,15.087182105023992,4,0.9997796450548176,0,0.0,0
5625,53.73489949611172,3,1,4.845506896903555,7,1.0003928121747439,0,0.0,0
5626,54.029428889527935,3,3,16.67558108631701,1,1.0000662271214704,0,0.0,0
5627,21.40351414823732,2,2,11.88545183677463,7,0.5273161073771827,0,0.0,0
5628,38.377139648643634,3,1,1.653615970967639,7,0.999775566069951,0,0.0,0
5629,67.60612902176649,3,2,6.83283670012143,5,0.9998598356534055,0,0.0,0
5630,32.08121969542696,4,5,9.321520795035427,6,0.570394150784038,0,0.0,0
5631,65.65339160130384,3,3,16.766990963588825,2,0.947628289955748,0,0.0,0
5632,23.935902462694628,2,2,8.034243501259256,3,0.701776697662332,0,0.0,0
5633,25.012630646576312,1,4,19.992819646880406,1,0.5265790422258715,0,0.0,0
5634,31.87528425769319,3,3,20.96619427379528,3,0.5006816958939573,0,0.0,0
5635,37.31872319373722,1,3,7.147262131686193,2,0.8120994692329503,0,0.0,0
5636,47.83220249479166,4,6,2.205404272236919,7,0.7917051642411098,0,0.0,0
5637,54.28546092847095,0,3,17.807738612670192,2,0.4995243522555224,0,0.0,0
5638,77.43204697228236,3,3,11.86613751103243,5,0.28137837276621264,0,0.0,0
5639,36.64230046695056,2,3,5.234339285172736,1,0.9317631578014365,0,0.0,0
5640,17.971730993005224,3,6,14.434529800513854,6,0.17143425683681313,0,0.0,0
5641,44.99222575073466,1,4,10.369410872309036,7,0.3414140603925837,0,0.0,0
5642,59.85631191589693,2,3,13.535913095259337,2,0.9997493847311814,0,0.0,0
5643,38.36052099824887,3,1,5.759357129471591,2,0.9417919971691939,0,0.0,0
5644,57.63691295397888,3,1,6.394872449120813,3,0.9999266676665817,0,0.0,0
5645,48.8732345873261,3,3,20.01119033574749,4,0.7177814914199925,0,0.0,0
5646,48.28972584212452,2,3,20.010823868866694,1,1.000456542932268,0,0.0,0
5647,27.179418818741837,3,1,5.8276614524360655,0,0.29318418580585276,0,0.0,0
5648,23.133660255846095,4,1,14.60297681001848,4,0.17434515383572757,0,0.0,0
5649,28.2649940768182,2,1,16.887822624645814,3,0.9997667282926063,0,0.0,0
5650,57.78069383675996,6,3,9.79832274266881,1,1.0004328955862234,0,0.0,0
5651,45.74137948162103,3,1,19.225369514090822,2,0.9999842031817513,0,0.0,0
5652,35.38268970119359,2,4,19.99753852949482,1,1.000287842725369,0,0.0,0
5653,52.01701045946733,2,2,12.728318357787092,1,0.2552202094241205,0,0.0,0
5654,47.20370689829109,3,2,7.842058438759633,5,0.0,0,0.0,0
5655,30.548328064049716,3,0,8.623976631405077,4,0.999896557941639,0,0.0,0
5656,53.52228486496964,3,3,4.0481394355001505,4,0.9997181370891415,0,0.0,0
5657,50.56755698379993,3,1,6.567816681589729,5,0.4717102270551542,0,0.0,0
5658,32.163069512149406,3,1,2.3418257095064074,4,0.9414413244070576,0,0.0,0
5659,21.292530748918985,5,4,9.591317539552518,1,0.8457060949282025,0,0.0,0
5660,38.68642852940272,3,3,2.4285256737918335,2,0.9999575397079385,0,0.0,0
5661,44.33002814619652,3,5,7.847257822975294,7,0.5202394942051263,0,0.0,0
5662,55.17369144353699,2,1,6.20125813447258,3,1.0005554076249126,0,0.0,0
5663,37.18702183920839,2,5,19.987329979784334,1,0.5232838292960925,0,0.0,0
5664,51.89510309870386,3,5,3.8773881085679465,1,0.8420517737915588,0,0.0,0
5665,42.834202827404525,3,5,9.628252091013533,3,0.5419860446698201,0,0.0,0
5666,49.607353722904094,2,2,10.352439599532543,1,0.37988749711733194,0,0.0,0
5667,43.619043306504864,1,3,10.757247199262375,7,1.0002761384534484,0,0.0,0
5668,56.77921730426863,3,1,5.06174009836305,3,0.9996519884738956,0,0.0,0
5669,44.48934499829651,1,3,8.22701711986675,7,1.0000221541331995,0,0.0,0
5670,44.66047630985959,1,3,15.497155640886575,6,0.30453963408716583,0,0.0,0
5671,58.67022914050742,2,1,13.743796893811815,2,0.4987421677814271,0,0.0,0
5672,38.29134668967527,4,1,15.662942686866337,4,0.3085038915959615,0,0.0,0
5673,43.80292573712099,3,2,18.068196509652253,4,0.9618667754069572,0,0.0,0
5674,41.865992106137504,4,6,18.721792861151133,2,0.3161393693614615,0,0.0,0
5675,61.12464609176614,2,3,3.2086088470789456,4,0.5502216670004128,0,0.0,0
5676,44.10715095713936,2,6,3.415705108635362,3,0.3641779604299998,0,0.0,0
5677,41.03663674157578,2,1,9.005268490815107,7,0.999921994037259,0,0.0,0
5678,44.11544204906435,3,3,13.296655314613812,3,1.000110326512781,0,0.0,0
5679,49.10238009804996,3,6,0.1452651376157874,3,1.0000309279556623,0,0.0,0
5680,35.19978659683755,3,2,14.160338716665645,7,0.961433946936088,0,0.0,0
5681,29.524667462257668,1,2,0.007429755525699022,3,0.2393161480479169,1,171002.44265255,1
5682,50.12545156499729,2,1,14.586766161036248,7,0.9997184863294191,0,0.0,0
5683,49.84191650422786,4,5,14.110741992960826,1,0.6907361663037516,0,0.0,0
5684,33.23771372720104,3,1,8.288977218666135,2,0.5014778697636473,0,0.0,0
5685,32.29078765295227,4,2,6.789276039476718,4,0.9599072963238369,0,0.0,0
5686,45.90552007654873,4,6,11.82425695853571,7,0.9476670394243891,0,0.0,0
5687,36.58975171254727,3,5,8.839373603736979,2,0.9999800271668939,0,0.0,0
5688,54.16607448547489,2,3,11.100544614549339,7,0.9994386604865277,0,0.0,0
5689,58.59905508993067,4,2,12.860008835951357,7,0.999933887931092,0,0.0,0
5690,43.244442127980314,3,7,4.432522092075589,1,0.49677375776847266,0,0.0,0
5691,23.605396422580124,4,6,7.321776561950296,4,1.0612135579147872,0,0.0,0
5692,45.8843696876912,3,6,10.742667798158056,7,0.720355159200384,0,0.0,0
5693,34.29447261835248,2,3,8.883822903202873,1,0.9281578160688464,1,12248.627087728004,1
5694,45.3431169467358,4,4,19.98939517869458,1,0.20997988212951418,0,0.0,0
5695,35.58553451719859,7,3,16.390506012487464,2,0.9081363453387741,0,0.0,0
5696,43.21901209992346,5,4,17.949671781330718,1,0.971304648441537,0,0.0,0
5697,58.521151718786086,3,3,4.258443401283955,7,1.0002396945496401,0,0.0,0
5698,56.02078133406074,0,6,14.90136053592918,4,0.4140155545605665,0,0.0,0
5699,47.42457714012734,5,4,9.234120337900041,6,0.48508244587181404,0,0.0,0
5700,45.102967538037376,3,1,12.41626476257384,4,0.999897605120152,0,0.0,0
5701,48.538528810501596,4,4,6.782222975676668,6,0.3236383734303535,0,0.0,0
5702,39.74470191773429,3,3,17.145902313077872,4,0.4978089693691478,0,0.0,0
5703,61.68695638346945,4,3,13.454602688518843,3,0.9308935475875211,0,0.0,0
5704,33.18534065076126,3,2,12.221381536740822,7,0.9843417446919328,0,0.0,0
5705,40.14187278583673,3,4,20.00046642005187,7,0.9996156050699929,0,0.0,0
5706,38.37595834968605,6,7,10.993293129574008,1,0.0,0,0.0,0
5707,29.131459500683828,4,2,3.626888572832594,4,0.6007755553450298,0,0.0,0
5708,37.20221342680887,4,5,0.0,6,0.857356987878701,0,0.0,0
5709,42.14146376617205,5,2,13.164729288092463,5,0.6519890662335243,0,0.0,0
5710,24.360722975040723,5,3,0.9872273481533433,4,0.31895397108993645,0,0.0,0
5711,24.110199947389333,1,6,2.7262557410974058,2,0.3677382886847473,0,0.0,0
5712,42.755988301622594,2,3,7.383220161280909,7,1.0002752582570702,0,0.0,0
5713,35.72395105338232,4,2,8.07291986647405,5,0.9709988574837061,0,0.0,0
5714,62.799650115684216,2,6,6.145971825756942,7,0.5696311679810213,0,0.0,0
5715,47.036650773761934,4,6,1.8714984779129313,3,0.6345345866340583,0,0.0,0
5716,41.564417313257046,3,6,13.2235275350369,3,1.0001112204754978,0,0.0,0
5717,4.958245109061849,3,3,16.149066421526168,2,1.00005814521582,0,0.0,0
5718,56.664430645491684,2,3,24.07800392106019,5,0.4989636334713796,0,0.0,0
5719,38.07806475345916,5,1,4.112668968225629,7,1.0002245141860238,0,0.0,0
5720,52.5047126273762,3,3,8.924014863544183,6,0.914167548976402,0,0.0,0
5721,41.49359710647785,0,1,2.8236125259338234,4,0.5255817190043408,0,0.0,0
5722,60.920609391925666,1,6,23.078312125538936,2,1.0000052425081027,0,0.0,0
5723,51.81649566589174,3,5,9.167338003957385,6,0.9553333747556503,0,0.0,0
5724,48.03424549271105,3,1,6.71572744780391,6,0.9997725865529759,0,0.0,0
5725,46.642912439448416,4,3,2.24985425731367,6,0.9998639725961175,0,0.0,0
5726,27.6398726107483,4,5,19.98770498291825,1,0.9357112497008986,0,0.0,0
5727,59.15983981039285,2,3,14.90067160966041,7,0.9999742505090659,0,0.0,0
5728,37.28993096409156,5,5,20.00441873450748,7,0.9749133651258499,0,0.0,0
5729,49.52835879134996,4,2,11.13869922788824,3,1.00222123572606,0,0.0,0
5730,59.7185176577968,2,3,18.970475268170844,7,1.0003037496103997,0,0.0,0
5731,57.08870720420169,2,6,14.06609951279773,3,1.0000940093888149,0,0.0,0
5732,32.9347548776998,1,1,14.448009069939324,1,0.0,0,0.0,0
5733,49.098511361655206,3,3,11.305805078037075,4,0.9998016916696301,0,0.0,0
5734,49.52593630928247,2,3,2.7260741985113057,5,0.20143589044222882,0,0.0,0
5735,36.29408531176523,3,1,6.787502980385492,4,0.9998786961529753,0,0.0,0
5736,40.692073679622816,3,3,0.0,2,0.17016014500666898,0,0.0,0
5737,52.81829428559376,3,3,17.97904872361255,1,0.9786180336235345,0,0.0,0
5738,62.819529135634355,4,3,8.227427407911994,1,1.000273255980293,0,0.0,0
5739,40.99371757681976,1,3,23.430370554877165,1,1.0007224099051533,0,0.0,0
5740,31.107202478811594,3,1,17.340293337957945,4,1.0005236907765822,0,0.0,0
5741,38.248513481369855,2,6,13.998995537983095,7,0.46238118900455916,0,0.0,0
5742,37.84475920188306,4,4,7.911882467548252,6,0.6434857963006945,0,0.0,0
5743,62.28134613568295,3,5,18.864136922427985,2,1.0001845083208916,0,0.0,0
5744,28.573101492122227,3,6,14.376547669456825,4,0.3554142616810662,0,0.0,0
5745,54.280229279794355,2,4,10.43916896161584,5,0.453245692326148,0,0.0,0
5746,49.32956716081644,3,3,32.42193164656696,7,1.0003627240280044,0,0.0,0
5747,35.464424972117776,3,4,3.734577362716024,1,0.2114726948296517,0,0.0,0
5748,19.83124109266794,3,3,0.13232220492128022,2,0.49915531373575217,0,0.0,0
5749,33.96350067917668,2,6,5.712493979910821,7,1.0002217619019222,0,0.0,0
5750,28.135213117861984,2,3,3.26047028997567,1,1.0006949908222822,0,0.0,0
5751,42.32527816571455,1,1,19.988158432976327,4,0.0,0,0.0,0
5752,41.175954454269025,3,3,0.6314418717153263,2,1.000017750983814,0,0.0,0
5753,48.61892122363328,2,6,11.033940529308328,4,0.1346984498950229,0,0.0,0
5754,31.400739429978533,0,6,0.0,1,0.6240017640827709,0,0.0,0
5755,32.351214314102634,3,3,14.629259524582526,2,0.9998525466951106,0,0.0,0
5756,27.553636642078402,2,1,19.99256532591708,2,0.26835343203976936,0,0.0,0
5757,62.93718079451858,2,2,17.715176264115346,7,0.9208241611340188,0,0.0,0
5758,41.46040140273924,6,2,15.46022071691127,1,0.8979008897358213,0,0.0,0
5759,36.900231310630616,1,6,11.55203045183805,3,1.0002051877871998,0,0.0,0
5760,42.36129244847151,2,4,11.001047556235873,7,0.8928888024078854,0,0.0,0
5761,30.193154212554873,3,4,16.416072078136132,3,0.9624452672867558,0,0.0,0
5762,48.781407182301216,2,2,15.135308322212808,5,1.0041909380216747,0,0.0,0
5763,53.01950031426415,3,3,0.0,7,0.9998328877263885,0,0.0,0
5764,39.492709182627856,4,6,13.908294890944914,6,0.9998664633713261,0,0.0,0
5765,59.41576418968542,5,6,15.32636310864362,4,0.44971725660863054,0,0.0,0
5766,29.097554747705104,4,5,4.094003875144175,5,0.44106519516432696,0,0.0,0
5767,66.76366598165254,5,1,14.61109127299116,2,0.301847176574115,0,0.0,0
5768,42.117575060375806,1,3,12.463063512427405,2,0.7519106995465327,0,0.0,0
5769,25.646466472329422,5,2,5.712708047163568,5,0.1177465478734524,0,0.0,0
5770,54.92697660896006,4,1,0.12422987424156418,3,0.47683989250365233,0,0.0,0
5771,40.89193696560251,3,4,16.744031380005644,2,0.662548580389242,0,0.0,0
5772,26.822951964746167,4,2,13.587221953744374,1,0.5085348349547716,0,0.0,0
5773,57.48806897578794,2,1,11.382414985483166,7,0.5635752494623312,0,0.0,0
5774,20.455822140732945,2,6,11.753998570500888,2,0.499653766900421,0,0.0,0
5775,52.34045356215591,3,6,7.294735552165475,7,0.9999354426078992,0,0.0,0
5776,16.616553159426818,1,3,16.858650133900618,1,0.9618907099741096,0,0.0,0
5777,52.649825845393686,2,6,4.032632363695009,7,0.5241843527223866,0,0.0,0
5778,57.054349959149455,2,6,14.471012467777422,4,0.5319143802600615,0,0.0,0
5779,21.737671208089154,3,6,13.786266458393694,4,0.6354274007022577,0,0.0,0
5780,25.75294347571069,5,2,8.395495460106217,2,0.7086776159075151,1,46867.243126041125,1
5781,24.01759363157924,2,6,14.209494904940003,7,1.0001820761534757,0,0.0,0
5782,39.19590103050528,3,1,20.00950817885573,3,0.5026589016480072,0,0.0,0
5783,52.350720582007824,3,7,0.0,7,0.9502094136180862,0,0.0,0
5784,49.720524632718174,3,7,15.329756936886533,7,0.5830340063920479,0,0.0,0
5785,16.524916967203925,4,4,20.001039325842854,4,0.49769610537368403,0,0.0,0
5786,31.19469221138428,3,2,12.968183139249971,4,0.9994349524114319,0,0.0,0
5787,40.14662013543996,2,3,4.640392503998464,3,0.0,0,0.0,0
5788,26.71171804779248,2,3,10.857739777316132,4,0.20387220957324698,0,0.0,0
5789,45.80939237056285,1,4,20.004831005531564,1,0.9993838124445533,0,0.0,0
5790,31.74624549046638,3,3,15.052865015853609,0,1.0001666504239797,0,0.0,0
5791,62.16380392444033,6,6,20.84447580462347,7,1.0000725964079513,0,0.0,0
5792,38.342026441601156,2,3,13.507885707655168,0,0.49892853613578414,0,0.0,0
5793,46.90406414719188,3,3,8.05693836277015,4,0.17961205152635829,0,0.0,0
5794,39.971093414585525,2,5,17.630897658386875,6,0.9996458767705672,0,0.0,0
5795,32.60644574456515,1,3,20.087031367252173,5,1.0186529855877504,0,0.0,0
5796,27.94506322548728,2,2,15.847444668814546,2,0.9750196718192596,0,0.0,0
5797,39.564806267047025,2,2,15.297626050989518,7,1.0005241449631073,0,0.0,0
5798,20.2445028054215,2,6,8.32590313615873,5,0.17573269985228646,0,0.0,0
5799,37.806996280121496,4,1,6.080662095413,2,0.9998350858875908,0,0.0,0
5800,35.68793180322031,4,1,10.30782184014999,1,0.4999575317680526,0,0.0,0
5801,23.63103125748989,1,3,13.400190785749135,4,0.496962952243957,0,0.0,0
5802,60.02181567448682,1,3,6.544009516173259,2,0.4989819505837904,0,0.0,0
5803,28.288249353856365,6,4,4.3033160171192435,3,0.3907377742619235,0,0.0,0
5804,42.86239298006003,2,1,13.853385498658959,7,0.11349116656384473,0,0.0,0
5805,52.10998679821719,0,1,19.996095359987702,2,0.5970765327155648,0,0.0,0
5806,20.92165908536068,3,1,2.1182809279495594,2,0.34317641887561867,0,0.0,0
5807,56.37705367224741,3,1,0.0,1,0.4984158469033958,0,0.0,0
5808,23.530210012794836,3,2,1.0109144089868796,2,1.0001621958594635,0,0.0,0
5809,41.13298799046497,1,3,9.950373022125575,0,0.21042299044204954,0,0.0,0
5810,53.42527423523789,3,4,12.071331538307513,6,0.4453761144057852,0,0.0,0
5811,36.97589775180134,3,1,20.333622353287012,7,1.0001233015027222,0,0.0,0
5812,28.84514125609845,4,1,8.323492566259123,7,0.9997376356720367,0,0.0,0
5813,48.31307699300888,2,4,10.204125935372296,5,0.20070676539228416,0,0.0,0
5814,33.004154499585255,2,6,21.947276606769584,7,0.2145595580840181,0,0.0,0
5815,52.54360592639625,3,4,15.958778970647153,5,0.8526465599500364,0,0.0,0
5816,26.924864612218318,3,1,18.244978963378927,1,0.9998527307420275,0,0.0,0
5817,28.28060237603736,2,6,11.997773336558762,1,1.0524707629275274,0,0.0,0
5818,39.023939330557376,3,4,20.003243386109993,7,0.7989283902893587,0,0.0,0
5819,51.690828714563025,4,1,14.388034653749337,7,0.40440076775456313,0,0.0,0
5820,24.84872844191491,3,1,13.515600451915075,2,1.0005532200908465,0,0.0,0
5821,34.007543128630644,3,5,3.761563003994194,7,0.898613052866237,0,0.0,0
5822,48.55350821415314,1,3,11.78456086193898,4,0.5003028890687302,0,0.0,0
5823,24.671586800845574,1,2,16.299140175916797,5,0.6186756062696359,0,0.0,0
5824,27.129329053975795,3,6,17.595158717396284,4,1.0004230341442688,0,0.0,0
5825,28.14606065750276,2,2,9.773594724461281,3,0.9454393214041216,0,0.0,0
5826,44.04169369378177,2,1,13.134762678490816,3,0.9998618171168439,0,0.0,0
5827,51.214129649813714,1,2,11.781574290339703,7,0.9995855062233936,0,0.0,0
5828,43.971013717170024,4,3,14.155124717848661,1,0.9596464964799387,0,0.0,0
5829,44.30081919428511,3,2,7.114354707208045,7,0.9919525650503118,1,63953.38677873816,1
5830,33.997339198633355,4,1,0.8385072945924161,7,0.4476283789979296,0,0.0,0
5831,34.78442701795686,3,4,17.947396675611692,2,0.7180985863095116,0,0.0,0
5832,32.47516372483298,3,6,10.76954480047747,5,0.37370673562547424,1,6821.956011387027,1
5833,33.635439504462155,3,4,13.786694031014623,6,0.9481943537098785,0,0.0,0
5834,44.228549617965065,4,6,1.876701702301613,3,0.44541573213368235,0,0.0,0
5835,60.126871111814495,4,3,1.4379872778787792,3,0.5527841187526135,0,0.0,0
5836,26.35847489657643,3,2,2.8984264973921956,4,0.22212643642650692,0,0.0,0
5837,25.14175875098385,3,7,8.006386834821074,1,0.11284524692220987,0,0.0,0
5838,57.25596473917839,4,3,5.5755398105163545,3,0.3185682467441972,0,0.0,0
5839,49.02019283933738,1,3,3.0294458478817816,7,0.6215356950687977,0,0.0,0
5840,38.22047560003847,4,3,12.343418622390773,2,0.6165912293986321,0,0.0,0
5841,10.532448238616897,3,4,14.723825114654627,1,0.0,0,0.0,0
5842,26.179345949621464,3,1,9.351356946935537,2,0.5021225092774633,0,0.0,0
5843,34.331428024102486,3,3,10.384167897340692,7,1.0005073310315271,0,0.0,0
5844,36.15821706592317,3,2,9.200635299755454,3,0.9997772381139098,0,0.0,0
5845,26.737849519826298,1,4,7.650200126414193,8,0.1472020719829079,0,0.0,0
5846,39.80011682923524,2,1,12.901918123722954,2,0.9998953217979176,0,0.0,0
5847,42.53957293497918,2,5,11.901462040219034,1,0.5628378979168203,0,0.0,0
5848,24.236996088842467,1,6,3.7432667755192126,2,0.2774885654825113,0,0.0,0
5849,27.167734708478484,5,3,19.133263690637826,7,1.0002976495913911,0,0.0,0
5850,68.24135566334985,5,3,0.0,7,0.6529330050196396,0,0.0,0
5851,42.99043342542053,4,4,7.901802035881229,7,0.4770534367428235,0,0.0,0
5852,53.18414579450512,3,4,31.646317767595942,7,0.0,0,0.0,0
5853,35.569669783327804,3,3,17.982489279026037,5,0.29855944870295903,0,0.0,0
5854,34.35929438172732,3,2,9.447940603385527,7,1.000017373151528,0,0.0,0
5855,34.937321591451465,3,4,15.209088641892846,7,0.0,0,0.0,0
5856,58.56102548111748,2,1,6.384106857044488,3,0.06492623854520352,0,0.0,0
5857,28.641726989269728,4,3,15.023738126056754,3,1.000435287722038,0,0.0,0
5858,32.536272273728486,2,1,20.00292779825459,0,0.7399839869317633,0,0.0,0
5859,24.133027204684147,4,6,9.281815440100214,1,0.3798211654064385,0,0.0,0
5860,37.47804611826023,3,7,7.619639661848297,7,0.5877512944337282,0,0.0,0
5861,29.500006286578337,4,5,4.866007860292995,1,0.39212793699975484,0,0.0,0
5862,45.12086628868789,0,2,14.425598533053778,4,0.5166081332102617,0,0.0,0
5863,22.442820677948916,3,6,3.393419159179169,4,0.37899712623821596,1,1400.604087599579,1
5864,34.87533504762317,3,6,6.847899665547178,7,0.07100685135247409,0,0.0,0
5865,57.89326433465009,4,3,16.310573938352007,4,0.9996664962120264,0,0.0,0
5866,63.484816590472605,2,1,19.996254626476755,1,1.0000742563241423,0,0.0,0
5867,43.88853286169082,4,3,3.865326138514387,7,0.488546140860188,0,0.0,0
5868,38.866063305700436,4,5,15.980094231708785,3,1.0002686469498308,0,0.0,0
5869,18.16942327761052,3,5,6.703874381986918,2,0.0,0,0.0,0
5870,55.272157569435365,1,6,9.761372208264161,7,0.021887174544053867,0,0.0,0
5871,35.18318258464643,4,3,14.918630802979994,1,0.9716326140568552,0,0.0,0
5872,42.50554038954328,2,6,19.298984564765533,6,0.999749914478627,0,0.0,0
5873,35.07612107045247,2,5,12.35404603767662,1,0.4316054268957477,0,0.0,0
5874,50.81671535053697,3,3,11.990703965031539,1,0.9993664304125021,0,0.0,0
5875,42.50159747714007,3,1,16.54048276874117,7,0.6098494327636491,0,0.0,0
5876,70.14500304285139,2,1,10.018563615063332,2,0.3164224229515229,0,0.0,0
5877,56.73614900070267,4,3,7.439692720406088,7,1.0001771841790836,0,0.0,0
5878,33.855652338229355,3,7,15.487070921682962,2,0.9996346637397375,0,0.0,0
5879,44.63840512331796,1,6,5.242205406333675,7,0.7217164091727587,0,0.0,0
5880,61.86168545571357,5,3,11.003550623778214,1,0.49118985596524056,0,0.0,0
5881,48.74536849073261,3,1,8.72100062252554,4,1.0005006166643624,0,0.0,0
5882,24.015090126008367,3,1,20.00285093613134,1,0.5797937029392447,0,0.0,0
5883,24.54697627561925,0,3,13.772537877079506,3,0.5929697780896379,0,0.0,0
5884,60.33963133425529,5,4,20.007688344726937,7,1.0000641724394317,0,0.0,0
5885,31.975470768910377,3,4,6.208400524985424,0,0.6881680573625115,0,0.0,0
5886,30.143130720489808,4,6,7.468735569039664,7,0.4056163402011737,0,0.0,0
5887,39.283733164363056,3,2,12.48104893250049,7,0.9642250009877894,0,0.0,0
5888,47.4190529749789,2,6,10.267142113104471,3,0.9997313278722955,0,0.0,0
5889,40.284478897793186,3,4,0.6661242115402253,1,0.9369976689786974,0,0.0,0
5890,35.850926340198114,1,1,19.988440379672213,7,0.698884773452738,0,0.0,0
5891,70.73850009609656,3,4,0.9742347047321935,6,0.16915143401663857,0,0.0,0
5892,30.25158198333855,3,2,9.399742869457684,4,0.6720034925953541,0,0.0,0
5893,49.728458354663516,3,2,13.072743949645794,1,0.5898397238176135,0,0.0,0
5894,51.16013087751453,4,1,17.583041443547984,6,0.3490896079813444,0,0.0,0
5895,50.11340511426411,1,2,3.732597033748764,4,0.629606928672883,0,0.0,0
5896,53.60662036217988,3,3,5.913747137175455,6,0.9997038334011029,0,0.0,0
5897,43.62781124635685,1,1,3.6014476294374234,1,1.000595177331842,0,0.0,0
5898,50.97834359474986,4,4,22.23113719050335,7,0.3315402885985153,0,0.0,0
5899,29.624334122614535,1,6,15.28366636675035,3,0.27979920364249933,0,0.0,0
5900,38.31571683451083,3,6,16.33126727208954,7,0.9996519147951992,0,0.0,0
5901,43.18568714461735,4,4,3.756700613854318,1,0.9560394488794355,0,0.0,0
5902,45.19010158212551,4,5,12.430892410175563,2,0.4978087777141942,0,0.0,0
5903,27.230074282457466,3,4,17.72545650191805,3,1.0001410769776236,0,0.0,0
5904,42.87585276460793,3,6,13.350417159810759,7,1.3074553664732709,0,0.0,0
5905,34.9024904604187,2,6,0.0,7,0.22269652015095198,0,0.0,0
5906,36.54412505635931,3,5,3.2068213110769728,7,1.0001675272179038,0,0.0,0
5907,53.00852089047742,4,4,20.003055823213785,7,1.0001215101569783,0,0.0,0
5908,40.1146640644436,4,3,0.0,7,1.0004725545038224,0,0.0,0
5909,31.76619287769424,3,2,12.647777516290748,3,0.4824329113544049,0,0.0,0
5910,27.5464469767754,5,4,11.908281831521169,7,0.9992623949478618,0,0.0,0
5911,55.58058201019974,6,1,0.890939289492426,5,0.5308905939063671,0,0.0,0
5912,35.514722900264914,4,3,6.787374560956112,2,0.0,0,0.0,0
5913,42.018591950364225,3,3,9.136442395104087,2,0.9992831106959872,0,0.0,0
5914,25.452170644033483,2,2,1.9848414913612071,7,1.1071937177795648,0,0.0,0
5915,44.40610472884868,3,1,8.862628009384473,3,0.9996040160546422,0,0.0,0
5916,22.391633380090454,3,6,10.074916352537665,1,1.0151989014859568,0,0.0,0
5917,35.97003722057643,3,1,7.018254021881638,7,1.000113143633707,0,0.0,0
5918,50.77564963848129,4,3,1.7156988709342667,2,0.6395284220577384,0,0.0,0
5919,41.194783807736485,3,2,13.780060943498146,7,1.000201849204308,0,0.0,0
5920,24.046027837264685,4,6,9.315839671433103,2,0.49580388365447503,0,0.0,0
5921,48.002023082764204,2,3,1.9336752343728172,2,0.510850993033249,0,0.0,0
5922,58.850520161822445,3,3,20.25555706606295,2,1.0000637552826876,0,0.0,0
5923,42.66500992834123,2,5,15.927328084163943,1,0.964772562062959,0,0.0,0
5924,43.934464137761076,3,7,11.2172655015386,7,0.559344878355308,0,0.0,0
5925,31.542904514668265,3,0,20.35667385538249,5,0.999262638876024,0,0.0,0
5926,63.92641926873425,2,1,5.927775384453525,7,0.9996835873589602,0,0.0,0
5927,54.36798082015849,2,1,14.753063627286803,1,1.0004592371534538,0,0.0,0
5928,51.7264646967085,4,6,10.811951862911052,4,0.9993894710683222,0,0.0,0
5929,47.6360929377827,3,4,13.930124136885837,3,0.20119728831833145,0,0.0,0
5930,48.31913990527186,3,1,14.334639447756818,1,0.4224417580453772,0,0.0,0
5931,43.17829467317108,3,1,11.443575898979454,5,0.6968256079908587,0,0.0,0
5932,33.11790384083244,3,2,2.673113953000133,7,1.0004324401391667,0,0.0,0
5933,23.636272769312125,6,3,9.638750382209917,1,1.27361278209581,0,0.0,0
5934,34.71385276413385,3,2,10.598978790057364,6,1.0004860109876943,0,0.0,0
5935,42.56219399134191,2,3,18.335087337356743,1,0.9993614780816262,0,0.0,0
5936,32.92153375075103,1,4,1.9557450173507487,2,0.6318428274374608,0,0.0,0
5937,25.339423578544846,2,6,10.61574413377973,7,1.0004169976993533,0,0.0,0
5938,25.267141964777664,2,1,18.69450325874779,5,0.9721736016499145,0,0.0,0
5939,38.04417728808528,3,6,2.5127826416103503,6,0.2890657790832154,0,0.0,0
5940,18.35239853825295,3,4,9.896914446994298,3,0.99997574645268,0,0.0,0
5941,4.920413504468463,6,1,0.0,5,0.0,0,0.0,0
5942,33.489258532435144,1,2,14.765180026269874,7,1.0002217433247136,0,0.0,0
5943,51.90022990445573,1,2,11.000171767384984,7,1.111496731716748,0,0.0,0
5944,61.99761014649344,2,5,15.981577876085186,2,0.990496809578563,0,0.0,0
5945,45.34627853804488,3,1,19.99678437273716,4,0.42415810110280794,0,0.0,0
5946,29.358264801533764,3,4,13.412497903244383,6,0.6149878603775268,0,0.0,0
5947,47.18783827696066,2,1,14.720677439345305,3,0.22616290079727502,0,0.0,0
5948,47.78761923663657,3,1,14.446582527469161,3,0.4650841824091883,0,0.0,0
5949,31.560550468948684,3,1,3.083727341457971,1,0.18667956547364928,0,0.0,0
5950,38.56901966859105,3,2,6.51148973902291,4,0.1837500993828194,0,0.0,0
5951,40.71285285319321,4,6,12.72346408920123,7,0.5645543771054595,0,0.0,0
5952,24.222451336341233,2,6,17.098960594024252,6,0.4602901143208199,0,0.0,0
5953,25.99850797280418,4,6,16.08341511508007,1,0.9652294441073626,0,0.0,0
5954,38.82616079539294,4,1,4.7659773809969135,0,0.9385812533882449,0,0.0,0
5955,52.73619467594425,3,4,12.840241526766109,7,0.9245552347298249,0,0.0,0
5956,39.91645518439155,2,1,6.706824222860215,4,0.46779094569264984,0,0.0,0
5957,31.104449141702652,3,2,11.949827778577998,7,0.6916204799559865,0,0.0,0
5958,22.90534526132948,2,3,12.473976828141355,2,0.9661940983981385,0,0.0,0
5959,40.260029888337144,3,5,11.421850242871914,4,0.9286502670216548,0,0.0,0
5960,45.93216585314612,4,3,7.823691653552286,4,0.5026776963074355,0,0.0,0
5961,46.41040194105085,7,3,18.931498219327885,7,1.120450358495166,0,0.0,0
5962,35.49213265311502,2,2,8.410881894480626,7,1.0004064964902701,0,0.0,0
5963,35.76973513466307,3,3,3.272946884780283,2,0.3381766247391231,0,0.0,0
5964,64.47195068568575,2,5,8.605060340631384,3,0.9802159454054604,0,0.0,0
5965,0.3199443777140516,3,4,12.785877987703822,2,0.9999704445488438,0,0.0,0
5966,18.228998223387634,3,4,10.807447890501193,2,1.0003951038757128,0,0.0,0
5967,18.614196075499187,4,5,7.094191667901358,2,0.10127932208487467,0,0.0,0
5968,61.50666064039602,4,6,6.706640217337496,6,0.48627706933585585,0,0.0,0
5969,54.09524619770603,4,3,10.572748042177366,7,0.6391065027168849,0,0.0,0
5970,68.68763645287535,4,1,13.921973424026074,4,0.9999817776609825,0,0.0,0
5971,21.32747724116256,4,1,20.001856145930184,0,0.4613676074860614,0,0.0,0
5972,58.35053167253909,4,6,0.0,7,0.9998554451658118,0,0.0,0
5973,39.66987240232465,4,5,9.938856404833565,7,1.2677063850553707,0,0.0,0
5974,53.95769204161857,3,6,16.699309387178054,3,0.0,0,0.0,0
5975,54.34980222081554,1,4,0.0,3,1.0663277194586158,0,0.0,0
5976,21.45298527023739,2,7,10.870828109469784,1,0.3996993506381389,0,0.0,0
5977,53.49461504055398,1,1,16.309933480342472,2,0.6469794939693232,0,0.0,0
5978,51.43221018256167,7,4,18.215518310644722,1,0.9426319644110096,0,0.0,0
5979,63.05527242944525,3,6,11.127662931952319,7,1.0002261716769196,0,0.0,0
5980,55.20679556803642,2,3,7.96481292455227,4,1.0004351187363067,0,0.0,0
5981,20.52507190227574,4,3,10.158719442963138,5,0.41820916784249174,0,0.0,0
5982,52.54978540257038,3,4,19.993657682160134,1,1.0000690591051744,0,0.0,0
5983,55.366429083467416,5,1,12.563175371713253,7,1.0004667805858753,0,0.0,0
5984,41.60339603738626,4,2,9.36522686826049,5,0.9777867667447928,0,0.0,0
5985,49.621013037673606,6,6,1.2367770480734244,3,0.7080523670813303,0,0.0,0
5986,28.32919942434308,3,6,17.078917791146758,4,0.44542577332242184,0,0.0,0
5987,50.83928194007929,3,3,23.70242212834121,4,1.000249157159549,0,0.0,0
5988,32.935298517365354,4,5,20.005520901749065,1,0.22781100907469332,0,0.0,0
5989,34.70353322989029,3,6,5.758392169956828,7,1.0006756143564006,0,0.0,0
5990,21.871378542594496,2,6,0.0,6,0.9815802738488044,1,90179.55548189647,1
5991,35.73974800126953,3,1,9.592632010589389,5,0.9998633533820174,0,0.0,0
5992,35.11994309734622,5,3,14.436839793454629,1,0.9588704723865278,0,0.0,0
5993,38.27902754763136,3,1,4.668526455082612,4,0.49702262598356495,0,0.0,0
5994,29.51832731600279,3,3,8.822742609280114,5,0.4983089620000587,0,0.0,0
5995,44.10288406505249,2,3,10.925953688432708,4,0.9241396403180219,0,0.0,0
5996,32.39996362314889,3,1,14.964670690087166,2,0.575209769721611,0,0.0,0
5997,58.43737699643288,1,5,6.697644401226002,7,0.9999899188143277,0,0.0,0
5998,23.555699522155013,4,2,8.389598487470534,4,0.3714496592452751,0,0.0,0
5999,28.86418954475489,3,6,12.730368410833414,2,0.8075716588082553,0,0.0,0
6000,15.197016262616806,2,2,15.720399490725743,1,0.4897696588304199,0,0.0,0
6001,46.185294883043085,4,3,16.931511735281966,7,0.9997358404791026,0,0.0,0
6002,24.99815349730485,2,5,3.6913882169745182,1,0.9597356116601856,0,0.0,0
6003,46.7872990749871,3,4,3.7392487119579627,3,0.3196211865582587,0,0.0,0
6004,33.97393716575031,5,4,19.99335573892232,7,0.7960039160266765,0,0.0,0
6005,5.255357477020226,3,1,11.556500296486973,2,0.6392636629094626,0,0.0,0
6006,52.39437658643157,3,2,17.904175070092233,7,1.0000654298011376,0,0.0,0
6007,29.931059736415374,1,2,3.02355102022695,6,0.2863899566310897,0,0.0,0
6008,27.23714103150551,1,3,16.422132306968727,6,0.4924144864685849,0,0.0,0
6009,34.258531594547975,2,5,8.734559511416778,3,0.9474737746462787,0,0.0,0
6010,63.06080140737417,3,1,5.401810270027359,5,1.0002770095242068,0,0.0,0
6011,39.61721031641106,4,2,16.67136171341285,3,0.07173724807291604,0,0.0,0
6012,48.55131491433019,3,3,1.859817320342719,4,0.9998494472349828,0,0.0,0
6013,52.798284682560855,4,2,6.517623976926671,7,0.9998746844722457,0,0.0,0
6014,44.711147710644894,3,5,15.274594239890686,2,1.000705291796209,0,0.0,0
6015,56.07763481417442,3,1,13.575545944036659,1,0.9999778740581384,0,0.0,0
6016,9.790883229170092,3,5,14.946620991140705,1,0.928830662516376,0,0.0,0
6017,55.80255292686322,2,3,9.574906494936517,2,1.0000939359139278,0,0.0,0
6018,32.97503624024902,3,3,20.00028866767339,3,0.5136919027451247,0,0.0,0
6019,28.93835353829759,0,2,12.804377144224107,1,0.3822888743812145,0,0.0,0
6020,20.500774047211266,5,5,1.6624084907268397,1,0.297680576124659,0,0.0,0
6021,54.632699277624944,3,6,17.34332345224957,3,0.12611486465758326,0,0.0,0
6022,23.549137852890055,5,6,6.964028864589514,2,0.5819326874936075,0,0.0,0
6023,57.59252751091739,2,6,11.95704574717045,7,0.4060707668821689,0,0.0,0
6024,38.8686179294503,4,6,9.835978122376789,7,0.43872249977320754,0,0.0,0
6025,21.570269838058685,1,3,11.753599740895794,3,1.000222958907007,0,0.0,0
6026,42.90971256682773,2,1,4.570554925997648,3,0.9996871356474282,0,0.0,0
6027,52.135489247899756,2,3,0.0,3,0.0,0,0.0,0
6028,48.1389204361135,1,6,11.12593086478378,7,0.9993312572750824,0,0.0,0
6029,56.75459013374088,2,1,12.0501061620624,5,0.25919244827191423,0,0.0,0
6030,46.06972089560961,4,1,15.303524316295121,6,0.4999624197196653,0,0.0,0
6031,36.95978578088238,2,1,4.2547991083502374,2,0.30127572818546233,0,0.0,0
6032,37.54836429448643,6,6,16.42191797575293,2,0.37883777302694777,0,0.0,0
6033,39.99160581137035,4,1,17.281311283175178,6,0.7138462388688185,0,0.0,0
6034,44.978158691364925,2,6,17.391953219309002,7,0.5737779852144183,0,0.0,0
6035,47.92790562292304,3,4,7.407897126204797,7,0.892036357924069,0,0.0,0
6036,24.858144293716883,4,1,16.621009565853075,3,0.43997661325735327,0,0.0,0
6037,45.332931699113416,3,3,15.733791020358616,7,0.9999690050579682,0,0.0,0
6038,46.26143171062117,4,3,9.514211537074745,3,0.49574251676918524,0,0.0,0
6039,59.83196138277785,3,4,13.003505566833812,1,1.0165050654178334,0,0.0,0
6040,25.688127194589708,4,2,9.731390361142434,4,0.9716465649903814,0,0.0,0
6041,49.62319509609822,1,3,18.819736730752357,7,0.9998605019369664,0,0.0,0
6042,40.87689828458296,3,1,5.533486472223191,0,0.1289654498049777,0,0.0,0
6043,47.16450070300466,6,3,5.923154950513824,3,1.000210027351866,0,0.0,0
6044,51.86194263653069,2,2,22.048910626013267,6,0.9996797339067081,0,0.0,0
6045,56.87257154478231,1,1,5.862305480141182,6,1.000304055382205,0,0.0,0
6046,28.375215913701616,6,2,11.494261994763184,5,0.5635221065433477,0,0.0,0
6047,31.217296985414386,2,6,3.548282675730859,4,0.13313232042676293,0,0.0,0
6048,43.98661584852954,4,0,19.99490385403191,1,0.43961376308224265,0,0.0,0
6049,22.90533109357474,4,3,7.90713287820369,1,0.2438474766482021,0,0.0,0
6050,36.06996283919397,2,2,9.065895324133193,5,0.42157693857043216,0,0.0,0
6051,35.53646142984573,1,4,1.3521367007305454,4,0.3888107491760072,0,0.0,0
6052,35.14272466391587,3,3,10.002765432982464,5,1.000239894850846,0,0.0,0
6053,73.62326236529316,3,3,0.0,7,1.000302804000262,0,0.0,0
6054,42.833025631557675,4,6,13.477916132106259,0,0.5250328079065393,0,0.0,0
6055,29.552876874580456,3,1,14.263170084954286,2,1.0004646118140075,0,0.0,0
6056,45.63720577544169,4,3,12.385737049302382,7,1.000556799297605,0,0.0,0
6057,60.791660884909206,3,1,15.569819518339242,7,1.0004217943732765,0,0.0,0
6058,23.105100759145518,3,6,2.9264413483910072,6,1.0909335619898692,0,0.0,0
6059,55.174347441337616,2,1,10.865156088341992,7,0.5263448231622789,0,0.0,0
6060,63.711472369000774,3,4,13.774819943370503,4,0.9998154682020837,0,0.0,0
6061,44.29641991098628,4,1,3.756642920394931,2,0.6211472272964483,0,0.0,0
6062,42.109939199080046,2,1,6.778710542779482,2,0.4162389699499824,0,0.0,0
6063,44.14829043091963,1,3,0.3282839820087453,0,0.8593526661169587,0,0.0,0
6064,40.04766458961834,5,5,4.897801898181428,3,0.20276157828609015,0,0.0,0
6065,52.3126803691784,5,2,9.181608368808368,7,0.47030384459256497,0,0.0,0
6066,32.4832922693868,3,3,7.015244238522489,3,0.9993258915290427,0,0.0,0
6067,38.176256209958765,3,6,12.9626709688758,5,0.9994552320225154,0,0.0,0
6068,28.624086092627223,2,4,10.282313602008617,4,0.14683505392357155,0,0.0,0
6069,32.777133203318535,2,1,17.911003386475336,3,1.0004977254426055,0,0.0,0
6070,44.54008384294876,2,4,0.0,2,0.4630752456780932,0,0.0,0
6071,56.434888434334454,2,3,9.309644344397052,7,0.9993010954300241,0,0.0,0
6072,31.929920793030558,4,3,9.392841872207022,1,0.46397760688444145,0,0.0,0
6073,35.850609643663645,4,6,19.760113198044852,7,1.0002752914202153,0,0.0,0
6074,20.080213771895913,2,4,0.0,7,0.9646532276809062,0,0.0,0
6075,36.575934680597356,3,3,3.6775578043392425,1,1.0001701048817457,0,0.0,0
6076,45.94722777645704,1,6,16.72110306940408,7,0.9996501225072159,0,0.0,0
6077,14.90999656063439,3,5,19.690625988684864,1,0.0,0,0.0,0
6078,58.884901458706224,3,3,11.756537255134488,5,1.0002359859384071,0,0.0,0
6079,72.98600013854808,5,3,12.88251502768345,7,1.0006620814281248,0,0.0,0
6080,40.45563604708842,3,3,10.530952644904927,4,1.0004470358667195,0,0.0,0
6081,47.82200078787571,5,6,0.0,7,0.33611900045183857,0,0.0,0
6082,23.933001165273986,2,3,11.508424389739758,2,0.13689338637462845,1,3980.900580014537,1
6083,47.9849051260081,4,3,0.4316104524297959,7,1.0001930233721221,0,0.0,0
6084,49.253946316576396,1,1,0.992507402729979,3,0.4781958774887043,0,0.0,0
6085,40.3515747887227,4,4,20.002406461682213,1,1.0004979951417956,0,0.0,0
6086,17.053659743352807,1,4,4.284499785280028,2,0.8035759977516777,1,5736.875998793264,1
6087,39.61022030330461,0,3,5.089614614314188,4,0.36704316202646514,0,0.0,0
6088,44.827835606602775,3,5,3.1038181246825207,7,0.9445056753204719,0,0.0,0
6089,43.45818905954333,3,4,19.990337891275825,1,0.6774677852386176,0,0.0,0
6090,25.15108325970047,2,3,8.980780981775332,1,0.999964415535957,0,0.0,0
6091,42.989404465240284,2,5,15.540448528715123,7,1.0000223441137193,0,0.0,0
6092,29.198811211367094,5,3,3.8828525386521573,0,0.4019606457022853,0,0.0,0
6093,48.053862814346495,2,3,8.584392255716516,4,0.49869011598647234,0,0.0,0
6094,38.73250768303891,5,7,11.838884750935305,1,0.48111580137679333,0,0.0,0
6095,29.49441454926648,3,2,5.915519032852366,2,0.9752085530485106,0,0.0,0
6096,28.83585911967819,1,5,0.0,5,0.452499251874774,0,0.0,0
6097,43.09820203901822,4,2,10.639432887227406,5,0.9943918154301131,0,0.0,0
6098,60.24669566364096,1,1,10.288743145713378,2,0.8735882770550644,0,0.0,0
6099,30.749809664121692,5,1,0.6647225447027179,2,0.4547957086744152,0,0.0,0
6100,23.545080026096326,2,6,15.855607244021286,0,0.21065902420893334,0,0.0,0
6101,28.643027172853447,3,2,14.797860314119497,2,0.6629252357523806,0,0.0,0
6102,45.4468602497378,3,1,27.098302330019393,4,1.0000181120734204,0,0.0,0
6103,50.182314045524585,3,2,8.705366973199725,4,0.4518211327249122,0,0.0,0
6104,59.25770164561119,3,6,8.473530150891571,5,0.9502833483214601,0,0.0,0
6105,56.81969639696311,4,4,0.0,6,0.4592212058077462,0,0.0,0
6106,15.918425568276994,4,1,10.921991396326321,4,0.5026091771474561,0,0.0,0
6107,43.05651515913839,1,2,12.490356590083847,2,0.0,0,0.0,0
6108,48.32474564361049,2,6,9.755204201897554,5,1.00022105685076,0,0.0,0
6109,36.07543768383057,3,5,9.395629792381323,5,0.23659260076397076,0,0.0,0
6110,42.604683869200784,3,1,1.0653609678415226,2,0.19013532570174058,0,0.0,0
6111,38.37064087393842,0,3,14.778689978697052,3,0.7135239574338763,0,0.0,0
6112,42.36661111446578,3,6,8.415536053139508,7,0.40427892379638064,0,0.0,0
6113,50.85756610843632,6,3,13.446665569974027,0,0.46123797485587104,0,0.0,0
6114,48.159227005617,4,4,14.473193147547036,7,0.9431574174582452,0,0.0,0
6115,57.213978705544974,3,7,9.387425492424779,6,0.5804931698302099,0,0.0,0
6116,80.12070728233306,3,5,0.0,1,0.49488064510627683,0,0.0,0
6117,29.464177721305944,4,5,20.607773576012278,2,0.22080750323866155,0,0.0,0
6118,43.58892293844406,3,6,16.363396881441233,7,0.9999585998910675,0,0.0,0
6119,50.26395766300672,3,3,12.370635750589187,2,0.9993790306680395,0,0.0,0
6120,40.0737106405029,4,6,8.632092962195387,3,1.0004841932488377,0,0.0,0
6121,43.75854891983822,2,3,4.790446732596274,7,1.000163123133426,0,0.0,0
6122,46.949539890307165,3,1,12.347368551869925,2,0.49994085445666303,0,0.0,0
6123,39.28079615909282,3,3,14.888939794812423,7,1.0003168116908723,0,0.0,0
6124,30.462896070299532,2,1,1.8909626786437403,4,0.5648883156679017,0,0.0,0
6125,36.79844387287697,2,3,2.990588459512219,4,0.26257786335627575,0,0.0,0
6126,23.62425925829389,5,6,2.6637135668116567,1,0.7120346560806624,0,0.0,0
6127,30.37787077144915,3,6,24.289828377801204,6,1.0280693467159978,0,0.0,0
6128,57.40901522072435,3,3,13.356611858108472,7,0.4087426142082478,0,0.0,0
6129,49.99931781212079,4,4,17.50443687632744,1,0.9791638070692559,0,0.0,0
6130,78.4462184333966,3,4,19.81126442865154,3,0.5237937017003849,0,0.0,0
6131,36.73902449544316,2,6,13.85955919039607,7,0.6203782378783429,0,0.0,0
6132,26.554551351743832,3,6,8.425831748441372,2,0.5404805791284382,0,0.0,0
6133,43.913048948997684,3,2,5.598547166126018,4,0.999667339258759,0,0.0,0
6134,53.09057666332958,3,4,18.199091379142445,7,0.5887610608598304,0,0.0,0
6135,36.16048892170814,3,3,13.705940446137184,1,0.3288661750589898,0,0.0,0
6136,34.85317200345979,4,6,8.616715071899758,5,0.4330586886869194,0,0.0,0
6137,76.71987727353138,4,4,20.006993025118646,1,0.9996142370763003,0,0.0,0
6138,44.263565913235766,1,2,14.866459271081224,1,0.3733420453501969,0,0.0,0
6139,55.51947655068466,1,5,11.649459714572261,3,0.4976439189295316,0,0.0,0
6140,46.554948286318904,1,2,11.511160750658464,1,0.6672608128064805,0,0.0,0
6141,50.56615329600905,3,1,9.377134097616523,4,0.5013268749736808,0,0.0,0
6142,36.1869357970068,3,3,9.93813528949784,3,1.0003718442230203,0,0.0,0
6143,35.619046867899996,2,2,12.1377024478423,7,0.9997843728189098,0,0.0,0
6144,72.12314492881244,3,4,19.99898207445485,1,1.0609863694418618,0,0.0,0
6145,31.976173419555007,2,3,11.318146747883661,4,0.08434682275011207,0,0.0,0
6146,29.409012159674095,1,3,3.873068448057885,6,0.792083780577748,0,0.0,0
6147,53.478345471858546,2,4,0.7743301501705506,4,0.5979325843148002,0,0.0,0
6148,63.1161227414725,5,6,2.443896967868504,6,0.3408531086725229,0,0.0,0
6149,46.28104672548052,3,2,6.707850366382102,7,0.5997043298676296,0,0.0,0
6150,42.11182244708385,0,3,6.337109650594324,3,0.4995041488660591,0,0.0,0
6151,35.90949461057236,5,4,8.03499691012047,7,0.24017041470305817,0,0.0,0
6152,47.752968528881276,6,3,15.134361390118725,3,0.42495958705609604,0,0.0,0
6153,57.28732020953263,2,6,18.336977682431296,7,0.9997678060118464,0,0.0,0
6154,42.762134293798745,1,1,0.0,4,0.9998269519131756,0,0.0,0
6155,29.390364739342488,1,7,1.510377406129594,8,0.0,0,0.0,0
6156,49.7637588175862,5,1,3.315907582999759,2,0.9995388710874141,0,0.0,0
6157,66.53768869349295,5,3,0.030427391640387214,4,0.9997578949846102,0,0.0,0
6158,34.39828683323369,1,5,15.160186319022179,5,0.2804721244565611,0,0.0,0
6159,50.25649766993536,3,1,14.817861319056494,3,1.0002897215562103,0,0.0,0
6160,60.70728253433405,3,3,13.567532746108999,4,0.4117796288320495,0,0.0,0
6161,28.853695117305865,2,7,6.5629975471596955,7,0.17742770396601337,0,0.0,0
6162,55.98437613667839,7,6,10.750051008458145,7,0.717889393502762,0,0.0,0
6163,34.18640646144658,3,1,3.226612288014853,3,0.7141826411733279,0,0.0,0
6164,31.159133472230454,3,2,8.806734958528498,6,1.0001089008900197,0,0.0,0
6165,42.02191689754404,5,1,1.479719542748077,1,1.0000521665712505,0,0.0,0
6166,68.49992523174069,5,1,8.502099190910368,7,0.9348243130907383,0,0.0,0
6167,52.9729938839246,0,3,15.225196729321635,3,0.5485151549589398,0,0.0,0
6168,46.336352200787644,2,3,4.970891783582603,2,0.0,0,0.0,0
6169,50.12689929752617,4,6,12.994512546691242,3,0.6163448314207505,0,0.0,0
6170,50.51809152607648,2,1,22.939159713299635,5,0.9999465418245403,0,0.0,0
6171,31.52326889395421,5,1,7.17332641115699,1,0.6441460741231536,0,0.0,0
6172,40.33099040240575,2,3,5.675625709541275,7,1.0002296774025776,0,0.0,0
6173,17.172422806811017,3,3,12.930475865153477,3,0.9998760581795616,0,0.0,0
6174,60.33607713800855,3,1,6.403122591322322,3,0.5021754115684582,0,0.0,0
6175,22.51620559143517,2,6,11.011046241700166,4,0.3797933451142725,0,0.0,0
6176,35.61574729320357,2,3,3.2668891118487062,4,1.0005115261029736,0,0.0,0
6177,39.49612008414975,2,3,10.701050565201548,2,0.5408427164494027,0,0.0,0
6178,53.039824108507666,6,3,18.654664871016532,4,0.0,0,0.0,0
6179,38.24520462382863,3,3,9.935541303144854,0,0.4939433294397827,0,0.0,0
6180,49.06918819031374,3,4,13.318340855589819,7,0.999587605221962,1,6081.373647475781,1
6181,54.45820502830659,2,2,13.997581580203931,7,0.25093174237703164,0,0.0,0
6182,38.49977619855782,2,4,19.985660248988466,1,0.9998086336177692,0,0.0,0
6183,56.54955011043863,3,3,12.018835687754347,6,0.9995492728621576,0,0.0,0
6184,58.02134544353426,4,3,0.5638405788007876,3,1.000075953168028,0,0.0,0
6185,40.60367323979227,2,3,22.80383962902392,5,0.499710361141778,0,0.0,0
6186,34.676787360857986,2,1,2.602667087050916,0,0.5002141353462248,0,0.0,0
6187,47.4011102756897,3,1,11.824349302376335,2,0.45196924260130805,0,0.0,0
6188,47.70740630104088,2,2,11.340589934467221,4,0.3311305088782409,0,0.0,0
6189,18.821845566569834,4,5,10.333767658460944,3,0.2750094102876856,0,0.0,0
6190,41.861867672542,3,1,18.174188573620384,7,0.4752043649540759,0,0.0,0
6191,36.68519567515129,3,1,11.975806555272712,3,0.5024677234450732,0,0.0,0
6192,35.6681848516126,3,2,15.010055573966179,7,1.0001673444726125,0,0.0,0
6193,45.889906937738,1,3,8.629781397848992,6,0.6056793861256287,0,0.0,0
6194,57.10343825324817,0,1,19.986911182771305,7,0.9631217105548974,0,0.0,0
6195,53.68518292742898,1,3,9.221254074376859,0,0.999712171007715,0,0.0,0
6196,44.15468678021032,3,3,10.315860800149029,2,0.5877185956728188,0,0.0,0
6197,26.961734036046536,3,3,6.966159146773568,7,1.0000109714654246,0,0.0,0
6198,48.76257315691403,2,1,0.0,7,0.9265093508579213,0,0.0,0
6199,35.712614789081336,2,6,11.63540357191162,7,0.9998795849879913,0,0.0,0
6200,52.28990908366997,3,2,11.642597498743829,1,0.5561186044021353,0,0.0,0
6201,39.92350812111797,2,6,14.186830102548013,2,1.0003506024113058,0,0.0,0
6202,69.77929185488978,5,6,9.410512535116581,7,1.000030231507355,0,0.0,0
6203,24.62476330169539,2,1,15.023645582165173,3,1.0001516868486062,0,0.0,0
6204,30.7746291079807,2,1,1.9983118839299383,4,0.4666693838914506,1,7269.088806450435,1
6205,41.09514727169303,6,1,5.369254729384139,5,0.1974296482366596,0,0.0,0
6206,24.87506954389877,4,4,20.787379467646666,6,0.014941289226306442,0,0.0,0
6207,38.47356602489653,5,1,15.590147285868497,1,0.39795835250890343,0,0.0,0
6208,51.758494139009144,2,3,19.255306346175274,3,0.9993197161116047,0,0.0,0
6209,60.80721307706273,3,6,2.311204771496083,7,1.0002849675482381,0,0.0,0
6210,24.756367933024713,4,3,16.573820621341135,2,0.9256110828518498,0,0.0,0
6211,54.606342764156146,1,6,18.552900038882658,7,0.9992498919504662,0,0.0,0
6212,54.85321338724517,3,1,2.7097810809067795,4,0.5040214334578877,0,0.0,0
6213,51.50057547082148,4,1,2.121920209073318,7,0.9998054001618244,0,0.0,0
6214,45.70160917170128,3,2,12.573093228256434,6,0.4525439968102972,0,0.0,0
6215,44.43832144889728,4,3,5.796304272885837,7,0.18153712176897507,0,0.0,0
6216,38.67945253134032,3,4,14.166556564515135,1,0.9993246791206675,0,0.0,0
6217,51.8846895433209,3,6,13.248277264596931,2,0.999789821832145,0,0.0,0
6218,18.585694439573942,2,1,7.765867140578095,7,0.45770173374081646,0,0.0,0
6219,44.208553733800564,4,6,11.675240651937465,7,1.000155765037924,0,0.0,0
6220,39.2167871459098,3,3,8.895370243195812,5,0.7630516227138016,0,0.0,0
6221,38.860985313594874,3,1,12.415756976706044,2,0.7205381865488307,0,0.0,0
6222,56.174979609279916,4,3,7.983412180766404,7,1.0001958690583683,0,0.0,0
6223,25.722121799446565,3,1,9.85385847002032,4,1.0003466355474149,0,0.0,0
6224,32.042733764676825,1,3,4.195141963985768,1,0.9661397986026299,0,0.0,0
6225,30.4534074803043,4,1,3.44026927868531,1,0.38398394885029824,0,0.0,0
6226,36.88390752955725,2,3,9.914915267185089,3,0.9998604567387495,0,0.0,0
6227,54.367968908433554,4,6,2.036016099539692,3,1.0000891537847556,0,0.0,0
6228,35.87455464200034,5,0,20.00281479236842,1,0.664785601252005,0,0.0,0
6229,49.78890237329345,3,4,19.99495980566401,1,0.04683546339955913,0,0.0,0
6230,23.793794021322466,2,5,0.28233570138630704,4,0.9691916653171389,0,0.0,0
6231,53.66912822206723,4,3,4.898518583475937,3,0.4759443579684973,0,0.0,0
6232,56.00610148842354,6,3,13.22415250850024,1,0.40684235813320124,0,0.0,0
6233,35.3251437416214,3,6,13.696800548560631,1,0.991068301534792,0,0.0,0
6234,57.20771434572754,6,3,12.441499684615023,1,0.5609211377142774,0,0.0,0
6235,33.10911218655871,2,6,3.658386407453338,7,1.0002622446627094,0,0.0,0
6236,36.03553679151009,3,2,5.532457997344585,7,1.0004039218596612,0,0.0,0
6237,51.252359849156676,2,4,18.125112055174856,7,0.8957218836092252,0,0.0,0
6238,52.526823963427375,2,3,8.495273701762331,3,0.17792457905638048,0,0.0,0
6239,26.548155947982167,3,3,4.5972913651372025,3,0.2606723665587561,0,0.0,0
6240,47.0860666144072,3,1,0.0,7,0.34235613410124793,0,0.0,0
6241,39.65643386310711,4,3,23.16636473021878,3,0.4993497649702221,0,0.0,0
6242,38.99417967240438,2,3,7.564725894732561,3,0.49181397864501364,0,0.0,0
6243,26.214186099807016,2,1,14.99239893493063,4,1.000218984766506,0,0.0,0
6244,53.26222021436861,4,5,0.0,7,0.9998720063841342,0,0.0,0
6245,58.348892200587386,5,3,14.014694969983687,6,0.9997968946973096,0,0.0,0
6246,27.715311414525516,3,4,8.686955657590115,1,0.30289873723484223,0,0.0,0
6247,35.607580342001924,4,3,8.344951460246552,2,0.504230515991841,0,0.0,0
6248,55.85010951567475,2,3,14.238505288126754,7,1.0003298997223475,0,0.0,0
6249,14.386228437835111,4,6,15.172896935267396,5,0.38964587787602945,0,0.0,0
6250,42.55365292212181,3,1,9.24467371683449,7,0.9994133504799672,0,0.0,0
6251,28.670925973160205,5,2,6.554006791691303,8,0.2860515558550412,0,0.0,0
6252,20.709887085173904,1,4,6.45038690406659,2,0.01203611676341565,0,0.0,0
6253,38.94966790834763,3,1,0.0,7,1.0001218358340598,0,0.0,0
6254,53.27752467639416,3,1,16.867612661115494,7,0.9999314436194263,0,0.0,0
6255,44.46918109790276,3,3,11.216380060911797,1,0.7037403073670278,0,0.0,0
6256,42.31799946534392,3,4,19.543302695102394,5,0.5766642085396693,0,0.0,0
6257,42.52486888202549,5,6,15.272788217683736,1,0.9806062564781973,0,0.0,0
6258,23.983788008956466,2,2,2.5907371968481137,1,0.8808948659295603,0,0.0,0
6259,76.25263955003801,1,5,17.95006222448722,1,1.3798320057585758,0,0.0,0
6260,27.970839187205904,4,6,9.475099516040792,7,0.24406216148939314,0,0.0,0
6261,61.42449400292027,1,6,11.213536934498165,1,0.5104513727561693,0,0.0,0
6262,28.957136920807468,4,2,7.95796017582601,3,0.48014097045280013,0,0.0,0
6263,54.00208210298918,1,6,3.0006706462945747,7,0.5895453152371144,1,108502.86578999169,1
6264,44.9475704611993,1,3,16.18159867124225,2,0.49914351577833943,0,0.0,0
6265,51.40353961916974,4,3,14.17794459145998,7,1.0000694688398224,0,0.0,0
6266,46.01660305771137,5,3,3.138846844049225,2,0.6511531376809849,0,0.0,0
6267,28.823560416683137,2,3,12.36288939982528,1,0.9997653004480128,0,0.0,0
6268,44.4165936509986,2,5,6.895280082548344,2,0.0,0,0.0,0
6269,48.75763841341344,3,2,14.724698874638406,6,0.4345742701389052,0,0.0,0
6270,52.76901662224507,4,3,3.518443536937852,7,0.3212049946914544,0,0.0,0
6271,38.662291114709,1,6,5.031378473077812,1,0.9671399632799462,0,0.0,0
6272,31.432034172148306,3,1,11.244451967958172,2,0.4663767085512742,0,0.0,0
6273,54.46990014653498,3,3,6.9129824592569,1,0.4981523632234072,0,0.0,0
6274,44.79126894358513,4,1,6.9287526381459195,1,0.34409058164135675,0,0.0,0
6275,48.23428535130554,2,4,9.235607794345897,1,0.7286070455077709,0,0.0,0
6276,13.790884585168484,2,4,16.236494981488484,4,0.21457804354088067,0,0.0,0
6277,42.17999609277636,2,1,6.585612653736365,3,0.9998117234186616,0,0.0,0
6278,28.470050286194095,3,1,7.019638440983639,3,0.07567361109817083,0,0.0,0
6279,40.48597803441113,4,1,2.5165915829825884,7,0.999598643066908,0,0.0,0
6280,31.842322464149525,3,1,20.005328560797366,2,0.552637108608515,0,0.0,0
6281,50.23538356555366,2,1,10.624033738316335,5,0.4985366632309901,0,0.0,0
6282,36.695329517468636,4,6,14.080081103065638,0,0.10398100545778477,0,0.0,0
6283,30.373861912011666,4,1,13.273413083113821,4,0.5013165503783241,0,0.0,0
6284,26.22087016664324,2,5,16.583285946750213,1,0.395927928568957,0,0.0,0
6285,44.65805710303094,3,2,18.285891626814625,7,1.0000864821127031,0,0.0,0
6286,41.25163875204498,5,5,19.36387345989,1,0.6822377099096713,0,0.0,0
6287,34.598577063452396,3,2,15.489408490211591,5,0.9997862902031275,0,0.0,0
6288,46.6833498112456,3,3,21.39301166912798,7,0.9999907271374521,0,0.0,0
6289,52.27975994213158,5,1,20.514928128770485,7,0.9997186003922349,0,0.0,0
6290,36.7274032304556,2,3,16.248436799278096,5,0.9996496849686733,0,0.0,0
6291,56.98327250225867,3,6,12.256515890458267,7,0.9999854651412847,0,0.0,0
6292,23.665872235638368,3,2,13.76727195761991,2,0.4700772134385206,0,0.0,0
6293,35.97169790651823,3,3,5.998822546570016,0,0.0,0,0.0,0
6294,23.614003939490768,4,6,5.504087369727247,2,0.05415049934515437,0,0.0,0
6295,41.25070702352454,3,1,9.222649879927477,7,1.0000703724461966,0,0.0,0
6296,32.600366681101896,1,1,9.606505242049334,3,0.9808153577334342,0,0.0,0
6297,61.59752542964078,5,1,1.3740380610135468,3,0.29696278448601027,0,0.0,0
6298,32.45347442631961,2,1,11.119147084418758,3,0.5064571461639983,0,0.0,0
6299,54.1342298491058,4,3,12.162891911934995,7,1.1734145222904455,0,0.0,0
6300,30.61487662333694,4,6,12.677736577437276,1,0.98646488566848,0,0.0,0
6301,24.259526701635743,2,3,12.654313527775342,2,0.10000575127679279,0,0.0,0
6302,57.81582326003091,3,4,20.002847703275272,1,0.634925370580426,0,0.0,0
6303,46.84091484244273,3,6,20.963083204738524,3,1.0000814595121186,0,0.0,0
6304,49.29865517090801,6,1,10.418598200908418,4,0.5733264815392828,0,0.0,0
6305,66.35067256638635,3,5,21.594468594137435,1,0.12490233509688775,0,0.0,0
6306,16.845828954773754,1,4,0.0,2,0.2774707128076295,0,0.0,0
6307,51.22071360398071,4,1,11.235226877235776,5,0.49971224325837893,0,0.0,0
6308,38.77522938620674,3,4,20.0000637492708,1,0.22121512199589427,0,0.0,0
6309,33.79760217210749,4,4,20.00120229763527,3,0.3714008008976473,0,0.0,0
6310,22.75301603772897,2,5,11.600312498769318,3,1.0068993417032819,0,0.0,0
6311,35.95972698134038,3,6,9.053052863257104,6,1.0827687073669987,0,0.0,0
6312,33.856364499275344,5,3,1.44321468272158,3,0.5036435180349788,0,0.0,0
6313,44.92246215176513,4,3,15.227470294713518,3,0.6487932576875007,0,0.0,0
6314,49.001471318392475,2,1,2.6223336285728216,4,1.0001167783349636,0,0.0,0
6315,38.8936701604185,1,1,2.6823472514956617,6,0.5332608510175678,0,0.0,0
6316,47.38586320703875,3,1,8.354257062394778,7,1.000378054515052,0,0.0,0
6317,38.67789765709417,2,3,16.17262564285416,4,0.2446310396852271,0,0.0,0
6318,28.29349815121803,5,3,20.158514802270368,3,0.3329943141561789,0,0.0,0
6319,34.82023788723131,3,3,0.0,5,1.0000048250233133,0,0.0,0
6320,62.90066688287547,0,3,17.525511171821,7,0.9996493877719491,0,0.0,0
6321,77.26927442846146,1,3,18.669719227613285,7,0.9999260259526354,0,0.0,0
6322,40.11443455069415,2,1,5.421404768746645,7,0.3292875976118733,0,0.0,0
6323,60.990614147745724,3,3,6.660345475234924,6,0.5010808622491516,0,0.0,0
6324,46.57325714436858,2,6,7.80023546594693,4,1.0004890061891205,0,0.0,0
6325,48.54456128833894,1,4,6.221862458037407,7,1.218238211349743,0,0.0,0
6326,25.19096251753872,3,2,5.149808676349956,3,0.5821318886888804,0,0.0,0
6327,43.46487722037192,3,1,5.967393489176644,3,1.0001624045180593,0,0.0,0
6328,67.88739822384406,3,3,17.16229176908208,4,0.42559362089147024,0,0.0,0
6329,26.348226360071127,3,6,14.021991035704733,2,0.7906478178451507,0,0.0,0
6330,23.365606073954286,5,6,10.520558138072214,2,0.4938539304948115,0,0.0,0
6331,57.831667210544936,1,3,6.8919125696469345,1,1.000041960675874,0,0.0,0
6332,43.49475488637695,1,3,10.461826349090899,0,1.00058381419388,0,0.0,0
6333,34.70712348201367,1,3,19.68507871970045,1,0.9756605190643315,0,0.0,0
6334,49.942346836141006,4,5,17.038099234718423,3,0.9998358264106185,0,0.0,0
6335,32.304971112981434,5,5,14.333198904402535,4,1.0001342937840043,0,0.0,0
6336,44.343031189851025,3,3,7.2833251970681925,1,1.0003477193230383,0,0.0,0
6337,44.63377834967517,4,1,19.997397310818684,1,0.6849057225698422,0,0.0,0
6338,53.86504744153949,2,6,2.3221549913978166,2,0.3855030378523263,0,0.0,0
6339,55.60436605353248,3,3,14.648616383256545,4,0.9999360932461963,0,0.0,0
6340,23.581842990932007,5,1,20.00550007029301,1,0.5916956105241398,0,0.0,0
6341,48.90248663896206,1,5,12.566725545878636,4,0.08679418807705663,0,0.0,0
6342,67.34325859309939,2,3,9.590988984633464,7,0.9997874302507108,0,0.0,0
6343,55.940563607113155,2,3,7.115831842982775,7,1.0001850817716367,0,0.0,0
6344,30.6887485195948,2,1,15.315824694802984,3,0.4904449475238919,0,0.0,0
6345,47.154473101950735,5,4,20.012226773327935,1,0.9997109301193947,0,0.0,0
6346,20.695943084838966,3,3,10.632287481784141,3,0.9918458930771128,0,0.0,0
6347,37.26340246555219,7,2,19.339647278500344,7,0.27512856729009755,0,0.0,0
6348,37.499652393396936,3,6,15.481935135602702,6,0.7880636461561962,0,0.0,0
6349,39.51125916298833,3,2,8.036213716225628,1,0.08452414882211712,0,0.0,0
6350,49.07481221680951,3,4,13.203307992234924,1,1.0001862458602897,0,0.0,0
6351,61.94910977085307,3,4,14.742272662283495,1,0.3999156905867404,0,0.0,0
6352,52.969697955843706,5,1,2.7542918375623593,3,0.4325315951397773,0,0.0,0
6353,20.454161365155297,2,3,1.159889540449683,2,0.9161832706411104,0,0.0,0
6354,42.96841040215889,4,1,16.212410340444784,5,0.9734037476028254,0,0.0,0
6355,52.47168862580013,2,6,4.157272113461459,4,0.29167807175675936,0,0.0,0
6356,48.71678172326969,3,5,16.29881602858982,6,1.0003137549937926,0,0.0,0
6357,33.863481924263084,3,6,8.39565021403031,0,1.0008864075194839,0,0.0,0
6358,33.901368560390765,3,3,4.155657334926289,1,0.9998508653618193,0,0.0,0
6359,43.56685694513103,5,4,5.3674202841260765,7,0.9492716356432143,0,0.0,0
6360,17.57887328387938,2,2,12.189120671450473,7,1.0003120761251978,0,0.0,0
6361,39.51741806854687,2,1,3.2548639277458307,1,0.9392288732064489,0,0.0,0
6362,28.014258417071822,5,1,2.696921392255085,2,0.06373218347094312,0,0.0,0
6363,30.94540689116412,3,1,10.621041747050953,3,0.27135776141475965,0,0.0,0
6364,44.48187327814693,4,3,7.961948118651387,3,0.9996906873229972,0,0.0,0
6365,48.0211834914431,3,6,8.787143321353444,7,1.0005838841830508,0,0.0,0
6366,59.34109410695379,3,4,18.687155564675166,1,0.5250423427003529,0,0.0,0
6367,45.174308786106266,2,1,0.0,7,0.9996798649930835,0,0.0,0
6368,40.49784030468463,5,3,12.162440609132277,3,0.10035495438758579,0,0.0,0
6369,23.47750980554959,4,3,5.63587669658545,1,0.5018461363573956,0,0.0,0
6370,49.37087121698471,3,1,20.007925426119066,1,0.7875323254746653,0,0.0,0
6371,33.76535686494157,2,6,11.994804782190455,7,0.4539291511888135,0,0.0,0
6372,46.67042276460127,4,6,0.053055000170852296,6,0.824523402112586,0,0.0,0
6373,43.27289801135752,2,5,19.994243158582414,1,0.22164968914907285,0,0.0,0
6374,54.70370434435108,2,1,5.62344581943909,2,0.42944120323317,0,0.0,0
6375,48.21088164681205,2,6,9.766465881004692,1,1.0269175031362976,0,0.0,0
6376,22.663957595873484,4,6,6.734024227705482,1,0.5494262225639008,0,0.0,0
6377,48.945358664592206,1,3,5.029849088851112,6,0.33812684688731676,0,0.0,0
6378,46.31111450198872,4,3,8.022884328426723,1,0.6649925380329547,0,0.0,0
6379,28.637359592204817,2,5,19.997979796041808,1,0.4511498944028788,0,0.0,0
6380,22.086653542370932,3,3,3.75382148627299,0,0.41264499990634085,0,0.0,0
6381,39.54404064778266,3,3,16.54611098825433,0,0.9997575799658289,0,0.0,0
6382,40.68124766390851,0,4,19.996081730740705,7,0.591333623412876,0,0.0,0
6383,30.511005233892416,0,1,4.585023993786377,3,0.9636745358723346,0,0.0,0
6384,8.75127170906869,3,7,12.360717142654464,2,1.000286531646243,0,0.0,0
6385,35.79275123753767,4,5,0.0,7,0.999622758347718,0,0.0,0
6386,41.2753260941744,2,1,16.599502004268174,2,0.9998839193158451,0,0.0,0
6387,24.327976267142606,2,7,1.994009878879064,4,0.0,0,0.0,0
6388,54.704429652988935,3,4,19.655762255140687,3,0.24958799922014602,0,0.0,0
6389,46.543245329874786,4,1,5.174359798795588,7,0.45262156560936245,0,0.0,0
6390,39.069016419375856,4,1,13.201525409752374,6,0.24375275896218596,0,0.0,0
6391,36.6433660522666,1,2,0.9822010197233197,6,0.1414685302911648,0,0.0,0
6392,42.07065970439809,3,3,5.23945734764262,0,0.9998677549340124,0,0.0,0
6393,57.0885117544598,2,3,5.136215721445168,1,1.000160016414331,0,0.0,0
6394,39.12805346514414,3,2,13.914403759307447,7,0.9992859460194369,0,0.0,0
6395,14.97703949936784,3,4,0.0,7,1.0541220661228943,0,0.0,0
6396,37.90804868395291,3,3,20.009152142270054,1,0.4061431582501996,0,0.0,0
6397,48.74090172361699,4,3,14.448237235363155,4,1.0002175154287223,0,0.0,0
6398,19.158525083272377,4,1,19.15535391680366,4,0.6188387317681254,0,0.0,0
6399,57.58418440954114,1,3,8.594008888526442,7,1.000234093338798,0,0.0,0
6400,34.29624697104805,3,2,10.630702498910377,3,0.17109578656855096,0,0.0,0
6401,65.28046618161324,2,6,11.12604133342922,7,0.9269878617558193,0,0.0,0
6402,52.85272773701581,1,2,13.012519343484607,7,0.8614335346734864,0,0.0,0
6403,30.631233453929358,2,6,7.800345895712736,2,0.1831360065525124,0,0.0,0
6404,30.48714461090327,5,1,12.085230383092442,6,0.9073722697097104,0,0.0,0
6405,22.4408564055281,3,2,6.222943441405952,2,0.24517442274316736,0,0.0,0
6406,35.15353654608439,3,3,12.41454354714459,3,0.9995974568799739,0,0.0,0
6407,53.04658648261079,4,1,19.99984960812819,1,0.9995340509121782,0,0.0,0
6408,54.74907458181966,3,2,0.0,7,1.0001452713863057,0,0.0,0
6409,40.200658039144734,5,3,14.57883219032577,4,0.9992146114090998,0,0.0,0
6410,48.25486266136882,6,4,21.733384564472928,2,0.0,0,0.0,0
6411,51.89693363525572,4,1,17.280066304715838,0,1.0000384814797445,0,0.0,0
6412,10.100214255676399,3,6,16.037251682072025,3,0.99991660109555,0,0.0,0
6413,43.4891138399887,4,6,6.725187453046936,7,0.5231231393624252,0,0.0,0
6414,38.99083063319657,2,3,7.088779139691396,7,1.000216243824358,0,0.0,0
6415,30.006418637096846,6,1,16.665477496085494,3,0.08659199019938679,0,0.0,0
6416,36.27731569887623,4,4,7.3079296212984035,7,0.9997215461676225,0,0.0,0
6417,55.434591806566544,3,3,15.093363830878914,7,1.000482460636602,0,0.0,0
6418,49.12906789068559,3,2,0.0,7,0.8993281411012518,0,0.0,0
6419,42.62961956536995,3,1,9.437015040900272,7,0.8407572868557007,0,0.0,0
6420,45.554125265239584,2,3,22.74526139584018,3,0.9998045758096088,0,0.0,0
6421,60.732327270883005,1,1,2.762974796722837,1,0.49846436787309656,0,0.0,0
6422,38.313026070152155,4,2,4.045973333057528,6,0.1873027460684501,0,0.0,0
6423,45.32378631789747,4,5,18.984764406236657,3,0.9993528766548849,0,0.0,0
6424,50.56272908431441,4,2,18.513552082198352,7,1.0001583099349092,0,0.0,0
6425,53.35234125877435,3,6,14.412194364966727,3,0.5871254464719079,0,0.0,0
6426,52.11645458701658,1,5,10.453475769595267,5,0.9733023230189273,0,0.0,0
6427,25.71420252497701,3,2,10.266084439859604,1,0.3042266187507811,0,0.0,0
6428,52.057172815407235,4,6,19.911463866202197,7,0.9994388426904771,0,0.0,0
6429,40.17388507376764,3,3,16.554205381868993,2,0.502428778132843,0,0.0,0
6430,39.06826389474824,3,1,3.7061050417940526,7,0.9996010454715787,0,0.0,0
6431,59.841147438879815,2,6,19.35938001428434,4,1.0004233391107245,0,0.0,0
6432,31.90645931649363,0,2,15.11573444077996,3,0.2903899322545634,0,0.0,0
6433,57.712217404115734,5,6,13.904749539885167,1,0.9301467738921629,0,0.0,0
6434,27.572833537748267,4,2,16.791353818674143,1,0.5081459031460717,0,0.0,0
6435,29.288452297509068,4,2,18.700057437496845,6,0.9735168695679894,0,0.0,0
6436,21.28768086504628,2,5,12.69614752852618,3,0.12817589449516031,0,0.0,0
6437,37.813865836238506,2,3,14.955659057793117,2,0.9995270441891286,0,0.0,0
6438,31.82275990467712,1,3,19.147660675980777,2,0.0,0,0.0,0
6439,45.09544588796528,2,4,19.004199604354614,7,0.9045676844237336,0,0.0,0
6440,28.61938282575285,3,2,12.957858782274327,4,0.7701729480490451,0,0.0,0
6441,40.237258554131074,3,6,7.913324256001761,2,0.9999588050024915,0,0.0,0
6442,40.92591821715905,4,3,13.613778303760323,7,0.9992624199779307,0,0.0,0
6443,26.28084256000485,5,2,9.788606166441532,4,0.35048831169828226,0,0.0,0
6444,32.19727284346854,4,2,19.99466778748208,1,0.6684688445227323,0,0.0,0
6445,43.40008112020924,3,2,8.028698687041981,1,0.9995069642090951,0,0.0,0
6446,36.273020970737505,4,6,9.830282467266024,3,1.000192995647625,0,0.0,0
6447,41.62345567439385,4,1,17.08322120353958,1,0.18545181729037796,0,0.0,0
6448,56.344268687682515,1,5,3.1294851562434607,4,0.434040091178483,0,0.0,0
6449,26.674148526932946,3,6,8.389773638870086,4,0.9999672616472004,0,0.0,0
6450,51.28205421644165,3,6,14.71841936321231,5,0.9998621160141734,0,0.0,0
6451,34.102965030552454,3,2,12.92224113584711,7,1.000229693260911,0,0.0,0
6452,48.612794505417575,3,1,21.72028216563784,7,0.9997563508548873,0,0.0,0
6453,51.95074106209039,3,1,0.0,7,1.000180555569516,0,0.0,0
6454,41.52024040293349,3,3,16.69115250661299,7,0.7330675345209916,0,0.0,0
6455,17.035255138858467,4,4,11.1925889152558,3,0.7616689049185639,0,0.0,0
6456,57.66316540303278,5,3,9.26089633313855,1,0.5308280978524406,0,0.0,0
6457,45.278441531401626,5,1,0.04439834931601894,3,0.8710295907497038,0,0.0,0
6458,32.99413086670451,3,1,12.557260480526987,5,0.6503211018850251,0,0.0,0
6459,20.311221871726822,2,3,3.8740695336960025,3,0.48853788492841316,0,0.0,0
6460,20.94606322593041,1,1,15.30153743233392,0,0.4733920997127091,0,0.0,0
6461,51.518925694738684,4,0,9.623469751976874,6,0.5319860333078886,0,0.0,0
6462,44.84462817873892,3,2,13.06464682731061,2,1.0002265192573367,0,0.0,0
6463,25.506848773997078,4,6,6.746918401434331,0,0.43687253170607576,0,0.0,0
6464,57.003129405337646,2,3,14.171811246504351,3,0.5001500209381491,0,0.0,0
6465,35.974562940392765,4,1,10.578985320356658,4,0.999798990459116,0,0.0,0
6466,69.01843518260641,2,3,10.746679739014445,7,0.999740414683698,0,0.0,0
6467,47.97144556528705,3,4,7.920479602122009,3,0.8151131175282712,0,0.0,0
6468,41.83649287126104,4,3,10.168103331038889,3,0.5228263781812887,0,0.0,0
6469,43.72422598309529,3,4,13.306834252447082,2,0.9992182815996591,0,0.0,0
6470,53.96830949724424,1,4,17.64397692738566,3,0.33425507998555126,0,0.0,0
6471,28.36375166995667,3,1,8.037321577909276,4,0.5018080857950953,0,0.0,0
6472,55.396095390711906,4,4,10.026105802466573,7,1.0002086789991216,0,0.0,0
6473,42.126460688881764,3,3,1.0941282028837147,7,0.9999107137115344,0,0.0,0
6474,39.552080421818054,3,4,8.530824235537802,1,0.3108943608270782,0,0.0,0
6475,32.06166705166322,2,3,15.823652705025504,3,0.3797308339062721,0,0.0,0
6476,51.16606382318957,2,6,13.217015977401095,7,0.9996160900732556,0,0.0,0
6477,51.11960623895089,2,4,20.002045932610066,7,0.7936196100694771,0,0.0,0
6478,36.44677754414215,5,5,3.2481596877133834,1,1.0000234519386824,0,0.0,0
6479,45.19510971539809,3,4,11.935628409414523,1,0.9696523140081581,0,0.0,0
6480,46.156530253458996,3,6,10.988307637277138,3,1.0000385288123435,0,0.0,0
6481,60.59547532173511,1,3,9.348504312878537,3,0.4926454168687665,0,0.0,0
6482,37.586916167480744,3,1,15.780731172493205,5,0.5852569721866798,0,0.0,0
6483,49.294787793296834,2,6,15.204346894803853,3,0.33943176955752025,0,0.0,0
6484,30.913381158754465,5,6,3.8249963804075824,7,0.5111473898496335,0,0.0,0
6485,48.2324710929264,4,6,21.35797136100409,7,0.703069176647254,0,0.0,0
6486,51.11549525486235,4,3,8.012006578623144,1,1.0008058241429594,0,0.0,0
6487,51.48164367754815,3,3,14.459707654572046,4,0.932809881302624,0,0.0,0
6488,45.79555000171772,4,5,11.535687771199418,7,0.9996509172767052,0,0.0,0
6489,51.32528824375841,4,3,14.75359965830432,6,0.6187005321748621,0,0.0,0
6490,44.469144981030816,3,6,9.947030906970724,0,0.6208999350712214,0,0.0,0
6491,44.10427922715654,6,1,27.895103937628154,7,0.4896800202824544,0,0.0,0
6492,38.20802869829213,1,3,8.446381892995745,1,0.2530200800464953,0,0.0,0
6493,56.4452969329841,2,2,11.129129617600475,7,0.9997521867745369,1,6317.14909918925,1
6494,16.377567951482277,3,3,13.332705561348977,0,0.7176076238246247,0,0.0,0
6495,33.80995380474047,3,3,6.5351898021315336,7,0.0,0,0.0,0
6496,43.9334748972629,4,1,17.453483085561047,5,0.5038162746877806,0,0.0,0
6497,27.203956766317745,3,6,9.931587494538494,0,1.0004573988814154,0,0.0,0
6498,35.05007256719651,6,4,9.382120620567969,7,0.02451923558117719,0,0.0,0
6499,48.16337751715186,2,2,13.560350658967721,4,0.3898518488116242,0,0.0,0
6500,60.321464322881,3,4,13.807673332196295,7,0.9572741437518203,0,0.0,0
6501,34.7218933721476,3,1,19.996988562988903,1,0.4799910568161452,0,0.0,0
6502,47.30301424839781,0,3,7.074976148253679,2,0.22243115617995035,0,0.0,0
6503,63.83037884399298,3,1,16.34185383275441,7,0.403753688643258,0,0.0,0
6504,59.88150142049735,5,5,16.773935735765814,1,1.216841725100803,0,0.0,0
6505,28.78688570524107,1,6,5.991221084457039,7,1.0003009788223771,0,0.0,0
6506,39.1082611529192,2,3,0.8869493854193244,5,1.0234661097195916,0,0.0,0
6507,35.84800449792792,3,3,8.246182148123394,3,0.3290226100641649,0,0.0,0
6508,56.83882839822253,2,3,7.02009004686719,5,0.9992321895571722,0,0.0,0
6509,44.10882119895,1,6,4.110595816442651,4,0.05685026566080553,0,0.0,0
6510,47.8597031711323,3,5,14.389800361518997,7,0.5155703191986323,0,0.0,0
6511,31.28839561913683,3,2,8.932518203073451,5,0.5525556412249267,0,0.0,0
6512,43.90568849659863,3,4,19.728006963397597,2,1.0005637194681816,0,0.0,0
6513,55.620537802705904,1,6,11.920167491048753,5,0.45526139364382967,0,0.0,0
6514,28.769596313920644,2,6,10.131404848994539,6,0.6641991114774197,0,0.0,0
6515,43.02566846849492,2,3,11.974604020039642,2,0.9999602804255949,0,0.0,0
6516,49.143307510868134,6,3,1.5943282729195118,1,0.7854769327307972,0,0.0,0
6517,45.60389028105513,5,6,19.527889532784815,6,0.2076887626359762,0,0.0,0
6518,54.970332971765,3,3,20.003391313487512,3,0.6451826924724681,0,0.0,0
6519,47.185807546223636,3,1,5.612839021902221,2,0.4961657082273608,0,0.0,0
6520,73.49089953008988,4,4,8.472435263127062,7,0.9998218489550572,0,0.0,0
6521,45.74345872933319,3,4,18.0885417671769,2,0.9989962987373129,0,0.0,0
6522,72.06115509544603,1,4,19.99555870775209,5,1.0005256054139189,0,0.0,0
6523,43.37377802966379,4,2,16.54307373196597,3,0.9926560139894758,0,0.0,0
6524,51.503779197282924,2,3,9.52057254182155,2,0.9996361551788897,0,0.0,0
6525,35.78797008309259,1,3,18.857034223096296,3,0.4973995941927193,0,0.0,0
6526,41.73095153135373,2,4,19.991447330520344,1,1.0000157369148586,0,0.0,0
6527,41.71552434495828,2,0,20.295693307437098,7,0.9482028383509077,0,0.0,0
6528,30.916107929862235,2,1,8.92382736007494,3,1.0002358972214462,0,0.0,0
6529,26.30191309404124,2,1,10.275663939478909,2,0.9824618224847055,0,0.0,0
6530,53.68709775838009,4,2,7.5649561816429,3,0.7564374521800749,0,0.0,0
6531,47.78250250980275,3,1,24.59586837404159,7,1.0003237428713978,0,0.0,0
6532,61.089158517110555,5,1,13.057352303768214,5,1.000200631646704,0,0.0,0
6533,45.23741413021795,3,3,18.377645731251384,0,0.962063739246841,0,0.0,0
6534,30.193175142510484,3,1,12.890167163890645,7,0.9993577501669226,0,0.0,0
6535,37.37942976864243,5,5,11.478707135960343,1,0.4958172024567544,0,0.0,0
6536,40.54278755212173,3,3,3.821905361224439,1,0.5001332240989929,0,0.0,0
6537,26.233100006749403,1,3,7.398936634380443,3,0.0,0,0.0,0
6538,35.19684119656638,3,1,20.001868920218897,5,0.9469499278398713,0,0.0,0
6539,37.76206511996597,6,2,10.706071025421643,7,0.776478975211734,0,0.0,0
6540,56.6356661380659,2,1,8.48949508745253,2,0.30878705138325163,0,0.0,0
6541,49.684873998679606,2,5,20.000714727703297,1,0.9999331396003475,0,0.0,0
6542,33.52739492309847,4,6,1.9519386736916928,1,0.9447153148791526,0,0.0,0
6543,64.96566206745207,1,2,20.917342197501164,7,0.5123855460459856,0,0.0,0
6544,26.374621385940124,3,3,10.757511216859406,5,0.1563407343130816,0,0.0,0
6545,43.564524467539506,2,6,18.708710059903325,2,0.34310139269746154,0,0.0,0
6546,39.3309358271677,5,3,9.59928528405929,2,0.0885870836951822,0,0.0,0
6547,28.82569264979844,3,4,19.99732707557807,1,0.4190181601906898,0,0.0,0
6548,39.63854939283096,4,5,0.0,7,0.4392299584580601,0,0.0,0
6549,28.765731232288864,4,5,2.125751124052588,4,0.5644973778340096,0,0.0,0
6550,34.251733991780554,3,2,10.637224040426144,4,0.5909750074853357,0,0.0,0
6551,56.38733445555583,2,3,18.590051346064683,7,0.701489598729808,0,0.0,0
6552,61.044855306110804,5,6,20.010942314867446,1,0.7535998475479546,0,0.0,0
6553,48.033383406206,5,3,7.921780379974151,7,0.9999496973411802,0,0.0,0
6554,43.3433537073794,5,3,9.563422742813163,2,0.2999570243747096,0,0.0,0
6555,64.03514131343854,3,5,9.449473582220302,5,0.9723120516656967,0,0.0,0
6556,45.10305805941001,1,3,0.44362038605127907,2,1.0005391350204857,0,0.0,0
6557,18.949190386050887,4,3,8.133974049709344,6,0.4119515180111748,0,0.0,0
6558,43.50940367315046,3,5,20.004093038488246,1,1.0612183290235544,0,0.0,0
6559,59.12230411601581,3,6,7.8195110777249255,7,1.0003833491513374,0,0.0,0
6560,53.10638760799658,3,1,7.328422936911214,4,1.0004842642685365,0,0.0,0
6561,46.634085282915706,4,2,2.923104012680678,7,0.8139124008763686,0,0.0,0
6562,54.834028103760986,3,3,7.303334619673777,7,0.9999033068216399,0,0.0,0
6563,14.354681954959638,4,5,8.60316064983984,1,0.6230885216538317,0,0.0,0
6564,58.242135720515826,3,3,0.0,7,0.45320676336734983,0,0.0,0
6565,52.768513221851165,5,2,9.056314743254346,1,0.4455586367449541,0,0.0,0
6566,44.19826683964046,3,3,12.343788396864841,0,1.0001846142905197,0,0.0,0
6567,50.10410572445819,6,6,11.7921756055938,3,0.6052348765142421,0,0.0,0
6568,30.530405790210406,3,6,10.105706580590331,0,0.39278107955459957,0,0.0,0
6569,39.143079938142066,3,3,19.999762911414024,5,0.0,0,0.0,0
6570,47.57807527535225,6,6,16.931476506296853,3,0.5709980995197335,0,0.0,0
6571,43.999126573731914,4,5,20.003539840546928,1,0.7372422418000825,0,0.0,0
6572,31.422968741572948,3,4,14.667942506199026,3,0.07340900482739654,0,0.0,0
6573,30.96592945188753,3,7,0.0,5,0.0,0,0.0,0
6574,25.89123674277247,3,4,14.796043872138238,1,1.0000689997990937,0,0.0,0
6575,41.32012741769126,4,6,17.963246794928942,3,0.39763006215822,0,0.0,0
6576,54.88407776677073,4,3,13.490570399815855,7,0.9998331398750353,0,0.0,0
6577,38.57676574606967,3,2,0.0,2,0.37973393021307095,0,0.0,0
6578,37.022990937337966,3,3,10.354844163780326,0,0.0,0,0.0,0
6579,48.81309394350072,4,3,6.827406233792528,7,0.9998426834631848,0,0.0,0
6580,49.50778981321362,4,2,10.192725807235984,1,0.9999333877441186,0,0.0,0
6581,27.590775125024066,3,2,12.55242783529942,1,0.9996578170773919,0,0.0,0
6582,23.161911371705656,5,4,5.22081781303308,4,0.25373894580379436,0,0.0,0
6583,72.30882249788634,3,3,3.1144248366021934,2,0.5048215475334809,0,0.0,0
6584,35.73770011623268,4,1,5.973490634891074,2,1.0002996312463848,0,0.0,0
6585,42.54732847513337,3,1,8.411395212428864,2,0.9994613745099139,0,0.0,0
6586,33.37605794977035,4,6,13.869405177391032,7,1.0000893978144911,0,0.0,0
6587,43.77577624567432,5,3,2.89185046165254,3,0.7081227549099267,0,0.0,0
6588,39.29916423324836,3,2,2.1409438529323914,7,1.0000471523077177,0,0.0,0
6589,29.161734860658434,4,6,8.317752964984017,3,0.28866001826263443,0,0.0,0
6590,48.331140072876096,3,1,20.003916798015595,5,0.8571200674044616,0,0.0,0
6591,57.52919045403418,3,2,6.869463116915707,7,1.000337567181476,0,0.0,0
6592,59.08056925203317,4,6,7.827534527184411,2,0.5415322582238268,0,0.0,0
6593,30.829238380175468,5,2,13.063040463340121,1,0.397290581286126,0,0.0,0
6594,42.931860713960916,3,0,0.0,1,0.2621560632845649,0,0.0,0
6595,71.053841043449,3,3,20.438818573689737,4,0.18887445844191264,0,0.0,0
6596,61.69857082203073,2,6,15.477474841978742,7,1.0001420733638962,0,0.0,0
6597,52.10972631513429,3,6,12.16370163651735,3,0.5477230701499398,0,0.0,0
6598,41.10493233719837,3,3,12.013190305663905,7,0.999784072397959,0,0.0,0
6599,31.273313317487677,3,3,19.9938975824888,3,0.36212525976809984,0,0.0,0
6600,51.982382686404655,3,6,15.73244233666929,7,0.9997549169437868,0,0.0,0
6601,45.99737348644313,3,1,1.4105962147963513,7,1.0001239994889457,0,0.0,0
6602,35.6580078369807,5,1,11.646412383563575,4,1.0000970604907875,0,0.0,0
6603,51.89926738559955,3,3,17.36508008938466,7,1.0005199048810454,0,0.0,0
6604,31.075391217699263,3,6,10.802449892832252,2,1.0004293295278723,0,0.0,0
6605,39.546033754842554,3,1,20.42002671865373,1,1.0004830135050318,0,0.0,0
6606,25.65109848063953,2,6,14.579655645365744,3,0.5897532750925646,0,0.0,0
6607,26.15180534834172,3,3,13.329298432340126,5,0.9501451816264656,0,0.0,0
6608,58.94950169593269,3,5,16.35819813767492,4,0.9994829905671727,0,0.0,0
6609,35.02778642114898,2,1,16.442967529463907,2,0.4046143229984824,0,0.0,0
6610,53.325561941342855,3,3,6.562509222627702,5,0.7261629615161487,0,0.0,0
6611,62.919914695305636,5,4,6.906688933052551,1,0.551098921689187,0,0.0,0
6612,34.35168526402239,1,3,13.851856193429517,1,0.9584220422235084,0,0.0,0
6613,47.979656215792005,4,6,6.2696451559763675,2,0.2239066532412224,0,0.0,0
6614,52.22535524052045,1,4,9.497649173913553,10,0.6862663077116056,0,0.0,0
6615,42.733088111362385,0,3,10.973250046528406,7,0.9997793420586277,0,0.0,0
6616,44.52776214303259,6,3,2.961454767036031,1,0.41652273443975824,0,0.0,0
6617,51.67328522545997,1,0,20.003637055580185,7,0.9640550003838172,0,0.0,0
6618,45.420495603656285,5,1,5.200991803029398,7,0.8825921957786229,0,0.0,0
6619,34.41843184559947,3,2,9.416248484105092,1,0.3034502971614199,0,0.0,0
6620,42.261827454766006,2,5,20.002917853309143,1,0.0,0,0.0,0
6621,54.64007133087509,3,2,14.57305421124596,7,0.3248375930973374,0,0.0,0
6622,39.5104708427263,1,4,9.41197803701957,1,0.9988308195902214,0,0.0,0
6623,34.2724303741528,5,3,9.19902307768365,7,0.6444872620383635,0,0.0,0
6624,34.44757795574945,3,2,13.393396957291792,1,0.99964074210821,0,0.0,0
6625,39.49367501369639,4,3,4.105720472826524,2,0.15370685836871,0,0.0,0
6626,23.63827986284296,6,2,7.817073606919077,5,0.2503484158977696,0,0.0,0
6627,58.988421655869715,3,2,20.199104368417807,1,1.0002851285710679,0,0.0,0
6628,56.11069774255986,5,5,6.752751430607838,3,0.45549377085052867,0,0.0,0
6629,61.776038291994986,1,6,13.186384896230152,4,0.536005869509575,0,0.0,0
6630,60.29819891055624,3,4,19.993130833484408,1,1.0006013978585953,0,0.0,0
6631,39.114075664514125,2,1,20.009123323556828,4,0.5669396278060438,0,0.0,0
6632,42.30082418418076,1,3,0.0,2,1.0003031479257838,0,0.0,0
6633,43.26914030235904,1,6,19.368674041021208,8,0.6825811518506755,1,13470.779029318011,1
6634,41.536790275666554,1,4,13.50641139204873,3,0.23812781042920206,0,0.0,0
6635,50.068721047120796,2,3,9.597703257905922,4,0.2377308410762119,0,0.0,0
6636,43.83714201826239,3,6,14.714693371243978,7,0.36079768086764874,0,0.0,0
6637,30.656605821503312,3,4,22.220284561631196,4,0.21492670687827198,0,0.0,0
6638,38.58341460070028,2,1,13.665165462089533,3,0.4961823200059615,0,0.0,0
6639,17.97655623341657,4,1,18.375343473897978,2,0.9999744917528668,0,0.0,0
6640,62.9923158432615,1,3,16.205968708959745,1,0.496985566858045,0,0.0,0
6641,22.114534686251073,3,1,0.0,7,0.2812193105144224,0,0.0,0
6642,20.83169014643856,1,6,4.912984296246401,6,0.615265135460817,0,0.0,0
6643,50.61485971834228,2,5,21.40870428637672,5,0.44841602377746126,0,0.0,0
6644,34.111807393475075,1,1,13.204598895921224,4,0.9999374802881099,0,0.0,0
6645,42.76391504763519,3,6,2.901891412176134,5,1.0002553570829682,0,0.0,0
6646,64.83111880104107,4,3,11.022255768698063,5,0.5018129825313864,0,0.0,0
6647,45.236196624870416,3,5,15.397519903147849,5,0.3693832173502069,0,0.0,0
6648,46.83419312990439,4,3,24.177909519078284,7,0.9992955817681831,0,0.0,0
6649,55.82638293970308,5,1,15.551457754625684,7,0.0,0,0.0,0
6650,58.28122411757654,4,3,12.267482126382973,4,0.4807802095041315,0,0.0,0
6651,44.39050015103493,3,6,10.405966183103297,6,0.4950253226841811,0,0.0,0
6652,38.956375614487484,3,4,8.905341066136994,2,0.7465837488252212,0,0.0,0
6653,33.37328002414503,2,5,9.37396775719402,1,0.5040079084888169,0,0.0,0
6654,52.30128982438909,5,2,22.249295599522988,6,0.9999400130715044,0,0.0,0
6655,66.45685135732003,2,4,12.440904120103076,1,1.0285580624784072,0,0.0,0
6656,63.552374893046206,4,3,17.720315582045327,6,0.4125092974222011,0,0.0,0
6657,36.183848557284584,1,1,19.99656694849149,4,0.2516640501827245,0,0.0,0
6658,36.33586468001899,3,1,5.131002728035666,4,0.2972062376954174,0,0.0,0
6659,46.947826673530614,2,6,16.186823091026344,3,0.6292109674552646,0,0.0,0
6660,60.503720990572454,1,1,0.0,7,0.9993500754733877,0,0.0,0
6661,47.06191739405423,1,6,3.904970372291676,2,0.651226785232405,0,0.0,0
6662,34.40284355504073,2,3,17.361358204996478,4,0.9996740731287381,0,0.0,0
6663,44.72587075663958,4,2,6.25249185074526,7,0.9998897394485577,0,0.0,0
6664,53.130754889905305,3,3,16.189970261533922,3,0.9998112433873221,0,0.0,0
6665,49.89449161289482,5,3,3.156852969788786,3,0.9821490141141178,0,0.0,0
6666,47.61410223974404,6,1,2.3361599932822834,7,0.14940029687379208,0,0.0,0
6667,32.162898049586225,2,1,0.0,3,0.38246188979958134,0,0.0,0
6668,25.40754864864296,2,6,12.696636280662563,5,0.8985325864845615,0,0.0,0
6669,47.83763101723201,3,6,2.2816263454530485,7,0.4226353439674285,0,0.0,0
6670,35.44653281612843,2,6,11.243414087460682,5,1.0005527491578718,0,0.0,0
6671,43.301364685622794,2,6,0.0,7,0.6412611082524176,0,0.0,0
6672,47.71292967329149,5,6,11.992347113071531,7,0.27525641524135197,0,0.0,0
6673,57.225789449107666,3,2,12.142224760204309,7,0.28733709824938214,0,0.0,0
6674,42.58990041849118,1,1,19.992840684721543,1,1.0005267830762716,0,0.0,0
6675,19.48195805249574,5,2,16.255217524322504,1,0.6192414828146589,0,0.0,0
6676,31.216144673096775,2,6,18.398465293719543,4,0.2370003260620952,0,0.0,0
6677,41.034480285985765,4,6,12.587734971356275,2,0.7631933665417471,0,0.0,0
6678,24.479139323957487,3,4,19.99880235838168,1,0.5359347482916873,0,0.0,0
6679,44.19643474830912,2,3,0.0,3,0.41888867161515997,0,0.0,0
6680,58.883299017663695,4,3,7.013562587125182,7,1.0000743128237874,0,0.0,0
6681,44.83085624650865,1,6,14.961671525580526,2,0.18615950543663407,0,0.0,0
6682,48.98560186094106,4,3,6.559270425802316,4,0.9362852637765363,0,0.0,0
6683,51.34638558524073,3,1,6.008260366668254,7,0.5798352376345823,0,0.0,0
6684,47.875727774253086,2,2,2.4241446369386352,3,0.3143792053544626,0,0.0,0
6685,40.84794802104081,3,1,6.8028083031593605,7,1.000275627181124,0,0.0,0
6686,23.351508887630533,4,5,18.47054366185869,3,0.3768209034181027,0,0.0,0
6687,58.8456119360348,3,2,10.258171240546087,7,1.0003495183982196,0,0.0,0
6688,17.93607584965561,2,1,4.327111915539936,7,0.6442900641344884,0,0.0,0
6689,38.49798165250529,3,3,2.538433133135296,4,0.22930529513984776,0,0.0,0
6690,55.60535268698721,1,4,19.994418393889383,1,0.9997695427553199,0,0.0,0
6691,32.41384249956948,4,6,14.953964071042803,2,0.14613418818334656,0,0.0,0
6692,47.13271133398719,3,1,21.12573328129545,5,0.999593908775406,0,0.0,0
6693,36.71971033048544,5,2,18.18129597139246,6,0.23953271787120967,0,0.0,0
6694,25.565986778289954,4,2,8.817781955527082,3,0.64804451806625,0,0.0,0
6695,17.00388511872882,3,1,9.142422598795159,1,0.9997165435822721,0,0.0,0
6696,20.27822421422939,3,2,4.894355278158916,2,0.4251114226277318,0,0.0,0
6697,54.63120682034831,0,3,9.865518204766603,7,1.0002341745183276,0,0.0,0
6698,50.753633752307834,3,3,11.420132824080715,7,0.9815301741229573,0,0.0,0
6699,47.65254041135337,1,5,19.146398178971424,1,0.09099180942602336,0,0.0,0
6700,54.08679989678835,4,5,0.0,0,0.5033299349871754,0,0.0,0
6701,37.96753846504728,3,2,5.610966088271016,5,0.9091522599820608,0,0.0,0
6702,32.206871248999946,2,3,10.205507314361562,1,1.0005076115093212,0,0.0,0
6703,46.34537354861019,0,1,17.121003790707807,2,0.4247564070149291,0,0.0,0
6704,53.87717008696,2,1,2.7844440807018422,2,0.32497595415496633,0,0.0,0
6705,38.30393424195744,1,5,8.711573802741558,8,0.8175643218151529,1,16290.222017282038,1
6706,59.65619747380342,3,1,2.7566533715885466,7,1.0002241067226003,0,0.0,0
6707,35.19592829672845,3,5,13.157383864211,6,0.9995992895980401,0,0.0,0
6708,31.487208425463677,2,3,8.240354610806966,5,0.24987712339521262,0,0.0,0
6709,27.426738637646245,1,4,19.989726648824643,1,0.4952539433234109,0,0.0,0
6710,31.904494997085358,3,3,6.537496823481731,7,0.999682431512054,0,0.0,0
6711,39.94485195150088,2,1,10.893987456588556,2,0.9840205763409866,0,0.0,0
6712,42.46524616109764,2,2,13.689291969185692,1,0.9998715275102485,0,0.0,0
6713,44.07425778445691,3,3,4.998793150379854,2,0.9505815140257795,0,0.0,0
6714,29.864913445153487,0,6,9.572963184019391,6,0.22039708620581255,0,0.0,0
6715,46.08943099442026,3,2,3.4981818357470456,1,0.3714607475699287,0,0.0,0
6716,31.280143788966534,1,3,7.684386784567431,2,0.9465659733782168,0,0.0,0
6717,27.636447999130894,0,6,13.75453478365503,6,0.4031040217373066,0,0.0,0
6718,49.5384740482309,2,3,1.1087343546601556,7,0.9997125611072081,0,0.0,0
6719,57.51298873197351,2,2,8.606258465566617,7,0.6063384204809663,0,0.0,0
6720,38.17003856674194,2,3,4.9347349349495095,2,0.999873456872165,0,0.0,0
6721,38.75796000786649,3,3,7.346471662712561,7,1.0002290822790405,0,0.0,0
6722,51.57256996259106,3,6,15.870133718851015,7,1.0002068402252997,0,0.0,0
6723,46.0281812586485,6,3,15.172973521392578,3,0.5021288693766609,0,0.0,0
6724,67.52326503257201,2,1,12.414948760458037,7,0.9440485283539013,0,0.0,0
6725,34.9716714615498,3,3,5.972626722774657,2,0.6172378749667748,0,0.0,0
6726,31.615167152378334,5,1,14.735855814925706,4,0.4943788538030519,0,0.0,0
6727,74.49361776700084,3,4,16.200008008365447,4,0.13859723981824357,0,0.0,0
6728,59.61202651883611,4,4,19.99466543198991,1,1.000189737486043,0,0.0,0
6729,32.7285065882359,4,3,5.3620500434822045,3,0.9717782518038581,0,0.0,0
6730,58.60661757675442,3,4,20.014200591125096,7,0.40022137927083185,0,0.0,0
6731,52.15045463780662,3,1,3.21413134808021,7,0.9999378970972361,0,0.0,0
6732,63.34756444902946,4,2,11.408174822564687,6,0.49475985793901894,0,0.0,0
6733,40.482989372109024,4,1,11.101524548957984,2,0.49920127155384714,0,0.0,0
6734,32.381474690283575,4,3,13.610144112285125,4,0.3460070217717863,0,0.0,0
6735,40.4379312588352,4,1,15.867866928228196,2,1.0001972554140586,0,0.0,0
6736,43.515899669460964,2,2,19.999156188909108,1,0.9997326174491558,0,0.0,0
6737,44.58991906250381,3,1,2.3891247087978833,4,0.9991130439172384,0,0.0,0
6738,52.562036733681325,3,3,11.39205834645784,4,1.0002866626647304,0,0.0,0
6739,55.61638812952114,2,3,1.9166339585222794,7,0.41934895510766973,0,0.0,0
6740,49.365652342376,3,2,8.678219207511212,4,0.9999792359163117,0,0.0,0
6741,40.90676353910552,2,1,20.005024052546162,7,0.9621722549564022,0,0.0,0
6742,56.50150536649477,3,3,0.06847683176812858,7,1.0001120396891643,0,0.0,0
6743,35.90061815771497,3,2,1.7835340573828127,5,0.9998950435153147,0,0.0,0
6744,36.967146725743795,5,3,11.32778982819007,1,0.9998679447142,0,0.0,0
6745,53.56237046185794,1,3,0.173498210049031,4,0.46279813219969446,0,0.0,0
6746,46.72485291824546,3,2,21.422533718863274,2,0.3338973223212881,0,0.0,0
6747,67.29650414455222,4,3,15.531957119923982,3,0.45304746084953873,0,0.0,0
6748,27.348528264910854,5,3,7.164321475440142,3,0.2901461954173043,0,0.0,0
6749,38.9470489235227,3,1,5.122499927677809,6,1.0005150253491988,0,0.0,0
6750,64.57044610769925,4,3,7.981769146404504,7,0.46402871214978203,0,0.0,0
6751,34.87156931707892,4,1,12.784814320898105,1,0.9990511953541179,0,0.0,0
6752,42.54730900274741,1,1,20.00929671119242,6,0.5920687539320917,0,0.0,0
6753,32.154919740041066,2,2,9.203060364678233,4,0.3774777214646301,0,0.0,0
6754,48.82439745575788,4,2,6.496239110454629,1,0.6412750003553735,0,0.0,0
6755,50.123953918944814,2,3,13.755047911561153,3,1.0000225470082504,0,0.0,0
6756,26.248002239069265,3,2,2.135243712441641,4,1.0712056083445642,0,0.0,0
6757,40.91581867012361,4,2,5.008445675512084,6,0.0,0,0.0,0
6758,27.492185733243453,4,1,12.976130284525265,4,0.10085187682629027,0,0.0,0
6759,53.417570937721464,2,3,0.8698348836432803,2,1.000084497128518,0,0.0,0
6760,27.4370124699527,3,4,19.995908072941823,4,0.9999156376902023,0,0.0,0
6761,28.544283182959617,5,1,20.001479779513424,4,0.61084497297039,0,0.0,0
6762,52.18468708306194,3,8,14.75227932116414,2,0.9539220564226609,0,0.0,0
6763,48.007242741093314,4,2,9.790223557172958,6,1.0002064514446276,0,0.0,0
6764,61.38534878290446,2,6,19.525167866256012,7,1.0004265567667832,0,0.0,0
6765,17.375179100557347,2,6,22.5466891521243,1,0.9969599721895377,0,0.0,0
6766,39.288004256653615,3,3,5.635297844754858,1,0.1998586437915677,0,0.0,0
6767,46.364822747561114,1,2,5.1965704709026594,1,0.0,0,0.0,0
6768,43.3898067214673,1,6,4.040001166282746,0,0.4535414592956519,0,0.0,0
6769,39.124190948527584,3,2,17.999388372191376,7,0.5830509180895499,0,0.0,0
6770,29.416711133850086,2,2,13.292650462938619,3,0.6273078609583216,0,0.0,0
6771,40.90412911978736,4,6,13.72036673755977,2,0.3367946978771482,0,0.0,0
6772,66.26191723778953,3,3,0.479234683159218,6,0.9999166628929121,0,0.0,0
6773,42.56048770755499,2,2,3.9436587799356166,7,0.8042069851154681,1,21366.41506562927,1
6774,41.061014552954035,1,5,10.363247523306796,7,0.36757003702021257,0,0.0,0
6775,26.30432590298322,3,5,14.362277931656578,0,1.0001506720121625,0,0.0,0
6776,24.413042768811707,4,2,0.0,7,0.5475569759299931,0,0.0,0
6777,46.97537937780906,4,3,10.712705279619893,5,1.0000843396962944,0,0.0,0
6778,55.139619871513055,2,3,6.091426644659022,1,0.5047587421693254,0,0.0,0
6779,54.298350634075646,2,6,16.391628969994397,4,0.6215425807922617,0,0.0,0
6780,45.158632768178855,2,2,19.9989651407691,1,1.000647437585625,0,0.0,0
6781,32.218354023493795,3,4,9.936415153060695,5,0.9675067764817704,0,0.0,0
6782,68.84883113619121,2,6,8.478212870026534,7,0.999807849527107,0,0.0,0
6783,31.11504916663757,3,4,19.995086252972,1,1.232995408547985,0,0.0,0
6784,46.912715353156166,1,4,1.9247602060563054,3,0.6966519604150451,0,0.0,0
6785,35.679656000944675,3,1,0.0,4,0.8204190342031676,0,0.0,0
6786,16.968878215894293,4,6,10.991360564798624,1,0.22247655179146364,0,0.0,0
6787,39.75264601595554,4,2,6.151106415423467,1,0.590873859766778,0,0.0,0
6788,43.018008942106306,1,3,8.929650868157369,5,1.0000437621070728,0,0.0,0
6789,53.23682484573193,4,3,16.870721241934543,3,0.999925567452355,0,0.0,0
6790,51.38254725759795,3,1,18.29671219438729,3,1.0001361175992856,0,0.0,0
6791,25.948799659715732,4,2,1.0612371196932706,4,0.15169780496998464,0,0.0,0
6792,72.53908737046807,3,3,17.682239123242674,7,0.9999581933850332,0,0.0,0
6793,40.81535434439922,3,1,11.899471090371781,4,0.42652187438579486,0,0.0,0
6794,25.14850189753774,3,5,10.6604611217459,3,0.6010142855651064,0,0.0,0
6795,55.041380091201226,2,6,16.750917286644583,4,0.5552744895248444,0,0.0,0
6796,36.60112250864019,2,1,9.001017197800632,1,1.000074707332734,0,0.0,0
6797,66.0126486288458,1,6,6.288218387561005,6,0.13139592824823165,0,0.0,0
6798,57.88747768667615,4,2,13.63797660385679,7,0.22905644221737043,0,0.0,0
6799,37.642954008762146,2,6,3.07962647843979,7,0.999584894813035,0,0.0,0
6800,87.82784535362632,4,4,15.460635504026353,1,1.0149167969735131,0,0.0,0
6801,48.97691037527578,2,5,8.810050159867219,7,0.9999187242875613,0,0.0,0
6802,46.40297185602648,1,1,0.36501015204566833,7,0.3660166577632413,0,0.0,0
6803,28.051743230733074,4,3,2.3987974109705235,1,0.6657529573313327,0,0.0,0
6804,26.213245531848564,3,5,16.311344258729388,7,0.9196567696285702,0,0.0,0
6805,56.189452781541185,4,3,17.535761204845144,3,1.0002457768837876,0,0.0,0
6806,64.19557675908882,2,3,8.086456446817643,7,1.0005143189369818,0,0.0,0
6807,40.79138715907498,4,6,10.973176253716504,6,0.7323056804632807,0,0.0,0
6808,50.32437714105701,2,6,11.195172613864548,3,0.9997777479189556,0,0.0,0
6809,72.36300500812892,1,3,15.958002271517483,2,0.0,0,0.0,0
6810,42.59912894060958,0,3,0.0,4,0.5018982060489753,0,0.0,0
6811,22.06687425985161,6,2,0.0,5,0.6239453801125491,0,0.0,0
6812,50.323421155186466,3,1,7.576983084297558,3,0.5012228507117833,0,0.0,0
6813,39.00290309858741,2,1,4.9117104260783755,7,1.0002888607737916,0,0.0,0
6814,40.78278102005146,1,2,20.000528433337863,1,1.0000868032064436,0,0.0,0
6815,31.906848532385148,2,2,7.488595504285323,1,0.9997394448800045,0,0.0,0
6816,30.933632051299327,6,2,11.113382400589277,7,0.2102256843354745,0,0.0,0
6817,34.615159034132354,2,6,8.410558560321,4,0.9998577223819209,0,0.0,0
6818,43.57815333308196,2,6,9.860413215158141,7,1.0000780705690444,0,0.0,0
6819,59.59199757771141,3,3,5.079949026395369,4,1.0002090360904385,0,0.0,0
6820,30.221289718834562,3,2,4.012718281848355,7,0.5720072537118432,0,0.0,0
6821,51.89876149323759,2,6,16.705437337763293,7,0.5535096318779154,0,0.0,0
6822,51.55904617934246,5,1,0.0,7,0.0,0,0.0,0
6823,65.37479044254842,1,1,1.4103883349569148,7,1.000013430917211,0,0.0,0
6824,41.40091191682398,3,4,13.474724124259287,7,0.5068294386802767,0,0.0,0
6825,54.39499580968979,3,4,19.992638382086373,7,1.0001921456085852,0,0.0,0
6826,34.830024061700655,2,3,11.197510191852963,5,0.5038182160683851,0,0.0,0
6827,52.929318357953576,3,3,12.631541130896649,3,0.5000150815597644,0,0.0,0
6828,53.922558584841774,3,2,17.039037910223556,3,0.9961934332737421,0,0.0,0
6829,58.81800551396127,1,3,0.0,3,1.0006538485719187,0,0.0,0
6830,48.92391557081014,4,2,13.810921320167772,5,1.0067170980090225,0,0.0,0
6831,42.95236584536005,3,6,2.294787097715913,3,0.9504230496244819,0,0.0,0
6832,1.8261649385499723,4,6,13.22816831705866,4,1.0679213565679244,0,0.0,0
6833,42.791215440509255,2,3,26.613929721812,7,1.0000023758580379,0,0.0,0
6834,22.030075810455262,3,2,14.20950250607468,4,1.0008833830388497,0,0.0,0
6835,55.4516705232592,5,1,8.669273219535407,7,1.0006030796965872,0,0.0,0
6836,40.93436901827293,4,1,5.68919576635444,2,0.494986192452205,0,0.0,0
6837,51.371741412992606,3,3,7.521086779970355,5,0.9496625438341159,0,0.0,0
6838,61.01497103382677,4,3,10.876240617372067,5,0.9594218911028582,0,0.0,0
6839,30.112917701209824,3,6,19.411253202023943,2,0.9995342826550881,0,0.0,0
6840,28.4110146972411,2,2,15.2122299666175,3,0.37947103638808266,0,0.0,0
6841,25.087754912985133,5,4,5.758258720893109,4,0.7087757999792694,0,0.0,0
6842,47.0625444829107,4,3,13.03704478514123,7,1.0004230129054799,0,0.0,0
6843,31.822903769793296,1,1,2.9027813741158024,3,0.0,0,0.0,0
6844,14.517635505707425,2,3,5.508049175563911,4,0.27040318420522275,0,0.0,0
6845,55.02778795428042,5,1,8.640385445232623,7,0.999745725892787,0,0.0,0
6846,36.28134543439086,4,2,8.449934540947014,1,0.7840926797325394,0,0.0,0
6847,45.61776220462621,1,3,1.8370171824497934,3,0.9624571351250708,0,0.0,0
6848,39.28736259836935,3,3,8.605402726619541,0,0.45397627432296567,0,0.0,0
6849,47.30017426976971,2,1,19.997539353201866,5,0.5239802290561281,0,0.0,0
6850,49.31765218057606,5,3,6.982162430662733,3,0.9996356419397164,0,0.0,0
6851,50.47702947700894,2,5,6.563821746726737,3,0.4965552221640184,0,0.0,0
6852,40.5640930825605,1,4,3.9089326273899268,2,0.9934195442146598,0,0.0,0
6853,60.61600049459183,3,3,12.639824953853104,4,0.15032110547580702,0,0.0,0
6854,53.43621558653521,2,6,13.048488913968834,7,1.0000890369952204,0,0.0,0
6855,27.522974970585928,1,3,13.9870314826681,2,0.4979616768215033,0,0.0,0
6856,41.298298695956625,3,4,7.236167256464184,5,0.3606030002356595,0,0.0,0
6857,53.271649009561976,0,6,0.9454660547097617,7,0.7421404610390688,0,0.0,0
6858,39.36565733587857,4,1,14.110484437067244,6,0.9489659406274935,0,0.0,0
6859,44.543492606341474,3,5,8.281052756617235,4,0.9009979039550877,0,0.0,0
6860,51.21543258585708,4,6,10.622649703134996,7,0.8583681522981941,0,0.0,0
6861,59.2114133619655,2,4,7.078284372577157,3,1.0007659540829454,0,0.0,0
6862,30.893335085054144,3,7,5.645691297838679,6,0.46674339734030845,0,0.0,0
6863,29.353322260486387,1,1,20.0038645870305,2,0.8257005616366926,0,0.0,0
6864,21.46482264300127,1,1,27.919632128420854,7,0.4083380464475183,0,0.0,0
6865,37.40412665391233,3,3,13.812445942898858,1,0.9265332212320665,0,0.0,0
6866,51.89297441375722,3,4,17.60710937814258,1,0.8547777120870406,0,0.0,0
6867,49.85516617212799,3,1,10.536495753265786,7,0.9997010020738795,0,0.0,0
6868,46.969185793554765,1,6,14.859958318191442,6,1.1253471221351916,0,0.0,0
6869,27.899056039264945,3,2,2.00649481729808,4,0.5823769340705984,0,0.0,0
6870,50.74041163953966,4,5,6.794249966283159,3,0.627945348713326,0,0.0,0
6871,54.56391152778053,2,3,7.429821369408179,1,0.4987915784250448,0,0.0,0
6872,39.900237016381844,4,3,7.895342127230924,1,0.5028322813708606,0,0.0,0
6873,44.79139357647959,2,2,5.455572750352846,7,0.9994726207364899,0,0.0,0
6874,43.521515059230495,3,3,18.637850657967345,7,0.1303706561850757,0,0.0,0
6875,50.393673224450076,4,2,9.468411784675716,7,0.9999747844914859,0,0.0,0
6876,43.79706399109569,3,3,4.550444406361355,2,0.2705322583186121,0,0.0,0
6877,47.86630264071849,1,2,7.179300892517432,1,0.1735767066158076,0,0.0,0
6878,50.686166230734955,4,1,9.12324677510362,2,0.9997947843694053,0,0.0,0
6879,29.84917266863819,4,6,12.123198282763886,2,0.0,0,0.0,0
6880,31.96183659065848,1,1,11.94791409377829,5,0.5131905189678283,0,0.0,0
6881,41.442920282992134,5,4,7.793349008039945,3,0.3658239956087111,0,0.0,0
6882,69.49222399022996,3,5,6.4636671279688995,7,0.9998479537909285,0,0.0,0
6883,46.753534439736654,5,6,12.825210286975318,3,0.1155730228496098,0,0.0,0
6884,19.125178716483642,1,4,9.588228601678235,5,0.0,0,0.0,0
6885,76.73434141213657,4,1,13.591584018228763,4,0.5778782574702696,0,0.0,0
6886,46.16283444940567,3,4,0.0,7,0.9802788614232992,0,0.0,0
6887,35.07973612863573,2,1,21.404375606508296,4,0.9994183190331376,0,0.0,0
6888,50.17567690332115,5,3,15.373032214981972,7,0.9995575613345486,0,0.0,0
6889,31.00148299024695,0,6,20.265999782787034,7,0.4380661188865818,0,0.0,0
6890,30.185836259964542,3,5,24.012509664457287,3,0.4614942256535459,0,0.0,0
6891,34.61305892785134,1,3,28.52713878281818,2,0.49893762385366947,0,0.0,0
6892,63.32927541514289,4,3,0.0,3,0.5035053329476844,0,0.0,0
6893,64.19610272630013,4,6,16.923072240579295,7,1.0004153809838887,0,0.0,0
6894,36.00046997315843,3,3,21.052036066814473,7,1.0000056573895777,0,0.0,0
6895,52.459020603614384,5,6,8.348273066112114,3,0.5393298753984249,0,0.0,0
6896,31.83645063783367,3,1,24.559600081732704,7,0.999719109068074,0,0.0,0
6897,48.97818791850148,5,2,14.376885569554553,3,0.29750356092351077,0,0.0,0
6898,52.29989732447453,7,5,2.0731120056868644,4,0.6208691222560493,0,0.0,0
6899,38.153703628357235,1,4,11.80004963395247,6,0.8642167875880442,1,9520.460952049245,1
6900,48.996498197985645,1,3,16.715713187184523,4,0.5049471447197624,0,0.0,0
6901,28.022821674129645,2,3,7.00257800852803,7,0.3083341387321089,0,0.0,0
6902,38.91038208624514,4,3,15.93249686161757,1,1.0006418019420378,0,0.0,0
6903,38.76383954339107,2,3,9.518345548944438,3,0.18632904306708697,0,0.0,0
6904,24.1865777190137,2,6,7.119307585089887,1,0.907113163658422,0,0.0,0
6905,50.50059082217455,3,3,15.13291599627545,7,0.9997072256123088,0,0.0,0
6906,41.445448477697376,5,1,3.3238618378539293,2,0.1668674444361724,0,0.0,0
6907,44.13080388634981,3,3,2.29008165191963,2,0.595721855669951,0,0.0,0
6908,35.46923432591148,3,6,20.618404486354475,2,1.000223254606061,0,0.0,0
6909,63.948547887085624,4,4,13.177263972172272,5,0.03237868642802899,0,0.0,0
6910,48.537986363042464,4,3,24.343529798892355,7,1.0000858121733849,0,0.0,0
6911,55.727332267467986,4,6,15.518410777286878,3,0.9995569612355819,0,0.0,0
6912,51.07864404660772,3,6,12.659347044343395,7,0.9999507671735017,0,0.0,0
6913,28.170889913310333,2,2,0.0,5,0.5338374547282468,0,0.0,0
6914,16.304589411187465,4,1,4.9117784999826055,3,0.2267020619577349,0,0.0,0
6915,50.41722155130937,2,3,6.68189765938818,1,0.49205227474853447,0,0.0,0
6916,34.494097150297875,5,3,13.476701259393389,7,0.40508899229466633,0,0.0,0
6917,28.172483900986098,1,3,17.15957669256155,2,0.39543149959242413,0,0.0,0
6918,45.87196370718112,1,5,0.0,1,0.31296323361251277,0,0.0,0
6919,47.85648545286095,3,3,8.028441745819597,7,0.9993622181590098,0,0.0,0
6920,42.6990940857176,3,4,5.185484867082699,7,0.6697406563742742,0,0.0,0
6921,31.338474014224133,3,5,6.246232838306457,1,0.7230920323085617,0,0.0,0
6922,45.98147222252301,2,1,14.910905047014516,3,0.49811109276082094,0,0.0,0
6923,51.428724837938304,3,1,12.76793696977515,2,0.9997512924408654,0,0.0,0
6924,21.222767977675616,4,1,13.40194867625462,4,0.3630985422456863,0,0.0,0
6925,37.80582919203795,3,2,10.049779723124477,7,1.0000796902979652,0,0.0,0
6926,48.355439240326,4,6,17.3224221116966,3,0.5061922724649226,0,0.0,0
6927,30.843744254463772,4,2,7.313723285400079,5,0.6405707093579768,0,0.0,0
6928,36.82270510764904,4,6,12.967617198236118,4,1.000092535582739,0,0.0,0
6929,43.52334884479521,4,6,12.124356861048396,1,0.9953638732600563,0,0.0,0
6930,36.34371721947443,5,1,13.821691314486689,7,0.9655663028842463,0,0.0,0
6931,41.9127508041632,3,6,2.9190790202656522,7,0.9997206984075588,0,0.0,0
6932,59.00599132542014,2,1,12.190297413422432,4,0.6507365968467703,0,0.0,0
6933,42.93931219361163,4,4,9.540920719369193,3,0.9995785020123513,0,0.0,0
6934,35.81002618584843,3,1,9.583335304019297,4,0.1548921238225206,0,0.0,0
6935,59.161535258033695,2,2,17.286124844972086,2,0.9109270300156124,0,0.0,0
6936,57.36548740597743,5,2,6.811020951448322,3,0.3724465511533028,0,0.0,0
6937,35.137992594724494,1,2,16.61095056191778,1,1.0772594504812156,0,0.0,0
6938,40.75689758183683,3,6,14.414051619935368,1,1.0324242645186945,0,0.0,0
6939,68.62910693777606,2,2,6.821348040953213,7,1.064629175256868,0,0.0,0
6940,58.84723167766237,2,4,1.6405013576058352,6,0.6738144620183226,0,0.0,0
6941,28.60568717479722,3,5,12.713438966145945,0,0.9997011191952666,0,0.0,0
6942,45.668574517951626,1,5,0.0,6,0.17209015066410127,0,0.0,0
6943,31.172214338767066,3,3,6.013897874977621,2,0.9995919560324269,0,0.0,0
6944,68.0772295743261,3,1,13.41322002141171,3,0.5502199413834501,0,0.0,0
6945,26.324072247781356,4,2,8.809635819313744,4,0.517205350748446,0,0.0,0
6946,27.53935691102781,3,6,2.3643901938951952,0,0.10264171626659901,0,0.0,0
6947,40.792401018540566,1,1,3.509480688849031,3,0.7239606684860689,0,0.0,0
6948,52.6774413640276,4,1,7.895133850073978,7,0.32597288647197736,0,0.0,0
6949,34.16660493840304,4,1,1.6817537623745942,1,0.8242830272917008,0,0.0,0
6950,34.06115979168266,2,3,15.734062942788023,1,0.20719006538882417,0,0.0,0
6951,66.6017450267486,3,3,11.149967882400194,3,0.5045264936540133,0,0.0,0
6952,57.79874447569329,3,1,19.353818126266646,7,1.0001138679588657,0,0.0,0
6953,27.032939123077625,3,3,1.4209023922472372,1,0.889335519059831,0,0.0,0
6954,64.26757346983457,1,4,15.18651645596495,7,0.6711738155079828,0,0.0,0
6955,39.17340285778782,2,2,9.95589164258786,7,0.9997406438728809,0,0.0,0
6956,45.97601299720151,3,3,19.98286262880155,1,0.24811078497944133,0,0.0,0
6957,35.65636384950221,1,2,8.333014288171412,7,1.0000950484226676,0,0.0,0
6958,24.330279756492594,3,1,3.368912464085385,2,0.7824874677238601,0,0.0,0
6959,43.22574569143778,2,6,8.875486228342996,7,0.99979201613671,0,0.0,0
6960,38.44664736539674,4,3,10.60013522759081,4,0.5004672544417822,0,0.0,0
6961,30.28772187899363,3,4,16.33725394255157,0,0.3585973608262973,0,0.0,0
6962,42.9848554758345,4,5,15.246642272199198,3,1.0001929071322837,0,0.0,0
6963,63.89781228106962,5,3,4.4769670127479415,7,1.0001223580993408,0,0.0,0
6964,39.20390032882514,2,3,3.3695904080360792,3,0.12997561136741687,0,0.0,0
6965,44.94205345683519,4,2,8.630121553192705,7,1.0003505778348765,0,0.0,0
6966,27.346857892419177,3,2,14.324272421663151,3,0.9999453464426797,0,0.0,0
6967,45.23752033997277,6,1,11.868986530879116,2,0.24757914427890826,0,0.0,0
6968,33.29054700373821,3,6,14.940804176210762,3,1.0000571734656198,0,0.0,0
6969,45.49860125296557,5,2,0.7974439620408909,4,0.5018884714709647,0,0.0,0
6970,57.43909350158547,0,4,19.995086621240116,4,0.9996816115034911,0,0.0,0
6971,21.23056746228304,2,6,8.138111432161482,1,0.3011327712561363,0,0.0,0
6972,25.38553454815147,2,5,1.8345810909007945,6,0.9855251862822033,0,0.0,0
6973,16.37000449545911,4,6,16.19379603151606,1,0.9181540458096318,0,0.0,0
6974,53.80839521321104,6,3,13.043850575437183,4,0.9998877661907168,0,0.0,0
6975,21.614050900872392,0,6,18.602401137966588,5,0.6335265645434808,0,0.0,0
6976,30.256124043378676,3,3,5.148082834735768,0,0.6337281484282137,0,0.0,0
6977,30.95714341055205,2,6,15.327782819498772,6,0.2467017431784781,0,0.0,0
6978,56.360192359129535,3,3,1.9900280817331435,7,0.18757477754821728,0,0.0,0
6979,47.160211649662514,4,5,8.52538179419884,7,0.999868559527644,0,0.0,0
6980,47.68152374925154,2,6,5.131052303019485,1,0.2380139023855266,0,0.0,0
6981,34.6769309019401,4,4,10.916974075738747,1,0.9840243398901621,0,0.0,0
6982,59.56420350955426,3,5,20.84924285868555,6,0.9998199032311718,0,0.0,0
6983,43.90371940950203,2,5,15.613737219797974,7,1.0002858440543085,0,0.0,0
6984,18.901717045840822,2,3,8.381705866317152,2,0.17792163306953923,0,0.0,0
6985,38.570638067766566,2,1,7.522549362125936,5,0.14873952172293992,0,0.0,0
6986,50.08803000014687,3,4,8.97624492294097,3,0.402705532811328,0,0.0,0
6987,56.07233411739996,4,3,18.48251591153565,3,0.714840839872322,0,0.0,0
6988,17.330509737512322,3,4,8.993327898825504,4,1.1704191060931937,0,0.0,0
6989,23.379234561816183,3,0,10.711028317868212,1,0.9621038313547498,0,0.0,0
6990,53.79762907820606,4,3,0.0,7,1.000046164992976,0,0.0,0
6991,68.0015970399939,5,4,19.997902514819906,2,1.000256815782873,0,0.0,0
6992,46.57492491379765,4,3,11.574177721980497,4,0.339883998314132,0,0.0,0
6993,26.28506344508428,2,3,5.726223395372082,2,0.42629743885588967,0,0.0,0
6994,25.97785556782443,4,2,10.414568038117853,4,0.4023165603895962,0,0.0,0
6995,32.48387190914852,4,6,13.01342559191618,5,1.0003730883408415,0,0.0,0
6996,55.51964360793348,2,6,3.6106587115724844,5,0.5511600784805342,0,0.0,0
6997,29.20329066103394,3,4,6.356082163258119,3,0.734441852660595,0,0.0,0
6998,45.69302499454652,2,1,6.866158813710807,5,0.9047199758948065,0,0.0,0
6999,39.88571953608832,4,4,6.693592333902618,1,0.9751109237458893,0,0.0,0
7000,14.95327401468306,0,6,15.985203071725799,7,0.5548204878430429,0,0.0,0
7001,44.740248400012945,3,1,16.124254572091825,7,1.0003130811225607,0,0.0,0
7002,53.53741606084152,4,3,8.353817011429342,4,1.000497371518331,0,0.0,0
7003,31.792086826145507,3,5,10.959616055815774,1,1.0000691614726929,0,0.0,0
7004,36.4338367462028,4,4,12.571675089631999,1,0.7496606862036264,0,0.0,0
7005,49.295176667222755,2,6,2.854459614364817,7,0.8371030642521277,0,0.0,0
7006,39.6944881740051,4,6,2.9117163653216913,3,0.3626256649911488,0,0.0,0
7007,70.24177454153028,3,5,13.27293312895268,5,0.0,0,0.0,0
7008,21.047145126882977,3,3,7.527989065806162,0,1.0007791585678287,0,0.0,0
7009,21.87496611722369,3,3,18.580917867831214,2,0.5249302527335873,0,0.0,0
7010,51.77266172015746,4,4,19.995697276536816,7,0.9993878572848707,0,0.0,0
7011,34.57773411942558,2,1,16.031896253932814,3,0.3734592703844973,0,0.0,0
7012,27.259430538378027,3,6,7.4320930681487205,6,0.5492428362660025,0,0.0,0
7013,57.01301661053631,3,1,5.10371604357022,7,0.9997968675477631,0,0.0,0
7014,37.03448582610025,3,2,0.7208205959376635,2,0.4960047333762838,0,0.0,0
7015,50.37805345275614,3,1,4.878120121602109,7,0.0,0,0.0,0
7016,30.295678508405572,4,6,2.3117373509807724,7,0.49832517873410875,0,0.0,0
7017,38.765701218514124,3,2,2.364408303160916,1,0.8253349885225606,0,0.0,0
7018,48.678038283540225,1,4,9.70895496070429,6,0.7328150313318194,0,0.0,0
7019,36.708588632960044,3,3,14.166453368227216,4,1.0005901527305818,0,0.0,0
7020,47.632692856657634,4,3,11.025869606394865,7,0.9999601584409261,0,0.0,0
7021,48.41028375868659,2,3,17.054173998909814,3,0.42024275020667384,0,0.0,0
7022,29.14228864166706,3,2,15.68554835092064,5,0.15198788316900402,0,0.0,0
7023,53.593072209359704,2,3,13.044882061335699,2,0.4625378588727852,0,0.0,0
7024,28.514656949702598,1,2,11.29474313549663,4,1.0105055944000916,0,0.0,0
7025,38.57471486904636,1,3,0.9610569678673695,6,0.11529248321644048,0,0.0,0
7026,40.40794566708942,1,6,7.844133303982883,7,0.42475795026558544,0,0.0,0
7027,39.272045180740925,3,2,1.3644886460933812,4,0.9994347455904792,0,0.0,0
7028,58.33761082128413,2,6,20.000245700560647,7,0.9739127535398368,0,0.0,0
7029,50.94152646054107,3,2,8.346265329141502,7,0.6545012251049883,0,0.0,0
7030,30.471151480230397,3,6,14.742183142952701,2,0.5123276537671063,0,0.0,0
7031,53.743648228301716,3,4,17.907042032849485,7,0.9998333815984084,0,0.0,0
7032,38.10485793233417,3,2,16.40381384683162,7,0.2536588878732101,0,0.0,0
7033,31.771233235328495,0,3,4.497516447907314,7,0.1973766429583098,0,0.0,0
7034,41.05783485919456,1,3,0.9287601431395949,7,1.0004860709940029,0,0.0,0
7035,25.12449959423578,2,6,10.995494968579841,3,0.3892530177363672,0,0.0,0
7036,60.423726099433566,3,2,5.156289777687177,7,0.9999364687396902,0,0.0,0
7037,27.3387255265406,2,2,13.760608283823899,4,0.8278058461845987,0,0.0,0
7038,46.63967516209563,4,1,0.5413918564752311,5,0.1533614362869995,0,0.0,0
7039,41.011829078816326,2,3,10.910912621082842,2,1.0003300900228398,0,0.0,0
7040,44.81555406056965,1,1,3.9496783272874465,2,0.22213145893417413,0,0.0,0
7041,53.77780372900566,1,6,13.719225503273124,3,0.42232097073721486,0,0.0,0
7042,41.01707368412342,3,6,10.328219077334314,0,0.4507143650746168,0,0.0,0
7043,49.322519161091286,3,3,6.4872722028541485,7,1.0001518484341032,0,0.0,0
7044,48.30336502354551,5,3,3.7771090135919554,7,0.9998839264377065,0,0.0,0
7045,56.27114313038285,3,6,4.68848894755537,6,0.7843467721064213,0,0.0,0
7046,72.07706365675125,3,4,27.4686549378714,7,0.9751440509830276,0,0.0,0
7047,34.479447984203816,1,5,2.476996876054189,4,0.11287617495142499,0,0.0,0
7048,41.49494892180275,2,3,3.4316996721258377,2,1.0002923324581714,0,0.0,0
7049,33.34035954354073,3,4,20.000813146410323,1,0.9998790617901893,0,0.0,0
7050,40.23360113259173,0,4,2.6073783344952943,1,0.0,0,0.0,0
7051,24.802331468619144,4,5,3.628258690085193,5,0.3358132318654119,0,0.0,0
7052,59.80430134141844,4,6,2.0664227837884113,6,0.4940550827494853,0,0.0,0
7053,39.08723658694189,3,2,0.0,7,0.9502823681745045,0,0.0,0
7054,38.05851086542183,5,6,24.84278161665831,7,0.8134993093529447,0,0.0,0
7055,37.57788761783479,3,6,19.64265032267607,2,0.9998876608275,0,0.0,0
7056,35.085762671650905,3,3,14.255627974489006,3,0.5427883180924034,0,0.0,0
7057,34.53646216509355,4,3,13.749135220899564,0,0.4994232841924407,0,0.0,0
7058,36.94437300221412,2,6,14.912584844168736,1,0.9996318075025281,0,0.0,0
7059,53.21151556908443,3,6,14.047792126564431,7,0.9993793748209571,0,0.0,0
7060,46.65834203535498,3,2,11.701107099250308,7,0.9999073014255323,0,0.0,0
7061,41.680476528646764,3,2,2.684798400880611,7,0.485201699726039,1,90587.059643572,1
7062,35.49476850367602,4,6,10.315117853739185,6,0.999989187985864,0,0.0,0
7063,9.341001867541067,3,3,14.022164027507381,2,0.9996240509449492,0,0.0,0
7064,49.67467117396116,3,6,17.37740251482382,7,0.9998460461266101,0,0.0,0
7065,55.99474895635174,5,2,18.580779040308244,5,0.6156134815759243,0,0.0,0
7066,51.74161361819249,3,4,19.98327275834451,1,0.9997454867702728,0,0.0,0
7067,44.66508722252435,3,3,19.83162351178906,6,0.9996904338097314,0,0.0,0
7068,34.86229844932587,3,6,8.55537058660206,1,0.3513708005639104,0,0.0,0
7069,33.00249205610956,2,2,17.42686800760385,6,0.23859749650953693,0,0.0,0
7070,31.782257523887225,3,3,10.162284479535865,5,0.9937042308610651,0,0.0,0
7071,32.29231291916635,3,2,10.165520314736646,1,1.0002703362797083,0,0.0,0
7072,29.204374509343403,4,3,3.132111942504931,2,0.771398846283952,0,0.0,0
7073,29.74825681955797,3,2,10.52284656324442,1,0.11394441673010547,0,0.0,0
7074,43.39909516900986,4,1,7.217137172463453,5,0.9589914386075091,0,0.0,0
7075,29.71210410967369,2,2,7.852991965090374,5,1.0028624859247337,0,0.0,0
7076,61.03417088147731,4,4,7.763647229832243,6,1.0005224546518094,0,0.0,0
7077,45.87964932372,4,6,19.91155306333315,3,0.2945449508207975,0,0.0,0
7078,53.21062353972634,3,2,3.4441792426480875,5,0.16528685477790261,0,0.0,0
7079,62.40724226993693,3,6,2.704231735490282,7,0.17546551233052043,0,0.0,0
7080,34.34797371905716,3,3,11.30567101321331,1,1.0002350367072628,0,0.0,0
7081,55.846257999907586,4,3,8.67684308653045,3,1.0005903597299093,0,0.0,0
7082,44.64982151587359,3,1,11.60298263615395,7,0.9997480657260107,0,0.0,0
7083,39.14437712572952,3,2,13.930993465162194,1,0.999846673640747,0,0.0,0
7084,51.926801924246064,3,3,19.99978996572799,4,0.583424770089916,0,0.0,0
7085,52.699411229736846,1,5,13.901812718536823,7,1.0000240550967803,0,0.0,0
7086,22.726286871946616,4,2,8.181314799520104,3,0.2564781934748338,0,0.0,0
7087,37.52038575361321,3,1,9.93667161986199,2,1.0001095618565619,0,0.0,0
7088,49.1889814372624,6,3,1.1105634548176901,7,0.8112146290675065,0,0.0,0
7089,48.75143335506575,4,4,7.999139967397072,4,1.0001069473863957,0,0.0,0
7090,51.13026396523975,3,3,17.705399410782164,1,0.4222491225738338,0,0.0,0
7091,21.083484530947114,3,7,5.5540073948907995,5,0.06359504179583253,0,0.0,0
7092,60.52941187336974,4,3,20.340352974309432,7,0.15455896090095156,0,0.0,0
7093,59.14855920187574,3,3,14.832202540910831,1,0.9999566143475188,0,0.0,0
7094,63.928668891054386,3,4,7.504529260809948,2,0.9999842905078338,0,0.0,0
7095,52.6316981393814,3,3,0.5502528416280157,7,1.0001198724004525,0,0.0,0
7096,38.680315711322635,3,4,7.047757355736647,7,0.2556485413095616,0,0.0,0
7097,39.35680018981835,3,1,4.046068372663621,2,0.5873744691486138,0,0.0,0
7098,61.85316883222,3,1,8.410872206945493,7,1.0006585718290166,0,0.0,0
7099,38.50703765326128,2,4,19.99517890909987,1,0.9994243673872018,0,0.0,0
7100,42.744547530050674,3,5,17.572550217358625,7,0.3599915204601491,0,0.0,0
7101,51.01698054125711,3,5,2.314840041291424,7,0.9996899174245982,0,0.0,0
7102,65.62127512922227,4,1,18.99675606151806,1,1.0001115278154378,0,0.0,0
7103,48.11071609600725,5,2,14.782044810060112,7,1.000149683206637,0,0.0,0
7104,31.29887036472475,3,2,5.977722502131993,7,0.39082063918933846,0,0.0,0
7105,33.231195654299924,3,3,19.736795232779087,6,1.000155441096676,0,0.0,0
7106,69.17509878587956,2,1,12.472715308353672,3,0.999974589175046,0,0.0,0
7107,40.54431894654441,3,4,20.001873778544464,7,0.5438457026891388,0,0.0,0
7108,45.94581503954827,2,1,17.052110421830527,7,1.0004680135948014,0,0.0,0
7109,40.72328845810047,4,4,0.7058400917044896,1,0.4845598842808745,0,0.0,0
7110,26.73414944420646,4,3,0.0,3,0.999839799825755,0,0.0,0
7111,27.361413405142592,2,2,8.95430339502597,3,1.0089125784744337,0,0.0,0
7112,19.014712136365272,5,4,9.40824795482899,3,0.9999440106288553,0,0.0,0
7113,72.96859396929278,3,4,7.083584599026721,7,1.4814573919528924,0,0.0,0
7114,48.31913544000956,2,6,19.575172154687785,0,1.0000250714014078,0,0.0,0
7115,54.71306309661481,4,3,0.0,3,0.4991472254064434,0,0.0,0
7116,49.70038876767461,3,1,11.503812702691794,3,0.2859008550661394,0,0.0,0
7117,50.00413603996697,6,3,6.763172200968282,2,0.9478741615386772,0,0.0,0
7118,43.871134966541874,5,5,20.35195796350332,7,0.9995915548632056,0,0.0,0
7119,33.41052359918965,5,3,17.503322328622108,1,1.0000371188705852,0,0.0,0
7120,37.982428668932585,4,6,19.55938390821882,5,1.000349552036998,0,0.0,0
7121,43.862907997636945,1,3,9.00677074600037,2,0.9997361276205512,0,0.0,0
7122,58.33128152048195,4,1,20.205125390264175,7,1.0001568033110089,0,0.0,0
7123,37.749612422088624,2,3,6.67358098033545,3,0.45459354995171136,0,0.0,0
7124,36.44451181953205,4,2,10.84956983160951,7,0.6218160113363022,0,0.0,0
7125,38.06477560149952,4,4,19.996595834527156,7,0.07346322769500002,0,0.0,0
7126,41.43946757500408,4,4,12.699419248402318,2,0.17443890127158534,0,0.0,0
7127,26.322098597478487,5,2,9.660705736540244,4,0.4092314723564144,0,0.0,0
7128,35.05423232468934,2,6,13.74039618353529,8,1.0003573751278245,0,0.0,0
7129,46.74549738607947,1,5,4.290016307016854,5,0.3753400805970244,0,0.0,0
7130,41.46339003421284,5,2,19.32669176590862,4,0.9915223571017894,0,0.0,0
7131,38.94420437018086,2,1,20.29774860071408,3,0.9995048392119136,0,0.0,0
7132,37.57692448257875,1,1,6.386025944450383,7,0.044305769274229356,0,0.0,0
7133,27.507866315630324,2,4,1.7104874631573281,1,0.3553672269190422,0,0.0,0
7134,25.605987073740433,2,2,10.000636971623463,5,0.4559047111278445,0,0.0,0
7135,35.105992025591526,3,6,7.197686361846294,3,0.3970836550093387,0,0.0,0
7136,63.574555312541705,4,3,16.525840840078494,3,0.9996298898460341,0,0.0,0
7137,49.48079009580277,2,5,17.893286170544226,2,0.979599213407401,0,0.0,0
7138,66.487360442372,2,6,2.975720848715767,3,0.4662484939230016,0,0.0,0
7139,51.05996945925256,3,3,14.479544384376885,3,0.9527591847251291,0,0.0,0
7140,53.644834352601116,4,4,19.993607507499764,1,1.0000679912839818,0,0.0,0
7141,56.45160476975812,6,3,13.103414382177432,1,0.24955954511818607,0,0.0,0
7142,30.379901755180807,1,3,5.476140947086175,6,0.0,0,0.0,0
7143,58.494649091021465,4,6,11.48630532795946,1,0.0,0,0.0,0
7144,48.632195197356154,3,1,8.42283474998477,4,0.49854777800077216,0,0.0,0
7145,57.68784239581902,3,6,7.69078682340986,7,1.0006047415483867,0,0.0,0
7146,24.86861935303343,3,6,9.934760528445558,3,0.12078229799268192,0,0.0,0
7147,47.92294395236735,2,1,19.992204263025297,7,0.32271486028009355,0,0.0,0
7148,55.1594200849043,3,2,14.32532466639174,4,0.999760682641406,0,0.0,0
7149,46.59536874807899,3,3,12.120119850778867,3,1.0008414894221551,0,0.0,0
7150,23.32166901612706,2,1,14.53953714687724,2,0.2447813678397313,0,0.0,0
7151,17.620075099947776,2,4,4.041173449644234,1,0.9791368952120079,0,0.0,0
7152,33.66689663919769,1,3,9.077587283596369,2,0.9996760868758495,0,0.0,0
7153,35.87475035475349,3,4,10.721361021536604,1,0.9943454979393836,0,0.0,0
7154,58.2313421545406,3,3,19.819489050631645,4,0.9998177622508035,0,0.0,0
7155,58.47181340406304,6,3,12.470597082420289,4,0.7848015238243597,0,0.0,0
7156,48.535070416632244,5,6,14.604897091638597,1,0.9753192521564544,0,0.0,0
7157,37.93615048645602,2,3,14.088886620249086,7,1.0000080996062455,0,0.0,0
7158,50.46743499108447,4,1,12.560663631731007,7,1.0001116339834712,0,0.0,0
7159,44.54416752367506,4,1,19.993739143966977,0,0.3295761177219406,0,0.0,0
7160,21.078193676684204,1,5,11.769408238065116,2,0.112299730277164,0,0.0,0
7161,59.16537923282948,3,3,4.402045547817677,5,0.9425988185320148,0,0.0,0
7162,44.61027907903417,1,4,20.003041476623807,7,0.9086506839907864,0,0.0,0
7163,46.16904039300505,3,3,8.242292335982814,7,0.9997356851331214,0,0.0,0
7164,24.2221242030051,1,5,16.28351616233742,3,0.3838162732050406,0,0.0,0
7165,45.813886671823944,2,2,17.907872476576255,7,0.898758437165747,0,0.0,0
7166,36.64371209679499,2,4,20.005574741677343,1,0.9994297649087992,0,0.0,0
7167,49.18861605942318,3,2,13.471043415399272,5,0.01801114094462697,0,0.0,0
7168,51.57452653844619,4,1,9.174449807859684,4,0.9643760415765713,0,0.0,0
7169,67.89187096519724,2,5,20.363925221796944,3,1.0002839903031562,0,0.0,0
7170,57.17813090701904,4,3,17.57934696166944,7,0.9996365517282172,0,0.0,0
7171,22.127530370492043,3,6,11.445593243332574,3,0.57875915505394,0,0.0,0
7172,24.069953144045027,5,4,20.00227121906503,1,0.9993986001712399,0,0.0,0
7173,53.99641676425152,1,3,0.0,6,0.04838370455759489,0,0.0,0
7174,34.45590961128894,4,1,9.136632291582128,3,0.8405761397480259,0,0.0,0
7175,31.192689698806213,4,2,17.926898047836882,3,0.9688987638945307,0,0.0,0
7176,25.170318561875757,2,3,14.802709555097397,0,0.26379388777848356,0,0.0,0
7177,49.08326264110129,5,1,3.39440207929385,3,0.4168461936617179,0,0.0,0
7178,44.200129172514465,1,1,12.081310117535683,3,0.1728826269114785,0,0.0,0
7179,31.066843869650054,0,6,9.574399530734423,7,0.6931759647545476,0,0.0,0
7180,46.0415925972642,1,4,20.01160605034999,7,1.183241359545369,0,0.0,0
7181,50.26080785133681,4,6,13.661607721333331,3,0.24447337536125358,0,0.0,0
7182,22.374209668847797,4,4,11.022661799025823,7,0.228991178141363,0,0.0,0
7183,11.93283161878271,3,3,11.342025412649472,2,0.9141527259726955,0,0.0,0
7184,26.36141977977793,5,2,11.495637447150761,4,0.798204019595061,0,0.0,0
7185,40.47643944139718,2,5,15.87611163086318,7,0.9438986881343299,0,0.0,0
7186,54.48932530677382,3,7,13.928746975062811,8,0.7055418012000363,0,0.0,0
7187,30.182065328734023,4,6,19.302987946740274,1,1.0389285432262032,0,0.0,0
7188,48.09497586624369,2,6,15.709114453946096,1,0.9751617649770448,0,0.0,0
7189,28.767098599828607,1,6,2.835022442206297,7,0.5484920901042396,0,0.0,0
7190,58.5632154623057,3,6,13.8443910501964,1,0.48066971422327304,0,0.0,0
7191,46.95939117250223,6,6,18.598876841947455,7,0.7912679942723648,0,0.0,0
7192,31.437972335712104,1,2,12.664551433934705,3,1.108017536577556,0,0.0,0
7193,42.19819027723025,3,5,15.559448162525154,1,0.4275584330351099,0,0.0,0
7194,51.10127558530313,4,3,17.96982028055262,6,1.000019883664272,0,0.0,0
7195,57.21730466987517,3,3,19.843027257128835,7,0.6670621359163665,0,0.0,0
7196,49.33362493154422,2,6,14.021148914115665,7,1.0003226886932937,0,0.0,0
7197,35.85140525335665,3,6,22.260345657348125,7,0.9998944120433753,0,0.0,0
7198,42.435918476295456,2,1,11.492973475738816,5,0.5049138933255939,0,0.0,0
7199,39.46025587924576,4,6,19.536721537359448,3,0.0,0,0.0,0
7200,48.512634997927194,5,6,17.46588867814952,3,0.9997274328481933,0,0.0,0
7201,43.83426270407664,3,4,5.904906479124861,4,0.43902096474841157,0,0.0,0
7202,50.21302533430305,3,6,17.118903682443385,7,1.000213928460136,0,0.0,0
7203,29.77713074631469,3,5,3.076037737827223,7,0.41496293624453295,0,0.0,0
7204,40.68040105267017,4,2,20.003444274507082,1,0.6058361543685438,0,0.0,0
7205,61.016616669270775,6,4,18.056591959289335,3,0.4290974449532549,0,0.0,0
7206,48.01377523823386,4,3,12.152098711668897,2,0.5042047413060121,0,0.0,0
7207,57.287969039526395,5,4,18.12983916558811,4,1.0000535632687837,0,0.0,0
7208,26.201739648776105,2,3,4.685126533787959,1,0.9998270550093163,0,0.0,0
7209,47.46123992581991,2,6,10.70649954767541,5,0.6287200050364504,0,0.0,0
7210,23.51382258137107,4,6,11.198513447872248,4,0.5582907896595193,0,0.0,0
7211,22.557048587414723,3,3,2.0789479678782534,3,0.9634975697417969,0,0.0,0
7212,46.03402428622982,2,4,19.998019584048954,2,1.0001411206275737,0,0.0,0
7213,35.39224954572542,2,1,15.563347421625974,2,0.1214859594256178,0,0.0,0
7214,56.192910509887554,1,2,11.436670437032204,6,1.0000627705107628,0,0.0,0
7215,48.05069510848172,2,3,0.0,3,0.11401316418159058,0,0.0,0
7216,34.62012320784875,1,4,16.210808330923186,5,0.6025762339986974,0,0.0,0
7217,36.534400776233035,1,5,19.713819596056382,4,0.4992020872543468,0,0.0,0
7218,48.74267054518445,2,6,14.896584495859718,6,0.3409803880652979,0,0.0,0
7219,36.43489072952704,3,4,20.00644365536543,1,0.4972603518463601,0,0.0,0
7220,44.85410395361484,4,5,15.33323890985984,7,1.000035744183875,0,0.0,0
7221,44.18792518551587,5,4,20.572106953451005,6,0.1352978196327348,0,0.0,0
7222,18.451890575144976,3,3,4.366245831547035,4,1.0006477037117334,0,0.0,0
7223,50.66698791365308,6,5,7.994600378010889,7,0.2175233234722816,0,0.0,0
7224,70.21566430246133,2,3,4.826924554822313,3,0.49416103856438004,0,0.0,0
7225,49.35097638261215,2,4,19.999715406815053,1,0.9997615601397583,0,0.0,0
7226,45.40336792876276,4,2,7.507208254864819,7,0.8496664964587672,0,0.0,0
7227,47.49486853010974,4,1,9.822555455746516,2,0.001565119547305427,0,0.0,0
7228,29.71451829655252,3,1,13.589369992822267,7,0.9992873247069962,0,0.0,0
7229,64.607148594064,3,4,15.694553218287243,7,0.7617320215029943,0,0.0,0
7230,62.267670142597595,4,3,10.118992287550162,5,1.0320422364978339,0,0.0,0
7231,35.84372065963355,5,4,17.48540680794377,1,0.9808069327223523,0,0.0,0
7232,42.73044528230449,3,5,18.912409766555612,7,0.2976951880089767,0,0.0,0
7233,43.20525745329393,4,4,20.00099434157606,1,0.9999682993186523,0,0.0,0
7234,21.973510957181155,1,2,14.145090805601825,2,0.0,0,0.0,0
7235,42.77318708504482,3,2,9.492198936927947,3,0.19255824909053876,0,0.0,0
7236,55.43204656660924,3,3,15.855372108107755,7,1.0007953697531429,0,0.0,0
7237,46.621055452005365,3,6,15.169293167756177,1,0.998238324564019,0,0.0,0
7238,72.37582141013007,1,4,20.00268989415711,4,0.49717814297390595,0,0.0,0
7239,46.09960175049461,3,3,17.31724886596293,6,1.0004541869944816,0,0.0,0
7240,31.37792874431417,2,3,15.05082521836988,3,0.5258541399268548,0,0.0,0
7241,31.10881874529982,5,7,11.305569786640978,1,0.0,0,0.0,0
7242,62.583577033576844,4,2,15.177878192665535,7,1.0000665337740042,0,0.0,0
7243,65.12012790957218,3,4,2.8940612080672743,7,0.7298904434069154,0,0.0,0
7244,24.77723049877781,3,2,9.022170422579011,1,0.4311251889949659,0,0.0,0
7245,36.75647509952102,4,5,6.537066771357084,6,0.8668990853412173,0,0.0,0
7246,24.49268823668626,2,1,10.875472097694066,3,0.9999403031225476,0,0.0,0
7247,76.32610840219394,2,3,0.0,2,0.5063298226503625,0,0.0,0
7248,48.348360009117805,4,3,13.471394919134173,1,0.8588748741207776,0,0.0,0
7249,34.688967313228936,4,1,0.0,3,0.6395314380759297,0,0.0,0
7250,49.99756040163908,1,4,11.605388863011637,2,0.0,0,0.0,0
7251,39.44300044060827,4,5,18.509622585531538,4,0.5677462093865182,0,0.0,0
7252,46.08256137967864,1,2,19.996405601534093,1,0.9997292702410858,0,0.0,0
7253,57.31803415232447,2,1,25.631098953216508,7,1.000481546381446,0,0.0,0
7254,43.84226537373316,3,3,8.185177299811775,1,0.2621319737573056,0,0.0,0
7255,28.215844900583605,3,2,9.64308861639887,2,0.26280662231914914,0,0.0,0
7256,43.98850815091223,1,2,10.980488568954865,7,0.8346797557828635,0,0.0,0
7257,44.29937862526962,2,6,3.3300065036372644,5,0.6037611421840314,0,0.0,0
7258,7.107195321488412,1,3,4.16367691428059,3,0.37903501376661414,0,0.0,0
7259,54.04295600285748,3,5,14.510371220877486,3,1.0000182528424568,0,0.0,0
7260,26.26949395757704,2,7,0.8863109239609326,3,0.0,0,0.0,0
7261,50.78009637201589,3,4,19.993497319465146,3,1.00002921030282,0,0.0,0
7262,33.91898553366631,2,6,0.5824356313464705,7,0.9352199003646915,1,4931.794120006458,1
7263,27.568366628765816,4,7,10.422658331979118,7,0.20173691821467332,0,0.0,0
7264,31.348076079033753,4,3,13.276783920427425,4,0.9996692888267811,0,0.0,0
7265,46.27238568122529,4,6,6.405022773674578,1,0.17055291633945713,0,0.0,0
7266,42.36065404966303,2,0,19.993138047695844,1,0.9991957297863626,0,0.0,0
7267,35.62281656598028,2,1,9.023424229461952,3,0.999527924687037,0,0.0,0
7268,57.69293383891861,2,3,4.7137771724849316,7,0.9999649348259989,0,0.0,0
7269,29.147118356725613,3,4,2.4194570034497964,1,0.9063654601693993,0,0.0,0
7270,29.333315509907194,3,2,4.26993005358489,7,0.9998786956412885,0,0.0,0
7271,48.56667983320061,3,2,18.415528321640053,4,0.9998968815483776,0,0.0,0
7272,50.660033929601965,3,4,10.418965866623735,3,0.6733875631064955,0,0.0,0
7273,36.5719482110934,2,2,15.330727636980685,7,1.0000983140370832,0,0.0,0
7274,48.26551558179277,4,3,3.663634769082754,3,0.44395899652346577,0,0.0,0
7275,16.526327954903866,4,3,16.016272714967172,2,0.26492933069552527,0,0.0,0
7276,26.557338334091426,4,6,15.387852523582488,1,1.0522687125344572,0,0.0,0
7277,46.128921390131985,3,1,10.378352378689305,7,0.9998818781797318,0,0.0,0
7278,50.91317231327505,3,3,21.16595759928331,7,1.0003452573019433,0,0.0,0
7279,49.04783209527311,3,4,19.98480791751188,1,0.6526588176867947,0,0.0,0
7280,49.37878556787367,2,5,7.217169424046121,2,0.5010520605867972,0,0.0,0
7281,45.713785522022675,6,1,15.530890643928402,0,0.5437708416589188,0,0.0,0
7282,62.2237018972549,2,1,0.5407543700656685,7,0.9705208171926688,0,0.0,0
7283,50.85042506291662,2,7,1.8169437931802648,8,0.2882026095114809,0,0.0,0
7284,42.10255656728802,2,7,3.7250612916084656,1,0.6463865223583593,0,0.0,0
7285,24.041860430440693,3,2,13.901923704228361,7,0.9995263500445997,0,0.0,0
7286,61.44112371381335,5,1,1.011226159391624,2,0.4983324398495991,0,0.0,0
7287,47.566487004425966,4,5,18.231264263297206,4,0.9997664015381004,0,0.0,0
7288,53.655360532545444,4,3,13.967501720511795,1,0.6466527209661299,0,0.0,0
7289,54.708536299816416,3,1,3.0434499181093795,7,0.6502309869279029,0,0.0,0
7290,43.4193791865857,0,3,10.719402832304693,7,0.4893219922148334,0,0.0,0
7291,56.67867325377527,3,1,7.8188183324540965,7,0.9996858407780286,0,0.0,0
7292,44.297129129402876,5,3,6.839379051562855,4,0.999882917726052,0,0.0,0
7293,36.07696307781576,3,6,16.102004618676723,3,0.5650134131602829,0,0.0,0
7294,41.738424214873824,4,3,9.746493761899474,7,0.9997857764808017,0,0.0,0
7295,31.094008710488126,5,5,6.90156644632476,1,0.5053807481279504,0,0.0,0
7296,44.23907270870741,5,6,11.71788240699186,7,0.20973613630380655,0,0.0,0
7297,55.824732755681495,3,1,9.050507434286665,7,0.999728067979172,0,0.0,0
7298,44.66121141118633,3,5,19.99386665378963,1,1.0002533928653055,0,0.0,0
7299,58.674216229044404,3,1,19.997623078557044,2,0.3578778114167519,0,0.0,0
7300,62.61443248170831,4,2,8.49956107063872,7,0.8103928289862733,0,0.0,0
7301,38.968167412515605,5,1,8.467346288226604,3,0.4989119288067987,0,0.0,0
7302,22.44870513572126,5,5,18.689461194925016,1,0.9632084465257709,0,0.0,0
7303,53.77183801105146,2,4,20.006164551871713,1,0.999853966720105,0,0.0,0
7304,48.38995636382434,1,2,8.0426024818349,1,0.9996459291649742,0,0.0,0
7305,44.650670526641974,6,3,10.006430114601372,7,1.0004982263510012,0,0.0,0
7306,65.84627355340409,2,6,11.870797355450229,3,0.6336866440700509,0,0.0,0
7307,48.02767108510388,4,2,13.9297479764589,1,0.9996416038804297,0,0.0,0
7308,57.54383376265694,3,1,19.998829131108195,6,0.5523749835879818,0,0.0,0
7309,26.085571708436714,2,6,3.586096747754535,0,0.4626070173539299,0,0.0,0
7310,66.75496650098339,3,4,20.003857415885857,7,1.000496366415855,0,0.0,0
7311,46.91996155518022,5,5,16.871213054153248,7,0.9996471704754069,0,0.0,0
7312,49.50761923451847,4,6,12.309630638054633,6,1.0003798273283024,0,0.0,0
7313,41.210097005207665,4,1,2.0568948462890297,3,0.5003282223210006,0,0.0,0
7314,52.80416147151563,3,4,5.7351944895250035,2,0.7868011964371383,0,0.0,0
7315,30.273556068202733,3,2,6.410589590534164,1,0.4285577665788568,0,0.0,0
7316,37.25501979536604,2,2,20.0041002868198,1,0.3943784144923722,0,0.0,0
7317,50.07340074815273,3,3,10.349157747719085,5,0.9996094957473618,0,0.0,0
7318,35.69645277923502,3,3,20.00877052856062,8,0.8614328044298093,0,0.0,0
7319,57.659934961875805,4,6,0.0,6,0.5852475596547587,0,0.0,0
7320,49.07055609045136,4,2,7.282277623944788,5,0.36424478450752806,0,0.0,0
7321,47.32493738364594,4,3,21.388641166636088,7,0.9997611929694996,0,0.0,0
7322,21.733176711821244,2,1,18.139188580310396,1,1.0000371504022343,0,0.0,0
7323,20.333599984240216,6,5,14.75485990112122,1,0.15547619405340374,0,0.0,0
7324,19.15893252399118,3,3,10.881579825725444,0,0.6735427449264509,1,3631.547757002051,1
7325,37.17697926796309,6,6,4.029096806326658,2,0.42094395065104395,0,0.0,0
7326,29.42892157962951,3,3,14.560857792494469,4,0.6850565590927514,0,0.0,0
7327,21.408367893018333,3,1,4.419870040829249,5,0.39706312165405394,0,0.0,0
7328,49.508719820162796,2,1,16.094916702850185,5,0.5038734876825485,0,0.0,0
7329,30.083853406770046,3,3,19.994295986428128,1,0.5696231706245247,0,0.0,0
7330,56.87429007583708,4,4,20.004443122312914,5,0.4686480266950679,0,0.0,0
7331,24.814854206529464,4,2,13.53108459206654,1,0.9999679582975702,0,0.0,0
7332,29.927011770769724,5,4,9.471519748073844,3,0.38709289898412585,0,0.0,0
7333,35.740541233206194,5,2,13.593203289119046,7,1.0004686902055975,0,0.0,0
7334,33.433499686092325,2,5,3.164931244380478,5,0.8071823411897155,0,0.0,0
7335,41.60194879791749,3,2,16.9356796147259,5,1.000217865725117,0,0.0,0
7336,32.686899958979254,3,2,15.343359805068513,1,0.27207390475984206,0,0.0,0
7337,31.6547953176595,4,4,12.802055890287043,5,0.32371921504547363,0,0.0,0
7338,40.208193662844714,2,5,16.10334424506738,5,0.5048417054679668,0,0.0,0
7339,21.138675339588705,0,6,3.878548840981775,6,0.17913369890109454,0,0.0,0
7340,49.77340607015968,1,3,9.009628400062422,4,0.4998920308542,0,0.0,0
7341,41.35013299737763,3,5,10.882462798006404,2,1.0002265803112298,0,0.0,0
7342,57.907214538668775,2,4,17.192941759048516,6,0.5072556537512627,0,0.0,0
7343,34.83088886700508,3,1,19.99448633104557,5,0.5709690052777496,0,0.0,0
7344,25.3444819386819,1,3,15.553636163645745,4,0.9999908669619236,0,0.0,0
7345,43.63268838792372,4,6,15.926989407663033,4,0.2517551445329353,0,0.0,0
7346,27.180399707132487,3,1,22.285447422193158,2,0.5298586581514046,0,0.0,0
7347,19.293858163375116,1,3,23.977715313644104,4,0.9997898828471814,0,0.0,0
7348,79.68885044444511,3,4,13.141898936255908,4,0.863566944507111,0,0.0,0
7349,47.1380348129599,3,1,19.99268466264583,4,0.30468649707122075,0,0.0,0
7350,54.41796676199057,4,3,0.0,3,0.502078992454294,0,0.0,0
7351,57.76245279056071,3,1,17.083027956259222,4,0.9847163645090647,0,0.0,0
7352,38.17301943657144,4,1,3.65084538812566,3,0.49653935385094183,0,0.0,0
7353,53.69740951319582,2,3,15.173170959720672,1,0.9918519015752942,0,0.0,0
7354,46.429918722580176,3,1,12.226351301293706,7,0.9994099303274349,0,0.0,0
7355,12.089831945552977,3,3,19.99922384796741,1,0.41347424059139243,0,0.0,0
7356,54.99813280769726,4,2,12.53078379315877,4,0.32837649066023283,0,0.0,0
7357,43.94866414650375,4,3,8.56355525381052,5,0.39122291270691806,0,0.0,0
7358,71.70387960369104,4,1,13.001702930076824,3,0.5011605838876841,0,0.0,0
7359,42.2572473301722,4,3,21.91040373839741,3,0.8220226858216223,0,0.0,0
7360,31.5405185566957,5,3,9.555839759031839,4,0.945579407134642,0,0.0,0
7361,48.69766341771451,2,6,8.402603259763135,1,0.18142023296179044,0,0.0,0
7362,43.40309105718928,3,4,19.999536669984167,1,1.0004613248656793,0,0.0,0
7363,50.10198297331729,4,4,2.9312840182079967,5,0.8294649855115004,0,0.0,0
7364,36.804392911853476,4,6,18.742300282607086,5,0.2766852785625275,0,0.0,0
7365,23.180111818218784,0,2,9.437982587363997,7,1.0003110631750922,0,0.0,0
7366,42.334370180977075,3,6,11.821953169261642,4,1.0000301026613292,0,0.0,0
7367,39.573045590445,3,3,7.341578214273436,5,1.0000934324189925,0,0.0,0
7368,59.22835721155835,1,3,19.323554305926894,7,1.0002178013793392,0,0.0,0
7369,33.6358321654392,2,6,2.520395331997012,7,1.0003696447668922,0,0.0,0
7370,32.4620561017299,5,3,10.551133592339747,4,0.004245879086147042,0,0.0,0
7371,54.316238751643986,2,6,11.541533777502165,4,0.31083361813646015,0,0.0,0
7372,50.83160845326243,4,2,8.249075184520482,6,0.8086397677789868,0,0.0,0
7373,47.96903109204616,5,3,2.4305017995375717,6,0.8102438402933196,0,0.0,0
7374,45.533617081869,2,4,26.074073633881042,4,0.4840405043691633,0,0.0,0
7375,41.516752452829195,3,4,13.348424237786103,7,1.0003096422371913,0,0.0,0
7376,49.1386767128445,3,4,19.998031382301207,7,0.6294141406623751,0,0.0,0
7377,24.339616035678954,4,6,7.282597966787565,1,0.40889174734903017,0,0.0,0
7378,25.98886771907389,2,6,18.828259361335185,2,0.805142194628848,0,0.0,0
7379,42.936313004590566,2,6,7.221241621652881,7,0.9997789807583862,0,0.0,0
7380,52.260246981328656,4,3,11.079352153605223,5,0.6674724281702638,0,0.0,0
7381,35.11009661720408,4,1,0.0,7,1.0001138921019535,0,0.0,0
7382,61.89225013486252,0,3,5.159308775981498,7,1.0002259831659108,0,0.0,0
7383,48.47101028166158,3,4,19.994031862149022,7,1.0003373351282656,0,0.0,0
7384,18.12532926334752,3,3,12.549663409674825,4,0.4169650958370203,0,0.0,0
7385,44.495617760635525,3,1,8.613042984689775,7,0.9640179817146953,0,0.0,0
7386,33.218459119797544,1,3,6.891049136574211,1,0.999828007716268,0,0.0,0
7387,35.00832154242417,3,3,20.011690598556683,5,0.432162720331078,0,0.0,0
7388,46.48536167671906,4,6,15.410339773621562,6,0.9645655904018231,0,0.0,0
7389,46.177928519546455,3,3,1.4130296350795408,2,1.000307792660231,0,0.0,0
7390,57.847479889189046,2,4,19.99487084186866,7,1.0000980041643805,0,0.0,0
7391,41.746322772202156,1,5,17.00041602107852,6,0.9666422110953343,0,0.0,0
7392,48.91321114285309,2,3,22.547841317992393,5,0.9997487466323527,0,0.0,0
7393,14.862970935461568,2,5,6.281368438110653,1,0.6329499818114396,0,0.0,0
7394,55.52457034127532,2,5,11.909480192336403,7,0.4001175289555065,0,0.0,0
7395,29.638967382623566,3,6,14.835096700171835,7,0.1734380579967949,0,0.0,0
7396,19.63153756301526,4,5,21.73885385428072,7,0.09345592580421902,0,0.0,0
7397,28.46087019572162,3,2,3.3038706751473557,7,0.7035823552825294,0,0.0,0
7398,51.15388554119296,4,4,19.99540077501124,1,1.0002315589848314,0,0.0,0
7399,53.381523167200065,3,3,21.220369687376436,1,0.9999033120487688,0,0.0,0
7400,21.653142304586705,3,7,5.549327839967033,2,0.0,0,0.0,0
7401,75.45655186521708,3,4,19.996410048110953,1,0.7012428000785685,0,0.0,0
7402,52.403818718833236,4,3,2.844390115970887,6,0.6999463415221574,0,0.0,0
7403,51.25696645747293,6,3,12.19026030465255,1,0.3943031401530794,0,0.0,0
7404,53.08275412977812,2,3,16.91121128205868,7,1.0005433443673113,0,0.0,0
7405,46.513614504256324,3,3,28.652072151380043,1,0.4270758620065586,0,0.0,0
7406,41.82063070555483,4,2,5.203667487596561,7,1.0001126044272164,0,0.0,0
7407,42.9840038517815,1,1,11.167832676555703,4,0.9493795979126758,0,0.0,0
7408,69.46719073806588,3,4,20.00261513862586,7,0.9998447304711839,0,0.0,0
7409,36.37451068730006,3,1,19.025665537377574,2,0.5066946729150162,0,0.0,0
7410,42.88440775570296,3,3,13.249233416856011,7,0.6056246424155021,0,0.0,0
7411,48.29616493235442,2,1,19.993717791925636,3,0.40373877140632397,0,0.0,0
7412,49.667441580325224,3,3,5.250746521567433,1,1.000115944351057,0,0.0,0
7413,28.148196582333597,3,3,21.070431238812724,2,0.9996468349587863,0,0.0,0
7414,29.75707663624703,3,3,7.7151326197706105,4,0.28303444226057545,0,0.0,0
7415,36.72690647416849,5,2,7.698417584271138,7,1.0003574112709863,0,0.0,0
7416,42.131091741013634,3,3,27.75938742779992,4,0.9998166306308096,0,0.0,0
7417,23.19699037534056,3,6,5.205602404758935,5,0.6382561477241888,0,0.0,0
7418,39.97310463448987,3,5,19.00350116919356,1,0.0,0,0.0,0
7419,47.785077008240535,3,1,19.99615737912452,3,0.2875508317622684,0,0.0,0
7420,43.00631485313355,3,2,11.857711425503364,5,1.0000842254820284,0,0.0,0
7421,29.201121280487804,1,2,6.958981977748965,6,0.918734704376008,0,0.0,0
7422,33.63132744322633,4,5,9.529796130844717,1,0.757879560387976,0,0.0,0
7423,46.287857583530794,2,3,1.090733017135694,6,0.5037347111248414,0,0.0,0
7424,30.26024700427395,2,1,16.42070151387773,3,1.0000514595817493,0,0.0,0
7425,14.673803955184244,6,3,11.246487414162772,3,0.32257760452398476,0,0.0,0
7426,43.01890746682072,2,3,13.96432309249121,6,0.49799401858079556,0,0.0,0
7427,22.758111561982513,1,6,6.003568633101483,6,0.6281695915683518,0,0.0,0
7428,29.835396169945703,3,1,6.631270000588042,4,0.9997959164706711,0,0.0,0
7429,37.473882881206904,3,6,8.62540761248335,3,0.9998490583821573,0,0.0,0
7430,47.322549872289684,1,6,14.736970183818709,0,0.668762403529769,0,0.0,0
7431,66.39371359164085,3,4,19.991733992575277,1,1.000061799452686,0,0.0,0
7432,49.44693164631509,2,1,4.257314131365548,0,0.4950473115169076,0,0.0,0
7433,29.33710600665631,5,4,13.994966742478784,5,0.07388738949994766,0,0.0,0
7434,22.84800814961311,3,6,8.930633274107313,2,0.9205701177679309,1,2241.158094941182,1
7435,51.60002033848185,3,4,19.998814986762106,3,0.9999292630668287,0,0.0,0
7436,36.50341040358239,2,1,10.4618017636398,4,0.999324799330132,0,0.0,0
7437,44.742036903652554,5,3,3.525225573390764,3,0.999810302260432,0,0.0,0
7438,53.69954059096412,4,6,6.333858281417811,5,1.0001882545466854,0,0.0,0
7439,39.57132014616209,5,2,7.875012965847256,7,0.37838009492850316,0,0.0,0
7440,24.453038674873703,2,6,1.9941030814699676,3,0.3543135579495599,0,0.0,0
7441,49.9740927481399,3,3,17.01086128319815,2,0.9998560609515046,0,0.0,0
7442,43.47781496583856,3,2,9.234076722717743,3,0.977320239380576,0,0.0,0
7443,33.96638607935988,2,1,14.355911535151161,4,0.9998952229237509,0,0.0,0
7444,36.106465459776516,6,1,10.475756924102582,7,0.9590449420743064,0,0.0,0
7445,41.3789589526466,4,2,7.894048971645054,1,0.17210856318531664,0,0.0,0
7446,42.4091979684715,7,2,11.915800612211108,5,0.2264051970373775,0,0.0,0
7447,46.36804385039839,0,6,10.46521912799405,7,0.3489499348103746,0,0.0,0
7448,13.220599112067369,3,7,16.600140364131118,7,0.9860285135244806,0,0.0,0
7449,20.29985772483775,3,6,15.266878062854243,3,0.6332309148126986,0,0.0,0
7450,38.922615483128055,3,1,13.803782370028859,6,0.5011494623615591,0,0.0,0
7451,43.912863257185066,2,6,12.881390768489988,2,0.6440160859982978,0,0.0,0
7452,37.82132855686818,3,4,23.99766331602196,4,0.5970078370837619,0,0.0,0
7453,30.509199989498782,4,2,14.665235519222758,3,0.006816266259008219,0,0.0,0
7454,49.50662532876357,3,3,20.001582473837736,1,0.9995811105333623,0,0.0,0
7455,47.23966899275576,1,5,0.0,7,1.0005822627136254,0,0.0,0
7456,50.87005125307136,3,1,6.796849255347032,3,0.5033820640033494,0,0.0,0
7457,32.835469439333835,3,4,15.130639230400593,3,1.0060720101524177,0,0.0,0
7458,9.935689044549264,3,4,14.561668251865893,0,0.6377681444882887,0,0.0,0
7459,55.62319226372319,2,3,17.391316918604932,7,0.4910603355437312,0,0.0,0
7460,50.00262184558329,2,6,19.168459018178787,3,1.1901145891783869,0,0.0,0
7461,29.09595485714734,2,3,3.20300423591134,5,0.02758248519617823,0,0.0,0
7462,69.41515384475322,3,6,18.920960662253588,2,0.24731821774063228,0,0.0,0
7463,53.385110799766196,4,3,11.383936671686538,1,0.4375468254569516,0,0.0,0
7464,30.817841303513216,3,4,1.340502993707723,2,0.6248985552211891,0,0.0,0
7465,44.05510620831008,3,1,8.711752697101568,4,0.9122133269414232,0,0.0,0
7466,48.255983712848526,3,6,9.145411100811842,7,1.00046084140163,0,0.0,0
7467,64.26821698705143,2,3,0.0,1,0.4947641973082042,0,0.0,0
7468,41.28219622813359,3,5,19.439411089512763,2,1.0000987784182593,0,0.0,0
7469,45.399440201756875,2,6,12.00344741156745,2,0.08155631024507937,0,0.0,0
7470,28.67468384265408,2,6,14.707609808725442,7,0.11490403095013757,0,0.0,0
7471,40.854754148602815,1,3,9.599937623495512,3,1.0005209133449229,0,0.0,0
7472,24.770159856917694,3,4,0.09290680854563504,4,1.0003265677069715,0,0.0,0
7473,51.52327950550864,3,3,0.0,3,0.49414813776691235,0,0.0,0
7474,34.520808157382135,0,3,12.229366818560036,3,0.3866506183942007,0,0.0,0
7475,55.58071713441149,1,3,13.71355210654738,4,0.4993443975961043,0,0.0,0
7476,28.737535960419354,0,3,9.388759849243907,3,0.9998941215463366,0,0.0,0
7477,56.706898303276816,3,1,1.799907917279576,3,0.9427047303063298,0,0.0,0
7478,31.864643462530577,3,1,2.2306122160632835,3,0.22676392696836728,0,0.0,0
7479,58.37889531249928,1,3,3.287563515487328,2,0.5019322740225485,0,0.0,0
7480,27.14511561184608,3,2,8.706404035114218,6,1.0000534844945772,0,0.0,0
7481,41.1723161616107,0,1,11.678907148305079,3,0.9997646553611752,0,0.0,0
7482,47.249871538387374,1,6,19.415616975890252,1,0.9669383531550437,0,0.0,0
7483,38.46095611309429,3,1,3.6980590783420153,7,0.9998922653519162,0,0.0,0
7484,43.303730073617125,4,3,9.4114467714846,7,1.0903084615253875,0,0.0,0
7485,43.323696813277564,2,1,0.009955574291414138,4,0.44999146232671106,0,0.0,0
7486,56.41662719949824,4,1,7.859510818484948,7,0.9463090022740328,0,0.0,0
7487,34.33459368928889,1,1,13.94002069920057,7,0.2720569755712006,0,0.0,0
7488,48.005478070635505,3,4,19.99021098988708,7,0.4962963505400417,0,0.0,0
7489,51.70720858922488,3,1,8.377791954265776,7,0.0,0,0.0,0
7490,26.245513005731908,3,5,17.997068096909004,2,0.4731112333724563,0,0.0,0
7491,48.45307774522536,3,2,6.937746309815406,7,0.9990005969842202,0,0.0,0
7492,20.692476984661333,4,3,9.435432036180051,3,0.11291363882203709,0,0.0,0
7493,41.9398173980875,2,6,16.294582996026655,7,0.8041317308651501,0,0.0,0
7494,45.3591484925407,8,6,11.553421592481408,2,0.9381467331222184,0,0.0,0
7495,41.32733741670926,1,2,0.8370637641940455,6,0.3139420227538733,0,0.0,0
7496,32.50277059235425,2,6,4.277420429239496,6,0.41482353033277947,0,0.0,0
7497,44.426699566961894,2,6,15.311084987914073,7,0.999995071827073,0,0.0,0
7498,77.11859611805163,3,3,12.154378596689693,4,0.19642573401028723,0,0.0,0
7499,42.78110053117552,4,3,4.828038176059213,6,0.2102088778343315,0,0.0,0
7500,35.680531723447274,5,3,8.578250132134734,3,0.49521622796835624,0,0.0,0
7501,22.128406441479928,1,2,11.898212550092726,5,0.36970330961101977,0,0.0,0
7502,38.50637323472529,1,1,3.4296434938302163,2,0.18049118242522932,0,0.0,0
7503,33.14063765246044,4,5,14.949720181260382,7,1.0003113360229223,0,0.0,0
7504,47.99042069641014,3,4,12.204182418620734,2,0.08687073024227887,0,0.0,0
7505,35.77241055610261,4,4,20.003003960057534,2,1.0000703705840417,0,0.0,0
7506,27.28418764679414,5,6,9.201375854106995,3,0.15505494181592072,0,0.0,0
7507,47.0030956736214,4,1,14.139286053961051,7,0.9996460300251075,0,0.0,0
7508,34.673071662623784,4,2,11.846797490016769,3,0.9989448945558788,0,0.0,0
7509,38.14707960752768,4,2,11.7804200859526,7,0.9995980402698197,0,0.0,0
7510,18.237004270100503,1,5,8.737829158094273,3,0.12878005197985432,0,0.0,0
7511,48.17398756257218,2,4,6.189019950293113,1,0.30319803079209945,0,0.0,0
7512,55.85718636231356,4,6,14.604344617765483,1,0.9159784770087535,0,0.0,0
7513,39.09373133322163,2,3,15.701068304473608,7,0.9999201756672316,0,0.0,0
7514,58.16406590471988,4,3,16.68349954912923,2,0.7843580060597677,0,0.0,0
7515,38.78258319979515,3,3,23.62878078142988,2,0.999918954530786,0,0.0,0
7516,33.84427883045427,2,2,0.0,4,0.6956257923400201,0,0.0,0
7517,35.30620182850235,2,6,14.354827080252143,1,1.0266051189300067,0,0.0,0
7518,29.95934404016312,4,2,14.677108757496754,5,0.29973966286498677,0,0.0,0
7519,25.562920231119655,3,2,21.951750242512325,3,0.4229811174338618,0,0.0,0
7520,59.41601123902359,3,1,6.793684907363859,7,1.0001724406039005,0,0.0,0
7521,54.959114026443835,2,3,12.281732500508264,3,0.6111837495468773,0,0.0,0
7522,55.187376089417576,4,6,12.411418283729482,7,1.000294998751492,0,0.0,0
7523,51.82729250041503,1,2,8.996934287587989,5,0.38342148230125267,0,0.0,0
7524,52.91765208090982,1,3,10.747394143864353,7,1.0005425367319707,0,0.0,0
7525,24.71986600078795,1,6,10.635405910407487,1,0.4498537315127038,0,0.0,0
7526,50.90878884418524,3,1,13.388862047026931,5,0.9996201934365299,0,0.0,0
7527,38.82170915042705,4,6,12.084017343041955,5,1.000427980242704,0,0.0,0
7528,70.14169574873091,3,1,8.091335231331115,5,0.5065216684983879,0,0.0,0
7529,46.06966283172771,5,6,13.101326166311996,4,0.24552253948560554,0,0.0,0
7530,38.339076330705744,1,1,10.107882876152912,7,0.6570055037223171,0,0.0,0
7531,33.27023289407149,3,5,1.6355704738255703,6,0.4312296306498407,0,0.0,0
7532,57.64404004711922,4,6,11.600864197781544,6,0.6063475808154681,0,0.0,0
7533,49.367303265027,4,6,8.427143071123757,4,1.0002208513243755,0,0.0,0
7534,35.253929068055406,3,3,15.516636823769094,7,1.0003539349295991,0,0.0,0
7535,41.87294517224526,2,1,0.7385123227724169,3,0.2350222332612374,0,0.0,0
7536,41.45448572299545,3,4,0.0,7,0.6804504095776945,0,0.0,0
7537,47.10373834992763,4,5,10.135937086552651,5,0.5291484419543959,0,0.0,0
7538,52.71268519078178,3,1,3.541081487723349,1,0.935294205219649,0,0.0,0
7539,41.333779066732326,5,6,23.534256799284957,7,0.9992595612611802,0,0.0,0
7540,38.50056912614424,8,2,13.780331584927817,7,0.7889598099521747,0,0.0,0
7541,34.24513299671948,4,6,20.737487322430198,2,1.000210326480746,0,0.0,0
7542,23.038209030968016,3,1,1.305783555090537,3,0.49932509732870056,0,0.0,0
7543,62.73226956348593,3,2,9.95388798368777,7,0.9998614506367435,0,0.0,0
7544,54.94791626982206,2,1,14.75888355585601,3,0.49957288456418625,0,0.0,0
7545,50.093504710211555,2,2,11.39451107025456,7,0.999920301282424,0,0.0,0
7546,26.320301486484375,4,2,4.326954417600974,5,0.0,0,0.0,0
7547,21.883723926644922,2,7,2.285421616007632,3,0.0,0,0.0,0
7548,36.853529271453226,1,3,16.071690640909807,4,0.999554253950409,0,0.0,0
7549,53.39004625587578,5,1,3.8290832867183564,7,0.9659432299652668,0,0.0,0
7550,56.44632727834486,1,6,20.593953960861676,7,0.9999137095381943,0,0.0,0
7551,31.217461417591032,5,4,18.140426132777357,7,0.5785959335563048,0,0.0,0
7552,68.82065840586222,4,2,6.560452627368667,6,0.9737459946848728,0,0.0,0
7553,59.1148714934407,3,4,15.139354032229523,4,0.704276941823776,0,0.0,0
7554,41.81815433388088,3,5,20.002179773243114,7,0.9625833753513491,0,0.0,0
7555,18.359911788200673,4,2,13.038379252713247,3,0.930887893502115,0,0.0,0
7556,45.592231016123,4,5,0.13397589993059,7,0.33337474272801243,0,0.0,0
7557,21.688337631727155,1,5,6.668002496100549,2,0.6147710454511274,0,0.0,0
7558,50.52096264437806,5,1,8.394326879653814,3,0.31535371184912375,0,0.0,0
7559,47.24791048542737,3,3,15.802608667591459,1,1.0001471283018144,0,0.0,0
7560,42.02312122291154,3,3,26.46264664070251,4,1.0001194125132284,0,0.0,0
7561,41.75289020155124,2,3,0.2333415878622631,3,0.9997538995198838,0,0.0,0
7562,26.679670797696353,2,1,9.596849893398101,3,0.4233063520730848,0,0.0,0
7563,54.74408973679348,3,6,19.20916265924002,7,0.8100440685408484,0,0.0,0
7564,49.10240539713342,3,6,24.00634061449636,4,0.9998372752062009,0,0.0,0
7565,46.80060568889325,3,3,20.00021446384298,1,1.0000244665653384,0,0.0,0
7566,41.25620681227185,2,2,7.005791941091613,1,0.9995546189673259,0,0.0,0
7567,46.588060076342366,3,4,8.30902865616079,1,0.9999409531205088,0,0.0,0
7568,30.346040170578654,3,3,19.99809618550119,1,0.8192250289791179,0,0.0,0
7569,53.304024392131026,4,6,17.654618963431588,7,0.9999534540385691,0,0.0,0
7570,41.89265452993587,2,2,4.635643580056264,7,0.956795728117373,0,0.0,0
7571,49.3853794079138,4,1,10.799687261557585,7,0.9998345579094341,0,0.0,0
7572,29.343162641848863,1,2,13.074701888381387,3,0.0,0,0.0,0
7573,40.307379753763534,2,6,9.920950859725362,1,0.6145933619825967,0,0.0,0
7574,39.162522583486336,5,1,6.577907528597168,7,0.9740460004388583,0,0.0,0
7575,45.120120522868376,5,4,17.138536897619293,4,1.0002143017986165,0,0.0,0
7576,49.49303596751275,3,2,0.18026258798678363,2,0.33499099702153656,0,0.0,0
7577,63.450153106548626,3,3,10.181247526996765,7,0.6632573465811582,0,0.0,0
7578,52.78728442920812,3,4,0.9932120099739112,7,1.1241019018743532,0,0.0,0
7579,32.40600564070159,3,3,9.074245698108243,0,0.0,0,0.0,0
7580,51.67472098720055,5,2,19.99975899306589,1,1.000016063278443,0,0.0,0
7581,34.239185303727766,2,2,13.747698070352953,1,0.9997388773064895,0,0.0,0
7582,74.0945119772407,4,6,1.1670185108230537,7,1.000166612319369,0,0.0,0
7583,31.039486763191167,4,3,13.263224006854712,1,0.9047742118829999,0,0.0,0
7584,32.78529015152188,1,3,0.0,1,0.4713234437063403,0,0.0,0
7585,34.44363555095167,3,4,18.829776762828395,1,0.999748547792554,0,0.0,0
7586,48.6810458412364,4,1,1.0381791969187848,4,0.9999541702170764,0,0.0,0
7587,20.136968335138047,1,5,0.6424634512298866,6,0.5072480608934744,0,0.0,0
7588,46.09105939334609,4,4,14.68586039437974,1,0.9467244046879839,0,0.0,0
7589,10.475353716266305,3,5,20.00389959404648,1,0.3920643503976054,0,0.0,0
7590,29.484467989599537,4,3,0.0,2,1.0004245969352266,0,0.0,0
7591,47.06520554213011,2,1,19.990604292349268,5,0.5278327996150568,0,0.0,0
7592,34.11630268387827,3,3,8.898693627084787,1,0.35843526295847133,0,0.0,0
7593,53.789816321137664,1,6,8.051816911009498,7,0.07131014498182786,0,0.0,0
7594,43.04893206586503,2,3,3.735299401963366,2,0.8942641558050352,0,0.0,0
7595,43.974010387026354,3,2,8.74711510774867,7,0.5222976768590673,0,0.0,0
7596,30.2531538192723,3,3,10.387809765694028,2,0.421931074516356,0,0.0,0
7597,56.68068232474154,3,1,10.112255147696894,6,0.9998643823834139,0,0.0,0
7598,40.88591096130326,4,3,10.998564040843988,7,0.9993771092745585,0,0.0,0
7599,15.654380623493523,1,1,18.29391958926101,2,0.4984500097229356,0,0.0,0
7600,55.72320673161732,4,3,7.256485161445757,5,0.13022825667436955,0,0.0,0
7601,54.679267177683684,4,1,4.006098765352742,7,0.6480370472903001,0,0.0,0
7602,46.493255417549804,5,2,5.659361813400877,1,0.10938306081030214,0,0.0,0
7603,53.52964066148209,2,3,13.505428192370008,7,0.9935924268576782,0,0.0,0
7604,36.285538391573596,3,2,14.371667840971998,1,1.0001489950947648,0,0.0,0
7605,51.04645672442335,2,6,13.245603754319273,7,0.3376002503854614,0,0.0,0
7606,35.44623120817692,3,3,6.666790409520036,7,0.12923187292888516,0,0.0,0
7607,45.63193294002087,4,3,2.8874024618163396,7,0.9997196820341651,0,0.0,0
7608,40.98697644185902,3,3,19.998055484505308,2,1.0526317935252527,0,0.0,0
7609,42.389216372989345,3,4,14.662313286266858,4,1.000260672244867,0,0.0,0
7610,28.31501660294027,3,7,0.6584805115549237,5,0.0,0,0.0,0
7611,41.24394667065575,2,1,16.276828891001202,7,0.9691137390933513,1,5916.1522501053205,1
7612,41.46467972906042,3,3,6.614706490155545,7,0.6593719954789975,0,0.0,0
7613,43.8506474048104,3,3,12.78913265443449,7,0.49404579326981923,0,0.0,0
7614,22.257546214232654,1,4,7.603502970696166,5,0.36424947489934817,0,0.0,0
7615,30.349237555961977,5,1,6.171094410178198,5,0.5015422504622762,0,0.0,0
7616,46.50430768730987,3,4,0.0,3,0.8711518646332275,0,0.0,0
7617,29.20436469338572,1,4,10.201724633202033,2,0.8655870703450975,0,0.0,0
7618,45.855612738767576,3,0,15.193944754643207,0,0.9998841543581327,0,0.0,0
7619,42.05201577652493,2,2,4.84086418553457,6,0.10648587086084271,0,0.0,0
7620,41.38805324555322,3,3,17.647711161829992,4,0.5031029193006598,0,0.0,0
7621,39.25826186206697,5,2,16.593473292244326,1,1.000074626767271,0,0.0,0
7622,29.978608253154686,2,1,17.272881870224438,3,1.0003625786689847,0,0.0,0
7623,36.48472166668134,2,3,0.0,1,0.9996056939966558,0,0.0,0
7624,43.92250591256984,3,2,4.26864359186349,4,1.0002816915286357,0,0.0,0
7625,51.069816713890056,3,3,0.0,7,0.42508711310516506,0,0.0,0
7626,43.614516449653166,3,2,11.850858174837406,6,1.000180533158078,0,0.0,0
7627,42.56615138721332,3,6,10.203959002997761,7,0.5790833199479436,0,0.0,0
7628,70.4372296536009,3,4,9.74817523145287,4,0.5812806631725477,0,0.0,0
7629,30.262833171775917,4,4,16.04429979067769,5,0.35123809849164034,0,0.0,0
7630,26.29740107861054,0,6,9.735149726909542,5,0.6455091036072461,0,0.0,0
7631,36.31246655196123,3,2,8.944843738196045,2,0.5328290870026949,0,0.0,0
7632,32.29250298238259,3,3,8.476812340427216,7,0.7632120480688082,0,0.0,0
7633,29.252871618473247,7,3,14.755981682610141,4,0.31520905429279494,0,0.0,0
7634,33.85494947790052,1,1,12.043135770134691,3,0.1475898571080203,0,0.0,0
7635,62.17124086274296,3,4,19.99982777342732,1,0.9998572262688676,0,0.0,0
7636,36.846305066069355,4,6,7.582778675891747,6,0.4438142367442728,0,0.0,0
7637,40.52712606531511,3,3,1.046343507819282,2,0.5287980657410986,0,0.0,0
7638,66.31870612525553,2,5,9.438929209527345,4,0.4982181178309971,0,0.0,0
7639,45.84569773236981,2,1,13.154925447240206,4,1.0002194675201626,0,0.0,0
7640,51.279318272578855,5,6,12.908166220497284,4,0.5969907243861983,0,0.0,0
7641,29.611697806339563,3,4,12.427246777347314,4,0.45665127938642025,0,0.0,0
7642,46.42286191680408,3,4,20.003227866210345,1,0.6836042713791446,0,0.0,0
7643,70.91414934138673,4,4,23.902005545775523,2,0.47506280712955695,0,0.0,0
7644,38.86056112032305,5,3,11.258558478245256,2,0.9997613452701786,0,0.0,0
7645,54.363905583234214,3,3,11.480785022231794,7,0.9841133040495547,0,0.0,0
7646,33.71564801138561,2,1,4.317803524052215,0,0.9993881842215158,0,0.0,0
7647,40.86628783620158,4,6,10.095765115645852,7,0.9993237881608277,0,0.0,0
7648,45.830685082683864,2,1,5.77368623247509,2,0.32592249677238627,0,0.0,0
7649,36.3767434247396,4,2,0.0,7,0.7844224392449846,0,0.0,0
7650,58.165005098350676,0,6,7.965905515347019,6,1.0422440255432988,0,0.0,0
7651,38.71065424450342,2,1,13.001996208354734,2,1.000256549553918,0,0.0,0
7652,39.04294919051725,2,1,15.203787636798621,2,0.3257074900841533,0,0.0,0
7653,14.679016230423255,2,6,23.488883481169594,4,0.9999050895344229,0,0.0,0
7654,26.648562356315708,5,6,13.59407625284473,4,0.241315970288638,0,0.0,0
7655,53.990143445007234,2,3,5.137173631766077,0,0.7187042040203623,0,0.0,0
7656,57.723820250496814,3,6,7.594573281160711,6,0.9999918327265463,0,0.0,0
7657,41.134573055933814,2,5,19.341047033489815,2,1.0004945215303227,0,0.0,0
7658,35.85507106532755,3,3,17.51739455047285,2,1.0003721430597747,0,0.0,0
7659,42.21676199278699,4,2,11.651306385460257,7,0.9997466157646331,0,0.0,0
7660,55.885003689482865,6,4,19.998752781191058,7,1.0002009798551645,0,0.0,0
7661,57.87603307857795,4,6,20.396153884439077,5,1.0000566091874554,0,0.0,0
7662,50.23268233202804,0,1,14.207298641646112,2,0.5004119936120235,0,0.0,0
7663,28.895454438090105,3,6,12.23294464623255,5,0.6743839100138116,0,0.0,0
7664,54.21933889794584,3,4,19.99277027189401,1,0.4461485259137308,0,0.0,0
7665,36.505043711044,2,5,12.38991956023663,0,1.0156617854064944,0,0.0,0
7666,49.437968462862585,2,2,1.614761289354755,7,0.09017296495787774,0,0.0,0
7667,50.52692967279982,1,3,14.075903308100344,1,0.3520079945806662,0,0.0,0
7668,38.68891864301216,5,3,10.97970492849408,2,0.4133049530223517,0,0.0,0
7669,30.567134616079834,2,3,0.08876826997495257,1,0.0,0,0.0,0
7670,44.79123816395622,3,4,7.096967913809277,4,0.9997926146085865,0,0.0,0
7671,39.33326082596383,2,1,19.994149220565745,2,1.0152627837945698,0,0.0,0
7672,43.31331554201055,1,1,19.99335649452337,6,0.0,0,0.0,0
7673,42.484636116392394,4,3,5.1472758055835195,3,0.32208234974233857,0,0.0,0
7674,45.11270705251626,2,6,12.081417938699893,4,0.4654545357398488,0,0.0,0
7675,40.740433850226175,5,4,11.549565374326018,1,0.9743721265821514,0,0.0,0
7676,27.43146237911786,5,5,20.036834369454603,7,0.1547289713918646,0,0.0,0
7677,46.300772399311,1,4,10.799984190982912,4,0.22130519525338305,0,0.0,0
7678,41.739469828267566,3,3,10.951346921630973,5,0.1348329538656361,0,0.0,0
7679,25.70345501774016,2,2,9.89166178330545,4,0.02303566881739927,0,0.0,0
7680,39.25250824210887,1,3,9.925936750465096,6,0.6880538189346198,0,0.0,0
7681,46.654842724364116,3,1,16.000171754421864,2,0.9768040722512609,0,0.0,0
7682,36.93453896947519,5,3,17.068405732148392,7,0.19306772003198547,0,0.0,0
7683,46.03759683226854,5,3,0.0,3,0.013619342961618264,0,0.0,0
7684,30.427079855301297,5,3,12.792715518008762,7,1.0004351435225542,0,0.0,0
7685,40.19169022879457,3,6,3.5429485984014075,0,0.5179454988072155,0,0.0,0
7686,53.81502699572231,3,3,8.219279728347816,5,0.49932954402298274,0,0.0,0
7687,35.7811230598798,5,3,10.899595644016074,7,0.9993173031568814,0,0.0,0
7688,43.108227837799944,4,1,14.433090545159441,4,0.4664702538774827,0,0.0,0
7689,33.397155693009765,3,1,10.805480057437643,7,0.9992413515456597,0,0.0,0
7690,49.10472252787255,3,4,19.999570890880225,1,0.8478339368958903,0,0.0,0
7691,57.452243584698444,3,3,9.91690537366498,5,0.999879695140002,0,0.0,0
7692,31.111261902849005,3,3,14.472118429755632,1,0.6252781109016403,0,0.0,0
7693,48.06452267649789,3,4,18.135418951749045,6,0.9492240792039979,0,0.0,0
7694,23.792637406274725,3,3,17.661491396407882,1,0.9599654950517704,0,0.0,0
7695,39.89004240078049,1,1,20.412728717325514,7,0.9993407780808254,0,0.0,0
7696,20.035134731857617,3,1,5.15993336209528,2,0.3796826696897903,0,0.0,0
7697,38.5146967773135,4,1,11.269639875108584,2,1.1969275861577602,0,0.0,0
7698,46.222065536673654,1,1,12.163710550986954,7,0.9996310667117567,0,0.0,0
7699,52.54877678754825,5,3,10.307106035337773,2,1.0007980698524168,0,0.0,0
7700,18.203365849787964,2,2,5.6738092389805255,3,0.013918100734915506,0,0.0,0
7701,31.213737848886606,1,1,20.000654195842145,0,0.8554489033528985,0,0.0,0
7702,28.88740285803873,2,6,10.318978740019308,3,1.000480330084859,0,0.0,0
7703,39.730553896349484,4,3,4.537781337859945,4,0.35219503275177094,0,0.0,0
7704,26.199056419485284,3,6,12.281510420519046,1,0.9509851468060599,0,0.0,0
7705,34.08509541424811,1,3,0.0,6,0.41724838905301187,0,0.0,0
7706,20.499430006460038,4,4,12.64084001404067,1,0.9704966423617536,0,0.0,0
7707,52.36757151966023,2,4,20.008571537764936,7,1.0009728471321955,0,0.0,0
7708,50.30955036954727,3,4,20.00073178847287,7,0.6843979334035674,0,0.0,0
7709,42.64331412609964,3,5,13.376051504455477,1,1.00054597691161,0,0.0,0
7710,30.066044979286445,1,1,9.099252762437903,4,1.0000946739190846,0,0.0,0
7711,41.72506493603445,2,5,8.193399220675227,4,0.49962064356849634,0,0.0,0
7712,22.765685853024124,2,3,9.47945810849415,1,0.5816679503407665,0,0.0,0
7713,66.01022244463525,5,6,16.78250112761348,7,0.5236336319691229,0,0.0,0
7714,49.557306704226974,1,4,19.990796248669433,7,0.9996931390842787,0,0.0,0
7715,54.26196535344202,1,5,21.589834084226453,3,0.3272185581571306,0,0.0,0
7716,59.200216494941266,3,3,9.2248032511536,7,1.0000075970369409,0,0.0,0
7717,56.85928615426076,2,6,3.8496755729956815,7,0.8904039750761688,0,0.0,0
7718,45.23643580764213,3,6,18.25477943551563,2,1.0000368668971067,0,0.0,0
7719,19.447000123937148,2,6,17.337174628096953,2,0.0,0,0.0,0
7720,51.98282687818376,3,2,19.360221119396773,7,0.9994778679376644,0,0.0,0
7721,41.370388247575754,4,4,9.711481503527644,7,0.9999613263250778,0,0.0,0
7722,36.656316750370706,2,1,5.137473268321478,5,0.2395903119321045,0,0.0,0
7723,43.87829679004702,3,6,18.373619583068958,7,1.000183306873999,0,0.0,0
7724,36.12274594694855,4,6,5.528435373013046,7,1.000214261489023,0,0.0,0
7725,54.93981671484257,3,6,16.23400813078323,3,0.18412450581294337,0,0.0,0
7726,36.85329027291805,2,1,17.665047325848196,7,0.4057960443606518,0,0.0,0
7727,65.0699853972686,2,3,3.8847046670078766,1,0.2640820675489128,0,0.0,0
7728,55.409517068967034,2,2,6.166530996417104,2,0.5457510053059624,0,0.0,0
7729,65.82584806393683,4,6,18.93278380671398,7,1.0001648225651012,0,0.0,0
7730,31.635002381098793,3,3,8.946297649843768,3,0.9034658845793041,0,0.0,0
7731,24.103321987456532,2,2,2.5000719095561603,4,0.5341129672441057,0,0.0,0
7732,30.968459999860528,2,6,10.829463477935146,7,0.9996278829024521,0,0.0,0
7733,21.51213348129538,3,6,14.783793432074443,7,1.0005528338663832,0,0.0,0
7734,42.6920325294283,3,3,20.00970920729352,1,0.46826016448923014,0,0.0,0
7735,15.474242371161285,3,3,19.999231035836555,1,0.6173566523627951,0,0.0,0
7736,25.670427425434735,0,3,10.795795545951064,0,0.9380782099731647,0,0.0,0
7737,33.62084359596595,1,1,13.340763759857921,2,0.0,0,0.0,0
7738,38.74078127141146,2,1,14.219390808623945,7,0.4374100843204708,0,0.0,0
7739,27.462840516060844,3,3,12.357244326751317,0,1.0002321285405271,0,0.0,0
7740,32.912242602946975,1,5,6.3602604378579635,1,0.7626073220168184,0,0.0,0
7741,27.407964501152918,4,3,16.988569095734178,1,0.2806938730736289,0,0.0,0
7742,24.40348828268932,3,2,6.595055648785508,2,0.9479431097986715,0,0.0,0
7743,47.28903326408935,4,6,5.54446403633204,7,1.000141889377286,0,0.0,0
7744,43.12681417997387,3,3,4.268476678517814,0,0.5857150643723829,0,0.0,0
7745,24.069860709748145,2,3,12.409516856069697,7,0.256825697176874,0,0.0,0
7746,34.008998217832826,2,1,22.344511242648945,2,1.000547577407326,0,0.0,0
7747,37.44321586597477,2,6,2.544812516043777,7,0.9999982290652458,0,0.0,0
7748,54.50773745362436,1,1,11.922811989779689,3,1.012052428136478,0,0.0,0
7749,36.4106587866539,3,2,0.0,7,0.9647897207994877,0,0.0,0
7750,63.414400546470915,4,3,9.968582813723698,3,0.9998804682667883,0,0.0,0
7751,39.42226996494353,4,3,7.214754121413915,6,0.47604128345812746,0,0.0,0
7752,60.47781713016329,4,3,10.675369810459864,3,1.0000147298591573,0,0.0,0
7753,46.78667489163729,3,1,16.150542421669613,0,1.00037188668961,0,0.0,0
7754,31.761301632920883,6,1,3.659777105781303,3,0.7555899519806204,0,0.0,0
7755,31.74058884166581,3,1,9.535840425059138,7,1.0001913799101263,0,0.0,0
7756,67.93235467865831,3,6,17.493709019496944,2,0.9996538746393366,0,0.0,0
7757,47.10333850177068,3,3,14.951138269160799,3,0.3852565103792581,0,0.0,0
7758,43.469667535119626,5,1,7.298885103967079,7,0.9444612995130384,0,0.0,0
7759,41.581999982576676,1,1,11.609220109171376,6,0.4955093050811008,0,0.0,0
7760,58.81719263643158,2,5,12.054458290348588,1,0.5440437410719478,0,0.0,0
7761,33.94224130216112,3,3,3.864889081215824,3,1.000076340799633,0,0.0,0
7762,13.552522519890733,2,3,26.77576271278837,2,0.4948800679741176,0,0.0,0
7763,46.85654765923846,4,1,6.076825690796018,4,0.49688018160206393,0,0.0,0
7764,46.73531906768825,3,1,20.00293258012309,1,0.0,0,0.0,0
7765,40.589661523585875,3,2,13.423061025428236,7,0.2628513254368478,0,0.0,0
7766,30.717509141550504,1,2,10.310337495870844,4,0.027455540271565493,0,0.0,0
7767,27.256224994737323,2,2,8.335597007773849,7,0.0,0,0.0,0
7768,27.456838649569498,3,3,9.841444810959809,7,0.764503930813435,0,0.0,0
7769,40.83499300431409,3,4,18.11438898265967,1,1.0000539268866755,0,0.0,0
7770,41.26465838180674,3,6,20.719502781506616,7,1.0001450298419405,0,0.0,0
7771,36.5930364944464,2,3,12.537562631357629,3,0.9996629085461379,0,0.0,0
7772,51.60575822074626,3,2,21.219786275904138,7,0.9999942243280039,0,0.0,0
7773,23.11382178981172,3,3,8.669736341365027,2,1.0273827014948709,0,0.0,0
7774,62.142851140974415,3,1,9.070625258664329,7,0.9999352997065938,0,0.0,0
7775,15.234041458905708,4,1,0.0008920122203583958,3,0.024916934376214117,0,0.0,0
7776,45.84459487168937,2,3,6.295327235100343,4,0.35719295170540966,0,0.0,0
7777,46.60474381155198,4,5,13.07570277844964,1,0.19545874108671774,0,0.0,0
7778,31.34644905476417,5,1,20.013117931220478,1,0.6486480566157515,0,0.0,0
7779,40.70526235092835,3,1,11.15852530584868,7,0.9352183869193718,0,0.0,0
7780,52.92528630933989,4,2,9.966206463043575,7,0.6374003774284565,0,0.0,0
7781,45.38156828773014,5,6,23.331375938029566,6,0.9791392259923497,0,0.0,0
7782,35.79167964066582,3,5,18.029017686568086,5,0.9997134874707748,0,0.0,0
7783,52.63924848163431,3,1,14.461622142439692,3,0.9980314628047163,0,0.0,0
7784,67.19376623828356,4,2,0.0,7,0.9999780804490725,0,0.0,0
7785,38.431308747287375,2,2,12.687408958986461,4,0.7629863487406964,0,0.0,0
7786,55.1913023693373,3,5,19.997606328517215,1,0.7409552365056956,0,0.0,0
7787,27.10159682662858,3,3,11.34539204029142,1,0.9998063689534231,0,0.0,0
7788,45.00794567852551,3,1,16.14454610541962,7,0.9999853907700549,0,0.0,0
7789,44.7212203119436,4,6,7.920852856752852,0,0.034257471176813326,0,0.0,0
7790,49.21987259651776,3,3,25.195701614659797,3,1.00030711664987,0,0.0,0
7791,48.21136958790662,3,3,20.00302390959484,3,0.5089786054330834,0,0.0,0
7792,52.84163708231007,2,2,7.945411622494982,7,0.5720809573648675,0,0.0,0
7793,37.49031642851425,5,6,12.296707979072668,3,0.9522916834814323,0,0.0,0
7794,59.88711011404756,3,5,6.7273330443140695,3,0.46115014665753185,0,0.0,0
7795,25.811479873989565,3,2,12.779093590426694,7,1.0002638824908767,0,0.0,0
7796,27.501303959128677,2,7,11.229730451724642,5,0.13778427757645528,0,0.0,0
7797,31.689040629553045,5,1,13.164570608055204,7,0.6633625124995505,0,0.0,0
7798,51.44956461643234,0,1,10.246705548269231,7,0.6584343021098711,0,0.0,0
7799,28.253695806413567,2,1,1.366401974376604,5,0.0,0,0.0,0
7800,37.222392765183244,2,4,16.71692826744128,5,0.6221915160360684,0,0.0,0
7801,49.73826920388937,3,6,10.420813011889408,4,0.14235419719315456,0,0.0,0
7802,62.02881710240134,5,3,8.529169361975384,7,1.1956026404024387,0,0.0,0
7803,71.09266474480773,3,3,1.7353019199908566,6,0.580304780352356,0,0.0,0
7804,36.47947785191765,3,1,20.01324807799852,0,0.43744900818841437,0,0.0,0
7805,28.43851975495193,1,3,12.702695724953312,2,1.000012108544932,0,0.0,0
7806,51.740809162129665,1,1,0.0,2,0.498117893537104,0,0.0,0
7807,38.091466495747845,4,2,11.493256403859743,6,1.0003316783859617,0,0.0,0
7808,33.06769408294148,3,5,0.0,7,0.4956880292043354,0,0.0,0
7809,57.126037220504344,2,3,3.293221863274767,2,0.999929099067496,0,0.0,0
7810,33.13385355385843,2,4,5.588634899040574,6,0.13352751140910013,0,0.0,0
7811,35.95775072794696,3,2,20.004437068920712,1,0.9996942305426619,0,0.0,0
7812,41.29156002181954,2,2,0.0,6,0.2551485981569121,0,0.0,0
7813,58.67729677623244,3,4,20.003084245736346,1,0.5445559693897697,0,0.0,0
7814,43.222209835398004,4,5,8.777035645836724,7,0.5926942779100295,0,0.0,0
7815,27.606707777379725,1,4,4.924895284011915,3,0.18775715753913513,0,0.0,0
7816,48.43631246183796,1,1,4.190592442171342,5,0.6379427001203444,0,0.0,0
7817,49.37965239557755,2,4,2.8635990260058186,2,1.0001438845594552,0,0.0,0
7818,54.1358583915232,2,5,20.033255047668582,2,0.14930084584924463,0,0.0,0
7819,40.6589517906058,3,5,6.329081333920336,3,1.0004561805905383,0,0.0,0
7820,32.384748500628106,3,3,7.176009082961267,3,0.9185458518860213,0,0.0,0
7821,53.720521958063905,5,1,14.648309244758298,0,0.6863622752195764,0,0.0,0
7822,42.736167944514804,3,1,14.107001365055641,6,1.0000192432299362,0,0.0,0
7823,34.88084361703879,1,2,10.829765172757094,6,0.4931843027556442,0,0.0,0
7824,44.18180473862971,3,3,12.491927505765055,1,0.9997228854595994,0,0.0,0
7825,57.16860551199454,3,2,11.437260758449714,5,0.9681332152258433,0,0.0,0
7826,48.485297760514165,5,3,5.716477012506617,4,0.1739083595677644,0,0.0,0
7827,46.05872531977457,4,3,10.65217960046793,3,0.49898015937705326,0,0.0,0
7828,57.58078092448035,3,5,2.215527769871409,3,0.451328098941765,0,0.0,0
7829,52.67222862173238,1,6,8.857228156787304,4,0.999596457945447,0,0.0,0
7830,53.84214494475388,3,5,16.262389505836374,7,0.4608620794404187,0,0.0,0
7831,36.966286066638794,3,6,5.6689936210037,2,0.15936358161920727,0,0.0,0
7832,52.09446106484051,2,6,16.159266397864492,5,1.102722154537716,1,5592.7658313977645,1
7833,61.796117524822904,3,4,5.752262862330128,4,0.5911179256574727,0,0.0,0
7834,20.596771684674962,0,6,1.2235710844672791,2,0.3337715429181388,0,0.0,0
7835,56.885860619619095,1,3,2.912522085024529,7,0.21538641904276562,0,0.0,0
7836,42.40188318662193,3,3,3.483271452724866,3,0.4281721339682797,0,0.0,0
7837,28.69381472036722,3,3,16.081123674278942,1,0.6367855463851237,0,0.0,0
7838,57.8224148450399,3,8,19.998397007949926,1,1.0001362355747527,0,0.0,0
7839,40.67178555233894,3,3,9.610401903028132,3,0.9998384267173608,0,0.0,0
7840,48.917791839907274,3,1,14.05364319402969,7,1.0002495159397076,0,0.0,0
7841,38.70813540638621,5,2,12.698003161951771,1,0.7269089620741555,0,0.0,0
7842,49.50763799411704,1,3,11.264127806148775,5,0.49704329647198175,0,0.0,0
7843,8.019703321706352,3,5,0.31147492332964966,5,0.5336012574833497,0,0.0,0
7844,45.70625806691084,1,1,21.99551525885429,4,1.0002915853720706,0,0.0,0
7845,40.46299639026578,4,5,13.637241010076334,5,1.0002237781411374,0,0.0,0
7846,54.52467996531013,2,5,6.868412325677291,7,0.9996796031783537,0,0.0,0
7847,54.48301478054392,0,1,2.151061261594995,7,1.0003942250021853,0,0.0,0
7848,38.285742352143785,4,3,9.074231867780666,2,0.5628360304482116,0,0.0,0
7849,48.106855201472634,3,4,12.020645346747251,2,0.9997360020195699,0,0.0,0
7850,39.1416240614874,4,2,2.726057599249618,6,0.42344318916661094,0,0.0,0
7851,38.77567658304216,2,6,4.422838451471735,1,0.35296184288926913,0,0.0,0
7852,45.36826696361417,3,1,1.8868955518526942,5,0.561122769975281,0,0.0,0
7853,47.37651650405591,3,1,12.909235986928135,2,0.9998046029488799,0,0.0,0
7854,30.937147767665373,3,1,8.410681859919096,2,0.0,0,0.0,0
7855,33.01603309737129,2,2,8.162009828538084,7,0.9994574619805983,0,0.0,0
7856,38.84279923642896,2,2,5.827703573304614,7,1.0001649144850577,0,0.0,0
7857,45.509532006343626,4,3,3.0448578732012006,1,0.9999630829522586,0,0.0,0
7858,42.670469085143566,3,1,4.447910182270873,7,1.0001286492521928,0,0.0,0
7859,43.79236415964664,3,3,17.52131225943289,7,0.9996689768014217,0,0.0,0
7860,50.83201019728061,3,4,5.216286519075302,4,1.0000317209764853,0,0.0,0
7861,49.81096092153727,0,2,14.219743096949482,7,0.46726705197781826,0,0.0,0
7862,52.558280453956634,3,0,1.7879124138751088,1,1.1264262039029416,0,0.0,0
7863,31.819040459547118,4,4,12.075807986467888,2,0.09985537373570175,0,0.0,0
7864,36.55371913128942,1,4,14.907918492202906,1,0.9828213374378155,0,0.0,0
7865,49.985963000183354,3,5,0.0,3,0.9998401845608644,0,0.0,0
7866,27.756015094561267,3,3,15.642672873497542,3,0.0,0,0.0,0
7867,32.571432027116714,3,3,13.218256782327078,7,0.9510257834830318,0,0.0,0
7868,30.637149289122984,4,4,19.991273693561517,1,0.9995034216162569,0,0.0,0
7869,29.397047824677138,1,3,16.82867556398118,4,0.34597492977886424,0,0.0,0
7870,53.99771375958445,1,3,17.14702200173489,6,0.4992314938196062,0,0.0,0
7871,61.45462647381705,4,1,17.506876927521635,7,1.0000737471236292,0,0.0,0
7872,57.45978948503832,3,4,4.127256031656131,7,0.9589711604930423,0,0.0,0
7873,34.95585133873734,3,1,11.16285751162973,1,0.38687820567766734,0,0.0,0
7874,41.36944673255973,2,2,13.136839270321826,5,0.4695966143316991,0,0.0,0
7875,46.15856610280351,3,2,3.137195681174367,7,0.9998375957930784,0,0.0,0
7876,49.98772853391385,3,2,9.337857035321376,6,0.51694368024722,0,0.0,0
7877,43.54585207092693,1,3,18.373744196788948,1,0.12433523009770064,0,0.0,0
7878,48.024556378650345,3,2,17.597768204689988,2,0.20061534477160958,0,0.0,0
7879,34.99559875677711,2,3,9.475580363567754,4,0.3544043852393521,0,0.0,0
7880,47.27861703957162,3,3,20.000473833673013,3,0.9422921363948749,0,0.0,0
7881,38.810717405852444,3,4,20.004522257400755,1,1.0000786385783424,0,0.0,0
7882,34.80390030031786,2,2,17.28087541691616,2,0.5463462834838916,0,0.0,0
7883,58.3469858077828,3,1,5.06576285594629,4,0.5009679674422329,0,0.0,0
7884,47.73012863993796,4,2,13.771589112889174,4,0.3905377210068387,0,0.0,0
7885,53.34026929084216,4,3,0.7333679892604721,2,0.5037965076202826,0,0.0,0
7886,35.63021105192394,1,3,4.9804897385557885,7,0.9996103546134627,0,0.0,0
7887,24.968872613868353,3,6,19.205128336737634,1,0.9997802879647212,0,0.0,0
7888,34.35467604806597,3,2,14.09088010773075,3,0.9992132445969497,0,0.0,0
7889,38.32992657387088,4,1,5.541813046520637,6,0.8029730175148272,0,0.0,0
7890,34.49550174443547,3,5,15.714133339343082,4,0.24788152317356021,0,0.0,0
7891,44.58722960307071,4,5,16.322037560654827,2,1.000589921821146,0,0.0,0
7892,49.23204656563818,2,5,15.457820124370532,7,0.9326770238241539,0,0.0,0
7893,51.37117696592608,4,3,11.896267963783464,3,0.3998712780080032,0,0.0,0
7894,60.45827191883658,3,3,7.4634240632647,4,1.0010690879843547,0,0.0,0
7895,35.80764374044255,3,2,0.0,7,0.5308754638431682,0,0.0,0
7896,37.96042703492099,1,0,10.374021355344784,6,0.6519641192871748,0,0.0,0
7897,37.007873722800426,2,6,4.285185418315137,7,0.9998871051695848,0,0.0,0
7898,71.15026054697435,3,4,1.0988794121018106,2,0.39698588419812225,0,0.0,0
7899,47.5565436312674,2,2,18.1091245375659,7,1.0006016808701481,0,0.0,0
7900,62.15363474021159,2,1,0.0,4,0.9363346071267208,0,0.0,0
7901,62.2252148358705,3,2,10.155239547509883,7,1.0002607205154468,0,0.0,0
7902,57.10076735968609,2,6,15.886445985617407,7,0.9999375236969232,0,0.0,0
7903,30.38488309110714,3,1,15.20589086737369,5,0.5006621811593848,0,0.0,0
7904,52.27145498065462,1,3,9.299276160558113,0,0.3491014208114856,0,0.0,0
7905,32.51112053133101,3,2,14.633291629276219,3,0.9998456633217425,0,0.0,0
7906,41.12619691186083,6,3,23.437201395558528,1,0.710862564580928,0,0.0,0
7907,41.290527083785214,2,3,23.78107810121361,6,1.0117400235301122,0,0.0,0
7908,53.511036947964,3,3,7.03697601516113,1,0.9996950714628562,0,0.0,0
7909,43.047378760881756,4,5,23.20955590777205,7,0.9998074831088365,0,0.0,0
7910,56.06618418208831,3,7,13.330954790859487,7,0.9561559564844567,0,0.0,0
7911,36.01323243025715,3,6,9.11069784122399,1,0.9481711517675315,0,0.0,0
7912,36.069364549853205,5,1,8.423348629572807,7,0.8868819655319231,0,0.0,0
7913,46.51839051435933,3,6,10.891549849734915,7,1.0000170120137493,0,0.0,0
7914,49.9506405147453,4,6,15.138244758644085,7,0.9999849865278541,0,0.0,0
7915,29.679796741038967,3,4,15.11893572806644,7,0.9597703403376088,0,0.0,0
7916,48.270786617002656,4,2,8.677448139368536,7,0.9997845381097599,0,0.0,0
7917,27.826816741786963,3,1,14.703021514841708,5,0.17738207379333404,0,0.0,0
7918,42.53784639395567,2,2,6.092715864212378,2,0.2825955698017504,0,0.0,0
7919,46.32635896530988,3,4,11.891427836067502,2,0.9999947956503827,0,0.0,0
7920,63.72411086375821,4,6,14.374590667974083,2,0.3514380610102689,0,0.0,0
7921,25.79733112974239,5,4,19.982251848100624,1,1.000144114872386,0,0.0,0
7922,66.61543210797251,5,1,15.773767219464874,4,0.9999172944660973,0,0.0,0
7923,27.020928407588002,4,1,16.85692407666118,1,0.0,0,0.0,0
7924,54.808308651991155,3,6,17.594161595036226,7,0.9998085679075277,0,0.0,0
7925,34.026194207443524,1,4,5.676107303321568,1,0.9550905789405099,0,0.0,0
7926,42.077012652183775,2,3,18.72643195641248,6,1.0003313046007638,0,0.0,0
7927,55.416853205881054,1,1,20.000552746762274,1,0.7338943951846779,0,0.0,0
7928,55.58673466859344,2,1,14.447665892943574,7,1.0003377499695953,0,0.0,0
7929,43.37413680397092,4,2,1.4201773395265604,7,0.9996891194561636,0,0.0,0
7930,35.03846977744542,2,4,5.664441941446309,1,0.5458341565057989,0,0.0,0
7931,46.88707107591122,3,6,16.81627532149364,2,0.22813449293648141,0,0.0,0
7932,30.527400624413687,1,4,20.011072463477138,7,0.6233976973161398,0,0.0,0
7933,38.63997921150479,3,3,20.001284476027557,3,0.49841745904839396,0,0.0,0
7934,56.35243341092951,4,1,8.880963638634174,6,1.5489181813312916,0,0.0,0
7935,47.41306192417663,4,6,0.0,7,1.0002769316165248,0,0.0,0
7936,30.70916468858806,0,6,4.189495430138521,7,0.38661887563668773,0,0.0,0
7937,23.399486589996332,2,2,3.2495139076114166,4,0.45250709948418677,0,0.0,0
7938,45.73472784164037,3,3,18.46680171739086,6,0.9999100775139418,0,0.0,0
7939,35.64679092871108,2,4,20.004682458247117,7,0.38950993120278177,0,0.0,0
7940,23.756416503990344,3,2,4.990116679336676,4,0.431745494807582,0,0.0,0
7941,37.288040666105296,3,5,22.571955765971808,7,0.9498152652010634,0,0.0,0
7942,37.44861604810432,4,2,10.825769804035847,7,0.9994825538454273,0,0.0,0
7943,47.38190205188384,2,6,10.173828119464849,4,1.0002780900099533,0,0.0,0
7944,20.136390808037337,7,2,6.007616802112603,1,0.4560826034649287,0,0.0,0
7945,40.232204608102094,1,1,2.410034893329289,7,0.5216658474757366,0,0.0,0
7946,48.567530995500235,3,3,9.627905043367562,6,0.011243872704285618,0,0.0,0
7947,38.6111478109849,2,3,0.4571282100161902,2,0.1708170984319497,0,0.0,0
7948,49.191610850475485,3,3,16.461071863531906,1,0.9995824775591182,0,0.0,0
7949,47.7889377145903,4,2,6.948760754342212,1,0.0,0,0.0,0
7950,49.025285280573,3,6,7.04977245164159,4,1.0001203986445764,0,0.0,0
7951,28.48020328720842,5,3,4.968663582377644,4,0.5042354654490854,0,0.0,0
7952,55.34397445027635,3,3,9.649539164505532,7,1.0004192665046747,0,0.0,0
7953,46.097211360980864,3,3,11.033225098616896,1,0.9478198699478027,0,0.0,0
7954,21.19570975704542,5,2,7.323982588797746,4,0.9675964263767272,0,0.0,0
7955,43.93038166774954,3,4,8.362472001968563,6,0.17548019557730565,0,0.0,0
7956,47.23281563462484,5,3,13.351143190549006,1,0.999999296731781,0,0.0,0
7957,10.396509152771404,3,4,10.37122718793689,3,1.0003421945427626,0,0.0,0
7958,49.31006786420068,4,6,9.371033370166487,7,1.0006208932731377,0,0.0,0
7959,22.803226476059784,4,2,2.273870353758623,5,0.13427610370780318,0,0.0,0
7960,29.83716388787007,0,1,8.497051041977315,3,0.08375950703937718,0,0.0,0
7961,58.855631863781596,1,1,5.61839737322391,7,0.9997053884717868,0,0.0,0
7962,7.248002855488785,2,1,20.01127877022917,3,0.6549539348340404,0,0.0,0
7963,36.84025942751944,4,5,1.898852809241907,4,0.9613013876246912,0,0.0,0
7964,60.92514593762206,3,2,11.953208946273222,7,0.6713111495380191,0,0.0,0
7965,57.68532352888943,3,3,13.110141893388066,7,0.9998833999894984,0,0.0,0
7966,34.644558349866244,2,6,0.9815132164290414,6,0.5825987572859689,0,0.0,0
7967,39.96317486365781,4,6,16.05199450877556,6,0.7025005879937356,0,0.0,0
7968,43.811309797517765,1,6,20.16443815890419,7,0.9996778179587644,0,0.0,0
7969,51.72492506891985,2,3,14.029824852173302,7,0.35876316635594546,0,0.0,0
7970,46.91833797617008,2,4,7.170046754179511,1,0.971062827570031,0,0.0,0
7971,40.84450439176211,3,4,19.999604799239993,1,0.599047126140475,0,0.0,0
7972,12.532818075790686,0,2,6.888345727220417,1,0.0,0,0.0,0
7973,41.134789850740475,5,5,7.13492095779166,1,0.10523924890602676,0,0.0,0
7974,62.69515611353967,4,3,1.742759339148332,2,0.10621914181046632,0,0.0,0
7975,63.02030729626642,4,6,11.20218995043996,7,0.9998427621215393,0,0.0,0
7976,38.04036320125291,3,3,13.466298275192951,2,1.000313672388876,0,0.0,0
7977,47.23788378486153,4,1,2.950447392628748,2,0.08128740117105548,0,0.0,0
7978,64.8231675275689,4,5,15.368086362523462,1,0.5997901341422367,0,0.0,0
7979,52.67149627865542,3,3,9.47681775861896,4,0.9660080580787729,0,0.0,0
7980,41.20391948742784,2,6,3.612008251309099,4,0.4407627989975217,0,0.0,0
7981,34.2303392670413,2,2,9.41042074743198,1,0.0,0,0.0,0
7982,34.22291262683497,4,3,22.066653962388088,2,1.0101325013798206,0,0.0,0
7983,24.750886196001005,1,3,8.445685969273061,7,0.9994582274048222,0,0.0,0
7984,45.69632037194435,3,3,13.76000726149444,3,0.9998301920427053,0,0.0,0
7985,38.993489080768,4,3,9.211554087858074,4,0.29517512603779394,0,0.0,0
7986,45.114378731443914,2,6,12.185544955147185,7,1.0001623036690954,0,0.0,0
7987,54.19414316296775,3,4,2.6266725120734407,1,0.3790189724419537,0,0.0,0
7988,24.36559062384888,3,2,10.401196408194982,5,0.3547780368655176,0,0.0,0
7989,69.04398614255989,1,5,5.6701084726058175,5,0.4991831198167139,0,0.0,0
7990,43.809360828793274,3,6,5.589358060480492,1,1.0439239780270237,0,0.0,0
7991,36.14528657887759,4,2,5.037166914066069,1,0.039927573197388155,0,0.0,0
7992,46.958885558596,6,4,6.995241690116979,7,0.28690527767269125,0,0.0,0
7993,44.79731594958373,2,6,6.487452020467706,2,0.23622329217764115,0,0.0,0
7994,39.35406649366768,2,3,3.1645827300680587,7,1.00016067773273,0,0.0,0
7995,33.060910652813256,2,1,3.0335795029460844,5,0.9999379987117438,0,0.0,0
7996,44.99345902977424,5,4,19.993185649271922,1,0.4052743142957709,0,0.0,0
7997,47.498149595794516,2,6,9.183693666445633,7,0.9999665712589199,0,0.0,0
7998,47.51447049382161,1,4,20.000104078173976,1,1.0000015990492783,0,0.0,0
7999,17.973945366637224,5,4,20.00219160173363,1,1.0003848420581083,0,0.0,0
8000,19.59707113265023,5,1,14.170106535375625,7,0.4770456031963362,0,0.0,0
8001,54.026045599783195,2,3,0.0,6,1.000573815979643,0,0.0,0
8002,18.365274191377004,3,3,4.128921639734185,1,0.6688988284373629,0,0.0,0
8003,25.385259769441195,2,6,16.51685458290229,1,1.0313191611545098,0,0.0,0
8004,33.24043866384414,3,6,5.448573213117008,1,0.9863052632679288,0,0.0,0
8005,36.217710511506546,4,5,19.99281420987116,1,0.3300416832213412,0,0.0,0
8006,33.814037049840785,3,1,10.57760293589544,4,0.9999274753209476,0,0.0,0
8007,62.21810937268853,4,3,19.48434065420443,1,0.44194968631897896,0,0.0,0
8008,57.739850652483064,3,3,19.75889577914861,7,1.0004958581665497,0,0.0,0
8009,50.351610532162226,3,4,19.997820202621714,7,1.0003517370350314,0,0.0,0
8010,51.65050661603387,3,3,15.089534292918817,1,0.9996311516169192,0,0.0,0
8011,47.19541473441864,3,4,20.006406276184144,7,1.0003125090223801,0,0.0,0
8012,45.0475865935097,2,1,12.708360466415352,2,0.6520056231924599,0,0.0,0
8013,33.19215600277771,2,4,19.997465431702317,1,0.9999270060775451,0,0.0,0
8014,10.481967756723208,3,2,16.25665280411632,2,0.999967683013546,0,0.0,0
8015,58.03827255391305,4,6,13.20949132312989,3,0.6443949642674556,0,0.0,0
8016,38.882000692530205,3,1,20.76415196194766,7,0.9997401250481135,0,0.0,0
8017,38.458129931549855,2,3,16.910921091585603,7,0.10706155939970818,0,0.0,0
8018,67.53735658314082,3,2,15.156708393156515,1,0.9996881557945729,0,0.0,0
8019,44.16502801388281,3,3,9.805663956718167,7,1.0001001493982544,0,0.0,0
8020,46.21520917020442,2,1,3.4770525496667783,1,0.9625061895809299,0,0.0,0
8021,43.922279439843045,2,3,8.640653954572343,2,1.0005315744929664,0,0.0,0
8022,43.269393768734844,3,1,6.340693728260259,7,1.0001625117464483,0,0.0,0
8023,24.811417301951504,3,1,4.733771103628913,4,0.957801316852334,0,0.0,0
8024,45.86514377561153,2,6,0.0,7,1.0002223046818104,0,0.0,0
8025,61.52918316994216,3,4,10.402293839902695,7,1.2602265752081725,0,0.0,0
8026,63.525168096899534,3,2,25.716358227188095,6,0.9997172424788431,0,0.0,0
8027,56.66982070265103,5,5,5.24296370817995,1,1.0885056233344474,0,0.0,0
8028,52.9876928851755,2,6,8.936428496979893,3,0.6908206002076696,0,0.0,0
8029,52.98949722965104,3,5,22.006845977636473,7,0.9872197259086157,0,0.0,0
8030,50.10363846824525,1,3,19.985544706074137,7,0.970789569254233,0,0.0,0
8031,33.73694659083898,5,5,12.782348430781353,3,0.7953776678158265,0,0.0,0
8032,50.33367831167019,5,2,12.598060991639674,4,0.9605617919529255,0,0.0,0
8033,65.01851907203863,3,6,6.613044245064806,7,0.9999655481414218,0,0.0,0
8034,30.296538238791108,3,5,5.0735800113782075,7,0.4992098556330725,0,0.0,0
8035,36.55235248558154,3,6,5.393891295314029,6,0.6247768435527039,0,0.0,0
8036,40.94321667155716,1,1,13.280348571063342,4,0.17335410155003173,0,0.0,0
8037,55.126795365087666,4,1,9.422808310493611,7,0.8748233749531703,0,0.0,0
8038,34.24266469247562,6,3,15.268062981315282,5,0.49118719635668173,0,0.0,0
8039,19.229997477016433,5,1,9.192836837093145,4,0.40785131604214214,1,58613.07525943221,1
8040,37.31172992250469,4,3,5.440189341122634,7,0.9999543808064926,0,0.0,0
8041,47.22064027429645,4,3,18.498642157107888,7,0.9996313975332216,0,0.0,0
8042,40.50214935184242,3,1,17.39949052331958,7,1.0002599704008484,0,0.0,0
8043,58.400446081734465,3,4,20.016776659297953,4,0.4995442205332431,0,0.0,0
8044,31.573634364498616,3,3,0.0,2,0.4961365213618144,0,0.0,0
8045,36.084291892877864,3,5,17.36513943609534,4,0.5156385804256699,0,0.0,0
8046,57.36282114354295,3,3,1.2869032692521785,6,0.5015038783362687,0,0.0,0
8047,57.905621486569515,5,6,9.399973879783538,7,1.0001873921269293,0,0.0,0
8048,48.43711384082372,2,3,9.794967139443267,3,0.2873478537529571,0,0.0,0
8049,47.777518040566186,1,1,8.644978742846327,3,1.0002394969617336,0,0.0,0
8050,57.36906621795155,4,3,11.997744705700422,1,0.4948765086686837,0,0.0,0
8051,52.125356519437034,3,3,6.818325774847255,7,0.9995475475516151,0,0.0,0
8052,31.731826738453414,5,1,5.492150751515804,0,0.28809347963434573,0,0.0,0
8053,47.928873712414145,3,3,16.054039212916948,1,0.9611850103982837,0,0.0,0
8054,23.991563100539135,2,6,13.484689565613952,4,0.4895526794437134,0,0.0,0
8055,56.02368179400338,3,1,19.991159142250062,1,0.633765631013377,0,0.0,0
8056,46.703103524717875,3,3,6.054855331662775,4,0.15523774215680541,0,0.0,0
8057,49.50973891046422,2,3,4.377342284913241,6,0.9998525575444757,0,0.0,0
8058,37.36999906576352,3,5,4.629590486529533,7,0.945748280872124,0,0.0,0
8059,37.47852069664546,3,6,21.358676332768994,4,0.9998414296139604,0,0.0,0
8060,27.954996088891605,2,6,11.488858258979372,4,0.9547913070676091,0,0.0,0
8061,46.301921020329495,2,4,19.998270278568214,3,0.49865780770123413,0,0.0,0
8062,43.28608032989101,3,2,18.74048059787293,4,0.9998161412338378,0,0.0,0
8063,45.6986561995355,3,2,16.85427223234372,7,0.15282055234347347,0,0.0,0
8064,26.609700199163903,3,1,6.3293612543631514,4,0.5841809791108374,0,0.0,0
8065,55.24437487962568,3,2,5.20496914019991,7,0.9996281462216009,0,0.0,0
8066,27.559893778641744,3,3,0.6639930145357535,5,1.0000875886213758,0,0.0,0
8067,57.14680941396087,1,3,9.480017318499543,7,0.9998503192614994,0,0.0,0
8068,44.57502446077483,6,4,19.98840796520745,7,0.2839792695853958,0,0.0,0
8069,52.27308147111782,1,3,4.715601859106535,4,0.4795853406763977,0,0.0,0
8070,23.28255346558311,3,2,7.49401041739735,2,0.9992293677193437,0,0.0,0
8071,46.26241855886904,4,6,11.94262562168785,7,0.9996856941508843,0,0.0,0
8072,48.625400423825845,6,6,0.0,3,0.60508651507148,0,0.0,0
8073,61.45601076393893,5,4,12.086961150617862,7,1.0003264430952148,0,0.0,0
8074,27.816254027061156,1,5,19.993620656744454,1,0.6364611211881306,0,0.0,0
8075,23.402690002644604,3,6,6.232793783796127,2,0.24926957986479614,0,0.0,0
8076,45.40587521503339,2,3,12.51799739182171,3,1.0001719078044378,0,0.0,0
8077,41.42523407129085,2,1,10.227320363540136,6,1.0002179606955752,0,0.0,0
8078,57.0068775908192,2,5,5.799518263204063,7,0.9997340240659689,0,0.0,0
8079,39.162354497441655,4,5,17.37766796707255,2,0.5597925742361903,0,0.0,0
8080,71.49183121098486,5,3,0.0,1,0.9961958333915482,0,0.0,0
8081,30.342304842025495,4,3,12.959276562229007,3,0.5005347989370932,0,0.0,0
8082,48.778733329578394,4,4,7.601947699264313,6,0.3181156628091441,0,0.0,0
8083,76.9473778867582,4,5,5.728017158716693,5,0.49927488034814715,0,0.0,0
8084,27.815651869524316,3,2,12.450803145949866,1,1.275351433639605,0,0.0,0
8085,32.240091075681406,3,2,10.867890788655009,7,0.25701757032753964,0,0.0,0
8086,36.21070730647951,3,3,5.802438040124923,3,0.57054787523814,0,0.0,0
8087,40.14960164471291,3,3,7.251725386143922,4,0.9994575060620694,0,0.0,0
8088,40.37009764668336,3,3,24.096412471849632,6,0.9999458537760344,0,0.0,0
8089,44.1287099783912,2,6,11.686159413276908,1,1.00763260082894,0,0.0,0
8090,52.61489759610667,6,5,4.87109480516782,1,0.38765481886036623,0,0.0,0
8091,24.398681465709434,4,1,17.113188400921555,3,0.42876186831493607,0,0.0,0
8092,51.628749304575095,4,4,20.008907408759967,4,1.000290589253154,0,0.0,0
8093,22.212988318568403,3,6,5.195837863334522,6,0.9347795284204788,0,0.0,0
8094,41.54852472013542,2,4,10.503194952036871,5,0.669055872351649,0,0.0,0
8095,33.70132020113584,4,1,13.486528137075513,5,0.4971483450574888,0,0.0,0
8096,53.16090381891168,1,5,11.871923346186511,3,0.9808791009054342,0,0.0,0
8097,49.329216131786744,3,3,6.103319465883371,7,0.9999034183043523,0,0.0,0
8098,48.15015275049021,4,1,10.5553228810187,2,0.23277198014643763,0,0.0,0
8099,35.34136674653882,5,3,18.975455153219578,2,0.9997161949843469,0,0.0,0
8100,41.38250113445626,3,6,10.29323941045574,7,0.9998817598632237,0,0.0,0
8101,49.54912389386732,0,3,4.429326041280855,3,0.448949869478407,0,0.0,0
8102,28.756795910451903,3,4,0.0,1,0.7497719299626586,0,0.0,0
8103,43.01269382008688,2,3,0.0,3,0.27303276106601587,0,0.0,0
8104,30.887827974457103,3,1,19.996773227785745,3,0.5631205068698522,0,0.0,0
8105,19.132622314716844,3,3,8.330054192732824,7,0.9996720119154091,0,0.0,0
8106,41.384902003154245,2,2,13.458153649017168,7,0.9998513347660015,0,0.0,0
8107,46.63936501283314,3,5,10.386972138366549,1,0.42519966006530785,0,0.0,0
8108,37.84508057413774,3,3,15.585706918952575,1,0.9309067766895663,0,0.0,0
8109,44.4930449456785,2,3,12.722243432455995,4,1.0003453943970806,0,0.0,0
8110,48.07877377276112,2,4,0.0,5,0.2585841357003067,0,0.0,0
8111,38.87762337389509,3,4,19.989112441141106,1,1.2234414864606724,0,0.0,0
8112,34.270175085327935,1,5,3.274667313567523,1,0.6203380812095259,0,0.0,0
8113,69.39686194971613,4,6,10.938281711360222,7,0.529074850554581,0,0.0,0
8114,44.63470810101319,3,3,11.386976120081092,7,1.00051467760954,0,0.0,0
8115,60.15469607733749,3,4,20.00248513558364,1,0.8704298001780192,0,0.0,0
8116,34.1527100608554,2,1,14.741454845313214,7,0.9994686155882301,0,0.0,0
8117,27.83764806427218,7,5,11.364506461304362,5,0.5051800052411198,0,0.0,0
8118,30.916869567910013,1,2,3.710083358720758,6,0.6408862195729774,0,0.0,0
8119,32.67862561688624,1,6,9.853923993473567,7,0.4130126218263579,0,0.0,0
8120,21.673384597545645,3,5,20.00093607949375,1,0.24637398713233394,0,0.0,0
8121,23.92776127250761,1,1,20.009290729111257,3,0.7150565030298481,0,0.0,0
8122,52.2698437038104,2,3,9.553893031714958,7,0.9997153584336617,0,0.0,0
8123,39.52185759785251,3,3,6.658585635175892,5,0.9534306647463293,0,0.0,0
8124,51.59797047550605,4,3,11.742440869883513,7,1.0002370677575456,0,0.0,0
8125,43.70955974035255,2,3,14.905575725492664,4,1.0005314660312958,0,0.0,0
8126,6.020134756369529,3,4,11.108333775669715,4,0.0,0,0.0,0
8127,25.12283025675589,4,6,4.7374482458472364,1,0.9461632595540033,0,0.0,0
8128,58.49627936311104,3,4,13.614581745708099,7,1.057840020222205,0,0.0,0
8129,24.089465111607602,2,3,11.640841353447573,2,0.9998344051269024,0,0.0,0
8130,41.506514955095966,3,3,6.397134467026563,3,1.0000746652501165,0,0.0,0
8131,77.53104468427347,3,3,19.06241017923767,6,0.4985082117317242,0,0.0,0
8132,36.15753056583109,2,5,3.7647605206742263,3,0.6583601194821822,0,0.0,0
8133,36.4921521108997,4,4,19.997091326764714,7,0.9996791756351293,0,0.0,0
8134,46.123353413866774,3,2,4.709298743200162,7,0.9709742398837513,0,0.0,0
8135,40.78934885533158,1,3,8.006240758435844,5,0.49584643620725,0,0.0,0
8136,44.61471876497262,2,6,13.178687318546793,0,0.6104401980998153,0,0.0,0
8137,48.07050864710571,6,1,3.320788001264815,2,0.0,0,0.0,0
8138,38.77153725197971,3,1,0.0,3,0.5008910493604293,0,0.0,0
8139,44.78498313140353,1,6,24.18776076066162,7,0.0,0,0.0,0
8140,18.11436131759199,3,4,7.773929846052223,2,1.0000889135722952,0,0.0,0
8141,36.22183191065438,4,5,9.82959126091648,6,0.4105948608837457,0,0.0,0
8142,18.260392102039283,2,6,10.638560095434787,3,0.11040309388833558,0,0.0,0
8143,31.175911781122466,4,2,15.422662219162369,7,1.000011138534419,0,0.0,0
8144,37.69348183428621,2,3,8.150632318363831,7,0.9998481373753748,0,0.0,0
8145,52.506228640436305,5,2,13.869718856071415,7,1.0001528469596666,0,0.0,0
8146,42.8633501506746,4,3,27.863379295954196,7,0.9996124506187939,0,0.0,0
8147,29.257729257616464,3,5,9.8411992586472,1,0.8791882906944857,0,0.0,0
8148,35.55140051798538,2,6,2.9970162449422375,6,0.6554328882040285,0,0.0,0
8149,41.95814390950651,2,3,5.548224522664175,2,1.0000614741951832,0,0.0,0
8150,14.518308992566201,4,6,14.923812383860948,1,1.0005180949347272,0,0.0,0
8151,61.45059523819842,3,6,3.110857029364496,2,0.0,0,0.0,0
8152,38.38392754628251,4,1,20.011015933747267,2,0.5037393678742483,0,0.0,0
8153,61.64918432502953,3,5,17.56323287977181,7,0.9997161288025055,0,0.0,0
8154,11.919460716075942,1,2,12.918062731082681,7,1.1184013201005594,0,0.0,0
8155,39.01229775972167,3,3,11.6565013096841,2,0.9997212055793993,0,0.0,0
8156,58.080231809051554,3,6,14.765165770539063,2,1.0001567263934477,0,0.0,0
8157,43.5339134794784,5,3,14.482207773545923,0,0.9995814845404589,0,0.0,0
8158,48.04714680840306,3,3,5.673282070887362,1,1.0000265629375753,0,0.0,0
8159,31.30423778263225,2,1,10.604369406070651,4,0.6587524774375199,0,0.0,0
8160,34.38385030022732,4,3,5.1653256299417505,6,0.9137370529968556,0,0.0,0
8161,37.39721569597363,3,6,12.78380293241633,6,0.8137990278114594,0,0.0,0
8162,29.216175738681947,3,5,1.338053497603381,6,0.09494001961268994,0,0.0,0
8163,44.89287740856723,0,3,9.074137502727389,7,0.6296591846106663,0,0.0,0
8164,48.03085116432572,3,5,10.41876043729063,1,0.945236423552783,0,0.0,0
8165,59.00897741113624,3,3,3.7421224181656036,7,1.0001681710688715,0,0.0,0
8166,57.02475328901531,4,6,23.916757109715142,7,1.0001833028362463,0,0.0,0
8167,48.44236212609481,2,5,19.99847054578521,1,0.27983540303214943,0,0.0,0
8168,29.39005229647922,5,1,12.795079492654953,5,0.5298305570144449,0,0.0,0
8169,48.59585527769262,5,4,20.000230057148848,1,1.0005684750244423,0,0.0,0
8170,35.49034843053698,2,3,5.53964939781328,1,0.9999148046922741,0,0.0,0
8171,18.969653398827035,4,4,14.99956344941733,2,1.0000389054949101,0,0.0,0
8172,28.158146475233096,2,3,19.22166942522157,2,0.9999857300843655,0,0.0,0
8173,39.170847828502865,6,2,3.9507880483332842,7,0.298169551382679,0,0.0,0
8174,26.064746947130185,4,2,11.772437953071957,7,0.999697759027736,0,0.0,0
8175,55.91945624198911,3,6,20.011095733312153,7,0.9879019918928412,0,0.0,0
8176,30.823886061773543,4,1,14.41866935501371,3,0.7122853020853351,0,0.0,0
8177,56.481121223731286,4,1,17.83404711159703,7,0.6412651710464811,0,0.0,0
8178,36.117366332952045,2,3,4.276313757544615,4,0.19973701363917729,0,0.0,0
8179,48.56326707226165,2,6,18.40721815496998,2,0.009795395023932674,0,0.0,0
8180,31.784136697258855,2,6,0.9252342914468343,7,0.9362540097285962,0,0.0,0
8181,42.89401416381216,1,6,12.679971576085428,7,0.011084890806235537,0,0.0,0
8182,48.71974035599783,3,4,16.881660663911475,1,0.9998668329007363,0,0.0,0
8183,52.933623746447005,2,3,19.93397990697602,7,0.999814618808671,0,0.0,0
8184,48.7225465776047,4,5,6.425170126586792,1,0.040878071116726034,0,0.0,0
8185,44.70245489248568,2,0,20.90387106167381,7,0.8804180492067332,0,0.0,0
8186,67.7264946171816,3,2,2.002476598162099,7,0.3352044295942426,0,0.0,0
8187,42.959577453758364,3,1,9.190494978752291,2,0.999566906247199,0,0.0,0
8188,45.46813504225241,0,6,15.09127576621437,3,0.0,0,0.0,0
8189,50.43209420890412,3,3,5.172954877119125,3,0.9999537215032486,0,0.0,0
8190,42.0803184532634,4,6,9.923053794088185,7,1.0000852533942886,0,0.0,0
8191,43.43531418755452,6,3,9.100540198967352,4,0.9994246192254541,0,0.0,0
8192,31.438827880630946,2,6,3.577083622824947,7,1.0006896760202466,0,0.0,0
8193,12.555190752350132,2,3,6.376320693049407,4,0.14867886739990432,0,0.0,0
8194,41.91933850902109,2,6,12.636117169977773,7,0.9998128468161734,0,0.0,0
8195,46.75407475591886,2,1,12.263212922499273,6,0.49329596209271653,0,0.0,0
8196,44.65052654702112,2,3,14.820798135087909,2,1.0004940408904983,0,0.0,0
8197,8.708908264017595,2,4,6.5357485022865465,1,0.11524614764886132,0,0.0,0
8198,32.4452933171911,2,4,2.794418120468043,1,0.570336569333528,0,0.0,0
8199,29.684751635652127,2,3,10.30148720637285,1,0.9996941930036275,0,0.0,0
8200,39.65919587184075,4,4,10.295175875496561,2,1.1293117843148504,0,0.0,0
8201,37.203190853233004,3,1,16.848103805230274,2,0.4995316488721999,0,0.0,0
8202,32.99987343851848,3,4,1.25042499461318,1,0.4386820272913744,0,0.0,0
8203,39.62986667641452,4,2,9.991811466159076,7,0.7919198643772352,0,0.0,0
8204,38.07580824776255,3,1,13.702166481903566,7,1.0016260210344865,0,0.0,0
8205,50.82423844607012,0,2,16.261645264050298,6,1.018970157353634,0,0.0,0
8206,40.077937288538386,1,5,14.735121161087953,6,0.5312515665139366,0,0.0,0
8207,29.107131602836738,1,1,16.373640118362246,3,0.5598548347517595,0,0.0,0
8208,45.43139973685104,4,6,14.592491286964304,2,0.1162823419718011,0,0.0,0
8209,34.80888198836146,4,5,6.877144419351429,2,0.31737933836466614,0,0.0,0
8210,23.82388838840542,2,4,10.078453327934392,2,0.1974201967910032,0,0.0,0
8211,45.17465709262261,2,2,8.966363861715248,7,0.9999112221741364,0,0.0,0
8212,61.72752295976113,5,5,14.050862901134906,7,0.8936307728209106,0,0.0,0
8213,47.457292941011936,4,5,20.005744471700925,1,0.9995653349135314,0,0.0,0
8214,38.06766584211346,2,6,13.511358085434214,7,1.0000671421252985,0,0.0,0
8215,24.27864477277631,2,3,9.168886073171365,1,0.9999853182692113,0,0.0,0
8216,44.54789125278458,2,6,23.343771110484724,2,0.9997271921080566,0,0.0,0
8217,39.501924358700435,3,3,15.201578465013823,1,0.9242535854986714,0,0.0,0
8218,56.026543051643,4,6,3.522232984993437,4,1.000229237632012,0,0.0,0
8219,35.83651603236779,4,1,6.174961109253566,7,1.0003881562353707,0,0.0,0
8220,27.839568001266457,3,2,10.787015005488378,5,0.971936927917301,0,0.0,0
8221,43.98944619246334,5,6,16.019849273316463,6,0.7847268600345204,0,0.0,0
8222,25.128316732963228,3,3,16.59486047978814,7,0.9998611322307163,0,0.0,0
8223,39.605328769834166,0,3,10.552763681747658,4,0.9600802538751931,0,0.0,0
8224,47.71821147755827,2,3,13.32749205242289,3,0.6971023928177376,0,0.0,0
8225,72.75524176469393,5,4,16.592023816247266,7,0.9998446909317744,0,0.0,0
8226,25.010227809771163,1,1,7.841202867253404,2,0.5024168386255352,0,0.0,0
8227,55.48590694831086,6,3,20.010497732021385,1,1.000334350743128,0,0.0,0
8228,32.19205083022272,3,6,9.950849109511049,2,0.2223321769242646,0,0.0,0
8229,21.331345325805593,3,6,1.0451688606181122,2,0.5066928646415454,0,0.0,0
8230,46.449650325955204,3,3,2.0323715931256885,4,0.3290529937379247,0,0.0,0
8231,51.916574611422035,3,4,12.89297129912406,7,0.9698578342656251,0,0.0,0
8232,50.75407398649098,3,3,20.000609147393135,2,0.7317366836710282,0,0.0,0
8233,27.47258929939634,3,1,13.796304627498692,5,0.9997332606535758,0,0.0,0
8234,50.4855529580421,3,3,5.575140119085662,3,0.9999361511605929,0,0.0,0
8235,67.1179081838308,3,4,19.816806685294356,3,0.7221698688210176,0,0.0,0
8236,43.524173406593256,1,1,1.559055045155402,7,0.225685033668644,0,0.0,0
8237,32.86824484455697,4,6,14.23391173379137,3,0.9998030045403892,0,0.0,0
8238,49.608606460984205,2,1,5.873471013665114,2,0.45372666514663385,0,0.0,0
8239,40.51503675386152,3,3,1.6911389963922332,4,0.9443793861714269,0,0.0,0
8240,25.587289074117177,5,4,1.8907914238136492,4,0.0,0,0.0,0
8241,65.06647131721826,0,2,11.222184074685813,7,0.5460616324342589,0,0.0,0
8242,53.746257492036236,2,6,12.020003762478769,7,1.0007051719407551,0,0.0,0
8243,27.143991701725447,2,3,0.0,4,0.4683875403484725,0,0.0,0
8244,54.10549670953497,4,0,5.047128784019531,6,0.2168932401566483,0,0.0,0
8245,43.96715047140245,2,4,10.606830306654004,0,0.14349674099992382,0,0.0,0
8246,47.238037180154286,3,6,17.9488168021022,1,0.5503507278539315,0,0.0,0
8247,40.05525507722481,1,2,12.6431210092733,7,1.0004353087439077,0,0.0,0
8248,59.067642150759994,3,4,19.998784104916666,1,0.42034687270767473,0,0.0,0
8249,30.91225678329263,3,5,4.958693695723391,6,0.2004774186793154,0,0.0,0
8250,28.743219321479742,2,3,24.36446284781894,7,0.2601646869497793,0,0.0,0
8251,39.06563044659754,4,2,11.78314257162667,7,1.00002861460941,0,0.0,0
8252,62.94990418666945,3,3,11.197176728367024,2,0.9997039922027118,0,0.0,0
8253,49.366365141761314,0,1,20.308140526300363,7,0.5232030194577123,0,0.0,0
8254,50.975462429587026,5,3,21.573652774951583,7,1.0002407422571271,0,0.0,0
8255,49.866426363740764,1,3,14.136384350756433,6,0.1324636814151342,0,0.0,0
8256,68.83026856195906,4,3,22.125906181725014,1,0.37998160986253926,0,0.0,0
8257,35.083932957561174,2,6,6.994939668876969,7,1.000241793565925,0,0.0,0
8258,46.637914502251256,2,3,12.55691607935699,7,1.0004392038408612,0,0.0,0
8259,66.56333860797582,1,3,13.944547570494171,2,0.49805607164896093,0,0.0,0
8260,28.16728842583463,2,2,5.428572350482563,4,0.3476622812692615,0,0.0,0
8261,39.896894565662905,3,4,19.99569675726441,3,1.0000458095035496,0,0.0,0
8262,61.90742788234836,3,5,19.642026059980612,4,0.5032659469658765,0,0.0,0
8263,33.20018181990059,3,3,4.373213207045216,2,0.0,0,0.0,0
8264,53.23824065907813,2,3,17.672244882750753,1,0.4404494651714148,0,0.0,0
8265,44.13273999178522,5,6,19.780603113936678,1,0.9450802378228322,0,0.0,0
8266,32.3440035459451,1,3,6.763137146342456,6,0.9995994081593442,0,0.0,0
8267,44.74790298995405,2,7,20.00140400300952,1,0.9992593852933063,0,0.0,0
8268,46.2049857007589,4,1,8.751586083123126,6,0.6405970700967385,0,0.0,0
8269,42.45037000813879,2,3,0.0,2,0.999509576151302,0,0.0,0
8270,49.269571223818744,3,3,7.566657775640301,4,0.5043695450481531,0,0.0,0
8271,28.935399336341344,2,6,3.529795775733132,7,0.9998671586952865,0,0.0,0
8272,44.808241455744785,5,3,8.914111902813255,3,1.0157557636768337,0,0.0,0
8273,60.876049220070456,5,3,15.657270255364075,2,0.954687996236227,0,0.0,0
8274,34.369425141908465,2,3,1.6768412832172466,4,0.4989914881594314,0,0.0,0
8275,22.213188862441495,3,2,0.0,2,0.953412625904632,0,0.0,0
8276,35.627737658563866,1,3,3.6185773881857353,2,0.49485336838692906,0,0.0,0
8277,36.75872840751872,5,4,8.311229608800232,1,0.6758589205064196,0,0.0,0
8278,50.44116549569182,1,5,10.180598065396259,7,0.9999564644674552,0,0.0,0
8279,57.41241780261651,3,5,21.3015265723737,7,0.9996756103541855,0,0.0,0
8280,48.01818803791732,3,4,21.453635993764024,4,0.4262908606752912,0,0.0,0
8281,33.06017176053332,2,3,12.427969912774037,4,0.3954330374509082,0,0.0,0
8282,36.60101386748764,1,6,2.1977398145719818,5,0.9998463078138144,0,0.0,0
8283,50.46824954634942,2,2,17.58226369833469,7,0.09156183857141786,0,0.0,0
8284,54.948400594281836,4,4,20.009231178644797,7,1.0002864958972322,0,0.0,0
8285,67.34499251670141,5,6,16.517556503373374,3,0.4042362004265742,0,0.0,0
8286,37.295313136755695,5,7,8.213500427543734,1,0.29228467203008845,0,0.0,0
8287,49.22045578833498,1,6,15.870981935968345,7,0.9999235411753638,0,0.0,0
8288,48.00693313619287,4,6,17.244665375922246,1,0.9934582603934919,0,0.0,0
8289,26.053015585890677,4,2,13.871316127594113,3,0.01710226434289175,0,0.0,0
8290,86.04956275554747,4,1,8.772662822266149,6,0.7161521639199689,0,0.0,0
8291,57.82698625728585,5,6,4.183401301175921,7,0.5121507131820638,0,0.0,0
8292,55.68122628678262,4,6,0.0,1,0.34524177715104903,0,0.0,0
8293,43.724050631501136,3,6,7.659075762587259,7,1.0004200404155497,0,0.0,0
8294,32.04221939876287,2,2,16.331304283615,7,0.20657621158174683,0,0.0,0
8295,30.04516937489595,3,1,5.314307271739691,5,0.41043724622746525,0,0.0,0
8296,42.05629455190076,4,3,10.695969073076972,1,0.9805120459350114,0,0.0,0
8297,54.42315133541715,3,3,7.041192385600576,7,1.0000726619942504,0,0.0,0
8298,25.354603578110616,2,1,12.378177684694654,4,1.0001786648780866,0,0.0,0
8299,17.119211176146916,3,1,19.879478287458113,2,0.27521526629792986,0,0.0,0
8300,34.42449197124955,4,1,19.994387574711773,5,0.28835591048973014,0,0.0,0
8301,40.38605767367457,5,1,3.496949137857059,7,0.36888838986721995,0,0.0,0
8302,31.763574695055595,5,5,20.003506486998504,1,1.0003105525582725,0,0.0,0
8303,33.820079378581546,2,1,3.0861702147750467,2,0.606655515053659,0,0.0,0
8304,30.990426951217817,3,4,3.0640442247034656,3,0.9997745524507871,0,0.0,0
8305,34.28923993965388,4,6,12.010668112966144,8,0.9997719487781647,0,0.0,0
8306,40.569592362630694,1,3,5.3802241606338965,3,0.49926644242332885,0,0.0,0
8307,45.22600997922326,1,4,4.1745521433878,3,1.0000475609285044,0,0.0,0
8308,72.21244319603309,4,1,10.048770105892206,3,0.0,0,0.0,0
8309,56.60480554392389,4,3,9.525247979781373,7,1.0000549466181399,0,0.0,0
8310,59.198401519086396,1,3,9.819315775084824,7,1.0000278092667774,0,0.0,0
8311,36.24270325742674,2,5,13.336338677199436,1,0.795339708810728,0,0.0,0
8312,42.12294672410256,3,2,12.871314140654832,1,1.0001089704106467,0,0.0,0
8313,23.99224470304975,0,7,2.0581588154670367,1,0.0,0,0.0,0
8314,47.682923602659315,6,1,17.715204614692922,0,0.6856062370367664,0,0.0,0
8315,31.296803689219693,1,3,11.176588236420672,3,0.13440892122971826,0,0.0,0
8316,54.86815710749577,3,4,0.0,6,0.9998973019311481,0,0.0,0
8317,22.281160938549622,4,6,0.40363173924003526,3,0.7926675046805782,0,0.0,0
8318,51.537565640106926,3,2,18.566154989187154,6,0.4422647156992583,0,0.0,0
8319,29.15252532158257,3,6,10.126789071609752,7,0.9995697211146255,0,0.0,0
8320,28.76541405686588,3,6,6.287976420562366,6,0.9996227606456187,1,41272.92661334338,1
8321,39.61329253183821,4,3,2.6065213003913765,7,0.9999023222775003,0,0.0,0
8322,49.9446546611961,4,4,20.010630989903117,5,0.5001054475231705,0,0.0,0
8323,30.925004218548324,1,2,12.67454427187489,7,1.000161462063726,0,0.0,0
8324,65.097449956707,3,4,19.991199273105963,1,1.000122497131167,0,0.0,0
8325,39.20007792408974,2,6,0.0,7,0.9997184872240025,0,0.0,0
8326,44.51840663070482,4,5,9.875304919100573,7,0.9348346352147207,0,0.0,0
8327,52.25002949028428,2,3,19.99407049210292,1,0.30461317046758174,0,0.0,0
8328,52.246770400985596,3,2,6.653612469749905,2,0.24297882103122898,0,0.0,0
8329,59.67347971124762,2,3,8.395471390524479,6,0.4941413046541109,0,0.0,0
8330,58.060288046945786,5,3,6.968490961284339,7,0.9999052652545501,0,0.0,0
8331,42.958059000069284,3,6,19.80594117347831,4,1.0001676521372826,0,0.0,0
8332,51.93610523424863,4,3,6.943381109405015,7,0.9999950348172777,0,0.0,0
8333,34.51925237398323,2,4,13.302428645486417,6,0.6769574090033497,0,0.0,0
8334,23.80008706371145,5,6,7.817116638032703,3,0.7010789480563464,0,0.0,0
8335,46.54695753008793,2,3,0.0,3,0.3515459143720731,0,0.0,0
8336,28.835099273500056,2,6,9.589294338631227,1,0.9856859370358473,0,0.0,0
8337,66.63886017819482,3,3,19.99108535584805,3,0.7670369918435997,0,0.0,0
8338,49.456887572928956,2,3,17.18434877903533,7,0.8685479492146863,0,0.0,0
8339,36.421238902378505,1,6,11.11692847592503,7,0.529064682563396,0,0.0,0
8340,42.94202989260803,4,7,14.105791171821263,4,0.0,0,0.0,0
8341,33.127952855702375,3,5,10.722078198346718,1,0.13370619285472762,0,0.0,0
8342,44.43331663978261,5,6,9.497921945680169,6,1.091923963609343,0,0.0,0
8343,15.335245217113457,4,4,8.889197589745239,1,0.9670562751952753,0,0.0,0
8344,45.381210188827254,3,2,7.8770016547190504,3,0.5310648039854939,0,0.0,0
8345,47.37240422216017,1,6,17.339426175070514,2,0.4340379194212049,0,0.0,0
8346,31.58428316075366,2,3,11.560772030149929,2,0.5162460231597498,0,0.0,0
8347,21.534285743620508,4,6,3.154034851078791,1,0.6929792761365139,0,0.0,0
8348,57.92067263998281,4,2,5.03537648675032,7,0.33357713697451785,0,0.0,0
8349,50.07369535953258,4,5,22.692786832102595,1,0.2997978428899261,0,0.0,0
8350,42.31768219127093,2,6,11.223142951431454,4,1.0001962787047045,0,0.0,0
8351,31.759026785966434,3,2,14.022790306864145,5,0.5063056062314508,0,0.0,0
8352,41.586890374287776,1,6,19.992280677608434,1,0.5860410813422735,0,0.0,0
8353,49.046035244218416,2,3,7.073604071283395,7,0.9998988544778847,0,0.0,0
8354,59.4666624954547,5,2,10.330815807049282,7,0.5224518583682662,0,0.0,0
8355,40.618046723953796,4,3,12.580237429033094,2,0.9357566639156153,0,0.0,0
8356,45.90768317212715,4,6,17.147915096845313,3,0.7451865229585959,0,0.0,0
8357,15.844649357820384,5,2,12.161429279890031,1,0.999973178452296,0,0.0,0
8358,59.93174831982319,3,3,19.99120639868067,6,0.6891410096367658,0,0.0,0
8359,48.15147799171104,3,3,15.104708316085691,1,1.000302446543833,0,0.0,0
8360,49.869646290804596,1,2,7.629391892473922,7,0.9999504726924736,0,0.0,0
8361,49.98993709864766,2,2,20.00606053308128,1,0.0,0,0.0,0
8362,67.83827506960864,5,1,17.016347438026827,1,0.989559466645459,0,0.0,0
8363,44.2972063937435,4,2,15.9937404648953,7,1.0003630948053648,0,0.0,0
8364,33.499912040100064,3,6,13.34507719366773,7,1.000018877593812,0,0.0,0
8365,57.105059567256355,3,3,16.17443614622887,4,0.999851222370048,0,0.0,0
8366,33.62942132261146,4,4,1.622403621434179,1,0.6366217640302247,0,0.0,0
8367,30.59293935435243,3,6,20.0650021906553,1,1.045153855989809,0,0.0,0
8368,41.44942744067458,3,3,9.143918885027045,3,0.8012774123962088,0,0.0,0
8369,44.849740996838335,2,2,11.441076498865874,7,1.0000326877845214,0,0.0,0
8370,27.82240718808279,3,4,8.867096467037644,7,0.9781846530469531,0,0.0,0
8371,37.77785811937646,3,1,20.000098662865483,6,0.7379821616542641,0,0.0,0
8372,60.44388368420731,5,3,12.180824957635801,7,0.6863701008756647,0,0.0,0
8373,40.50255682187488,3,4,0.7961436200979879,7,0.0,0,0.0,0
8374,51.79479610001879,3,6,13.537082778463857,7,0.9996783382262876,0,0.0,0
8375,53.33844409067515,2,6,12.48510833113718,3,0.9997567967592486,0,0.0,0
8376,49.62610505255094,3,3,13.505577546007787,7,0.9998751977193081,0,0.0,0
8377,19.607721414324246,1,1,20.007531912671162,0,0.6611145950523536,0,0.0,0
8378,57.00710885047099,3,6,19.468945500013387,7,0.17568283013603347,0,0.0,0
8379,49.48569526008133,3,2,6.0665614181344445,7,0.17204578648996172,0,0.0,0
8380,31.46157939204693,4,6,19.988645850274366,1,0.9795748279590238,0,0.0,0
8381,32.06736996422198,2,4,16.883833670446947,3,0.4734597483058177,0,0.0,0
8382,41.71378594659656,2,6,2.7347874464567763,1,0.20630588319926818,0,0.0,0
8383,85.20411046589646,3,2,18.471443978931624,5,0.9998210557716187,0,0.0,0
8384,50.234217430143254,3,3,11.778001601233568,4,1.0006119302838306,0,0.0,0
8385,36.478236106013,4,3,15.780754984682824,5,0.5031377983278612,0,0.0,0
8386,21.225607366539954,2,3,16.71220893463529,5,0.49586845355304343,0,0.0,0
8387,35.41124104629923,1,1,20.008440987655174,1,0.30024777785423074,0,0.0,0
8388,51.55588522140106,3,5,0.0,2,0.24797969700007905,0,0.0,0
8389,47.43633484501131,3,6,7.070732311986542,4,0.0315487628368436,0,0.0,0
8390,46.037956116372555,2,1,7.327821588217123,2,0.5012468521677798,0,0.0,0
8391,33.999864239832135,3,3,8.708480640102065,7,0.9998108038100485,0,0.0,0
8392,35.57212537874835,3,1,7.413546969519942,2,0.9994971626043739,0,0.0,0
8393,47.97630761738698,3,5,18.381195173897282,7,1.0003158324091364,0,0.0,0
8394,31.499357480375267,5,2,19.99551790014307,1,1.0002742714611141,0,0.0,0
8395,53.30711695506797,3,3,14.811946651522232,7,0.5181666303606516,0,0.0,0
8396,43.822419765137546,4,6,17.373334004236966,1,1.0047762237483346,0,0.0,0
8397,27.285604661887138,3,6,0.008285185727721966,0,0.34450172648521155,0,0.0,0
8398,37.86327892384798,3,1,14.140706275957132,0,0.32534850145116956,0,0.0,0
8399,66.7873758718365,4,1,8.855677759545841,3,0.9996817519440737,0,0.0,0
8400,40.1169397578526,5,7,8.478718717581183,5,0.37427729689303746,0,0.0,0
8401,55.63042576648914,3,1,9.795506355601642,0,0.5023047381817637,0,0.0,0
8402,25.899316181606853,1,5,16.922452625158236,6,1.0219738554958169,0,0.0,0
8403,35.385902622584254,2,3,10.971339959366174,4,0.9521141709646319,0,0.0,0
8404,27.65574460362359,2,3,11.561948305297214,4,0.4991520437198496,0,0.0,0
8405,57.29107716083698,2,6,0.0,3,0.3583154548136906,0,0.0,0
8406,41.15950837093652,3,2,11.897107669454378,5,0.9990265294071561,0,0.0,0
8407,21.62027836417584,2,3,13.750248564158976,1,0.764156315369798,0,0.0,0
8408,47.580709288822,3,2,15.131180944517446,4,0.9998056480240991,0,0.0,0
8409,38.707982420137995,4,4,20.006090976418903,6,0.19645748959928455,0,0.0,0
8410,19.496286831988094,1,6,8.595577400496285,3,0.9402419942519062,0,0.0,0
8411,49.84810811194778,3,1,14.66785898936925,3,0.7172121830400513,0,0.0,0
8412,51.782319066323836,4,6,7.171223764703407,2,0.5010974492284943,0,0.0,0
8413,36.39860662243144,2,3,0.8094947753878365,7,0.9998617058137456,0,0.0,0
8414,18.621426755768468,2,3,8.861649429902744,4,0.5008112394911208,0,0.0,0
8415,39.549646721932845,4,1,3.3082113201456558,6,0.8164592080611572,0,0.0,0
8416,26.013841514851066,3,2,5.35488925588297,4,0.159339342908829,0,0.0,0
8417,35.62311005306764,3,1,12.501410525904927,7,1.0001856682835935,0,0.0,0
8418,70.96951464676025,5,1,18.350080401718802,7,0.9907867842064071,0,0.0,0
8419,21.199095780835645,2,6,14.756500822884217,4,0.5038285476159773,0,0.0,0
8420,45.04014895073641,4,1,13.943821933422145,7,0.9998235525593567,0,0.0,0
8421,41.84775529458071,3,1,20.01517741613822,4,0.8177290349322237,0,0.0,0
8422,53.387135224265414,3,6,11.589381497588064,4,0.5736094984701814,0,0.0,0
8423,69.8386337224702,4,4,18.808002403392038,4,0.8395337023862054,0,0.0,0
8424,55.16186648943366,2,3,6.314791928436081,5,0.9998371615381303,0,0.0,0
8425,32.22854017707881,2,1,0.11382076963008814,4,0.3211951297567523,0,0.0,0
8426,57.49832746098869,2,3,1.8476858583689122,3,0.9996981144843617,0,0.0,0
8427,41.220098990896616,4,3,6.439339663590879,7,0.09394521414946655,0,0.0,0
8428,42.07688223924485,3,4,19.994569823629206,4,0.9991413036143959,0,0.0,0
8429,43.81207772890309,3,4,15.814728479181763,1,0.9998195005968897,0,0.0,0
8430,38.43205856545692,2,1,12.962927085233812,5,0.9997242840425339,0,0.0,0
8431,41.704889459770584,3,4,14.584586927166713,7,0.813292415453259,0,0.0,0
8432,34.46591579009873,3,6,11.955755092577743,1,0.9824678843063631,0,0.0,0
8433,44.69800909596998,3,1,8.37437466809606,7,0.999890544316743,0,0.0,0
8434,47.79879843758051,1,2,0.0,7,0.9989262041859162,0,0.0,0
8435,47.17145684494239,4,5,4.827587781009348,5,0.9879627012168979,0,0.0,0
8436,53.86701378465068,2,1,12.493654788863365,0,0.24298994950885472,0,0.0,0
8437,24.052484228657452,5,2,8.702848972966162,4,0.22471005113735126,0,0.0,0
8438,23.689876464366055,2,3,5.545184736001107,5,0.9181844657206211,0,0.0,0
8439,33.23860572437387,2,3,13.12666524696872,3,0.9994833728236514,0,0.0,0
8440,48.7008868462793,0,4,0.0,7,0.9996718039618683,0,0.0,0
8441,45.27579535601624,3,2,6.876770710063277,7,0.9997903470012692,0,0.0,0
8442,57.29724548644251,5,2,13.192571657932744,7,1.0002753346925544,0,0.0,0
8443,42.850594747545706,6,5,16.823877754491534,7,0.48551739692645346,0,0.0,0
8444,41.34890953199398,4,4,19.998199637743433,4,0.5122291628024735,0,0.0,0
8445,43.89762349276437,3,2,21.377054313468474,7,1.0005211962895983,0,0.0,0
8446,25.82382323567656,4,3,0.0,7,0.9997862317752146,0,0.0,0
8447,44.55178029818999,4,1,2.420140705810141,7,0.9996542398468042,0,0.0,0
8448,52.57040281800896,1,5,10.380979094831076,5,0.4072305967734496,0,0.0,0
8449,40.796935993571715,2,3,12.219204398163207,4,0.22859708933632894,0,0.0,0
8450,63.6847227756883,1,3,15.588577360455748,3,0.999761223008782,0,0.0,0
8451,46.45175203454184,3,3,15.00642761011522,7,0.999455327994599,0,0.0,0
8452,30.932340624740654,3,4,19.98961203503081,1,1.195199566144309,0,0.0,0
8453,45.0966178114343,2,1,17.120247375491196,1,0.6252310470641048,0,0.0,0
8454,36.9928821253795,1,5,14.009587284275245,7,0.8752026037007881,1,11423.085173635733,1
8455,47.96592461169805,2,6,11.035183303957265,1,0.9329306840799724,0,0.0,0
8456,41.73695298233505,2,3,3.3596148106212596,4,0.4712984633640711,0,0.0,0
8457,51.773366298656384,3,5,10.077846849621475,7,0.9998531200003387,0,0.0,0
8458,33.049436681366714,4,1,9.105694049019524,4,0.4997720160060598,0,0.0,0
8459,40.5155052426041,3,3,0.0,3,0.9347406484709676,0,0.0,0
8460,43.53284154982016,3,6,19.997989565381154,1,0.0784454633309517,0,0.0,0
8461,58.207990011459025,1,5,2.6394826736759196,3,0.5390250924970234,0,0.0,0
8462,42.346295773510775,4,5,10.05664943397904,7,1.000248829041627,0,0.0,0
8463,46.65470768901738,2,5,5.541142163663164,7,1.000080365545447,0,0.0,0
8464,34.775245469579446,2,1,15.239782668852731,7,0.4064294698510452,0,0.0,0
8465,24.711086972431204,3,1,14.38002802891119,2,0.485127390734693,0,0.0,0
8466,21.46627923552079,4,6,14.48224644089267,5,0.685835325666771,0,0.0,0
8467,38.0983760139551,2,5,12.052672711084774,4,0.9564811574239809,0,0.0,0
8468,48.79810514431141,2,6,14.752630421588815,7,1.000073396784794,0,0.0,0
8469,41.72960993037831,3,2,0.5163291812639041,6,0.9998201243424465,0,0.0,0
8470,34.552977051775066,3,6,10.773713746222978,1,1.0264486058839355,0,0.0,0
8471,27.43114584679999,2,3,10.75672884940957,2,0.9999753652232806,0,0.0,0
8472,61.338580949358544,5,5,0.7695784366248937,7,0.9996367545684579,0,0.0,0
8473,41.07465068245051,3,4,19.436718509093218,7,0.8485148867618771,0,0.0,0
8474,54.374231438139965,4,2,17.133955000161443,7,1.0000276844136202,0,0.0,0
8475,43.0357298992227,5,6,15.14992120477995,1,0.29519055764058627,0,0.0,0
8476,37.77600315213432,2,3,13.390380360746631,2,0.3689010645760094,0,0.0,0
8477,64.25918861917935,4,1,12.481561965494214,1,0.4592504722407008,0,0.0,0
8478,43.62749851837889,1,3,7.292696633753918,6,0.45566064775935733,0,0.0,0
8479,25.949470082671063,3,4,0.8451652404573444,1,0.34754870712616875,0,0.0,0
8480,46.828072030833226,3,1,16.13913689756628,4,1.0003184860945467,0,0.0,0
8481,60.85649862009197,3,6,12.59350271490793,7,0.7540467406117118,0,0.0,0
8482,24.355887136187533,3,1,5.974675958441254,4,0.9998700060049301,0,0.0,0
8483,66.09350075677449,3,3,13.309668744421263,7,1.0002911260018916,0,0.0,0
8484,48.31506510938347,3,5,12.991853141964688,1,0.5838425580256894,0,0.0,0
8485,55.06347542386476,1,6,14.492702673020148,7,1.0005131821920805,0,0.0,0
8486,37.405129361796426,4,3,8.522659635459034,6,0.9998253601898373,0,0.0,0
8487,41.88568151671916,4,1,7.2063242065690165,2,1.0002801398451697,0,0.0,0
8488,32.14472447516073,2,1,20.393650138037536,5,1.000314320706456,0,0.0,0
8489,42.52586467233081,3,7,7.067918949745484,5,0.5738847447207003,0,0.0,0
8490,56.50675972078393,1,5,16.047835424834574,7,1.0005609854437567,0,0.0,0
8491,22.275051530478528,6,6,9.30343357932585,4,0.7914346844420775,0,0.0,0
8492,40.25460531025626,2,6,6.279881057622173,7,0.21541510039269696,0,0.0,0
8493,33.18436586758943,0,1,3.264565343821367,4,1.0002157567630854,0,0.0,0
8494,50.16406837594997,1,2,0.0,7,0.45757636645679356,0,0.0,0
8495,25.93942627855929,4,1,4.969009129102065,5,0.3436115599478926,0,0.0,0
8496,49.4836422886486,2,6,8.729532738604274,6,0.626933425452939,0,0.0,0
8497,37.7270539564418,5,3,0.0,2,0.47145588858279697,0,0.0,0
8498,47.048940063828624,6,2,10.481653118238667,7,0.7224389415402888,0,0.0,0
8499,38.39253056886325,3,6,8.930881607794777,4,0.9992741665247948,0,0.0,0
8500,28.291813049970322,2,1,14.407936157689768,1,0.5342628172904906,0,0.0,0
8501,46.60529950919982,1,4,3.0952476292729845,5,0.10884315986133652,0,0.0,0
8502,45.987091836079166,5,3,11.11214224933494,1,0.9991101972555799,0,0.0,0
8503,44.44271175577079,3,1,5.054068538400755,4,0.49721752091256055,0,0.0,0
8504,18.298839140612507,4,4,4.550086365171159,3,0.5782725764119329,1,22590.25042299757,1
8505,44.25254498766764,3,1,12.462131293935705,3,0.525720725992322,0,0.0,0
8506,30.249110894056255,0,1,5.050826937224266,0,0.9367844350972875,0,0.0,0
8507,37.77516278416795,4,2,9.39225899880584,4,0.987046856237761,1,22202.896672803243,1
8508,46.53348457563947,2,4,19.996111097702574,1,0.9998012239585152,0,0.0,0
8509,41.476074410197356,3,6,17.06089891593141,1,0.8578076902233932,0,0.0,0
8510,28.302534985211004,2,2,10.775798383157007,3,0.1626026194957172,0,0.0,0
8511,46.149257175183486,3,1,3.357274524751758,4,0.9585924216653383,0,0.0,0
8512,40.074043098587225,2,3,10.813570253054214,7,1.0002346550627426,0,0.0,0
8513,40.61756237791523,2,1,4.796842193994078,0,0.5746884043230113,0,0.0,0
8514,60.146716973582556,3,4,15.963323162461917,1,0.999336721250297,0,0.0,0
8515,52.30039365517554,3,3,14.080790400730042,6,1.000149108304412,0,0.0,0
8516,49.06772226959652,4,4,20.014225930740558,1,1.0003834422290399,0,0.0,0
8517,27.115334653749116,2,2,5.500966938211886,3,0.14146667233329835,0,0.0,0
8518,41.11724965334322,2,6,19.95261956487054,7,0.9999698852701651,0,0.0,0
8519,38.39646082867909,4,6,2.2922018801594586,6,0.12176052531282222,0,0.0,0
8520,44.518786212662796,5,2,16.36397527465835,5,0.14254414671761917,0,0.0,0
8521,53.86475726081593,3,3,10.41190428294558,7,0.9999015967473546,0,0.0,0
8522,28.67893561316516,3,5,19.99412468057999,1,0.6845852745625892,0,0.0,0
8523,38.63688010740077,3,1,0.0,4,1.0000027636173547,0,0.0,0
8524,33.12463579799109,4,3,8.270267873858064,4,0.9994423124527023,0,0.0,0
8525,61.561988856616765,1,4,5.638062809797496,7,0.999706088706028,0,0.0,0
8526,22.048775767940167,1,2,7.199257073072684,1,0.49224803316112115,1,5829.475205760031,1
8527,43.164451900061586,3,3,4.298107630571051,0,0.49838192805489967,0,0.0,0
8528,26.804256008109064,2,4,19.996852406597675,1,0.9997658989797402,0,0.0,0
8529,26.966492149615753,3,6,5.51371465847347,3,0.31583444063897914,0,0.0,0
8530,56.54157207969284,4,4,19.42380730434567,1,0.4758932190229167,0,0.0,0
8531,37.32805004445623,5,6,7.074616125779639,4,0.03554735292667144,0,0.0,0
8532,16.6110057755849,6,3,1.1257648704782177,1,0.4414400685691878,0,0.0,0
8533,55.48775418504869,7,1,7.703331166530791,7,0.9997594757646708,0,0.0,0
8534,45.23039482258713,0,3,3.744261349204187,2,0.0,0,0.0,0
8535,55.4346309286133,4,6,17.256401796892842,3,0.9998530710121918,0,0.0,0
8536,35.1096631168258,3,6,11.624835038722717,3,1.0001648294821743,0,0.0,0
8537,22.04440163672461,3,7,2.7089628845677183,2,0.0005847674096384203,0,0.0,0
8538,47.425386804879,3,1,9.535048237180211,7,0.4019748453407025,0,0.0,0
8539,48.94724032921696,3,3,6.447006643958976,2,0.968578506149268,0,0.0,0
8540,41.825686793174874,3,2,7.092748195275809,7,1.0001186510100366,0,0.0,0
8541,29.057362638109524,4,2,16.310054220368798,5,0.05569257405025896,0,0.0,0
8542,33.230153937104696,3,1,6.2317114990264955,2,0.21684939552301047,0,0.0,0
8543,40.5477912084033,0,2,4.15453523754516,7,1.0000305433249994,0,0.0,0
8544,76.75119408768461,4,3,5.781797207913758,3,0.9993153436456212,0,0.0,0
8545,43.07111716294643,4,3,9.154675339960265,4,0.3865257398186595,0,0.0,0
8546,44.94755374969085,3,6,17.278505258074304,7,0.9996234462708613,0,0.0,0
8547,35.64886845009812,3,5,12.150543671647801,2,0.9996532408225862,0,0.0,0
8548,51.899047210916656,4,3,4.433358796505271,2,1.0002690079558945,0,0.0,0
8549,42.445051245381265,3,1,11.19710525088865,6,0.49980608232026363,0,0.0,0
8550,13.199243474278337,4,1,17.461626387655077,0,0.41273507453659863,0,0.0,0
8551,39.37709813946942,2,4,12.054302615137996,1,0.9560477923576622,0,0.0,0
8552,32.9533455671405,1,3,15.955831604568488,4,0.9999040412630072,0,0.0,0
8553,48.995754183057535,3,3,10.25757711405415,5,1.0000890500716868,0,0.0,0
8554,71.85282178218745,2,3,6.714982324187346,2,0.5031947009479211,0,0.0,0
8555,60.44866747822019,4,6,6.914569068595835,6,0.8989707264060791,0,0.0,0
8556,20.26980362947345,4,2,4.151585865196982,1,0.9245270853003622,0,0.0,0
8557,44.92590413327095,6,1,13.096212189268332,7,1.0004279061032246,0,0.0,0
8558,57.40196143616253,4,1,21.045997286258604,2,0.9999594694903264,0,0.0,0
8559,43.44907684109879,2,6,3.7537371929673293,3,0.5201476052910061,0,0.0,0
8560,42.1110862491811,5,2,15.872953565383952,1,0.5238661809527861,0,0.0,0
8561,40.36465091648495,3,3,15.406146076265117,2,0.9992216205790472,0,0.0,0
8562,67.77041982643502,2,3,18.622530438674463,5,0.9995340161899835,0,0.0,0
8563,39.163579053835015,5,4,13.60152958328083,7,0.0,0,0.0,0
8564,23.87476215616625,2,5,19.984101850993824,1,0.9993108473952091,0,0.0,0
8565,33.894133365948,4,3,8.947910410299958,7,0.9992877551562732,0,0.0,0
8566,65.05025607794181,4,4,19.987439733955924,1,1.0003515576159057,0,0.0,0
8567,46.818705364153374,4,3,17.499790693880023,4,1.0001868062230614,0,0.0,0
8568,25.971478813855672,3,3,15.088768569748721,1,0.9995500983310741,0,0.0,0
8569,35.351866528874474,3,3,7.48143127526375,4,0.9998006323372732,0,0.0,0
8570,26.171955479832008,4,2,13.390523177260867,6,1.1479738233866974,0,0.0,0
8571,19.650458268246133,0,3,10.842886529403355,2,0.49891810705548534,0,0.0,0
8572,51.807850881343796,3,3,12.434848859943536,7,1.0003642927479963,0,0.0,0
8573,40.13170357268636,4,1,9.277351410224584,5,0.5003298994221005,0,0.0,0
8574,36.847743081683724,3,1,5.8045541252746435,0,1.000034852191869,0,0.0,0
8575,29.683619764754358,7,7,2.9293017269878394,4,0.0,0,0.0,0
8576,36.18305699216181,1,3,7.88332851938673,4,0.9323987713214237,0,0.0,0
8577,21.454899538827245,4,6,7.916235251479314,1,1.045831548288531,0,0.0,0
8578,43.656056712253694,3,5,13.062580758019719,1,0.6069282049714713,0,0.0,0
8579,38.360589171448474,0,6,17.381472609708656,0,0.4088300164142449,0,0.0,0
8580,35.27101602751277,2,3,20.051869655599464,5,0.9993619561670615,0,0.0,0
8581,43.366828823566934,1,4,5.700668457507074,1,0.9888739156774352,0,0.0,0
8582,44.17876388786067,3,6,15.440472841093797,2,1.0003975681192425,0,0.0,0
8583,28.63835188055739,4,4,9.650982635873444,2,0.5643460258578632,0,0.0,0
8584,64.87076570076862,2,3,4.240744298648679,3,0.49613563188723353,0,0.0,0
8585,55.54449370029607,3,4,20.01037735115804,1,0.8822109272815938,0,0.0,0
8586,62.45473120392215,3,3,12.010027285265725,4,0.9991710652870643,0,0.0,0
8587,43.707865768981875,2,1,11.141530139723608,2,0.0023317002150311517,0,0.0,0
8588,69.41378116982078,3,4,20.00472022743147,1,1.507223677641017,0,0.0,0
8589,61.29157219961292,3,6,18.875971610067545,1,0.9373040105339673,0,0.0,0
8590,26.201365787332467,2,1,13.971092180662867,2,0.3278933357174932,0,0.0,0
8591,26.851440299337497,3,3,0.0,6,0.0,0,0.0,0
8592,29.037082504794856,2,2,10.479866304053964,7,0.9151843627146284,0,0.0,0
8593,42.98712645649828,4,1,11.413086779772652,7,1.0000841780871874,0,0.0,0
8594,42.26811188044085,4,6,11.790112223800671,6,0.6014198557583376,0,0.0,0
8595,49.3907424223483,3,3,18.778254597716902,7,0.9999387959336239,0,0.0,0
8596,32.50494711642966,2,6,26.221836701893732,7,0.5275693462592648,0,0.0,0
8597,37.93776516047441,1,1,18.54219601332307,3,0.49905564550843956,0,0.0,0
8598,44.5202855388396,6,3,14.010894889531158,2,0.9995462779269271,0,0.0,0
8599,41.18728261131031,2,2,4.876183375266291,7,0.6864501645697004,0,0.0,0
8600,27.324188389213663,3,2,18.074850842554344,5,0.9999649741830702,0,0.0,0
8601,58.59694681139872,1,4,2.131109820217741,4,7.15578493634128e-05,0,0.0,0
8602,40.92798857698887,4,2,7.524135255890526,1,0.2973338639973979,0,0.0,0
8603,66.61144105436824,4,3,8.913245156633387,7,0.5920945707431511,0,0.0,0
8604,57.57452453520511,3,5,9.825813719874418,3,0.12711665268624373,0,0.0,0
8605,43.43186162346639,3,1,9.965084445657528,5,1.000483706524014,0,0.0,0
8606,56.77596359261727,3,4,20.000114547325165,1,0.415283926947987,0,0.0,0
8607,26.719498869172828,2,1,5.460068184132387,1,0.6510959360906571,0,0.0,0
8608,37.441092270950385,1,5,0.0,6,0.6703206484046883,0,0.0,0
8609,41.14839363469689,4,6,0.0,7,0.039477482321084056,0,0.0,0
8610,52.64448856689169,3,4,10.14600869414642,1,0.4254947460713378,0,0.0,0
8611,58.58505910973568,3,3,19.99923509577158,4,0.7244896681900554,0,0.0,0
8612,36.970325779998035,3,1,19.86628726363477,3,1.0003572422365004,0,0.0,0
8613,68.25402412712799,5,5,21.775561487434487,7,0.6609364274798797,0,0.0,0
8614,55.99681998762419,2,5,14.402509821846468,3,0.2638021085707948,0,0.0,0
8615,61.56411423144124,2,6,17.404635892714523,4,0.6389765910284968,0,0.0,0
8616,68.41674023993635,1,5,0.0,6,0.9715107629302018,0,0.0,0
8617,31.307880160540375,5,6,15.965437957619784,3,0.6963132000848733,0,0.0,0
8618,47.76057322497132,4,2,11.47361350107662,7,1.00070576732936,0,0.0,0
8619,41.64818615130287,5,4,20.011018154572803,1,1.0001311504181838,0,0.0,0
8620,60.6846830660373,3,6,17.927523400216117,1,0.26471554065583436,0,0.0,0
8621,46.300071698790184,3,5,20.174766882391694,4,0.12502604941060314,0,0.0,0
8622,34.88906846646285,2,3,11.015320726544843,3,0.7256864210636873,0,0.0,0
8623,70.84464619393991,4,6,8.788519336958569,4,0.4963584395358256,0,0.0,0
8624,56.614711473114255,3,6,9.614798718963119,7,0.31105945588684414,0,0.0,0
8625,46.32563551328503,4,3,3.5201518134019416,7,0.17037094521836482,0,0.0,0
8626,58.30812821270108,3,1,11.470123738070765,2,0.742343272780583,0,0.0,0
8627,36.229618456377345,1,0,2.8684244698621395,6,0.1645523689369447,0,0.0,0
8628,37.09769560424387,5,2,12.851065895074704,6,0.22270197169900313,0,0.0,0
8629,38.05555781606673,3,6,11.517225960287606,4,0.6398561975721068,0,0.0,0
8630,27.556482498769466,5,4,1.1655691355311326,4,0.09153933887053212,0,0.0,0
8631,40.355005583735455,3,6,12.696956517717005,4,1.0001414085112779,0,0.0,0
8632,33.79423979169067,3,3,13.347466677847564,7,0.9999762171855912,0,0.0,0
8633,59.83627820240475,1,2,9.107965199188357,3,0.9925909043994268,0,0.0,0
8634,40.087524991174774,6,2,16.51984958917428,1,0.8866105506590682,0,0.0,0
8635,50.4741699430466,3,3,3.235495501480462,6,0.6036269024784371,0,0.0,0
8636,32.70306203039974,3,4,10.791053651619277,6,0.07909918129227633,0,0.0,0
8637,48.40786412136564,4,2,11.553897201805231,7,0.9993304968914135,0,0.0,0
8638,29.635604602163184,4,4,3.241286716562632,3,0.6079421535496436,1,22836.967537159428,1
8639,29.67102395056027,2,3,19.38626229071277,4,0.7377660780368813,0,0.0,0
8640,29.34638129742659,3,6,18.234698653785056,1,0.19134302322538294,0,0.0,0
8641,13.300267808108558,3,1,12.783809911502662,3,0.5229783895480555,0,0.0,0
8642,32.03339940656642,3,1,17.237593287815194,7,0.9999863005936388,0,0.0,0
8643,39.682178054665464,5,1,9.465273951503283,0,1.0005780539001368,0,0.0,0
8644,43.35905937251284,2,1,4.413029984328524,7,0.9996491997772554,0,0.0,0
8645,43.42563686200692,2,5,5.6907536275786965,7,0.9994216611743737,0,0.0,0
8646,59.922402661143266,3,1,4.9735466487416495,2,0.9996198521135287,0,0.0,0
8647,40.89607077847682,3,5,16.051718509969845,7,0.49262006786898227,0,0.0,0
8648,58.81542483664329,3,6,13.62837104543896,7,0.9993761193185309,0,0.0,0
8649,31.390948418274792,3,3,10.359984177551878,3,1.0000157341569935,0,0.0,0
8650,46.06620198458023,3,1,9.865072212469602,7,1.000107282314207,0,0.0,0
8651,27.64207184558326,3,3,4.977180467393798,0,0.5422340013071607,0,0.0,0
8652,31.583995497774122,3,2,16.330199758752382,4,1.000119811233124,0,0.0,0
8653,43.657062211185284,4,6,17.356711090829442,1,0.9668114716582472,0,0.0,0
8654,45.862553759099605,1,3,5.654915412006505,4,0.1674108661529471,0,0.0,0
8655,27.224045737215924,3,2,11.596078152546301,5,0.7287312241051519,0,0.0,0
8656,40.402402517306975,3,4,15.8241418564359,3,0.46844291727245424,0,0.0,0
8657,65.16262909280985,3,4,12.19461699724048,6,0.9026089456958992,0,0.0,0
8658,64.86226277071755,2,3,10.59944262838378,7,0.7728656433784541,0,0.0,0
8659,45.408223246041274,4,6,15.35090673920219,7,0.9999285314963725,0,0.0,0
8660,59.1754025224334,3,1,17.56790285489242,7,0.9997392674769311,0,0.0,0
8661,58.86057872139611,5,1,11.344007090617485,7,0.9997568328885769,0,0.0,0
8662,45.956151132163676,2,3,12.750357343586034,5,0.6157297123054841,0,0.0,0
8663,59.916764935630866,2,3,6.473410304087291,1,1.000872073429965,0,0.0,0
8664,61.162857912885094,3,3,10.391801852078048,2,1.0005699927238836,0,0.0,0
8665,50.933140703092846,2,6,9.919771529371793,1,0.4953429086472742,0,0.0,0
8666,32.99412288279866,2,2,10.73758381697547,1,0.024078760769788432,0,0.0,0
8667,34.52394259614516,3,5,14.0528032422588,3,0.500416664770238,0,0.0,0
8668,43.64371514464938,3,4,1.9052530812156672,7,1.1276751972515184,0,0.0,0
8669,54.76789498286503,3,4,14.339118129181438,3,1.0000827738630123,0,0.0,0
8670,53.52542980918456,4,6,16.014969881826218,5,0.8564139439351462,0,0.0,0
8671,25.29489091000026,6,3,4.8575363005862995,1,0.3733943186039634,0,0.0,0
8672,52.54833012957926,5,1,6.824947360140724,7,0.28385404788724233,0,0.0,0
8673,24.473045407034586,5,6,12.563626202925994,4,0.4744737945767707,0,0.0,0
8674,29.714803818621952,3,3,17.0912657162089,1,0.44281956228970754,0,0.0,0
8675,59.40732628192364,6,3,10.555166722155644,7,0.8736648428462174,0,0.0,0
8676,57.6136478564084,4,2,10.141330728055523,5,0.24241069638463247,0,0.0,0
8677,72.07850771661306,3,5,0.0,7,0.48367768847778103,0,0.0,0
8678,43.84542661798169,4,3,13.229700874432112,7,1.0000746480192053,0,0.0,0
8679,50.779507100796714,5,3,15.782525725149991,5,0.4973278930712464,0,0.0,0
8680,73.82348263577141,1,3,9.274126428296743,6,0.9996034911683438,0,0.0,0
8681,41.82825473015935,3,1,15.976777950905152,3,0.9996539599345249,0,0.0,0
8682,33.431666049654176,0,3,10.957699365813864,7,0.40774848143194786,0,0.0,0
8683,58.4035290729219,5,2,10.34962565671827,7,0.3058178318968415,0,0.0,0
8684,44.438376091506285,3,3,16.208979117198012,1,0.4533475876829518,1,1980.304356974095,1
8685,46.535449438567824,2,1,23.62050244644092,7,0.9995071789721173,0,0.0,0
8686,48.38095141349447,4,6,19.748238694120573,3,0.9998252770393193,0,0.0,0
8687,40.17526660270387,3,1,3.786673475836418,3,0.9998170079585122,0,0.0,0
8688,57.720879216520316,2,3,8.80365068204883,1,0.5021289477423906,0,0.0,0
8689,24.02189279964852,1,3,8.148004038549487,2,0.5006089602468452,0,0.0,0
8690,57.55752796182503,3,3,12.440025318701412,7,0.43207994117326837,0,0.0,0
8691,46.31361008397035,3,2,6.252194034156112,4,0.999561795931317,0,0.0,0
8692,44.895957100390106,3,3,0.0,2,0.4910147548782817,0,0.0,0
8693,35.53215241185947,3,3,10.321547765279552,3,0.5972133259965303,0,0.0,0
8694,38.22844021348622,4,1,16.033473300151442,3,0.9995908083819975,0,0.0,0
8695,34.138847472772525,2,6,11.521196026205315,7,0.1466162226084059,0,0.0,0
8696,46.72597261148216,4,6,10.127313874279066,7,0.9999224507426285,0,0.0,0
8697,53.76115705096616,4,4,19.99964915576617,7,0.750184706724463,0,0.0,0
8698,49.73864796774634,3,4,4.5341756087177885,6,1.0000351214293481,0,0.0,0
8699,28.47006391854957,5,2,8.654657841088557,1,0.6822454666950473,0,0.0,0
8700,41.450316279373865,5,3,1.9293005574565179,7,0.5293346348577281,0,0.0,0
8701,39.00565656027156,2,5,8.182468668104253,1,0.3546941202077023,0,0.0,0
8702,34.05369872117401,1,3,11.808961284056098,1,0.4992994340525585,0,0.0,0
8703,7.107142516066659,3,4,6.385765718803603,7,0.9579249763531446,0,0.0,0
8704,45.894813561066044,3,3,8.91949856655224,7,0.9996701837536197,0,0.0,0
8705,23.58362086533935,3,6,27.58882745477235,6,0.8810513970704572,0,0.0,0
8706,22.67868898696081,2,2,5.014908745888116,4,0.8533569868975773,0,0.0,0
8707,46.87024629390976,3,2,12.873214199154658,1,0.4364538958256541,0,0.0,0
8708,65.71816481139535,4,4,20.006253062388403,4,0.4930569426780037,0,0.0,0
8709,54.72928028999202,4,1,8.109663572026097,7,1.000268873591109,0,0.0,0
8710,57.00647912130752,4,6,14.710753638066006,2,0.33189770715390277,0,0.0,0
8711,51.14175314799125,4,2,0.32742674960595153,7,0.5217830325590007,0,0.0,0
8712,47.16340241621989,5,1,20.508824268829386,7,0.6765484229998768,0,0.0,0
8713,42.41149393915856,4,6,18.547350739380757,7,0.999442777265426,0,0.0,0
8714,17.54913311234532,3,3,0.0,3,0.6419547762667221,0,0.0,0
8715,32.31818095998546,3,4,11.166407547238194,7,0.4324962765600909,0,0.0,0
8716,48.510718826329786,3,4,8.627370204707109,2,1.0003442154645534,0,0.0,0
8717,26.88824322428284,6,2,9.883805108553698,2,0.524401491487934,0,0.0,0
8718,48.65993880600643,3,5,8.145875818991982,7,0.9897072767919772,0,0.0,0
8719,41.63892016811884,3,3,10.815315042510939,3,0.30959804969081917,0,0.0,0
8720,38.75486151165676,3,3,13.305630752104603,7,0.9372870363891407,0,0.0,0
8721,56.27021665390926,3,3,10.093873772251822,7,0.999661173725322,0,0.0,0
8722,38.84150190594224,1,1,17.406806803887786,3,0.391211442070482,0,0.0,0
8723,20.737545261142653,3,3,12.288517450135792,7,1.0276633721761232,0,0.0,0
8724,44.103891696471585,3,1,25.36560359084509,7,1.0003713643547212,0,0.0,0
8725,57.04542440826832,2,1,0.0,5,0.49918987876481846,0,0.0,0
8726,39.938197052897884,1,1,5.823296698530838,7,1.0001715739932424,0,0.0,0
8727,33.02425144413061,2,3,15.112724514100918,1,0.9970394163257454,0,0.0,0
8728,32.15126246814413,3,1,3.0846310262024144,2,0.4443772327251144,0,0.0,0
8729,41.19418326218548,1,3,3.1191034883597997,0,0.9999026190708031,0,0.0,0
8730,44.443318950410436,4,4,20.01113736276984,7,0.21915984017701207,0,0.0,0
8731,54.67866517861589,4,2,20.003250699814476,1,0.9998273526616777,0,0.0,0
8732,35.343982605098425,6,2,19.99894956367075,1,0.6697119273910476,0,0.0,0
8733,29.076539003946888,7,7,15.947002031977945,6,0.36543765345855345,0,0.0,0
8734,32.088315571684845,5,4,13.301425322296229,5,0.4582698770673671,0,0.0,0
8735,44.57107339600966,4,3,6.342434286622472,4,1.000126404351767,0,0.0,0
8736,49.13626134797818,3,6,13.676680952586716,4,0.8716509829151164,0,0.0,0
8737,54.17364362387017,3,3,0.0,4,0.9166312434996341,0,0.0,0
8738,53.972996694408224,3,3,8.389886336736474,6,1.0003321780488827,0,0.0,0
8739,32.41468272012385,3,3,5.9840252296692045,7,0.3267092556903613,0,0.0,0
8740,25.488605553913313,5,3,8.3770516287196,2,0.10499500898977077,0,0.0,0
8741,18.911618196726977,2,3,7.057293719330475,1,1.0001634771814643,0,0.0,0
8742,46.00644450440607,3,3,20.33211144836293,5,0.4258632160464127,0,0.0,0
8743,29.181249641988305,6,3,13.327911703577563,3,0.5677497497438794,0,0.0,0
8744,47.2073682180205,2,2,17.224100468229196,7,1.0008107503964927,0,0.0,0
8745,65.43677003533989,3,3,17.755028034178924,1,1.0000352767973095,0,0.0,0
8746,59.12466547075459,4,2,7.4223012298054165,7,0.8929164741106731,1,1950.0862930735912,1
8747,45.75196432263924,4,2,9.607577385429003,7,0.9999408081978522,0,0.0,0
8748,47.915467009391534,3,4,9.100323275395354,6,0.9998492799262524,0,0.0,0
8749,44.14882874671016,4,5,16.731104077212557,1,0.9997963429864803,0,0.0,0
8750,65.11196416222943,2,4,4.423884096464567,3,0.5378436291138274,0,0.0,0
8751,24.51642488184696,4,6,6.312899176470442,3,0.666469288886309,0,0.0,0
8752,57.16339786833764,2,3,9.20428108294369,4,0.29056800888447987,0,0.0,0
8753,23.647716639193984,1,4,13.256270545046043,5,0.47331412289353814,0,0.0,0
8754,45.66717462307962,3,2,18.347337814987625,3,1.0002854417642557,0,0.0,0
8755,15.96260632903132,4,2,3.2311975023257533,6,0.16334411162516316,0,0.0,0
8756,40.03451906448388,3,5,7.703180288166054,7,0.7584361238244895,0,0.0,0
8757,26.26026323917798,2,2,8.220329746803765,1,0.09573166849451276,1,4503.093686593766,1
8758,26.270431151807305,2,7,13.65798020646626,5,0.04796406714864754,0,0.0,0
8759,71.59680343677482,1,3,7.544950234796665,3,1.0002761067637043,0,0.0,0
8760,24.46768148899435,5,7,12.591382986273798,5,0.44799995037459117,0,0.0,0
8761,40.65685942695747,3,6,16.282969403590574,2,1.0003209406294185,0,0.0,0
8762,27.89134689834553,4,1,18.71737705162503,7,1.0006790987340253,0,0.0,0
8763,50.568673171455295,5,6,16.430421716426384,3,0.5683803987764598,0,0.0,0
8764,50.796109902466874,4,3,10.188549094073817,4,0.5005196265893603,0,0.0,0
8765,35.807683796108094,3,3,8.823967391611662,0,1.0009785721237912,0,0.0,0
8766,49.45186360330678,1,3,16.78471904767512,5,0.49967858456417924,0,0.0,0
8767,43.64590005576349,1,3,6.513991830608946,0,0.421241378031861,0,0.0,0
8768,47.438066079832055,3,3,8.58682349644235,2,0.9996736505644385,0,0.0,0
8769,50.21773830050559,2,2,5.203746697286955,7,0.33559023436300134,0,0.0,0
8770,30.38182400127026,5,4,19.998068931819073,2,0.999815303282348,0,0.0,0
8771,53.68252158958234,3,3,7.063567919147099,1,0.9997821655808488,0,0.0,0
8772,25.360243693082072,4,6,10.76745904598629,4,0.5950061607193533,0,0.0,0
8773,52.08755243648167,2,4,19.99962090008938,7,0.9994166316691683,0,0.0,0
8774,30.635220302275208,3,3,6.473843475660064,4,0.4946893251136606,0,0.0,0
8775,27.311500555326973,1,2,6.746332910138601,6,0.9718737513968396,0,0.0,0
8776,44.417479783771384,2,5,17.673600466199037,3,0.38786438444057486,0,0.0,0
8777,45.00491553880715,4,6,10.698391999611273,1,0.9438234999644367,0,0.0,0
8778,31.122288975387967,3,2,15.70242435890696,3,0.9999165203101656,0,0.0,0
8779,31.059234671469536,4,7,1.1712517159609384,6,0.0,0,0.0,0
8780,54.17996884213214,3,4,19.998557838624073,1,0.9996895927222748,0,0.0,0
8781,63.398862342897736,3,6,15.45321620801079,3,0.33897583680469057,0,0.0,0
8782,45.324806055923304,3,2,2.3391196484166574,4,0.3339891117435273,0,0.0,0
8783,33.660701478112976,2,2,4.528174710989978,6,0.07694791547406443,0,0.0,0
8784,29.059671810472715,3,1,13.558403847906881,2,0.9685004494249743,0,0.0,0
8785,32.29466012262303,2,1,12.640880001630544,3,1.0001380114477685,0,0.0,0
8786,37.45498238142165,2,2,5.944313017357145,7,0.6097152870071222,1,22953.830479291464,1
8787,42.28000933116211,4,6,19.79181745033505,1,0.9738229331500278,0,0.0,0
8788,46.41150679130388,3,3,16.679749292073296,2,1.0038084763400223,0,0.0,0
8789,33.4693980051,3,3,28.882479973715157,7,0.3874359464977798,0,0.0,0
8790,38.21116212976893,3,4,13.670162030934993,3,1.000203922150942,0,0.0,0
8791,63.411463678290346,4,6,17.558658943580426,7,1.000430505939642,0,0.0,0
8792,36.05241970070935,2,2,12.479651842061019,1,0.47002720096665884,0,0.0,0
8793,31.63521293207709,4,2,3.5992981079273365,5,0.4127899580670979,0,0.0,0
8794,37.30312088989157,4,1,7.126575874560823,7,0.9997351576755709,0,0.0,0
8795,27.58659195637869,1,3,2.5573401072946407,3,0.8977718306780407,0,0.0,0
8796,66.91700482157296,1,4,19.99848668704626,7,0.9996709663000927,0,0.0,0
8797,31.18727886907286,5,3,7.255120169010263,2,1.000153357953907,0,0.0,0
8798,27.84060129816302,3,3,6.036729064492424,3,0.4849759956196495,0,0.0,0
8799,46.034876673226485,6,1,23.246600294092737,4,1.000154345640567,0,0.0,0
8800,54.78534213578533,4,6,9.92775942317886,7,0.48927452263680316,0,0.0,0
8801,59.98166031797808,1,3,8.182499855997325,6,0.5825908763156433,0,0.0,0
8802,14.43835293454763,4,1,17.504885114363766,3,1.0002183386369827,0,0.0,0
8803,27.213322459779498,1,2,7.940283287237545,5,0.9711072719924503,0,0.0,0
8804,44.8676395510235,3,6,14.760088860452731,6,0.7465839145236027,0,0.0,0
8805,26.387472177372544,3,6,9.711046594807456,4,0.2764856877745674,0,0.0,0
8806,43.97259481299002,4,6,10.823668652741334,7,0.999904099244904,0,0.0,0
8807,84.13569017979846,5,4,19.999267140359617,7,0.9993643844669342,0,0.0,0
8808,53.730493066365966,1,1,1.623180337655155,4,0.37383061682891944,0,0.0,0
8809,56.942164643752065,4,6,16.252757051193825,1,0.4423141891557054,0,0.0,0
8810,45.46289566121411,3,2,15.650888297756051,5,0.489353520443124,0,0.0,0
8811,27.54734611826487,5,6,8.220121346569325,3,0.3426924196809204,0,0.0,0
8812,28.953512426176218,2,7,1.4911726095679452,7,0.000265393137771186,0,0.0,0
8813,22.460110176759283,4,4,19.993440870729692,5,0.46248892050047974,0,0.0,0
8814,52.11118738407116,3,4,20.004289596730782,1,0.7258507891659667,0,0.0,0
8815,40.44278550991953,3,3,17.234481464712978,7,0.999401880018211,0,0.0,0
8816,51.88193746397279,0,3,12.416618747721357,0,1.0000290570231705,0,0.0,0
8817,19.32897131615727,3,3,0.0,2,0.3444259565096128,0,0.0,0
8818,59.07880110868058,3,4,6.833931947595535,2,0.03957536987792676,0,0.0,0
8819,41.50042896356265,5,6,15.968642090680554,7,0.9996892979282197,0,0.0,0
8820,25.267230796609088,1,3,16.96475741817628,3,0.9996118853500555,0,0.0,0
8821,14.092872445840026,3,3,20.00267361185191,1,0.2074079752852283,0,0.0,0
8822,39.14565937727427,3,6,19.248814700460507,2,1.0000473564090147,0,0.0,0
8823,54.74129369281369,3,3,8.652086055869674,7,0.9998666469990303,0,0.0,0
8824,60.54245387154198,3,2,11.435825514301595,2,0.5496300213375407,0,0.0,0
8825,26.261627902870053,2,4,2.862549622867567,3,0.6974521695678145,0,0.0,0
8826,1.361407733937689,5,3,19.303483207964227,2,0.5207477566768137,0,0.0,0
8827,36.90507868888743,4,6,15.154240954052156,2,0.7136866118272389,0,0.0,0
8828,57.09346066069518,4,6,4.848804512083051,2,0.6729327361670588,0,0.0,0
8829,28.31186304020666,3,1,15.408449173479779,2,0.2136518886461286,0,0.0,0
8830,49.225146984692195,4,4,12.391177298069769,7,0.7552397358300894,0,0.0,0
8831,63.32106366883421,4,3,0.0,6,0.4473277192953292,0,0.0,0
8832,21.97877966913902,3,1,17.115926585586102,3,0.952221837677079,0,0.0,0
8833,16.03405099036209,0,2,19.99683578424613,1,0.5852675822087513,0,0.0,0
8834,57.04804607622522,4,8,0.0,7,1.1497928822282,0,0.0,0
8835,27.96584525282055,4,7,5.3331683525027875,7,0.8271028280890308,0,0.0,0
8836,55.145787301420285,3,1,20.006585397562972,2,0.5820180075650739,0,0.0,0
8837,46.11074604642102,3,5,4.953514353728287,3,0.4980017553423148,0,0.0,0
8838,33.370093190166564,3,6,16.077099444355802,7,0.3390040782306508,0,0.0,0
8839,38.15724488345699,2,3,11.104172017109098,2,0.9393890933471565,0,0.0,0
8840,24.70280528963748,4,3,6.3158903673953795,2,0.0,0,0.0,0
8841,27.098998830301433,2,2,3.4405383712913338,5,0.31871014332041286,0,0.0,0
8842,46.97361519425803,3,3,3.5508999450137093,4,0.49925701596974026,0,0.0,0
8843,42.11798189533504,6,3,15.590111666222183,1,0.9321898232903196,0,0.0,0
8844,30.4251182572806,2,4,19.999316719682817,1,0.328270863780109,0,0.0,0
8845,55.32521411512717,4,1,11.147655206227519,7,1.0006699395429248,0,0.0,0
8846,37.03950707697554,3,1,5.8120877585895165,3,0.5105684945821386,0,0.0,0
8847,48.39262285354808,3,5,21.49501590333235,7,0.8350963028536216,0,0.0,0
8848,35.7606016591727,5,5,0.0,4,0.7127239139176116,0,0.0,0
8849,52.04810426125095,5,3,17.8301608226962,1,0.2126506544158902,0,0.0,0
8850,18.670377599333033,3,1,2.273833146816603,2,0.7615714916028749,0,0.0,0
8851,65.17300272477993,3,6,8.709965097212201,6,1.0609778528142582,0,0.0,0
8852,50.04976855902085,3,1,5.7286216587740295,5,0.5010711661086114,0,0.0,0
8853,50.86346868635962,2,6,11.29427166670635,7,0.0,0,0.0,0
8854,41.30274063295086,2,1,14.625907240373989,7,0.3950077821326852,0,0.0,0
8855,47.783153744443595,3,1,25.458904697035123,7,1.000175089342873,0,0.0,0
8856,51.09650985406337,4,1,24.74404949843106,1,0.9998962257945307,0,0.0,0
8857,36.040748376502215,3,2,7.492000017020246,4,1.0004438570359822,0,0.0,0
8858,33.48045406309192,2,5,0.9073828304153544,7,0.0,0,0.0,0
8859,44.398353416847115,1,3,10.352499343617827,3,0.626413751896827,0,0.0,0
8860,41.91989188189395,3,2,13.702834655578878,3,0.15494904230898032,0,0.0,0
8861,39.64190689406007,3,3,10.599125542654997,6,0.9993971668538814,0,0.0,0
8862,41.0551433212958,4,4,7.627396388477758,2,0.999619294057245,0,0.0,0
8863,29.692310300840155,4,6,0.0,7,1.0006162743233327,0,0.0,0
8864,50.10899251610807,3,3,9.113259263584611,4,1.000340657645206,0,0.0,0
8865,52.2179521700874,5,2,3.4969268441882564,7,0.37819471236916774,0,0.0,0
8866,35.01223968986258,4,1,3.506416154496537,2,0.3094719747168952,0,0.0,0
8867,15.102988636485424,3,2,12.206755051949004,1,0.4305514142346019,0,0.0,0
8868,29.368401345480372,3,4,9.111866130177619,1,0.9315527269080417,0,0.0,0
8869,45.40430931249452,5,3,13.867383917287395,2,0.9998493297408066,0,0.0,0
8870,36.31679236503635,5,1,10.186312980128346,7,0.11261772151341543,0,0.0,0
8871,29.94511597750205,3,3,2.436593729680917,4,0.49755161323598374,0,0.0,0
8872,30.791582959320117,1,1,13.958192928359678,7,0.445454781621285,0,0.0,0
8873,38.01681992314751,3,1,8.5339024390324,7,0.9997469412027993,0,0.0,0
8874,43.41477692963498,2,2,19.99294893081492,5,0.9003985171135664,0,0.0,0
8875,44.30972738544041,0,6,0.0,7,0.31847275399877895,0,0.0,0
8876,66.21831854991494,2,4,15.797789518002375,8,0.48704255337618785,0,0.0,0
8877,34.640025575364824,3,3,10.034944079991512,1,0.49885433653092975,0,0.0,0
8878,73.53052404545357,3,1,13.31360765996716,7,1.0002066846970366,0,0.0,0
8879,5.588859019353983,2,3,13.755891510656179,2,0.6580377323366368,0,0.0,0
8880,82.62138554665256,4,3,6.894649607399898,5,0.08672408796803754,0,0.0,0
8881,55.861094620862204,2,3,0.045593103769407506,4,1.0002162570046884,0,0.0,0
8882,51.00821587684967,1,4,19.999071234766028,7,1.000327255656269,0,0.0,0
8883,36.97335608186177,4,1,3.7719764640096054,3,0.9783592916509578,0,0.0,0
8884,34.668442475956155,3,1,9.539466224620865,5,1.0005587559646478,0,0.0,0
8885,60.37889109697464,4,3,10.051656868515686,3,0.999777558998169,0,0.0,0
8886,48.47003913840749,2,6,17.11642623216397,1,0.9510457913736583,0,0.0,0
8887,61.14596133055218,2,5,9.968535301954836,6,0.36435810150313613,0,0.0,0
8888,70.97723761329239,3,4,9.58781215392611,2,1.0002020430886884,0,0.0,0
8889,43.21768076741721,3,5,2.64567172868046,3,0.23359803953638136,0,0.0,0
8890,53.98507703943862,4,2,13.676937413238283,7,0.0,0,0.0,0
8891,13.18062097069813,3,4,19.993660538478558,1,1.1637429474142347,0,0.0,0
8892,36.99038332098587,3,5,14.24474993874896,3,1.000277918358847,0,0.0,0
8893,29.733909381440164,2,7,1.8572898580020176,7,0.0001541003874173663,0,0.0,0
8894,42.29220184181801,3,3,2.7521176244381884,5,0.9995951431137532,0,0.0,0
8895,49.45435546303886,3,2,10.514944574259289,3,0.7175149856468178,0,0.0,0
8896,40.53479178060801,2,1,6.3296803432813515,4,1.0001147841073328,0,0.0,0
8897,17.97100384242306,3,3,16.36689767846401,2,0.999953267222574,0,0.0,0
8898,55.1909595558537,5,1,9.786947594801056,7,0.9957722426817837,0,0.0,0
8899,23.840218834997398,2,4,7.180429970520297,5,0.024994550501685198,0,0.0,0
8900,28.13108343528345,1,4,20.00030197445761,7,0.999682499899113,0,0.0,0
8901,51.20151489452368,3,6,11.28537089410663,6,0.16659160663185202,0,0.0,0
8902,58.80461244309298,3,3,5.3723132915751455,3,0.9997673421915938,0,0.0,0
8903,56.397675917657985,4,4,19.999698544083987,7,0.7928653437533413,0,0.0,0
8904,35.57064234380037,5,6,13.888614966430712,4,0.30986270130906163,0,0.0,0
8905,49.52495411393195,2,4,19.993385262468845,4,1.0005239474459637,0,0.0,0
8906,56.32632601337062,2,3,10.108529969023316,5,0.4953653880988328,0,0.0,0
8907,45.5152322605863,3,5,20.521270321189498,7,0.49212470463349645,0,0.0,0
8908,39.56659721916387,3,2,17.617507585418714,1,0.6118412876482437,0,0.0,0
8909,33.464927733685556,4,5,11.967625880101725,3,1.0001207854500143,0,0.0,0
8910,5.310946008913021,3,5,1.8191621515764744,1,0.9683911325726897,0,0.0,0
8911,36.2505613473232,4,3,13.531148939361518,2,0.5156832222618932,0,0.0,0
8912,46.86826142399507,5,2,15.235460426666151,2,0.7615329666655366,0,0.0,0
8913,44.134932161284496,4,1,14.213763500111739,3,0.6700935399262757,0,0.0,0
8914,35.87967797259459,5,5,14.597918364235085,1,0.4607297900033285,0,0.0,0
8915,79.79944701217916,6,5,14.118486061138512,7,0.2805537854051811,0,0.0,0
8916,42.92251007523555,1,1,2.071599740016362,2,0.0,0,0.0,0
8917,28.530057593326948,3,1,13.969151891529066,2,0.2937646851640208,0,0.0,0
8918,53.49174371943413,3,3,19.98543972946873,2,0.8034575937529015,0,0.0,0
8919,25.41578981212315,1,6,24.737400669736083,7,0.9993190121104407,0,0.0,0
8920,10.69586566578501,4,4,20.01021331529217,1,0.039001408430383244,0,0.0,0
8921,65.01929006107227,3,3,6.562867699371583,7,1.0002043003902399,0,0.0,0
8922,33.772106250390436,3,2,13.097926628010331,7,0.9999103772711582,0,0.0,0
8923,65.64928678678612,4,1,15.8805243045943,4,0.999716878352839,0,0.0,0
8924,43.06241961108757,0,3,13.04830197692188,3,0.4977061892616681,0,0.0,0
8925,51.31797756808002,4,2,1.8356342970125326,6,1.0439785913194295,0,0.0,0
8926,45.588612313834986,2,1,7.649325606391695,7,0.9998140298079441,0,0.0,0
8927,29.32708986684939,4,1,4.8068187392989445,7,0.04943951206694264,0,0.0,0
8928,49.67560350028408,3,6,14.080442926573589,3,0.489393717663395,0,0.0,0
8929,42.884282404885305,3,1,13.570802527145567,7,0.999786259026668,0,0.0,0
8930,17.840130729722368,3,5,2.081197470965378,1,0.4510645487247767,0,0.0,0
8931,55.86338911895118,3,5,18.215069315866412,7,0.23261733550212943,0,0.0,0
8932,49.639962091400186,4,0,0.9202708264128212,7,0.9995588566727863,0,0.0,0
8933,28.363072544097655,3,4,0.0,1,0.45688098605476035,0,0.0,0
8934,73.23301496799999,2,1,13.998418457403368,2,1.0003331805831766,0,0.0,0
8935,33.67255130593303,3,6,15.585058343567443,7,0.9998662132907028,0,0.0,0
8936,41.21242723473529,3,1,15.487008743776002,7,0.9987918077664195,0,0.0,0
8937,42.188074235419805,2,6,12.007436158702848,5,0.40205582256245814,0,0.0,0
8938,56.98135711795139,2,2,14.970043270803451,7,0.29763214332920596,0,0.0,0
8939,56.94262856891029,0,3,8.875770744504909,0,0.999657980660176,0,0.0,0
8940,56.48965566494367,0,3,17.219815368474073,4,0.999839330374554,0,0.0,0
8941,25.54762230840922,1,6,3.1239976480064584,6,0.5291585978800456,0,0.0,0
8942,32.574115922175025,2,3,1.1031640868007528,7,0.999760718807243,0,0.0,0
8943,26.37705927713319,2,2,11.329412710470844,4,0.4016515984714073,0,0.0,0
8944,40.6983590290568,2,1,9.04182915109996,3,0.4988527113290844,0,0.0,0
8945,35.885929887799506,5,6,17.830549381635585,3,0.5202196188130902,0,0.0,0
8946,45.178992225128084,5,5,5.123839296461413,3,0.9997356584559882,0,0.0,0
8947,71.13838537271661,3,6,10.386371763442623,7,1.1115894909793895,0,0.0,0
8948,37.19361327117557,3,2,10.34328966730752,7,1.0001435583082023,0,0.0,0
8949,35.42180290636362,4,2,8.325597792533229,7,1.000298140739552,0,0.0,0
8950,28.7940671108853,3,1,14.776142934401268,7,1.0002574253045324,0,0.0,0
8951,30.34378318201462,4,4,7.339703456451858,2,0.3218321170410134,0,0.0,0
8952,32.505764848443846,2,5,4.609137862079263,5,1.0340460594597236,0,0.0,0
8953,56.01780572657037,3,5,15.620522705747284,0,0.999487914530333,0,0.0,0
8954,23.164174187723788,2,3,10.037107958761833,3,0.0,0,0.0,0
8955,42.39013352087787,2,1,0.7244134478852935,4,0.24820622682289728,0,0.0,0
8956,34.948334431624936,3,3,4.292052915106907,2,0.492986042559709,0,0.0,0
8957,45.786685159350554,3,2,6.412864697499473,3,0.29125070729434355,0,0.0,0
8958,28.856434466469658,2,4,16.03674199822365,6,0.9823430435899028,0,0.0,0
8959,52.11577790600097,3,4,2.9061904835049397,2,0.2616500959138073,0,0.0,0
8960,45.25994100410498,1,2,16.97748215029373,6,0.38282019622975216,0,0.0,0
8961,38.76198210757615,3,5,20.00957498127068,1,0.4461833884931928,0,0.0,0
8962,37.22286803213559,1,3,0.5006563078160156,7,1.0000113359716662,0,0.0,0
8963,28.862196667950606,0,1,16.0479849232839,7,0.9894441566045653,0,0.0,0
8964,55.9233561455148,3,7,20.778335538321244,7,0.9998034758302221,0,0.0,0
8965,26.037993238039146,4,6,0.0,7,1.000177501460186,0,0.0,0
8966,35.6863280991302,3,3,9.00447246704919,7,0.6696369431908266,0,0.0,0
8967,38.56819615047091,2,1,6.57669715758758,1,0.9557607821229978,0,0.0,0
8968,36.8033430054053,3,2,14.204886175296904,7,0.9998078242456054,0,0.0,0
8969,23.43476887560027,3,2,9.377509675409021,3,0.38044666032693236,0,0.0,0
8970,56.21286619217617,3,3,10.016877935247273,7,0.9999678511553631,0,0.0,0
8971,10.286783070140558,4,6,11.002247745248315,3,1.0001358995876966,0,0.0,0
8972,52.96352671594437,3,3,15.442211863421967,3,0.9992737001856036,0,0.0,0
8973,62.837805085857156,4,2,14.010989026978365,4,0.0,0,0.0,0
8974,65.1720384331337,4,4,7.385817338739124,6,0.0,0,0.0,0
8975,34.122203433571165,6,1,6.630060125012351,2,0.6285167686330546,0,0.0,0
8976,57.412796151533236,3,3,14.976266964101276,7,1.000129692500681,0,0.0,0
8977,39.69582239575386,3,3,21.746631585640557,7,0.9999368080438262,0,0.0,0
8978,31.5414423149672,2,6,8.153990514875614,2,0.5128415791068494,0,0.0,0
8979,3.7954666027445754,5,6,8.360993428804994,5,1.0003975356338852,0,0.0,0
8980,47.540389802255234,3,6,15.790329194348192,2,1.0000294011022184,0,0.0,0
8981,28.56501789394177,2,5,12.695376352818384,0,0.9997942794584321,0,0.0,0
8982,45.15004807037925,3,5,0.5896574782460391,2,0.0,0,0.0,0
8983,53.94625717228907,2,6,17.95715568720238,7,0.9997681334484098,0,0.0,0
8984,25.853775909007307,2,2,4.140846292419631,7,0.2228069751761294,0,0.0,0
8985,28.8113420476326,4,5,6.910836895747797,4,0.4991414812348984,0,0.0,0
8986,43.239735776658364,4,2,7.818059825530883,7,1.0002945225120208,0,0.0,0
8987,25.69859439535797,2,7,6.638188398262615,6,0.5178587060042135,0,0.0,0
8988,41.3785526490678,3,5,16.76837703380982,7,1.0003161308403414,0,0.0,0
8989,43.57544868966597,3,3,15.06435682644681,1,0.9970083615898286,0,0.0,0
8990,61.82611921966836,0,3,12.565431702862583,3,0.4996755160959284,0,0.0,0
8991,44.38170599472748,2,3,19.99057765538192,7,0.9596214978056665,0,0.0,0
8992,39.658679606986475,3,4,19.992754080314352,3,0.99983942519995,0,0.0,0
8993,43.39647548215265,1,6,22.8492868344768,4,0.5936786116049074,0,0.0,0
8994,54.01919689123616,4,1,18.941476488744385,1,0.9999109953971731,0,0.0,0
8995,50.979451987178514,3,4,16.048035904092202,7,0.9411294016464705,0,0.0,0
8996,31.977003843950527,4,2,5.793879130076621,1,0.43928511207677173,0,0.0,0
8997,33.94126207199839,3,1,8.619614224658083,7,1.0004227537942227,0,0.0,0
8998,33.567328467448434,5,6,16.90539928891101,4,0.9997669613380601,0,0.0,0
8999,22.281041977357418,5,2,20.00586863968787,1,0.0,0,0.0,0
9000,38.91340600141223,3,5,15.509277424393876,3,0.9998974559974392,0,0.0,0
9001,35.99959224793251,2,3,0.0,7,0.763801450381051,0,0.0,0
9002,15.139380658167692,5,5,16.199186331613493,1,0.15756009926938164,0,0.0,0
9003,51.98260645621036,3,7,12.58861998676092,5,0.48291303739473057,0,0.0,0
9004,52.025413415745945,6,3,10.542260350911295,2,0.46062773529794043,0,0.0,0
9005,55.34404611661244,4,3,25.630463223569762,3,0.3985823320700673,0,0.0,0
9006,21.65217964352595,2,6,13.337564353665133,2,0.33854949575694104,0,0.0,0
9007,51.64449250671148,2,1,0.0,7,0.8040537896752334,0,0.0,0
9008,66.9187295522669,3,6,11.148885595451478,2,1.0000893847316104,0,0.0,0
9009,47.71143071478231,4,1,3.2068875694093917,2,0.9995509649168027,0,0.0,0
9010,58.72352478645887,4,6,8.595676459933747,7,1.000266738737617,0,0.0,0
9011,50.38883631328575,4,3,11.9602928038,5,0.9997408101336771,0,0.0,0
9012,46.759870120342846,5,1,12.049057409127348,2,1.0002301262156867,0,0.0,0
9013,24.74212996099398,3,6,19.188709308915094,3,0.9997813094746235,0,0.0,0
9014,36.538565738247,1,3,14.706620592481656,3,0.5098415556360292,0,0.0,0
9015,31.017191285684717,4,2,16.69385946280952,7,1.0002986209870102,0,0.0,0
9016,40.461770302531846,6,1,16.88909228225696,0,0.6593006260544951,0,0.0,0
9017,48.059688766103825,3,3,17.742691767116764,7,0.9679751558727469,0,0.0,0
9018,36.35899193029125,5,6,13.331636799685187,6,1.1698599057322738,0,0.0,0
9019,46.698588492370035,3,4,13.161125665304228,7,0.8951036391676449,0,0.0,0
9020,42.41116374610686,0,2,10.157409289890847,7,0.8506001910444965,0,0.0,0
9021,27.7608592826046,1,3,13.322126821012642,5,0.5037925462199714,0,0.0,0
9022,37.93634676565071,4,6,17.754821367740377,6,0.6314503908683247,0,0.0,0
9023,45.41079355549792,0,3,1.105825363423122,7,0.5418723883931129,0,0.0,0
9024,36.219003535741926,4,3,7.220525806928997,7,0.573906038371193,0,0.0,0
9025,42.962736810154425,2,6,17.367709117489547,3,0.6551767831336456,0,0.0,0
9026,30.38936312892949,4,7,11.44927105225597,7,0.2205888029860814,0,0.0,0
9027,59.25546744240871,5,1,7.45799475150689,7,0.9744116466236246,0,0.0,0
9028,47.297857265646336,3,5,17.976241272279953,3,0.45379729964642446,0,0.0,0
9029,22.55662400112824,1,6,19.225068148712694,6,0.46661361634620335,0,0.0,0
9030,52.08477209480792,3,4,9.652708860467564,4,0.999712528675025,0,0.0,0
9031,72.46415098587595,4,4,20.002959288544233,1,0.5321984961069766,0,0.0,0
9032,33.350797997882864,4,6,19.999825292841027,1,0.5358734295095597,0,0.0,0
9033,40.36380676674498,3,2,0.0,4,0.9999206811047856,0,0.0,0
9034,26.380006831141394,3,1,5.5685191164383125,6,1.0001037972856597,0,0.0,0
9035,44.55944603515852,4,3,13.228518152502257,1,0.9998104867750665,0,0.0,0
9036,53.609348189513774,2,6,14.548550652776477,3,0.4625524356258095,0,0.0,0
9037,49.203265465670725,5,2,19.789155819754036,4,0.9826892883663285,0,0.0,0
9038,41.68821289676055,4,3,9.16545907178255,5,0.9189597221600362,0,0.0,0
9039,50.04075980160107,2,6,8.423202947292246,5,0.9998272152207035,0,0.0,0
9040,42.46088267786632,3,4,8.090095214720114,7,0.07389573221941281,0,0.0,0
9041,27.86775481066396,3,5,14.760817493525792,2,1.0001739609804945,0,0.0,0
9042,56.391788572742655,1,6,7.861143782059486,7,0.9995502026867341,0,0.0,0
9043,42.04928709341195,4,4,1.083820901993418,4,1.0004513235534802,0,0.0,0
9044,40.1560585134375,3,1,15.86426378587791,4,0.9995398604484347,0,0.0,0
9045,60.03431798348242,3,3,20.009299078316783,6,0.4718776589848974,0,0.0,0
9046,12.170970930199491,2,1,4.798420126903192,0,0.4118788323575061,0,0.0,0
9047,42.657589122634285,2,6,21.61792394823641,7,0.5983132039667554,0,0.0,0
9048,58.449267900381315,2,3,18.81023894803286,3,0.7150484947077128,0,0.0,0
9049,43.91423150613602,3,6,16.153867878958458,4,1.0003379819923515,0,0.0,0
9050,45.13655437356787,1,2,14.211008434020371,6,0.3081580127244472,0,0.0,0
9051,60.89423455472677,3,4,20.002315936406077,7,0.7900989546191999,0,0.0,0
9052,23.043433364638442,5,6,9.168222966450353,3,0.11714667707265258,0,0.0,0
9053,35.1229160958283,1,3,7.521150330003343,7,0.3005670195201032,0,0.0,0
9054,39.373304714043904,2,5,16.890239352837224,2,0.0,0,0.0,0
9055,32.29244586972567,3,3,12.455974305593049,4,1.0002337964901513,0,0.0,0
9056,45.2050546894438,4,2,6.464001477020601,7,0.31475789235298396,0,0.0,0
9057,17.51188398911073,4,2,8.780122179664254,1,0.9992802290364511,0,0.0,0
9058,44.52139849097258,5,1,10.470165246151023,4,0.5008362847977468,0,0.0,0
9059,24.69515872129044,2,6,5.4718029299876205,3,0.9997205341781954,0,0.0,0
9060,45.18327240820976,3,4,14.376261672892458,7,0.9753482503082078,0,0.0,0
9061,71.45204300830825,2,3,15.398265115020397,7,0.9998331114204921,0,0.0,0
9062,38.948820009830634,2,4,27.42830605370865,4,0.49631171942522734,0,0.0,0
9063,53.3293110999547,2,2,17.65018330647043,2,0.6634792763425109,0,0.0,0
9064,27.40979789515645,3,7,14.438367506351513,2,1.000030900132201,0,0.0,0
9065,27.92087140479635,0,3,6.267741056918003,3,0.41052195828640003,0,0.0,0
9066,43.1672795275643,2,1,19.997139771236625,3,0.46260572717476817,0,0.0,0
9067,22.222830844154288,4,6,10.623826791193082,3,0.0,0,0.0,0
9068,48.35127413762808,3,4,17.348265912860317,1,0.9996190261430378,0,0.0,0
9069,44.67550716482946,1,6,12.01652532017398,7,0.9997566143482389,0,0.0,0
9070,67.07994231490186,3,4,2.9594557935620074,6,0.9998173664512088,0,0.0,0
9071,20.313433695765426,3,6,18.91351815544259,2,0.0,0,0.0,0
9072,51.90444324666246,3,6,14.40004420113635,2,0.3256659563447756,0,0.0,0
9073,38.99850751996208,3,3,0.0,6,1.0001167237790254,0,0.0,0
9074,52.93487506095916,3,4,19.990556163542568,1,1.0243661810093565,0,0.0,0
9075,49.66313581223721,4,2,9.578393852794818,7,0.49951131733304277,0,0.0,0
9076,50.79773325458317,5,1,0.0,5,0.9825511646665754,0,0.0,0
9077,35.39407513366731,3,4,0.0,7,0.2476145021476968,0,0.0,0
9078,50.83297966345885,3,6,14.848111434073296,1,0.5278604522284994,0,0.0,0
9079,55.695413518920105,3,4,17.069844764856697,2,0.9998470700717261,0,0.0,0
9080,51.7895428129499,3,3,0.3714112579340245,5,0.7762829277684661,0,0.0,0
9081,46.3150039591591,3,4,15.500822735632315,1,0.9997917906289981,0,0.0,0
9082,32.898474581376405,4,4,12.910358167551674,6,0.9794791920507228,0,0.0,0
9083,68.97195258964527,1,4,19.993077755629884,1,1.000032961895327,0,0.0,0
9084,50.13126154242984,3,6,3.9791435391082794,7,0.5541949887765506,0,0.0,0
9085,17.48552583791503,4,4,9.700385192628826,1,0.9998568733691924,0,0.0,0
9086,48.41064770508314,3,3,9.361189441588609,7,0.3398946732162391,0,0.0,0
9087,48.31066350626179,6,6,11.976632418517074,2,0.0,0,0.0,0
9088,48.54904264842079,2,1,11.457168744695215,3,0.4431119202651338,0,0.0,0
9089,49.76067270018511,3,4,19.995052467207323,1,0.9999498554144779,0,0.0,0
9090,44.299595228688204,3,3,6.610924674645607,2,1.0005124683273006,0,0.0,0
9091,21.946811677745163,2,3,0.330388345337326,4,0.9386638224436006,0,0.0,0
9092,40.51556634208924,2,2,11.474700013450663,1,0.9996223339931714,0,0.0,0
9093,31.532965132492595,2,3,14.08034939944471,3,0.49881089732236583,0,0.0,0
9094,66.27479679384476,1,3,11.680073690198094,2,0.5856405943818618,0,0.0,0
9095,45.8280132252422,3,4,15.651328333937872,6,0.561369243809851,0,0.0,0
9096,40.25118128554169,4,3,16.723337091169327,1,0.999881074868444,0,0.0,0
9097,36.50925660270875,4,3,9.247374284088465,2,0.18635187620317994,0,0.0,0
9098,27.74243933751688,5,2,11.036194267356867,4,0.4126242110059047,0,0.0,0
9099,49.78901017027355,2,6,18.932394631164268,5,0.0889904432293177,0,0.0,0
9100,44.781179050033714,4,1,19.368644403067314,2,1.0002695757965214,0,0.0,0
9101,47.76880882449106,3,6,12.16317013960014,0,0.24951761524640453,0,0.0,0
9102,23.26802070599497,6,2,4.602178283584363,2,0.0,0,0.0,0
9103,52.44215298028127,2,3,7.349402321114843,1,0.5009388096664863,0,0.0,0
9104,20.735002759634444,4,3,12.200028550437997,2,0.45114404736009484,1,12487.670719054298,1
9105,54.231540432190826,3,2,13.951187400725,2,0.9998805427675861,0,0.0,0
9106,39.97005731109552,2,2,20.659829959259504,7,0.700252115315958,0,0.0,0
9107,27.311508012381136,4,2,10.37376221736881,5,0.44321391166741764,0,0.0,0
9108,42.60745422647681,3,6,10.813002627138959,0,0.35874404185983266,0,0.0,0
9109,51.444519082547856,2,1,13.008368408199946,2,0.5015317226413617,0,0.0,0
9110,51.13765237520719,3,3,8.75370809290621,3,0.9996202985770815,0,0.0,0
9111,33.10730011416432,2,3,12.644727105674736,3,0.5405974596406217,0,0.0,0
9112,66.85735057573025,3,2,16.469053710359905,5,0.966240369418557,0,0.0,0
9113,54.17107459897232,3,1,4.185828224930969,4,0.5228597838068801,0,0.0,0
9114,50.41070294477325,2,1,14.361125776436864,2,0.27033627140197214,0,0.0,0
9115,42.04446056665416,3,1,12.502874352195894,7,0.957865918442592,0,0.0,0
9116,35.929015472577596,3,4,20.009313515192844,1,0.15395904032407615,0,0.0,0
9117,36.16652967181595,3,2,0.9077414250006459,2,0.2042993977010309,0,0.0,0
9118,52.26593178022426,3,3,17.319504427396538,1,0.9997781030800938,0,0.0,0
9119,35.5715556618722,2,1,20.005046737642196,4,0.8353485130032381,0,0.0,0
9120,29.09244845570675,0,3,7.831831443850316,4,0.26228370043933313,0,0.0,0
9121,23.0143718911076,3,4,5.352738107034695,3,0.9998598797404292,0,0.0,0
9122,55.44195536060806,2,6,25.21927787824287,7,0.5053249414099612,0,0.0,0
9123,50.863385757440184,1,1,14.205908177918259,5,0.9513786175103889,0,0.0,0
9124,56.37272742114604,2,4,19.994764423841836,7,0.9995200888557974,0,0.0,0
9125,43.63664861816872,2,1,3.385969964531946,7,0.9011623513898727,0,0.0,0
9126,43.06200803235981,3,3,16.15532777326469,3,0.3428983781095264,0,0.0,0
9127,34.60078493654052,2,2,14.505836768346924,1,0.686871696574999,0,0.0,0
9128,17.840074711297436,1,1,12.67475394349828,4,0.44090044867863565,0,0.0,0
9129,28.675495799327926,2,1,11.937447156867005,3,0.0,0,0.0,0
9130,46.89311079533196,4,6,12.504198359433868,7,1.000064523200998,0,0.0,0
9131,33.52790492331892,4,2,3.9540808767753655,7,0.999604926809978,0,0.0,0
9132,35.660144067462404,2,2,1.2032564156429224,7,0.9505245901248911,0,0.0,0
9133,44.17914354976081,5,3,6.856954501939893,2,0.999612314897076,0,0.0,0
9134,31.59351426381405,3,6,18.797515120704446,2,0.850132604121717,0,0.0,0
9135,56.6263041100126,4,3,2.3105962313518145,7,1.0001314186979609,0,0.0,0
9136,43.666415958686244,3,2,15.850533141115537,2,0.35358240642678546,0,0.0,0
9137,44.809494248585054,3,6,12.326095139049022,7,1.0000196444468412,0,0.0,0
9138,38.31975428508803,4,2,6.118222107937358,7,0.4113916146805043,0,0.0,0
9139,51.15744508764179,3,2,10.730460175513633,5,1.000090259221995,0,0.0,0
9140,39.93340562940118,3,1,15.220472253544708,1,1.0000407095683352,0,0.0,0
9141,22.642844748725377,3,1,11.127135453559829,4,1.0003745919003715,0,0.0,0
9142,51.0754155995845,4,2,16.763855411965608,6,1.0000768293100035,0,0.0,0
9143,27.908981784929395,2,1,11.422222007347852,0,0.05297769124754592,0,0.0,0
9144,34.37959844878201,3,6,19.689158562145217,4,1.0001324084208716,0,0.0,0
9145,44.24005208003895,4,2,9.371765128676984,6,0.5083549325458777,0,0.0,0
9146,35.65156625302388,1,1,10.825606883373059,3,0.4984517488621194,0,0.0,0
9147,28.517194748629702,2,5,0.0,2,0.0022368618008079544,0,0.0,0
9148,44.44522191757265,3,3,5.73820242671601,1,0.23202182710073227,0,0.0,0
9149,31.669889980674494,4,0,20.004062894890957,1,1.0005798599661093,0,0.0,0
9150,52.54762647575065,4,1,0.33423396257285276,7,0.49424340206588324,0,0.0,0
9151,40.4475481238507,2,6,16.480781160571674,5,0.9998664831849255,0,0.0,0
9152,67.52493179719269,6,3,20.097131786368415,7,1.1269794261626893,0,0.0,0
9153,38.30038877585048,3,1,13.515418476734553,4,0.5012387825248082,0,0.0,0
9154,63.40838793335757,4,3,10.641377505556868,7,1.0003476906287825,0,0.0,0
9155,24.550825400598157,3,2,11.405646312329488,4,0.15131963562926665,0,0.0,0
9156,41.7680087738881,4,2,9.208748036692896,1,0.1200115937133781,0,0.0,0
9157,68.1403007558043,3,2,10.941546121768999,7,0.8633965179572152,0,0.0,0
9158,28.35648279178671,1,2,9.092073553093115,4,0.029836212634435144,0,0.0,0
9159,32.611048023053456,3,3,7.381286913472284,4,0.0,0,0.0,0
9160,48.914466755156496,4,6,17.14943025397093,7,0.9999223693675103,0,0.0,0
9161,48.628459371624125,4,6,10.190008573634849,7,0.9147028414272611,0,0.0,0
9162,35.682139760420014,3,3,20.00248136909879,3,0.24690101922155688,0,0.0,0
9163,43.997285468023925,2,2,18.324721326395714,4,0.2875477683599656,0,0.0,0
9164,24.83829493740687,0,1,16.557042608344616,4,0.9996262700953791,0,0.0,0
9165,46.92089591566128,3,1,16.266689937954254,5,0.9999732975981297,0,0.0,0
9166,35.453988624002186,3,6,8.95003490174977,7,0.9999804533222747,0,0.0,0
9167,22.457086236761153,1,1,14.25794224536784,3,0.9996029640307817,0,0.0,0
9168,27.915799889755476,3,2,14.205028908485428,1,0.24190257387533398,0,0.0,0
9169,51.23957633574799,2,3,7.75282719632726,2,0.9992130767099417,0,0.0,0
9170,23.23894990302944,6,2,7.280143064724521,1,0.6916277944820718,0,0.0,0
9171,44.970422021673784,5,1,16.186925718154185,2,0.8405125541878933,0,0.0,0
9172,36.84227719786237,2,3,2.8786375872088374,1,0.928819881639081,0,0.0,0
9173,50.27263781446722,4,4,7.31856370665419,7,0.9798844254052668,0,0.0,0
9174,33.1395161276156,3,6,13.078373034409175,6,0.3927810854225526,0,0.0,0
9175,46.51663334321518,5,2,8.772641875262732,2,0.3975597690887073,0,0.0,0
9176,63.36150537582171,3,2,13.638299259703484,5,0.9997215941243516,0,0.0,0
9177,20.844458612127266,4,1,9.94583353334234,1,0.19604994651943342,0,0.0,0
9178,35.68271397380838,1,3,4.289894197732514,3,0.5845417192208788,0,0.0,0
9179,43.700645575817184,2,6,15.340976306972234,0,0.3727504112007361,0,0.0,0
9180,47.30964449563239,3,2,10.344725576124105,6,1.0001377195395236,0,0.0,0
9181,58.713195581473876,3,1,13.357828242024272,5,0.999804959338102,0,0.0,0
9182,21.293233638078874,0,3,21.36745631231973,2,0.37176662506240205,0,0.0,0
9183,19.10334243066383,3,2,17.160963042648213,1,0.6131089520448927,0,0.0,0
9184,58.31601774356764,2,3,5.265015173013866,2,0.9816159220752824,0,0.0,0
9185,49.46914727045546,4,2,9.346264912849893,3,0.9506908332331625,0,0.0,0
9186,31.83428332590369,3,6,17.132105129653432,3,1.0002703769506756,0,0.0,0
9187,40.02125131181986,3,2,8.511554057559014,7,1.0006312097925754,0,0.0,0
9188,51.09426457943026,2,6,15.248625649603394,3,0.9996344558868074,0,0.0,0
9189,34.815386074033995,3,1,12.298461160455702,0,0.43121239003764483,0,0.0,0
9190,27.678342186205782,3,3,17.631335142049917,1,0.0,0,0.0,0
9191,44.34794525714556,2,5,18.750797512176447,3,0.503905146850995,0,0.0,0
9192,40.48137913680623,2,3,0.929422609976843,3,0.5269309121642685,0,0.0,0
9193,41.31404714159663,2,3,19.520440101558947,7,1.000264304775334,0,0.0,0
9194,46.10454064243443,3,1,28.5464297041048,5,1.0001622459588169,0,0.0,0
9195,45.83050744741167,4,5,7.732942335658272,7,0.9998898878633535,0,0.0,0
9196,46.14364338302603,4,3,16.585364040164194,7,0.4152244395262015,0,0.0,0
9197,44.490678214906616,3,6,11.406565807339096,3,0.860085489975793,0,0.0,0
9198,51.71468280764698,2,1,0.7389427975990657,3,0.9262080024926269,0,0.0,0
9199,50.17548099877241,3,3,1.638884713754221,7,1.0000112844703815,0,0.0,0
9200,46.42827302839032,4,6,12.03932519843251,7,0.7034074233985309,0,0.0,0
9201,50.295578158281245,3,3,12.005053770942256,6,1.000434057915181,0,0.0,0
9202,42.54048582812484,2,4,10.096753643048029,4,0.5494970321816928,0,0.0,0
9203,43.218945109478945,0,1,10.325767483939117,7,0.5989798522498297,0,0.0,0
9204,56.94942032065133,3,6,6.010533524081639,7,0.5418035479528583,0,0.0,0
9205,57.31583182614584,2,2,11.395234516628628,7,0.9998373264334908,0,0.0,0
9206,49.2552897432592,4,3,7.345265395686692,6,0.6346229441734477,0,0.0,0
9207,11.41751308725878,1,3,4.753310543828903,0,0.4726510245756463,0,0.0,0
9208,41.29427080811815,4,2,10.915768486104843,2,0.0,0,0.0,0
9209,37.41103437761692,3,1,16.539693063284595,1,0.9998539462389486,0,0.0,0
9210,42.95239369783543,3,1,11.974934208149199,5,1.0002361995501796,0,0.0,0
9211,64.48175133252876,2,4,19.99883809341043,4,1.000102477627066,0,0.0,0
9212,19.758417865308214,3,3,11.90568233375411,3,0.171630087209108,0,0.0,0
9213,38.278611744889716,2,2,1.2037003975635994,6,0.22845426103659966,0,0.0,0
9214,58.477452698489145,2,1,6.01209879832614,7,1.013612950203513,0,0.0,0
9215,25.4046462431066,2,1,15.33903992136296,4,0.4991502941872258,0,0.0,0
9216,46.36293637165908,4,1,7.986637562912102,7,0.990020614266985,0,0.0,0
9217,40.56205112138866,3,1,14.017266279774223,5,0.9999782803458609,0,0.0,0
9218,43.96725844836632,3,2,9.660181244344045,1,0.6079658878133668,0,0.0,0
9219,39.45687170192787,3,1,6.5703160164838605,5,0.599308304305457,0,0.0,0
9220,57.80225498404263,3,4,20.76309753832129,7,0.9417641160815592,0,0.0,0
9221,62.64696431745223,4,3,12.01384269962098,4,0.99994820917094,0,0.0,0
9222,38.2717343273397,4,2,10.652020469674303,1,0.9997781382491738,0,0.0,0
9223,31.47724771676554,2,1,20.018381560754047,3,0.5656267542321167,0,0.0,0
9224,37.894837034718456,2,1,7.691711131911099,7,0.9996734432543417,0,0.0,0
9225,21.15571373883813,3,1,12.347687757152256,5,0.5023731952033385,0,0.0,0
9226,50.733873592636414,3,1,18.1592465186045,7,0.9746277117468873,0,0.0,0
9227,73.16023664648104,3,4,16.63041639227211,7,0.8004523269220466,0,0.0,0
9228,45.54426806499397,4,6,8.854462634556334,2,0.4305248139702911,0,0.0,0
9229,58.562128012224264,3,3,0.7583959477116409,2,0.999869474613744,0,0.0,0
9230,46.93147117332088,1,6,17.195087836404532,3,0.3394651082585913,0,0.0,0
9231,21.212954250106275,4,3,15.303410622058156,1,0.6274695047357063,0,0.0,0
9232,36.75268740000059,0,3,2.9550751965943345,6,0.5006578894029496,0,0.0,0
9233,47.41685806098125,4,3,13.182514957753682,7,1.0005194933747918,0,0.0,0
9234,33.45681510262087,1,3,14.72902894715851,3,0.6113619802475999,0,0.0,0
9235,26.173997487104412,4,3,14.102548815188138,3,0.9240009152989582,0,0.0,0
9236,54.084719734172054,5,1,11.064919701793356,7,0.9565837888380604,0,0.0,0
9237,23.859762883632502,3,3,16.238970099406856,1,1.0001945103077785,0,0.0,0
9238,32.78217007846808,1,2,13.392924056393534,2,0.13201038794479092,0,0.0,0
9239,23.88874642771662,1,4,14.653561967857238,5,0.16193954467652338,0,0.0,0
9240,41.72818874003301,4,4,15.819613262302855,6,0.2878110582186843,0,0.0,0
9241,23.152079081493984,2,4,12.993788145321162,2,0.46787541890838735,0,0.0,0
9242,16.908476786634182,2,3,20.123920971113385,1,0.16853115547280073,0,0.0,0
9243,12.871042574897402,2,6,17.540560092864965,3,0.999943976085681,0,0.0,0
9244,26.225656730177448,4,6,8.267873042012953,3,0.4113912193055826,0,0.0,0
9245,38.418053882526,5,3,7.031328489334379,1,0.9997737363225678,0,0.0,0
9246,43.973097843781936,2,6,18.30009299954441,7,1.000293571549767,0,0.0,0
9247,41.937217262667964,4,4,20.001661299903343,1,1.0002354303876089,0,0.0,0
9248,59.55160614870023,5,6,15.582451273772413,3,0.5928036594948319,0,0.0,0
9249,21.385195355561425,4,3,19.41233725583582,6,0.6796176975964608,0,0.0,0
9250,39.358159464375454,4,5,12.20978188042149,1,0.9676078165445474,0,0.0,0
9251,37.36611703042102,0,1,15.217474395703679,7,0.9822131019841471,0,0.0,0
9252,39.090519380243286,2,6,15.03619511695108,1,0.19496238636194568,0,0.0,0
9253,49.133354712131336,3,3,2.1397607336253497,3,1.0002101687533298,0,0.0,0
9254,33.50977614869933,2,3,9.950683479815227,4,0.9275106170983336,0,0.0,0
9255,51.982875070987646,5,6,16.6203882680574,2,0.9996386368569252,0,0.0,0
9256,31.11072804521578,4,3,7.431885023162238,7,1.0000037443785714,0,0.0,0
9257,49.4571344329935,4,5,9.731336766209017,4,0.5043079116151985,0,0.0,0
9258,33.492038558860514,4,1,13.6760797506651,7,0.140847489197799,0,0.0,0
9259,37.05152609456735,5,6,16.363578636215475,1,0.9618771903878609,0,0.0,0
9260,28.03089265660934,1,7,1.6117080974046996,8,0.0,0,0.0,0
9261,42.134496236038096,4,5,19.99382873548444,1,0.6610979029716437,0,0.0,0
9262,29.811090679009656,3,2,12.59182481401625,3,0.9998960068851342,0,0.0,0
9263,32.8104336554707,5,5,10.642159189169927,1,0.9611562835697223,0,0.0,0
9264,25.491662649274556,6,6,8.727868663448403,7,0.3567220462930583,0,0.0,0
9265,37.17301821409012,5,1,20.000843516353903,2,1.113433265883007,0,0.0,0
9266,27.80207812275485,2,6,11.658546641487245,3,1.0004569727054708,0,0.0,0
9267,50.247589485057716,7,6,4.964990940884843,7,0.6175172641939125,0,0.0,0
9268,54.83171993993973,4,4,19.99445359512537,2,1.0007626234842824,0,0.0,0
9269,29.974000548395377,2,1,14.322969773080567,0,0.5690612519768015,0,0.0,0
9270,73.18616377195845,4,6,18.033594819218383,1,0.9573313779154999,0,0.0,0
9271,55.60629687932166,2,4,15.953581207296693,7,0.9995995041487189,0,0.0,0
9272,51.70544924407524,2,6,0.8630147090460358,7,1.0001626694419932,0,0.0,0
9273,38.841426340620565,3,5,12.541083371756574,4,0.4954496649700321,0,0.0,0
9274,27.912779532404812,1,2,12.248302045244154,1,0.23961101107804184,0,0.0,0
9275,32.843663572592114,2,3,1.429241484936389,5,0.15009243821677642,0,0.0,0
9276,38.045341925956166,2,3,21.135198189560636,7,1.000091713272424,0,0.0,0
9277,25.686899579316602,3,6,12.049331893270649,4,0.38473012843454635,0,0.0,0
9278,43.47952213638417,4,1,15.968774721058123,5,0.9474580773530519,0,0.0,0
9279,58.0621003937107,4,3,13.56162013008218,6,0.23301385968164806,0,0.0,0
9280,50.83610120684588,3,7,9.059460207884506,7,0.02914921988632002,0,0.0,0
9281,62.05841767345271,1,3,10.888978879660808,3,0.9996990960592252,0,0.0,0
9282,14.164263652938132,2,6,23.451249612465283,4,0.9999533607038682,0,0.0,0
9283,22.343809404551944,3,6,7.7852369989435,7,0.3988889956230819,0,0.0,0
9284,47.063905811055825,2,6,9.519423676547524,4,0.6942646018314892,0,0.0,0
9285,51.86021905926389,4,4,9.198912855437332,7,0.4359341582510762,0,0.0,0
9286,46.21661508539139,4,3,0.0,7,1.0001276789958133,0,0.0,0
9287,33.01466910010229,3,3,19.985619958441966,3,0.49952315169228917,0,0.0,0
9288,43.10238133953075,4,3,5.6816770674899075,7,1.296925300916238,0,0.0,0
9289,57.9306263485836,3,4,20.000129221097655,1,1.061082451963587,0,0.0,0
9290,32.197016019586734,4,7,2.15779116695977,9,1.4414233472481719e-05,0,0.0,0
9291,34.02887816742369,6,1,6.648023265175268,7,0.46056257142153467,0,0.0,0
9292,58.03230773473169,1,5,5.587602308731754,0,0.5707098804320525,0,0.0,0
9293,50.73669451695789,4,2,10.580427665106823,7,0.999501872672602,0,0.0,0
9294,54.94515432878588,4,3,0.9637224522072234,4,0.22748541134797878,0,0.0,0
9295,51.00075855992819,2,6,20.00801486829439,1,1.0001368308378396,0,0.0,0
9296,55.9998158024752,4,4,17.475673361339414,1,1.0184636699621155,0,0.0,0
9297,50.65882475026314,4,1,8.578096581367008,3,0.2134029439295152,0,0.0,0
9298,60.05770092404523,3,6,3.924369828147828,6,0.25923762882017,0,0.0,0
9299,30.790167596370495,4,5,19.999754488928247,1,0.2872344021707396,0,0.0,0
9300,50.944934667636694,3,2,15.25897505366991,3,0.9996382894198159,0,0.0,0
9301,42.57514191029684,3,5,19.992310188548963,1,0.9999583338380864,0,0.0,0
9302,61.452303497685165,4,3,13.707485094442148,7,0.9997272894102607,0,0.0,0
9303,34.86533205102408,5,4,18.007420749507695,6,0.05988109543532638,0,0.0,0
9304,35.60534648529273,3,6,12.672803607439834,7,0.9997275577852452,0,0.0,0
9305,22.81733808594264,3,1,12.70432504171037,2,0.31033466260933473,0,0.0,0
9306,54.12810694304153,1,6,8.317101700254291,4,0.44573661525241753,0,0.0,0
9307,44.73797275260695,3,3,19.106430637876315,7,1.0004843892389976,0,0.0,0
9308,55.0436569081823,3,4,20.002784013573212,1,1.5527662344455075,0,0.0,0
9309,36.84851202346275,1,1,8.72884573163981,4,1.0003188008747967,0,0.0,0
9310,35.27341971441536,1,2,6.0081659468387905,6,0.4434488517582864,0,0.0,0
9311,21.541368861779674,4,3,15.941955380491176,1,0.5216305176537089,0,0.0,0
9312,57.50060962886177,3,3,4.983575610045028,2,1.0002769435511227,0,0.0,0
9313,26.06451099522431,4,2,13.807982556022983,1,0.9996561367693491,0,0.0,0
9314,39.177982984782844,2,1,6.585157114200919,4,0.07894363649600578,0,0.0,0
9315,22.611986707928597,4,1,6.336534017895246,2,1.0000522579458344,0,0.0,0
9316,55.97205900589039,4,6,4.8446214227345346,6,0.4417726428666128,0,0.0,0
9317,39.141392827541644,1,2,18.57733801838267,7,1.0000761827062277,0,0.0,0
9318,52.664998704389546,1,3,6.448863694346608,4,1.000100175991972,0,0.0,0
9319,31.45383091969395,3,3,19.996558005413547,1,0.48551525499948633,0,0.0,0
9320,46.34491512972597,4,6,14.031856159824677,1,0.9935542317841439,0,0.0,0
9321,39.6869037422514,6,2,3.6900146099980233,1,0.0,0,0.0,0
9322,51.14968082460165,2,4,19.985845448223735,3,0.5041441169357598,0,0.0,0
9323,40.74433379104608,1,3,15.289558102720694,6,0.36366073565580176,0,0.0,0
9324,29.601372170900476,2,6,4.74119101219526,7,0.3846008069015603,0,0.0,0
9325,51.86999517950437,1,5,11.072716887187577,3,0.33518529663894836,0,0.0,0
9326,28.972066988482965,1,7,2.5460692213480804,4,0.00010169558655803712,0,0.0,0
9327,53.26290549994192,3,3,8.481012837429581,0,0.9999444202564339,0,0.0,0
9328,53.9207474830388,3,4,6.207956348291859,5,0.13186569160641104,0,0.0,0
9329,70.64728632477798,2,3,5.680695921424411,2,0.857771533563796,0,0.0,0
9330,43.668656006835135,3,1,4.808552756807212,1,0.26285602763681903,0,0.0,0
9331,35.28445320114806,4,3,20.005573834631107,1,1.0001218879202232,0,0.0,0
9332,29.665450426457788,1,4,5.442105290583356,1,0.9314274506814184,0,0.0,0
9333,35.584275602934134,2,3,3.675174829929982,5,0.984136111924035,0,0.0,0
9334,34.688945878607015,4,4,0.0,1,1.0054884602752696,0,0.0,0
9335,44.6692160908482,5,3,11.684794270293882,4,0.5014471366050467,0,0.0,0
9336,41.14281235073293,2,3,9.453649004196446,1,1.0002960937823357,0,0.0,0
9337,62.39703668534634,3,2,16.590352714416568,6,0.20926497723450005,0,0.0,0
9338,46.81807733239492,2,1,0.0,0,0.5006338196728448,0,0.0,0
9339,29.158204925762117,2,4,10.175070168273873,7,0.9367240043976482,0,0.0,0
9340,31.779936261609606,2,1,19.989008232729898,2,0.8344916297049236,0,0.0,0
9341,46.17394858239421,5,2,12.940141668356471,7,0.3999958140241408,0,0.0,0
9342,56.205415457645415,4,5,10.00398655981803,1,0.4206995457466836,0,0.0,0
9343,61.5536580659586,2,1,7.865989810533303,3,1.005611362673473,0,0.0,0
9344,62.13823385518304,3,6,2.741272637299801,7,1.0001397881649583,0,0.0,0
9345,50.59570093415218,3,2,14.092651110153096,1,0.9998990360893313,0,0.0,0
9346,48.251257470674375,3,6,8.046122962803494,3,0.9998526972300563,0,0.0,0
9347,35.766025877632586,4,2,12.757743109430901,1,0.4186627283908805,0,0.0,0
9348,24.460579107213615,2,0,9.706565373171133,7,0.9795633368788935,0,0.0,0
9349,62.29039435529444,2,3,2.790025168224812,5,0.38670576045914123,0,0.0,0
9350,39.467941010837094,2,3,19.996744308628145,1,0.999931201088247,0,0.0,0
9351,41.75119472931414,3,5,12.075188161011392,1,0.999652680200916,0,0.0,0
9352,42.108349998181424,6,1,13.942746048007049,7,1.0001115067726811,0,0.0,0
9353,47.49931713033192,4,6,16.431940645108668,7,0.8551813813050159,0,0.0,0
9354,39.64263121837236,3,2,2.8335878710322984,2,0.2521904814022209,0,0.0,0
9355,40.377249479453845,3,6,15.24331471461101,1,0.8426486143318366,0,0.0,0
9356,46.54360295504377,3,5,11.627454176881008,1,0.6439892050412708,0,0.0,0
9357,38.1112170082738,3,4,19.9970406202059,7,0.4221144339358195,0,0.0,0
9358,16.501249109548713,2,3,18.34261605312193,3,0.4429990345857908,0,0.0,0
9359,39.67106861326282,1,1,13.508328247559072,4,0.643051308114958,0,0.0,0
9360,61.0067465171396,3,4,14.962750620370054,5,1.0003753478967237,0,0.0,0
9361,16.413233339747492,0,3,0.0,2,0.5742472763862628,0,0.0,0
9362,56.661974461818346,1,6,9.661457667693004,5,0.6150109732895206,0,0.0,0
9363,28.26527501532219,3,2,1.64664760515128,6,0.5492563242596508,0,0.0,0
9364,50.456152795740856,2,2,0.0,7,0.9993984791118704,0,0.0,0
9365,48.69675941165337,3,4,7.764834832695936,3,0.24697736828829575,0,0.0,0
9366,27.50732671516049,1,3,13.213190053665619,1,0.998874975216437,0,0.0,0
9367,24.96372448293956,1,3,15.63833431104377,2,1.000030200740296,0,0.0,0
9368,24.977749855054363,3,2,0.25392310604327584,4,0.45914128076254246,0,0.0,0
9369,28.743954101277303,6,7,2.4327122187985157,5,0.0002583538100560112,0,0.0,0
9370,38.63067370006646,5,6,18.66076454997455,6,0.5307907929992766,0,0.0,0
9371,47.00416999538966,1,5,10.77120605293059,1,0.9515581769092804,0,0.0,0
9372,30.721412540815976,4,3,2.563097212143502,1,0.42108603125350297,0,0.0,0
9373,49.44912986557819,1,4,12.56678971528055,4,0.7753872388759333,0,0.0,0
9374,40.91880770802804,4,3,11.021669377351783,1,0.9272883691194254,0,0.0,0
9375,41.76636236455709,3,3,1.6424861777365987,1,0.49935735943488996,0,0.0,0
9376,22.08972371326258,3,3,9.616386500929876,1,0.9998325591396807,0,0.0,0
9377,56.638426663329874,4,6,5.208359733219765,7,0.9998516369524895,0,0.0,0
9378,54.36879609579293,4,3,4.258421464472577,3,1.000063266755772,1,141082.57964843605,1
9379,48.63033618228333,4,2,20.0032449986384,1,1.0007845487992684,0,0.0,0
9380,40.283962859716695,1,1,5.8302509608525455,1,0.019131895545041022,0,0.0,0
9381,55.43576639766697,3,6,20.226786316269525,3,1.0003744068159237,0,0.0,0
9382,35.38000562430426,3,2,0.0,7,1.0001939906334119,0,0.0,0
9383,41.18771099340224,4,2,3.0040181664575254,4,0.7726408025900252,0,0.0,0
9384,46.92364561573241,3,2,9.848184132801169,5,0.2721775307866334,0,0.0,0
9385,43.03990311139303,3,3,0.0,4,0.5009224205442837,0,0.0,0
9386,51.42633505886671,3,3,5.615666929034147,0,1.000555424541881,0,0.0,0
9387,34.37043981208858,3,3,17.314291383722228,2,0.9999566682658804,0,0.0,0
9388,47.98509089027009,3,2,19.99302429871664,1,0.6304854194005756,0,0.0,0
9389,55.45130423140799,3,4,6.81971403075208,3,0.13274365272719757,0,0.0,0
9390,43.81595521278768,1,1,19.99886968887712,1,0.6225529386965393,0,0.0,0
9391,54.18736258738195,4,3,16.61566006998187,7,0.4921245972365977,0,0.0,0
9392,16.18824435248479,0,3,7.634668677130014,4,0.5079162435751857,0,0.0,0
9393,39.373262977219646,2,3,16.30305805471039,4,0.9788234529725683,0,0.0,0
9394,23.8069456414254,1,3,5.903754281934912,7,0.1900481568597105,0,0.0,0
9395,46.538796475189365,2,6,16.360646646437836,7,0.5952598856415814,0,0.0,0
9396,27.729791654068443,2,5,11.199664921596794,1,0.6092563810093136,0,0.0,0
9397,53.339673951380334,2,3,12.867448984103214,1,0.5022805455725612,0,0.0,0
9398,29.66689224853203,5,5,19.995807032335357,1,0.3476484333334868,0,0.0,0
9399,37.717723974573744,2,3,8.892996047181608,3,1.0000061012560966,0,0.0,0
9400,30.342076085842756,5,2,17.438652337870504,7,0.2987301314611928,0,0.0,0
9401,26.000375688652298,1,3,1.009646838644029,1,0.8582059975753024,2,276294.8786828586,1
9402,51.20388899821967,3,1,12.308600752425697,3,0.4937658838926099,0,0.0,0
9403,22.969020177461424,4,3,8.355567985257304,7,1.0000465166808679,0,0.0,0
9404,29.527377362314635,3,1,10.24852147047023,2,0.9994576338583352,0,0.0,0
9405,45.900695484310404,3,2,15.786508297823426,2,0.48260685387820856,0,0.0,0
9406,44.98401788352584,3,1,15.290688507819858,3,1.00005973808703,0,0.0,0
9407,48.908177549468405,5,1,2.529495484302588,7,1.0000823174194724,0,0.0,0
9408,25.502927072353877,2,1,11.58438205340683,1,0.6264492044288499,0,0.0,0
9409,55.48138755975934,3,6,10.810194244670704,4,0.7277137675203724,0,0.0,0
9410,50.527036953294086,1,5,1.715302997449733,10,0.41969089459299797,0,0.0,0
9411,24.383325565603357,3,6,2.70773903213321,4,0.9694373933287077,0,0.0,0
9412,25.775432032531373,3,3,6.844048365276586,0,0.9999819493419869,0,0.0,0
9413,36.962385604354985,3,6,13.662447736506945,7,1.0000516157673642,0,0.0,0
9414,57.49837841807867,2,1,16.160177097750303,3,0.47961419067235483,0,0.0,0
9415,51.26505333301262,4,1,13.84380079380461,1,0.6017761307272724,0,0.0,0
9416,19.514130321994188,1,3,3.421968287877813,2,0.12183374287279936,0,0.0,0
9417,48.848745432063296,3,5,20.816278967863983,3,0.9822993509045601,0,0.0,0
9418,22.314863045020203,3,6,8.835483700067229,1,1.0218547608754942,0,0.0,0
9419,52.69329497795872,4,6,9.921784819362127,4,0.5509731479418649,0,0.0,0
9420,56.35376426869943,4,1,13.494450656925675,7,0.5381066024591301,0,0.0,0
9421,50.60819124240957,1,6,0.0,7,0.9997933188298387,0,0.0,0
9422,45.61629274609628,2,6,16.237008728123477,3,1.000131663344132,0,0.0,0
9423,41.14862315487545,2,6,12.732526769016161,7,1.0002849079117122,0,0.0,0
9424,57.11326656886234,3,4,16.62531090517085,2,0.9998417877013226,0,0.0,0
9425,48.98113882179845,2,6,6.402061399236749,3,0.05322347339722999,0,0.0,0
9426,32.29449702371366,2,3,2.554864652921788,6,1.0000237344165392,0,0.0,0
9427,35.06607749153596,4,6,1.4322642665830099,7,0.9995274282850042,0,0.0,0
9428,45.61322269137423,1,5,6.172713027192394,5,0.16586807400041637,0,0.0,0
9429,21.714716909862247,3,4,15.452453666787882,1,0.12064385501593056,0,0.0,0
9430,51.92540312510769,5,3,19.178144140131145,7,1.000350612616237,0,0.0,0
9431,42.58514519690985,2,1,18.831956189600575,2,0.14889179692432164,0,0.0,0
9432,40.271088638572785,3,1,7.9058725716815825,7,1.0000401475700917,0,0.0,0
9433,46.069734364787614,2,3,9.491783906533705,5,1.0000193603067107,0,0.0,0
9434,56.9272798830172,4,3,15.02674523398229,7,0.670488037833851,0,0.0,0
9435,28.509334763026057,3,1,20.00789835481641,4,0.7448015747491106,0,0.0,0
9436,31.730807117531583,4,2,14.03292391112784,6,0.8868636158897558,0,0.0,0
9437,50.648357954992484,3,4,20.009423709227327,7,0.7571652078401802,0,0.0,0
9438,44.90892101771552,6,3,10.062793421901604,3,0.9998798461349181,0,0.0,0
9439,57.973809555286465,3,5,17.75098368981954,2,1.0001473354312185,0,0.0,0
9440,52.78347869956854,3,1,5.91188422828325,5,0.49925145138854843,0,0.0,0
9441,45.309768363961844,1,1,0.21364948363628322,7,0.5609433415613668,0,0.0,0
9442,22.898945039106007,4,2,12.219395209731639,1,0.9923022984428866,0,0.0,0
9443,34.47367656336864,4,6,12.744256393458812,3,0.9998874833869691,0,0.0,0
9444,56.96072336040142,2,3,10.254847773919987,7,0.9995202278644757,0,0.0,0
9445,43.454518128737945,5,6,4.904274050608158,6,0.5902270256646936,0,0.0,0
9446,51.8878422238738,3,1,9.913087174608737,7,1.0000353711218009,0,0.0,0
9447,50.454044026582494,2,3,14.02348074455254,2,0.9999210807008625,0,0.0,0
9448,59.23075327728932,1,1,14.66273771125569,3,0.4244327926044909,0,0.0,0
9449,26.676654376403384,3,5,13.629478867080312,1,0.9994779710471001,0,0.0,0
9450,30.526584517111026,5,1,1.7943487700512595,3,0.6995289230397015,0,0.0,0
9451,40.923549728539385,3,1,6.411659797656288,5,0.4997024733072223,0,0.0,0
9452,32.872033709821324,2,3,1.6284699962102547,3,1.0001120709743894,0,0.0,0
9453,51.63714608987456,3,1,7.56718048741876,2,0.946463827840424,0,0.0,0
9454,31.10208914372167,2,3,9.666694164269495,2,0.5005938862613963,0,0.0,0
9455,45.509009108751364,1,5,1.6612391884590014,3,0.514909779364248,0,0.0,0
9456,35.95095672744118,3,1,11.90172656408953,6,0.0004225806989375247,0,0.0,0
9457,42.110842715868884,4,3,11.065526851892162,7,1.0000896309504652,0,0.0,0
9458,42.64400761906659,4,1,5.831596303215645,1,1.0003246779740569,0,0.0,0
9459,37.64238226931612,3,5,9.931729723318576,1,1.1426255908849567,0,0.0,0
9460,27.935494778330543,3,6,12.869950348100568,7,0.9997119416131822,0,0.0,0
9461,27.372249139769426,2,6,0.0,0,0.014978870029833224,0,0.0,0
9462,32.129374459126026,2,4,11.312461866889715,7,1.000265177634048,0,0.0,0
9463,22.472273637415647,3,6,10.260384241940407,3,0.5821904918083187,0,0.0,0
9464,50.10379002192363,4,4,19.993090294986473,1,1.0000928129746582,0,0.0,0
9465,39.73846252891604,2,3,12.827415408494552,2,0.6696658410715137,0,0.0,0
9466,58.878334414839536,3,5,7.044799631286371,5,0.9529646349016716,0,0.0,0
9467,27.81986040215356,1,3,11.357281983734183,4,0.9998113658492868,0,0.0,0
9468,54.20690150836465,3,3,1.6896762951190638,6,0.4982326757990494,0,0.0,0
9469,41.37118645178863,0,2,9.193254546107859,7,0.6059847414177645,0,0.0,0
9470,60.39503885756763,3,2,11.640256139278923,4,0.9997953898388239,0,0.0,0
9471,51.14238711700131,1,5,1.0064204215717467,1,0.29559365570492496,0,0.0,0
9472,23.196702558891186,3,3,12.181325507164923,4,0.4679076944779186,0,0.0,0
9473,40.19639617733853,3,2,17.610820952785794,1,0.9997301730947192,0,0.0,0
9474,52.860831957955526,1,3,3.483069606729729,7,0.9997160633603499,0,0.0,0
9475,60.93014906309275,6,1,15.884756642324373,2,0.527987495219987,0,0.0,0
9476,44.29114681045958,5,1,15.683079660527692,7,0.9998570376018117,0,0.0,0
9477,46.572644453213286,2,3,6.8020125950231005,4,0.34242668158479905,0,0.0,0
9478,38.463412010291066,3,4,19.999232710011825,1,0.4999835667792339,0,0.0,0
9479,39.665266858944086,3,1,1.3889298568895097,3,0.9358087472684858,0,0.0,0
9480,49.54122112466102,4,4,20.00219611440682,7,0.6378569068670911,0,0.0,0
9481,39.5328649591858,3,4,7.369468338456068,7,0.4519290466744099,0,0.0,0
9482,26.131051572477777,6,2,9.1208340860881,3,0.05482499686049258,0,0.0,0
9483,40.427796587957495,4,4,19.998057612971174,1,0.63033955963668,0,0.0,0
9484,49.3764417998523,2,1,11.413322013144844,7,1.0000007950969725,0,0.0,0
9485,47.5648268733503,2,5,13.324200824929926,1,0.0,0,0.0,0
9486,61.42937194258752,3,3,0.0,6,1.0007059028112941,0,0.0,0
9487,24.35117739602306,4,6,4.5839242176624335,7,0.2641749210654844,0,0.0,0
9488,54.97145380661517,1,6,13.824080079183531,1,0.17924398776948536,0,0.0,0
9489,53.82169394031989,5,3,8.901008259801639,7,0.8630922007915984,0,0.0,0
9490,48.14666164914862,2,6,19.998731110327114,1,0.999776803463682,0,0.0,0
9491,51.81256107244576,6,2,10.468531419708869,5,0.11284608382458683,0,0.0,0
9492,55.78725673878711,3,1,15.097378368623282,2,0.9998505261914017,0,0.0,0
9493,40.19792819683724,2,4,17.485412952556466,1,0.9583120090569417,0,0.0,0
9494,55.83234711701258,6,3,2.902843867860037,7,0.7287444093158926,0,0.0,0
9495,43.92004243547715,2,6,14.48579595523232,1,0.999567422097341,0,0.0,0
9496,35.03303058312835,4,2,14.215804421655964,5,0.9601739151596016,0,0.0,0
9497,30.712966948139613,3,3,0.0,4,1.0003459337091165,0,0.0,0
9498,17.29413348247765,3,0,31.64523364884989,7,0.9694738685790032,0,0.0,0
9499,49.69653023461472,3,1,4.249489443815565,7,0.9996860644984533,0,0.0,0
9500,72.10911979610124,1,3,7.771935030416783,3,1.0002993272183278,0,0.0,0
9501,40.76791651074815,4,3,13.150079242470705,2,0.9998295923870664,0,0.0,0
9502,72.33576688114692,1,4,17.632553890879517,5,0.6798715329218911,0,0.0,0
9503,44.8846219114121,4,1,4.606721209805989,3,0.21531812280824247,0,0.0,0
9504,62.05755993931531,4,3,12.19457233588968,2,0.3435269886614722,0,0.0,0
9505,31.234633640919167,3,4,15.507441893726352,2,1.0001344901501965,0,0.0,0
9506,45.907237376372,3,1,10.674649659304583,7,0.9995379712693125,0,0.0,0
9507,36.490622599199476,3,1,2.3495444321140067,1,0.5727348061706354,0,0.0,0
9508,26.409842497507867,2,2,19.911015778796198,1,0.7426938736268486,0,0.0,0
9509,36.76712397723187,1,6,18.35863785550943,6,0.6004925631005392,0,0.0,0
9510,35.52005955026667,4,6,2.8691996968274633,1,0.5117547454417701,0,0.0,0
9511,47.39008320502617,3,3,2.994585431840523,6,0.301727996711184,0,0.0,0
9512,68.78525764829375,6,3,4.688976583855351,3,0.9705472496665488,0,0.0,0
9513,41.32933162225517,4,2,1.3739387646221513,7,1.000005477171822,0,0.0,0
9514,27.32048808376073,4,3,9.939871801640058,2,0.9723317965286891,0,0.0,0
9515,60.654373173649724,2,1,19.984768453633805,7,0.18766251983390325,0,0.0,0
9516,52.358938315668055,3,2,14.822682843880106,7,1.0557566793162425,0,0.0,0
9517,36.94494311699835,4,4,20.00026133209591,1,0.9996056091320407,0,0.0,0
9518,52.72679477125777,4,3,4.854975581716763,6,0.9997844566685767,0,0.0,0
9519,36.06586203429057,4,2,20.26213242801206,3,0.9127656189423226,0,0.0,0
9520,44.730626941033165,3,1,0.5247570843258487,4,0.49578394991209307,0,0.0,0
9521,63.09214717919588,4,3,5.18843111070192,4,0.4932660525285751,0,0.0,0
9522,41.43936136868574,2,4,1.4551451145217982,5,0.5492983744121047,0,0.0,0
9523,29.410999353434924,4,2,8.572608115718992,4,0.6418046496169384,0,0.0,0
9524,35.562512158334464,1,2,13.884851661169806,1,0.26418561735513185,0,0.0,0
9525,22.27267388325346,6,1,12.851991189648059,1,0.6396247024081206,0,0.0,0
9526,38.746208883169004,1,2,4.29953666061688,6,0.4870838441867279,0,0.0,0
9527,35.663267901087664,3,1,18.30317647360357,3,0.49724143851316216,0,0.0,0
9528,27.084377886389692,3,4,20.004002322753493,1,0.773982793724823,0,0.0,0
9529,64.11453655728934,4,6,15.785595865604416,4,0.6980555938293221,0,0.0,0
9530,41.999061563301964,2,3,9.095151155295023,2,0.3495895729606432,0,0.0,0
9531,61.282027304956124,5,1,17.99119841815274,3,0.9441675494712043,0,0.0,0
9532,54.73551358443074,6,1,28.88791402338845,7,0.9994744531400852,0,0.0,0
9533,35.60042644639156,2,1,20.00417806399126,1,1.000054532170909,0,0.0,0
9534,47.011169004604206,4,6,3.6087407445612714,7,0.1764994415649489,0,0.0,0
9535,27.24738841780843,7,1,14.002332988775006,3,0.3412380148945568,0,0.0,0
9536,45.50428588710575,2,1,4.090674552275666,5,0.9300902652080154,0,0.0,0
9537,39.04312348081979,3,1,14.086498564277314,4,1.000228075843713,0,0.0,0
9538,23.031414477699204,1,4,0.9941345453605628,1,0.4355098621413063,2,14537.545826657473,1
9539,61.81849749430664,3,3,18.597594270413328,2,0.9998860009705598,0,0.0,0
9540,32.35997393010441,2,3,20.000220848927185,1,0.852642781090406,0,0.0,0
9541,53.349901484177494,1,3,7.153046081145225,3,1.0003633189449066,0,0.0,0
9542,41.61252696647656,3,1,15.847860567233296,7,0.9423945070713945,0,0.0,0
9543,19.40717063028871,6,2,19.72605464256514,5,0.8964494599353594,0,0.0,0
9544,53.17447135741362,4,6,10.30877085027763,7,0.5368990711706823,0,0.0,0
9545,58.73918977073431,5,6,13.57261246019034,3,1.000490762637702,0,0.0,0
9546,56.65618977403985,3,3,23.17961653054775,5,1.0002232913075648,0,0.0,0
9547,55.46672598976498,3,3,21.811637515791638,7,0.9999163274297994,0,0.0,0
9548,49.42913945416893,2,6,9.244306640106437,0,0.5726840926765419,0,0.0,0
9549,59.65925810202829,5,1,11.049741982629907,5,1.0002276219306734,0,0.0,0
9550,31.275449740884305,2,2,11.92944163892884,7,1.0001487361217554,0,0.0,0
9551,57.45555107925347,3,6,11.696010802628342,1,0.9318932796050805,0,0.0,0
9552,63.35968974501968,3,4,20.002197116287235,0,0.49462486210480944,0,0.0,0
9553,49.65356341994763,2,5,6.882822961768687,7,0.9997133386631869,0,0.0,0
9554,55.140591458580055,3,4,13.165517963717116,3,0.5728888406064797,0,0.0,0
9555,45.024866690317275,3,2,5.844173326319181,5,0.4406918355669135,0,0.0,0
9556,34.335675337523156,3,2,9.712480539497458,6,0.4517759262629708,0,0.0,0
9557,45.43404561208775,0,6,15.064403779967666,3,0.9995050708338366,0,0.0,0
9558,38.16249705969622,4,6,11.914614355130807,4,0.9996123114873663,0,0.0,0
9559,65.99820758313639,2,3,9.561113746093657,7,1.0000479490718863,0,0.0,0
9560,49.41122448851309,4,4,7.720800349237464,1,0.37304366708947556,0,0.0,0
9561,38.79210158524499,3,4,9.832419931856926,5,0.08094075300459247,0,0.0,0
9562,51.28609651764464,2,3,3.160654852525931,2,1.0006308476477546,0,0.0,0
9563,38.19010584203544,3,3,11.106200404147538,5,0.9999453099983857,0,0.0,0
9564,58.18784964371261,4,3,7.676345931556856,7,0.9996280005521208,0,0.0,0
9565,52.54130488739444,4,1,15.17202170298675,1,0.9724366303916062,0,0.0,0
9566,22.897460125920702,3,7,0.8258102317617215,4,0.0,0,0.0,0
9567,36.070583154451214,3,2,13.91475244564129,2,1.0001637830618146,0,0.0,0
9568,54.26258403009963,3,6,17.503389537575234,7,0.7840782191357862,0,0.0,0
9569,33.47269610840103,3,3,7.620336673620086,3,0.7351896231854357,0,0.0,0
9570,57.90525395765946,5,3,0.2985841813470671,3,0.5016645037264219,0,0.0,0
9571,54.243701745847716,3,3,1.4885460634621097,0,0.20339892631571327,0,0.0,0
9572,38.26158564847689,4,6,10.609752001957103,2,0.3270184648903967,0,0.0,0
9573,38.56144496869307,4,1,19.99176209784955,0,0.6523891169440568,0,0.0,0
9574,35.63672507528258,1,1,19.415340225462764,4,0.6095292192898148,0,0.0,0
9575,53.23126986857888,2,3,19.93329891200479,4,1.0005625988332278,0,0.0,0
9576,24.0120400889345,4,5,5.9943356586445,7,0.28236012647402053,1,56293.95703175309,1
9577,39.3407056599562,3,3,11.434596375731722,0,0.9996147759552267,0,0.0,0
9578,45.7872087966775,4,6,11.09229344087637,6,0.8713977788971748,0,0.0,0
9579,28.983751389529584,2,6,8.01683900272102,7,0.9999346105714447,0,0.0,0
9580,62.27511491667771,4,5,7.3701532841414785,7,1.000382044577687,0,0.0,0
9581,43.5353353992685,1,3,8.91653245347859,2,0.5064580647880574,0,0.0,0
9582,42.14796961268319,2,6,1.5478537058664177,4,0.564639241186598,0,0.0,0
9583,49.95814314729476,1,1,17.43403702478868,7,0.9999369324833897,0,0.0,0
9584,61.19683356271235,1,5,17.08137590685002,8,0.9522705886995786,0,0.0,0
9585,43.95657430437031,1,2,10.210718703107455,6,0.5382671435798468,0,0.0,0
9586,44.19747838681271,4,2,10.026580826930445,4,0.6651583542282065,0,0.0,0
9587,49.81829041946378,3,6,21.38723433778313,1,0.9496855053798787,0,0.0,0
9588,20.575009320097024,2,3,12.518353161635918,3,0.509220146078114,0,0.0,0
9589,45.31001404932936,4,3,9.980340772876767,1,0.49915989109481157,0,0.0,0
9590,35.715345937445825,3,5,16.017114657512,5,1.0001110678354481,0,0.0,0
9591,74.7101708358866,3,1,10.248049963662538,7,1.000108071833612,0,0.0,0
9592,53.639077195358404,2,3,10.88205185019084,4,0.6695413419665532,0,0.0,0
9593,13.15450666767089,4,3,11.9110626836287,1,0.5809672206725741,0,0.0,0
9594,56.023212280113086,5,1,20.003313909198802,2,0.8068928201987619,0,0.0,0
9595,37.83120899603507,2,1,19.522630869057576,2,0.9804979359695627,0,0.0,0
9596,38.659278727270284,5,1,16.317309075710323,7,1.0010485703182588,0,0.0,0
9597,51.48532189280301,4,6,16.376416569105555,4,1.0001443128795782,0,0.0,0
9598,50.67922511559857,5,6,1.259547203866509,7,0.9257496194561416,0,0.0,0
9599,34.37388183268146,5,1,20.002373560011478,5,0.9574610155501653,0,0.0,0
9600,54.574760981503765,2,6,14.394301554687239,2,0.42546670990930857,0,0.0,0
9601,47.91980115371627,3,3,14.469945106991991,3,0.999902980465581,0,0.0,0
9602,40.49245112591139,2,1,11.929072504124296,6,0.9997578409924506,0,0.0,0
9603,67.15420542586193,2,3,8.022109633420136,7,0.9906374437527787,0,0.0,0
9604,48.91625685799061,3,6,6.064565183923562,6,0.3206319726598115,0,0.0,0
9605,41.26060996609588,3,5,10.321744814542441,2,0.7530785011085128,0,0.0,0
9606,36.70578386120059,4,5,16.798556435751966,3,0.0,0,0.0,0
9607,37.108255751045654,4,3,9.823243278679438,3,0.9862546202946023,0,0.0,0
9608,51.85651817280926,4,1,19.034773510318523,5,0.05607319993995985,0,0.0,0
9609,56.32257444249126,4,2,13.93012328723912,6,0.20056455579085092,0,0.0,0
9610,11.970784294896749,3,3,9.907030908207549,2,1.0000168036878092,0,0.0,0
9611,27.68070673873087,3,6,13.50615514459271,2,0.7951534186137871,0,0.0,0
9612,49.75561209841756,2,3,19.53710386776479,7,0.9540520273094494,0,0.0,0
9613,60.15750165558033,3,5,5.491378093894232,7,1.0002432751532573,0,0.0,0
9614,17.384635843141815,3,1,6.8145644245832155,5,0.02150926807865694,0,0.0,0
9615,27.103542950879657,3,6,19.05549909808479,3,0.2716970233599503,0,0.0,0
9616,41.07245970953055,4,5,8.765755546677646,1,0.3915109361943117,0,0.0,0
9617,33.52170776991419,2,1,4.597350073598422,4,0.5319346331792228,0,0.0,0
9618,27.76290328177952,5,6,9.239029124707574,4,0.0794453204277511,0,0.0,0
9619,44.206934994530165,4,3,14.547428210608,3,0.49967813799974325,0,0.0,0
9620,63.04544583424557,6,3,7.674140250832735,2,0.2892336509936297,0,0.0,0
9621,51.055180231727654,2,3,12.705519550764372,6,0.9997008480590309,0,0.0,0
9622,59.32332802127901,3,5,8.093388662400548,4,0.9477838496402335,0,0.0,0
9623,40.03664555098896,2,3,0.0,3,0.5334442785190154,0,0.0,0
9624,43.48568504062739,4,3,4.945961812990902,7,0.9998287115739031,0,0.0,0
9625,49.307803016054464,2,1,12.530571658783021,3,0.5624314827716352,0,0.0,0
9626,46.56049869794028,3,4,9.645036913921912,1,0.02391307868846615,0,0.0,0
9627,50.900509860020925,2,5,22.840124611833083,7,1.0006442930134858,0,0.0,0
9628,31.106404613459716,2,7,11.957793574410942,7,0.001466554640949913,0,0.0,0
9629,38.82905635633351,2,3,0.0,0,0.9996447975430074,0,0.0,0
9630,42.31354037492249,2,3,20.004522510550487,1,0.9991546171252257,0,0.0,0
9631,28.062684837818765,4,3,6.725898240213403,7,1.000004017046954,0,0.0,0
9632,42.1192210643936,5,4,15.398297039902275,1,1.0090178666038383,0,0.0,0
9633,52.241054586078455,2,3,18.784434138208738,6,0.35417785362222864,0,0.0,0
9634,68.23704831580257,3,4,19.998015402017955,7,0.9999505899729391,0,0.0,0
9635,49.461557308857145,3,3,12.789574565147548,1,0.36751710303471175,0,0.0,0
9636,37.45713617753325,3,1,14.322638479380945,2,0.7105821941202008,0,0.0,0
9637,27.033664927199553,4,3,15.68741267756031,5,0.9999882072856943,0,0.0,0
9638,20.400688247694863,4,6,9.498284109931866,2,0.2551689012176869,1,5649.077508617853,1
9639,36.67825608604017,5,4,19.99787402933081,4,0.4982146981369341,0,0.0,0
9640,56.65270989265702,5,3,12.374883735358845,3,0.5031729269916111,0,0.0,0
9641,16.36215694642649,2,1,13.776935949319746,4,0.35772084204919247,0,0.0,0
9642,39.46680631740208,3,4,19.998132240564956,1,0.5021625007045706,0,0.0,0
9643,56.10533891341041,3,5,11.097067657532804,1,0.9212868608538866,0,0.0,0
9644,43.06459635990566,3,1,10.605510969700827,7,1.0004291420505025,0,0.0,0
9645,37.71348206059864,5,6,14.381642946088494,6,0.6828151097865034,0,0.0,0
9646,28.973180475674564,0,3,5.307596418320335,7,0.41007926259355204,0,0.0,0
9647,56.383692369861514,4,7,8.707185145100377,7,0.44116741959339745,0,0.0,0
9648,60.18499194471099,3,2,14.503331117741254,1,1.0002237776714678,0,0.0,0
9649,25.126028731623958,1,2,7.885794191291374,3,0.585115316342586,0,0.0,0
9650,54.79697276440407,4,6,16.546446259022684,3,0.2179634837880043,0,0.0,0
9651,40.77918810591901,4,5,10.820879546550339,0,0.9995789056480933,0,0.0,0
9652,38.466690165743046,4,3,16.805302073820545,7,1.000237048542534,0,0.0,0
9653,48.75431571524704,4,4,19.997338170477494,1,1.1835851241343764,0,0.0,0
9654,44.324487750312436,3,5,14.584345997776946,7,0.5000088426750738,0,0.0,0
9655,46.59843191473175,3,4,11.93960291809903,7,0.7692486769128069,0,0.0,0
9656,48.48822293735872,4,6,6.837926353760194,6,0.6310624023471746,0,0.0,0
9657,49.95661534403463,5,1,20.00133195092905,5,0.8499366497042399,0,0.0,0
9658,40.097572686625796,5,6,5.933992101398122,1,0.6598398434555549,0,0.0,0
9659,34.7442835433578,3,1,13.229606467392452,2,1.0001537470032569,0,0.0,0
9660,42.53877374830912,3,2,15.755825913674357,7,1.0000401631971239,0,0.0,0
9661,20.13096673894022,3,5,17.565395055173912,3,0.8185785627406102,0,0.0,0
9662,26.413898110583197,3,3,25.300909666903635,3,0.5291045853413681,0,0.0,0
9663,63.0830256220049,3,6,18.991286010612722,7,0.9998643177389095,0,0.0,0
9664,47.28305516240201,3,1,19.995195493357595,5,0.1136739611336719,0,0.0,0
9665,41.17996734632725,1,4,20.005262846719226,7,1.0004381278118433,0,0.0,0
9666,15.779087622243363,1,6,11.054927736058353,0,0.5147729949193958,0,0.0,0
9667,25.33621322239039,2,6,13.983576150841806,6,0.7668686770283005,0,0.0,0
9668,26.583161915427247,1,2,12.791947965962184,6,0.5316624429733404,0,0.0,0
9669,43.045629441264715,2,2,0.0,7,0.9995184751599873,0,0.0,0
9670,42.64332389634186,2,2,7.707003940534385,7,1.0001471680801912,0,0.0,0
9671,20.830627553266574,4,3,0.0,2,1.0004172678481051,0,0.0,0
9672,52.910421006594845,4,2,5.95215267807234,4,0.37783242565123804,0,0.0,0
9673,41.969668441773436,3,1,15.872938734672074,1,0.4845168271878709,0,0.0,0
9674,38.69576397689451,1,1,6.818775304579757,5,0.16214448744617327,0,0.0,0
9675,18.5059975150126,4,3,15.566117804107126,7,0.4155567230650994,0,0.0,0
9676,20.235190998288754,3,6,6.467631204822123,1,0.9754873578538803,0,0.0,0
9677,20.621256928116107,3,6,0.0,7,0.9995129956377232,0,0.0,0
9678,41.199658822993975,4,1,9.981885107865464,7,0.999625138927434,0,0.0,0
9679,46.938972451608535,4,2,11.37668793546174,3,0.45077837068866666,0,0.0,0
9680,49.648828865642635,3,4,20.01019138832453,1,0.7171126799113761,0,0.0,0
9681,48.46275526924224,1,6,4.800760312388959,7,0.45573423276026315,0,0.0,0
9682,42.2847875566943,3,6,10.803277382194135,2,0.5630576674871339,0,0.0,0
9683,60.56954536301653,5,3,12.034667734671036,0,0.9255588127592399,0,0.0,0
9684,62.86882681482794,2,3,2.0877031641176664,7,0.9994373850894551,0,0.0,0
9685,80.08290887244397,3,4,19.99751724061102,7,0.9998814714799558,0,0.0,0
9686,37.341919333707764,3,6,5.6572947522550985,1,0.3699219801613059,0,0.0,0
9687,57.33994467572103,5,2,10.17390845485962,7,1.0001411400213964,0,0.0,0
9688,43.4267860872674,1,5,15.389243782091498,3,0.507008761715558,0,0.0,0
9689,50.05683343376263,3,3,14.147699916711911,5,1.0004815154039113,0,0.0,0
9690,39.260407957854476,2,3,4.9541175084360365,2,1.0022492504544163,0,0.0,0
9691,78.9420742628806,5,1,14.71493462019201,7,0.6820385108033207,0,0.0,0
9692,38.53039141179876,1,4,19.99716672376998,1,0.49738070171085796,0,0.0,0
9693,48.46092878968075,2,3,16.73714494565223,7,0.8126014806537517,0,0.0,0
9694,33.46648214458178,3,6,18.638281296773464,7,0.45370636777963624,0,0.0,0
9695,29.735551381327625,3,7,13.262804679806258,2,0.5155953575411678,0,0.0,0
9696,21.81697887227292,2,3,6.802572988935666,4,0.49360119089167387,0,0.0,0
9697,25.527125397629792,3,2,9.971192196452277,1,0.6209285648709892,0,0.0,0
9698,32.135809347737776,4,5,11.15550124011835,2,0.37952925490146144,0,0.0,0
9699,50.84790359532482,4,3,2.9191424026383945,2,0.6067227845371562,0,0.0,0
9700,46.67571380860183,2,6,12.056269087718162,0,0.18199379910282543,0,0.0,0
9701,41.567034264381874,2,6,20.96864099901873,7,1.0001088591690939,0,0.0,0
9702,42.63275443129591,4,1,8.800486448160907,0,1.000723682539804,0,0.0,0
9703,28.46607525604106,2,3,13.199550480157658,1,0.0,0,0.0,0
9704,16.213201445904023,1,5,2.6691440356510334,1,0.3146681403942854,0,0.0,0
9705,47.94879003985159,2,1,9.640283431065384,3,0.4998412696307014,0,0.0,0
9706,28.88885377351093,3,3,16.355432987801443,2,0.999928377908363,0,0.0,0
9707,56.36506508895369,1,4,2.9740234723094154,7,1.0002348722423444,0,0.0,0
9708,45.54310261875001,4,2,9.251783167919701,7,0.9997633364947229,0,0.0,0
9709,43.56957552981002,5,4,20.002893505307448,1,1.0000775816244145,0,0.0,0
9710,41.917341313520055,4,3,10.932921380933228,6,0.9779234128181784,0,0.0,0
9711,53.41651740968466,3,3,3.0659395947718355,2,0.7871267078284431,0,0.0,0
9712,34.24215137639926,3,1,7.158806673594274,7,1.0004133794283865,0,0.0,0
9713,37.497005664589274,3,2,3.410182431797791,7,1.0000047955250595,0,0.0,0
9714,27.358534854833035,3,1,20.893740088948967,0,0.499831821194922,0,0.0,0
9715,52.429912105919996,3,0,26.679640470766422,6,0.9997969979120367,0,0.0,0
9716,55.20506823814923,2,5,2.9765825856467316,1,1.0004038861917492,0,0.0,0
9717,35.05422653980869,4,4,8.79266218955219,2,0.38356687614424856,0,0.0,0
9718,50.762260877375645,2,2,15.590511364877804,7,0.9996330386703532,0,0.0,0
9719,45.34529991534676,3,1,12.61456450754484,2,0.6010030373285803,0,0.0,0
9720,28.00392112210577,2,5,16.842022571776454,3,0.7031864666652371,0,0.0,0
9721,66.25791164192367,4,6,14.348953174435517,5,1.0007603177081716,0,0.0,0
9722,29.137901504911746,2,3,8.624661032971215,1,0.3174013686109136,0,0.0,0
9723,32.56477655518738,3,6,0.4952591223368845,6,0.28187030885728037,1,111103.14913340472,1
9724,51.03776669360382,4,3,7.153235501444821,3,0.4055614399478115,0,0.0,0
9725,30.394281237899836,3,4,20.001653486621358,1,0.32315577145853214,0,0.0,0
9726,57.060916799521976,3,4,8.49506280450587,3,0.7716783282528845,0,0.0,0
9727,32.14410246589818,4,3,4.004054735234543,3,0.5738681003173682,0,0.0,0
9728,56.349603086487086,2,3,3.864001524636441,2,1.0001929763475101,0,0.0,0
9729,39.92645102766003,4,1,15.720706428807796,2,0.0,0,0.0,0
9730,49.91730183006448,4,5,13.879966822818364,4,1.0002208347667851,0,0.0,0
9731,44.21430007442861,3,5,16.211691152066503,7,0.4678871147763945,0,0.0,0
9732,31.530578715129174,5,3,6.270734570625512,1,0.4979931342104832,0,0.0,0
9733,53.66792039443369,4,6,11.087410019630832,7,0.9999531898176147,0,0.0,0
9734,22.057921351241774,3,2,4.395559510339427,3,0.7108498522944411,0,0.0,0
9735,49.38287314810683,4,2,9.261815478119855,5,0.15953344229332322,0,0.0,0
9736,27.768446106178615,2,2,0.0,7,0.2796029135372387,0,0.0,0
9737,39.54903121901289,2,6,15.318249270881106,1,0.9813082816704279,0,0.0,0
9738,44.516707816984265,3,4,20.008261331980012,7,0.5447579536227526,0,0.0,0
9739,48.02236356833839,4,3,15.230711684935965,2,1.0034699516960142,0,0.0,0
9740,25.429184028598343,3,2,13.775795744830813,4,0.6588236606270668,0,0.0,0
9741,55.9184500812194,3,3,8.39339846166369,7,0.4397110921098637,0,0.0,0
9742,43.023745338497314,2,6,17.998639011040567,4,0.21952193326902508,0,0.0,0
9743,45.599969712204576,4,6,2.5736008760941225,2,0.3569987172095381,0,0.0,0
9744,26.980097883577493,1,3,2.9275177673301354,0,0.35394098141136193,0,0.0,0
9745,24.120332388482993,3,3,6.244196755571279,1,0.9482575855455286,0,0.0,0
9746,47.23703096495416,3,3,13.281217597345655,5,0.9998497793921436,0,0.0,0
9747,24.792967053838417,3,3,6.431459433655323,2,0.19744238758218674,0,0.0,0
9748,19.436202480441935,3,3,2.5127857548968198,4,0.4868228246203831,0,0.0,0
9749,41.40241942303925,3,2,5.658274775280423,7,0.9998554485963886,1,3032.8557896583193,1
9750,27.598145047799594,4,6,9.13367880432305,1,0.9510226067268879,0,0.0,0
9751,35.16162987105347,4,4,6.067002375428634,2,0.3880112923206918,0,0.0,0
9752,25.801761839587556,2,1,6.992813521619564,0,0.2903938559611184,0,0.0,0
9753,57.83243008065073,4,1,4.044104402091031,6,0.06316789494494401,0,0.0,0
9754,16.41067528036699,3,4,14.562713567236546,1,0.9998785212153554,0,0.0,0
9755,49.717258580389434,3,1,20.008970184516492,1,0.5624165194327069,0,0.0,0
9756,50.711694880470176,1,5,5.792129492565165,1,1.1543913751729504,0,0.0,0
9757,48.822807713395505,3,3,0.10837397448486286,3,1.0008342006855833,0,0.0,0
9758,55.590086671450955,2,3,0.0,4,0.5034641759690189,0,0.0,0
9759,38.797758534547015,6,6,17.835488248688613,3,1.0081449489349532,0,0.0,0
9760,45.179303074637005,2,4,3.143569812086989,1,0.2542781189621159,0,0.0,0
9761,48.700224481855436,1,1,12.241151792458446,5,0.9998985718775322,0,0.0,0
9762,40.457966737895035,4,4,17.11320948836185,1,0.26207644310997935,0,0.0,0
9763,46.611976931263236,3,2,23.91177124946976,4,1.0001277019462498,0,0.0,0
9764,43.60331366063213,2,1,4.006523415398241,3,0.47258329253524844,0,0.0,0
9765,58.18606442974291,4,3,3.173824747668723,6,0.8793893689577337,0,0.0,0
9766,51.65651533166203,4,6,10.059476599129153,3,0.9999483211026278,0,0.0,0
9767,47.38156519194398,2,2,15.246066374991344,3,0.37769603986665773,0,0.0,0
9768,60.18441952343814,5,6,20.384256048824206,1,1.0083209050780773,0,0.0,0
9769,39.731179885564856,2,3,10.377985668430323,7,1.2329069508103676,0,0.0,0
9770,34.46239698785203,2,1,12.210847200539952,4,0.1410198003809121,0,0.0,0
9771,43.74798699323597,3,3,14.22723553165372,5,0.9579462205747271,0,0.0,0
9772,65.16778780332947,3,4,19.992673074592556,6,0.49977168593870136,0,0.0,0
9773,57.96684555711674,2,1,10.33992880103224,4,0.4951544034868229,0,0.0,0
9774,28.09507299325975,3,2,4.854620992814552,3,0.4692168557975582,0,0.0,0
9775,58.350244479613885,2,4,20.00476330100873,7,1.4191085893702855,0,0.0,0
9776,24.661430825611,1,1,18.182591163878218,1,1.0118580658773109,0,0.0,0
9777,25.933957870504173,5,6,16.988453564958206,6,0.7051837047589911,0,0.0,0
9778,50.38770518383324,1,4,1.6027023717445275,4,0.5176038469882212,0,0.0,0
9779,42.98162629184189,3,4,3.640955492931935,1,0.9994892550458165,0,0.0,0
9780,49.043572348510295,3,9,9.025452090099211,2,0.9794284973207186,0,0.0,0
9781,41.50442423452078,3,3,18.24961810135628,1,0.34836744724411023,0,0.0,0
9782,46.46207232204199,3,3,20.002150387072604,3,0.2350548435057368,0,0.0,0
9783,29.163871840448927,3,1,8.676241754617015,7,1.0000521667929463,0,0.0,0
9784,36.4543493893805,1,4,5.7434822553384715,1,0.20287129138428178,0,0.0,0
9785,45.97503941750266,3,6,15.034976273232092,1,0.0053438011556189435,0,0.0,0
9786,42.185899606631125,2,6,2.6662644042442363,1,0.7154541633398342,0,0.0,0
9787,40.81783747059289,2,3,12.042754650460806,6,0.9997511234599283,0,0.0,0
9788,35.05145003538738,1,3,9.549001691557159,4,0.3111329699764997,0,0.0,0
9789,57.39336700756012,2,4,11.13878641849665,7,1.0005720136215341,0,0.0,0
9790,39.160493734479616,4,2,0.0,7,1.0000179570338532,0,0.0,0
9791,39.23718816029697,4,1,15.444581681768627,2,0.9162465664912159,0,0.0,0
9792,38.80903468949087,3,6,15.057908327258993,2,0.9998824942424943,0,0.0,0
9793,33.30981705083429,3,2,11.54417914466385,5,0.6821583988905218,0,0.0,0
9794,46.33425877047935,2,1,14.959210303464747,4,0.49966516334969097,0,0.0,0
9795,25.924101389841955,2,6,18.5446704623607,7,0.9997431776770154,0,0.0,0
9796,38.46680209550129,3,1,4.1153703751448845,7,0.9999989236079372,0,0.0,0
9797,66.88942272296977,3,1,12.175208764570776,5,0.5013611847837461,0,0.0,0
9798,50.01253652650891,5,3,18.589727742646456,1,0.999648414941216,0,0.0,0
9799,26.39293750956401,3,1,7.457581497668729,7,0.9999085432934327,0,0.0,0
9800,41.24764341423866,2,6,9.08944084506466,2,0.17930924622576194,0,0.0,0
9801,23.510165948335057,3,2,12.22084185788585,2,0.25727835339853755,0,0.0,0
9802,51.604632666811426,3,4,15.274956586317344,2,0.34223818958767516,0,0.0,0
9803,38.769433241709606,5,2,17.916291658052,2,0.45763151245458544,0,0.0,0
9804,22.010843147829725,3,2,19.75679462221047,7,0.9999034328780173,0,0.0,0
9805,33.08567910754893,2,6,4.57522291996376,1,0.936298921436447,0,0.0,0
9806,60.789858079452046,2,3,12.807168989307808,5,0.4987390474773716,0,0.0,0
9807,52.671414361700364,3,3,17.81003858786389,6,0.9999310248175564,0,0.0,0
9808,71.05051072513423,0,3,6.787607162715121,7,0.5468510823118573,0,0.0,0
9809,47.88448042058562,5,6,18.236510052876003,7,0.9867786235621089,0,0.0,0
9810,49.65942998815377,5,1,17.02050227505572,4,0.39986854404424454,0,0.0,0
9811,47.33672395470068,4,3,1.462111204969064,2,0.9418718010744056,0,0.0,0
9812,38.48562928052188,2,1,13.030018436558553,2,0.45385348160061795,0,0.0,0
9813,45.473765243280965,2,2,9.744995915086179,7,0.9994717465296057,0,0.0,0
9814,44.22508253507194,4,3,6.219490806847944,7,0.9999004790472132,0,0.0,0
9815,60.22611129469503,2,5,15.509355432193827,3,0.5029094045276596,0,0.0,0
9816,26.597819192376196,3,6,9.219504690957978,2,0.0,0,0.0,0
9817,35.42126541208521,2,6,7.189245558728397,0,0.5239928867109025,0,0.0,0
9818,51.70738747169677,4,6,7.7603166144525,3,0.061514883692662226,0,0.0,0
9819,57.20578620696182,3,3,5.767036452725141,7,0.99973142642017,0,0.0,0
9820,33.6217516786641,1,3,21.683040538769063,5,0.5226098151143755,0,0.0,0
9821,34.7562031917095,3,3,8.650743276529198,3,1.0007090638782887,0,0.0,0
9822,37.783584283722405,3,4,20.007629269414927,7,0.49977879956463356,0,0.0,0
9823,67.66803673043799,5,3,10.862099019539157,2,0.5003615491293738,0,0.0,0
9824,27.838082848017155,3,6,17.990834584607256,4,0.3950881597527243,0,0.0,0
9825,47.29033017311094,4,1,12.461533877315091,4,0.5743854833458665,0,0.0,0
9826,41.47325893870581,3,3,14.970644372021631,6,0.5031055614341,0,0.0,0
9827,40.70031247584119,1,3,10.785732951627278,4,0.9995857916027513,0,0.0,0
9828,36.45036370473219,4,1,0.965330546806543,6,0.3949557454663505,0,0.0,0
9829,26.90619279457404,2,1,10.931024559511508,0,0.0,0,0.0,0
9830,23.536580060031735,3,3,11.877789872305213,1,0.46572119763611824,0,0.0,0
9831,57.59229127460088,4,3,14.91143374274736,5,0.9586852337996737,0,0.0,0
9832,34.29967932959474,4,2,9.600566820563479,7,1.0002975381702197,0,0.0,0
9833,24.520928644594253,3,1,14.627935643441843,5,0.9579450682968538,0,0.0,0
9834,15.91447034213098,3,6,16.695641173680215,1,1.0094128237932998,0,0.0,0
9835,49.00890731641207,6,3,0.191305723823179,7,0.3603103802328796,0,0.0,0
9836,23.299531540691667,4,2,10.294643869683739,1,0.12989511848277135,0,0.0,0
9837,48.773779388467176,2,6,17.078576834759595,5,0.7404303109639055,0,0.0,0
9838,28.18545442314244,3,4,15.134029348534371,2,0.5789362228831416,0,0.0,0
9839,36.21963843235935,5,1,9.706065772102136,5,1.000669679346857,0,0.0,0
9840,47.14478800569358,3,1,16.003363248576843,0,0.9517993726281522,0,0.0,0
9841,42.21610340565034,2,1,9.773833615224575,4,1.0002879110966059,0,0.0,0
9842,44.215713049239675,3,1,25.87599868676529,7,1.0000587741860774,0,0.0,0
9843,26.37559906949277,2,3,18.57548547174438,7,0.9999579237840843,0,0.0,0
9844,39.54629501511914,2,3,12.467048453840249,2,1.0000124726754869,0,0.0,0
9845,52.39249800764016,1,2,12.669738493062162,2,0.6808178924450614,0,0.0,0
9846,54.833492787036036,3,3,4.504746666591815,7,0.18082486345929538,0,0.0,0
9847,63.916718907553495,3,5,4.082871254410904,7,0.6196972489649163,0,0.0,0
9848,43.88601773757606,3,3,4.603140461490865,7,0.9732823271810914,0,0.0,0
9849,54.99609440294602,3,3,0.0,7,0.9997307801116735,0,0.0,0
9850,43.60367051207312,3,6,15.861394199349082,5,0.9994969330215484,0,0.0,0
9851,39.25156842410955,1,3,16.320086460457354,7,0.13044748175928267,0,0.0,0
9852,70.22565727183797,3,4,12.766935123045771,1,0.6820883650645658,0,0.0,0
9853,20.96155598646854,1,1,19.99637178490538,0,0.5981625201438413,0,0.0,0
9854,0.0,2,3,7.1153513768830505,5,0.6579806113286358,0,0.0,0
9855,51.30146469141381,1,1,9.429931614965216,2,0.37409623443051787,0,0.0,0
9856,22.02948614869995,1,6,6.321261588981565,1,0.6023295039684409,0,0.0,0
9857,53.451718095128584,4,2,4.4555682962282805,7,0.9999810802121327,0,0.0,0
9858,42.011835414776705,3,1,6.209335673538363,7,1.0002431235226574,0,0.0,0
9859,41.23997220400158,3,6,17.20894997359165,3,0.6885467851697129,0,0.0,0
9860,66.78773845644608,4,4,19.999172533871327,7,0.7434076381308039,0,0.0,0
9861,54.68710714164233,2,3,9.062484964725137,7,0.9993539588847788,0,0.0,0
9862,53.74196976425061,1,1,16.592862539310914,5,1.0005920367113,0,0.0,0
9863,15.034914866308114,3,3,1.4558002726594985,2,0.551818007438481,0,0.0,0
9864,66.83036766571033,5,6,22.221461438270985,3,1.0001979230099176,0,0.0,0
9865,44.57590074381448,2,5,14.47302344009709,7,1.000571866582249,0,0.0,0
9866,38.46522065140548,3,3,0.0,2,0.16738112496714685,0,0.0,0
9867,22.725339825187213,4,2,10.548462478847577,1,1.0002344084992258,0,0.0,0
9868,53.06007000143541,3,6,7.314610454744778,6,0.4600012026487833,0,0.0,0
9869,45.67490883165307,3,4,9.8758591954524,4,0.95525308789305,0,0.0,0
9870,31.64130485570992,3,4,8.459438742477946,1,0.25327137978891956,0,0.0,0
9871,52.13057400923702,2,1,9.38505839156612,7,0.3761899017509507,0,0.0,0
9872,57.804155884927304,3,5,10.035188441372583,5,0.5021263971524529,0,0.0,0
9873,32.03499547445445,5,6,6.655616991149548,3,0.24092079976706554,0,0.0,0
9874,37.448201487323445,4,3,10.101339721826443,6,0.8556364693056188,0,0.0,0
9875,58.87864639641966,5,3,13.370443182731327,3,1.0005451926634832,0,0.0,0
9876,36.164721507064684,2,6,9.481639252607579,4,1.0003270881822162,0,0.0,0
9877,47.584633472563745,3,1,21.295250708430054,3,1.00006699610568,0,0.0,0
9878,58.04697671049983,1,5,4.392025275492982,7,0.999984092328095,0,0.0,0
9879,54.719228802897135,3,4,19.99480282828297,1,0.7025048295899063,0,0.0,0
9880,53.00198335925508,2,3,2.9990200431395415,3,1.0004573367580207,0,0.0,0
9881,40.246644204994226,2,3,12.070875359114513,1,0.9997811783329793,0,0.0,0
9882,48.861370717099135,4,6,11.991417237111762,3,0.5524352123038974,0,0.0,0
9883,56.60396564245788,4,5,20.596013672414532,3,0.5479613855940114,0,0.0,0
9884,33.0446235650791,4,6,19.97699995182733,5,0.4222434020026581,0,0.0,0
9885,44.31175968841729,3,5,18.26656935190012,3,0.9999881187779993,0,0.0,0
9886,44.82586439780908,1,6,7.324854482228531,7,0.6086038714785956,0,0.0,0
9887,20.415674387412547,2,1,13.2189044384148,7,0.5823708526463875,0,0.0,0
9888,52.74633385057672,2,5,19.994720666436407,1,0.796127062691734,0,0.0,0
9889,29.366413689669923,2,7,0.0,1,0.615329773195046,0,0.0,0
9890,40.70908321482732,4,1,11.664322181595793,7,0.985428677234127,0,0.0,0
9891,46.4685649559234,3,3,16.37488911065904,2,1.0000612858253768,0,0.0,0
9892,55.43002571880556,3,4,20.005145589478108,1,0.4140371701537489,0,0.0,0
9893,56.65205275933697,5,1,14.376308613929082,3,0.9994084494314475,0,0.0,0
9894,54.20661225965502,2,3,18.184404853410612,7,1.0001790090040914,0,0.0,0
9895,48.13298996101782,1,6,15.416719973177074,4,0.7144197074716465,0,0.0,0
9896,46.60254107427135,3,1,1.605726538929357,1,0.5547046470264981,0,0.0,0
9897,43.863225082882806,5,6,3.8595734534507864,7,0.7260255520121581,0,0.0,0
9898,51.30177629614658,4,2,14.450254567672047,1,1.0003837154099666,0,0.0,0
9899,44.48844568141567,3,1,0.0,1,0.4995165172859328,0,0.0,0
9900,32.59375607240735,6,2,8.49939523238537,6,0.3157407569738085,0,0.0,0
9901,42.56366896645363,2,6,21.735291103390587,5,0.9998193351275548,0,0.0,0
9902,42.71769227637649,2,3,14.524842438732513,5,0.7721635718305143,0,0.0,0
9903,39.8564743441996,6,1,11.70612799732518,1,0.49426006080443596,0,0.0,0
9904,16.058365102711193,3,5,2.6525956344798445,2,0.2519488115007404,0,0.0,0
9905,27.835316470326212,2,6,13.153214950087758,7,0.21923010712630464,0,0.0,0
9906,13.469083902274058,3,1,19.980457041529966,1,0.6244112818902106,0,0.0,0
9907,25.142744187214813,2,6,13.399426026535359,4,0.5607323111870357,0,0.0,0
9908,41.48464939211412,1,2,13.458730175265831,4,0.3310854064123406,0,0.0,0
9909,39.71178518203591,3,2,20.000142436915002,1,1.000301982893124,0,0.0,0
9910,37.78418067003518,3,2,16.373588960407304,1,0.9999736714015927,0,0.0,0
9911,37.450042189882154,2,6,11.948324354931284,7,0.999894218089534,0,0.0,0
9912,41.57206140035585,2,3,3.1167753406931347,1,0.4986457077153788,0,0.0,0
9913,39.16735497530115,3,4,24.803426497371497,6,0.9340766001721146,0,0.0,0
9914,22.898410092273956,5,2,10.81010486498155,1,0.7168571241395121,0,0.0,0
9915,28.571092297175497,4,2,7.978820682131433,4,1.0677624802573047,0,0.0,0
9916,45.75501790630584,2,3,3.2979821172010135,7,0.9274334044345401,0,0.0,0
9917,32.93964761791527,3,1,9.12759542579764,3,0.3866589905830632,0,0.0,0
9918,15.253542671684318,4,1,11.029606714471127,2,0.6082645322044039,0,0.0,0
9919,45.252701963357964,4,3,12.959213584844345,2,0.34158435922336877,0,0.0,0
9920,55.66418333754014,1,5,20.002386424640108,1,1.0001720138899932,0,0.0,0
9921,64.82688500163135,4,3,13.374118613124274,1,0.9704786890842606,0,0.0,0
9922,46.02487744962091,4,6,15.038731263769268,0,0.3904864914792584,0,0.0,0
9923,58.57513343735222,3,2,7.915625939160209,7,0.29970216961888535,0,0.0,0
9924,37.76974952185132,3,6,11.703414283551206,7,1.0000343658266477,0,0.0,0
9925,47.67131159892123,3,3,10.87942706719877,4,0.3908066563726003,0,0.0,0
9926,51.322571025723335,4,6,8.386582964454263,2,0.28717721501623317,0,0.0,0
9927,40.32198999873361,3,3,20.002943045453875,3,0.6385364795181456,0,0.0,0
9928,37.4789754212356,0,6,18.822723425958998,3,0.7888364553439967,0,0.0,0
9929,40.231703154582235,5,3,2.090796887356893,7,1.0004954945847209,0,0.0,0
9930,54.75893222023614,4,2,6.693796935904359,6,0.37625377613596306,1,39673.60707989208,1
9931,40.42678633216271,2,6,4.5679577096491455,7,0.9677972286407821,0,0.0,0
9932,35.907889429670504,3,4,16.87897484339408,2,0.947091872615401,0,0.0,0
9933,61.41848785223976,3,1,14.56780973712877,7,0.4944083715873817,0,0.0,0
9934,35.96762289305022,3,0,17.297433975570943,1,0.9997645678121974,0,0.0,0
9935,53.94592529392917,4,6,14.518092496301783,3,0.6171129994293402,0,0.0,0
9936,41.801453148401336,4,1,14.32644865106102,7,0.999699479337868,0,0.0,0
9937,39.08661218150023,1,1,0.09850686657788899,6,0.7166804592947998,0,0.0,0
9938,35.45880487360718,3,7,2.677854766748151,6,0.6875659630085978,0,0.0,0
9939,59.38521273488415,5,3,11.882690424564855,3,1.000014622515558,0,0.0,0
9940,34.96678738990592,4,1,4.66455193323745,1,0.935397758931338,0,0.0,0
9941,39.93198394937134,4,5,20.00602382029642,7,0.9563449159175756,0,0.0,0
9942,40.86651862104729,1,6,17.69162261684984,3,0.9999793906472683,0,0.0,0
9943,37.15583582221446,2,4,19.992296585811197,1,0.7088530481403159,0,0.0,0
9944,24.78191614062603,3,4,14.993441693995656,1,0.7231520632810117,0,0.0,0
9945,22.24328138532844,3,2,9.66162081607316,3,0.23935009107395594,0,0.0,0
9946,68.94772700943291,4,3,11.633168028642926,7,0.9994496356374818,0,0.0,0
9947,41.78808231460838,3,2,10.393480062105235,4,0.49654155217826834,0,0.0,0
9948,38.32878543219097,4,2,6.073252691533417,7,0.9999238755414446,0,0.0,0
9949,38.641477261547784,3,1,20.181437817246092,3,0.5015427294066442,0,0.0,0
9950,32.32023412761964,2,1,0.03398711105670671,7,0.3199237960254526,0,0.0,0
9951,46.671799013080545,2,4,19.998851364870937,1,0.44345500978899205,0,0.0,0
9952,53.70446872229346,3,3,15.155324315670534,5,0.9418256427537852,0,0.0,0
9953,49.54752298121586,2,1,16.738491176041393,1,0.969202363228473,0,0.0,0
9954,21.526744957009914,2,1,20.00188242632001,8,0.5124964599879589,0,0.0,0
9955,26.782697047471046,1,6,6.8169211547811415,7,0.9999483784727143,0,0.0,0
9956,39.2258009579599,4,3,9.342882007732944,3,0.4951106000118352,0,0.0,0
9957,59.96979481405612,3,5,16.119215310219992,5,1.0004091316694284,0,0.0,0
9958,47.90085546197232,5,2,4.367775685596066,2,0.0,0,0.0,0
9959,40.00759706574858,2,6,16.47436112566379,3,0.32690926919961116,0,0.0,0
9960,38.48971029479678,4,3,13.781790081178851,0,0.05427431815730277,0,0.0,0
9961,31.85558667631943,4,2,5.330313089039732,7,0.0364809946906568,0,0.0,0
9962,48.32185519229569,0,6,3.4855724908625954,3,0.6688942899783663,0,0.0,0
9963,56.474927295745196,3,2,6.873153841279748,2,0.5497591302779021,0,0.0,0
9964,29.70117406198758,3,1,3.992332862825581,5,0.4152015759146462,0,0.0,0
9965,24.64200334104675,3,6,12.39288255411379,2,0.6704031451401111,0,0.0,0
9966,28.52864204761456,2,6,12.091955261828323,7,0.9996483660603157,0,0.0,0
9967,29.49095993568485,3,1,24.23750606505731,7,0.2877221928584942,0,0.0,0
9968,29.320331702438068,3,1,19.99978769073941,1,1.0002652292115677,0,0.0,0
9969,64.32057336719491,1,3,3.4547123327889597,3,0.9996529381285937,0,0.0,0
9970,39.97430836066887,3,4,7.676305508839785,1,0.9509786214225484,0,0.0,0
9971,59.78585729361918,4,3,6.381913822817946,5,0.49768809421045357,0,0.0,0
9972,48.40735100684981,3,3,4.872507361808158,7,0.9627420033414837,0,0.0,0
9973,44.948254319680544,2,6,15.031098550460815,7,0.9997064204821724,0,0.0,0
9974,24.744291775365063,2,3,4.304397181084417,1,0.4321903386396512,0,0.0,0
9975,44.423908353285604,2,5,20.43386530390266,3,0.5028507841535466,0,0.0,0
9976,51.49637786485286,4,3,11.652946579434875,4,0.5038789743070704,0,0.0,0
9977,30.27516862016791,4,5,19.737983569023555,1,0.9676945258973288,0,0.0,0
9978,43.346595363890565,3,1,17.92984730349234,1,1.0001069578209965,0,0.0,0
9979,39.63867950577708,2,1,8.395968039555774,6,0.5001756244119476,0,0.0,0
9980,70.86496257757712,2,6,8.439738872768388,7,0.16382195039813063,0,0.0,0
9981,24.033671597163373,2,6,17.300725582654884,3,0.25163732594428767,0,0.0,0
9982,48.129225880162224,1,1,13.90902847966931,4,0.29737827854665877,0,0.0,0
9983,37.72648699331549,4,3,3.106315910913146,7,1.0000905972182854,0,0.0,0
9984,38.8850956944479,4,3,3.2157961442912004,2,1.0001567870339758,0,0.0,0
9985,52.840563591098594,3,2,7.772992303793025,5,0.25951045815240503,0,0.0,0
9986,26.430697790553,6,7,7.8010744743318154,6,0.3295096194637247,0,0.0,0
9987,54.00474038792693,2,1,6.563385425517891,7,0.6051810081693763,0,0.0,0
9988,18.689499963504993,3,4,12.002039978713952,4,0.1445601569085737,0,0.0,0
9989,53.289915515729916,2,6,13.103954513162803,3,1.0002495751058267,0,0.0,0
9990,45.44816866314138,3,4,3.89770520464282,1,0.9994069762451946,0,0.0,0
9991,19.65626229725515,3,4,0.0,4,1.1659006525565287,0,0.0,0
9992,41.73462357597188,2,2,7.759821319093444,7,0.9997417919193545,0,0.0,0
9993,41.59941965584864,1,5,11.255814777792326,3,0.1284658078234946,0,0.0,0
9994,48.98965563864382,3,1,11.337211417690108,7,1.0000727339163367,0,0.0,0
9995,42.14454159874432,6,3,5.088640360122525,3,0.32100015391484127,0,0.0,0
9996,21.355941503333167,2,1,11.401037879978999,4,0.5008820733733933,0,0.0,0
9997,44.174331149765216,1,2,10.474229790681216,7,0.9997102134176176,0,0.0,0
9998,44.21479509358929,2,1,9.33039102656676,7,0.16870620335171216,0,0.0,0
9999,44.74953915815602,3,1,0.0,7,0.37553605124285366,0,0.0,0
10000,42.41866579592471,3,1,4.73457227683427,4,0.9414607011802083,0,0.0,0
10001,48.62337078669519,1,3,9.645195970318422,4,0.9997485034138067,0,0.0,0
10002,43.00525361109222,2,2,4.372963202227178,7,0.9992064516959761,0,0.0,0
10003,29.051010450597648,1,4,0.0,1,0.3523651550744549,0,0.0,0
10004,53.887363946124445,4,4,20.002293549163163,7,0.21760452503440936,0,0.0,0
10005,61.69672496684926,5,1,0.5027998480855995,7,0.9421085644703049,0,0.0,0
10006,38.90576111256994,2,4,20.552520807439542,6,0.264740927270889,0,0.0,0
10007,53.531719644073775,3,6,11.705463850229599,7,1.0003580372548388,0,0.0,0
10008,31.523675216905723,5,1,22.545407120665153,7,1.0002665804977648,0,0.0,0
10009,44.63016865390361,2,3,3.7434979390928502,7,0.9993426753005743,0,0.0,0
10010,22.977830464716934,2,1,7.203297570195518,2,0.4999947816449728,0,0.0,0
10011,30.756380654290535,1,7,2.614213725166909,7,0.0004993910851051053,0,0.0,0
10012,64.60317560128048,3,3,19.98993343796252,4,1.204665077046394,0,0.0,0
10013,36.73655088520901,5,2,11.583488855063191,3,0.6235260783205915,0,0.0,0
10014,23.52549693114094,3,3,6.132599929321294,1,1.0000900776469432,0,0.0,0
10015,39.110318717298014,4,3,7.273822956688431,4,0.999472895080918,0,0.0,0
10016,45.25743472958721,4,1,6.252830672810983,7,0.9643298135935102,0,0.0,0
10017,44.29115341062701,4,6,17.51006898797022,2,0.46493552336703536,0,0.0,0
10018,56.18316491334407,3,7,14.81407700261786,3,0.9735109599613434,0,0.0,0
10019,31.843094195305998,4,6,1.0207126542768652,7,0.7823740767617727,0,0.0,0
10020,59.36456026065319,2,2,17.389828018636624,6,0.4045758343065095,0,0.0,0
10021,29.116155812447438,1,2,4.498302903016446,1,0.0,0,0.0,0
10022,52.654790468657346,3,3,6.800067130266946,7,1.0001636885754364,0,0.0,0
10023,63.5772125024762,4,1,16.794078930578213,2,0.9702974021322797,0,0.0,0
10024,48.626174701809106,4,3,10.193971168983062,4,0.13932097992548098,0,0.0,0
10025,26.38242932428595,4,6,22.158054774979306,1,0.6353316232002586,0,0.0,0
10026,53.0084844392111,2,2,20.002894556869943,2,0.4531875012290866,0,0.0,0
10027,50.03859070933087,2,1,10.926238851046604,2,0.11435397319759566,0,0.0,0
10028,47.23335640494404,2,4,7.036083003940152,1,0.6300318901557347,0,0.0,0
10029,35.54072650369114,2,3,19.99625981775589,7,0.9714231518197105,0,0.0,0
10030,71.51923422795858,2,4,5.013214282732667,0,1.067807937504571,0,0.0,0
10031,32.24177352905052,4,1,14.83379878998288,7,0.43183290335497665,0,0.0,0
10032,24.65992519540068,2,2,4.1675827444169435,4,0.23214569935124646,0,0.0,0
10033,44.07694891362757,3,3,8.399833162802983,0,0.6151545150925579,0,0.0,0
10034,49.760825102250855,2,6,10.252752358606088,7,0.3602614511622365,0,0.0,0
10035,47.38550326392519,4,1,7.065730315958336,6,0.9998641180666019,0,0.0,0
10036,54.3566457066044,1,6,20.00747253714099,1,0.8834656116835216,0,0.0,0
10037,54.25334109313188,3,3,8.60933043641802,1,0.9998741012304915,0,0.0,0
10038,60.097890861374324,3,1,6.727036012241642,7,0.9999985653459915,0,0.0,0
10039,63.08094564491677,4,6,16.747088534453752,1,0.9809400267260902,0,0.0,0
10040,25.400267424001914,5,3,10.822046522367696,7,0.3110514487597808,0,0.0,0
10041,48.035876807666604,4,6,7.347619221193808,6,0.7357942402853607,0,0.0,0
10042,70.06089766770273,2,4,19.999802187880558,1,0.9998198510121652,0,0.0,0
10043,46.488888975056426,3,4,12.447126440503057,3,0.3612072186212409,0,0.0,0
10044,29.063069913770455,3,2,15.079207753730959,5,0.17223368306901754,0,0.0,0
10045,39.159301774075644,3,3,9.690259214011768,7,0.9324185129590687,0,0.0,0
10046,23.990215004456488,3,6,16.724767634635544,1,0.35152157556019387,0,0.0,0
10047,34.934114490211414,1,4,19.991448118864376,4,0.49843988798841876,0,0.0,0
10048,31.811889905096624,2,3,5.478744018396331,4,0.49997494358300987,0,0.0,0
10049,34.14178455843799,2,1,1.9611269907762043,2,0.14090175216844136,0,0.0,0
10050,19.461010282314422,3,6,3.4943624720719004,1,0.05482710617434272,0,0.0,0
10051,44.86575643483872,7,6,14.714796052355876,2,0.0,0,0.0,0
10052,35.514879488830104,2,6,9.620456308972642,6,0.5753133854852496,0,0.0,0
10053,30.073151528369472,4,3,10.510373532037802,4,0.999949464073181,0,0.0,0
10054,24.450924397516413,3,1,12.636022213143296,1,0.9338739298648522,0,0.0,0
10055,40.03103665016356,2,6,9.701817574758042,7,0.8499299475482975,0,0.0,0
10056,45.564650042082604,4,4,16.020549846206556,4,0.3026299384384659,0,0.0,0
10057,26.268731807844784,1,6,10.427604944186378,5,0.6752929562816361,0,0.0,0
10058,42.82802286722093,2,1,18.340129451577443,7,0.15423155215351148,0,0.0,0
10059,34.90615815674811,3,1,11.50572932583812,3,0.49901799249190015,0,0.0,0
10060,45.67656289925654,3,1,13.736477968074608,7,0.9998364093292593,0,0.0,0
10061,43.63883962108937,3,5,3.4718333149833143,2,0.5009353343028481,0,0.0,0
10062,54.970275657280325,1,3,9.045813624011517,7,1.0012245776810857,0,0.0,0
10063,19.62029381056073,3,3,9.844566357445732,1,1.000680949065869,0,0.0,0
10064,4.222444330430811,2,3,11.334859647483514,2,0.16566141530785494,0,0.0,0
10065,53.18095619467134,1,1,12.822408223161112,4,1.0001909293365014,0,0.0,0
10066,36.42849153603102,2,5,0.6967451068605293,6,0.7254684880878702,0,0.0,0
10067,26.537764653803414,1,1,17.094796477714265,6,0.5150354639286954,0,0.0,0
10068,43.2606184744622,2,1,13.700053440976216,2,0.49591428212086763,0,0.0,0
10069,43.09803408844822,4,3,2.7420968288146668,0,0.43149310827300486,0,0.0,0
10070,27.886290465197764,3,4,10.000132359591971,1,0.5061572244761383,0,0.0,0
10071,62.63779555290482,3,4,20.00390293631994,1,0.44635916534839903,0,0.0,0
10072,55.59388247929141,3,5,1.2110846963281805,2,0.0,0,0.0,0
10073,25.69056559075908,1,5,9.541730214686604,3,0.39369451572776754,0,0.0,0
10074,57.66219777592419,3,4,9.69447726591784,4,0.9604039818271339,0,0.0,0
10075,37.511779524783925,3,3,19.99253314463698,1,0.4636543843522238,0,0.0,0
10076,46.83392326896788,3,1,16.07864150043458,7,0.9995728170301694,0,0.0,0
10077,64.68197322350511,4,1,5.550897477091903,4,0.4969955891819079,0,0.0,0
10078,41.857242933733744,2,3,7.193675594880569,2,0.39525511025240817,0,0.0,0
10079,31.504647245419257,3,6,18.53760038705569,1,0.47520754279894906,0,0.0,0
10080,28.00146893029409,1,2,18.27129551804237,5,0.7380516052771511,0,0.0,0
10081,37.78002819509031,1,6,4.337774482925091,6,0.6184128646361859,0,0.0,0
10082,28.305440956725853,4,4,9.814016034174156,6,0.8223366717573801,0,0.0,0
10083,38.84256277533277,3,3,14.46770074313036,5,0.2919091798705349,0,0.0,0
10084,46.4851898323232,2,3,7.49016002067412,7,0.4723763826149265,0,0.0,0
10085,41.45382599804321,3,1,17.912295298673573,2,0.9999255581802476,0,0.0,0
10086,35.9798740666997,1,3,6.156750038479514,7,0.9999895062039414,0,0.0,0
10087,54.45786938785451,5,5,19.99699057660175,1,0.4827948757947027,0,0.0,0
10088,47.63663709171202,4,6,13.583357775712608,4,0.9997783882790112,0,0.0,0
10089,57.460216695667704,4,1,4.963753314848865,1,1.000240008752018,0,0.0,0
10090,34.46297197796404,1,3,13.018349590479943,6,1.000708480829644,0,0.0,0
10091,46.840519168410395,3,1,13.487490863365764,7,1.0001369327666325,0,0.0,0
10092,51.4209408466409,3,3,12.598809954692067,4,0.5624844698048491,0,0.0,0
10093,34.8641171991837,2,3,11.299485169978151,7,0.9405965415656352,0,0.0,0
10094,27.086699981230108,2,2,13.983709587490107,3,0.1526150377246872,0,0.0,0
10095,43.95223732515437,1,5,0.0,3,0.35678842306294356,0,0.0,0
10096,21.20779081325346,5,5,5.034208746614908,1,0.11156275932158721,0,0.0,0
10097,45.78840241606429,3,3,4.261865751147931,7,0.9995559177330584,0,0.0,0
10098,55.255841384153726,3,3,13.425910461680385,1,0.947962802838835,0,0.0,0
10099,47.198214942345544,1,3,0.0,1,0.9996997903545546,0,0.0,0
10100,40.39177466592444,2,3,0.0,1,0.9999015392527895,0,0.0,0
10101,53.80600169830079,2,3,5.279290892130186,0,1.0004284652920081,0,0.0,0
10102,55.878947255642075,3,6,8.444575491011108,2,0.8016721729414908,0,0.0,0
10103,62.86121590742442,3,6,18.07442726440098,5,1.0001050259360653,0,0.0,0
10104,38.95390895404125,3,4,12.886387590621288,4,0.44344002415598854,0,0.0,0
10105,28.224760271412933,1,3,13.154178974627186,2,0.49936077903617704,0,0.0,0
10106,54.6253323834059,3,3,5.842452456396269,3,0.9995109568931451,0,0.0,0
10107,44.90117015227894,3,4,6.431851744391027,5,1.0001884128981147,0,0.0,0
10108,43.5694557818679,3,5,15.588526184755688,1,1.0000010424179315,0,0.0,0
10109,35.79445622986154,3,7,6.707022156579549,6,1.0380946100032218,0,0.0,0
10110,42.46105120351107,4,6,17.900981695645186,7,1.0001068781069904,0,0.0,0
10111,12.667545679913083,3,3,22.37481431289897,4,0.10325702769990774,0,0.0,0
10112,32.36061906813442,4,6,16.039672971483625,1,0.6519621282000423,0,0.0,0
10113,37.44096778266253,2,3,12.439686279843729,6,0.40443475549628033,0,0.0,0
10114,47.60341276040695,6,6,15.824928200949973,2,0.0,0,0.0,0
10115,48.471567748104114,2,4,19.998998005768804,4,1.0004896703935215,0,0.0,0
10116,29.769886493568706,3,3,10.144386535603184,4,0.2394906527748425,0,0.0,0
10117,37.089461409465656,3,4,0.3502172426344359,7,0.9866091196963366,0,0.0,0
10118,23.249970952612422,2,3,7.239015259617432,6,0.1756770048609324,0,0.0,0
10119,67.2543478928267,4,3,0.9113517243378855,4,1.0006004118641085,0,0.0,0
10120,41.95898729989921,4,4,19.999259534972463,5,0.7298893206494472,0,0.0,0
10121,39.668395665737904,2,1,19.999495037021653,5,0.6745502545532653,0,0.0,0
10122,52.4967301678456,4,4,20.013853624430524,1,1.000456267305577,0,0.0,0
10123,48.61504964914987,2,2,8.599210708197186,5,0.615343875208513,0,0.0,0
10124,35.80396786669055,4,3,9.264918154513186,2,0.43299825279994664,0,0.0,0
10125,56.41319796283021,0,3,11.982558406534652,7,0.99997439742365,0,0.0,0
10126,37.38753219983056,3,1,20.00357680405167,4,0.039964036750497756,0,0.0,0
10127,48.56626363573038,2,2,6.327477763099905,7,0.9998405458630653,0,0.0,0
10128,44.005362531777756,1,3,2.8318347596127023,1,0.046617727974188505,0,0.0,0
10129,62.04728550541073,4,3,5.6617792825974185,2,1.0000889022617307,0,0.0,0
10130,63.06287830551749,3,1,8.341791616151635,3,0.9994252515628659,0,0.0,0
10131,39.29277849109033,4,3,7.3656397600706045,3,0.2117602081710695,0,0.0,0
10132,23.72750894115048,4,3,3.3712994943456103,3,0.43238695146243117,0,0.0,0
10133,31.744141723716737,1,4,19.722002719315,5,0.4905153129838025,0,0.0,0
10134,61.75081128719934,2,4,2.379868520919757,4,0.0,0,0.0,0
10135,38.92178474620115,1,0,11.478861645192847,6,0.695974904925985,0,0.0,0
10136,62.81559757334051,2,5,7.202139292735085,3,0.9830416076402704,0,0.0,0
10137,43.0274262140579,3,1,20.891550287741104,6,0.2855384769021692,0,0.0,0
10138,41.37954614369814,4,6,18.405463961092337,7,0.560435751642251,0,0.0,0
10139,41.89735407634435,3,2,15.775794966459227,5,0.999777050116015,0,0.0,0
10140,56.29466591524775,1,3,6.89681626121313,2,0.022060115773339883,0,0.0,0
10141,42.37539992268098,3,3,0.0,3,0.9993671362131753,0,0.0,0
10142,56.54833214254163,2,3,15.46417853869596,6,0.9996804398585581,0,0.0,0
10143,47.45004487407239,3,1,2.732796810306075,2,0.0,0,0.0,0
10144,35.812708843946716,3,1,7.57858961686917,7,0.9996258628330088,0,0.0,0
10145,59.46332275199458,3,1,12.159268152997244,1,1.000244449522958,0,0.0,0
10146,50.108274263375364,2,3,11.195735322798582,4,0.49942842659707043,0,0.0,0
10147,47.42417619100094,4,2,14.229866105549705,4,0.9807423978008465,0,0.0,0
10148,33.926898899660344,2,3,6.502124849535065,2,0.5028732001736566,0,0.0,0
10149,51.734148173380994,2,1,27.27400106264849,6,0.9995745155465539,0,0.0,0
10150,47.36409831123883,2,3,14.470405928534895,3,1.0000877525970773,0,0.0,0
10151,47.81987355911427,3,3,3.5251793677034673,0,0.9625831066477716,0,0.0,0
10152,34.63530061425602,1,1,5.6888295632898584,3,0.0,0,0.0,0
10153,36.71627773467187,0,3,8.700339946518342,3,0.9340761251004968,0,0.0,0
10154,29.78804034401616,1,3,9.628059201439312,1,0.27878753244559534,0,0.0,0
10155,44.15582817734628,3,1,10.703789325573526,7,0.46078482655853753,0,0.0,0
10156,53.392274323426776,3,1,15.913414822044313,6,0.27982926694319316,0,0.0,0
10157,70.58013991922232,3,3,2.2678229276743114,7,1.0003817249049565,0,0.0,0
10158,41.09275214818775,2,4,17.935419896159605,5,0.30565401970562833,0,0.0,0
10159,37.9998238550312,3,4,19.98909522224545,2,1.0000550437102633,0,0.0,0
10160,26.18070358191511,4,4,4.705370927947175,7,0.6023422213774176,0,0.0,0
10161,41.487724037776246,4,3,9.624452552594475,4,0.5241460703054708,0,0.0,0
10162,46.18527224741479,6,3,10.690928328580176,4,0.4984204281831316,0,0.0,0
10163,63.75233891036406,5,3,18.41181489491611,7,1.0003686228914177,0,0.0,0
10164,33.7943560561963,1,5,5.525871831611932,1,0.013462877539194396,0,0.0,0
10165,30.024964377399055,4,1,10.618286096860665,0,0.9199679011501092,0,0.0,0
10166,62.39706923062502,4,6,9.943106130818828,1,0.0,0,0.0,0
10167,48.118588343610924,3,5,11.35838738412814,4,0.5056163195045176,0,0.0,0
10168,25.170321147308552,3,1,16.64687074434734,1,0.9605920952321931,0,0.0,0
10169,46.068603999487976,3,6,10.796935515961955,3,0.4168163001110897,0,0.0,0
10170,28.48349268150759,2,2,2.721236270329978,4,0.3573775050643393,0,0.0,0
10171,55.924460598012,4,1,11.528044089777678,7,0.9993053636157609,0,0.0,0
10172,34.58063128809668,2,5,12.506750642788905,1,0.1912598410973348,0,0.0,0
10173,36.73149160744588,1,6,9.560484409357464,1,0.9475645585581975,0,0.0,0
10174,45.34086200799135,3,2,12.49401447255735,1,0.9998129684092042,0,0.0,0
10175,17.18143647460187,3,1,14.108012259227278,4,1.000394329976112,0,0.0,0
10176,56.985262196451544,3,1,6.466461706787027,0,0.3096920482072812,0,0.0,0
10177,40.661982935763625,3,6,8.727123207379222,7,0.999905380998571,0,0.0,0
10178,36.5083179225958,1,4,20.006667123078536,1,1.0004157093166401,0,0.0,0
10179,52.55134062948284,3,6,13.371193418985886,5,0.37822729686853335,0,0.0,0
10180,50.7697230865439,5,3,6.542377467872009,3,0.49690797865602687,0,0.0,0
10181,68.23081557182002,2,6,15.728825834059512,6,0.4598084781199893,0,0.0,0
10182,49.88401770570823,2,3,10.61093696099175,4,0.49480836397560923,0,0.0,0
10183,45.32492241009007,2,6,13.949914914124049,3,0.38368615051927596,0,0.0,0
10184,29.49027716603508,1,3,0.730604998816041,3,0.4827164317924837,1,4258.7169061904515,1
10185,44.39852914861813,5,3,5.1356154069410636,7,1.0006798825101122,0,0.0,0
10186,27.987159104031974,3,1,4.856202358683035,2,0.9525884037683094,0,0.0,0
10187,55.992062780236964,2,3,16.317146287629193,5,0.5019516321155705,0,0.0,0
10188,35.30810418536514,4,3,3.1479921387986964,6,0.9461951506448766,0,0.0,0
10189,35.85130977116343,3,6,0.0,6,0.23968418347629084,1,3122.5693991466405,1
10190,39.197074788818895,5,3,14.250672028305583,0,1.0001572054102217,0,0.0,0
10191,43.900129042164544,6,2,12.573247891750752,7,0.6668504100391593,0,0.0,0
10192,52.29083802098944,2,1,5.999076042384554,7,1.000579196751979,0,0.0,0
10193,34.49382983628717,3,2,20.00854923532439,1,0.5941504611693922,0,0.0,0
10194,36.38929855214739,3,4,22.08820145456864,2,0.017188029192932164,0,0.0,0
10195,36.854511986746985,4,3,11.102676694634361,1,0.2795438994965807,0,0.0,0
10196,28.41274447519165,3,4,15.871907245964778,2,1.0000906497586897,0,0.0,0
10197,39.41859552593375,2,3,12.674314713742369,7,0.9314594131217027,0,0.0,0
10198,42.62853381531641,2,4,7.301005580434644,6,0.5856610224853522,0,0.0,0
10199,48.7216632615361,2,5,8.777016748161001,2,0.9678892899715923,0,0.0,0
10200,42.36191888657512,4,1,16.281213987080363,4,1.0004134568919394,0,0.0,0
10201,61.30671971660143,2,3,6.95437722588445,3,0.9993414827850802,0,0.0,0
10202,26.455121806293413,3,0,6.0405427716937945,5,1.0000044615366876,0,0.0,0
10203,32.44802333419627,3,3,2.053762293915703,1,0.5198117856067757,0,0.0,0
10204,45.011686659155,2,3,2.6141785769002936,3,0.49337982460111146,0,0.0,0
10205,59.92689268157305,3,1,2.413286463493474,7,0.9807389513997071,0,0.0,0
10206,52.744735095436965,2,3,20.446359765286793,7,1.0002788418880297,0,0.0,0
10207,62.90806121141589,2,2,10.737012404717285,1,0.3848182573435465,0,0.0,0
10208,31.727782372143405,4,3,3.3142670895470348,3,0.5009528914898177,0,0.0,0
10209,28.758968687521893,1,1,0.0,3,0.05560062033572877,0,0.0,0
10210,57.89922436737392,2,1,14.616067641985985,1,0.5021708517348329,0,0.0,0
10211,60.47308175269196,2,3,14.737816309277692,6,1.0003445380963325,0,0.0,0
10212,58.77151840546094,5,3,16.715169307503654,3,0.23216037445645554,0,0.0,0
10213,44.800556606033375,2,6,2.9234239606601022,6,0.5788831844668334,0,0.0,0
10214,24.310794887044466,4,2,9.45389927019476,2,0.0631820415010359,0,0.0,0
10215,34.65772208312216,1,1,9.357570254780544,7,0.9970929171069988,0,0.0,0
10216,21.687524242062754,4,1,15.71114218689964,0,0.9749789895688334,0,0.0,0
10217,41.77566914407302,2,1,20.00085103631806,0,0.24333853834065994,0,0.0,0
10218,50.50049095332178,4,5,21.42555703153146,7,1.0001543211499384,0,0.0,0
10219,52.41577964766442,5,3,9.531265939592895,4,0.9683614746011195,0,0.0,0
10220,35.730535587289026,4,1,18.778757215475352,0,1.0002017123468783,0,0.0,0
10221,50.69276798488592,3,1,9.305421774071947,7,0.5658845861735783,0,0.0,0
10222,37.218069038249766,4,0,13.93259119190955,6,0.4069826446390807,0,0.0,0
10223,46.13175015470504,1,1,11.368829002463524,3,0.9497731298371135,0,0.0,0
10224,62.97911923038815,4,2,2.4669065124219642,5,0.4795675699367924,0,0.0,0
10225,49.54776731300316,2,6,13.056986509899076,6,0.22410397372361934,0,0.0,0
10226,46.69862921243244,4,3,13.443231256133174,1,0.9535720410566062,0,0.0,0
10227,46.27909209196142,3,4,3.6124652121763274,7,0.9992589669765486,0,0.0,0
10228,32.9103266556061,1,1,12.314691663433692,7,0.4110055600037361,0,0.0,0
10229,35.28566140191158,5,3,12.66049024653623,7,0.22230792134837973,0,0.0,0
10230,32.5986184580862,3,3,18.63653066383256,3,0.9430484185207517,0,0.0,0
10231,46.8886617048634,3,3,17.884501028769705,5,1.000327140666881,0,0.0,0
10232,10.03620677874909,2,4,15.100921831138214,1,0.6579951032319417,0,0.0,0
10233,27.535802202602344,2,2,15.594747844355302,5,0.48710047915055804,0,0.0,0
10234,38.34209418447466,2,1,8.698213146491629,7,0.2585760213278607,0,0.0,0
10235,46.067853157829404,2,2,14.628062778899539,7,1.0000729660991357,0,0.0,0
10236,29.4835391753192,3,3,2.90134050443249,3,0.9329225303802391,0,0.0,0
10237,46.02068050586824,3,1,11.01289458115942,5,0.0,0,0.0,0
10238,61.390355044827544,1,6,11.345081281846118,7,1.0000700009127605,0,0.0,0
10239,15.207775798268667,3,3,4.893496548507248,1,0.20035665343981268,0,0.0,0
10240,23.28200923144006,3,3,0.0,2,0.27894143060572435,0,0.0,0
10241,23.497622777532822,2,1,19.99572287952691,2,0.22211230893795242,0,0.0,0
10242,37.85966255297147,1,2,11.114682657929231,6,0.9996781951029986,0,0.0,0
10243,23.476885138570175,3,0,14.586065491485435,1,1.000028414293603,0,0.0,0
10244,30.460751411277073,4,1,17.504372430575906,2,0.74179558440881,0,0.0,0
10245,21.085937925848373,6,6,10.338244117359627,2,0.6049720475339991,0,0.0,0
10246,43.64202299690796,3,4,15.344630189839464,6,0.17007562375645935,0,0.0,0
10247,68.749649893629,2,3,18.64169013168164,3,1.000114318257639,0,0.0,0
10248,37.64845311119195,3,1,7.897766357883387,3,0.5012927245123685,0,0.0,0
10249,47.1444634126337,2,6,16.659743034817577,7,0.9999559053751168,0,0.0,0
10250,57.896274736988026,1,5,7.078133009904622,7,0.9994354893591049,0,0.0,0
10251,46.81339426432003,4,4,19.996929781922134,1,0.7818197636603219,0,0.0,0
10252,56.785646483931856,5,3,9.535420286431647,6,0.5997656470892916,0,0.0,0
10253,25.709927160071295,5,4,19.997793126487633,1,0.9998670619998256,0,0.0,0
10254,21.733922774216694,3,5,8.500265018912284,5,0.9578237178505569,0,0.0,0
10255,30.448802901652787,3,4,6.108024648402767,1,0.32832467476544586,0,0.0,0
10256,38.14011552198632,3,6,1.7356799858318492,2,0.7016988341842328,0,0.0,0
10257,55.998228563919675,3,8,17.039432426211505,2,1.000098642398768,0,0.0,0
10258,42.00926746486039,4,5,1.2020904109311292,1,1.0000942488965325,0,0.0,0
10259,43.70452815127326,2,3,7.630295132657253,7,1.0002229161889615,0,0.0,0
10260,34.324645526315756,2,1,8.618647115258115,1,0.498351090442799,0,0.0,0
10261,34.36238058363581,3,3,2.660106639786413,7,0.9992421581275744,0,0.0,0
10262,43.7869338420551,4,4,19.99488640711064,2,1.000474717601699,0,0.0,0
10263,53.82295993953932,3,1,25.469233516524724,7,1.0004140238058645,0,0.0,0
10264,51.1824944066661,3,3,7.326016904721694,3,0.4215637902643133,0,0.0,0
10265,52.08406205823704,1,3,20.225775691485406,3,0.9999445898645607,0,0.0,0
10266,53.43833576734356,4,2,19.188066570458496,7,1.0005735896315509,0,0.0,0
10267,40.728712438705394,3,6,20.52388074791829,7,1.0002743971154846,0,0.0,0
10268,66.65307929605528,4,2,13.108069198287303,7,1.000178753698896,0,0.0,0
10269,28.787076343093208,3,2,7.483452810881192,1,0.4173776237603757,0,0.0,0
10270,49.353186580137184,4,2,14.663570201080038,6,0.7520636586501774,0,0.0,0
10271,49.78762381202804,4,6,3.870738080151215,2,0.9995514699091557,0,0.0,0
10272,48.166548473380665,4,2,3.1833927999630927,6,0.6676531070979579,0,0.0,0
10273,45.43118187647042,1,2,7.279525814492651,6,0.27012919055023665,0,0.0,0
10274,33.48314740739654,1,5,11.216658973920648,7,0.948454085028757,0,0.0,0
10275,43.468630920725865,4,4,20.00532984716893,3,1.0001276745444847,0,0.0,0
10276,32.19608540823049,1,5,6.735803019695433,3,0.4988414474996885,0,0.0,0
10277,26.545770926899493,3,3,19.9981702934557,2,0.545478583521011,0,0.0,0
10278,49.61787541187145,4,3,14.311595785554042,3,0.9211882653516057,0,0.0,0
10279,53.78372022593277,6,3,19.13209601685837,1,0.6622742729329449,0,0.0,0
10280,48.80874948924554,2,1,10.901040570770546,2,0.253606170377002,0,0.0,0
10281,28.091147127311437,1,6,13.786926912315352,5,0.19399580858720933,0,0.0,0
10282,60.791523108154124,1,1,16.29905640717348,3,0.5123148675396758,0,0.0,0
10283,61.68974827908775,2,3,23.979734978753633,1,0.491098539901218,0,0.0,0
10284,37.664635232739364,3,4,17.85540514074666,1,0.994118476865802,0,0.0,0
10285,34.49833499027935,4,1,15.16964325189581,2,0.949912708328059,0,0.0,0
10286,68.45668886300848,3,3,19.44011776035419,2,0.9999271823512975,0,0.0,0
10287,43.42723871006587,3,3,15.692288677464804,3,1.0004959138456009,0,0.0,0
10288,49.70732455455763,2,6,6.980783324829986,7,0.9999205780257199,0,0.0,0
10289,66.47356583365864,5,2,16.562702079721745,7,0.999627556966145,0,0.0,0
10290,42.855027035386975,2,3,6.181548805623341,7,0.5809716020755705,0,0.0,0
10291,33.00266240678641,4,1,13.792295312814208,2,0.8893179508384447,0,0.0,0
10292,36.977860460619425,3,3,16.60642910720937,3,1.0003014066922198,0,0.0,0
10293,39.99271290900787,5,2,11.172695401560858,3,0.9178405979266125,0,0.0,0
10294,51.97170123903287,3,1,4.6457201499108995,5,0.4970562623753224,0,0.0,0
10295,39.28081010833348,6,6,3.758013740823375,7,0.4816910217450092,0,0.0,0
10296,52.64037856635787,3,1,10.449660867179652,7,0.9996108465627264,0,0.0,0
10297,57.78737469701532,3,3,8.651490858095368,7,0.948523904015605,0,0.0,0
10298,35.78516717711341,1,2,16.687420387768515,7,0.9999018561223305,0,0.0,0
10299,25.03132582001002,4,2,9.724465497777295,5,0.2896922434900104,0,0.0,0
10300,54.49474030932333,4,6,10.348956148699232,7,0.9997793429540641,0,0.0,0
10301,80.87093482182782,3,4,19.98798187409421,1,0.8847417839275002,0,0.0,0
10302,54.92427149157125,2,3,16.80059052890035,7,0.9996441781014065,0,0.0,0
10303,37.86577828015588,3,1,16.56096959814535,2,0.9587745405972574,0,0.0,0
10304,51.9560214705792,2,1,14.17394524453487,1,0.4957184678915286,0,0.0,0
10305,54.1249309968697,4,3,15.718834229904257,7,0.9996452897110306,0,0.0,0
10306,58.12146489842373,5,1,6.687373191815806,7,0.49894777157380027,0,0.0,0
10307,46.6236760481473,6,2,13.281000967117313,7,0.5154072650842167,0,0.0,0
10308,35.640575224573915,3,3,0.012265679799240203,5,0.999838158216374,0,0.0,0
10309,57.748435833005686,3,5,11.664606285661451,4,0.02373950575302264,0,0.0,0
10310,54.771830565621,5,3,5.428636708876311,4,0.5343461077350505,0,0.0,0
10311,44.074013389102085,3,1,19.995698136368468,0,0.6841808899502715,0,0.0,0
10312,54.1100930872426,2,3,15.938963031379995,7,1.0002424278125244,0,0.0,0
10313,58.0876937944468,3,1,0.0,7,1.0001149517250407,0,0.0,0
10314,27.378203250290625,2,6,2.829779558975197,3,1.0003151771526062,0,0.0,0
10315,55.23663708466846,4,1,11.14484898422872,7,0.9998240476067378,0,0.0,0
10316,36.999873780340636,3,1,14.79273448431988,1,0.5699807527324529,0,0.0,0
10317,40.764800092760304,3,4,11.617995994142097,2,0.8188929023933474,0,0.0,0
10318,40.805192629479755,2,3,10.034530863869017,7,1.0000489542589104,0,0.0,0
10319,21.840651931567027,2,3,4.5950279517875865,2,0.9994940862656598,0,0.0,0
10320,22.430204263978947,3,3,11.354049912143974,2,0.17135101622364457,0,0.0,0
10321,67.29049013405744,3,2,9.982788787981487,7,1.0003586750009898,0,0.0,0
10322,38.508635186039875,1,2,20.002896069418057,1,0.9997695097414359,0,0.0,0
10323,35.176058137263475,1,6,9.312775451481528,7,1.000396780965896,0,0.0,0
10324,50.0317296409316,3,1,14.905124775901196,3,0.9997541533882561,0,0.0,0
10325,30.452063039648763,4,2,8.046479502148769,6,0.17618833549211432,0,0.0,0
10326,45.37900523910529,2,6,14.52808893693078,3,1.0002505884343478,0,0.0,0
10327,56.82289706790057,5,1,15.861191849279653,7,0.9996615780713799,0,0.0,0
10328,53.95426098119949,2,3,4.846708104689352,4,1.000475205291148,0,0.0,0
10329,26.877745450855016,5,4,20.000020175053074,1,0.41800951340433795,0,0.0,0
10330,43.365494604702974,3,6,13.919630595536947,3,0.3202817846254213,0,0.0,0
10331,48.523821476371054,4,5,13.110219626056347,4,0.3730618000723084,0,0.0,0
10332,48.074393698909084,3,1,16.310828094640204,7,0.45486936457602073,0,0.0,0
10333,20.989701398120186,5,5,1.4633198755911287,3,1.0058146238342112,0,0.0,0
10334,44.56255535939138,2,3,16.073909595092697,7,0.9999811463953788,0,0.0,0
10335,29.279619614009533,2,1,13.276860648803565,3,0.21457078659337075,0,0.0,0
10336,33.09075530277851,1,6,18.464136938408718,6,0.9996041897180148,0,0.0,0
10337,38.5543538253532,4,5,19.991928284147498,1,0.9993218519521304,0,0.0,0
10338,46.904803072005244,0,6,2.4578316786997956,7,0.3610789304989541,0,0.0,0
10339,36.089238713939984,3,1,3.910946564885725,2,0.6947740220099319,0,0.0,0
10340,52.790991183978434,5,3,15.589278386041983,3,0.49706185611551074,0,0.0,0
10341,49.479747533444204,5,3,12.997878811996532,3,1.0002126224450973,0,0.0,0
10342,61.00728791167427,2,3,11.885119755172052,7,1.0000765422284459,0,0.0,0
10343,48.178923055358936,1,1,20.496190775982704,0,0.4994153805134529,0,0.0,0
10344,24.00856081323778,3,2,7.248864351295335,3,0.48533425673544756,0,0.0,0
10345,59.805885096454475,4,2,7.784553658482261,7,0.3757299433366585,0,0.0,0
10346,44.31200651638162,3,1,8.086052039388942,2,1.0001083705007678,0,0.0,0
10347,37.44213975193729,6,5,14.018200509295912,1,0.23995604984919405,0,0.0,0
10348,23.138924006121304,3,2,6.453180099479083,2,0.9438839856285575,0,0.0,0
10349,31.54010786997749,3,3,16.412838876243264,3,0.5485229339148469,0,0.0,0
10350,50.767880693184,4,6,12.24329502178054,4,0.6665357655711955,0,0.0,0
10351,40.37839423360465,3,3,10.967640533029844,2,0.5015131161567028,0,0.0,0
10352,43.65955197150889,3,2,16.605046163604463,7,0.9995501163344085,0,0.0,0
10353,40.763226850328486,2,1,3.1379789630443238,7,0.0,0,0.0,0
10354,26.194635003119792,3,2,12.95016160499591,1,0.3590842064256891,0,0.0,0
10355,50.32342229149852,4,6,8.611049946869683,7,1.0000083023480073,0,0.0,0
10356,24.63880908444374,3,1,7.383611496325475,3,0.9999022938201776,0,0.0,0
10357,43.72976678707919,4,1,10.432465002544044,7,0.42648255055964224,0,0.0,0
10358,43.920780776093586,3,2,7.139004299131526,7,1.0004161315018876,0,0.0,0
10359,36.66878594461878,2,1,16.2963529920314,1,0.23105362381368538,0,0.0,0
10360,46.49892756031491,3,4,20.010814452347326,1,0.18825260089791268,0,0.0,0
10361,42.66707837740164,3,6,4.323145327732507,2,0.5738604721833581,0,0.0,0
10362,34.22324038476536,2,1,7.354045628046839,2,0.0,0,0.0,0
10363,39.939021650478864,3,1,14.696176571562239,5,0.6026574415196018,0,0.0,0
10364,44.41895029506066,2,6,14.582622033756605,6,0.6569983188990959,0,0.0,0
10365,61.02671322366966,1,2,8.13035331980098,7,0.999725802785082,0,0.0,0
10366,49.693842982814076,3,2,14.844733186646957,3,0.9997009870575081,0,0.0,0
10367,36.229328215034265,5,1,5.169189343375893,4,0.16254964781453407,0,0.0,0
10368,48.64215362358175,4,1,0.0,7,0.9999601183906409,0,0.0,0
10369,39.77400507422607,3,3,5.714636240879285,7,0.3045730911291187,0,0.0,0
10370,53.57931381487766,3,5,12.430469574262197,7,1.0002422621024751,0,0.0,0
10371,38.602156269899844,3,2,18.705261035668872,1,1.0000604538756026,0,0.0,0
10372,65.2212048106623,4,3,20.294575690453712,2,1.0000674257351347,0,0.0,0
10373,68.89889321007965,4,3,7.002419463763156,3,1.0001187873437867,0,0.0,0
10374,34.97254004266696,2,3,13.033708700551507,1,0.4249858338234699,0,0.0,0
10375,26.903239178459174,1,3,1.9226108738346674,3,0.5699063119688956,0,0.0,0
10376,40.20765965311121,1,4,12.254661399121876,4,1.0465013432567358,0,0.0,0
10377,53.13802232261999,2,2,18.266929984837038,2,0.7571968111270369,0,0.0,0
10378,26.51223739088949,4,4,15.49387426182458,2,0.02479168579960478,0,0.0,0
10379,50.439781513572676,2,6,17.74330692922487,4,0.6453429223027174,0,0.0,0
10380,30.882730002592155,2,5,8.67367012573785,1,0.9870040467398717,0,0.0,0
10381,58.90790121341071,2,1,19.191395730503945,7,0.9997262128765525,0,0.0,0
10382,63.36790142292499,3,5,13.93280913158562,7,0.9996011968265714,0,0.0,0
10383,13.108295803707858,3,3,13.378114411706605,2,0.5744395517161026,0,0.0,0
10384,49.007023703962865,1,5,14.604225165820448,7,0.999761396717928,0,0.0,0
10385,48.613394408265314,1,3,0.0,2,0.9549370320189712,0,0.0,0
10386,34.23783310936983,3,2,7.638214669320666,7,0.35328217120576,0,0.0,0
10387,54.03292023254826,3,3,0.0,2,0.5029878645354084,0,0.0,0
10388,51.90460532447565,4,1,3.3284596096052725,5,0.579317951511476,0,0.0,0
10389,57.269062322148514,4,6,16.731455964775265,7,0.4030962494489671,0,0.0,0
10390,53.96746095853164,4,6,0.0,7,1.0003239003796587,0,0.0,0
10391,34.84110990138511,3,2,15.103694793336192,7,0.9996617055235915,0,0.0,0
10392,23.71456617501123,3,3,7.1272078740192395,4,0.20724400879089044,0,0.0,0
10393,62.238283795187414,2,3,23.451719437832345,3,0.3150391427818256,0,0.0,0
10394,66.04726935936893,5,5,5.523732575390614,1,0.9527133186213418,0,0.0,0
10395,68.0645050568207,4,3,4.10157252950257,1,1.0002629024110683,0,0.0,0
10396,56.43164388128463,4,6,13.250016656561424,3,0.9997362213441294,0,0.0,0
10397,31.916932360312572,3,3,8.86005031411201,4,1.0011128114019188,0,0.0,0
10398,26.11638442042151,4,4,20.010089846232667,5,0.15836409754019942,0,0.0,0
10399,17.723677587388334,4,2,1.1004824790464145,7,0.9999585884356806,0,0.0,0
10400,31.59458573594798,3,4,15.765489131892718,4,0.9997672455902581,0,0.0,0
10401,52.343145342684245,4,3,16.077707869532748,7,0.41325632758120096,0,0.0,0
10402,43.68857562882419,2,3,10.907012531201286,3,0.4988150271218621,0,0.0,0
10403,34.60929357298382,1,1,4.49001107313674,2,0.4995359063206679,0,0.0,0
10404,52.17925723914071,4,1,15.480093167850931,3,0.999897132367529,0,0.0,0
10405,40.865974348708946,2,1,5.300836181125736,3,0.6012387346906293,0,0.0,0
10406,47.86606658534835,6,2,4.210320048389452,7,0.7800297116814076,0,0.0,0
10407,38.56502889249982,2,3,11.914278037024966,4,0.49843641629423885,0,0.0,0
10408,32.75839373943529,4,5,20.000805438949108,1,0.4437979859463458,0,0.0,0
10409,47.13106647707936,3,4,15.975347489827438,4,0.6505875082887596,0,0.0,0
10410,44.97773056563691,1,3,15.098009824419478,2,0.5001484756837056,0,0.0,0
10411,45.09904105166592,4,5,18.53261397441801,4,0.49265591296133904,0,0.0,0
10412,28.471645968087763,3,4,14.473413078343338,4,0.12684125922664535,0,0.0,0
10413,30.0771528242547,0,1,15.750798777066027,5,0.5030694709931214,0,0.0,0
10414,30.351568809136374,4,1,9.938931730895954,3,0.3632981509771876,0,0.0,0
10415,72.35730649710852,2,6,19.67980627907843,7,0.9993533594887062,0,0.0,0
10416,17.530098101167727,1,3,5.1416901962991295,2,0.4070502207293294,0,0.0,0
10417,14.295211303546758,3,6,18.47377099849734,0,0.22683167437101254,0,0.0,0
10418,49.837238715984945,2,4,20.004082177701488,1,1.0002978229082788,0,0.0,0
10419,39.1311343543378,3,3,15.223235859693842,7,0.44637694993801236,0,0.0,0
10420,44.972433693715516,3,2,13.468846650450985,1,0.9999914162979657,0,0.0,0
10421,24.46839707027754,4,6,12.425876841284332,2,0.2186158019440772,0,0.0,0
10422,46.72744896613504,3,4,19.998102105627694,7,0.9309408706270643,0,0.0,0
10423,42.77825596092619,3,2,6.0425152860798725,6,0.9999349676126528,0,0.0,0
10424,36.73728048100417,4,2,7.895287087146146,6,1.0536965979787232,0,0.0,0
10425,28.61870455707387,2,6,17.292043139955318,5,0.5165153117930074,0,0.0,0
10426,67.46704776868012,3,4,12.47147743530835,7,0.9828134989885249,0,0.0,0
10427,27.211582487378667,1,2,19.587789947384486,7,0.999769805170258,0,0.0,0
10428,53.38253718303986,4,3,13.820669922792193,7,1.1820978120791201,0,0.0,0
10429,49.73999157631392,3,1,8.694534277864935,7,1.0000884538894061,0,0.0,0
10430,39.2950111690332,4,4,20.000419167510465,1,1.0004739889824226,0,0.0,0
10431,45.91260256881444,4,2,8.641901180462245,6,0.5695076038337606,0,0.0,0
10432,40.300785398684695,2,5,1.7635200542358795,7,0.9667363963080211,0,0.0,0
10433,24.35472539368461,3,3,15.853050124133919,7,0.2387379027029372,0,0.0,0
10434,55.42516982833995,5,6,13.3453649851101,4,0.9999908070735255,0,0.0,0
10435,23.383826025118424,3,5,13.777637491232237,2,0.9999724844944554,0,0.0,0
10436,34.254183244985086,5,1,4.3940915999709125,3,0.5039900673782763,0,0.0,0
10437,56.06762181737925,4,3,21.597094677492215,7,1.0001977083523363,0,0.0,0
10438,61.53377409236313,3,3,13.548071673339164,3,0.9996552136713577,0,0.0,0
10439,15.889913969265837,3,4,19.998539675633936,1,0.4465441681348651,0,0.0,0
10440,42.10296724812639,4,3,9.064683171146308,2,0.06166144945102159,0,0.0,0
10441,49.541373402859804,2,4,14.400440552702918,6,0.028602264548271084,0,0.0,0
10442,28.667339188708784,3,3,14.17954412005106,1,0.9720202814385943,0,0.0,0
10443,42.22950449512479,3,5,14.007026851431197,4,1.0001908877526282,0,0.0,0
10444,19.015085436969905,3,3,7.505278345809709,2,0.7292012983230668,0,0.0,0
10445,37.11246345679864,3,3,16.407603468449352,3,0.4997846801165513,0,0.0,0
10446,53.57520540078979,2,4,9.207636144451829,1,0.9679191619726051,0,0.0,0
10447,34.31155203047071,3,4,8.032044789812959,1,0.5203114141147198,0,0.0,0
10448,48.59544317922866,4,6,12.062104882269091,2,0.07612175905129881,0,0.0,0
10449,55.94133979273188,5,2,18.66387425721517,3,0.8169784864326486,0,0.0,0
10450,40.90752459257149,3,1,16.653117915767144,7,0.23878204124415298,0,0.0,0
10451,44.26952546812667,3,6,15.298499854152418,5,1.000369776016949,0,0.0,0
10452,69.48087066622284,2,4,11.877428551486668,1,1.003214180318505,0,0.0,0
10453,37.980392294573264,0,6,8.283709082736278,1,0.9921113779368838,0,0.0,0
10454,32.88092646711944,5,5,6.341688745290398,1,0.9433316876946427,0,0.0,0
10455,66.70645288287726,3,3,11.858747194471551,2,1.0000750602307493,0,0.0,0
10456,19.925169157040038,3,4,3.965498477195906,2,0.4625101103392327,0,0.0,0
10457,31.08904963967533,1,1,22.964355839227466,7,0.9998645116914803,0,0.0,0
10458,45.524996483919494,3,2,4.814198514830624,5,0.5410840050313712,0,0.0,0
10459,16.070435818909587,2,5,17.736100133176997,3,0.9996653872909025,0,0.0,0
10460,29.93528913905825,3,6,10.902933974347253,5,0.9995112190457813,0,0.0,0
10461,40.99589857193258,4,5,15.314119444922593,3,0.4989173793144902,0,0.0,0
10462,27.265458254368973,4,3,9.19039999954856,7,0.3868229246047304,0,0.0,0
10463,23.277911706848037,2,7,0.8666070194615703,3,0.00021934599653694598,0,0.0,0
10464,18.081957776721346,3,1,8.41841190694895,7,1.0000567116211245,0,0.0,0
10465,38.59814120989995,1,4,10.088339682434473,3,0.3805299894994664,0,0.0,0
10466,54.594539861794395,4,6,8.113416063868295,7,0.9999853883385844,0,0.0,0
10467,45.43499848880911,4,2,8.878499848816498,7,1.0002127806898242,0,0.0,0
10468,56.117222161745005,0,4,20.000010071908967,1,0.9998160284513485,0,0.0,0
10469,24.026137225049645,3,6,9.063060784215441,1,0.39486419009970464,0,0.0,0
10470,52.26358778648838,4,6,6.670313268200461,7,1.000150773305791,0,0.0,0
10471,34.69887981680077,4,1,14.053581630952118,1,0.5778838894999557,0,0.0,0
10472,45.0828670036611,3,1,10.160943570932403,2,0.6377246932944107,0,0.0,0
10473,51.21559694681601,3,3,5.143844062542858,3,1.0003732190771637,0,0.0,0
10474,14.90172824525019,4,3,8.254627660212122,3,0.09129152411930475,0,0.0,0
10475,45.90625246586924,2,3,5.579353623929221,2,0.9255809842268294,0,0.0,0
10476,69.08207072740436,1,5,15.356242647826846,8,0.9656856970561016,0,0.0,0
10477,41.13958342767441,3,3,16.916241730494495,7,1.0000384478403017,0,0.0,0
10478,51.999085385675635,5,2,10.596610187646375,7,0.19983206718165286,0,0.0,0
10479,53.21809605240927,4,1,19.98738784645586,2,0.5825463918674707,0,0.0,0
10480,50.25257748669504,2,3,0.0,7,1.0000445832541345,0,0.0,0
10481,59.76598303221259,3,4,17.787077206261248,7,0.6210516887365785,0,0.0,0
10482,26.46694603218105,3,4,16.398264889973916,3,0.53084983155723,0,0.0,0
10483,31.415624286203418,4,6,17.166683278296812,5,0.6109913391642887,0,0.0,0
10484,54.97456197121309,3,3,9.475099729268196,5,0.5690423475957823,0,0.0,0
10485,50.865095419109664,6,1,3.071153238010071,3,0.9997977206179671,0,0.0,0
10486,32.01201132846974,3,2,20.327272548760664,1,0.4031959702914112,0,0.0,0
10487,45.87609859554448,1,3,12.060725456806669,7,0.9996365719792144,0,0.0,0
10488,50.30094230246309,5,4,10.488836013973637,2,0.9999108178069784,0,0.0,0
10489,47.579642745151844,2,5,19.99464263760637,1,0.6501298537075155,0,0.0,0
10490,34.33790465403129,3,5,13.215271039906723,7,0.7795057764502872,0,0.0,0
10491,35.40186966302161,4,3,9.035660891984564,4,0.0919323824904057,0,0.0,0
10492,42.52232206427401,6,3,6.4501073510221065,1,0.4790165927145279,0,0.0,0
10493,52.29301018578928,5,2,8.434062377086475,1,0.14548558588895943,0,0.0,0
10494,34.49778155939268,3,3,14.259269623482847,2,0.9999643654670758,0,0.0,0
10495,21.23678400171136,3,1,13.972603005918517,2,0.5011852221627702,0,0.0,0
10496,41.394957165311865,2,3,10.763930127641355,5,0.12180408107694274,0,0.0,0
10497,41.14577054808721,2,6,7.667958421267469,4,0.49403823449916884,0,0.0,0
10498,33.637482756546966,4,1,10.691067726501158,7,0.941423536455711,0,0.0,0
10499,49.63014410910591,6,4,6.006438839815112,4,0.49984835969671226,0,0.0,0
10500,40.19041204402514,3,4,20.011965221261057,1,0.6603381521968072,0,0.0,0
10501,54.31474387988917,6,2,11.22900169035557,1,0.1328220000825323,0,0.0,0
10502,58.69528036648525,3,2,11.820468015899278,7,0.9999797295344568,0,0.0,0
10503,51.92243194597386,3,3,1.969791098917737,4,0.49569839205839705,0,0.0,0
10504,58.10406721725719,5,3,19.21320259631735,2,0.9773919502187296,0,0.0,0
10505,28.626672741246416,2,1,5.933235695899692,1,0.2732611879842618,0,0.0,0
10506,14.188672832688862,4,1,4.336782252939298,3,0.0,0,0.0,0
10507,34.94835107844107,2,3,18.509004029790837,7,0.9997151721124133,0,0.0,0
10508,28.388283709822804,3,4,12.230217389494609,3,1.0001669942965692,0,0.0,0
10509,33.00674628609582,4,5,3.5484906894983714,5,0.4988414228959227,0,0.0,0
10510,55.586869905411895,2,2,9.715288391088732,7,1.0002629107325784,0,0.0,0
10511,61.79542088866918,1,4,14.116689733395718,9,0.9971952165598538,0,0.0,0
10512,44.4784374246345,4,1,9.488519353647396,3,0.9678849626594803,0,0.0,0
10513,46.95503897488842,3,3,17.616003435321588,1,0.9999860207267045,0,0.0,0
10514,61.40042376645209,0,3,6.258254454798029,4,1.0007471702153572,0,0.0,0
10515,54.517156662117536,3,5,13.291902343984688,1,0.2509743548968022,0,0.0,0
10516,36.065137338600806,5,3,5.949427721918444,2,0.9999244620042678,0,0.0,0
10517,52.85092976388168,4,3,17.55816966398305,7,0.9999940003222677,0,0.0,0
10518,46.40663570414736,5,4,20.00223255841295,5,0.4942364989749356,0,0.0,0
10519,36.45198805589453,3,3,8.279476988734315,7,1.000457368502239,0,0.0,0
10520,26.62189088776082,3,2,14.699209814220513,1,0.43328493900506837,0,0.0,0
10521,41.827813792364985,1,1,5.873177016662137,6,0.6993741669157963,0,0.0,0
10522,41.31510303080023,2,6,16.38751230687135,1,0.38212935034003964,0,0.0,0
10523,40.017540866675276,4,6,17.330038733974693,0,0.5748449895098682,0,0.0,0
10524,26.969922004437887,4,3,14.695088270480746,6,0.16648752564089642,0,0.0,0
10525,49.39307088839519,2,1,9.888170322328348,6,0.0,0,0.0,0
10526,24.7423315649299,2,5,11.299970475211406,1,0.48251623648672093,0,0.0,0
10527,32.68620449657644,1,4,16.06774540526169,6,0.2962127909234217,0,0.0,0
10528,18.41631101275164,3,4,5.522337487801253,2,1.0088404611814368,1,9179.048699604396,1
10529,46.44730976998876,4,6,6.740503910530762,4,0.602072292121101,0,0.0,0
10530,38.390230991815244,2,4,20.00499872608215,7,1.0002701736708248,0,0.0,0
10531,37.58624000623528,2,6,16.12049956959702,3,0.9995863370838325,0,0.0,0
10532,41.81850648584556,3,5,13.01108091123626,7,1.0002965716112993,0,0.0,0
10533,44.66365912843623,2,4,15.391386866638804,1,0.6764181612371082,0,0.0,0
10534,48.9214533580246,0,3,5.359028809104282,2,0.502550684704483,0,0.0,0
10535,53.51529049242038,3,3,3.3618756382959054,7,0.9997160971865472,0,0.0,0
10536,40.109846391850496,3,3,12.663771173581528,2,0.5343242818603846,0,0.0,0
10537,55.533843450817784,3,1,14.9417938643531,1,1.0228128818900761,0,0.0,0
10538,52.21289608744292,2,4,3.369118669364081,7,0.13767398109776274,0,0.0,0
10539,42.02035020333519,3,6,0.0,2,0.17333857394039476,0,0.0,0
10540,42.4900511623708,2,1,14.708657417818412,1,0.9494195225888087,0,0.0,0
10541,25.3226540216459,3,2,2.866075633611283,2,0.7101090306289152,0,0.0,0
10542,33.935219398200246,1,3,6.961008585403215,2,1.000174531697833,0,0.0,0
10543,64.64177116242878,3,6,13.816126878181548,7,1.0000531360950524,0,0.0,0
10544,42.54799608409917,3,3,0.0,3,1.0005659165084042,0,0.0,0
10545,35.00766228045611,1,6,10.30866905976262,5,1.0001427137377623,0,0.0,0
10546,47.874705631739204,1,4,3.838812842433514,6,0.3818612444934607,0,0.0,0
10547,38.21254013074951,3,3,12.125344773860418,3,1.0004262079539907,0,0.0,0
10548,47.40915731940904,3,6,13.732052674564333,4,0.17201272738010687,0,0.0,0
10549,30.868747483306404,3,6,3.804361504249985,4,0.21927798307781066,0,0.0,0
10550,38.133738785793405,3,6,16.757477950668388,4,0.5755847583969673,0,0.0,0
10551,55.91364188172918,3,8,0.0,3,0.9919292728640057,0,0.0,0
10552,54.56651857528587,4,2,16.312521403499513,7,1.0000044228750842,0,0.0,0
10553,26.930303833323002,3,4,11.825901614767972,1,0.42323207294638543,0,0.0,0
10554,25.574041972110283,2,6,14.856514982750232,5,0.5791371535791927,0,0.0,0
10555,40.757339117208865,3,3,13.13643019293591,2,1.0002571430140668,0,0.0,0
10556,60.312390980631406,2,2,12.77326774784366,7,0.9997342395519848,0,0.0,0
10557,28.083757284489415,1,2,12.59065035415698,2,0.26636004366398697,0,0.0,0
10558,58.89437318871872,4,4,19.996579243959086,6,0.1769961156150599,0,0.0,0
10559,37.477602889503885,0,3,8.575304864275619,2,0.9240816571775724,0,0.0,0
10560,49.50424892158878,3,6,0.590503138892478,4,0.017040736579057247,0,0.0,0
10561,36.12826898629809,2,2,8.162475242280108,1,0.4997010451847771,0,0.0,0
10562,41.02478853222447,3,4,19.99715583182146,1,1.124124285527811,0,0.0,0
10563,44.3593092668043,3,4,8.029158627338571,3,0.9999540524222555,0,0.0,0
10564,39.866133852702646,1,3,8.407144034612669,3,0.9998854853782143,0,0.0,0
10565,42.405714648101046,4,3,21.15857523493985,0,0.13008432727060326,0,0.0,0
10566,55.063146576861,4,1,0.0,2,0.0,0,0.0,0
10567,28.60821154734493,4,1,13.854580266852565,2,0.9307751894676769,0,0.0,0
10568,39.655879881532755,3,5,23.809775697767144,5,0.9437131420733083,0,0.0,0
10569,37.457695196777856,3,6,5.204175898878732,6,0.999903952542282,0,0.0,0
10570,56.66598676510718,4,1,12.37416187977638,7,1.000002534013368,0,0.0,0
10571,75.57992483505654,5,5,1.6879638895915203,2,0.4389549559406576,0,0.0,0
10572,36.69048633713093,4,1,3.056822850653907,3,0.3853599894846433,0,0.0,0
10573,57.63826180861875,4,6,0.6300692322658659,3,0.313225445883112,0,0.0,0
10574,17.679918343530527,3,5,15.990258877545957,4,0.16001378825586232,0,0.0,0
10575,42.544755771756456,1,2,10.351657110661602,1,0.9999276385961174,0,0.0,0
10576,31.604440963106214,1,1,12.186631619979908,7,1.0009059984386801,0,0.0,0
10577,51.58239190981216,2,3,11.825343372474752,2,0.9997699307971656,0,0.0,0
10578,14.78541578098849,3,5,3.8488315845278223,1,0.08637533427371602,0,0.0,0
10579,18.333189450102232,3,5,6.018887893049137,1,0.8034465782097815,0,0.0,0
10580,30.918905885332173,3,1,20.00484228969069,5,0.3153795604866873,0,0.0,0
10581,31.90772336875614,2,4,8.69174968299896,4,0.05624242986335004,0,0.0,0
10582,29.469598140306292,6,3,11.216485033818122,1,0.5210251190689943,0,0.0,0
10583,47.93572172877431,5,5,3.4319938801695784,4,0.14992263864431654,0,0.0,0
10584,60.98462838764571,3,4,18.45077655588473,3,0.738465342481589,0,0.0,0
10585,41.1757678173599,5,1,13.84283605107726,1,0.999658091259197,0,0.0,0
10586,63.88955306987784,1,3,16.567697853164315,7,1.000006125875718,0,0.0,0
10587,28.19544219997577,3,3,5.821848680153369,5,0.9997098195731069,0,0.0,0
10588,63.52049267673998,3,3,6.296317257919858,3,0.49791650526998743,0,0.0,0
10589,30.434537925690613,4,1,7.118415292519079,0,0.5622447428075696,0,0.0,0
10590,32.35097026372425,2,3,3.0511080218463302,2,1.0001987646466484,0,0.0,0
10591,44.33725927697046,5,4,6.590654151814625,2,0.2788533486116245,0,0.0,0
10592,45.812048668591885,2,4,3.453061167579289,1,0.9554774728182741,0,0.0,0
10593,59.288552618794206,3,1,2.7998344535869464,5,0.5003934689934348,0,0.0,0
10594,51.8797399494079,5,6,11.536414329599511,7,0.6832893296675396,0,0.0,0
10595,41.30016956346212,4,4,19.987309824805713,1,1.0001192757686286,0,0.0,0
10596,50.015471805205124,3,6,14.06603639483116,7,1.0000445240951563,0,0.0,0
10597,54.34441214025408,4,3,1.1664999333119344,7,1.0008722362396443,0,0.0,0
10598,37.87533553290443,3,3,17.867437046337336,5,0.9703438018922861,0,0.0,0
10599,37.52503868278143,3,0,16.825039489072907,4,0.9998077939447687,0,0.0,0
10600,40.551047503585295,6,3,16.614635863754092,0,0.49927856222338196,0,0.0,0
10601,38.032305273522766,2,4,2.7003556676312286,7,0.9997798903921005,0,0.0,0
10602,31.8774019153392,3,3,6.989470398150671,5,1.0019559579192743,0,0.0,0
10603,53.692400837584934,3,3,5.768839402478021,7,0.9994370105023391,0,0.0,0
10604,52.161126733806455,1,4,8.420641450924046,7,1.0003459734615332,0,0.0,0
10605,48.07178292742275,3,6,10.266107516339082,7,0.9999711056694452,0,0.0,0
10606,49.013432178595046,2,4,16.321079784738792,3,0.5259253072291878,0,0.0,0
10607,54.34342249673678,4,5,17.50091398208173,1,1.1103847184633275,0,0.0,0
10608,49.16935829000023,4,1,14.19915613661551,1,0.6738794225847277,0,0.0,0
10609,34.187566940507985,4,3,13.372440832300848,0,0.5481971472556644,0,0.0,0
10610,47.693312210869685,0,1,11.528152535515911,3,0.9993895528760284,0,0.0,0
10611,58.95657743078209,2,3,9.718292502885113,4,0.49776485620580657,0,0.0,0
10612,15.039310766169564,3,3,0.0,1,0.9997442156990115,0,0.0,0
10613,41.84255149882188,4,6,12.614507158991312,7,1.0000237207565918,0,0.0,0
10614,62.44565588700334,4,3,10.16669972078183,7,0.9998733090230896,0,0.0,0
10615,42.63596373706326,3,6,3.122172697237736,7,0.9996676195670087,0,0.0,0
10616,42.06212670559631,1,1,0.40958584096743067,3,0.9318689438182813,0,0.0,0
10617,56.2039846240891,3,6,10.362669581307037,1,0.9997005764373995,0,0.0,0
10618,50.01757031555372,1,2,10.999255559235456,1,0.3704498786861621,2,23021.09528371987,1
10619,35.94409073926093,5,6,14.40799190288358,3,0.7059119889515096,0,0.0,0
10620,46.6575629063413,3,2,11.522829016966455,4,0.4531465371495737,0,0.0,0
10621,35.55183866232818,3,3,8.171944179795423,1,1.1769986171134055,0,0.0,0
10622,74.74795240366907,3,4,17.159301482543793,2,1.0002760353392186,0,0.0,0
10623,29.57461591501079,2,1,12.944698707794561,7,1.0007192513948029,0,0.0,0
10624,29.836251420088516,1,3,2.113426031871999,3,0.24420282967351925,0,0.0,0
10625,43.36810120490004,0,2,14.615668577922655,1,0.08861447163337333,0,0.0,0
10626,23.518789629321894,3,1,14.043181036566533,5,0.9997705966476952,0,0.0,0
10627,37.36328326939413,3,3,15.246045251462856,1,0.9995085122401846,0,0.0,0
10628,36.91056005011907,3,2,6.503739623216251,1,0.6838874466672276,0,0.0,0
10629,44.101317419569845,2,4,19.990937115250663,1,1.000673922978944,0,0.0,0
10630,25.585003945859082,2,2,14.269238954654279,6,0.9976432184968949,0,0.0,0
10631,24.463594899315314,5,5,13.702058504273076,1,0.39845334410562727,0,0.0,0
10632,50.1415208341839,3,2,10.991526291479119,7,0.9997538252401995,0,0.0,0
10633,36.087138696725425,2,2,12.847872064328087,7,0.9997750582703464,0,0.0,0
10634,54.08895709296719,3,6,14.89945416404447,3,0.5182145552819923,0,0.0,0
10635,47.64836317948446,3,3,7.69119307756357,6,1.0000470120194218,0,0.0,0
10636,46.084018960321636,3,3,7.339282841090071,5,0.0,0,0.0,0
10637,34.39637358223565,3,3,4.380155906739242,4,0.618333706855488,0,0.0,0
10638,33.774263150851034,5,3,6.143383101108817,5,0.0,0,0.0,0
10639,42.367626362430975,3,1,20.008940197389602,6,0.36006511278092795,0,0.0,0
10640,33.50131727414343,3,3,4.030720792130313,7,0.1524851883897299,0,0.0,0
10641,47.46193585463398,0,6,10.596641167411454,7,0.4970061623383375,0,0.0,0
10642,37.63491969221388,0,6,6.394611000959341,7,0.999993584280822,0,0.0,0
10643,51.54787461880289,3,2,9.491345441225347,1,0.29623356331665435,0,0.0,0
10644,40.484053608180986,5,3,13.120024290569763,1,0.22067263603940362,0,0.0,0
10645,26.825964829637577,3,2,4.192997163264199,4,0.5605128274288059,0,0.0,0
10646,43.38078552760652,3,2,14.569638489439463,5,0.6741037825100767,0,0.0,0
10647,39.47046402364243,4,6,13.584795597094466,4,0.9998157404905097,0,0.0,0
10648,63.483125952658355,3,3,11.191542251276568,5,0.38521975499332867,0,0.0,0
10649,37.889149284006976,1,3,9.461319093761075,2,0.999669420555632,0,0.0,0
10650,49.297987844334834,4,2,9.79456486699977,3,0.9679699560943508,0,0.0,0
10651,55.3829661502796,2,2,0.0,7,0.9999858492373737,1,3712.8341678506818,1
10652,12.96627225476151,3,5,16.56665423477862,1,0.3163767638848617,0,0.0,0
10653,62.01275245039425,5,2,15.757046350736594,7,0.6563585202145565,0,0.0,0
10654,55.27059419593583,4,3,15.06111872579596,7,0.9992537032393247,0,0.0,0
10655,33.89328836255315,3,6,18.243715073684292,7,1.0002235894035343,0,0.0,0
10656,55.423336993572846,5,3,7.410811932179028,7,0.9993419193727777,0,0.0,0
10657,68.18739190795529,2,2,9.800719806944564,7,0.7973621328200138,0,0.0,0
10658,33.171503318976384,3,2,7.388056794793721,7,0.9998019826557251,0,0.0,0
10659,21.76972029322291,3,1,3.800517363480542,6,0.9256934207800086,0,0.0,0
10660,57.651695624420704,4,1,21.617747088756598,7,0.9444972749663919,0,0.0,0
10661,53.70531268241811,3,6,10.791881483756509,7,0.7529865739270869,0,0.0,0
10662,35.55252324687519,3,4,12.234534051240324,2,0.99995960089365,0,0.0,0
10663,45.66523958767086,5,3,13.82613997437143,2,0.9998165184036365,0,0.0,0
10664,32.97964091466903,5,6,19.17234204025866,7,0.7180089112275824,0,0.0,0
10665,51.474189873666965,1,3,1.2949360260922198,7,1.0000576876023772,0,0.0,0
10666,43.41658984614863,7,6,8.712807705067972,7,0.26849699338865274,0,0.0,0
10667,44.90525202323652,3,3,4.629628245411085,4,0.999881907483098,0,0.0,0
10668,23.798965510061272,3,1,19.999051256835166,4,0.5882064616987515,0,0.0,0
10669,51.645969061227184,4,3,6.001370409420996,3,0.9996681262529188,0,0.0,0
10670,54.79424548378496,4,3,10.723008180175729,7,0.2259915789438816,0,0.0,0
10671,28.174226480517124,5,2,5.1082237913052,4,0.2811749623723211,0,0.0,0
10672,43.329491953752935,1,5,18.43792251812974,3,0.2913339731624906,0,0.0,0
10673,26.818799479496505,3,2,2.394438943989819,4,0.6492548849478841,0,0.0,0
10674,45.069363100862816,2,1,6.891771777508717,7,0.8981209204056365,0,0.0,0
10675,39.1145613215059,3,3,6.83617947721583,3,0.3074026714178132,0,0.0,0
10676,85.84308095780179,2,3,6.964422071375711,4,0.5012242837500496,0,0.0,0
10677,59.48149088661721,3,2,3.9266774168939715,6,0.9995181275241891,0,0.0,0
10678,31.710936176613966,2,2,17.361002680603633,7,0.11241028613495274,0,0.0,0
10679,41.725384453012786,1,3,4.774771780763712,4,0.4992345218261861,0,0.0,0
10680,39.49048154574123,3,3,19.995898491220032,4,0.3347319261728063,0,0.0,0
10681,43.62503102488935,2,6,7.407331819059993,6,0.5401090178965279,0,0.0,0
10682,64.49892282519039,3,3,8.841303820853495,6,0.5038819701017533,0,0.0,0
10683,46.70105892062527,4,3,8.034152740180073,6,0.5784693324667458,0,0.0,0
10684,44.82511702600209,1,6,27.209927572382647,7,0.9999721592997166,0,0.0,0
10685,65.41570985080133,5,3,18.529428571731707,3,0.5029902847156018,0,0.0,0
10686,42.99393896249201,0,6,14.300179775599112,7,0.40491431632562247,0,0.0,0
10687,43.52202776101146,5,3,7.9286642871328645,3,0.23085676700181207,0,0.0,0
10688,26.506791597051414,3,3,11.397959447365551,2,1.0003117483674122,0,0.0,0
10689,31.638412435365296,1,3,4.382666815961928,7,0.5564722991847699,0,0.0,0
10690,48.67077534942127,2,5,6.279903541638873,3,0.9278902765252773,0,0.0,0
10691,35.779795371901734,3,3,10.862409935983175,3,0.3301994924839762,0,0.0,0
10692,49.497007615852574,1,3,10.557606946756911,7,0.0,0,0.0,0
10693,43.53356425190644,4,5,5.572062130861948,7,1.0429610487135987,0,0.0,0
10694,46.26395357420151,5,2,7.707592405962895,7,0.35054068198628163,0,0.0,0
10695,42.05422362108757,3,1,13.557492202162077,7,1.0003615294531762,0,0.0,0
10696,64.22572520895768,4,2,9.258597633336887,7,1.000256170905903,0,0.0,0
10697,39.16588373643711,3,1,13.983333564574108,2,0.2444166634559793,0,0.0,0
10698,51.27036573642612,3,6,5.039902811280715,3,0.5748616108298015,0,0.0,0
10699,48.16140873424242,2,5,15.158354359920143,3,0.30800149207841576,0,0.0,0
10700,29.88547067797898,1,6,19.86884397510333,1,0.926076012437778,0,0.0,0
10701,60.206856262973204,2,1,13.908452758958967,5,0.9468350415609639,0,0.0,0
10702,42.183799669317224,1,3,6.244118428048506,1,1.0003319882724184,0,0.0,0
10703,46.88370971143034,3,4,17.612433916338517,2,1.0001139840649462,0,0.0,0
10704,25.435148514821183,1,3,15.956194643636994,6,0.6116085151571107,0,0.0,0
10705,39.53897048391189,0,6,5.408234713695706,4,1.0002883566590803,0,0.0,0
10706,43.85721802942295,4,1,20.003387261586173,2,0.8721897663721482,0,0.0,0
10707,53.28297336661787,2,4,17.831703388456827,4,0.8920423179344984,0,0.0,0
10708,21.343349485846666,3,5,8.025707694688181,7,0.7507140157165227,0,0.0,0
10709,52.046558308160066,3,2,5.597385887399278,6,0.36072147365898255,0,0.0,0
10710,25.531650979255446,4,3,17.2360919112358,7,0.7302804683776555,0,0.0,0
10711,45.08020867504522,4,1,9.181093213652094,1,0.3372656059356124,0,0.0,0
10712,45.109364794318275,5,2,13.088077888185719,1,0.20441606608367718,0,0.0,0
10713,24.817050213885643,5,3,13.987863082243155,3,0.18318777564475985,0,0.0,0
10714,38.56671116635455,3,1,5.135601384177958,5,0.5030988092907589,0,0.0,0
10715,41.69685847416601,4,6,20.03164647594656,3,1.000248342234319,0,0.0,0
10716,62.17664652581973,2,6,8.00043640812889,3,0.46210603429491875,0,0.0,0
10717,63.095470142634305,4,3,13.328867110938166,3,0.5036815587420916,0,0.0,0
10718,40.86971014386352,2,6,8.89750379059138,7,1.0006044434364676,0,0.0,0
10719,28.523862961168792,1,3,14.20967534165268,3,0.3620173582156842,0,0.0,0
10720,57.459370822386,3,3,0.0,2,0.28286758647508764,0,0.0,0
10721,29.98378011952963,2,1,19.986515364099454,2,0.6342378534115858,0,0.0,0
10722,39.287073203025685,4,6,10.471940450195344,7,0.9999630706243086,0,0.0,0
10723,11.341238672176122,5,3,3.237323816015378,2,0.5040311991150858,0,0.0,0
10724,52.63173082214527,2,6,16.288390940483378,4,0.7849262307171827,0,0.0,0
10725,48.80208368640638,2,1,2.3464524292013547,5,0.47623710071091124,0,0.0,0
10726,64.11460887151364,3,6,19.8667273211109,3,1.0002206917717795,0,0.0,0
10727,60.937788395882436,5,3,15.816520422788258,1,0.9999778468232801,0,0.0,0
10728,42.838843472948184,2,3,9.971702905266175,7,1.000374423241648,0,0.0,0
10729,47.551847086211254,4,3,13.457818964376594,2,1.00051187409384,0,0.0,0
10730,40.44989943645284,2,2,11.754911179351286,1,0.13051137517865008,0,0.0,0
10731,47.586269878946894,5,6,21.075573537721453,7,0.9039247294397146,0,0.0,0
10732,35.37555954981973,3,1,14.552077773632258,3,1.0001531301897293,0,0.0,0
10733,45.99319601937214,1,0,2.8220960654268836,6,1.3774848659431655,0,0.0,0
10734,28.939086622708345,1,3,6.200195788778043,7,0.9996285160132525,0,0.0,0
10735,48.614645373787695,5,5,14.726979211333369,1,0.536662283232064,0,0.0,0
10736,53.11777363037562,4,2,16.375614747804363,4,0.19987199150086932,0,0.0,0
10737,20.471480721029387,2,1,0.41984901176127565,1,0.12612041958144293,0,0.0,0
10738,47.81601842620068,3,6,10.848823714796021,7,0.9997829375049423,0,0.0,0
10739,40.569010160190416,4,1,0.01676869594813546,5,0.22543888167284798,0,0.0,0
10740,40.89265993636392,1,2,15.353491922841792,1,0.7641318695831104,0,0.0,0
10741,27.66570841012509,2,3,4.391516347134506,2,0.9422133048916423,0,0.0,0
10742,26.545586320758694,3,0,17.56278180173785,2,0.9997423433092993,0,0.0,0
10743,53.287258865530426,4,6,12.839970853432877,7,1.0006671131383065,0,0.0,0
10744,51.517184167773806,2,3,12.814046164345083,7,0.999815121935598,0,0.0,0
10745,29.90133363430989,3,5,16.379215692455574,1,0.9998358649566914,0,0.0,0
10746,40.863193588172365,3,4,4.1865815543280664,4,0.9508321378682274,0,0.0,0
10747,48.480555901076634,3,3,3.447474062980433,7,0.9997488074877984,0,0.0,0
10748,23.98880520007195,2,2,7.422483711734525,1,0.16583800185704123,0,0.0,0
10749,37.448333241953556,3,2,15.733480696428337,2,0.3212499954489162,0,0.0,0
10750,39.11814283325999,3,2,12.749050789707669,5,1.0000261000004533,0,0.0,0
10751,44.69627840083733,4,3,10.2466864205709,1,0.9637908763105197,0,0.0,0
10752,48.176910009458304,5,1,17.149904474165197,7,0.9999291812688207,0,0.0,0
10753,39.033214691817605,4,1,14.92279735461286,2,0.6366595065756846,0,0.0,0
10754,28.707342725282665,4,6,7.139940629198621,4,0.5121841879859526,0,0.0,0
10755,15.587906081668788,3,3,7.360626239863225,1,0.5030604469349358,0,0.0,0
10756,55.05560815667184,2,5,19.99979023818996,1,0.2826986885952702,0,0.0,0
10757,26.603731347906546,2,3,2.4440469704641465,2,0.5028058704610243,0,0.0,0
10758,73.52509852026566,2,1,11.214395278075802,1,0.4942427181909663,0,0.0,0
10759,39.976762791153796,4,6,10.432553717164982,7,1.000354430703527,0,0.0,0
10760,38.81176705792154,4,3,7.135733405763665,7,0.9994668398777755,0,0.0,0
10761,33.788662640583546,3,5,11.033992573931126,2,0.4998729892807853,0,0.0,0
10762,25.663643946285532,4,1,7.828772677287115,3,0.9998536406235006,0,0.0,0
10763,44.1545683359414,3,1,18.44741592062597,3,0.5852545438629351,0,0.0,0
10764,58.58647656998725,3,6,11.494734689738676,1,0.45401544633960544,0,0.0,0
10765,46.03402145980256,1,1,2.702178437599146,3,0.49746980637741534,0,0.0,0
10766,71.83507054169274,4,3,10.184688163306422,3,0.99981312699919,0,0.0,0
10767,22.11713284832295,1,2,6.871709239196809,4,0.9472521901416373,0,0.0,0
10768,33.832039657177894,3,4,15.732746063412689,1,0.0,0,0.0,0
10769,67.11389701874467,3,3,15.556199240032873,1,0.9966098684051843,0,0.0,0
10770,52.132021774205086,3,2,15.00494789187375,2,0.332201008500187,0,0.0,0
10771,45.775386115528576,4,6,2.4613460814940726,4,0.33619794829068966,0,0.0,0
10772,44.34311953135999,0,1,12.203849341056513,3,0.4657917843194317,0,0.0,0
10773,57.0628125477887,3,4,0.0,7,0.745959084778618,0,0.0,0
10774,42.8942382928758,3,5,17.16533771296876,7,1.0004089582654077,0,0.0,0
10775,50.29397386551038,2,6,8.466921159777305,3,1.0002504466968585,0,0.0,0
10776,44.320848371947356,3,5,17.63766833397763,1,0.8027865181036157,0,0.0,0
10777,44.61491926581453,2,6,17.637986691414014,4,0.3343771626956959,0,0.0,0
10778,32.89994056848172,3,1,6.703024723921693,7,0.36826497616112386,0,0.0,0
10779,48.56316808785713,3,7,5.843379573864227,8,0.766839885192382,0,0.0,0
10780,48.206183148071986,1,1,14.586103215501828,2,0.0,0,0.0,0
10781,50.858820392031234,2,3,8.264067172658393,3,0.9995316222913324,0,0.0,0
10782,57.828558967672606,4,3,14.639948340025049,2,1.0003565533378422,0,0.0,0
10783,56.05472211747135,2,3,11.156653373848243,2,0.6114633006503143,0,0.0,0
10784,42.35873982010234,3,1,11.080930539507781,4,0.5024840761464513,0,0.0,0
10785,43.55410714199726,2,1,20.00099219986535,1,1.000189647552516,0,0.0,0
10786,46.62854055989581,3,6,17.24654780761813,4,0.4731523320259988,0,0.0,0
10787,29.26188812441195,1,6,2.096764354170931,1,0.8168194344579662,0,0.0,0
10788,40.83008761710667,1,1,9.959658717231443,1,0.4100505095799448,0,0.0,0
10789,41.03206694722069,2,5,10.689537501015865,7,1.0002746841290717,0,0.0,0
10790,60.04147222411352,3,1,2.740331188358903,7,1.000278217751526,0,0.0,0
10791,31.59830029741307,3,3,12.49673585850952,2,0.503556297448539,0,0.0,0
10792,47.09088298181038,3,4,24.005186928914135,3,0.6724456826541734,0,0.0,0
10793,35.17090191834696,3,3,8.23031077895767,1,0.9654695698056859,0,0.0,0
10794,37.586817058454066,3,3,15.231004594159824,1,0.43293751179128737,0,0.0,0
10795,59.40891484011085,1,6,11.61919846110696,7,0.9999357259726405,0,0.0,0
10796,57.68014799765854,4,3,5.9175026491175045,4,0.710457930832526,0,0.0,0
10797,60.41262878381336,4,2,4.849814166030367,1,0.6479887196951849,0,0.0,0
10798,20.21753818165264,1,3,20.661242698618757,5,0.999689923802475,0,0.0,0
10799,25.916466137102617,3,3,0.2946536855630608,3,0.6308799209951091,0,0.0,0
10800,67.47383941234679,3,7,14.411065984049523,1,1.0000502024584723,0,0.0,0
10801,44.15281942688881,0,1,12.003284189004953,7,1.0005427160560547,0,0.0,0
10802,36.46433568254838,3,2,12.803194399670096,7,0.9997263365738771,0,0.0,0
10803,45.73057251452752,4,2,12.335350313814716,3,0.9964102918349175,0,0.0,0
10804,36.92746002488087,2,5,9.905156227435524,2,0.9781033927528211,0,0.0,0
10805,67.12035804825065,4,4,20.003205409988578,3,0.9997470712508448,0,0.0,0
10806,45.62621643349228,3,4,11.114451982547637,3,0.7715674271902825,0,0.0,0
10807,24.549433634845197,2,2,7.2990786166928405,1,0.6995885450577037,0,0.0,0
10808,41.00597210909096,3,5,16.04427780774932,2,0.13466668591365327,0,0.0,0
10809,48.0899481770206,3,5,16.8182790917064,2,0.7382230385842986,0,0.0,0
10810,41.79301940032212,2,3,16.21700655763036,3,0.4996197118281469,0,0.0,0
10811,33.84146582919107,4,1,9.420068833753508,7,0.3916343247020996,0,0.0,0
10812,45.10556970324237,5,5,15.403936928546084,7,1.000068038624078,0,0.0,0
10813,27.478680087121273,4,6,10.501910901724738,4,0.28969761353770435,0,0.0,0
10814,37.4208993662932,3,6,9.174175380042719,3,1.0000005003458148,0,0.0,0
10815,61.53179200237348,4,1,9.15355079510563,3,0.5879375522819826,0,0.0,0
10816,16.871123960333588,3,4,5.511343736765275,1,1.0003772418296668,0,0.0,0
10817,36.29486967746515,2,1,19.9978530256108,2,0.07788547315486083,0,0.0,0
10818,32.119028786083845,1,0,20.0031309488652,1,1.000422665956418,0,0.0,0
10819,33.01885698692479,1,6,6.785669536621845,7,0.8890515226814246,1,8572.642331848605,1
10820,36.693344029770685,2,1,5.126201125375848,3,0.2807141530188029,0,0.0,0
10821,51.98855345883605,2,3,7.443605960206637,7,0.9994921523546725,0,0.0,0
10822,39.186304454072555,5,1,2.4570907011729766,7,0.6127142669797914,0,0.0,0
10823,14.388525782686678,3,4,9.774225916465864,4,0.3624889864338448,0,0.0,0
10824,50.252205222942706,4,3,19.204744410890044,7,0.9994655157272276,0,0.0,0
10825,50.75203324291551,3,5,11.527818511265028,5,0.4765547176086258,0,0.0,0
10826,46.59671069906238,4,3,7.844001110061727,7,1.000532123663692,0,0.0,0
10827,30.570317922937846,5,6,4.997804607991071,4,0.5714193545852503,0,0.0,0
10828,41.76736806841167,3,5,16.570273570219193,4,0.8360343318458499,0,0.0,0
10829,38.135520202541336,3,3,11.897332597412952,3,0.9999878619919093,0,0.0,0
10830,33.23071238237734,3,3,15.883266745806312,3,0.37486596643668,0,0.0,0
10831,19.894336572050005,1,3,20.00128037427094,1,0.4364607443380849,0,0.0,0
10832,41.31510860103575,4,6,13.345985611168762,7,1.0000592752770179,0,0.0,0
10833,53.282340217940074,3,2,3.565532295062587,2,0.43954065909354634,0,0.0,0
10834,38.89182501923705,3,1,15.558439663098103,0,0.14459945139731223,0,0.0,0
10835,45.72989659866389,2,3,5.012408400190824,3,0.9999829409521717,0,0.0,0
10836,26.466086790655524,4,5,15.393662415982154,2,0.9438457445790978,0,0.0,0
10837,66.94787473590195,3,1,9.707331270181136,4,0.50370025628332,0,0.0,0
10838,46.092253876884726,2,3,12.10457189197566,5,1.0000346502763473,0,0.0,0
10839,48.5147587178978,4,6,13.30423006998218,7,0.0,0,0.0,0
10840,82.12122194283201,4,3,6.15838054355168,3,0.5046697042581652,0,0.0,0
10841,65.70716629933526,2,6,12.167363490432736,4,0.3370536747392721,0,0.0,0
10842,41.34644330790086,3,2,4.495060081511254,3,0.3756104717334343,0,0.0,0
10843,44.45313917108844,2,3,14.526841822118019,3,0.49744973567138895,0,0.0,0
10844,42.893121840968185,3,1,14.424347609540101,3,0.22569899244690889,0,0.0,0
10845,34.20624258691286,3,1,10.864911689719625,2,0.2752898138267065,0,0.0,0
10846,45.51260518228398,2,3,6.693656959973698,5,0.5465512184837551,0,0.0,0
10847,45.40140283046915,5,3,0.0,7,0.5424079506675776,0,0.0,0
10848,56.48654268007807,3,3,12.504453310435723,4,1.0001514345443878,0,0.0,0
10849,34.97142290412376,3,1,6.925682045730604,2,0.1814474325143347,0,0.0,0
10850,70.2016866072143,4,4,20.007497016753764,2,1.000001119451108,0,0.0,0
10851,18.343160856203227,3,7,2.088049915820431,2,0.8540781712833333,0,0.0,0
10852,39.87858568165122,2,1,11.032657000361766,2,0.0,0,0.0,0
10853,34.606391762888,3,5,0.0,3,0.922579494849776,0,0.0,0
10854,49.4702266615354,5,3,10.732080620089096,5,0.5011599984454537,0,0.0,0
10855,20.77872545588059,4,5,6.792474312637872,1,0.2589529178485014,0,0.0,0
10856,67.71075433156,3,3,4.487649770206547,4,0.992630072758979,0,0.0,0
10857,49.9483676877074,4,2,1.8103609167230506,7,1.000098958056826,0,0.0,0
10858,41.8152649411605,3,3,15.808675770447124,4,0.9993109362828836,0,0.0,0
10859,15.937700064946515,2,5,16.34056456818737,1,0.10170605953470713,0,0.0,0
10860,70.94908093496656,3,4,20.008319872368347,1,1.4594560204623332,0,0.0,0
10861,49.316307575441684,3,4,4.2682695513940665,7,0.9422961731013176,0,0.0,0
10862,36.528101418122766,3,4,19.980105617019255,1,0.6300805541502346,0,0.0,0
10863,39.35652736985349,3,2,0.654891683999594,1,0.6334812358905153,0,0.0,0
10864,28.1313382956427,3,7,0.2443713764354989,5,0.0002030962955839044,0,0.0,0
10865,55.53816187861718,4,1,19.673076992131605,5,1.0003749259051868,0,0.0,0
10866,58.27505947534293,2,3,9.224096695295266,0,1.0186144421041088,0,0.0,0
10867,38.68480049069167,4,3,12.854658797999786,4,0.49832289405639196,0,0.0,0
10868,61.09059870467422,2,1,0.0,4,0.507103352022168,0,0.0,0
10869,55.40837410391358,3,3,20.78652916414646,2,0.9996711840019076,0,0.0,0
10870,44.760373333774226,4,2,5.727902378906797,5,0.36306903000624247,0,0.0,0
10871,38.469054748859826,4,5,20.01111389583778,1,0.9998098765439276,0,0.0,0
10872,45.29487373854231,3,4,19.995846420963183,1,0.7813524689013578,0,0.0,0
10873,41.75177103813313,3,3,0.0,4,0.1986846744709604,0,0.0,0
10874,33.24713124345506,3,5,18.686265520154745,3,0.5026780129251631,0,0.0,0
10875,44.450801954873185,1,3,11.09256024707548,3,1.0006817455933408,0,0.0,0
10876,30.919612886131688,2,4,10.296452701851981,1,1.0130032597659415,0,0.0,0
10877,51.96439986468641,2,3,20.916281132262142,7,0.9998335972710385,0,0.0,0
10878,55.77550233322571,3,1,5.67966811426888,6,0.2050989273732553,0,0.0,0
10879,39.36923967363346,3,6,8.069713209214113,1,0.885080882245068,0,0.0,0
10880,37.476604630309616,1,1,5.463548979135271,7,0.3122324264403093,0,0.0,0
10881,57.28804867887118,4,6,13.34881767380898,1,0.9512444466749512,0,0.0,0
10882,34.920879010074025,5,1,5.116074332733176,0,0.17854338769106404,0,0.0,0
10883,42.51792422835751,1,1,17.16571981797276,3,0.5616508744223743,0,0.0,0
10884,33.58699040259104,2,1,5.488908301033094,2,0.9931035820120087,0,0.0,0
10885,34.002249736688235,2,5,7.83697104729268,2,0.9778957975611411,0,0.0,0
10886,35.09007635870831,1,1,14.455017589005909,4,0.9552415465049162,0,0.0,0
10887,42.09626805142955,1,4,0.0,6,0.5598104291850413,0,0.0,0
10888,53.09656214340432,1,1,14.918308269540216,3,1.000636369441688,0,0.0,0
10889,39.96540547739097,2,3,0.0,7,0.03642142464928788,0,0.0,0
10890,52.74155516891755,1,2,8.274997408038711,7,0.9993502264838539,0,0.0,0
10891,61.47736011883015,4,3,13.151561834834206,3,0.9998269240978539,0,0.0,0
10892,34.566428665817305,2,1,4.569208092514563,2,0.9341520440836695,0,0.0,0
10893,72.63905831797064,3,2,15.38174813258522,2,1.0001562854447696,0,0.0,0
10894,58.814266778826735,3,3,17.582825421718358,5,0.9996923624445917,0,0.0,0
10895,52.037414459646136,0,1,20.001875489618413,5,0.0,0,0.0,0
10896,48.22046807529226,3,5,3.9963000676267955,7,0.9362718368586046,0,0.0,0
10897,23.455701531552428,5,6,16.427385925241495,3,0.5705992046604627,0,0.0,0
10898,37.28649550616787,3,2,13.206352229702368,1,1.000176094795988,0,0.0,0
10899,25.287201363088098,4,1,1.376766703869004,7,0.4117872935862704,0,0.0,0
10900,38.37521260445326,6,1,5.026100147465603,3,0.5518294058320947,0,0.0,0
10901,51.631938607614515,1,6,16.61887737841453,2,0.46035804769999944,0,0.0,0
10902,25.772828897247486,5,6,5.518206654921549,3,0.2809062231299769,0,0.0,0
10903,43.937894816272326,3,3,5.198356700294255,6,0.9998968589605224,0,0.0,0
10904,20.58585525521274,2,1,2.212129335862322,4,0.2593265012150074,0,0.0,0
10905,62.7065386065683,2,3,11.3810783997573,7,1.0001578984866675,0,0.0,0
10906,49.83321281231393,3,1,16.351214027405526,0,0.4997590164455034,0,0.0,0
10907,44.75593975177727,3,5,17.181964238839804,1,0.25846691858159043,0,0.0,0
10908,46.399468342556595,4,3,4.141953191556049,7,0.9998153770957242,0,0.0,0
10909,43.13280780801002,2,3,0.0,7,0.648046369624828,0,0.0,0
10910,49.8032166025295,5,3,16.90969006728013,2,0.9426922114846732,0,0.0,0
10911,35.75859881266677,4,1,16.814518524389836,1,0.9880974892459845,0,0.0,0
10912,26.413568216897907,3,3,19.996838460850363,6,0.37172632306120873,0,0.0,0
10913,43.21964971500355,2,1,12.799515000353836,7,1.0000167387991685,0,0.0,0
10914,66.0479401653107,2,1,8.969340720568646,3,0.49763952815854523,0,0.0,0
10915,26.680880906034396,3,2,12.098351930148027,4,0.4409322614662114,0,0.0,0
10916,32.83001513946562,3,3,7.888174815395864,2,0.7182936806324614,0,0.0,0
10917,46.576112246311496,5,2,15.567596553786107,4,0.9701620263232946,0,0.0,0
10918,31.098549147951243,4,6,14.706192103831802,5,0.2836338402331429,0,0.0,0
10919,38.333382751195984,4,6,3.2728556410330416,3,1.000387637928085,0,0.0,0
10920,40.045498206366645,2,7,1.0793932963871704,1,0.808408758417387,0,0.0,0
10921,34.14665823866209,3,5,12.258439279974679,0,0.9997581629865497,0,0.0,0
10922,75.00208325673125,3,4,20.004353694585333,1,0.9598371323635924,0,0.0,0
10923,49.40655630942367,3,1,14.349788436004182,5,1.0003905376362239,0,0.0,0
10924,24.391534799537016,3,4,12.77691533517904,1,1.0002464524841117,0,0.0,0
10925,48.924740749671265,4,2,6.977217547735705,6,0.33999954974620095,0,0.0,0
10926,66.47674689761634,5,3,10.734070990760811,7,1.0001864261419326,0,0.0,0
10927,34.490346437270375,0,6,14.915997565445197,6,0.12892597681683027,0,0.0,0
10928,15.066661945514266,3,7,2.4239487664113604,6,0.0,0,0.0,0
10929,41.8907008779097,2,2,9.057089235627808,7,0.4197112897639307,0,0.0,0
10930,42.874903304365944,2,3,6.611219931221962,2,0.0,0,0.0,0
10931,32.12811291167222,3,4,5.044827316913011,1,0.16278116171625645,0,0.0,0
10932,33.300709377405106,1,2,6.428958369251358,7,0.9308283858362089,0,0.0,0
10933,42.81072965316789,3,4,19.998337256992677,1,0.6425850874269233,0,0.0,0
10934,68.20580618764578,0,6,16.97125201786104,7,0.6159685297968434,0,0.0,0
10935,29.457856969693516,3,6,16.886719368256763,7,0.435572190376531,0,0.0,0
10936,42.6528593320271,0,1,1.6733173563567476,7,0.0,0,0.0,0
10937,26.687473623404113,5,5,10.517060069277232,1,1.2195137490599834,0,0.0,0
10938,34.42985457147826,5,1,2.594498105347313,7,1.0001311014401524,0,0.0,0
10939,66.4058384032668,2,6,18.25413064996509,7,0.3196697792706167,0,0.0,0
10940,59.09605323289815,3,1,3.1002451434417324,2,0.4924441234896383,0,0.0,0
10941,58.80600082268617,3,6,6.456900253880968,2,0.33354129151876594,0,0.0,0
10942,48.2514938351847,3,5,20.214470319468568,2,1.0000320057510206,0,0.0,0
10943,56.212493353870954,3,6,11.154348325298457,6,0.6403525601294724,0,0.0,0
10944,36.2379588025646,5,1,15.116898592564118,7,0.9995796830946688,0,0.0,0
10945,79.20642578769835,3,4,17.709461910890766,2,0.6832791002657701,0,0.0,0
10946,52.055869192044945,3,1,10.181577838810854,2,0.7172854365956273,0,0.0,0
10947,18.245641499618607,3,6,10.529694700681999,3,0.32650121501009766,0,0.0,0
10948,29.943803359629705,3,1,17.661767035086513,2,0.2117646180267349,0,0.0,0
10949,45.45799233273356,2,3,5.840205798650151,2,1.000022386285815,0,0.0,0
10950,20.97142002774289,6,2,9.940846700685507,5,0.33396277364188875,0,0.0,0
10951,49.257726761411185,3,5,4.897203411004769,1,0.2643520389027001,0,0.0,0
10952,58.32365750901816,4,2,12.217612897957888,3,0.9615541021034875,0,0.0,0
10953,53.02057238368607,3,4,16.572763704220364,3,1.0002152352481442,0,0.0,0
10954,34.923488734969254,2,3,17.808505129904976,7,0.9998639186847205,0,0.0,0
10955,28.252989553253236,2,2,19.07519087910942,7,0.3373751337261289,0,0.0,0
10956,36.32120404028237,2,6,15.630789052168872,7,1.00011458701539,0,0.0,0
10957,36.527891955236804,1,3,10.842917884396606,2,0.31334268977513036,0,0.0,0
10958,42.71230494993948,4,6,15.325672592977018,7,0.6949121289806391,0,0.0,0
10959,24.385639899051984,4,1,20.00425176395494,4,0.28505815378423005,0,0.0,0
10960,40.61454299384854,2,1,0.3510052835017774,5,0.9450294658016956,0,0.0,0
10961,57.77809414684633,4,6,5.765025634647995,2,0.3775921803523012,0,0.0,0
10962,43.62772820172852,2,3,16.48499886940572,5,0.4938709532996136,0,0.0,0
10963,41.324918944222325,4,1,19.996663521359416,4,0.22822227361707853,0,0.0,0
10964,61.450957963018396,3,3,9.17775843632433,5,0.49647746712991037,0,0.0,0
10965,61.36385445824466,3,5,16.049174576603725,5,0.9995264482730699,0,0.0,0
10966,42.49879735245987,3,3,11.99855791052785,3,0.9998852570658803,0,0.0,0
10967,31.944920770162327,4,1,4.7202820147301665,7,1.0001833464658154,0,0.0,0
10968,34.022140438678754,3,1,6.443937252207992,7,0.9375888082042909,0,0.0,0
10969,37.233329498032845,0,6,16.67295985845471,6,0.46876200461003553,0,0.0,0
10970,44.55943912417533,3,1,14.37347249840394,7,1.0003676991323842,0,0.0,0
10971,24.00470551340558,2,2,0.0,5,0.2362036149948557,0,0.0,0
10972,46.11044895938267,3,4,19.99470161970914,1,1.0000104822070377,0,0.0,0
10973,25.156183268337436,3,6,1.383321990556066,2,0.8347673586401092,0,0.0,0
10974,23.497562990279086,4,1,5.429255613710349,1,0.8947602185417143,0,0.0,0
10975,29.838105867419053,4,1,7.069475319273131,1,0.9997168200653561,0,0.0,0
10976,49.358728010186255,4,3,19.330418742863518,1,0.7052802273612714,0,0.0,0
10977,38.01764860191387,2,2,8.684442953570171,4,0.4720344727096605,0,0.0,0
10978,51.61214578403397,3,1,9.820275400528393,7,0.9999270010164265,0,0.0,0
10979,24.552620276884536,2,5,2.117056798320043,2,0.9419653203346766,0,0.0,0
10980,23.50691391839108,3,4,12.633470044437264,2,0.9999192205465111,0,0.0,0
10981,33.70296905731564,3,1,20.00827043038509,1,0.3911207407202804,0,0.0,0
10982,65.022075074005,3,1,7.482710023718459,7,1.0004233209349511,0,0.0,0
10983,52.984899060147306,1,3,11.136914102702852,3,0.49862865254262834,0,0.0,0
10984,38.22782623986686,5,2,4.001047988765615,7,0.3334167409467884,0,0.0,0
10985,40.4715162633409,3,6,17.765868670296534,4,1.2855903285712853,0,0.0,0
10986,33.96349611475132,4,6,7.2647679322349825,6,0.34273254797800334,0,0.0,0
10987,56.48065058551649,3,4,16.515349407537343,3,1.0003010253399893,0,0.0,0
10988,54.48012905803904,3,4,20.000128499924728,1,1.0791336571033723,0,0.0,0
10989,40.07975637361998,3,4,20.007964417572026,7,1.2100033872573484,0,0.0,0
10990,41.41157861609896,3,1,17.670515768374585,2,0.7824804009044453,0,0.0,0
10991,36.557916227004895,2,6,17.52658238265373,3,0.5394650162787594,0,0.0,0
10992,47.914704632397175,3,5,11.79253495724839,2,1.0001416098288056,0,0.0,0
10993,31.735843955466585,5,1,19.991542206608877,0,0.33965901901128215,0,0.0,0
10994,66.153204631921,4,6,24.75599348531582,4,0.9998453570179959,0,0.0,0
10995,56.32061177827353,3,3,5.632670139894447,3,1.0000266114092509,0,0.0,0
10996,45.29709347098162,4,1,14.8346248500063,3,0.9719766579366728,0,0.0,0
10997,33.07828618329852,4,3,8.25724759382798,7,0.5733590191095659,0,0.0,0
10998,29.075917635452548,2,6,12.870037550603913,7,1.0001874239368571,0,0.0,0
10999,26.82637628328837,4,1,0.0,3,0.5004659528260832,0,0.0,0
11000,25.59785352954951,6,2,9.994512054053072,1,0.6480929771967114,0,0.0,0
11001,33.479700805796426,4,5,14.022422931020397,4,0.4988934499347596,0,0.0,0
11002,20.16436697395238,2,1,18.972841795168193,1,0.4406046888675056,0,0.0,0
11003,49.8323767259584,3,2,9.159904662832641,5,0.12235293512111767,0,0.0,0
11004,36.93558248073964,1,2,0.0,6,0.46333222654211126,0,0.0,0
11005,45.16235955159194,3,3,10.465086927201769,4,0.8284885025280838,0,0.0,0
11006,62.203172470983205,3,4,19.989043730163523,1,0.3364287737877759,0,0.0,0
11007,58.31860753245417,5,1,13.284581397323466,6,0.9996666081706496,0,0.0,0
11008,53.61891990378775,1,6,21.906718699024076,7,0.9997408020676707,0,0.0,0
11009,41.64303947761843,4,1,20.00353826760816,2,0.0,0,0.0,0
11010,29.032608687289187,4,1,5.069493982210784,7,0.6513632036960855,0,0.0,0
11011,33.39225333344677,2,3,20.835476542112843,4,0.5006281335348602,0,0.0,0
11012,28.14243549315961,5,3,8.100994647135646,3,0.5311296276157528,0,0.0,0
11013,56.06492357152674,3,6,11.056650415790836,2,0.6294326774159346,0,0.0,0
11014,62.09028388063059,3,2,17.54430287784709,7,0.9996769059063153,0,0.0,0
11015,52.47624050531745,3,3,12.249484600814778,1,0.5002987486513972,0,0.0,0
11016,43.159971562456874,3,6,10.053014748751393,5,0.4487837595359139,0,0.0,0
11017,31.724384488642546,2,1,13.08254127070046,7,0.9996330367329408,0,0.0,0
11018,32.99940044521123,3,1,6.5463217930410895,6,0.6111700817638038,0,0.0,0
11019,54.43866879829331,1,3,15.882578162542588,1,0.9744882082014387,0,0.0,0
11020,55.6786063097718,4,3,9.132663078696666,7,0.9994037639576188,0,0.0,0
11021,29.14114609777895,2,1,14.524224301290117,6,0.4820371716952606,0,0.0,0
11022,67.39095707296147,4,6,11.891599717267441,3,0.9308338459336793,0,0.0,0
11023,39.49367363034622,3,5,18.71320249357932,7,0.9995222448066265,0,0.0,0
11024,34.0760161479077,2,1,3.634933876544137,7,1.0339177568094964,0,0.0,0
11025,22.57987261048172,3,1,19.996012805969983,4,0.0,0,0.0,0
11026,45.38711373430487,2,2,5.478245330222583,7,0.08361650472216942,0,0.0,0
11027,40.65687754988621,5,3,4.276475747914878,0,0.4968570034680804,0,0.0,0
11028,26.249275828815303,2,2,10.659785808900425,7,0.4800272376177211,0,0.0,0
11029,55.38354417547345,3,5,19.997765458217543,1,0.5183363924280371,0,0.0,0
11030,60.37999537693082,3,3,10.364254822419978,7,1.0000386208220302,0,0.0,0
11031,33.969821088972665,4,2,2.0184792290908256,7,1.000163541151649,0,0.0,0
11032,50.32525928645615,4,6,6.3952686555750216,7,1.0140010032419635,0,0.0,0
11033,52.04650748585958,4,5,19.560288692270873,7,1.000082058278857,0,0.0,0
11034,26.134501465390002,3,2,8.97411774211407,2,0.5649953477487493,0,0.0,0
11035,48.89051932042667,1,3,20.946029678200944,6,0.961108637982873,0,0.0,0
11036,28.60303681862859,1,3,3.128216566749577,4,0.4937422192051395,0,0.0,0
11037,32.838378590959174,5,1,13.982697292659719,4,0.34715793115625965,0,0.0,0
11038,55.9692526278359,4,2,12.855244839613245,7,0.8425070501661618,0,0.0,0
11039,52.69490071487364,3,1,10.615626544273372,7,1.0002398761085642,0,0.0,0
11040,48.70318890168841,2,1,1.6520153159891873,5,0.9464544156189082,0,0.0,0
11041,52.479357580579155,3,1,11.392559255746775,1,0.495833036748925,0,0.0,0
11042,28.159761080956326,3,3,8.105093593622358,3,0.9994434779008387,0,0.0,0
11043,25.12555364961277,3,3,20.00746965191903,3,0.30021460133520866,0,0.0,0
11044,32.25671084081624,5,3,8.685978018621693,3,0.40685779211215317,0,0.0,0
11045,42.305669400109984,5,1,19.99463139740225,3,0.4940754992033545,0,0.0,0
11046,50.425824113728865,2,6,18.337202776222615,3,0.34154910462227983,0,0.0,0
11047,39.13419837447764,3,1,17.70752768734897,3,0.9994985444528076,0,0.0,0
11048,72.89604422017496,3,6,10.663077820655186,7,1.0623696640180236,0,0.0,0
11049,68.47371410510888,3,6,23.83838499498576,6,0.36160889520357503,0,0.0,0
11050,47.41982120014128,6,2,15.149488666663572,2,0.9404499192284645,0,0.0,0
11051,16.48795328546458,2,5,5.580376343486317,3,0.3247411519332624,0,0.0,0
11052,43.58022270753672,3,4,7.584671051862692,6,0.9608611308646735,0,0.0,0
11053,57.03529562020998,2,3,14.57056166812777,0,0.5152890410892197,0,0.0,0
11054,62.68270412151115,1,1,6.068864764708636,4,0.5037369501131373,0,0.0,0
11055,30.55211373175214,4,5,6.863047348080709,7,0.5793599073608586,0,0.0,0
11056,47.30180427499798,4,5,7.771820923821181,7,0.5724107028121501,0,0.0,0
11057,27.60565589740983,2,3,11.01613050491825,1,0.49772230563434,0,0.0,0
11058,50.36505675829332,3,5,7.654579445119341,7,0.479500838998599,0,0.0,0
11059,23.901946375195617,3,3,13.204727925930584,1,1.0005861955758943,0,0.0,0
11060,45.61065354084829,5,2,10.8147940388722,1,0.9997701091942046,0,0.0,0
11061,37.91073171588346,3,3,10.354427655244299,3,0.9054287884723197,0,0.0,0
11062,34.0852812767546,3,3,3.9313919839004674,4,0.999678439020228,0,0.0,0
11063,30.659680915296818,3,3,0.0,2,0.47598126808993246,0,0.0,0
11064,34.58189377283997,4,6,4.654634478706052,2,0.46004521660238207,0,0.0,0
11065,60.245723220700654,6,2,9.207422807086857,1,0.18909076651828782,0,0.0,0
11066,35.63092033299776,1,6,5.747233186961759,1,0.28397686992396576,0,0.0,0
11067,39.56836547796408,2,1,2.367724860531924,5,0.46372492809902055,0,0.0,0
11068,52.427932003445555,3,3,11.919650175205986,2,0.9202293038918348,0,0.0,0
11069,51.76878474226669,3,1,8.491882019560368,4,0.49634234384886056,0,0.0,0
11070,20.300022928316537,3,5,0.0,1,0.0,0,0.0,0
11071,21.5976377985887,3,2,11.056143633153894,7,0.2445271696666647,0,0.0,0
11072,33.849672411307054,3,7,19.169634345889094,3,0.9777488951828925,0,0.0,0
11073,57.1639684570672,2,2,8.874949551021633,7,1.287003107979634,0,0.0,0
11074,52.837626416254935,2,4,19.4128698853955,3,0.25394752849555674,0,0.0,0
11075,62.73743683124631,5,1,20.00664077950193,5,0.4042778724972806,0,0.0,0
11076,55.33425911189807,3,3,8.601604763899847,3,0.49930087516537125,0,0.0,0
11077,43.36788570708835,3,6,19.076993202903253,3,1.0000695406270297,0,0.0,0
11078,45.524138324455166,3,6,18.744714899402783,7,1.0002436273068178,0,0.0,0
11079,51.14687618354105,3,3,1.0058854594407816,2,1.0004601386310683,0,0.0,0
11080,39.36235712815919,2,1,11.914335571775906,4,1.0001163643807751,0,0.0,0
11081,26.67699494297052,3,4,19.98833527230834,1,0.8961530387451708,0,0.0,0
11082,39.85567759123497,4,1,8.425717711070963,7,1.000269312918824,0,0.0,0
11083,27.93629485768048,1,2,3.943667111960308,4,0.26044546779766126,0,0.0,0
11084,49.6724846973011,3,2,9.818333945429451,7,0.9997037201873276,1,4918.467697668996,1
11085,30.17184915627614,4,2,15.728391045740665,3,0.7758503351260542,1,658.3937845431759,1
11086,45.66550468405402,4,6,17.058230627189193,6,1.022130713591111,0,0.0,0
11087,51.85404665842779,3,6,15.179933224348806,7,0.6173808399397112,0,0.0,0
11088,66.52657395081091,2,3,9.669181776752932,3,0.9994769354962347,0,0.0,0
11089,53.326711849160844,3,3,20.00720756227757,2,0.17773490682704063,0,0.0,0
11090,43.06188653045491,3,2,14.397186536050143,7,0.9994780561565028,0,0.0,0
11091,45.38685905652745,3,5,6.142081183640776,1,0.9713216054725564,0,0.0,0
11092,58.662177416580086,4,6,1.2230885346199614,7,0.9999139768139133,0,0.0,0
11093,12.781945913116456,2,3,3.4569839167798815,2,0.2773025411448171,0,0.0,0
11094,25.201926143359717,2,6,12.009859256511964,6,0.13739489492093448,0,0.0,0
11095,52.3840984252404,4,4,20.005305116976807,7,1.0004715825222004,0,0.0,0
11096,37.89666099668524,1,3,24.01712002412865,2,0.41836909788629384,0,0.0,0
11097,17.453709699249043,2,6,4.505160856321084,7,0.0,0,0.0,0
11098,43.4365385409813,1,3,4.8854974928421875,5,0.9641396551671106,0,0.0,0
11099,33.75205624190626,1,3,5.4442105240168575,7,1.000816894861089,0,0.0,0
11100,29.61985313506977,4,1,17.261015300494154,7,0.18701752222207735,0,0.0,0
11101,52.54600377345213,2,6,0.0,4,0.6128498603762973,0,0.0,0
11102,27.439119504212606,3,6,13.206235616335828,0,0.5973453150040583,0,0.0,0
11103,60.434931942021905,3,3,20.009854888126995,3,0.6689688083712299,0,0.0,0
11104,54.85141632697113,2,1,9.968716894500707,3,0.38535910726366596,0,0.0,0
11105,25.11460299739364,2,2,4.171348921456016,3,0.19154099745939301,0,0.0,0
11106,39.19176784045581,3,3,15.949111504664852,3,1.0001986090975739,0,0.0,0
11107,66.18640123772062,2,4,2.2660850664372543,7,0.9396561473792999,0,0.0,0
11108,43.52741357511967,5,3,14.526910945079262,7,0.7672040444417343,0,0.0,0
11109,61.6918754649604,0,3,15.582995307413738,5,0.5038922132771326,0,0.0,0
11110,39.178709944092944,3,2,9.011815734006959,7,0.9995353977366379,0,0.0,0
11111,65.02674230483923,4,3,13.529414496457022,7,0.9998525354440626,0,0.0,0
11112,27.489752527109538,1,1,5.679759033206414,5,0.11971728880140398,1,6184.067809515354,1
11113,51.02230222138938,4,5,5.518406521553694,3,0.5012945554795399,0,0.0,0
11114,40.99984650049943,3,1,19.060108849623816,7,1.0001389969945949,0,0.0,0
11115,46.23391537486703,3,4,19.997950843832214,4,0.9995905515458661,0,0.0,0
11116,29.913408915631578,2,3,13.565082423057504,1,0.5002871404906075,0,0.0,0
11117,34.95316082784907,4,6,13.118780502825922,2,0.4001038917047918,0,0.0,0
11118,47.789276510572506,3,3,0.0,7,0.24816303093200992,0,0.0,0
11119,45.458935393727614,3,6,11.44279619035691,7,1.0004391964846273,0,0.0,0
11120,56.71944303989318,3,2,7.4225785817640535,3,0.3299666915568729,0,0.0,0
11121,50.2445836258047,7,1,1.3874751174365905,7,0.9999927789556206,0,0.0,0
11122,45.444767823657145,3,6,12.238870959972132,6,0.8950959571632264,0,0.0,0
11123,41.78561379908346,3,2,9.788468570247561,6,0.999912940780201,0,0.0,0
11124,36.437052439686546,3,1,8.285948089587212,1,0.9996684463568668,0,0.0,0
11125,41.42330454300337,3,3,4.306145875452578,3,0.5914803079711911,0,0.0,0
11126,44.98134800327615,4,5,10.416401840187895,2,0.2847591214825987,0,0.0,0
11127,43.35737064210401,3,6,14.431431475034296,7,0.9997775389765748,0,0.0,0
11128,60.991087964718936,3,4,15.530884516860416,3,0.9616341465514897,0,0.0,0
11129,59.374163891527886,2,3,12.973780986519191,3,0.50046377683645,0,0.0,0
11130,62.617760955921966,2,3,19.990507891371394,1,1.0000560745195537,0,0.0,0
11131,46.24644062404454,3,1,13.307753612314421,1,0.022560095549459036,0,0.0,0
11132,63.80665189397311,2,6,5.692387817799052,5,0.18477746252755356,0,0.0,0
11133,48.29472407032936,3,6,0.0,7,1.0002174282225642,1,4209.373826783713,1
11134,19.399616094297453,1,5,6.987490242363975,1,0.19299946065240792,0,0.0,0
11135,56.42779479369028,3,4,17.017507995517978,7,1.1942857829433005,0,0.0,0
11136,32.94373363701373,5,3,2.710160497063333,2,0.7002645611481544,0,0.0,0
11137,37.71899999578397,3,3,13.941211930811688,4,0.9999947836054653,0,0.0,0
11138,34.470188127798075,3,2,7.554275717114901,7,0.9999035540514525,0,0.0,0
11139,55.10280880002961,6,6,10.338587232682935,7,0.37449266351246385,0,0.0,0
11140,35.77942596986824,2,2,14.08858210661138,7,0.9847337166601997,0,0.0,0
11141,45.19615432278913,6,3,9.584230735284624,7,0.29780019082510445,0,0.0,0
11142,41.58846658517899,1,1,19.989811179453035,4,0.09347524254382367,0,0.0,0
11143,41.60348420572266,5,2,6.5545791470604,7,1.0002395750999842,0,0.0,0
11144,37.96970335234752,3,6,19.534973264500458,6,0.23356659137431252,0,0.0,0
11145,62.942226825848124,4,6,14.207852207215522,4,0.3646370077642695,0,0.0,0
11146,38.29409323857017,4,3,6.23115275954888,7,0.9997070850291949,0,0.0,0
11147,21.141358580047655,2,6,10.177226494684245,4,0.6338751821404726,0,0.0,0
11148,42.00921066917897,3,6,19.76885622416004,3,0.9994106605857536,0,0.0,0
11149,37.02352559792393,3,6,14.684973908086342,3,0.3187423172676489,0,0.0,0
11150,21.358568797270163,3,6,21.5481519814387,2,0.42838939134575255,0,0.0,0
11151,41.46948880565816,3,6,12.189949622125992,3,0.7235555197894553,0,0.0,0
11152,43.4353646599574,4,6,20.138421307663812,4,0.9999094842439973,0,0.0,0
11153,62.177505861638934,3,1,19.785636183128027,2,0.5633843983189183,0,0.0,0
11154,29.012877522032305,2,6,16.73153734739545,4,0.999776317617626,0,0.0,0
11155,45.0670682637928,3,6,20.672901904249578,7,0.8535006545488812,0,0.0,0
11156,50.191437079488836,4,4,20.00317975801817,7,0.9999657197234304,0,0.0,0
11157,25.56782139168799,2,2,10.486847540518767,7,0.9999766875866103,1,55924.22688066547,1
11158,41.95858699447239,4,1,3.558448437327029,1,0.5153144092966061,0,0.0,0
11159,31.394908528136597,2,4,5.725583937288821,5,0.7955832028621933,0,0.0,0
11160,41.24287824537252,3,2,16.27375444127554,3,1.0000814754349585,0,0.0,0
11161,49.00706485231615,4,3,16.73967932049922,2,1.0000847120952174,0,0.0,0
11162,25.14761423205213,5,7,2.048737859493958,3,2.1431464613974605e-05,0,0.0,0
11163,43.99306189370737,2,1,14.079536024715406,3,0.9759575946059963,0,0.0,0
11164,41.68785748936184,3,2,11.86376368409773,7,0.9999060323381659,0,0.0,0
11165,54.34505711228354,3,6,13.797832166981815,6,0.6209356063034092,0,0.0,0
11166,28.125891983053794,2,8,14.208482313551123,7,0.9292912385669321,0,0.0,0
11167,37.499118910226066,3,4,12.081432602847563,7,0.4351038657251345,0,0.0,0
11168,33.01529730610608,3,1,2.6243303066444064,3,0.9999325555249814,0,0.0,0
11169,21.384110004373213,4,3,0.2141253488766992,4,0.24241382416376345,0,0.0,0
11170,41.522358248171486,4,3,10.3287236119745,6,0.33200320736283906,0,0.0,0
11171,39.76285161648421,2,1,1.8320903425136468,4,0.31825186363272606,0,0.0,0
11172,16.319915956907106,4,4,16.435319411181986,7,0.506975778705444,0,0.0,0
11173,35.90194731278736,1,6,3.023419182542609,7,1.0004378646880638,0,0.0,0
11174,69.25964636126267,3,4,19.993392199551423,3,0.49628364660368895,0,0.0,0
11175,36.985871465196674,4,1,10.936238990952237,1,0.9996358520795212,0,0.0,0
11176,25.921557967190545,4,4,1.819156630962242,7,0.797165055727504,0,0.0,0
11177,41.177004228900316,4,3,15.943173784368971,2,0.9806399350425203,0,0.0,0
11178,29.496895918825317,3,2,17.062585631836058,1,0.9998656191572208,0,0.0,0
11179,35.616373010341775,2,3,8.783034223147348,4,0.4850703613342905,0,0.0,0
11180,63.76019366894386,3,2,11.541313610189729,4,0.9995935521783886,0,0.0,0
11181,38.49217684589694,2,4,9.525389257007653,5,0.07981599932651551,0,0.0,0
11182,23.043042096207387,3,4,26.66279971517918,2,0.26974191183252794,0,0.0,0
11183,50.763145109656065,3,1,6.6183735495770035,7,0.9994835252245042,0,0.0,0
11184,25.840612332319076,4,1,17.73136682135048,2,0.14976454004305084,0,0.0,0
11185,47.01850569608785,4,3,10.854688945426602,6,0.6005454849305659,0,0.0,0
11186,39.96591702020593,5,1,19.997803057063408,0,0.3018213837726579,0,0.0,0
11187,68.39774493052407,2,3,12.914085089658512,1,0.9995700649809819,0,0.0,0
11188,40.880613707021396,3,4,11.719311363656935,7,0.370903963327203,0,0.0,0
11189,8.462610163560967,2,1,7.39936848113814,2,0.9557544266006884,0,0.0,0
11190,52.10866299686566,1,6,14.240589734237366,4,0.301547553678022,0,0.0,0
11191,21.236328236618316,4,3,16.815659605726797,4,0.0061631816865846956,0,0.0,0
11192,43.54425384848126,0,3,1.8397293549057938,5,0.4476009643282684,0,0.0,0
11193,54.046563522000014,1,1,4.067481819919053,7,1.0000324006870982,0,0.0,0
11194,16.017893310356637,5,6,22.094449049406563,7,0.5873294120545431,0,0.0,0
11195,25.175646752737013,4,6,14.264086846200534,2,0.5057134609479612,0,0.0,0
11196,47.93705282978344,3,3,7.640285404631792,1,1.000181450690905,0,0.0,0
11197,30.78232826403277,3,6,15.619394683709746,1,1.0219122814160475,0,0.0,0
11198,35.068230297451485,4,3,2.831600044218961,7,0.9995410887250883,0,0.0,0
11199,54.140537668426205,3,2,0.0,5,1.0000725936135249,0,0.0,0
11200,42.348299308235575,3,6,9.580837432499992,2,0.5663059588975408,0,0.0,0
11201,54.97851240654783,3,3,8.903303491492867,3,0.9566684629945941,0,0.0,0
11202,25.649265216670468,3,2,13.147319908397934,1,0.3730678723850428,0,0.0,0
11203,31.643111407989196,3,7,9.391769882185997,1,0.23624407786435986,0,0.0,0
11204,40.944415282432374,3,4,20.013074028168788,1,0.9999162634526404,0,0.0,0
11205,25.30047205948398,3,6,16.69777439988303,4,0.4385365169579704,0,0.0,0
11206,46.514534466751925,3,4,14.623878848403569,2,0.9993934123336927,0,0.0,0
11207,30.668997074910138,0,3,9.51273134798842,3,0.5800364091970506,0,0.0,0
11208,57.771081295238844,3,3,3.5772833399453985,7,0.9997373485746526,0,0.0,0
11209,55.02672964106377,3,5,16.753247275191068,5,1.0002106612277752,0,0.0,0
11210,48.26268945135189,5,1,3.2312652524378063,3,0.461525629182989,0,0.0,0
11211,58.1290267195723,6,3,9.522324884032237,4,0.9997203875374481,0,0.0,0
11212,50.1792924163327,0,1,4.399754638256047,7,0.9947532936642469,0,0.0,0
11213,41.552327966408605,3,4,14.473577854938288,0,0.273247831270022,0,0.0,0
11214,46.16073903866555,3,1,9.425998809411588,7,0.9999639165402431,0,0.0,0
11215,20.43756662580192,3,6,4.045732500433785,3,0.44767365777163015,0,0.0,0
11216,36.44302015049087,1,2,16.982432559996212,1,1.0002673915512412,0,0.0,0
11217,43.517399571787,3,3,11.719830521664623,0,1.0000593763180248,0,0.0,0
11218,38.354138572235684,2,3,18.48853365951975,0,0.4445522522483832,0,0.0,0
11219,44.98841919415882,2,3,24.171136974734612,7,0.7508049430270441,0,0.0,0
11220,23.324940473776234,4,6,5.5514133276773245,3,0.9999506078549372,0,0.0,0
11221,16.251626029926594,2,6,9.620837219942125,1,0.21717962800078322,0,0.0,0
11222,50.9295370037315,2,1,9.504449718633316,5,0.5008436458003725,0,0.0,0
11223,58.646323046902815,4,6,11.766346127917906,7,0.6593922290096875,0,0.0,0
11224,31.155697698055373,3,1,6.121365320755022,3,1.0002040810873503,0,0.0,0
11225,30.82252010676218,3,5,16.78937833217812,3,0.41731403015880925,1,5576.8450877299365,1
11226,56.44949006150683,2,2,3.47745656614591,6,0.4325463177327528,0,0.0,0
11227,36.715133603866875,3,6,11.367552104259854,6,0.9997663205932801,0,0.0,0
11228,24.474257486555935,1,6,6.374859563277037,2,0.0,0,0.0,0
11229,39.87238261141606,3,1,20.00059258046712,3,0.727621666275026,0,0.0,0
11230,41.50867332154612,1,3,3.2202817072181444,5,0.5584209936284884,0,0.0,0
11231,56.491163886459105,2,1,15.391581149792016,3,0.5020698837111803,0,0.0,0
11232,45.60094484286813,1,1,6.077969355024168,3,0.9998279786547248,0,0.0,0
11233,54.94516962847207,3,5,16.808569020746702,7,0.9996837979988553,0,0.0,0
11234,45.16190769292036,1,4,11.852698692047516,1,0.0,0,0.0,0
11235,45.79607780849113,3,6,8.104338322668589,2,0.10967928371360447,0,0.0,0
11236,28.49741714988724,2,1,8.489704811201486,7,0.28469890150484356,0,0.0,0
11237,49.57530072356601,3,1,19.98706176402353,5,0.3009909046086264,0,0.0,0
11238,42.40194825001025,2,1,19.401521934226807,4,0.9998152300478647,0,0.0,0
11239,39.57346321572429,5,1,1.3461794533606337,6,0.6323990175476436,0,0.0,0
11240,20.47618582208886,5,3,0.0,1,0.41923720596457176,0,0.0,0
11241,40.22032792250949,3,9,14.847525175826886,1,1.0000128824445123,0,0.0,0
11242,28.046982994751403,1,3,9.642468182178648,2,0.22784766465868422,0,0.0,0
11243,53.5001788922567,4,4,13.53248823721697,7,1.0000718298662048,0,0.0,0
11244,26.053901690698897,2,2,10.107136178575143,4,1.013908118107375,0,0.0,0
11245,45.12637543056558,3,2,7.183886250369477,7,0.9999784638583465,1,3389.399959749498,1
11246,36.805561071717456,2,6,6.149710855931078,7,0.16458542976807855,0,0.0,0
11247,66.27033133067627,1,3,19.027234271934276,5,0.999765716533352,0,0.0,0
11248,49.871774313451645,3,2,6.022537527357862,1,0.09558066195531889,0,0.0,0
11249,28.42952644596282,2,6,18.343669400832898,3,0.8239185212369433,0,0.0,0
11250,21.89531076134452,5,2,11.851274592102444,2,0.3379468615719785,0,0.0,0
11251,30.702977040199016,3,3,18.472987220826976,0,0.7726064057754836,0,0.0,0
11252,44.80310987705561,3,1,13.265300560072294,7,0.9313034353276485,0,0.0,0
11253,25.91421492814379,3,6,14.307251818093366,3,0.5907844708546025,0,0.0,0
11254,54.130271391907044,3,6,18.84048076077422,7,0.9998992390447697,0,0.0,0
11255,21.121790606924627,3,6,14.874727249909618,7,0.6563566307896279,0,0.0,0
11256,26.844304706465437,3,4,11.541749439428546,4,0.5699988457714122,0,0.0,0
11257,72.85677770618412,2,5,16.11636428523113,2,0.5011163607374167,0,0.0,0
11258,27.762779232854136,1,1,6.296306744599212,7,0.2623074247061448,0,0.0,0
11259,64.62583977078779,4,1,17.35663116454408,4,0.9996671534126531,0,0.0,0
11260,49.176647871978474,2,3,11.45544761030736,4,1.0000202430058687,0,0.0,0
11261,53.80861212191518,3,3,5.820768648934417,4,0.9996401664876459,0,0.0,0
11262,44.02215464748431,2,1,16.26653375668081,4,0.6414378244674499,0,0.0,0
11263,46.667068044495316,5,1,4.669980085480337,4,0.49565807828566943,0,0.0,0
11264,61.837703780074705,2,5,2.428791239594613,3,0.3620932848471639,0,0.0,0
11265,60.41042528368142,2,4,14.51929083595828,7,1.0005711846094656,0,0.0,0
11266,21.316319975598244,3,3,11.495746902620644,7,0.9997273595105207,0,0.0,0
11267,50.21150555627679,3,7,10.385594414404018,5,0.9479029200762985,0,0.0,0
11268,49.90674223910305,3,6,16.39221515106908,7,0.999930385271836,0,0.0,0
11269,40.9508887008345,4,2,8.474588158381799,7,1.0001463991676145,0,0.0,0
11270,39.841293871364215,5,2,19.646720097370107,7,0.5676764062060652,0,0.0,0
11271,44.0388902597612,4,1,20.001496831014173,4,0.9769791014250269,0,0.0,0
11272,42.32985915123948,3,1,3.561904012749367,4,1.0004260753788232,0,0.0,0
11273,67.15807104385232,3,7,16.19996229506321,7,0.9999456342758057,0,0.0,0
11274,68.4462961424793,3,3,11.408488709501297,3,0.9995887630865978,0,0.0,0
11275,25.61567031686332,2,1,19.921537887474617,7,0.0749527668278005,0,0.0,0
11276,49.18115208167545,2,3,12.517072272379547,2,0.03981206217091604,0,0.0,0
11277,31.72040533627601,1,1,5.452202996124665,7,0.28106576212717244,0,0.0,0
11278,60.790495680684856,3,1,18.35764516467715,7,1.0000641412569924,0,0.0,0
11279,35.2067093394172,3,3,18.417699268985952,4,0.7937192064895059,0,0.0,0
11280,66.42020746601571,4,2,10.561552820973477,5,0.47653942326435883,0,0.0,0
11281,38.82905976145489,1,6,15.203069594129982,7,0.2793943326006906,0,0.0,0
11282,45.22461904495196,3,5,0.0,7,1.000161195610949,0,0.0,0
11283,32.332734131123416,3,4,20.00145182722582,4,1.000291855136239,0,0.0,0
11284,35.25148269261347,2,2,7.321852342709825,7,0.9997900587280272,0,0.0,0
11285,44.82618710196754,3,3,8.809669777120234,0,0.0,0,0.0,0
11286,35.904351652089346,2,1,6.67498323081496,5,1.0001599117666677,0,0.0,0
11287,0.0,3,4,6.787209142059921,2,0.2375746933166995,0,0.0,0
11288,58.585211904572475,3,1,14.593698470780982,3,0.1847157524530908,0,0.0,0
11289,29.232097760293122,1,6,6.744330557707837,2,0.46612524181311543,0,0.0,0
11290,53.15470943477712,0,1,25.85782390667206,7,1.000441612460546,0,0.0,0
11291,27.259471470541694,4,1,0.0,3,0.09604436815929074,0,0.0,0
11292,45.51153038187973,4,4,5.638287485578809,6,0.6393713763692869,0,0.0,0
11293,31.602144400013756,0,3,7.434417936829397,1,0.1802674311958663,0,0.0,0
11294,32.332442650104554,3,6,17.94167258909592,4,0.5152866839655381,0,0.0,0
11295,46.1364633436331,2,1,21.300562704687803,7,0.6172912908277206,0,0.0,0
11296,21.046206607317767,0,6,0.0,2,0.33726657839758173,0,0.0,0
11297,49.202920534142855,3,3,9.619395671670166,5,0.9997605587344599,0,0.0,0
11298,66.2879208401699,3,0,0.31722518315173787,1,0.8141369614899046,0,0.0,0
11299,41.96284787264366,3,4,19.999618774550896,1,0.4257730538571225,0,0.0,0
11300,15.745866427539102,3,4,16.738188581151,2,0.1865163849934549,0,0.0,0
11301,62.46970783551048,5,3,1.46888932746635,7,0.9743789638681417,0,0.0,0
11302,63.948474705506364,4,3,13.392143722696122,3,0.9997925562925087,0,0.0,0
11303,41.03847203746368,3,6,9.97563042545281,1,0.9624869535032318,0,0.0,0
11304,41.00511273602507,3,1,12.566298070318235,7,0.40263394253160506,0,0.0,0
11305,31.724631341139364,3,1,10.108313160292207,0,0.36776318018743714,0,0.0,0
11306,27.616722678908005,4,2,9.109258864528066,5,0.42262681912976974,0,0.0,0
11307,48.35216218533131,4,5,5.162548610941755,6,0.6908617352629516,0,0.0,0
11308,36.30042726589378,2,6,21.207365950566576,2,0.6799707102629661,0,0.0,0
11309,35.38689741603636,2,2,5.61179525045572,7,1.0002527574444229,0,0.0,0
11310,31.345797343316185,3,3,20.001485789634046,1,0.5396818565376672,0,0.0,0
11311,25.01631281665811,3,6,11.83782476276297,4,1.0006044800659826,0,0.0,0
11312,68.94953072302987,2,4,22.584307212146058,2,1.2231286251014082,0,0.0,0
11313,37.793747845035945,5,2,11.682910618678612,3,0.9619549960359004,0,0.0,0
11314,31.88712271835943,4,6,9.380476480673506,6,0.6009748211667413,0,0.0,0
11315,40.17128822371284,3,6,1.55988760775168,1,0.04375072660515178,0,0.0,0
11316,43.76407637950524,3,1,14.05724669258629,3,0.10301507639257157,0,0.0,0
11317,41.810978825177656,3,2,14.3990383473316,4,1.010019973583899,0,0.0,0
11318,44.32900489907792,0,6,7.436216884844791,6,0.6453452379914062,0,0.0,0
11319,46.88914613266504,4,4,19.997803260242726,4,0.4990811276990159,0,0.0,0
11320,40.009692212978365,4,1,20.00802756067398,4,0.0,0,0.0,0
11321,49.898061360695046,5,6,20.122088899837557,4,0.050427595149566296,0,0.0,0
11322,49.47001052926189,1,1,20.00825757830527,4,0.3465505920143313,0,0.0,0
11323,54.173076630947115,3,3,8.526819406720433,2,0.39289235589724913,0,0.0,0
11324,49.791946600358514,4,3,5.438726717460909,7,0.6158828384248063,0,0.0,0
11325,31.464674087901244,4,6,13.293074160196152,5,1.0000716479443836,0,0.0,0
11326,35.68918390837116,3,6,16.365966192804557,4,0.5994763969057878,0,0.0,0
11327,51.15056868321782,3,6,9.918205026475489,1,0.3581235794869184,0,0.0,0
11328,30.470750366663275,4,6,10.294429756763527,7,0.5543025980478292,0,0.0,0
11329,51.89939151422683,3,2,8.770690381506007,7,0.9995296766191182,0,0.0,0
11330,40.42602848178334,3,6,8.376762623157024,2,0.625843635675029,0,0.0,0
11331,37.157663018426526,2,3,0.0,7,1.0001817954807084,0,0.0,0
11332,28.153508785431537,3,0,19.923996165696554,7,0.9633473642591912,0,0.0,0
11333,61.38264934499446,3,3,4.494884001301374,3,0.9998971221025603,0,0.0,0
11334,25.668725968812208,3,1,15.09143533634899,2,0.27973750779528417,0,0.0,0
11335,26.76596774405808,3,5,19.583929101279764,5,1.0001718844543226,0,0.0,0
11336,49.84221443136184,4,3,10.786580169772668,4,0.27926131542194876,0,0.0,0
11337,30.605334185724743,3,3,9.190497779008096,2,0.9992301911469785,0,0.0,0
11338,27.56836328979427,4,3,2.4522368382448434,7,0.7624761431830047,0,0.0,0
11339,43.03951110236696,1,2,3.6655848193096254,1,0.2923369387371073,0,0.0,0
11340,64.19779413993967,4,6,9.034970360027648,2,1.0001304933573547,0,0.0,0
11341,39.16756946553223,4,2,13.146280812121633,7,1.000324163276471,0,0.0,0
11342,30.49418163826158,4,2,5.582076977721008,7,0.0,0,0.0,0
11343,68.37807555484062,4,3,5.7668670353443545,7,1.000023820577774,0,0.0,0
11344,57.65587820629105,5,3,15.367881702008003,1,0.9830565190221177,0,0.0,0
11345,38.68307927899327,3,5,9.547744003923258,1,0.503326223739998,0,0.0,0
11346,66.74075733778366,3,4,19.99800272239454,4,0.49789574797617225,0,0.0,0
11347,57.247290023510025,4,5,20.574446631138155,1,0.4737157899691895,0,0.0,0
11348,35.44419160143124,4,1,10.958228536361082,2,0.08994333059602644,0,0.0,0
11349,45.68744941011757,2,5,9.424348515388022,7,0.9710942393367006,0,0.0,0
11350,49.04441196390628,2,1,13.87034494724772,7,0.9994722358540964,0,0.0,0
11351,37.456251272968345,3,1,15.511164720835136,7,0.9998311946580395,0,0.0,0
11352,50.169397462269146,3,5,5.124084717139833,1,0.5337468404428598,0,0.0,0
11353,34.029522258621625,0,3,0.0,2,0.3572974604770602,0,0.0,0
11354,52.958667783103095,5,6,10.806890988329162,7,0.9998911377730344,0,0.0,0
11355,23.81916413050289,2,4,9.512773072448924,1,0.9526960539347499,0,0.0,0
11356,61.77729025919139,6,3,20.051127519230867,2,0.9996715433863113,0,0.0,0
11357,55.31908769368269,3,1,9.49037726254953,7,0.9998260809911108,0,0.0,0
11358,11.718283649049493,3,3,4.700208691888681,0,0.1911601848909173,0,0.0,0
11359,36.617239647976,4,3,7.614876539194092,1,0.3305897931859194,0,0.0,0
11360,50.725443967721446,3,6,14.65036759030773,1,0.5478131004314176,0,0.0,0
11361,40.317903796624684,4,3,9.720304974187517,7,1.000165049556122,0,0.0,0
11362,34.834213588700266,2,3,12.3911254807947,4,0.3576281638522389,0,0.0,0
11363,40.46964200883968,2,4,12.920628768645422,4,0.30016773163617305,0,0.0,0
11364,35.246316068398805,2,1,16.905514648924267,3,0.9994629007462295,0,0.0,0
11365,58.368416591713014,3,1,6.733455280124062,7,0.9998450726003765,0,0.0,0
11366,54.81364478252946,3,2,8.670274533646314,5,0.5276829194953638,0,0.0,0
11367,51.3530802568017,2,3,0.0,5,0.11941571866758594,0,0.0,0
11368,49.47513707150703,3,3,11.860495687814213,7,0.3867545261330846,0,0.0,0
11369,26.458281219192862,3,6,22.153530105399092,1,0.6976299904212715,0,0.0,0
11370,33.089034408633594,4,5,0.9995614766231515,1,0.9999766535113933,0,0.0,0
11371,33.32642593991615,2,3,11.189122926824183,6,1.0003973850756835,0,0.0,0
11372,53.33861660667263,4,2,3.764253705235327,7,1.0001825542015987,0,0.0,0
11373,52.468005915298754,4,6,15.113550178130179,2,0.30222795661288265,0,0.0,0
11374,25.697576632913727,2,2,10.852909866751572,1,0.13865268367893835,0,0.0,0
11375,24.20492343346449,3,2,10.916233727816248,7,0.7388580924100288,0,0.0,0
11376,31.04940921126782,3,3,4.4545802549276186,0,0.5716458102656252,0,0.0,0
11377,30.989962154962868,4,5,3.7364405043998,7,0.7373870967839453,0,0.0,0
11378,16.52593159705549,3,3,12.765495747952565,4,0.7146377983975164,0,0.0,0
11379,48.94771067840837,2,2,9.921257519022797,2,0.3146589263496179,0,0.0,0
11380,45.314895242069305,3,3,4.950420219212369,2,0.5006090701848408,0,0.0,0
11381,60.813750624791126,4,6,17.450017898060473,3,0.51562397373652,0,0.0,0
11382,24.651867595284656,3,1,7.0939251428620596,2,0.4904076901139,0,0.0,0
11383,20.064569217765914,2,2,18.051897776689536,7,1.0001391718251997,0,0.0,0
11384,40.94223512723123,3,4,11.183345787828845,0,0.1347001578367898,0,0.0,0
11385,69.4290604776311,4,4,20.000296596819492,7,0.9996051415781325,0,0.0,0
11386,44.4889030452308,4,1,8.06878739481428,7,1.000316505856015,0,0.0,0
11387,37.01937025350915,4,5,16.443077713466383,3,0.8935964754723889,0,0.0,0
11388,38.578645825206216,4,6,3.46762837437935,6,0.6192228848678931,0,0.0,0
11389,35.78823126792263,5,5,16.7007331246699,3,0.6400042279010582,0,0.0,0
11390,50.35645600896838,2,6,6.972355852544034,1,0.735500085604531,0,0.0,0
11391,42.59465290118933,4,3,0.0,7,1.0003310899562832,0,0.0,0
11392,34.38134386000889,4,5,17.663981151950864,1,0.9133764930518393,0,0.0,0
11393,59.43539323159854,4,4,10.309153470146317,7,0.9998018152639246,0,0.0,0
11394,42.310122000794806,4,1,1.4867784718637527,2,0.5325269471016872,0,0.0,0
11395,27.050447574264105,3,1,16.04721563826314,3,0.9361072922287779,0,0.0,0
11396,51.02484659491343,3,3,9.589592783551806,3,0.9204864104004234,0,0.0,0
11397,59.96413231333963,2,5,18.984717564960306,5,1.0001187417142172,0,0.0,0
11398,22.52191447462496,3,4,5.311187002153471,6,0.9998796407205939,0,0.0,0
11399,46.91611359793863,3,3,12.248541010610644,7,1.000119579194105,0,0.0,0
11400,39.127017160378706,3,3,18.439782039296,2,1.0006193016427707,0,0.0,0
11401,38.42588328757812,3,3,11.056910727060425,0,0.5009688790509972,0,0.0,0
11402,25.18818988862464,1,3,0.42105842930272175,4,0.38794375456817687,1,79832.45809819597,1
11403,27.27460667454755,3,4,15.522691050834835,2,1.0000678620996943,0,0.0,0
11404,40.34059949316212,2,5,20.008128689827277,1,1.000223428941725,0,0.0,0
11405,56.96166654622855,3,3,16.355353156359175,7,0.9996722741137015,0,0.0,0
11406,43.941326120983334,3,6,9.394619154296876,7,0.5681031294679134,0,0.0,0
11407,32.48382587423212,3,1,3.38798031727805,7,1.000414000620891,0,0.0,0
11408,33.613925893745524,2,6,21.613074633146876,6,0.9997972347101879,0,0.0,0
11409,20.121449916393736,2,1,10.761054855111588,2,0.002790518327084879,0,0.0,0
11410,66.59287614718079,4,6,9.267926084437438,7,0.9996826056806911,0,0.0,0
11411,28.31414667173643,0,3,8.891492632775662,0,0.9995673625371397,0,0.0,0
11412,41.14722683966525,3,5,13.569182162089652,2,1.000188339298109,0,0.0,0
11413,40.63948671755128,2,4,19.99714462726765,7,1.0004201730654119,0,0.0,0
11414,43.430680806178025,3,1,4.583555946843795,0,0.44802682477882966,0,0.0,0
11415,68.16083010081019,1,3,7.68957325125146,5,0.49681247710008736,0,0.0,0
11416,18.927774283865016,3,3,19.99861337160504,3,0.26852824205257675,0,0.0,0
11417,46.58379685266088,2,1,14.080376604767634,4,0.417320872834788,0,0.0,0
11418,41.857425517516674,4,1,5.209320582678239,7,0.9993891135075241,0,0.0,0
11419,24.48408238223599,2,2,15.698664158737346,7,1.000355994897289,0,0.0,0
11420,38.89421605913581,3,5,9.713988794824424,7,0.9998191083590091,0,0.0,0
11421,45.83702301007535,4,5,0.0,1,0.401771196539398,0,0.0,0
11422,45.329439752806394,2,2,13.91656141168488,1,0.47968527921787174,0,0.0,0
11423,51.92086588803027,3,3,10.620884485390107,4,0.9994113164608002,0,0.0,0
11424,56.81483008338227,2,3,4.418123294367407,5,0.9998492446402019,0,0.0,0
11425,56.48633855946838,3,4,11.211511146963264,2,0.16528280575729037,0,0.0,0
11426,45.71081780081812,1,5,4.834980920401296,2,0.3536238297155283,0,0.0,0
11427,45.43216681055108,5,6,15.02377943332091,0,0.005222727581133846,0,0.0,0
11428,37.715382951401295,3,1,4.586444539652927,2,0.37172009455682364,0,0.0,0
11429,52.73092148655798,3,3,16.720785200441348,4,0.530356823359478,0,0.0,0
11430,25.439167813951457,3,6,7.399961927165467,4,0.5462959252814817,0,0.0,0
11431,63.97584703097395,3,5,15.256883951807193,7,0.3478935703580956,0,0.0,0
11432,36.56237321300774,2,7,1.303770554032372,7,0.679179446517333,0,0.0,0
11433,45.06127492555823,3,1,10.476323713225787,7,1.0000119271790027,0,0.0,0
11434,45.4639249715198,3,3,19.99760710348294,1,1.1962268889817689,0,0.0,0
11435,35.876099538316325,3,6,3.340716761070981,2,0.8748156667129842,0,0.0,0
11436,31.389845157078813,5,6,15.090850152277234,7,1.0003012224655772,0,0.0,0
11437,52.80796699914869,2,4,5.752012809711463,1,0.9856861465984463,0,0.0,0
11438,34.28108862741079,3,3,19.989037860241375,1,1.0003991200943727,0,0.0,0
11439,38.66452256250611,5,2,0.0,1,0.3844952758883433,0,0.0,0
11440,33.85543243640251,2,1,0.0,0,0.0,0,0.0,0
11441,20.2949730360213,4,6,7.789546223544269,7,0.1384458646385105,0,0.0,0
11442,52.99074921468255,6,6,15.845522544522264,5,0.37531891001778306,0,0.0,0
11443,43.17540628797576,3,6,22.211600692012787,6,0.35542491304178025,0,0.0,0
11444,32.02316924384279,4,3,9.53744687584675,2,0.1518971743305434,0,0.0,0
11445,39.95491236760413,3,2,9.581758365639953,1,0.5245352924021638,0,0.0,0
11446,45.51126596848294,3,4,7.873015664074499,2,0.4918491565668909,0,0.0,0
11447,33.786731195783226,3,6,10.331245187771138,1,0.9508728028137574,0,0.0,0
11448,30.54604449462756,1,6,11.669287714487078,3,0.24463633906953358,0,0.0,0
11449,15.8453641089555,3,3,9.312708522974903,1,1.0000357117295813,0,0.0,0
11450,13.031158129290183,3,3,14.322634557767879,6,0.0,0,0.0,0
11451,56.70671160887326,4,3,1.688210392020217,2,1.000384950823531,0,0.0,0
11452,43.32440588720338,3,3,14.781677417723808,6,0.9999547863268945,0,0.0,0
11453,47.452792301099414,3,4,13.382981279479832,7,0.9998282801940053,0,0.0,0
11454,38.206734411066556,4,6,6.034015079451118,1,0.04509895707123124,0,0.0,0
11455,35.46236841235866,0,3,9.19958984733212,1,0.2462127878047447,0,0.0,0
11456,50.03934736503025,3,6,20.232345982551283,2,1.0001157157306362,0,0.0,0
11457,35.17875411882366,2,3,20.012254271437556,1,0.9131360429157149,0,0.0,0
11458,43.91271454241961,3,2,10.399804465797386,7,0.9998466873707937,0,0.0,0
11459,33.067135727559574,5,6,15.044121574076119,7,1.6105386876272108,0,0.0,0
11460,32.5416960256852,3,1,11.057791207349327,1,0.3664748665733178,0,0.0,0
11461,32.17959148103502,4,1,10.562845456277707,5,0.4404475464361366,0,0.0,0
11462,45.75871121132945,2,1,6.052987097965333,2,0.3649879341379525,0,0.0,0
11463,12.269171127222503,3,3,11.59923478445408,1,0.999635181339942,0,0.0,0
11464,36.12463126565552,3,1,13.969244378493803,1,0.9999877415849274,0,0.0,0
11465,36.61481533393975,1,5,5.679168499928888,3,0.21299389621288672,0,0.0,0
11466,43.298229421350094,4,3,0.0,6,0.4330530395268462,0,0.0,0
11467,37.13969871985296,4,3,0.9092651154817766,1,0.4298427472596991,0,0.0,0
11468,57.54076524473271,5,6,10.955818498432357,1,0.988619252780832,0,0.0,0
11469,40.55633185229839,4,4,20.0065396697799,7,0.399919561457433,0,0.0,0
11470,44.779760159513806,1,4,19.989654435998347,7,1.0000062413588444,0,0.0,0
11471,35.409029543316315,2,3,10.211368942702867,4,0.9997972872452281,0,0.0,0
11472,47.20718191097578,5,2,15.616127038868225,7,0.9998772947531889,0,0.0,0
11473,26.0248474035014,1,3,1.0047416508405558,1,0.8573396232256034,2,276291.78738960985,1
11474,36.1449528167937,3,6,7.420310602784897,5,0.9998878685425654,0,0.0,0
11475,48.45261265057184,3,2,5.752624385089215,7,0.7215507620759487,0,0.0,0
11476,47.867659839584405,3,3,7.758086816483912,0,0.999541101790083,0,0.0,0
11477,33.107121213635814,4,1,8.008677911212867,3,1.0001246459651718,0,0.0,0
11478,21.16070300716019,7,4,17.02292680669489,1,0.15080900588197388,0,0.0,0
11479,17.616016000850752,2,6,14.595641012497216,0,0.3826196924676933,0,0.0,0
11480,64.27292785260512,2,3,3.618736355294925,4,0.0,0,0.0,0
11481,43.5510648502718,4,6,7.537414470577983,2,0.1267285914270031,0,0.0,0
11482,56.64941023316836,2,1,0.0,7,0.5206113848129974,0,0.0,0
11483,19.523432288162574,4,6,1.7493263395611347,3,0.42538874603523874,0,0.0,0
11484,20.574781094326703,3,3,4.479562620668059,1,0.9320867640740366,0,0.0,0
11485,19.06464101063732,1,3,10.112064737087184,4,0.999608411153571,0,0.0,0
11486,37.70557679877052,3,5,7.069410071698106,7,0.17685961850618137,0,0.0,0
11487,40.990808830859095,4,6,12.578595259825523,7,1.0000343032512413,0,0.0,0
11488,51.8461633152975,2,3,14.08038573082465,4,0.645481054206387,0,0.0,0
11489,48.71179492170673,2,3,16.920367179180253,7,0.779280567406331,0,0.0,0
11490,45.337844364870435,3,1,16.173181137140183,7,0.9997832042736856,0,0.0,0
11491,44.79528248141125,6,1,15.932211461788123,1,0.9995783399596464,0,0.0,0
11492,34.3458876289575,2,6,17.29160198642953,2,0.9994932655194233,0,0.0,0
11493,39.473528690228164,4,6,15.660181350188132,4,0.45285839211772505,0,0.0,0
11494,41.55529267032149,3,2,12.433747722181996,7,0.6752486220340819,0,0.0,0
11495,44.15519700593783,2,4,20.00283732949488,1,1.0001566193133584,0,0.0,0
11496,48.196215198934766,1,6,15.98826613244901,5,0.802824092483502,0,0.0,0
11497,34.25630201942753,3,3,4.52544849038749,2,0.6513501622603958,0,0.0,0
11498,34.65462177640084,4,6,5.412926000604719,7,1.0126741396094123,0,0.0,0
11499,57.01669644056929,2,1,16.252056934267593,3,0.23924011771815107,0,0.0,0
11500,36.41695233728057,3,1,11.395066057981879,7,0.21363164225439868,0,0.0,0
11501,49.89282610769392,3,6,10.93328537279853,7,0.16080695593357852,0,0.0,0
11502,52.9268948752318,1,3,15.49635705838763,7,1.0002957006667097,0,0.0,0
11503,34.33930319300203,0,1,12.14716578289625,7,0.1849208735777409,0,0.0,0
11504,60.97266825732376,3,4,5.729666065684705,7,0.2316116699818258,0,0.0,0
11505,36.79526974387699,3,3,18.637285597130642,7,0.9473436044952575,0,0.0,0
11506,33.48125412704312,2,3,13.30122501885605,7,0.9997333060637916,0,0.0,0
11507,49.27981467211734,4,2,3.4245274640595316,5,0.0,0,0.0,0
11508,37.177739314880824,3,2,10.599065226615963,5,0.9997021009269452,0,0.0,0
11509,55.803998796972394,3,5,6.688299926431927,7,0.9997183227470208,0,0.0,0
11510,67.10177740908334,4,1,0.0,5,0.45514118987370034,0,0.0,0
11511,45.05169411409125,3,3,6.6827261605343935,7,1.0001670664420481,0,0.0,0
11512,45.4866573845275,4,2,9.830443726607967,6,0.48697411614220265,0,0.0,0
11513,47.86300513797317,6,3,6.023826151967053,1,0.259060099908168,0,0.0,0
11514,23.638251030326728,2,1,16.4342227605366,3,0.5653664834015844,0,0.0,0
11515,27.839857893801323,3,1,8.84701763163022,0,0.9769020043902215,0,0.0,0
11516,25.608181260737705,3,6,7.976409167317339,1,0.34445180538456227,0,0.0,0
11517,51.228249796909296,6,2,17.675417973276623,7,0.9990926369088755,0,0.0,0
11518,34.13437197377498,2,1,5.277410777678936,6,0.21426939310725052,0,0.0,0
11519,42.062066211425126,3,6,4.064038670222269,7,0.9999258200391645,0,0.0,0
11520,46.196540076876786,5,1,17.814963879621487,4,0.3127485214221746,0,0.0,0
11521,52.496337764243734,2,3,19.668919231576986,7,0.99969696580544,0,0.0,0
11522,59.812567882805524,3,6,15.378845210676118,7,0.9605973509366377,0,0.0,0
11523,57.93641777214002,4,3,15.039888314299365,7,1.0002347466400183,0,0.0,0
11524,41.80615677433526,1,1,18.474382740929187,7,0.9555012306525568,0,0.0,0
11525,51.05994088493807,2,6,15.374580705972654,1,0.6530271186684566,0,0.0,0
11526,41.661965768157096,2,3,11.537826430461184,0,0.539821556310988,0,0.0,0
11527,57.519904067863685,2,1,0.0,7,1.0116682715413912,0,0.0,0
11528,43.62175882401419,3,3,9.147223734502216,3,1.0000208390023575,0,0.0,0
11529,48.87937636592093,2,6,7.826772740972455,7,1.0002533906952686,0,0.0,0
11530,41.542026565386315,3,4,2.7329047442142205,4,1.0000815418530014,0,0.0,0
11531,54.20989480878016,5,1,8.903867629931764,7,1.0002673462061888,0,0.0,0
11532,33.290039910431645,3,1,6.666237771556024,7,0.9996701548556184,0,0.0,0
11533,45.9207979844621,3,2,0.21487378311792504,2,0.10547458411551525,0,0.0,0
11534,15.110839819798759,4,4,7.453212582226762,2,0.642361545693925,0,0.0,0
11535,54.55323075110199,1,3,7.748448860203333,2,1.0000514598483368,0,0.0,0
11536,26.90505614605957,5,6,0.0,4,0.9200073549992885,0,0.0,0
11537,48.73866175172765,1,3,1.5158027479466192,5,0.417494585180192,0,0.0,0
11538,45.88136532592372,3,5,11.905570963719146,1,0.9339787794539283,0,0.0,0
11539,51.4684745432985,3,4,20.00716790020747,1,0.5984026182572189,0,0.0,0
11540,61.50864465814,3,3,9.225511493696722,7,1.000391907240429,0,0.0,0
11541,40.293086351047755,0,1,13.335200909136086,6,1.0000517459461813,0,0.0,0
11542,21.91220926481253,2,5,15.742032234514564,1,0.9933720554445404,0,0.0,0
11543,39.68752865531984,2,3,16.830774194802594,7,0.6067258070529279,0,0.0,0
11544,62.8936387641882,4,5,11.879395863653148,7,1.0002093415475932,0,0.0,0
11545,50.25883668195342,2,6,9.943836290711008,4,0.9999683319187489,0,0.0,0
11546,26.83035957652384,4,2,6.859459882243155,5,0.3410357714919271,0,0.0,0
11547,40.592058102358315,3,3,10.978736257362913,4,0.5355401515841591,0,0.0,0
11548,37.384841168654056,4,2,3.4389002390803327,7,0.5141393819636842,0,0.0,0
11549,42.13762027786752,2,3,4.096049412880802,4,0.5073225674241555,0,0.0,0
11550,50.33119275142331,2,1,10.371246403081066,2,1.0000946563811475,0,0.0,0
11551,25.12518229739872,4,1,11.680903675047137,3,0.4964170416417274,0,0.0,0
11552,29.609007799905676,4,3,20.007527470850498,1,0.46855627423366797,0,0.0,0
11553,43.94306799225952,3,6,17.153998661744005,6,0.5020067529884429,0,0.0,0
11554,50.991230808417804,4,6,9.171700957808998,3,0.9998957259140354,0,0.0,0
11555,53.137899480127274,2,5,18.43618042816568,5,0.9996694314629823,0,0.0,0
11556,45.98712832164813,3,2,4.5131374481553355,2,0.21386183934261055,0,0.0,0
11557,34.52616572222439,3,5,6.445221812020028,1,0.31865168700213903,0,0.0,0
11558,64.71209751684547,3,3,5.900845415312019,6,0.9999607684553475,0,0.0,0
11559,51.31714225662609,4,3,7.75810233637047,3,0.7767732431451848,0,0.0,0
11560,51.36092064568183,3,4,21.790028276226252,4,0.740274459822971,0,0.0,0
11561,33.305094673224204,2,3,10.401181573931222,3,0.9996364878762696,0,0.0,0
11562,39.797609852913304,1,1,15.680916794556236,5,0.2866721920410636,0,0.0,0
11563,48.057787005726425,3,3,3.5086498461748405,2,0.9998334991845408,0,0.0,0
11564,39.718823483514825,3,1,9.56346028031485,3,0.036305968905984365,0,0.0,0
11565,54.9942913417871,3,2,13.425613845564426,4,0.28189724272462363,0,0.0,0
11566,47.00709779563935,2,1,3.6583717851646256,7,0.999376252540226,0,0.0,0
11567,52.116095798288924,3,2,10.644022214649882,3,0.42028903429344544,0,0.0,0
11568,59.13405411635467,2,3,11.382846735252503,5,0.5000447199252935,0,0.0,0
11569,47.688787781862175,4,6,4.754843457464166,1,0.4095082965350431,0,0.0,0
11570,46.2347716689782,2,6,2.080081238405368,4,0.30665927606722404,0,0.0,0
11571,27.259511087310123,3,1,5.530972751354085,5,0.3110859148477652,0,0.0,0
11572,30.26125707004639,4,1,6.065000013433835,4,0.5037392984351841,0,0.0,0
11573,51.41182698696545,5,3,6.138518031135337,4,0.999754864218886,0,0.0,0
11574,45.01671613318947,3,2,3.028422705986017,7,0.9998577745698374,0,0.0,0
11575,64.42474716166535,2,3,0.0,7,0.9258590511019509,0,0.0,0
11576,65.01054245394886,3,2,4.959959675739912,1,0.6169719925241972,0,0.0,0
11577,48.528531179065354,3,4,16.75259582900241,2,0.3494279500989393,0,0.0,0
11578,50.71677026720128,3,2,10.800812261965001,4,0.9996127311048668,0,0.0,0
11579,67.93989165623084,4,4,2.6024975343292436,1,0.11414553968200403,0,0.0,0
11580,63.255569123299125,2,3,9.501253671976889,2,0.0,0,0.0,0
11581,24.902050933002265,1,2,7.614055820866655,3,0.4829478263296547,0,0.0,0
11582,62.744345016707044,3,4,14.248737884536315,1,1.0003623025715376,0,0.0,0
11583,46.59590170220791,4,1,15.023592034135842,4,0.35752234445413633,0,0.0,0
11584,35.2903853588632,4,3,17.31021573218866,7,0.9995828501132757,0,0.0,0
11585,46.82250338635387,3,4,7.725301230970306,2,0.9997774354830455,0,0.0,0
11586,63.5334671119554,3,3,7.649366993474169,1,0.8909963570568675,0,0.0,0
11587,41.39736259476017,7,6,10.320354778970685,3,0.2753676530571148,0,0.0,0
11588,26.222686548084358,2,2,11.462963928223338,3,0.3104103431552301,0,0.0,0
11589,52.936130779470176,2,4,17.62666530468678,7,0.14346421732386283,0,0.0,0
11590,37.09520171046509,5,3,0.0,1,0.06881407214800406,0,0.0,0
11591,62.61397976802138,2,3,10.453070908030057,7,0.19402780849075996,0,0.0,0
11592,44.06226868811438,2,5,15.13040641622838,5,0.44746750307309646,0,0.0,0
11593,58.26635959530958,5,3,0.0,1,0.9998013677963361,0,0.0,0
11594,48.00055794755562,3,4,16.006192668721514,3,0.18980884719680724,0,0.0,0
11595,48.638965369571345,3,2,11.845180406732982,4,0.4285089088280104,0,0.0,0
11596,44.54317205890276,3,3,8.557522576481718,7,1.0002872097831392,0,0.0,0
11597,42.1062569063245,2,6,9.655515841026972,6,0.4194529715834087,0,0.0,0
11598,54.0511617967204,4,3,16.870343361127816,7,1.0001915230330631,0,0.0,0
11599,51.72118912569812,2,6,11.917055747893773,6,1.105233090068813,0,0.0,0
11600,42.469770683712596,2,6,9.580956877585562,6,0.7812680918171542,0,0.0,0
11601,20.109515859601917,5,3,1.9987897893506315,1,0.2609882984998293,1,69393.05181671053,1
11602,21.28858297414894,4,5,12.137589987214882,3,0.17175838233762575,0,0.0,0
11603,26.74857262013827,1,1,11.288255219832019,6,0.023701234462381704,0,0.0,0
11604,58.836065884597964,3,6,23.454161719443327,7,0.9997750664024436,0,0.0,0
11605,64.56115322467909,5,3,5.314219991023945,2,1.0002295839732789,0,0.0,0
11606,51.41874196943603,2,1,11.517634303617097,4,0.43794512390727314,0,0.0,0
11607,53.33864065934871,3,2,13.029110383044488,7,0.999911747987482,0,0.0,0
11608,63.938668546366316,4,4,20.00035547796609,7,0.4246278633006221,0,0.0,0
11609,30.987891952851527,3,1,15.577291129405292,3,0.13254024613795456,0,0.0,0
11610,36.857838802466816,3,2,14.777741595379362,5,0.9343188736740919,0,0.0,0
11611,46.47803045137426,4,1,0.0,7,0.9427099574309254,0,0.0,0
11612,26.70795343112474,4,1,17.26782001108223,4,0.9756234871703152,0,0.0,0
11613,38.03993435800521,2,1,5.122975749261059,3,0.9999168128017193,0,0.0,0
11614,53.87502062021756,3,3,15.782242782061239,1,0.9329368198852128,0,0.0,0
11615,24.150088638041847,4,2,5.822725840385509,3,0.5418152569996567,0,0.0,0
11616,43.97752579027819,3,3,11.312771091590971,1,1.0001443604424332,0,0.0,0
11617,45.41013916254969,3,3,0.0,0,0.9850584614234229,0,0.0,0
11618,38.893007109769144,2,1,13.804340526087707,7,0.942409143288818,0,0.0,0
11619,53.71146366720656,2,1,19.485960574664027,4,0.500921945245889,0,0.0,0
11620,44.77544466930879,4,5,7.966859145772946,2,0.3001958133462382,0,0.0,0
11621,48.25562119579179,3,5,7.7125288596043715,1,0.9165167122742993,0,0.0,0
11622,44.51276506441104,4,4,12.460627751869442,7,1.0006586350525648,0,0.0,0
11623,31.755718710213934,6,4,11.765334898218848,4,0.5350007738762735,0,0.0,0
11624,59.299638275497244,3,3,3.9799498905610156,7,0.99991181165659,0,0.0,0
11625,25.440622021411553,4,6,5.469740980176689,4,0.0,0,0.0,0
11626,49.0827993433293,2,3,14.108145246156443,2,0.12253190517057333,0,0.0,0
11627,33.054028147588674,2,3,13.846972774220797,2,0.4962691283013031,0,0.0,0
11628,39.30065831173977,6,4,5.239408468777462,2,0.5539103429638019,0,0.0,0
11629,56.87259592483294,5,2,13.513008989325648,7,0.9997752933859755,0,0.0,0
11630,37.13546973561488,2,4,2.812629496283579,1,0.34271884392332863,0,0.0,0
11631,55.37309543395563,3,3,19.999102639293802,5,0.0,0,0.0,0
11632,46.60607069377587,3,1,12.000562297780135,7,0.9994979523069454,0,0.0,0
11633,71.92230368162423,4,6,8.61897123210787,7,0.9998316364708093,0,0.0,0
11634,71.43971534535054,3,3,19.8348573140679,7,0.9992815513175288,0,0.0,0
11635,44.516925368164,3,6,6.798261047294165,7,0.31343372440256445,0,0.0,0
11636,23.889826210942015,1,3,1.9769169603709997,6,0.6131999797674107,0,0.0,0
11637,34.20688142382067,4,4,19.543431515448106,1,0.962403297058807,0,0.0,0
11638,38.981732798341454,3,1,19.99187638306445,1,0.44414696617324984,0,0.0,0
11639,35.020360867253984,3,2,12.573168150502507,2,1.0007852295004218,0,0.0,0
11640,54.439129923082234,3,3,5.5259919766079975,3,0.9763421285460769,0,0.0,0
11641,13.534001195045171,1,1,2.9419374904105826,0,0.24223204912403468,0,0.0,0
11642,34.94208342093376,3,1,0.8586435456251582,3,0.7635025561775297,0,0.0,0
11643,42.51420091277144,5,3,12.538253150631567,2,1.000479986451574,0,0.0,0
11644,50.828429019212614,3,3,19.20030100177835,5,1.0002754283872204,0,0.0,0
11645,21.472731491510036,2,1,1.2128775685334308,4,0.575064981313902,0,0.0,0
11646,29.54195428719706,3,7,8.62947599686987,3,0.9553568966506891,0,0.0,0
11647,48.38651331946615,3,2,15.051063654727983,5,0.45104355976584715,0,0.0,0
11648,45.94909862211858,4,3,9.50696452557626,1,1.0000336072687095,0,0.0,0
11649,50.64071031798542,4,3,14.373153999613054,1,0.9394548787552992,0,0.0,0
11650,20.715189928808904,2,1,7.4968162330121215,4,0.9996339687264081,0,0.0,0
11651,34.45871527863534,4,3,0.0,6,0.5015409329611009,0,0.0,0
11652,41.740380530025526,3,1,7.85329522122004,7,0.9996243511255083,0,0.0,0
11653,72.38203879097429,4,3,2.6798588283048765,5,0.9778653049899346,0,0.0,0
11654,48.63303662165016,4,1,15.545554781034333,3,0.19467755956561267,0,0.0,0
11655,60.01137527042136,3,3,10.275324454858694,7,1.000369098488358,0,0.0,0
11656,76.03649638697858,3,3,4.261342799449528,5,1.0001692023890114,0,0.0,0
11657,39.34327812898054,3,3,9.533803064105177,7,1.0000487236435862,0,0.0,0
11658,43.78370895348717,5,1,6.2164264014024,1,0.9997523646047177,0,0.0,0
11659,15.058584405417136,5,2,0.09822635361355125,1,0.0,0,0.0,0
11660,52.85564370145677,3,2,7.480417803776513,2,0.292380313467192,0,0.0,0
11661,23.82090926951119,2,6,23.700553688091603,3,0.47638293404062404,0,0.0,0
11662,57.83191284219269,4,6,9.333539312604742,5,1.0005713286046776,0,0.0,0
11663,50.21960214320234,4,6,9.576693174971586,6,1.0001074169779978,0,0.0,0
11664,25.089771207302245,2,1,0.0,4,0.5702109771214715,0,0.0,0
11665,54.48073881245584,3,3,13.677732419278492,3,0.5027773479711206,0,0.0,0
11666,64.03023253331774,3,3,5.201270366865084,4,0.9995206821570064,0,0.0,0
11667,51.286193553898755,2,1,19.997936263330487,6,0.8778030532853259,0,0.0,0
11668,22.68751704631472,3,3,4.384465244506648,1,0.4971279563149271,0,0.0,0
11669,55.571544813614295,3,6,11.947015420338417,7,1.0002543065663663,0,0.0,0
11670,34.94245014617831,3,4,19.998696245285934,7,1.0307334016956053,0,0.0,0
11671,45.15456224218666,2,6,9.971769410293824,7,1.0000209056311786,0,0.0,0
11672,37.13811659889014,3,1,11.383747232697603,3,0.2806151862029708,0,0.0,0
11673,45.54128981687754,3,3,4.588179245613781,5,0.5093981577735652,0,0.0,0
11674,40.78163362822675,2,3,7.000492103631843,6,0.999711474798672,0,0.0,0
11675,34.11547551646949,5,3,7.663917958167316,3,0.0,0,0.0,0
11676,56.443652693088296,1,3,17.602527927381367,4,0.49282993075836257,0,0.0,0
11677,30.009624049892945,3,3,3.65503832516207,2,0.5921389028972799,0,0.0,0
11678,70.36550584123253,5,3,15.173092640450808,7,1.0312026685496298,0,0.0,0
11679,68.59936412829899,3,4,9.69608955769505,7,0.9600723440992867,0,0.0,0
11680,29.02724215150251,4,4,20.00686875580783,1,0.3485264129074794,0,0.0,0
11681,14.77501685286595,3,1,11.228265558626628,6,1.000366544379491,0,0.0,0
11682,46.30028592163735,4,1,1.7498909380091163,1,0.08682122595320607,0,0.0,0
11683,44.07310213871198,5,2,7.911435778845615,6,1.000051477398876,0,0.0,0
11684,60.62776168748081,4,3,19.466861525366127,7,1.0001401125915175,0,0.0,0
11685,31.98054629781256,2,4,19.997336555064493,1,0.9999861698524841,0,0.0,0
11686,50.23017683814012,3,3,6.719029162793689,3,0.4470668380374069,0,0.0,0
11687,65.11624755583985,2,3,14.539147401672997,7,0.9999616855040481,0,0.0,0
11688,25.007661693922813,3,2,12.501786682375858,6,1.058874020355851,1,20612.6680162921,1
11689,33.84039272640018,3,4,7.637201346549997,0,0.0,0,0.0,0
11690,33.621742781369164,4,1,0.0,7,0.13750056671500233,0,0.0,0
11691,42.19375832303088,3,6,15.419632000213511,2,0.2821143754935672,0,0.0,0
11692,32.95586498269605,4,1,8.42381457628891,0,0.34379676082661154,0,0.0,0
11693,45.73132039422652,1,3,8.805594505189655,2,0.9515265380336762,0,0.0,0
11694,5.86266719804825,1,4,19.988924830763942,3,0.49736868127656453,0,0.0,0
11695,68.84770497849135,4,5,20.293681338231988,4,0.999892663636143,0,0.0,0
11696,58.98276125542907,3,7,5.697986814619586,1,0.2446060665721594,0,0.0,0
11697,58.35724886153503,1,2,9.180627707248759,7,0.11580568498708932,0,0.0,0
11698,42.13362055590957,2,3,11.346542167443108,7,1.0006640270578488,0,0.0,0
11699,23.39745916198503,5,2,10.898029657097748,3,0.2989331636261889,0,0.0,0
11700,59.7370694876924,3,2,17.195593943655947,7,0.9995657026184,0,0.0,0
11701,41.16372258382386,2,1,1.4794595523177279,5,0.42381756365436185,0,0.0,0
11702,52.70607471036812,0,3,6.748347938899324,7,1.000356943906375,0,0.0,0
11703,46.8914301682198,3,3,9.312652633562902,4,1.0002837268021425,0,0.0,0
11704,42.33399848760207,3,4,4.2162892456039485,2,0.711125534243668,0,0.0,0
11705,32.50495706366271,2,4,3.762432317534981,6,1.000574780694855,0,0.0,0
11706,39.73442932320907,3,6,9.858133322249156,7,1.0000504851719858,0,0.0,0
11707,54.68423482230486,2,1,21.403196655513256,2,1.0004277881791035,0,0.0,0
11708,45.6432621348317,2,3,1.5354458797729524,7,0.999936378180492,1,83345.33288549527,1
11709,40.508083861688235,3,3,1.7358031921210006,7,1.0000506576802555,0,0.0,0
11710,38.65945229478746,3,6,8.423175735775327,4,0.999682983276573,0,0.0,0
11711,48.58635473492912,3,6,4.631170612434868,7,0.9999156991540736,1,2206.583258691298,1
11712,49.19711947946718,2,6,10.448239659424042,1,0.9998966822146564,0,0.0,0
11713,38.33975793877097,3,2,14.370588073073415,7,0.999582505918652,0,0.0,0
11714,19.129745395997993,4,2,15.375400385631135,3,0.25814561422335414,0,0.0,0
11715,48.49943215388456,4,5,20.003403876341714,7,0.9875788759745743,0,0.0,0
11716,45.991284920461965,4,3,12.034824331712656,1,0.3328612443306824,0,0.0,0
11717,45.12619061592954,2,6,17.664028753600558,1,1.0178981730773846,0,0.0,0
11718,37.43934751532568,2,3,7.443637557801576,7,0.4690429756983912,0,0.0,0
11719,32.11445503051746,2,6,18.59773262664266,6,0.7141148080857929,0,0.0,0
11720,31.65653243138372,4,5,0.5138022628456529,2,1.0468207903747202,0,0.0,0
11721,29.098273465921157,2,2,3.776110640592025,6,0.4680833323662884,0,0.0,0
11722,27.852077302757465,4,2,11.079150093784238,3,0.9968453619501016,0,0.0,0
11723,46.78680440456164,2,1,1.6265762890996491,5,0.5225531315985468,0,0.0,0
11724,18.227966024492286,3,2,16.17500027180582,3,0.4685288680482557,0,0.0,0
11725,44.93398012384306,3,3,18.299641701181244,7,1.038673448267998,0,0.0,0
11726,48.76834274858304,3,3,3.596614836173754,3,1.000089754397795,0,0.0,0
11727,37.52798708821262,2,6,19.444250937523297,7,0.8210195243292022,0,0.0,0
11728,68.36539938918797,4,3,7.58994991343962,5,0.2842334361154912,0,0.0,0
11729,43.43171707871451,3,6,14.119173673589835,1,0.9995756237045157,0,0.0,0
11730,32.22234078169902,0,1,9.606135130636885,5,0.9998234021530295,0,0.0,0
11731,32.8062321389658,3,4,9.69345799998332,7,0.7054625463398031,0,0.0,0
11732,45.86239827162687,2,2,19.12518006765496,5,0.19440496179305478,0,0.0,0
11733,47.68096660722336,3,3,16.20450948414854,4,1.0003349849921688,0,0.0,0
11734,51.47966975020947,4,3,8.139071146285382,7,1.0001571537794434,0,0.0,0
11735,37.828918245529174,3,3,16.976407715080565,3,0.35099407546796385,0,0.0,0
11736,19.163609945510988,2,2,19.998645072042777,3,0.0,0,0.0,0
11737,44.319481201751216,1,4,19.998545123798475,7,1.18687032754312,0,0.0,0
11738,47.87458432480942,0,6,15.162934874195447,3,0.3681358807122406,0,0.0,0
11739,35.94582555530722,2,4,20.00325338454279,1,1.0000185965566069,0,0.0,0
11740,41.265526690481906,3,2,9.901004656929787,1,0.7560709845512587,0,0.0,0
11741,51.26577806377631,3,3,8.111397816791055,2,1.0000784640896785,0,0.0,0
11742,33.04723509172344,1,6,17.308739399826543,7,0.4114135169948487,0,0.0,0
11743,48.382765179940506,4,1,10.902985865294248,4,0.3224901088070597,0,0.0,0
11744,19.841372622482293,1,2,27.136592842522976,6,0.656778862707217,0,0.0,0
11745,51.35038766626331,3,3,4.176590313455293,7,0.7380772689537839,0,0.0,0
11746,33.5781236871636,4,1,13.4584198415841,7,0.7438994636175356,0,0.0,0
11747,44.236926341361126,2,3,7.957787613684089,7,0.9993528505825877,0,0.0,0
11748,32.074540401239986,2,3,2.600631742188593,4,0.44436084541089477,0,0.0,0
11749,37.17549502621857,1,1,6.451924139474825,2,0.9995134545530882,0,0.0,0
11750,46.58877582753341,2,1,13.945044747135709,4,0.4983252806026658,0,0.0,0
11751,47.793966103960386,3,3,0.06172684546986673,3,0.22128967620114376,0,0.0,0
11752,54.41978970963107,6,4,19.996408815151625,7,0.5255746846782949,0,0.0,0
11753,40.19569152244396,4,6,13.756478603284918,5,0.9996917715365807,0,0.0,0
11754,43.30585681380046,2,2,13.809326799469627,2,0.6549995960259256,0,0.0,0
11755,55.9165344232421,2,1,2.6240087233077087,8,0.9283531318137588,0,0.0,0
11756,26.554839246480814,1,3,7.544680116250066,7,0.5012422967537001,0,0.0,0
11757,46.07167622927451,3,1,6.308837658692303,3,0.5028274783905468,0,0.0,0
11758,32.04593409551998,4,6,8.809169685573195,5,0.1557576185108599,0,0.0,0
11759,46.08359827768076,1,4,18.86167872831733,1,0.5345200713887694,0,0.0,0
11760,30.796101907073197,5,4,24.83851494061983,1,0.7732252444740971,0,0.0,0
11761,54.65197082167896,3,5,15.506674489468633,3,0.20952806662769236,1,260.4345830589876,1
11762,22.55456558154809,2,6,3.633902525119751,3,0.7718973723573868,0,0.0,0
11763,39.249946949621496,2,3,5.2522793270848265,7,0.9924434297361492,0,0.0,0
11764,25.732696860754633,6,5,6.406082400119808,1,0.24599570210557775,0,0.0,0
11765,48.51184690852842,3,3,2.3972065570124936,4,0.9996033417971373,0,0.0,0
11766,81.94209369607555,3,4,6.046579031479123,6,0.9486007272708873,0,0.0,0
11767,13.501670738828313,2,3,6.548241301632822,4,0.2839863547468641,0,0.0,0
11768,48.476509595593114,2,3,10.319617830353648,3,0.9992565676291,0,0.0,0
11769,51.00859818300993,2,1,13.592228988448522,4,0.7518201665738501,0,0.0,0
11770,32.08674322525114,2,2,3.2250303706922967,7,1.0002778276045747,0,0.0,0
11771,29.480241319286556,2,2,16.329557494573017,3,0.21649921271240163,0,0.0,0
11772,23.899755135100055,2,1,12.349332004089312,4,0.6547850606794319,0,0.0,0
11773,45.64041370083291,3,1,18.359736207498976,6,0.4594356511206442,0,0.0,0
11774,65.33165076026674,1,5,5.992303674905349,6,0.9002858428852367,0,0.0,0
11775,9.57070047134242,5,1,0.6197753545667553,5,0.11060364549325807,0,0.0,0
11776,56.95970740278451,3,6,12.327667628571827,4,0.9997865650486899,0,0.0,0
11777,46.92445803442202,2,6,10.171955261204584,6,0.9998890126514675,0,0.0,0
11778,10.21828737435061,2,2,19.99549336330113,1,0.2105591817370383,0,0.0,0
11779,47.42489834593577,2,4,14.172319577265663,6,0.2841986332307841,0,0.0,0
11780,58.58291163220976,3,1,17.982855516539058,3,0.9999155229416998,0,0.0,0
11781,40.94164326349467,3,3,3.086403814628534,3,0.1322048477603025,0,0.0,0
11782,46.357106018466666,3,5,19.718070684418105,5,0.4993492093300327,0,0.0,0
11783,52.21029898279782,3,6,14.90413233328764,7,0.9997822557228938,0,0.0,0
11784,51.83929564801175,3,4,14.974360913895504,7,0.9446755719643133,0,0.0,0
11785,31.09436446783726,0,3,0.0,2,0.5640410699334705,0,0.0,0
11786,55.358735782209656,3,1,5.280138455299031,7,1.0002058179058069,0,0.0,0
11787,60.12874171265739,3,6,16.459100449520104,4,0.7154407811892549,0,0.0,0
11788,28.144767684281476,1,1,12.914042290282215,2,0.20307770982270507,0,0.0,0
11789,43.87301006222982,4,6,16.29901017982282,5,0.9995696859054549,0,0.0,0
11790,61.51630574615956,3,5,5.057692541605274,3,0.5006599494368428,0,0.0,0
11791,52.60457979749116,4,2,6.505782453924236,4,0.31193237371924104,0,0.0,0
11792,23.88647089939067,4,3,11.03516159905881,1,0.819543937724141,0,0.0,0
11793,64.60431791651936,3,1,8.176125928663792,3,1.0002678853841904,0,0.0,0
11794,42.51061474044462,4,1,19.990814433474775,2,0.4113545343920752,0,0.0,0
11795,24.76574987509002,1,5,17.270491371884564,0,0.9646605944799128,0,0.0,0
11796,62.85104845744455,1,1,11.94692622606701,7,0.9995687292424897,0,0.0,0
11797,32.76443954601013,2,1,20.543355285662173,7,0.9998577105799771,0,0.0,0
11798,25.397361817486807,2,6,19.555372206871453,1,0.6361150216555321,0,0.0,0
11799,30.610898341405438,1,1,1.0284367179728555,4,0.0,0,0.0,0
11800,48.967693908826654,4,4,11.972040693678325,4,1.0002042524237993,0,0.0,0
11801,41.868394613912116,1,3,9.065921846402627,0,0.4960494326126517,0,0.0,0
11802,46.2281816562067,4,3,18.49498314107901,2,0.34707491507918337,0,0.0,0
11803,40.92273949216555,6,3,15.715918003565367,3,0.9634947610728742,0,0.0,0
11804,49.013721278371555,2,6,12.279986771620681,6,0.3163437251838267,0,0.0,0
11805,59.347662443394064,3,6,7.568500360567028,5,0.21934505167823715,0,0.0,0
11806,50.19066290161863,3,6,4.189290042435052,7,1.000051399830708,0,0.0,0
11807,46.79202927908858,2,6,19.99211633556527,3,0.6521021613034194,0,0.0,0
11808,29.152788514547247,3,1,19.99636263814658,3,0.0,0,0.0,0
11809,71.85810010777473,3,1,18.288799502879222,5,0.9999295116478437,0,0.0,0
11810,36.34953817843239,3,1,6.582668078383171,7,1.0002184516402948,0,0.0,0
11811,38.01648837020138,4,4,20.004374010884888,1,1.0002429985969366,0,0.0,0
11812,51.773897804524594,4,1,14.93155077147574,4,0.999922108144575,0,0.0,0
11813,40.94115744452223,0,6,17.55117839796932,3,0.5664911319685921,0,0.0,0
11814,24.29575429263142,3,6,8.367778513032363,3,0.38950903866506764,0,0.0,0
11815,53.71377354905843,4,1,19.591350754065495,3,1.1542489241061153,0,0.0,0
11816,42.75933115071834,4,4,16.15999005156094,3,0.0007661079469715171,0,0.0,0
11817,18.99810238307716,3,6,12.598117451061999,7,0.958446289949419,0,0.0,0
11818,38.34864236351631,2,1,9.839748725107437,3,1.0000642549858276,0,0.0,0
11819,42.86198462371612,4,3,3.11744395127446,3,0.9997278555882999,0,0.0,0
11820,40.671271867398914,4,6,13.224110117766648,7,0.8690624059074937,0,0.0,0
11821,50.16690444383107,3,3,16.10994620218984,3,0.9999002628004137,0,0.0,0
11822,54.93039739786552,2,3,15.170201360618524,1,0.49663088322508353,0,0.0,0
11823,51.968497219863096,3,5,11.450633663865197,1,0.999854856200914,0,0.0,0
11824,45.45141408586171,5,6,17.69109554236785,7,1.0001144271092008,0,0.0,0
11825,48.07904069206808,4,4,15.908199152307725,4,0.701769004714015,0,0.0,0
11826,46.432791512440595,4,4,0.0,1,0.9387281469069108,0,0.0,0
11827,49.04614740368798,3,5,14.849529082313301,1,0.6418609235233429,0,0.0,0
11828,72.54530453852473,1,5,2.62410558808668,3,0.6783773028502097,0,0.0,0
11829,25.578804489156795,1,1,6.764534008048972,7,0.06206697596516486,0,0.0,0
11830,53.10161569274541,5,3,14.383184675837683,1,0.36977298514601287,0,0.0,0
11831,49.68659378549599,3,3,0.0,4,0.8745856771917062,0,0.0,0
11832,32.0070090086395,4,4,19.996926674316875,5,0.999771355403656,0,0.0,0
11833,39.0024030624851,1,4,8.660763951526121,6,0.8241988845065518,0,0.0,0
11834,36.991263085081435,1,2,10.137166697134937,7,1.0002233760030848,0,0.0,0
11835,58.3668044466289,3,2,6.7595775930758855,5,0.6816705330366121,0,0.0,0
11836,54.68863899917747,3,5,6.207395464758527,4,0.5004787391918288,0,0.0,0
11837,43.25402122442343,3,3,19.990681984979652,7,0.6223272241132002,0,0.0,0
11838,35.6283671400321,4,5,1.2805537542569603,1,0.18021772486372667,0,0.0,0
11839,31.14415246929316,3,6,8.803271028336649,7,1.0004197560385442,0,0.0,0
11840,41.87432059850735,3,4,10.212423177434161,3,0.4268945473251118,0,0.0,0
11841,39.66298683800238,0,3,11.355045766495785,6,0.3643483259998843,0,0.0,0
11842,44.96997587862205,3,3,11.228565125442632,7,1.0001604951641654,0,0.0,0
11843,66.43537434499594,2,3,21.67022221386184,7,1.0001052072277827,0,0.0,0
11844,38.81598955306695,3,1,13.262844157310273,4,0.5245071272181075,0,0.0,0
11845,29.533606584076004,3,1,12.45027728843493,1,0.8686641941480873,0,0.0,0
11846,53.66347202873876,2,3,14.47008022862525,4,0.9996077763864244,0,0.0,0
11847,79.39049519216223,3,1,8.69870328893942,7,0.9997699720555256,0,0.0,0
11848,54.97697825809321,4,1,10.113726229231254,7,0.5587999839001216,0,0.0,0
11849,20.848495629803033,2,2,11.598549129234897,7,0.9994058561822636,0,0.0,0
11850,58.38001102448502,4,5,14.162355826351032,3,0.5368350941380631,0,0.0,0
11851,31.538445789177494,3,5,18.50395418331934,3,0.25428094971274595,0,0.0,0
11852,39.66883887675152,3,2,10.956467464297035,2,0.35098831397015195,0,0.0,0
11853,31.378531527978165,4,7,2.006483120489987,4,4.7862284457855786e-05,0,0.0,0
11854,49.79727862730599,4,3,15.212520420340574,1,1.0136442261731267,0,0.0,0
11855,31.798097982314005,3,2,2.8175151870958466,1,0.5753325557024039,0,0.0,0
11856,43.9362249330437,0,6,12.083640616272275,7,0.42373149855857134,0,0.0,0
11857,22.43098333199665,2,7,0.0,5,0.17190593302498314,0,0.0,0
11858,37.05939368325909,0,2,8.477187126873028,7,0.46356832233806217,0,0.0,0
11859,40.836591348819766,4,5,8.283988586694154,1,0.18124826366585034,0,0.0,0
11860,32.10372699365347,3,4,19.99703244459589,1,0.4916914400142697,0,0.0,0
11861,51.89109434656555,3,3,18.18774360154442,2,0.5649919463762876,0,0.0,0
11862,57.26833535717046,3,3,9.199163696201719,5,0.9998404591321208,0,0.0,0
11863,36.28489814444114,0,3,20.006670926263855,1,0.5047475401344771,0,0.0,0
11864,52.79332805457216,2,3,12.324094770641684,1,1.0001786214577613,0,0.0,0
11865,50.26673728389067,2,2,10.718547629848592,5,0.5640468799577011,0,0.0,0
11866,40.822388427411695,4,6,17.50988300328272,5,0.9998092035468857,0,0.0,0
11867,58.72832930861717,2,3,10.277318713036271,7,1.0001863882277906,0,0.0,0
11868,49.00591782809181,4,3,8.49874303314829,7,0.32553726572818226,0,0.0,0
11869,55.20651671644724,3,1,14.02880052902079,7,0.9999327693770744,0,0.0,0
11870,38.59021248735034,3,5,14.549343938078586,1,1.0040416314168192,0,0.0,0
11871,24.475066550158118,3,1,1.4143104562105666,3,0.20680318034080597,0,0.0,0
11872,52.84135889860744,3,3,14.86858017062028,7,0.9998056612388,0,0.0,0
11873,20.639040160853853,4,3,23.261307060714113,6,0.246307016304807,0,0.0,0
11874,78.22616978884459,3,3,2.309498936688726,5,0.9683363146543813,0,0.0,0
11875,47.2892657252409,3,3,6.6227757353454555,6,0.9994506942872091,0,0.0,0
11876,56.589352928876906,5,6,16.637215514338024,3,1.0004302503861255,0,0.0,0
11877,34.02504240311899,4,1,10.225205573902901,1,0.6049284206234727,0,0.0,0
11878,61.952348217816144,2,5,18.958577494119766,7,0.4941472391889613,0,0.0,0
11879,42.72192783993173,3,1,3.04719582770052,7,0.36148578415942023,0,0.0,0
11880,45.20262432179198,3,1,9.692361434073336,7,0.9997620343544464,0,0.0,0
11881,38.230969789135116,2,1,14.06994156721666,5,0.9997138086652682,0,0.0,0
11882,25.6492602686895,1,1,6.022618124516785,1,0.661458443363496,0,0.0,0
11883,46.188252943679586,0,3,0.2181476851148343,4,0.5020298333296156,0,0.0,0
11884,31.629939194637863,2,2,0.6339574839375057,1,0.027869628575915906,0,0.0,0
11885,55.398532682874844,1,3,7.075854333173635,4,0.9994486959889182,0,0.0,0
11886,28.25035675972143,5,6,8.82186521608631,4,0.405004657807981,0,0.0,0
11887,51.73330426838671,3,3,6.804637084123895,7,0.999924901580191,0,0.0,0
11888,39.74663044321895,2,1,10.857438834115419,3,0.9994412906036554,0,0.0,0
11889,50.94898575713911,2,3,12.855808958843514,6,0.36498453926696667,1,19226.984551164864,1
11890,24.53574974492346,2,3,5.197931602440599,0,0.9555799000017591,0,0.0,0
11891,51.28106295784007,1,1,5.081823241483935,7,1.000009605602222,0,0.0,0
11892,54.611813270119825,3,6,12.71263567997594,5,0.6518475215806635,0,0.0,0
11893,27.732528033538717,2,3,9.440802115961727,4,1.0002849697750267,0,0.0,0
11894,38.62762883474262,2,6,12.886417425064263,7,0.2738281704419897,0,0.0,0
11895,50.03940933595837,4,4,14.256777113326752,7,0.38464947321582604,0,0.0,0
11896,50.19713341110646,4,3,8.867381408737483,3,0.9325171420917461,0,0.0,0
11897,36.14790891457888,1,4,14.363117707780159,1,0.9634180079371506,0,0.0,0
11898,62.3676265957144,4,5,6.285096521365475,4,0.49909516995348424,0,0.0,0
11899,47.647828290802195,3,3,13.763026052446152,4,0.999743759851984,0,0.0,0
11900,45.70487261733838,3,5,13.825649623534373,3,0.24892988406462008,0,0.0,0
11901,43.70052205565444,3,3,20.050181483670784,2,0.9997896556524501,0,0.0,0
11902,16.72894437502205,0,3,2.481419573857792,0,0.21656903998074317,0,0.0,0
11903,16.539017954451143,3,5,17.6685207916961,1,0.6470056025965925,0,0.0,0
11904,40.33624078444029,3,2,6.611396963315053,6,1.000075305494928,0,0.0,0
11905,28.473470407468326,3,3,14.019777806440764,3,0.4019241859954574,0,0.0,0
11906,32.524629109598656,3,3,15.292436891017436,4,1.0002910814575565,0,0.0,0
11907,35.71080988253922,3,6,17.575647110986864,1,0.9856347868196214,0,0.0,0
11908,47.370210307669204,3,4,3.3792284458508766,5,1.0000495343104912,0,0.0,0
11909,37.07777714612154,4,1,10.031642373564285,4,0.4591698016594594,0,0.0,0
11910,61.01182699126625,2,4,19.997158473044504,1,0.9996944076979166,0,0.0,0
11911,56.5942940996978,0,3,4.096330203768338,0,0.9600773093325732,0,0.0,0
11912,72.68740981644072,3,4,20.007968718991407,7,0.9998637531696106,0,0.0,0
11913,49.64873745935748,6,1,20.9862596646255,3,0.9997796359305351,0,0.0,0
11914,58.401533750001875,4,3,6.5317309600205276,7,1.0000076333252468,0,0.0,0
11915,45.401342276251135,2,1,11.729760853898789,2,0.015809891764831496,0,0.0,0
11916,40.098010367980855,2,3,4.87913104550249,1,0.9999679022933206,0,0.0,0
11917,48.565034854337966,3,2,12.772857797262372,2,0.5984546756392111,0,0.0,0
11918,12.409569927418012,5,3,19.314590035373726,3,0.04565925728646092,0,0.0,0
11919,60.729951877057324,3,3,22.33320985404477,7,1.000166754915568,0,0.0,0
11920,31.064433892073055,3,1,9.023790774917199,7,0.2969100434121383,0,0.0,0
11921,42.373427409802645,3,5,3.4263371493734205,7,0.18834381044931708,0,0.0,0
11922,64.66835991808927,4,2,9.50829577055639,5,0.28470426591188136,0,0.0,0
11923,23.018747646860316,3,3,5.456841645469467,1,0.3906412747305882,0,0.0,0
11924,24.446425443142534,3,6,14.628507651565437,4,0.5866538256254097,0,0.0,0
11925,54.938110393868826,3,1,13.224362727608979,5,0.4322611323773515,0,0.0,0
11926,18.835935250275885,1,1,3.74600782420152,1,0.4550825968500304,0,0.0,0
11927,26.138592081335673,3,2,0.0,7,0.5027353239370321,0,0.0,0
11928,49.09974871754417,1,1,11.52806690114274,7,0.9998817045333834,0,0.0,0
11929,36.20667972324865,1,2,1.679219488361701,7,0.0,0,0.0,0
11930,31.94512168924644,4,3,14.894168928435224,7,1.0000160817801136,0,0.0,0
11931,49.118140073614434,3,3,8.71070201434171,7,1.000207109367891,0,0.0,0
11932,48.427118955851164,4,6,5.190097526746886,7,0.3982871942716571,0,0.0,0
11933,42.39163892773919,3,2,9.631791417096853,7,0.41129622640751223,0,0.0,0
11934,26.929196529091676,3,1,8.98455993043952,7,0.506056775441556,0,0.0,0
11935,44.74165913342256,2,1,9.347692119961147,2,1.0000945030663206,0,0.0,0
11936,58.350558371863926,3,5,15.242211627755093,2,0.19838257045035523,0,0.0,0
11937,60.75490128820073,4,4,22.554438445355864,2,0.0,0,0.0,0
11938,44.147515927740706,3,5,14.50695631315078,7,0.9997156290988558,0,0.0,0
11939,18.861341109087864,2,1,4.134129445837127,4,0.6390694405381852,0,0.0,0
11940,26.132437576288233,2,6,7.794416997388309,3,0.07393090642182287,0,0.0,0
11941,39.407869935487604,3,2,8.89395613968101,7,0.7258311585360016,0,0.0,0
11942,64.15651082586297,3,2,5.111387120371609,7,0.9999949860292365,0,0.0,0
11943,42.27451529431113,1,4,19.995193579500672,7,0.5599778659943736,0,0.0,0
11944,61.34796769314845,5,3,10.23767997242504,7,0.47656157779813335,0,0.0,0
11945,28.925534618756174,3,6,6.448231356867444,4,0.6557588549437263,0,0.0,0
11946,40.55688853907418,3,4,19.99433455629356,1,0.9992627216380907,0,0.0,0
11947,44.91314347506723,2,2,5.410391162601595,4,0.5327966152066322,0,0.0,0
11948,24.890701943691322,5,2,7.151630316180997,1,0.940605269368082,0,0.0,0
11949,60.00388872182493,3,4,8.572017989361338,2,0.3737362114741251,0,0.0,0
11950,38.23383141961098,2,5,22.589336730652747,7,0.926587725640299,0,0.0,0
11951,53.22662791465589,1,4,19.994945005481306,4,0.4985226759885381,0,0.0,0
11952,37.64906868679769,1,4,5.500364051262515,3,0.6596277511968175,0,0.0,0
11953,54.52196981971008,3,1,3.5537145835841333,2,0.0,0,0.0,0
11954,43.786329170619624,2,6,5.786393368316499,1,0.19443673599105876,0,0.0,0
11955,91.2979158252059,1,1,5.513326634511357,4,0.9535606340184422,0,0.0,0
11956,41.35395766247267,4,1,0.0,7,0.5679179353903842,0,0.0,0
11957,63.20179308651511,2,6,9.046974469923686,3,0.27709325518008726,0,0.0,0
11958,46.00510174001934,3,1,9.050963618968392,7,1.000491670124111,0,0.0,0
11959,23.317572554928162,3,6,0.0,5,0.38731183830943683,0,0.0,0
11960,46.531077230672885,4,5,17.73067958429094,1,0.5566351014969844,0,0.0,0
11961,47.859451977712105,3,5,21.324095722734427,4,0.49913285712984745,0,0.0,0
11962,55.40780309259891,3,5,6.596478305414466,3,0.2598962179181691,0,0.0,0
11963,35.953886340055305,4,1,4.080725765170162,7,0.2526023663071765,0,0.0,0
11964,41.12903179849816,1,1,5.859848934108088,2,0.2656275286160065,0,0.0,0
11965,43.60809345983883,2,3,20.93235450076866,4,0.5023051318542736,0,0.0,0
11966,46.373290996329786,3,6,14.906194946182474,3,0.47518271415030355,0,0.0,0
11967,43.802764731811955,4,1,6.819336731529405,6,1.2840913655294401,0,0.0,0
11968,29.490995606404667,3,2,9.625055310365898,3,0.10947258351692524,0,0.0,0
11969,26.602845733720873,2,5,1.3387803063277133,6,0.5974126349305351,0,0.0,0
11970,34.99263404426915,2,1,7.071126958152936,4,1.000124878762866,0,0.0,0
11971,34.63583613915448,4,3,14.187907260000102,2,0.3877759537916464,0,0.0,0
11972,50.82666320522003,2,1,4.322150043351085,7,0.42974914995993496,0,0.0,0
11973,59.32707308229131,5,2,9.157573627263346,7,0.6049589565749228,0,0.0,0
11974,35.32656069915685,4,3,7.055693521127868,5,0.5002953671001854,0,0.0,0
11975,60.51804046740807,4,4,3.9558248842843042,1,0.9588567422869506,0,0.0,0
11976,42.00222199998615,3,3,8.061746619860404,7,0.9996176281928986,0,0.0,0
11977,45.28246541740841,1,3,10.54222813388658,1,1.0000814219960636,0,0.0,0
11978,34.77781495726757,3,3,9.480224325546406,2,0.3420468412879567,0,0.0,0
11979,48.514149803499194,4,2,7.241708825221529,7,0.999816899762525,0,0.0,0
11980,60.378458547672324,2,3,5.9471175177969915,6,0.9999240312890822,0,0.0,0
11981,29.69779743196051,4,4,8.611953356037858,7,0.1710976809749013,0,0.0,0
11982,21.919805295200756,3,6,2.663869732637833,3,0.791810249864512,0,0.0,0
11983,48.23401727057779,4,1,0.0,4,0.14782422271783147,0,0.0,0
11984,44.83743403009247,3,1,11.794606096837136,2,0.5039224484343245,0,0.0,0
11985,28.248640675206612,3,2,10.557028991208474,1,1.0000521810057945,0,0.0,0
11986,37.154799724982226,4,3,16.19400273430992,1,0.5522913918226671,0,0.0,0
11987,51.27725895561642,3,6,19.69820773464625,1,0.9734322834483287,0,0.0,0
11988,62.45309638511231,2,6,21.420530638268822,2,1.0000889519757101,0,0.0,0
11989,66.04602994698928,2,3,0.1994611549305958,7,0.5223252729697152,1,14681.339184386781,1
11990,73.43041350642288,2,3,18.284316472226347,3,0.5011154302305881,0,0.0,0
11991,35.1415804480065,0,4,1.2802083113792868,1,0.15180041614876438,0,0.0,0
11992,37.88984587061739,6,5,10.173389076282378,1,0.886823415895367,0,0.0,0
11993,45.02683835418654,2,5,15.112101106564893,4,0.725300854576057,0,0.0,0
11994,37.529381600923486,4,1,9.13053863183295,7,0.8150343105790614,0,0.0,0
11995,3.8167045799014687,2,6,9.378137326393112,1,0.9964496619948593,0,0.0,0
11996,66.93539667482702,4,4,17.003562273305803,3,0.5577955685899042,0,0.0,0
11997,46.080763747570366,3,2,18.02858924635986,5,1.000185168607407,0,0.0,0
11998,16.96539596293305,2,2,13.284456216656238,7,1.0003422099004786,0,0.0,0
11999,45.12595163495888,3,5,15.527698520132732,1,1.0004070792680602,0,0.0,0
12000,71.26486093197204,2,3,15.111024515576036,4,0.9669458808508604,0,0.0,0
12001,40.3929726184335,3,1,11.928935815744994,5,0.9996483186579619,0,0.0,0
12002,53.83199258555662,4,3,17.71524470732965,7,1.0224967879335762,0,0.0,0
12003,46.387315979830575,2,3,11.796475237192928,3,1.0004421841127522,0,0.0,0
12004,55.50181843961007,4,3,23.827155531564884,7,0.9995249538433115,0,0.0,0
12005,53.05588356503604,2,0,19.99857300818134,1,1.0000084739416106,0,0.0,0
12006,30.483586848168315,3,1,16.975125935919547,3,0.9999472291386138,0,0.0,0
12007,44.66799130334704,3,4,14.639891263188892,1,0.35066584415833685,0,0.0,0
12008,28.068780565994373,3,4,12.93580614459821,2,1.0004025928317992,0,0.0,0
12009,24.43927286134492,4,2,8.184126488796998,7,0.8445881666533956,1,51964.061902704816,1
12010,34.73864393378034,4,1,3.396853445777957,4,0.39883552165396696,0,0.0,0
12011,12.245423916874845,2,3,6.575110351670828,4,0.20411962552247886,0,0.0,0
12012,38.781770986461545,3,5,12.515538637256375,7,1.0001788793087756,0,0.0,0
12013,21.24115323534776,1,3,12.236971785452942,3,0.9997001787440032,0,0.0,0
12014,49.11224558561884,3,1,0.0,7,0.9998241225548137,0,0.0,0
12015,51.87673558475562,4,3,9.910024846831522,3,0.99948350023694,0,0.0,0
12016,25.84400124628369,0,3,4.9445597916123125,2,1.0006513002307937,0,0.0,0
12017,50.570055818603656,3,4,9.588807852565038,5,0.29610054790771756,0,0.0,0
12018,36.72061816375726,1,3,3.993165739579246,3,0.5006716205989632,0,0.0,0
12019,41.24116611166824,4,2,11.390543353276392,1,0.9998825329823413,0,0.0,0
12020,38.06153254364474,2,3,0.0,1,0.9995821059202745,0,0.0,0
12021,46.34281503078932,2,3,4.501005839431861,1,0.497801055282593,0,0.0,0
12022,75.71254657717265,3,1,12.484583950532382,2,1.0004087445737357,0,0.0,0
12023,24.300389104492034,3,1,3.2648055262491997,3,0.9997387968468509,0,0.0,0
12024,47.377412573947716,3,6,13.572484361090442,7,0.9994853554137184,0,0.0,0
12025,46.26290649218115,2,5,19.997551773404183,1,0.2856332866172924,0,0.0,0
12026,37.02641267471664,3,1,6.838589913881805,7,0.9995619258745517,0,0.0,0
12027,67.85960407061812,4,6,14.240671791952169,5,0.999980559056019,0,0.0,0
12028,24.310939326560177,3,4,17.989661209028206,1,0.9471569361049682,0,0.0,0
12029,21.994549188590135,2,6,10.692387338197824,2,0.725232191166515,0,0.0,0
12030,76.7928689866083,1,3,18.03527478942734,1,0.49674096519220956,0,0.0,0
12031,51.4284154762191,3,5,7.12043440732786,3,0.0,0,0.0,0
12032,27.39453491478801,3,5,1.0350730667367714,6,0.5298633700837624,0,0.0,0
12033,17.689902336231526,2,1,4.985143337954236,3,0.10807122389505153,0,0.0,0
12034,45.4800026429884,0,3,10.671229814676968,4,0.9461533033410628,0,0.0,0
12035,53.570402672389186,3,6,5.761022561152766,7,0.8323168848202985,0,0.0,0
12036,47.59266330380318,3,6,3.653136864670774,7,0.6989642091633536,0,0.0,0
12037,30.99567723585826,3,4,9.283973636071119,2,0.0,0,0.0,0
12038,51.411513909924736,1,5,0.0,5,0.35973175746688896,0,0.0,0
12039,23.945627339152885,7,3,2.188046639773537,3,0.5052022275305252,0,0.0,0
12040,41.1847326530708,2,3,7.920550155224943,7,1.0001135907284318,0,0.0,0
12041,49.12103647115242,3,1,2.1117037102316,5,0.09300192132989404,0,0.0,0
12042,39.13278658132998,2,2,0.2562937169286865,7,0.6784308356250291,0,0.0,0
12043,62.06528803987642,4,2,12.202999407367052,1,0.6732227579902909,0,0.0,0
12044,25.411095131130903,2,1,15.88626595309231,5,0.30851804667779664,0,0.0,0
12045,52.37355599500178,2,1,8.552393511810196,4,1.000074983544283,0,0.0,0
12046,26.615970051972916,3,1,0.0,0,0.9997461880541547,0,0.0,0
12047,55.00797965779551,3,4,18.285657237091897,1,0.9996196231962915,0,0.0,0
12048,51.13533573073323,3,6,5.193151208005487,7,0.9994977972030623,0,0.0,0
12049,44.58168540376978,5,3,4.729533543619357,6,0.3402198556669792,0,0.0,0
12050,50.4140875602301,3,3,3.544370198970415,3,0.588227456369766,0,0.0,0
12051,53.550264026934656,2,3,5.18953047787052,7,0.7280625759431455,0,0.0,0
12052,39.98771298689192,4,2,4.035621048224221,6,1.0001134594197165,0,0.0,0
12053,72.58889240336725,3,3,8.851630078658838,4,1.0002633979369149,0,0.0,0
12054,42.65598444380339,4,1,5.7234700991969065,2,0.19042428616211998,0,0.0,0
12055,55.688072226804415,0,2,6.056129719841663,7,0.9267926512894954,0,0.0,0
12056,25.00119847287047,2,3,9.138640551892596,7,0.9997876850126508,0,0.0,0
12057,28.94697907852962,2,2,7.472296388291271,1,0.9881855052627362,0,0.0,0
12058,57.31172020638246,2,2,17.165197714915553,7,1.000028041572842,0,0.0,0
12059,43.14301721869661,5,6,19.992062608122488,1,0.09763219874652662,0,0.0,0
12060,42.24556726204706,2,2,1.887696425366265,7,0.9998653557771962,0,0.0,0
12061,30.953818075888265,5,1,5.240481262350646,4,0.3936422624335254,0,0.0,0
12062,61.181467137182004,4,6,12.824938075218167,7,1.0001233582262605,0,0.0,0
12063,55.081351558094525,2,1,11.268469230363564,2,0.9994000787736561,0,0.0,0
12064,45.54611833638995,1,3,1.8281937179671495,7,0.9995782279646874,0,0.0,0
12065,16.26730728832229,3,4,7.603340198224096,3,0.6403958701810021,0,0.0,0
12066,24.975661617532886,4,6,13.527391369286367,3,0.7910744020548497,0,0.0,0
12067,21.763250760589766,4,6,14.018821536748131,2,0.5267288908933003,0,0.0,0
12068,33.00570057643852,3,1,5.949200598283485,7,0.9997195635370993,0,0.0,0
12069,25.031674695977042,2,1,11.693257171602747,1,0.6454346242046887,0,0.0,0
12070,43.558168698676845,3,1,5.757200325655579,2,0.9999237516654957,0,0.0,0
12071,50.945571532198365,2,3,26.66675554680682,2,0.4946444767126288,0,0.0,0
12072,50.78563536208308,1,3,0.0,7,0.42113678907585167,0,0.0,0
12073,27.52256154924087,4,3,15.131427716354072,4,0.668875579150433,0,0.0,0
12074,47.71639753591634,3,6,7.009263921600607,1,0.9138387412405746,0,0.0,0
12075,52.1093581107649,3,2,16.386568193852373,5,1.0002349714771421,0,0.0,0
12076,53.952703450400136,4,6,17.901176363602254,7,1.000591913031395,0,0.0,0
12077,46.52207394970334,5,3,0.0,1,0.4947455335745432,0,0.0,0
12078,57.47654251365799,5,2,23.728715635532488,7,1.0000688038334598,0,0.0,0
12079,39.5110295671726,2,5,7.177900452628483,1,0.61812478347431,0,0.0,0
12080,39.26620000620961,4,1,10.182989182583759,7,0.2218050751558931,0,0.0,0
12081,56.02839154512985,4,3,16.278537925180643,5,0.5043782920734375,0,0.0,0
12082,53.69721238891425,3,5,18.116664504382626,7,1.0000411309920192,0,0.0,0
12083,67.61000492730074,1,4,4.822869904919071,3,0.760373569131285,0,0.0,0
12084,36.13555828195271,2,3,11.419325200241806,3,1.0001423075694964,0,0.0,0
12085,43.62698273695914,4,1,0.0,2,0.4478093763797132,0,0.0,0
12086,35.01285271451316,4,1,10.81161762180085,3,0.9125601403277038,0,0.0,0
12087,51.72564959057186,2,3,8.798952347967491,2,1.0001357293933584,0,0.0,0
12088,40.78792631304498,2,4,8.333456210625073,7,0.9491109378622089,0,0.0,0
12089,63.966275097559034,5,3,9.558231731145895,7,1.000017210406756,0,0.0,0
12090,55.27938612561266,4,2,7.720297153487129,7,0.999722972222419,0,0.0,0
12091,38.068434441408165,1,4,15.667824646566181,1,0.5435426584800934,0,0.0,0
12092,55.60523221596143,2,1,16.204914210325157,1,0.8584015116511463,0,0.0,0
12093,35.64424981671253,1,1,16.13043007877361,6,0.5036051424159885,0,0.0,0
12094,42.14113844549105,3,2,11.13168134006125,7,1.0000841369342772,0,0.0,0
12095,41.918363823204494,2,2,8.223258232587915,4,0.5593508692190444,0,0.0,0
12096,42.66553881942585,4,3,6.811095671402139,1,1.000318323175893,0,0.0,0
12097,45.90679609063347,1,2,8.713682794397855,7,1.0002390533889025,0,0.0,0
12098,58.71543124150561,3,0,0.7784229912179086,0,0.31676313968465425,0,0.0,0
12099,28.301326735567415,3,2,13.25246103101765,4,1.0225949096226459,0,0.0,0
12100,39.489077494624496,3,6,12.951837218268649,1,0.9853632601955601,0,0.0,0
12101,54.883704942593496,3,3,5.196232949157292,3,0.14053146079704548,0,0.0,0
12102,21.86287659020944,2,1,4.643153208780939,2,0.6144604696112639,0,0.0,0
12103,56.918163684311935,4,6,9.166684877883444,7,1.0002329185568652,0,0.0,0
12104,31.319607984933,4,5,19.601365304267226,5,0.20373429632481194,0,0.0,0
12105,19.788901671783687,2,6,8.958678710099658,0,0.06435664162499743,0,0.0,0
12106,30.97468969825934,1,2,12.587849581391026,4,0.0,0,0.0,0
12107,18.325284026949838,2,3,5.297349320003256,2,0.38106180471196843,0,0.0,0
12108,40.23870645207184,3,1,5.934052066522674,5,0.9996647761246271,0,0.0,0
12109,42.98231521690708,3,3,9.909542020764643,3,0.2475574723303079,0,0.0,0
12110,42.66643802446268,4,1,10.858457917477127,7,0.6889718865143294,0,0.0,0
12111,40.21123100599032,4,4,18.8168716763974,6,0.4965623737200451,0,0.0,0
12112,49.12384418295224,4,3,18.75999419222744,6,0.9999970023649074,0,0.0,0
12113,20.753861178802257,3,6,10.309877162880563,3,0.0,0,0.0,0
12114,53.31507180021478,2,3,6.498497763115511,6,0.6108272669768942,0,0.0,0
12115,24.594381261045967,2,3,10.318649039285932,4,0.2767544136580765,0,0.0,0
12116,53.425916536536754,2,6,3.658110311639194,7,0.9995933517835774,0,0.0,0
12117,29.129771949402382,4,1,25.73803896122016,7,0.2185605033142312,0,0.0,0
12118,54.5120510263643,1,3,5.778193810801754,3,0.9997384200849179,0,0.0,0
12119,40.86852818215189,6,3,2.470190721922455,1,0.27971320225530766,0,0.0,0
12120,60.452605364551424,2,3,12.909599877926524,7,0.9995311118341335,0,0.0,0
12121,28.89654045169774,2,3,2.5158494801737934,2,0.9999487314758475,0,0.0,0
12122,57.9636171959382,6,6,14.686734012366577,7,0.8137280365020914,0,0.0,0
12123,43.313642407487045,4,3,9.013278910253026,1,0.25180512873465116,0,0.0,0
12124,48.487451367585834,3,1,7.069660697493413,2,0.999716725574311,0,0.0,0
12125,55.05099129449426,3,3,19.9936716852177,5,0.6659826058563642,0,0.0,0
12126,25.60349754608681,2,3,6.777586698337218,6,1.000164753794823,0,0.0,0
12127,40.98986146863939,2,1,14.18550119567499,0,0.4950213707855299,0,0.0,0
12128,52.49892265722147,3,5,10.584461566651305,7,0.2735506526519507,0,0.0,0
12129,0.9337895967904046,0,3,15.721869399895994,1,0.5504446653196038,0,0.0,0
12130,31.658527558389522,3,1,0.0,0,0.5019552560455047,0,0.0,0
12131,50.247626251506276,6,4,14.781150147767914,2,0.7199869134249313,0,0.0,0
12132,37.67586225957599,4,2,16.04249660116504,6,0.6857080511902021,0,0.0,0
12133,29.113031520811663,3,1,20.00102815735022,2,0.3346473333640391,0,0.0,0
12134,43.30144649215117,1,3,11.900838429137892,2,0.5162073953974469,0,0.0,0
12135,28.25631986748634,3,2,9.559201669931399,1,1.000145260757727,0,0.0,0
12136,40.851640518328495,4,1,4.500851538015271,3,1.0002077708567891,0,0.0,0
12137,32.55237059161373,3,6,5.331064017848945,7,1.0006672488468622,0,0.0,0
12138,34.23880192545026,3,3,10.55480227348517,5,0.36114462429502364,0,0.0,0
12139,25.347493494975808,3,1,3.39858110180991,2,0.4134356446409364,0,0.0,0
12140,47.879558155592804,3,3,7.638051654491019,4,0.49484118639769886,0,0.0,0
12141,30.65510570552733,4,2,13.341479984417935,7,0.7729021158068288,0,0.0,0
12142,49.038134939230616,3,4,19.9963582304152,1,0.5082055910828736,0,0.0,0
12143,28.204789200352785,3,1,11.703522433854504,4,0.4982771036172402,0,0.0,0
12144,38.815086040953446,3,3,4.552519327558422,4,0.9999315677406673,0,0.0,0
12145,52.77360583659636,0,3,24.72104738254206,7,0.9998348463906279,0,0.0,0
12146,29.802518099034614,4,3,18.858600917869428,6,0.19625839581867455,0,0.0,0
12147,24.897437120251773,2,0,19.997602982213287,1,0.9997776934554296,0,0.0,0
12148,59.81063739823629,3,2,14.657076420067076,7,0.9999122120448991,0,0.0,0
12149,41.2490161107667,5,6,21.64827129059719,7,0.9995716141522065,0,0.0,0
12150,47.787071109656225,3,6,12.35518764423503,6,0.42197603573551123,0,0.0,0
12151,44.95904525907835,1,3,21.302426565273144,6,1.0000106756373919,0,0.0,0
12152,32.2158661249072,4,3,12.857516634274191,0,0.6761213416896066,0,0.0,0
12153,51.1267344232991,3,1,0.0,3,0.9647732435765627,0,0.0,0
12154,35.89029974598542,3,3,16.533865122300746,5,0.9181630367160788,0,0.0,0
12155,45.466470515456585,1,2,0.0,7,0.9999600645858762,0,0.0,0
12156,58.49841573219837,4,1,13.30981680672979,6,0.4976552714059184,0,0.0,0
12157,34.05604222386719,2,3,2.8246942088081184,7,0.999923798064475,0,0.0,0
12158,54.85737959215872,2,3,8.233465151874732,7,0.9999602427796568,0,0.0,0
12159,14.919523827037796,1,4,7.471080326218191,1,0.0,0,0.0,0
12160,53.23206538516932,3,1,15.147685126944467,7,1.000525917826327,0,0.0,0
12161,29.12382156346618,4,2,5.4946655181355295,2,0.39870191925816173,0,0.0,0
12162,26.596751963075086,4,6,16.98682582530132,4,0.6436621968372486,0,0.0,0
12163,37.90859089095308,2,3,0.0,1,0.962871285854114,0,0.0,0
12164,45.914262745969175,2,3,16.919899625848238,2,0.2858546434171229,0,0.0,0
12165,17.391557836594135,3,3,3.443372137967053,2,0.5019649738697405,0,0.0,0
12166,36.8990093542706,4,3,7.4119984583677,3,0.12646603344797647,0,0.0,0
12167,39.77088621871842,5,4,19.99765152513477,1,0.3559144299526264,0,0.0,0
12168,26.886503596462084,2,2,2.990895994160896,7,0.9719827287245041,0,0.0,0
12169,59.603695258660366,3,3,17.147428458634547,2,1.0000373387276258,0,0.0,0
12170,40.049569296972656,3,1,19.99695130964473,2,0.5462322779809207,0,0.0,0
12171,27.38524227320836,5,3,8.785206129484564,0,0.34354940806670875,0,0.0,0
12172,40.92721901341713,3,3,8.275163101180253,5,0.6713833733897683,0,0.0,0
12173,34.240832135725604,3,1,14.991701584836555,7,1.000388739823466,0,0.0,0
12174,44.13797056349579,1,3,4.047281500790541,2,0.3631450006704619,0,0.0,0
12175,35.45764592840682,4,3,0.0,1,0.9997574203811125,0,0.0,0
12176,39.96514186315585,1,3,4.305052023203197,0,0.8423634253676877,0,0.0,0
12177,19.13442512262829,3,4,10.532280096941674,1,1.0001703951995553,0,0.0,0
12178,30.97458448736502,5,3,16.366274533306754,2,0.33870755634732486,0,0.0,0
12179,51.639683870463585,3,1,0.0,4,0.49821066582594775,0,0.0,0
12180,29.101045254913814,1,3,4.125260627347446,6,0.9388605273865362,1,6491.786134056484,1
12181,33.831975456450635,2,6,8.910512437017342,5,0.5719503750753182,0,0.0,0
12182,27.029383115970653,2,2,3.838248308422445,2,0.7191179496264465,0,0.0,0
12183,47.95821980264172,3,3,12.640249210826799,7,1.000149377984101,0,0.0,0
12184,50.00955078630612,2,3,12.553283735123367,3,0.536741669322888,0,0.0,0
12185,34.327171498504484,3,1,9.54188005129907,2,0.20327059082582422,0,0.0,0
12186,34.276944127926384,3,6,19.209136933848708,6,0.8557802535258481,0,0.0,0
12187,30.88644065135287,1,5,6.432822318162391,1,0.21052454827016226,0,0.0,0
12188,37.96542247703381,0,3,9.059029821792635,0,1.0000716355441852,0,0.0,0
12189,34.268100782376095,4,2,6.3321051842495,7,0.48056722917549627,0,0.0,0
12190,51.185956596360214,5,4,19.9915186302653,7,1.000107397111041,0,0.0,0
12191,50.97758817563219,3,6,14.18603032880037,6,1.2878579009600801,0,0.0,0
12192,63.1191037533014,2,1,15.107725853872248,7,0.9633737211115138,0,0.0,0
12193,27.432489293350965,4,1,11.406581727780681,4,0.5138701518222604,0,0.0,0
12194,36.162680857966734,5,5,12.107357392592467,7,0.9999885140477051,0,0.0,0
12195,13.540131892536667,1,3,7.810356315083781,3,0.0,0,0.0,0
12196,47.341550358997495,4,5,19.992033604838362,1,0.029310421945928145,0,0.0,0
12197,40.73039379126147,4,3,8.842131328167346,7,1.0000345189093989,0,0.0,0
12198,55.23110265200376,5,6,1.3803253604161085,7,0.23646151747296779,0,0.0,0
12199,56.60523506803376,3,6,14.635580821328583,4,0.2353473255451125,0,0.0,0
12200,54.99522690363137,3,7,7.3652886970585945,5,0.3471430315134787,0,0.0,0
12201,41.14351093183197,3,3,8.281703201379878,1,1.0003874105473185,0,0.0,0
12202,40.79132787081648,5,1,11.71117244270938,2,0.652897106517327,0,0.0,0
12203,51.492457494550315,5,2,8.93428884273005,7,0.8234563138879896,0,0.0,0
12204,23.74102243992353,3,3,0.8308376195344085,7,1.0005649334618236,0,0.0,0
12205,31.04121462332782,3,4,3.77048587372271,7,0.8169553161417661,0,0.0,0
12206,63.31186421551057,3,4,19.999709935705766,1,0.2838477438597063,0,0.0,0
12207,39.7858842965457,2,2,5.302220780287999,1,0.6259803182035593,0,0.0,0
12208,21.06045394118982,3,5,0.0,1,0.4336880739857312,0,0.0,0
12209,40.47710695300234,1,1,15.391314220291996,3,0.2702234350215572,0,0.0,0
12210,59.39919372911973,3,1,0.0,7,1.0001863815169554,0,0.0,0
12211,54.137154197423534,2,5,7.170548891241209,7,0.9999257778209862,0,0.0,0
12212,58.99619743424379,5,3,0.0,4,1.016065506875067,0,0.0,0
12213,35.29348497762231,3,6,14.466532921788795,7,0.9759273112698388,0,0.0,0
12214,17.312004629763006,3,4,11.931699050090469,1,0.25291893974649643,0,0.0,0
12215,66.7397635041832,4,3,7.1699207718371,3,0.3331518198488088,0,0.0,0
12216,42.77465977759212,3,3,7.057141873193854,4,0.5044421738767358,0,0.0,0
12217,35.78717333101461,3,4,18.57088469777539,7,0.4848195688718564,0,0.0,0
12218,56.94499862911064,4,2,7.504907932637364,7,0.9999539652745504,0,0.0,0
12219,47.606821465825824,4,1,17.449806938190797,1,0.6197167854516199,1,260.4345830589876,1
12220,23.969560684967405,4,3,14.477782585195996,3,0.5005605299564914,0,0.0,0
12221,44.88880668256195,3,2,7.978426658195691,5,0.9883918928417397,0,0.0,0
12222,51.34959001886319,4,4,19.998191713301924,5,0.42974743444229446,0,0.0,0
12223,48.96031448459514,3,4,15.179569778192796,4,0.9997690184560815,0,0.0,0
12224,56.00712793055207,2,3,10.068464615500302,1,0.9996878517953802,0,0.0,0
12225,32.3063228808362,5,4,7.000368231758598,1,0.9542409460274432,0,0.0,0
12226,67.60354199159643,3,3,11.504003010232998,3,1.0001959403341179,0,0.0,0
12227,20.957996816892102,3,2,6.09116617019263,1,0.7070448633798605,2,34338.163919185936,1
12228,40.128305582085915,3,3,10.500801657402132,2,1.0004437910856736,0,0.0,0
12229,21.876986696840977,3,2,8.445517218317647,1,1.0002297631520136,0,0.0,0
12230,17.274549632601925,5,6,9.569797064919982,1,0.9603914267781796,0,0.0,0
12231,21.897632636891014,2,5,5.661645688723321,2,0.96830288793858,0,0.0,0
12232,56.22193987701536,3,3,4.702085540589067,7,1.0002781425425407,0,0.0,0
12233,36.50127811013962,3,1,11.128257087278833,2,0.49994659845725165,0,0.0,0
12234,39.34450856578698,2,4,9.553025941700422,1,0.2606429322054334,0,0.0,0
12235,45.38273319933862,5,3,10.286676747286036,7,1.0002574293140578,0,0.0,0
12236,35.834553249522955,3,1,0.0,1,0.3899460990452624,0,0.0,0
12237,32.11787974991566,3,4,15.25503174861803,1,1.0000898124393045,0,0.0,0
12238,42.49743485140459,5,6,15.85664605185475,7,0.9994556183198162,0,0.0,0
12239,37.92317903159636,2,6,13.25124598602186,4,0.22039739964692906,0,0.0,0
12240,39.34919961455795,2,2,9.579890719711539,7,0.39373108008106134,0,0.0,0
12241,41.36982362667126,3,6,13.53823460910252,3,1.000500176865638,0,0.0,0
12242,50.73593918634529,3,3,7.98113478558132,5,0.9576596482383053,0,0.0,0
12243,26.602162412210067,3,6,1.6208978660763886,4,0.9008824071457553,0,0.0,0
12244,57.17397280782702,4,2,10.648033521325571,5,0.4150674435356111,0,0.0,0
12245,32.420021802759265,3,3,19.183033677139356,6,1.000008552451651,0,0.0,0
12246,51.58073988456319,4,3,8.282722148092333,6,0.9999606576125493,0,0.0,0
12247,20.62893759477211,4,1,7.127442058657984,3,0.9894810805608858,0,0.0,0
12248,42.570393854997924,3,4,6.3462722520127635,5,0.9999490371472212,0,0.0,0
12249,6.719843218364204,4,6,18.169177669957456,2,1.0001866492754539,0,0.0,0
12250,47.10937967469207,2,3,9.12588077350578,4,1.0120617228277005,0,0.0,0
12251,54.793150189366784,2,4,20.007454038781717,7,0.5556340828476339,0,0.0,0
12252,39.850332477867354,4,1,1.504109113155799,6,0.8958015815408127,0,0.0,0
12253,45.46058347910109,4,1,7.214850829922998,7,1.0005288465902922,0,0.0,0
12254,40.32129032501099,3,3,0.0,5,0.440803277082917,0,0.0,0
12255,50.71329011576935,4,6,18.392593720777967,6,1.0000576878744514,0,0.0,0
12256,38.51233303962137,5,1,0.5602944026267824,6,0.2790538162387613,0,0.0,0
12257,44.49422703054018,3,6,9.184885641902122,7,1.000406497246428,0,0.0,0
12258,39.10874012431492,3,3,18.91922939548731,7,0.9996092874743282,0,0.0,0
12259,52.26372879483307,1,5,0.0,4,0.6720921847102299,0,0.0,0
12260,21.408462435284214,4,2,10.671105604092622,1,0.42874244080677465,0,0.0,0
12261,47.634871164279694,4,3,12.962381661827312,7,1.0459359012442428,0,0.0,0
12262,44.291908760649875,4,6,11.684067427160528,2,0.4877425765880288,0,0.0,0
12263,40.36805784495053,2,3,9.243689704326725,7,0.9993559135013095,0,0.0,0
12264,32.332076913184885,4,1,8.961616169824419,7,0.4116342508913507,0,0.0,0
12265,68.91690981710678,4,3,10.968637310248546,4,0.9997364171174791,0,0.0,0
12266,23.2314313327816,4,4,9.292548249316416,3,0.5119271680939876,0,0.0,0
12267,29.752481524360462,2,2,13.83903647574933,1,0.6444882999272882,0,0.0,0
12268,54.18161920505571,0,1,7.598503948217601,7,0.5479051619160098,0,0.0,0
12269,31.23816568581522,4,1,2.4040081910019726,3,0.3096077562576102,0,0.0,0
12270,56.207141929381024,2,1,14.768401070245005,2,0.3819794227502447,0,0.0,0
12271,73.93790842306123,4,1,10.948728228828754,7,0.9998136497451144,0,0.0,0
12272,47.96875441158048,1,6,10.557501705681581,5,1.0001357446994166,0,0.0,0
12273,51.54136512970201,1,3,7.2283530554185385,7,0.6021227075496689,0,0.0,0
12274,16.908745214599936,3,1,15.469231351020337,7,0.9997116261117565,0,0.0,0
12275,61.668238984527335,4,5,14.598817644397297,2,1.0002185094301321,0,0.0,0
12276,50.86614306922393,3,3,12.225713594053785,3,1.0001159209145614,0,0.0,0
12277,21.89417992741787,5,1,7.203544482040496,2,0.08585224105196487,0,0.0,0
12278,53.97312433717482,4,1,9.722071953439016,6,0.29881483718906043,0,0.0,0
12279,44.36640640773875,4,5,5.907764885529995,6,0.5427467538040782,0,0.0,0
12280,54.94370257439967,4,2,7.596677428511432,4,0.5181781955526377,0,0.0,0
12281,28.569745072649745,3,6,8.910687148893299,7,0.45479376351791134,0,0.0,0
12282,36.0071001498915,5,3,14.023674734135188,7,0.9999500215264656,0,0.0,0
12283,30.75760784751749,3,6,16.036636105854,6,0.9998399059650287,0,0.0,0
12284,21.678020737476704,3,1,15.635000611803088,3,0.8701966546348626,0,0.0,0
12285,30.412494119952584,5,6,9.688098164253015,6,0.8574381938946176,0,0.0,0
12286,45.481942455356524,4,3,2.52809687194663,3,0.49597452112074764,0,0.0,0
12287,47.02115328143954,3,3,11.37556780163725,3,1.0004578980836656,0,0.0,0
12288,62.095343834994026,2,5,17.52706617649133,6,0.659010032618778,0,0.0,0
12289,35.80905645856999,1,1,11.316356240184737,3,0.9998509994467465,0,0.0,0
12290,60.01693134024899,5,6,19.926651941007524,5,0.9997121145509316,0,0.0,0
12291,28.289394698161278,3,6,10.798555719939381,7,0.29074524043189354,0,0.0,0
12292,31.327772985921122,3,1,14.504213359024273,2,0.8163763934372187,0,0.0,0
12293,48.61400921262188,2,7,0.0,5,0.21664624619200007,0,0.0,0
12294,29.89511654517166,0,2,7.1511995043909575,1,0.07017373101387503,0,0.0,0
12295,31.93000388178669,2,2,13.040691873090566,1,0.3765448247876416,0,0.0,0
12296,85.71617328097338,2,4,25.255042667250642,1,1.007488667655866,0,0.0,0
12297,46.616491209868094,4,3,7.948077457283665,7,1.0000061750747582,0,0.0,0
12298,34.7542880257357,3,4,20.005147826132706,2,1.0002872032208268,0,0.0,0
12299,55.58519968798636,5,4,20.00001865108117,1,0.9997367386005146,0,0.0,0
12300,19.951445683386055,3,4,5.172698506883403,1,0.2784625479846302,0,0.0,0
12301,35.938029190150026,2,1,17.118547239444915,6,1.0003139443125413,0,0.0,0
12302,24.428215362586016,3,6,0.0,4,0.531924054157425,0,0.0,0
12303,33.44831607455501,3,1,17.237716660726935,0,0.49423311093092887,0,0.0,0
12304,47.653519431972754,3,2,5.1537828178446645,3,1.0000248930479714,0,0.0,0
12305,48.33631840871684,3,3,20.00641580116477,1,0.37348299363117465,0,0.0,0
12306,45.781242202968706,4,3,13.435845727307274,2,0.22267607716741733,0,0.0,0
12307,38.79110287657883,2,3,13.566025559355953,6,1.000092180465513,0,0.0,0
12308,24.81536366037402,3,5,4.036388153881533,6,0.7059103042261843,0,0.0,0
12309,22.265843751609466,4,6,10.837708915467141,6,0.4238618696852625,0,0.0,0
12310,36.166999670504936,4,2,7.740448639614662,7,0.8476041826453311,0,0.0,0
12311,59.96023104420394,3,4,20.002589283524493,3,0.9997211626194913,0,0.0,0
12312,45.689643978103206,2,1,0.0,7,0.34753059562111255,0,0.0,0
12313,24.053655379513486,3,3,0.0,5,0.5027772783725024,0,0.0,0
12314,46.762775824722304,4,1,15.472002908487456,2,0.38037891214807723,0,0.0,0
12315,27.961910314359386,3,3,5.504632698889461,2,0.9999519967090886,0,0.0,0
12316,13.305424495020837,3,4,13.442125370973534,2,0.23589654395818627,0,0.0,0
12317,25.774251982940036,1,6,3.766649315901871,5,0.749103361113205,0,0.0,0
12318,41.968327777912485,3,3,15.158237397728973,2,1.0001384060942449,0,0.0,0
12319,25.78695759909199,3,5,24.900720549441566,1,0.1669603010067351,0,0.0,0
12320,54.922137800225634,4,5,8.625873360854778,7,0.549231889432105,0,0.0,0
12321,52.18469287790292,3,4,19.999609088777575,1,0.610400422773351,0,0.0,0
12322,46.16305657302077,0,1,15.602109209553634,7,0.9608679908213487,0,0.0,0
12323,52.998777802788084,4,0,7.408347655070401,6,0.9790440009487165,0,0.0,0
12324,58.1261351266793,4,1,0.0,6,0.4973441479713322,0,0.0,0
12325,40.63463477562535,4,3,24.155086812165443,3,1.000610357564195,0,0.0,0
12326,40.006669848050066,4,6,17.292277786734914,2,0.0,0,0.0,0
12327,8.26329714024375,3,4,12.905310642200543,4,0.8266290065409236,0,0.0,0
12328,81.18619239830505,4,4,20.006779073989353,5,0.5037146714535328,0,0.0,0
12329,32.65461591815964,5,3,5.786577551636212,2,0.2481170419742212,0,0.0,0
12330,35.090709465248814,3,2,6.885740251756645,7,0.9999465819539041,0,0.0,0
12331,45.11599523371741,1,1,0.0,7,1.0000798063649858,0,0.0,0
12332,52.88099924318442,2,6,20.002594058862027,1,0.709034838997248,0,0.0,0
12333,46.156829085883494,3,3,12.290989404422593,7,1.0002206868387464,0,0.0,0
12334,41.88755271544581,3,1,10.838338715013137,2,1.0003564148188377,0,0.0,0
12335,33.91323121096312,2,1,7.959646598825504,1,0.9995889708866499,0,0.0,0
12336,21.517591203668566,3,6,0.0,3,0.1004001462364974,0,0.0,0
12337,38.820361518668875,2,1,9.485972346949625,1,0.9995711226257782,0,0.0,0
12338,51.593509817998516,7,3,1.2798115875504212,7,0.6141370917996226,0,0.0,0
12339,36.805811700663725,4,1,9.91515737938763,7,0.526722612473489,0,0.0,0
12340,39.91248210542411,4,3,18.67084076227384,2,0.5814602429719435,0,0.0,0
12341,44.60008115489559,3,1,14.435758322290454,5,0.9995533988184424,0,0.0,0
12342,47.26421172075098,3,3,19.980401006139097,6,0.8719378869661735,0,0.0,0
12343,47.70592177328575,3,1,18.884135104214295,3,0.9962434044077577,0,0.0,0
12344,64.79338512295502,4,2,11.982659349932414,5,0.5362896614296313,0,0.0,0
12345,32.78629116090577,3,6,18.13681565474426,7,1.0001710547802325,0,0.0,0
12346,42.734142291431134,1,6,10.800611796620089,4,0.24237287632867804,0,0.0,0
12347,41.1278499900786,3,3,3.1107648550594327,4,0.4973795677784739,0,0.0,0
12348,35.89393031199748,2,4,0.0,4,0.5939110798910175,0,0.0,0
12349,61.717843705538876,3,3,15.573699217032301,3,0.9999249052572754,0,0.0,0
12350,50.894496953164754,3,3,16.993869198437025,3,0.5061300166633795,0,0.0,0
12351,41.20776501016876,3,6,13.052852038224211,3,0.8448393005411088,0,0.0,0
12352,31.901243152734025,4,3,9.909800474815338,3,0.4342271103006678,0,0.0,0
12353,28.622242327269014,4,6,6.818389443499748,3,1.0005067459433818,0,0.0,0
12354,54.081568844595424,3,2,20.001316004764014,1,1.000109472505254,0,0.0,0
12355,28.4309808414852,1,6,2.0793844993720807,3,0.8115178350220452,0,0.0,0
12356,29.73538258190341,3,6,24.13436185721565,7,0.8447131491732995,0,0.0,0
12357,32.62506765571062,4,2,13.691311532048015,1,0.4906453017381256,0,0.0,0
12358,74.37922186290837,0,3,17.704942116824853,7,0.20102052757098554,0,0.0,0
12359,32.883129079605396,5,4,20.001478428407225,7,0.6493120211215693,0,0.0,0
12360,44.60765397990924,4,2,13.062795415634632,7,0.9995596614550759,0,0.0,0
12361,39.455264841457925,4,1,8.176401188083036,0,1.0006858364039353,0,0.0,0
12362,24.928682744644746,2,3,11.160432513373102,4,0.5012393112585307,0,0.0,0
12363,43.3445297780936,3,1,4.990584027655576,4,0.6414039024182606,0,0.0,0
12364,49.340017754106356,1,6,15.062551635377147,5,0.47821781726614543,0,0.0,0
12365,42.29093473339339,5,1,5.739978238197769,7,1.00049814615011,0,0.0,0
12366,36.5261986883754,3,6,13.641583785932758,7,0.9999013309228915,0,0.0,0
12367,62.87971350076755,3,1,4.858533486537777,1,1.000396156747329,0,0.0,0
12368,66.60204920302424,1,1,11.324904014183042,2,0.4991172401234005,0,0.0,0
12369,56.1702929281015,2,6,13.399211214158631,3,0.34649608797801645,0,0.0,0
12370,8.997322719466396,2,1,20.01357388199869,3,0.08548087591666864,0,0.0,0
12371,50.03359942770598,3,1,13.872647377529516,0,0.24153580646316886,0,0.0,0
12372,50.685905792944126,3,5,16.95126225528132,5,0.38468199534854314,0,0.0,0
12373,45.24990408807401,5,5,13.00949927877712,1,0.5773232960040677,0,0.0,0
12374,45.41557608296128,3,1,20.001928443952405,2,0.4277168765145303,0,0.0,0
12375,35.936468767889295,2,2,20.00699633420663,1,0.27447661759352515,0,0.0,0
12376,54.574309205252376,1,4,19.42552919152428,1,0.0005457153181558372,0,0.0,0
12377,42.22173046939093,4,4,20.007930654912265,4,1.0004690593948484,0,0.0,0
12378,31.461627326479064,1,7,15.268499402424506,7,0.44312924742057225,1,14678.46394837186,1
12379,26.296286388063233,2,2,4.5471372581907215,3,0.7408180754237614,0,0.0,0
12380,53.050374827139635,0,1,19.339365466771632,7,0.415207615453007,0,0.0,0
12381,44.13002025717624,3,3,4.778028627118298,0,0.9996932784118308,0,0.0,0
12382,36.628857555274024,1,1,0.0,0,0.14480789284616713,0,0.0,0
12383,64.57712760609054,2,6,8.33347632107315,7,1.000041954800787,0,0.0,0
12384,55.23275386178663,2,4,7.738270665578378,7,1.0010441422668328,0,0.0,0
12385,43.93178500216442,3,6,17.102778783463812,3,0.6663397145495847,0,0.0,0
12386,26.66993466565773,2,2,9.490206839638594,1,1.0001127025435106,0,0.0,0
12387,36.723987165619825,1,3,25.482669173161693,0,0.36753180501916405,0,0.0,0
12388,23.91880667390877,3,4,13.361437609809261,3,1.0003146034970807,0,0.0,0
12389,56.592670638792136,4,7,5.5688407351754305,7,0.44875612710565144,0,0.0,0
12390,31.553915983007524,6,2,9.354324695353434,7,0.0,0,0.0,0
12391,45.2180359128813,4,3,3.8237304948213557,7,0.9997141605613993,0,0.0,0
12392,44.981054481064845,2,1,4.008425954217134,2,0.4998767428601223,0,0.0,0
12393,50.15721019465073,2,3,2.801551462829428,5,0.5032711433050342,0,0.0,0
12394,28.549610901291004,3,3,5.643450080259134,3,0.9995865568192797,0,0.0,0
12395,36.92308641406409,2,6,0.0,0,0.4161694911986036,0,0.0,0
12396,38.90247671123442,6,3,9.909095617691335,1,0.22377985166303493,0,0.0,0
12397,59.19784711282476,4,3,11.162522791401031,7,1.0005002860598504,0,0.0,0
12398,52.365302013753436,7,6,13.988507415436063,4,0.29636395794027076,0,0.0,0
12399,60.576767514884395,1,3,5.219549237895321,3,0.5029652146827892,0,0.0,0
12400,44.63473291307165,4,2,15.095809005309867,7,1.0000583697706367,0,0.0,0
12401,34.3569512147406,2,5,11.407052185781959,1,0.7405612545089031,0,0.0,0
12402,52.691720811558305,4,3,3.3080318066279926,3,0.9998142533251555,0,0.0,0
12403,55.147210438860114,3,1,10.151382820078805,7,1.0002191230329849,0,0.0,0
12404,65.44044246198553,4,3,18.667752530216287,7,0.9999089067929839,0,0.0,0
12405,18.369606946521426,2,2,15.225339792467675,1,0.9995765968767109,0,0.0,0
12406,7.162164798824918,4,3,14.766238131340316,1,0.9535019923657226,0,0.0,0
12407,56.27483418882778,3,1,10.553474522383732,3,0.49734502748046705,0,0.0,0
12408,47.88900081450322,3,0,15.83035463199566,6,0.9994655403505531,0,0.0,0
12409,23.6774009386338,4,7,1.1445812577933552,1,0.0,0,0.0,0
12410,20.229252421941098,4,6,12.09141579097559,2,0.812350632239069,0,0.0,0
12411,24.314745467711145,3,3,15.798347129438156,3,0.4960691919489548,0,0.0,0
12412,48.94923328334921,3,3,9.743219480180095,2,0.9705030850060614,0,0.0,0
12413,38.10291476216461,3,6,11.498978049648175,7,1.000200029264386,0,0.0,0
12414,34.486362257548606,3,1,2.880446129279589,2,0.9284683261213492,0,0.0,0
12415,7.533615712041879,4,3,0.4669796887339448,1,0.49791382757507174,0,0.0,0
12416,21.697844273481085,1,1,20.001402579620912,7,0.32419518839540623,0,0.0,0
12417,40.072668179044165,1,4,5.63469004400412,7,1.0001437727194693,0,0.0,0
12418,39.12042074031742,1,6,17.13974667860059,6,0.3181246619761832,0,0.0,0
12419,56.5290281315208,1,6,0.0,7,0.9998276665687138,0,0.0,0
12420,32.649567004964496,3,6,13.946097411197,4,1.0003749328045926,0,0.0,0
12421,49.328737621700306,4,3,6.523717491291356,3,0.9997707334461277,0,0.0,0
12422,44.29515884504917,3,3,0.258393237401517,0,0.5789930553403324,0,0.0,0
12423,26.727917805843063,3,2,10.775816541540502,2,0.12043720084557907,2,33346.0222234819,1
12424,38.6163458910292,3,3,19.994401775221846,8,0.017640436224264255,0,0.0,0
12425,54.35949618453659,4,6,19.866655743578335,7,0.9998342145425225,0,0.0,0
12426,36.226579212038196,2,4,20.00203619413231,3,0.9999786645952586,0,0.0,0
12427,60.319795839334425,3,3,20.004041583379994,4,0.37863829010691497,0,0.0,0
12428,35.55104367650165,3,3,5.770779343629488,1,1.0007893550211686,0,0.0,0
12429,51.56787089426037,3,3,0.0,1,0.45437355778817123,0,0.0,0
12430,41.314790875811354,3,3,15.838214639145905,7,0.9620542596614436,0,0.0,0
12431,51.976892247124844,3,6,13.282951201228276,6,0.5742186251927819,0,0.0,0
12432,50.71988057054109,5,1,0.0,0,0.908774354602632,0,0.0,0
12433,60.651134904664445,3,4,20.00627541381245,1,0.437484091879312,0,0.0,0
12434,51.22755017956157,4,6,17.67116819857817,7,1.000113745726087,0,0.0,0
12435,53.59377233944239,5,1,17.88098614387694,7,0.9998234895975505,0,0.0,0
12436,25.705571868343977,0,6,0.5435192782057623,3,0.8099659175993964,0,0.0,0
12437,39.42647325525622,2,3,8.227782672755488,7,0.5334210851962946,0,0.0,0
12438,53.37035085339984,3,3,13.993584409437624,2,0.42570330815928664,0,0.0,0
12439,63.150812796929,4,6,4.984354449764058,7,0.6677053317630034,0,0.0,0
12440,67.76225655416104,3,4,14.823020915656777,7,0.4852816325786258,0,0.0,0
12441,34.34488140531854,3,5,20.00311235554572,1,1.0005467598546314,0,0.0,0
12442,44.173302142344646,2,4,4.366011720098046,3,0.5546600703314664,0,0.0,0
12443,70.02061861680846,2,3,5.384614504662003,4,1.0000978580849005,0,0.0,0
12444,15.862444341197055,4,3,19.20540476864005,1,0.9144162079696879,0,0.0,0
12445,29.328718159940777,2,2,11.192739038499772,6,0.06121798612914198,0,0.0,0
12446,47.75029631468995,3,1,8.605663435744628,4,0.4327159103411787,0,0.0,0
12447,43.10441057927917,1,2,0.0,7,1.0001226886255807,0,0.0,0
12448,29.674999017781882,3,1,6.480504774742737,4,0.04849109550073105,0,0.0,0
12449,53.798143444512085,4,3,8.215103973439058,3,0.9987107554299954,0,0.0,0
12450,44.255064513018766,2,1,15.588139820522313,2,0.3774829897515268,0,0.0,0
12451,48.20402454978852,4,5,7.085552732531907,1,0.3697474411625567,0,0.0,0
12452,68.37673116313687,3,3,11.37773599254268,3,0.5012484916226274,0,0.0,0
12453,46.310239320439536,2,1,14.72655613375424,3,1.0004336515542298,0,0.0,0
12454,41.78259623854648,3,4,8.537483472350253,4,0.9995025381315918,0,0.0,0
12455,44.232063514569774,1,6,2.5062333941427166,6,0.9852438438389743,0,0.0,0
12456,42.886959516170535,4,6,12.948069515085896,3,1.0001679169472153,0,0.0,0
12457,33.81320905072893,3,6,19.3415947341466,1,0.25951577516104246,0,0.0,0
12458,34.60370355536726,2,2,12.255948644811985,4,1.0185131256606503,0,0.0,0
12459,60.923014689976746,4,1,24.74183191850736,7,0.9994157330400781,0,0.0,0
12460,42.37927997222199,0,6,0.0,7,0.47257620249386356,0,0.0,0
12461,48.009567394878935,4,2,1.070037191678173,7,0.999845068228397,0,0.0,0
12462,35.36147533171191,4,5,6.530962744111851,7,1.2513001848314191,0,0.0,0
12463,53.1062929664649,2,2,10.795074656753373,7,0.5678411528652061,0,0.0,0
12464,54.099467481743616,4,3,6.771902841418543,6,0.9999487935731887,0,0.0,0
12465,54.6229892210711,3,3,7.944073483793028,3,0.4987419036020276,0,0.0,0
12466,39.14773901857923,3,3,0.0,2,0.17137111021394213,0,0.0,0
12467,11.393113180887863,5,1,10.2375309149344,4,0.0,0,0.0,0
12468,50.557411905501,2,6,4.506637049476115,6,0.499637124811772,0,0.0,0
12469,50.222917401280526,1,6,13.475034271793456,7,1.0002060043166519,0,0.0,0
12470,28.834388055805555,2,3,7.176152764857728,2,1.0001760446632897,0,0.0,0
12471,56.57127052180012,3,3,10.516990146583936,7,0.5674713702045442,0,0.0,0
12472,25.333286346189094,3,3,9.306500109980535,3,0.3168115008876419,0,0.0,0
12473,61.65433755477734,5,6,6.234713287886344,4,0.5535744770876722,0,0.0,0
12474,68.7272456366795,4,1,0.671754307664644,3,0.4975923273549667,0,0.0,0
12475,41.52989567221524,4,2,10.129246785845876,1,0.34108099224590993,0,0.0,0
12476,41.92103869096562,6,1,13.410668539025473,4,0.17928444504396202,0,0.0,0
12477,51.73862461749029,5,2,15.317970335697975,5,0.2096380658385562,0,0.0,0
12478,52.90085486224209,4,1,1.1287300436845857,1,0.2754120806522567,0,0.0,0
12479,47.30096087265932,3,2,18.51219638180604,2,1.0000949012820466,0,0.0,0
12480,44.29412549094905,6,2,17.828443626995988,1,0.5205909141679324,0,0.0,0
12481,72.07831823977102,3,4,19.99751344610715,7,0.558319440455632,0,0.0,0
12482,24.331670617975114,3,6,6.37549478827446,4,0.35176840194527254,0,0.0,0
12483,45.34935520198154,5,6,20.725247691371997,5,0.7912501806567108,0,0.0,0
12484,42.29026078398274,1,3,12.5096240766851,2,1.00024549305365,0,0.0,0
12485,50.231082795064445,2,6,8.735035380478887,7,0.2374766702016612,0,0.0,0
12486,36.329407264123724,2,5,16.11728058267532,1,0.7410740653082799,0,0.0,0
12487,57.06694309328482,4,6,15.190133919972475,4,0.8496593802639748,0,0.0,0
12488,41.18956498247446,5,2,11.194188839230184,1,0.7975449963948305,0,0.0,0
12489,32.92162190998495,2,1,15.866402534939523,4,1.0003188457033114,0,0.0,0
12490,29.913155559139547,3,1,21.359901055966773,3,1.0001855597890577,0,0.0,0
12491,52.084332870188426,3,6,24.1447713490644,7,0.9998994757100406,0,0.0,0
12492,24.65029356098881,2,3,7.324162219940515,1,0.7637734441820034,0,0.0,0
12493,47.64789645223508,3,1,11.917937722030171,5,0.06957402723494499,0,0.0,0
12494,75.04607172349922,4,3,6.74258971782495,4,1.000182548771405,0,0.0,0
12495,36.551672228260344,3,2,14.100944405788603,1,0.9998270533755811,0,0.0,0
12496,27.53185799499625,4,1,19.994469346176743,3,0.8530966218242324,0,0.0,0
12497,23.371105502862594,3,6,13.476490585442825,2,1.0089242971966736,0,0.0,0
12498,24.555479940413722,4,6,17.031658938296836,1,1.0006168854289115,0,0.0,0
12499,62.8677861028341,2,6,5.278794131438732,7,0.9998118321843295,0,0.0,0
12500,42.355272401630565,3,0,16.949081025794605,7,0.9576756872579918,0,0.0,0
12501,52.57218038094398,2,5,13.09297449837093,7,0.9995440214694633,0,0.0,0
12502,52.2717980676549,2,2,16.036225757299523,7,0.9998278289273288,0,0.0,0
12503,11.556494495826641,4,3,16.929107196684324,1,1.0002874142383176,0,0.0,0
12504,41.01531324008844,5,4,0.5741616494784285,1,0.4201578249316115,0,0.0,0
12505,30.281324304218522,2,5,11.57524635961419,4,0.959904217919932,0,0.0,0
12506,69.98523978615194,4,6,10.862687737514687,7,0.411860394951843,0,0.0,0
12507,60.61303020874945,0,3,4.73650957450643,0,0.9995029265846835,0,0.0,0
12508,50.14462146382923,3,6,18.486481922264325,5,1.0000724864722152,0,0.0,0
12509,36.150560153203344,2,1,18.08520087344319,3,0.9661442054280244,0,0.0,0
12510,29.978044495274744,2,5,1.9832585252986288,6,0.9669622093508538,0,0.0,0
12511,37.74523733244662,4,3,15.69955669320161,7,0.9999990555411007,0,0.0,0
12512,36.98960631366656,3,3,16.37590338026262,5,0.5042383464269693,0,0.0,0
12513,47.08643614714823,4,7,16.12489035744069,7,0.9994744724704074,0,0.0,0
12514,45.642756080240865,4,6,14.954490670661317,1,0.9857358999670394,0,0.0,0
12515,42.24813605458383,2,6,19.60016283279918,5,0.29459950302227333,0,0.0,0
12516,55.66414773360547,5,1,19.142407585493938,7,0.9997634663014245,0,0.0,0
12517,31.965271451979035,3,2,0.32968113693825885,1,0.38279333584350994,0,0.0,0
12518,22.678540049447662,3,3,10.851997116177493,2,0.26261031653015376,0,0.0,0
12519,37.94865173069329,1,3,10.64204933637115,2,0.28998832291574705,0,0.0,0
12520,46.67952038362271,1,6,19.29350416172104,6,0.4813128429312023,0,0.0,0
12521,32.85239253868375,0,1,14.99629327344665,6,0.9358765650740768,0,0.0,0
12522,53.47723662209491,0,1,16.08834807764274,3,0.16382903835752405,0,0.0,0
12523,69.137026618373,6,3,1.21029531137094,4,0.9336292560509478,0,0.0,0
12524,66.58140027591601,3,3,14.137921700052917,1,0.9718102074455783,0,0.0,0
12525,36.2919007122645,5,1,17.73530030953406,5,0.383740885774889,0,0.0,0
12526,47.32031271300446,0,3,1.522550931695113,3,1.000026336411569,0,0.0,0
12527,39.78124034308014,4,6,18.32983173782939,7,0.8809840101391707,0,0.0,0
12528,63.81666009402819,3,3,22.660537860904675,4,1.0005346384069287,0,0.0,0
12529,13.008834296636646,3,4,12.018711996004331,3,0.0955754460723478,0,0.0,0
12530,51.522831634577194,2,3,0.0,3,0.9675538788299601,0,0.0,0
12531,53.39127085208492,5,3,4.358041817425205,5,0.957729000851582,0,0.0,0
12532,42.356919551591425,3,3,7.646960717461745,3,1.0000904789905665,0,0.0,0
12533,25.157534751476742,4,3,8.055840114641803,2,0.3023315655118675,0,0.0,0
12534,23.15741210919983,2,6,1.5032801927069865,3,0.04057822619779139,0,0.0,0
12535,21.936492978423104,4,4,6.82135977102817,3,0.22906076758605187,0,0.0,0
12536,38.24839147385021,3,2,10.377252940711122,1,0.5538833268290018,0,0.0,0
12537,39.16830055687931,2,3,15.266740157886732,7,0.3255251912296325,0,0.0,0
12538,43.61935184549137,3,4,5.875083954732596,1,0.636086382883232,0,0.0,0
12539,52.877960859102735,3,4,20.121346757191347,2,0.550758176202307,0,0.0,0
12540,47.24236060729561,3,2,5.7275046104596035,4,0.9999646341358337,0,0.0,0
12541,42.098494515240546,3,6,7.35145310523895,1,0.9781496197550759,0,0.0,0
12542,44.78833641530717,3,3,11.925844744287613,3,0.9658147778417735,0,0.0,0
12543,43.52783010517333,3,3,20.00069701857576,4,0.5098427755305258,0,0.0,0
12544,42.8249360641765,3,1,20.005339269495174,3,0.6270455759086362,0,0.0,0
12545,65.54139699083285,2,3,9.839345318668805,3,0.6432486644238835,0,0.0,0
12546,35.5685107826656,4,6,12.971110391272207,3,1.0001953290895216,0,0.0,0
12547,37.47729326761873,5,3,12.65756335898302,4,0.5238511036081253,0,0.0,0
12548,23.857854761193103,4,4,6.3356622420308035,4,0.3176462697694798,0,0.0,0
12549,39.18155398696645,2,3,12.926263670221907,3,1.001008673290004,0,0.0,0
12550,63.54496511737605,1,5,22.642524713790024,2,0.3591134326267849,0,0.0,0
12551,34.891675209716546,3,6,22.892233136161572,2,1.0001421652903262,0,0.0,0
12552,41.722688069695096,3,6,10.267777623446324,5,0.9999860506702422,0,0.0,0
12553,29.191817759373926,2,2,10.409569876496247,4,0.40296344425292324,0,0.0,0
12554,44.18683289318266,1,3,4.564952428270413,4,0.5000734757966367,0,0.0,0
12555,51.19520594143826,4,2,8.100435311441302,5,0.6428225972496006,0,0.0,0
12556,29.757323862120533,3,1,16.276089226118543,4,0.2899314540773846,0,0.0,0
12557,28.553652156105183,3,6,3.068144309467076,6,0.5334840786430896,1,883.375867369976,1
12558,28.377292695477195,3,2,17.30443837768498,8,1.0003281278999114,0,0.0,0
12559,42.046884278716455,2,4,9.276648596433837,7,0.9996931210513551,0,0.0,0
12560,59.76509821006219,3,6,21.812534410993408,6,0.8950395633448192,0,0.0,0
12561,53.254164429374214,2,2,8.208139221528672,7,1.0004502704969693,0,0.0,0
12562,72.0318732385607,2,5,4.146219751541754,7,0.9321235911383523,0,0.0,0
12563,43.34583871049682,3,2,16.895750823722707,5,1.000831257476933,0,0.0,0
12564,51.614953655763856,3,4,19.98311503912163,1,0.31363320524801086,0,0.0,0
12565,53.02758341762823,3,6,3.5567337980865448,7,1.0004915274084698,0,0.0,0
12566,20.274022057186517,1,5,10.444549229684524,0,0.35682505562294536,0,0.0,0
12567,27.663772855819914,2,3,14.221620996637334,3,0.4916865200886354,0,0.0,0
12568,49.18495838280846,5,2,6.122581546890004,6,0.39612607617392315,0,0.0,0
12569,46.70923392430133,2,6,5.46507329638432,6,0.41249233494557075,0,0.0,0
12570,30.837445881338404,3,5,0.8316601777287449,1,0.44801402455303274,0,0.0,0
12571,56.67859724112802,2,6,11.411947554863024,1,0.9678667298264537,0,0.0,0
12572,48.18145834656358,5,1,0.0,4,0.0,0,0.0,0
12573,55.10314992796843,3,3,15.47888487016942,2,1.000132051785731,0,0.0,0
12574,46.12450368828744,3,6,23.29460341543415,7,0.0,0,0.0,0
12575,44.62632342716541,3,3,13.166498759400499,5,0.2622679387573863,0,0.0,0
12576,49.84480826298346,3,3,6.111499298672962,7,0.7300741361947601,0,0.0,0
12577,47.08310013971359,5,2,4.080329258834086,7,0.8555760250688377,0,0.0,0
12578,32.211572651188874,2,1,2.276857012737729,3,0.394490678444183,0,0.0,0
12579,53.67217926741304,5,6,15.75294386093934,5,1.0000288897133758,0,0.0,0
12580,50.98935834104278,3,4,19.99471178711022,1,0.9995880692864998,0,0.0,0
12581,41.67923432026669,3,2,13.5676831844846,2,1.0000613899900719,0,0.0,0
12582,40.03216053941431,4,3,10.110107363020667,3,0.5020591599153273,0,0.0,0
12583,53.79059603800465,2,3,10.543546007515088,6,0.999788789478171,0,0.0,0
12584,47.91903715879719,3,2,5.756901343715353,7,1.0001343675207013,0,0.0,0
12585,50.13009848089852,3,4,9.664917059534508,7,0.5232748596433993,0,0.0,0
12586,29.44279539907663,2,2,10.806924503990116,4,1.1572482472220647,0,0.0,0
12587,43.249485065369704,3,6,11.990444051147952,6,0.349839488295656,0,0.0,0
12588,37.663491116456676,5,1,14.157570420572716,0,0.707337512307131,0,0.0,0
12589,47.187488653141244,4,6,18.090171423473958,6,1.0000315452981736,0,0.0,0
12590,28.500839777490945,2,1,6.695625644562001,0,0.6588592048290142,0,0.0,0
12591,30.775633041149185,2,1,13.66173612172879,7,0.6303036517026718,0,0.0,0
12592,34.5339684902392,2,3,10.891304529098363,7,0.3719139022783648,0,0.0,0
12593,38.90546878948273,2,5,20.348650942946247,2,0.005573183978686669,0,0.0,0
12594,35.318275464489375,2,1,2.91178701353056,2,0.290874959168209,0,0.0,0
12595,47.73465677315101,3,3,19.999319342174758,4,0.59898818010869,0,0.0,0
12596,63.28689931408634,3,5,1.1605034309708433,4,0.9399055453927678,0,0.0,0
12597,38.368425590034974,0,1,3.9323959754164504,1,0.1257704467272177,0,0.0,0
12598,52.68510726911216,2,3,20.001243821012245,1,1.0000867514288447,0,0.0,0
12599,51.13786633312254,3,1,15.057229838750525,7,0.9999326447581673,0,0.0,0
12600,53.10089403373474,3,2,4.706687987579351,4,0.1453760996532779,0,0.0,0
12601,31.29558918983687,3,2,19.90889524883894,7,0.9996854474301633,0,0.0,0
12602,41.41530130089917,3,3,10.049405172053227,1,1.0005649305130118,0,0.0,0
12603,45.776710459690946,4,6,12.927062695880306,7,0.05175977887079508,0,0.0,0
12604,56.86078622207217,3,0,5.071370348508787,7,0.9256260575604704,0,0.0,0
12605,44.68866208744292,1,6,11.179136222077329,2,0.17490212574390174,0,0.0,0
12606,35.33220298560548,3,4,11.477392497614758,2,0.999725344462873,0,0.0,0
12607,36.32707154230662,2,3,6.336948184467114,2,1.0003098673379014,0,0.0,0
12608,42.81384469971288,3,5,11.01265368852032,7,1.0001379553147451,0,0.0,0
12609,40.94297289376028,3,3,7.67935096244148,3,0.9783940376395812,0,0.0,0
12610,56.7359546884375,3,3,3.6248926050522634,7,1.000182906435837,0,0.0,0
12611,36.52204668166646,4,3,18.2970335841347,5,0.4977019873689741,0,0.0,0
12612,77.86013227090501,2,3,11.756311155224846,3,0.4989137319607424,0,0.0,0
12613,31.093529037312525,1,4,10.292651587835536,5,0.23065642511097562,0,0.0,0
12614,32.60104419598552,3,4,10.068449462201697,7,0.36458901899728036,0,0.0,0
12615,37.46496358404371,2,6,18.109572698882737,2,0.34582851340591964,0,0.0,0
12616,43.79940163164792,3,6,11.993503969446815,5,1.000024054258124,0,0.0,0
12617,48.623255991275485,2,1,20.001663058165718,3,0.3345922606507476,0,0.0,0
12618,41.053687719593846,4,6,3.0672634166467,5,0.9999857567327921,0,0.0,0
12619,50.520231885713955,1,5,4.083759273840746,7,0.38083600880055324,0,0.0,0
12620,51.85236209744083,4,3,6.120752288112852,7,0.34118591522925834,0,0.0,0
12621,50.745159432798516,2,3,10.672318071199314,4,0.49944373789274804,0,0.0,0
12622,41.7789784245998,4,3,10.823432124528102,0,0.9998147117919247,0,0.0,0
12623,18.452251896745544,3,2,6.155941926386035,1,0.023803051620933546,0,0.0,0
12624,39.800538861089095,3,2,12.096837515318756,7,0.6543802139473733,0,0.0,0
12625,29.142948416871956,1,2,5.428637437601668,2,0.0,0,0.0,0
12626,47.21673713117325,3,4,3.057488421822738,3,1.0002541508249392,0,0.0,0
12627,47.885668483431616,4,2,2.246342839874984,7,0.28731978881116,0,0.0,0
12628,50.27561117982439,1,1,9.714090570522274,7,0.6002675068713391,0,0.0,0
12629,38.81097837080375,4,1,9.77802978148389,7,0.7505116366101173,0,0.0,0
12630,70.92982914572602,5,5,12.064728338389296,1,0.326559971162769,0,0.0,0
12631,49.74423622378859,1,2,22.367401948581517,7,0.4231626084732363,0,0.0,0
12632,21.214038383325864,2,6,12.10116269884,7,1.0001481463420454,0,0.0,0
12633,46.99310664556056,3,1,16.773128797273593,7,0.5281330406832822,0,0.0,0
12634,41.94749173612006,3,3,0.0007915545571979266,7,1.0004301178906476,0,0.0,0
12635,42.41822584597342,6,3,21.31391678597405,1,0.7656559388085642,0,0.0,0
12636,41.914675758001984,3,6,8.693343487930907,6,0.9488506613192751,0,0.0,0
12637,48.651026561080194,3,3,16.54535520995716,0,0.5766299180628698,0,0.0,0
12638,3.1499191649060023,0,3,6.443064900234837,0,0.0,0,0.0,0
12639,48.25369209623135,4,6,12.06409915649754,6,0.5859717999297864,0,0.0,0
12640,30.138428973019927,2,7,0.769959863745779,6,0.00018462360488369356,0,0.0,0
12641,47.37559162065859,6,3,16.458188182162374,1,0.3313376244705496,0,0.0,0
12642,29.207506465790445,1,2,6.258327910809405,6,0.999401527383703,0,0.0,0
12643,43.28638850411186,3,1,13.340966999996658,3,0.44282831205267364,0,0.0,0
12644,56.102122305437575,3,6,19.709871286900544,7,0.6458600163708513,0,0.0,0
12645,11.082259196428822,3,2,0.0,1,0.0,0,0.0,0
12646,27.72211480095577,3,2,13.613128636267698,5,0.20085431981278412,0,0.0,0
12647,27.39952836580851,1,6,14.21092189619566,7,0.9998783395157335,0,0.0,0
12648,41.099632878394,2,6,12.241822226027764,7,0.5880700017419881,0,0.0,0
12649,45.89728781301629,2,3,14.948022749423398,3,0.9999477221529781,0,0.0,0
12650,57.961873325865156,4,0,0.0,7,1.0002232224415346,0,0.0,0
12651,52.423904275459336,4,6,8.13444481516023,7,0.9994621467993584,0,0.0,0
12652,45.455307090433145,2,4,19.997069342357946,7,0.766938320395517,0,0.0,0
12653,24.567140765307247,3,3,5.153290043594493,2,0.0,0,0.0,0
12654,21.26913167507832,4,6,19.997340315565765,1,0.13923889765099295,0,0.0,0
12655,31.394586340736467,3,5,23.850531479032583,4,0.42861993789621367,0,0.0,0
12656,23.036693872508717,3,1,6.552591778557581,5,1.0001797806673076,0,0.0,0
12657,38.96375940569691,1,3,1.2431130602411233,2,0.9997690908145185,0,0.0,0
12658,43.11733154826979,1,1,10.190448974887953,7,0.3272921477275776,0,0.0,0
12659,48.25786808415289,3,3,20.0011917477012,1,0.9642910079140501,0,0.0,0
12660,45.57661568111524,3,1,17.39632692518693,7,1.0001925101166123,0,0.0,0
12661,19.187239479950218,5,1,4.575208990586318,5,0.0,0,0.0,0
12662,42.294274483180615,3,6,15.798724777271374,3,1.0002822859101919,0,0.0,0
12663,54.3199664579042,4,6,1.3131607259067497,3,0.09321180656502048,0,0.0,0
12664,50.126334520183185,2,4,19.993134223088664,2,0.9992477622890135,0,0.0,0
12665,30.72110849572219,4,3,10.461283713841205,0,0.5659730372207795,0,0.0,0
12666,16.123766239589564,2,1,1.858589019817412,7,0.9203504857921053,0,0.0,0
12667,56.6226377724945,4,3,10.595741604162384,3,1.0002133330638596,0,0.0,0
12668,40.34669358698954,2,3,9.453212120630761,7,0.6966969110481844,0,0.0,0
12669,53.38153735557353,2,2,2.46426275670758,7,0.6337750229896291,0,0.0,0
12670,31.713568079960282,3,2,12.570087741592035,6,0.8856384841274099,1,20528.790521372528,1
12671,42.64137477158003,3,3,12.65383474735344,2,0.9998325212086252,0,0.0,0
12672,35.83148542036416,3,6,6.683608873395314,6,1.1770364314181572,0,0.0,0
12673,37.73991643153948,3,4,7.83363160395043,7,0.6875456234313349,0,0.0,0
12674,42.385976384009965,5,1,11.262562260643595,6,0.9999601471213504,0,0.0,0
12675,45.56122632340833,3,1,17.41657017234074,7,0.32994247047858655,0,0.0,0
12676,50.56321681614427,4,1,16.476682603989765,0,0.9996093629290513,0,0.0,0
12677,23.44475594826457,4,3,3.4494658077785827,4,0.35955969058153975,0,0.0,0
12678,71.23714058644354,2,3,14.087217265251626,6,1.000021601927363,0,0.0,0
12679,56.63756037786788,3,3,18.97683584327818,3,0.9996397287213508,0,0.0,0
12680,28.338255422959726,0,3,0.0,3,0.0,0,0.0,0
12681,65.99257299196734,3,2,15.373353976066877,7,0.9993536341850066,0,0.0,0
12682,46.02933311016734,5,2,17.40909761271589,7,0.9998437685788709,0,0.0,0
12683,56.47091548667747,0,6,14.883849353202432,4,0.9994309103086153,0,0.0,0
12684,53.40648897676566,4,6,6.246436129575165,5,0.9995798142234702,0,0.0,0
12685,28.96807166113689,3,1,21.264405120952222,2,1.0001376424703732,0,0.0,0
12686,44.7251824324166,3,5,19.997375165866487,1,0.3706388065091104,0,0.0,0
12687,47.78056339814219,1,3,4.25565939512131,5,0.49948249959258795,0,0.0,0
12688,54.44653225325774,4,3,7.567661849843002,7,1.0000916209238089,0,0.0,0
12689,57.125253050159344,6,1,0.0,4,0.4821154655084434,0,0.0,0
12690,39.563146608633,4,3,13.493237590981073,5,1.0000546208786334,0,0.0,0
12691,19.712682381591264,2,3,10.794240702611765,3,0.22469840777439987,0,0.0,0
12692,52.86318135489687,3,3,3.673041226513244,5,0.49971669331459767,0,0.0,0
12693,41.236499315822,2,6,10.916197480231094,7,1.0003402997339628,0,0.0,0
12694,60.8657445496828,4,3,16.771149508420503,7,0.5413999568527786,0,0.0,0
12695,39.333015694600896,2,4,24.065810213462694,1,1.010237119928093,0,0.0,0
12696,51.558345922239695,3,6,9.561476175878504,3,0.38472023689054247,0,0.0,0
12697,29.533122087412313,3,2,6.0061296450772454,7,0.9999812883508594,0,0.0,0
12698,43.30106826645099,1,3,17.659921838164458,6,0.10216429131394644,0,0.0,0
12699,39.056499956828844,4,4,19.999540458535478,3,0.9993569962550403,0,0.0,0
12700,36.49908279805277,4,3,17.191325937956154,1,0.9924983538154474,0,0.0,0
12701,33.34236520714954,3,3,11.765487818477117,4,0.4981093994409782,0,0.0,0
12702,41.46936733512915,4,3,19.101966775002246,3,0.0,0,0.0,0
12703,28.44077335714662,3,5,10.57597731094087,3,1.0001831805385002,0,0.0,0
12704,34.47720437286797,2,6,11.134230595710987,4,0.9999525989764572,0,0.0,0
12705,28.66630317813702,4,6,10.70786065153407,3,0.6821165661557016,0,0.0,0
12706,12.362900193899666,3,6,17.15251955414224,1,0.9851961882518026,0,0.0,0
12707,27.887589510465304,2,2,15.025272570385455,7,0.927724025789225,1,4802.117544946748,1
12708,67.22130722657018,2,3,0.2087517843785669,3,0.9998902473886631,0,0.0,0
12709,61.253453371915654,3,7,22.272453974173935,2,1.0004871815972862,0,0.0,0
12710,48.01037378174566,3,1,16.915402315570226,1,0.9999823378951727,0,0.0,0
12711,52.45198827202596,2,6,3.4969477332991437,3,0.16137587167019662,0,0.0,0
12712,50.134669879565934,4,4,16.318058130581697,1,0.7844151090552867,0,0.0,0
12713,17.341600060241603,3,3,16.916403597318602,3,1.0003179107384879,0,0.0,0
12714,61.706488297397556,3,1,7.701889539799657,7,1.0004220921209246,0,0.0,0
12715,44.47488965928206,1,4,13.132366575625323,3,0.0,0,0.0,0
12716,26.36739804000175,0,3,0.3356007288474867,1,0.17935718149815405,1,59092.36185515806,1
12717,53.48066778331621,3,4,19.9973220759922,1,0.6004584388535441,0,0.0,0
12718,46.38580349326657,2,5,12.8858763676282,3,0.9784835587553453,0,0.0,0
12719,32.98000936000782,3,3,8.20027118484309,5,0.3873119588777277,0,0.0,0
12720,53.47893687519603,3,1,13.676135171951325,7,1.0002473845889983,0,0.0,0
12721,24.96879422204203,2,2,7.732945310754906,4,0.7342368976592849,0,0.0,0
12722,52.665331494197346,3,1,13.42714636278609,7,0.9998943670116056,0,0.0,0
12723,27.628163338870337,3,6,8.367283392346472,1,0.29490855410708616,0,0.0,0
12724,23.952423415194804,5,2,8.390383991511388,5,0.4103148754239543,0,0.0,0
12725,60.405581938976695,3,4,14.974500831449784,7,0.3171256732734275,0,0.0,0
12726,26.41545616665657,1,2,4.779540228676735,3,0.031241961259434015,0,0.0,0
12727,58.69078309109391,4,4,19.998057366733242,4,1.0002854213371033,0,0.0,0
12728,18.739233562755498,4,5,0.0,3,0.0,0,0.0,0
12729,27.042672005221966,1,3,12.75968081678517,7,0.6759331267862916,0,0.0,0
12730,43.105198913569204,3,4,20.009539114786605,1,1.0001050417280528,0,0.0,0
12731,65.15154152939495,6,5,11.158946276289903,7,0.160699104288345,0,0.0,0
12732,31.369549480490136,1,3,9.42908254983714,4,0.0810407089845826,0,0.0,0
12733,37.087797200947335,2,2,3.640769765008674,5,0.39351417699186847,0,0.0,0
12734,42.89578805626103,5,3,5.614596299090141,7,0.8114112051664832,0,0.0,0
12735,49.808462980485785,4,3,6.16108840970609,7,0.45750705987346224,0,0.0,0
12736,31.20282752009631,4,3,9.070945500777075,5,0.5041922681947199,0,0.0,0
12737,45.25893340418958,6,1,11.371785477652692,3,1.000079948261503,0,0.0,0
12738,30.691347763488867,3,4,1.4921704689906736,5,0.7886295018293203,0,0.0,0
12739,36.213213793301605,3,3,4.769181895316029,1,1.0000145351965133,0,0.0,0
12740,58.757417769322146,0,3,9.022141996317252,7,0.4938263511433605,0,0.0,0
12741,55.94249340439748,5,5,15.875829683796326,2,0.9019181940672334,0,0.0,0
12742,41.40925867304371,4,1,12.963277338855306,0,0.019377822609880857,0,0.0,0
12743,27.705145236628937,1,6,1.817857168208434,2,0.5003108767191292,1,6775.6812830786575,1
12744,37.49779333246823,5,3,14.085671332461402,7,1.0656644863502533,0,0.0,0
12745,51.37373895890387,4,6,7.226817927302028,7,0.9997576824907262,0,0.0,0
12746,53.9005229484257,2,6,18.53999420936979,2,0.444095644986573,0,0.0,0
12747,52.33729867826747,3,2,6.97027604198921,7,0.6836867610320277,0,0.0,0
12748,57.49844052374136,3,1,10.721349660987721,7,0.3955071974899519,0,0.0,0
12749,62.632595841956714,1,3,19.07248090705516,2,0.49704715761092144,0,0.0,0
12750,53.085386092168974,3,3,10.603652333766323,7,0.999741266751199,0,0.0,0
12751,50.35284352679463,2,3,6.215647276565436,7,0.9996206110278993,0,0.0,0
12752,50.54019748043735,2,6,14.206297278708997,3,0.4129411852705108,0,0.0,0
12753,42.383876819317024,5,6,9.443490314282519,2,1.0001511145819215,0,0.0,0
12754,63.252875280128194,0,1,14.733282966357068,4,0.747677150319628,0,0.0,0
12755,52.31177299753589,4,3,0.0,4,1.0003663003437142,0,0.0,0
12756,68.86965918165544,4,5,3.5200356428517656,2,1.000223668057095,0,0.0,0
12757,46.374293687068636,3,4,6.700516255262298,7,0.8924352309895829,0,0.0,0
12758,37.699342636170506,4,6,1.737910774312045,6,0.6936163412003866,0,0.0,0
12759,39.88863182070883,3,6,11.414841861081072,2,0.5725391550457545,0,0.0,0
12760,42.48177280773026,3,1,15.376141701927978,3,1.0007457767753223,0,0.0,0
12761,30.66477168232763,4,5,7.760245327546829,7,1.000913764859341,0,0.0,0
12762,52.74868768978218,4,4,3.9965510171323517,4,0.4999136769511897,0,0.0,0
12763,60.27946884856027,3,6,2.8906652899236764,7,0.999756968063388,0,0.0,0
12764,50.77077644602349,4,4,12.16258207654875,7,1.000440803424822,0,0.0,0
12765,53.878433722482555,2,3,22.494968325795483,4,0.9519278324715487,0,0.0,0
12766,35.742808607730204,3,3,13.743144735259094,4,1.0122438280160027,0,0.0,0
12767,67.40875502151083,4,4,13.101201378394277,4,0.57515492459452,0,0.0,0
12768,38.29257125204719,3,4,20.003119793369542,1,0.15295059728599347,0,0.0,0
12769,54.2629297951361,3,6,14.49471255277139,4,0.46210690414463806,0,0.0,0
12770,36.61961712368618,2,1,11.842705724864334,7,0.3460772684882269,0,0.0,0
12771,25.39033879053402,1,3,7.882238417355452,2,1.0000811352358745,0,0.0,0
12772,47.764449213110844,3,4,19.771134024029752,7,0.8680253933963927,0,0.0,0
12773,55.20379378220882,3,4,12.282160958345239,6,0.019632763308662926,0,0.0,0
12774,38.84127263204296,3,1,19.621557623571604,1,0.9996423345871845,0,0.0,0
12775,33.45682136784326,2,3,19.189731827349696,3,0.4595746789682183,0,0.0,0
12776,46.49815146018502,2,6,8.471576348638537,3,0.9997126058947599,0,0.0,0
12777,68.82195632470992,4,1,1.9573736616473454,2,0.07153826819548692,0,0.0,0
12778,54.674470811765715,3,1,21.203800299565067,2,0.017665983831559706,0,0.0,0
12779,33.934569536915184,2,3,12.176271333285023,7,1.0000772736422592,0,0.0,0
12780,44.676719815031525,3,3,12.368818951064412,4,1.000443136789821,0,0.0,0
12781,45.29358489869661,4,1,3.288689647720706,0,0.12976573157429394,0,0.0,0
12782,31.988168849676974,3,1,9.27498316671764,4,1.0003519114903785,0,0.0,0
12783,44.67434212241779,2,3,15.614380494919118,7,1.000406166741581,0,0.0,0
12784,45.96615671123801,3,4,19.99662116681342,3,1.0003762492683506,0,0.0,0
12785,50.402939436207,1,1,18.807770945130777,7,1.000034809692967,0,0.0,0
12786,46.565958990347234,2,1,19.960141825116075,1,1.0000731951545103,0,0.0,0
12787,49.0377070390975,3,3,2.7765181036660724,7,1.0004602085217689,1,7167.195048405412,1
12788,50.413290011566644,5,2,9.993663748169725,7,1.0001351509727066,0,0.0,0
12789,50.356132407817626,3,3,9.21143540293024,6,0.9999023944457774,0,0.0,0
12790,55.293872358060135,2,1,6.527465660007206,3,1.0001268809385977,0,0.0,0
12791,36.45570731182014,3,1,11.876456391904586,2,0.6775370435901304,0,0.0,0
12792,15.514170679550265,3,6,12.706337020641445,6,1.0751162271476264,0,0.0,0
12793,23.029926501382274,4,2,7.08474236478588,4,0.3792993116111177,0,0.0,0
12794,56.66021375717021,3,1,19.398296522326902,2,1.000754032268624,0,0.0,0
12795,47.251387773372926,4,6,5.210436922814247,7,1.000548911795256,0,0.0,0
12796,52.4628307062854,3,3,0.0,0,1.0003162186211771,0,0.0,0
12797,25.943791954151116,4,1,16.382474862742406,1,0.9755436441147438,0,0.0,0
12798,54.406023572409964,2,1,7.1024268574619125,5,1.0001768630460226,0,0.0,0
12799,51.37181675640996,6,1,12.726816089864759,7,1.000261622489991,0,0.0,0
12800,39.91764286177818,3,4,19.99980435924013,1,0.9997672898645031,0,0.0,0
12801,29.462827389310057,3,1,16.898370108764663,5,0.9993908620441413,0,0.0,0
12802,53.96133673771493,3,3,10.120024163543226,4,1.007669033611971,0,0.0,0
12803,55.75411250723674,3,3,8.27471342236927,7,0.541882434395978,0,0.0,0
12804,35.70825431755079,3,2,4.798638280295713,1,0.3065587855939228,0,0.0,0
12805,52.99453635289839,1,6,0.0,7,0.9998142876849578,0,0.0,0
12806,26.779917993908086,3,2,14.11473779465491,4,0.37301654497619186,0,0.0,0
12807,41.74408141251502,3,2,9.47106222560235,3,0.4970889388170702,0,0.0,0
12808,70.59579123828071,5,3,10.199584799729895,4,1.0004304659240444,0,0.0,0
12809,41.80695747760544,1,3,1.5627194019491917,4,0.5037534826442097,0,0.0,0
12810,48.14875692803478,4,2,11.527314916187185,7,0.22135873293146324,0,0.0,0
12811,41.75845052458386,2,6,13.104686935640443,7,1.0006976387974473,0,0.0,0
12812,29.88437489925022,4,1,3.349818846928655,1,0.41869673690503795,0,0.0,0
12813,44.822428800731466,4,3,13.075780314893114,2,0.9716826695362067,0,0.0,0
12814,45.85492671885434,2,3,11.700103453604642,6,0.607495398326881,0,0.0,0
12815,33.25832192806263,3,6,12.623631195912074,4,0.22707330395259434,0,0.0,0
12816,23.086236499643388,6,3,13.23649616261165,1,0.9998920927452619,0,0.0,0
12817,30.402037000747338,3,5,17.28334261576235,1,1.000583668119471,0,0.0,0
12818,50.94891831425468,4,4,20.006104136344323,1,0.9995281527266706,0,0.0,0
12819,49.18969574222302,6,3,12.806320730727814,1,0.7980554928100014,0,0.0,0
12820,37.13119374733895,3,3,11.42851937456924,4,0.49505406506811545,0,0.0,0
12821,35.65071152209681,4,3,5.920115967708598,7,0.6960859354947334,0,0.0,0
12822,64.86340480030196,3,3,18.346017951934822,7,0.9999405558241818,0,0.0,0
12823,31.70887384461187,2,1,19.996443107066096,3,0.5452569100420477,0,0.0,0
12824,47.39727176817314,3,4,15.729188013315822,3,0.6288745227301663,0,0.0,0
12825,28.361276666147397,1,3,4.023335932499825,3,1.0004509247642088,0,0.0,0
12826,48.932349785948134,4,3,18.65030596354834,0,0.49648751214596637,0,0.0,0
12827,27.897048544034924,4,6,18.02674467561893,4,0.5112521541067573,0,0.0,0
12828,51.461401695833146,3,3,19.99596418237946,4,0.7938290717161363,0,0.0,0
12829,48.73647122621097,4,4,0.0,6,0.9210626927811335,0,0.0,0
12830,48.85081732700339,1,6,13.369722740168191,4,0.6683984897160442,0,0.0,0
12831,56.15653095836389,1,3,0.0,6,0.0,0,0.0,0
12832,27.908931253902374,4,7,1.416042592107308,6,0.0,0,0.0,0
12833,45.82067949168708,3,6,8.797914865789181,2,0.8340700521110412,0,0.0,0
12834,50.01669367121566,3,6,9.275424599550028,3,0.7026317749106757,0,0.0,0
12835,55.62022856847137,3,3,20.25448102534127,4,1.0001177097618446,0,0.0,0
12836,26.644598615530274,3,1,20.007895549648826,5,0.29040529277018884,0,0.0,0
12837,53.12973370486058,3,5,0.0,4,0.9346590575687828,0,0.0,0
12838,72.67344062398084,3,7,12.314088297840033,7,0.9705350325968938,0,0.0,0
12839,54.66938016643131,4,3,5.815447494849561,7,0.999412455948248,0,0.0,0
12840,49.35078197854707,1,3,10.046298869498973,4,0.49754643905488605,0,0.0,0
12841,65.71339136656354,5,3,17.70768997133785,3,0.9996450126319907,0,0.0,0
12842,63.18784224502764,6,2,7.002959469154567,7,0.6497662724286173,0,0.0,0
12843,25.16962911307764,4,2,13.939030447790413,4,0.5586740752659438,0,0.0,0
12844,57.14634490977383,4,4,12.192482750824961,5,0.8031718186935618,0,0.0,0
12845,47.728089286734516,3,2,10.738759553472482,7,1.0001403402961415,0,0.0,0
12846,24.345385237871742,2,1,6.843140127134978,2,0.9542045820583729,0,0.0,0
12847,30.998491058057194,4,1,2.902227608311179,1,0.0,0,0.0,0
12848,34.2100209234069,4,1,2.0959270542394304,4,0.9624938341822309,0,0.0,0
12849,61.81349210043477,2,3,11.0076204966059,7,1.000124093161161,0,0.0,0
12850,70.30527629499178,2,3,11.042766033183815,4,0.8444245540062487,0,0.0,0
12851,46.4798227943394,4,3,13.832574360291062,3,0.9996200632792591,0,0.0,0
12852,44.05466584743277,4,1,6.73816506101648,1,0.9998876176481251,0,0.0,0
12853,26.882189013266284,2,3,17.658719171755763,3,0.5767843728816574,0,0.0,0
12854,74.53102048860754,2,4,0.0,1,0.9757623521629774,0,0.0,0
12855,53.00723923084939,4,1,20.00526496105848,4,0.6728905799188868,0,0.0,0
12856,38.937217349777484,4,3,5.1383602193610685,5,0.5077292678770385,0,0.0,0
12857,32.56991439124618,2,3,7.491590411129681,2,0.5848068524434259,0,0.0,0
12858,57.30317329295603,3,4,19.99191643620039,1,0.7766410349664725,0,0.0,0
12859,44.75539887944289,3,1,19.997561640975427,3,0.5005583651679462,0,0.0,0
12860,53.40353096259948,5,6,18.21212692212481,6,0.7858674703216384,0,0.0,0
12861,48.081734447386076,3,4,20.001852034731783,1,0.999521840967914,0,0.0,0
12862,30.90379269381065,4,3,16.308257730024252,2,0.9999643940254925,0,0.0,0
12863,31.50690458979574,3,6,5.851800604604902,5,0.555876654471397,0,0.0,0
12864,38.06047429041938,1,4,6.7499430871629436,6,0.7736779658742777,0,0.0,0
12865,44.47439183177493,3,1,21.42446470900103,7,0.9366944875590741,0,0.0,0
12866,34.420040063680595,1,1,2.440317970435993,7,0.320996836551863,0,0.0,0
12867,50.28934748329827,3,1,23.234056120220885,7,0.4766954144425454,0,0.0,0
12868,36.06762089473328,2,5,7.709737074206087,1,0.13627486346496875,0,0.0,0
12869,43.79623821277868,2,6,16.484892435896917,6,0.8193854766415658,0,0.0,0
12870,22.45841730852619,4,5,20.008877139480596,1,0.5667187603192894,0,0.0,0
12871,33.61060397583572,4,5,13.341016958931547,1,0.07561067544607492,0,0.0,0
12872,59.80570701630528,4,5,13.02692673190202,6,0.4958151625039078,0,0.0,0
12873,64.4838409876932,2,1,6.876468059346438,7,0.9942958408130567,0,0.0,0
12874,21.015870690615667,2,6,17.228568105837283,3,0.3395886397672652,0,0.0,0
12875,44.679631678053155,3,1,14.51531952273111,4,0.4992633772912589,0,0.0,0
12876,37.91078382575233,4,3,8.826932223179268,7,0.9999722057263583,0,0.0,0
12877,23.569200550519852,4,2,11.633817386829403,5,0.5621547241706951,0,0.0,0
12878,44.92243095626393,1,6,14.73245009023643,7,1.0003576654639457,0,0.0,0
12879,28.850606276725472,4,6,6.508338295781859,4,0.5068570636211798,0,0.0,0
12880,33.30095852565335,4,6,16.543379109069143,4,1.0000955055388414,0,0.0,0
12881,35.7576325228609,2,6,4.168012705428771,1,0.9192161094604706,0,0.0,0
12882,43.33225128803486,1,5,6.87443487432039,7,1.000418219003406,0,0.0,0
12883,25.36103250290035,5,3,18.846248509650813,1,1.0003196038492799,0,0.0,0
12884,23.80856120660037,1,6,11.41982103941724,4,0.9996933059960291,0,0.0,0
12885,22.20039845003437,4,1,4.407610441882048,7,0.9999047485652012,0,0.0,0
12886,49.11326437267229,3,1,25.254114181916915,2,1.0001092177098119,0,0.0,0
12887,52.75800657669806,3,4,19.993665378098022,6,1.0002141391959938,0,0.0,0
12888,18.183759474097318,2,6,14.72431248743611,3,0.6915586463384121,0,0.0,0
12889,19.18002386680411,2,1,10.720467659378267,2,0.34255304830445255,0,0.0,0
12890,43.72376245063624,1,4,19.993003771349308,7,0.6952798016743391,0,0.0,0
12891,42.36513869025985,3,2,12.729401437971639,7,0.9991700357700215,0,0.0,0
12892,24.86874984266115,4,6,9.852114897419755,3,0.5827374033847376,0,0.0,0
12893,45.24441483404724,3,4,15.41569463783279,2,1.0003483675534839,0,0.0,0
12894,49.95476216473322,2,3,16.710489393715548,0,0.6900275577116622,0,0.0,0
12895,52.23973628622511,3,6,12.533183367577971,7,1.0000687162467419,0,0.0,0
12896,40.10400205765406,0,6,16.677475088802293,7,0.6203272975403402,0,0.0,0
12897,41.146488304892905,2,5,16.548544551556027,7,0.9048074033866564,0,0.0,0
12898,54.173108694758625,1,6,1.0585690750599674,6,0.8514999076187537,0,0.0,0
12899,64.94769426666582,1,3,9.509369374309177,7,0.8111146958994458,0,0.0,0
12900,54.7561049878456,2,6,14.99713744265694,2,0.026444094374527105,0,0.0,0
12901,67.65748549691065,4,3,0.12941291477951822,2,0.501613745473614,0,0.0,0
12902,58.523961322723636,5,2,22.172644074846307,7,0.3645609044146787,0,0.0,0
12903,65.54672640921005,4,3,7.616045647883896,5,0.43003615383150573,0,0.0,0
12904,45.775199215856766,3,3,19.99618485903209,0,0.4765554167774,0,0.0,0
12905,27.606847298057453,4,2,4.650968647483359,5,0.927306481037585,0,0.0,0
12906,40.26332163840097,3,1,12.483271533956534,5,0.9601195405225389,0,0.0,0
12907,51.45927321784441,4,1,18.38462578060652,4,0.9993148357305555,0,0.0,0
12908,54.88906745755014,3,1,7.841592135227475,6,1.0000762869537754,0,0.0,0
12909,37.50476714683933,4,5,10.509742760343057,7,1.0006648932289965,0,0.0,0
12910,14.254809918708744,4,1,0.0,4,0.0,0,0.0,0
12911,31.35149459217535,5,1,6.7858252435291035,5,0.0014822038275539295,0,0.0,0
12912,56.82521067441556,4,6,9.623998673698509,1,0.41370052469111496,0,0.0,0
12913,46.90424847997108,2,6,6.874556838114073,7,0.27526145456847,0,0.0,0
12914,48.74427189025019,6,2,15.399574896145634,7,0.8178515966391757,0,0.0,0
12915,49.227307175161414,4,6,7.127160685709138,4,0.9994726499420127,0,0.0,0
12916,63.74824770635057,3,1,9.886857669525638,7,0.9996466382266596,0,0.0,0
12917,88.52077310602537,3,3,8.897113904564682,5,0.5032049676745425,0,0.0,0
12918,59.04648127307813,3,2,6.657184555110587,7,0.9272971900069553,0,0.0,0
12919,39.96749106765209,3,5,15.743440331696885,2,0.23275557677730957,0,0.0,0
12920,19.51749237354992,4,6,10.102997131881315,4,0.7563765278029535,0,0.0,0
12921,42.934317361214475,3,1,18.14562987584536,6,0.9640401713486052,0,0.0,0
12922,60.98367485597305,3,4,20.004010028567,1,0.9566504819682682,0,0.0,0
12923,57.470148516564436,3,6,1.0274119487767681,7,0.9999462485147115,0,0.0,0
12924,66.58455533405888,5,6,15.549428494837683,3,0.7670062378744887,0,0.0,0
12925,47.449117425714896,2,5,14.944569149493468,5,0.25408074032956507,0,0.0,0
12926,58.533718197048145,4,5,3.5145484592107925,6,0.07933401214135039,0,0.0,0
12927,26.291297203510954,2,3,15.499548658122645,3,0.39418534964543134,0,0.0,0
12928,39.46559931985872,1,3,3.42275006563965,2,0.3878018924515224,0,0.0,0
12929,26.745748142798384,3,6,13.101644330421518,0,0.780079032633597,0,0.0,0
12930,16.946450081522283,5,2,15.355143749968885,7,0.23082122399374144,0,0.0,0
12931,21.410128886777038,3,4,20.506976985007533,5,0.45157165384363596,0,0.0,0
12932,0.0,1,3,0.0,4,0.4166523409489403,0,0.0,0
12933,53.21468304470463,2,2,5.73114386653874,7,1.0002155404022632,0,0.0,0
12934,46.31599855509409,2,3,10.692428530507112,3,0.5012139078887813,0,0.0,0
12935,46.27721712019132,5,2,16.358625292369425,1,0.6593060090015606,0,0.0,0
12936,23.26491699411601,2,1,5.741965604903171,7,0.1952250431528319,0,0.0,0
12937,46.14612624592183,3,1,17.667451011619136,5,0.9999153625897663,0,0.0,0
12938,74.70610141906596,1,2,5.941704800724652,7,0.41323648057278217,0,0.0,0
12939,61.15430124363046,2,3,0.0,3,0.30203060140318244,0,0.0,0
12940,46.60704552201294,3,1,8.321391765832995,7,1.0001941719280485,0,0.0,0
12941,71.83067860014849,3,5,12.937098541820315,3,0.48238767888386236,0,0.0,0
12942,46.63066616541852,3,1,15.00249198211965,2,1.0000810024229865,0,0.0,0
12943,25.671220790581426,3,2,9.7589535460188,1,1.000144032757837,0,0.0,0
12944,35.72199844288864,2,3,17.813027242059732,4,0.8723639941539088,0,0.0,0
12945,49.919560718778506,2,1,13.264532429136443,7,1.0003824792661848,0,0.0,0
12946,32.808598970276286,3,1,15.43641395465924,7,0.4619869535365829,0,0.0,0
12947,66.86932323565861,3,7,3.4268032736229586,2,0.9456662740467334,0,0.0,0
12948,76.19258595139024,3,4,18.949530197330915,7,0.9549790355059182,0,0.0,0
12949,47.89830120552824,5,6,12.19843831207579,7,0.8621509042744566,0,0.0,0
12950,61.27549895330412,4,3,5.552725343594173,3,1.0001545950276802,0,0.0,0
12951,28.97492808275851,3,1,12.292328273661306,7,1.0003168182424427,0,0.0,0
12952,41.03665847073331,3,1,14.595240003745321,7,1.0002380126707562,0,0.0,0
12953,36.30125151074308,3,4,1.0350552608840076,6,0.5576884631773804,0,0.0,0
12954,51.74196968915432,4,3,1.476117440124348,7,0.9998415707821222,0,0.0,0
12955,55.79175965399484,2,2,11.612379206380888,7,0.9997261974175181,0,0.0,0
12956,57.145639902978566,3,3,14.352543379811486,7,1.0000969822442776,0,0.0,0
12957,47.83732220152507,3,6,16.412948545777084,7,0.999877000765703,0,0.0,0
12958,24.704609479546335,4,1,3.616749851572324,4,0.5720725037585203,0,0.0,0
12959,58.86678283946048,3,4,17.05161328101118,5,0.43681899895353454,0,0.0,0
12960,32.554828081242945,4,1,2.20217048256578,6,0.4411576638780025,0,0.0,0
12961,17.189881626309948,2,3,10.991260966389186,3,0.4411496819397196,0,0.0,0
12962,42.31442562892223,2,3,10.564867896841275,6,0.9998149120943711,0,0.0,0
12963,46.18087946801543,3,5,12.619233091649068,5,0.5587706087093393,0,0.0,0
12964,45.69752888661226,3,4,14.827965466039073,7,0.8687781644317136,0,0.0,0
12965,59.26605826289059,4,1,12.573981652589655,7,1.0082795917876692,0,0.0,0
12966,49.668861798156925,3,0,10.521492107805098,6,1.0003786217689916,0,0.0,0
12967,31.749622891312598,3,6,2.3285306298523114,4,1.0000916699144844,0,0.0,0
12968,36.53652552945825,4,3,2.9094007243105313,7,0.2766815724445494,0,0.0,0
12969,45.660860925083746,2,1,15.614898450246276,7,1.0003497940810246,0,0.0,0
12970,48.96083580638559,3,6,17.241106696888245,7,1.000588913589302,0,0.0,0
12971,37.90611859151373,4,3,0.0,7,0.9999710119721286,0,0.0,0
12972,53.86353041738431,2,4,27.306695108974065,7,0.7511162590680528,0,0.0,0
12973,29.47053075976811,3,0,7.089419635159342,4,0.9999207055793797,0,0.0,0
12974,43.3397272571492,2,1,20.006273959908537,4,0.36251504955433267,0,0.0,0
12975,35.8369131240981,4,5,8.006730625905593,1,0.44480888392399986,0,0.0,0
12976,56.00108049805732,2,3,14.016323127615303,6,1.0002870893199298,0,0.0,0
12977,58.38181490353668,3,6,6.9743535189989165,2,0.0,0,0.0,0
12978,34.238664646626034,2,1,6.2451647492477464,2,0.505998729921785,0,0.0,0
12979,42.517834638398284,1,4,19.991189337712395,1,0.9999037703727316,0,0.0,0
12980,45.13265818380068,4,2,16.662509701023403,7,1.0003940018623854,0,0.0,0
12981,57.45289692183626,2,4,4.788051460408434,1,0.28550579314406616,0,0.0,0
12982,30.595274516973728,2,4,19.994224774396383,2,1.0000358095969628,0,0.0,0
12983,44.96621701467436,2,2,8.81466515078646,3,0.48695050434711973,0,0.0,0
12984,44.13904967357101,3,3,8.841357632327114,7,0.9995343119247124,0,0.0,0
12985,50.453660203720176,3,3,10.186968425010967,0,0.9998910509598025,0,0.0,0
12986,60.80050561637515,5,5,16.32462136760539,7,1.0002717257214881,0,0.0,0
12987,60.97493010933195,4,3,11.726749529362912,3,1.0004079795528986,0,0.0,0
12988,31.19573790877925,6,6,9.520955847699339,7,0.9467036926122115,0,0.0,0
12989,13.844800606160163,1,3,20.011793818145513,1,0.191047749710952,0,0.0,0
12990,40.150234865836914,1,6,18.063252484930967,3,0.4745052706664212,0,0.0,0
12991,22.450381937712535,1,3,8.165970423140546,3,0.5512457987242702,0,0.0,0
12992,47.30778229599081,3,2,7.976524861687637,7,1.000546129574424,0,0.0,0
12993,24.988921571783347,3,1,4.466013061881992,1,0.9843499997520573,0,0.0,0
12994,57.64344540308226,2,4,11.183863356525746,6,0.29646761502955654,0,0.0,0
12995,58.916001121560704,3,4,9.330217949068418,2,0.0418034904628497,0,0.0,0
12996,42.91297400116984,4,4,20.0069455579548,1,0.9998135342766137,0,0.0,0
12997,55.68283319380173,3,3,16.0797458261818,1,0.9997560043641911,0,0.0,0
12998,40.94975506787013,3,3,19.995019280885867,4,0.5890500713976294,0,0.0,0
12999,24.246037791088145,4,6,4.751834553826565,7,0.31629193025618374,0,0.0,0
13000,52.86557263921858,5,4,19.99919797590453,3,1.0003590257303836,0,0.0,0
13001,46.52282418346927,3,3,20.95560627751471,1,1.0001185474683212,0,0.0,0
13002,33.33694320897016,3,2,0.5978705552325057,2,0.4852048059978942,0,0.0,0
13003,30.99179800638123,3,1,0.0,2,0.9997632467428448,0,0.0,0
13004,43.50170236024871,3,3,2.1507657988766944,3,0.25596893324995373,0,0.0,0
13005,16.301458960624082,2,3,1.3628062522108344,3,0.3675203630572627,0,0.0,0
13006,48.591762155833166,3,1,0.7412484703418212,4,0.4948731702752879,0,0.0,0
13007,40.74955042838692,6,3,16.679910814037182,1,0.9685008286686969,0,0.0,0
13008,52.241956915122564,3,4,7.3346972869181775,5,0.9995987598583032,0,0.0,0
13009,29.039491092348534,2,6,7.9053891122784705,7,1.0001476441219765,0,0.0,0
13010,25.970878148466998,3,2,10.839566833711617,3,0.6885278677592014,0,0.0,0
13011,31.246052452523717,3,3,13.938776762963677,3,0.6114785522542674,0,0.0,0
13012,47.828771024753806,5,6,10.346488899884877,7,1.013876836319556,0,0.0,0
13013,46.04238225816557,3,3,15.426905656827788,3,0.5009315939745154,0,0.0,0
13014,53.532666498429556,4,6,7.732299562405139,4,1.0000268603208284,0,0.0,0
13015,49.64849651327754,2,1,13.138854923142251,7,0.9993624355191135,0,0.0,0
13016,44.226908180415556,6,6,20.002276176268836,7,0.9306872128060849,0,0.0,0
13017,30.964680842409138,3,5,1.2615709769378913,6,0.38550315180073935,0,0.0,0
13018,63.353011352244025,2,3,5.053248302069696,7,1.0000037680979954,0,0.0,0
13019,44.00541287244716,3,3,7.029899547667348,1,0.23558371881597645,0,0.0,0
13020,43.07783231936784,3,4,20.00265242715192,1,0.04215766609389815,0,0.0,0
13021,41.15013477106782,2,3,8.013993427919761,0,0.27042938326659716,0,0.0,0
13022,35.21981753655025,3,1,8.65291286095669,7,0.9583941836706577,0,0.0,0
13023,23.477002016660986,2,2,11.917733080399875,7,0.058688863670117164,0,0.0,0
13024,38.504888752361715,3,3,10.538195625175803,5,0.9773992639605295,0,0.0,0
13025,39.07907518581097,0,1,20.012391331258257,3,0.5440933832201549,0,0.0,0
13026,65.20278821529487,5,3,10.932251193375114,3,0.6057269482882877,0,0.0,0
13027,29.600969540982938,4,7,6.813262845108583,1,0.4218220258166717,0,0.0,0
13028,30.621513797774707,2,4,18.191113944426526,4,0.8367984302326283,0,0.0,0
13029,31.108839915540955,3,6,12.334327895645785,4,0.035557120988955804,0,0.0,0
13030,54.48819455279251,4,6,9.917592000001585,7,1.0000219640651442,0,0.0,0
13031,37.072440045291295,1,4,5.426656218276887,1,0.4768283132339961,0,0.0,0
13032,39.71527899443726,3,1,1.9292885547212748,6,0.9498670405631282,0,0.0,0
13033,49.183827491744566,5,1,11.795864201002283,7,0.9997516845910437,0,0.0,0
13034,25.90998671325947,1,4,14.291945843241054,0,0.871094954716581,0,0.0,0
13035,30.83833529377111,3,5,21.03737223962485,4,0.0,0,0.0,0
13036,42.1029069412617,3,1,0.65108428530867,7,1.0047329205711,0,0.0,0
13037,61.749627430522565,3,2,10.635098011877938,7,0.4833160476800935,0,0.0,0
13038,32.27105036812119,3,1,16.13188064308085,2,0.4586705770589602,0,0.0,0
13039,33.795721526754676,2,3,8.700957470114028,7,0.9997726866766448,0,0.0,0
13040,51.34567299055299,5,1,2.1091419475582995,3,0.3642668151008035,0,0.0,0
13041,27.421975531087092,1,5,19.505748802821063,8,0.1815755482469017,0,0.0,0
13042,56.314747133874306,2,6,12.031880076920514,1,0.9391568206771526,0,0.0,0
13043,38.537181404904906,3,1,4.550182571981726,7,1.0001996683590235,0,0.0,0
13044,39.71668704642443,6,3,23.082831566643105,1,0.6100650437521674,0,0.0,0
13045,30.962192139653407,2,4,16.076198406929244,2,0.18590481400210213,0,0.0,0
13046,29.128356621040712,2,1,0.22370791405017165,7,0.9666208645920684,0,0.0,0
13047,42.81725091278616,3,1,3.278755651331365,7,0.2914205185831898,0,0.0,0
13048,19.782257750537518,4,3,5.320791338978402,1,0.5874117311217543,0,0.0,0
13049,43.96427823480026,1,2,15.1144893224352,4,1.0077446737764553,0,0.0,0
13050,15.14441388313874,3,2,0.2521641416914271,7,0.9758593217495988,0,0.0,0
13051,21.699834825354024,4,6,6.1780475170706115,4,0.1784000252644884,0,0.0,0
13052,46.96051957879802,1,4,19.998379117670495,1,0.5972566195975271,0,0.0,0
13053,48.56733597405577,1,3,11.161573802517358,3,0.2221863774423236,0,0.0,0
13054,53.057636513846674,2,1,19.9970399306224,5,0.1585260625614756,0,0.0,0
13055,22.816616397364747,2,5,2.6761937837556484,3,0.17629494773360554,0,0.0,0
13056,67.13270515088172,1,5,5.814080954090688,7,0.38777688275645344,0,0.0,0
13057,91.4157155642562,3,4,9.70784232899704,3,0.4853203578291362,0,0.0,0
13058,53.73020893244466,3,1,23.090738370381786,3,1.0000888705867153,0,0.0,0
13059,33.77488512046372,2,3,20.41075190044873,7,0.3358172393327886,0,0.0,0
13060,51.02803896492365,1,5,6.080602942793542,5,0.8368743958670387,0,0.0,0
13061,40.77460394989514,2,4,13.800032686942817,5,0.0,0,0.0,0
13062,28.27933195513971,2,2,5.197347007271828,4,1.0288218872335866,0,0.0,0
13063,20.925752413096227,5,4,19.994986346545808,1,0.11142085591646422,0,0.0,0
13064,46.299516840935745,3,4,12.665024510677343,1,1.0001314843936784,0,0.0,0
13065,54.984352595167096,3,3,10.987524246061104,3,0.9999180826789351,0,0.0,0
13066,61.9071953086619,1,2,18.33732383575656,6,0.16144598451885417,0,0.0,0
13067,55.527626230895116,1,6,4.067355125703568,5,0.8048833012743781,0,0.0,0
13068,37.59478336512276,3,1,16.49111424730394,5,0.9999850664950962,0,0.0,0
13069,57.62462474880171,3,4,7.9952073707281865,7,1.162080150822059,0,0.0,0
13070,46.836005311358356,2,5,4.0733137222452225,5,0.5614101460852464,0,0.0,0
13071,21.989941380736507,2,1,19.99656405183246,0,0.555885665028752,0,0.0,0
13072,58.86610762801593,4,6,11.948142015226004,5,0.326997464873318,0,0.0,0
13073,33.73647200225176,2,3,6.987816395672295,4,0.21083810266809205,0,0.0,0
13074,31.398020508092195,4,1,11.842604967776449,4,0.9999405474375378,0,0.0,0
13075,42.250476624166076,2,1,3.897355454767717,2,0.9729078866354237,0,0.0,0
13076,26.360385568482126,1,1,20.000661927675985,3,0.41381777061188285,0,0.0,0
13077,18.650640350571773,3,5,14.522822809220763,4,0.1884242826763734,0,0.0,0
13078,34.07957533416929,3,1,18.07879872996636,1,0.24503916429305506,0,0.0,0
13079,25.372486533249475,4,4,20.000964377882617,1,0.9998809926586663,0,0.0,0
13080,26.858496604310652,0,1,20.002932430391546,5,0.0504122157407203,0,0.0,0
13081,38.630091581113376,3,1,0.6499438532171329,1,0.051821955639731576,0,0.0,0
13082,53.37957803697568,4,3,17.769464154722296,3,0.3707535645679605,0,0.0,0
13083,43.78745919939522,4,3,7.707976687156538,5,0.5013517170616691,0,0.0,0
13084,35.70114689173191,2,1,10.458023094839824,2,0.9999205227470519,0,0.0,0
13085,46.00247575823728,3,3,1.8973522797655935,3,0.011113755968906847,0,0.0,0
13086,34.98510543453507,1,1,19.99247176998081,3,0.19898985739093633,0,0.0,0
13087,35.01248381801277,3,3,13.545367358690703,0,1.0004318893752169,0,0.0,0
13088,41.167197903636904,2,3,5.724793354630807,2,0.9964769576020474,0,0.0,0
13089,34.597670470601564,3,3,0.0,7,1.0000178194497558,0,0.0,0
13090,48.735968192272054,1,3,3.8601048065921537,7,0.9996987539336408,0,0.0,0
13091,41.73487026116724,3,7,9.643192690370597,7,0.8332825059715466,0,0.0,0
13092,22.303766612987083,5,2,14.89451692968132,7,0.538303304927731,0,0.0,0
13093,17.430982896522462,2,6,10.599438159439867,4,0.9996615353967723,0,0.0,0
13094,49.83315467374051,3,6,5.052607021509686,7,0.9999537452524135,0,0.0,0
13095,54.89235551741593,2,4,3.147293477968163,1,0.19399601598859445,0,0.0,0
13096,43.267873358314176,3,1,10.322434125050577,2,0.9996547012460419,0,0.0,0
13097,59.76746543687308,4,2,9.941315759422702,7,0.9995839919950447,0,0.0,0
13098,41.063749643484655,2,2,5.17897885160734,7,0.27297873075968226,0,0.0,0
13099,51.58982889186518,3,6,10.311052840847534,2,0.06862140266407535,0,0.0,0
13100,17.58902837475374,3,5,8.23109559361571,2,0.48351362652527374,0,0.0,0
13101,32.99403029139279,3,1,11.241232556929557,3,0.5018747542494274,0,0.0,0
13102,36.76102598333852,5,3,14.269662977212516,4,0.49820569891339617,0,0.0,0
13103,54.97947610947851,3,5,4.661731022111034,5,1.0004106679548472,0,0.0,0
13104,46.04478131614892,3,3,8.234130833539268,0,0.24441922816842043,0,0.0,0
13105,67.34370115198095,2,4,7.588556011855902,7,0.6161819041261547,0,0.0,0
13106,20.46706127541791,4,6,14.511907196080951,1,0.9345534946084099,0,0.0,0
13107,34.80369785574454,3,4,19.997637497411404,7,0.9999261082246771,0,0.0,0
13108,46.69388636816729,2,4,19.99973551843792,3,1.0004571146868415,0,0.0,0
13109,51.27050365604863,5,6,20.54653661046945,4,0.9996844792943665,0,0.0,0
13110,53.219525255940766,1,6,11.567760024777858,6,1.064251297685149,0,0.0,0
13111,57.09291133626198,4,3,12.490930118612056,7,0.9997174288409794,0,0.0,0
13112,51.97126043822998,2,2,8.725014576340344,7,0.9998818756304029,0,0.0,0
13113,44.28822449647346,2,2,14.146466216423013,4,1.0108396288335193,0,0.0,0
13114,50.06118452675644,5,6,3.3914694641700285,7,0.544273595457171,0,0.0,0
13115,37.555591233212986,5,2,15.069690158601214,7,1.1422856307563967,0,0.0,0
13116,54.791029795413245,3,6,1.6201458827600117,3,0.6214785645618341,0,0.0,0
13117,38.45445113301535,3,4,20.000231664861396,7,1.0002137706612666,0,0.0,0
13118,46.57973255631909,5,1,12.649900448769216,7,0.2941449728934466,0,0.0,0
13119,48.932498374105585,2,2,8.987734440082281,7,0.999481365453605,0,0.0,0
13120,67.34831759420632,6,3,10.746742654196161,4,0.5014412316782427,0,0.0,0
13121,47.910441835339206,3,3,0.0,6,0.4924622265360852,0,0.0,0
13122,17.87907429760075,5,5,6.7313104151176635,1,0.5288184412333005,0,0.0,0
13123,34.88823787139279,4,5,7.589970268388252,1,0.8152397358001723,0,0.0,0
13124,22.04535432845986,0,3,5.181852961433742,7,0.0,0,0.0,0
13125,40.16167974085966,2,4,22.034347566973494,4,0.7441864411054171,0,0.0,0
13126,53.38617812828668,7,1,0.1315079321101731,4,0.9601510279123777,0,0.0,0
13127,59.19812266461989,4,3,14.205212533901655,7,1.0007269603944142,0,0.0,0
13128,56.80741666971492,1,3,17.806688425812872,3,1.0005684874172234,0,0.0,0
13129,27.372211243557423,0,3,12.03282304902081,4,0.1570128987781797,0,0.0,0
13130,38.11941371770622,2,4,9.23477014077474,1,0.9872999964184654,0,0.0,0
13131,48.74991527987588,2,3,13.76696334187464,6,0.5774762214447231,1,18997.606712430093,1
13132,35.29644390733881,3,1,15.624821523402897,5,0.620924843316027,0,0.0,0
13133,43.83481014440876,4,3,20.035243974848093,7,0.9999456010467526,0,0.0,0
13134,30.577750868627547,3,2,14.098202833118926,3,0.4611459195535609,0,0.0,0
13135,42.3426096431376,2,1,21.435664992508855,5,0.9996985625702861,0,0.0,0
13136,49.415649098046316,3,6,14.357385155883385,3,0.7305188629507102,0,0.0,0
13137,26.175117740316637,4,3,10.00106064295248,7,0.9998235931351623,0,0.0,0
13138,26.9213788551274,3,4,5.614325313138412,4,1.0003687503232732,0,0.0,0
13139,39.29929640504985,2,4,7.712223117542644,7,0.3937296324261505,0,0.0,0
13140,26.701040997571095,4,3,16.711720998074554,4,0.0,0,0.0,0
13141,24.96286053980542,6,3,0.0,7,0.3148986098310062,0,0.0,0
13142,24.802558049528642,3,6,4.8567816407953535,3,0.6048051311506126,0,0.0,0
13143,60.842207392980775,2,3,18.562506165577812,7,0.9997193873496086,0,0.0,0
13144,34.15150873639708,2,3,8.721974091292422,3,0.37570087568281657,0,0.0,0
13145,48.18034357659125,5,1,12.897132801760794,7,0.5604281422824837,0,0.0,0
13146,40.398692534892795,2,6,15.649839877620238,4,0.5211833129725965,0,0.0,0
13147,29.1914331663652,3,2,4.699460410508902,4,0.9945860592398957,0,0.0,0
13148,49.38509108021712,3,3,14.655987298979898,5,0.999996446427242,0,0.0,0
13149,37.589421758429474,3,1,4.512514614993195,7,0.9995948889566721,0,0.0,0
13150,51.05459498687959,4,1,19.994746624475532,1,0.37722288063544446,0,0.0,0
13151,52.371116997217406,3,3,16.404191267784526,1,1.000108525978069,0,0.0,0
13152,68.56369731279922,4,6,9.437137499178998,6,0.4969502551644357,0,0.0,0
13153,52.86990162050008,3,1,1.2393493818415404,5,0.9619032030815577,0,0.0,0
13154,33.21353753464776,3,3,3.379788545179511,0,0.21602730411913257,0,0.0,0
13155,47.62232892326534,3,3,7.902656624345143,4,1.0002578288686288,0,0.0,0
13156,30.1772137583312,3,4,10.09003858792422,1,0.1433503519601529,0,0.0,0
13157,53.19432181221456,3,2,14.508192620800207,7,0.999448553133941,0,0.0,0
13158,65.00471435938229,4,1,3.685879041033913,5,0.5720721553696251,0,0.0,0
13159,34.723439518350354,3,3,4.7651627859254875,7,1.0000166149102818,0,0.0,0
13160,39.96946876722823,4,4,20.00199497703503,7,0.9997831969141358,0,0.0,0
13161,24.86408210238183,1,6,15.520101571513333,3,0.4548210437928613,0,0.0,0
13162,45.483640247221466,0,1,3.8492316649719536,7,0.9994435334158778,0,0.0,0
13163,25.082992913121718,3,4,14.00765300615317,1,0.9994544997601502,0,0.0,0
13164,25.947330118030948,3,7,8.406945055912768,9,0.0,0,0.0,0
13165,60.119517859348605,2,6,4.8254205819858065,7,0.999593477072007,0,0.0,0
13166,40.179421369983416,0,3,0.286595467281046,4,0.49894850807257474,0,0.0,0
13167,52.30660306524611,3,4,22.273415617681017,7,0.2147376406303017,0,0.0,0
13168,58.283564387983084,5,3,16.47115303487272,1,0.5055375088824261,0,0.0,0
13169,48.68483273566345,4,3,11.631748593970302,6,0.46018322298320774,0,0.0,0
13170,22.144368487758136,2,7,0.05917699675933541,3,0.0,0,0.0,0
13171,20.023077697529732,3,1,14.41353020922127,4,0.9999714080884875,0,0.0,0
13172,67.82816435261284,6,3,13.812788861324023,2,0.9628966381893362,0,0.0,0
13173,28.887400091693415,2,1,14.591529743061585,7,1.000112210198938,0,0.0,0
13174,52.334203812805555,2,3,8.721951265470064,2,0.5020214604734389,0,0.0,0
13175,49.23125731929814,3,1,16.030871123410137,7,0.9635172599998436,0,0.0,0
13176,30.0001234761225,6,6,17.013089507233463,3,0.49998393870363744,0,0.0,0
13177,30.485391199673504,2,3,3.243927137354537,7,0.9484818037711569,0,0.0,0
13178,41.082835880269556,3,2,17.4124184471484,1,0.9997964490376092,0,0.0,0
13179,46.46888684699317,3,4,17.512364910503038,3,1.0004815403453708,0,0.0,0
13180,58.30961175558505,3,1,0.0,7,0.5661040169149192,0,0.0,0
13181,33.413971950877624,2,4,1.9328606418806054,1,0.622686138217393,0,0.0,0
13182,37.895204223012506,4,2,10.704385573955685,7,0.9998192719813078,0,0.0,0
13183,48.24689748343903,2,6,16.7982697216409,1,0.3935493508991657,0,0.0,0
13184,54.904613344153375,4,1,4.299132395792643,4,0.999582838682887,0,0.0,0
13185,38.63250499022086,4,4,17.843857392374737,1,0.49935254766879594,0,0.0,0
13186,33.14916166671896,4,4,12.52414647357969,7,0.6735905309549263,0,0.0,0
13187,49.00997466666948,5,3,7.410411135278935,3,0.22327102967191004,0,0.0,0
13188,16.60415897528851,6,4,12.728014564327697,5,0.024335079729817077,0,0.0,0
13189,44.93503173893955,3,2,11.413174406616742,7,0.9995113479175713,0,0.0,0
13190,68.72570302106323,1,6,8.8479127600989,7,1.000375989321092,0,0.0,0
13191,31.86935348729971,2,3,5.210439310303315,6,0.9395264557322898,0,0.0,0
13192,52.33149529579798,2,1,10.822701234135248,2,0.37048761847234496,0,0.0,0
13193,33.48172859788505,4,6,8.841339457743892,1,0.9803712647706476,0,0.0,0
13194,51.5204990780655,3,6,7.0401263865900345,6,0.6378603472152268,0,0.0,0
13195,35.792005167410856,2,3,22.958725321087066,2,0.6778151623622459,0,0.0,0
13196,49.69116949227223,1,1,3.678133255932072,2,0.30204489464873485,0,0.0,0
13197,48.43854282431354,4,3,20.157817042130908,5,0.2863931160014942,0,0.0,0
13198,35.95297229186004,3,5,24.634172739373398,1,0.5170626295222476,0,0.0,0
13199,27.448584939352372,1,5,16.4962694102909,6,0.9917343367463136,0,0.0,0
13200,40.63525118963392,3,4,7.578897579408695,7,0.9784913351942068,0,0.0,0
13201,31.408014961254626,0,3,6.2292226295980315,2,0.9997533733375117,0,0.0,0
13202,49.89900996008651,3,2,19.02792781961447,7,1.0004183625608547,0,0.0,0
13203,23.015619901445547,3,1,4.498142131934175,1,0.34911725929952686,0,0.0,0
13204,53.897791557450425,6,6,22.30468474783408,7,0.6443561227799522,0,0.0,0
13205,34.78621117499044,1,1,16.018916297055274,4,0.11406501675556913,0,0.0,0
13206,37.1049401084577,1,2,12.900663392222672,6,0.3557703841760034,0,0.0,0
13207,21.472368895591238,2,7,17.14802656173029,5,0.31038106789609327,0,0.0,0
13208,29.9920082422586,4,3,1.9386345008872965,3,1.0000157986039042,0,0.0,0
13209,65.05872773727197,2,3,22.10320927502545,7,1.0001222119772395,0,0.0,0
13210,32.06095438456255,4,6,12.643322055942544,6,0.8965989295262814,0,0.0,0
13211,49.835559842253716,3,6,5.721857245862112,6,0.7286581896409998,0,0.0,0
13212,49.5136930474478,4,4,2.6740512450253053,7,0.10523016629072346,0,0.0,0
13213,15.88281734414046,1,5,7.986787845520362,3,0.4526863891208961,0,0.0,0
13214,39.943420505966124,4,6,17.712565266739947,7,1.000538012832207,0,0.0,0
13215,22.56938036243748,2,1,2.3840339597907843,7,0.8714580661233468,0,0.0,0
13216,50.1805275601354,5,1,18.261035437381924,7,0.999697370759496,0,0.0,0
13217,38.2487691446939,2,3,0.0,4,0.5020653112798406,0,0.0,0
13218,34.237302376475846,2,6,15.224345079516095,7,0.9999381798302016,0,0.0,0
13219,54.749671790687074,4,1,19.99652723132962,3,0.5319122822037992,0,0.0,0
13220,63.28581220425921,1,3,6.183491174472275,4,0.5008451417948274,0,0.0,0
13221,27.074391356373894,5,1,16.333064490048336,2,0.9543159233219127,0,0.0,0
13222,51.34965800201251,3,3,18.497566463314232,2,0.9998255040802124,0,0.0,0
13223,31.78291937041335,3,3,5.144709168012235,0,0.5022735112677518,0,0.0,0
13224,23.56184986529209,3,6,0.0,5,0.5220473250204184,0,0.0,0
13225,49.27916379319606,3,6,6.38658112668781,0,0.2640207112225346,0,0.0,0
13226,25.706766502026724,2,2,2.546165027159285,7,0.29331445150296565,0,0.0,0
13227,51.60578677166088,2,3,17.08285075591636,7,0.3889456205776458,0,0.0,0
13228,69.21772436975331,3,5,7.1188905067296755,7,1.0000003870328604,0,0.0,0
13229,57.177201180732354,3,3,2.527698385475059,2,0.6427342321349626,0,0.0,0
13230,55.673376045407934,5,5,7.937714809451597,2,0.9102131611772253,0,0.0,0
13231,62.35434251454043,2,3,4.170763368276626,7,0.9993596863939369,0,0.0,0
13232,47.79222770181295,3,2,14.11872733502394,3,0.9999592785776401,0,0.0,0
13233,46.616513567975865,1,6,20.551854165643256,7,0.7568945291686467,0,0.0,0
13234,30.899059622268446,2,1,0.4866270690130907,3,0.246389335255845,0,0.0,0
13235,24.75503698978853,3,1,0.65244137517419,7,0.39492947143810836,0,0.0,0
13236,67.27424625148166,2,3,17.744910477676868,4,0.3984117586825967,0,0.0,0
13237,48.30842259793294,3,2,11.423127201148018,3,0.4856960045690333,0,0.0,0
13238,25.31324402788256,2,6,1.7435156494127213,5,0.6950153808082757,1,65343.28545410151,1
13239,22.25680789210476,6,3,9.246362279502657,1,0.1457825923195445,0,0.0,0
13240,20.05168393855684,2,2,8.587640596390678,1,0.7178500085211135,0,0.0,0
13241,44.20710319168059,4,3,7.752357613790318,7,0.7521359632799733,0,0.0,0
13242,43.425278338272804,3,6,10.712275089133259,6,0.6060862013260773,0,0.0,0
13243,64.56558412912568,2,4,17.239117144101755,6,0.46813911295624266,0,0.0,0
13244,48.08303496341635,6,6,15.522813291513778,5,0.9998132364522779,0,0.0,0
13245,23.680091318032765,2,1,3.1727212510606115,3,0.4463437255270162,0,0.0,0
13246,36.507403939005854,3,3,12.914689481776866,1,1.0004908653287097,0,0.0,0
13247,28.369186202268818,2,1,11.178829379084036,3,0.45175453955763645,0,0.0,0
13248,31.111776359037734,3,1,13.626440331302874,2,0.9993546848718187,0,0.0,0
13249,48.2608354932652,1,3,6.6123841320368495,2,0.404653371803311,0,0.0,0
13250,51.38551197672509,5,1,0.0,4,0.4669433339442419,0,0.0,0
13251,55.33624739159625,3,1,10.504636987490443,5,0.49568184549498995,0,0.0,0
13252,49.336275645269374,4,3,10.656745412056324,7,1.0004968069501998,0,0.0,0
13253,27.286996610849087,2,6,8.477272909480853,6,0.7811751459031118,0,0.0,0
13254,54.29899177720847,2,6,2.1560173334162833,1,0.5281588140457547,0,0.0,0
13255,34.152336540879325,4,3,21.57622185368234,4,1.000218403318932,0,0.0,0
13256,44.84624961720071,4,3,5.45508815097205,7,0.28635923712171346,0,0.0,0
13257,46.54471485463864,3,6,19.241950642114453,1,0.9913238146720078,0,0.0,0
13258,35.07534833316589,1,4,27.022689524130357,3,0.0002083035050585158,0,0.0,0
13259,54.73129309068388,2,4,20.00679016044706,7,0.9996315067969082,0,0.0,0
13260,58.875803292717734,2,6,1.7716632262053018,6,0.729005311669672,0,0.0,0
13261,38.56189426878809,4,3,11.460750116509324,7,0.9995889649774511,0,0.0,0
13262,43.730631083483026,3,1,15.169978007645424,3,0.0,0,0.0,0
13263,46.888571475301376,4,3,14.69539259066845,7,1.0001976631863105,0,0.0,0
13264,43.467128821147114,5,1,8.693941403451042,2,0.18230645273769297,0,0.0,0
13265,39.52164259846121,1,4,8.901208732376467,5,0.2657982478340539,0,0.0,0
13266,41.90702531450432,2,6,17.08271504875889,7,0.6842833582051356,0,0.0,0
13267,60.59133984850925,1,3,4.202720445728669,0,0.05584739497111779,0,0.0,0
13268,51.12436424230759,4,6,16.477214942681307,4,0.19221643172834096,0,0.0,0
13269,27.148555201395794,1,6,17.236867986031864,7,0.6912260570817038,0,0.0,0
13270,58.248137862037396,1,5,15.52282892784911,0,0.43883439475823627,0,0.0,0
13271,54.134526417005475,0,6,17.078023140423028,5,1.000116493312532,0,0.0,0
13272,23.11125497755134,2,2,12.684746617292868,1,0.6778073018355724,0,0.0,0
13273,66.38046499669746,3,3,10.294084646670152,4,0.39831337466077876,0,0.0,0
13274,41.114749387115,3,6,18.47742319300554,2,0.9998691319880109,0,0.0,0
13275,36.006241248780164,1,5,9.709272253526235,2,1.0166047436215953,0,0.0,0
13276,48.7486611558204,3,3,1.913156688556235,1,0.62597115131935,0,0.0,0
13277,48.79885106248529,2,6,18.900447449680982,7,0.573756566121615,0,0.0,0
13278,64.47470846114302,6,3,3.702222550387651,4,1.000445281737567,0,0.0,0
13279,41.02696537111904,4,6,14.050963248015835,2,0.2813665977642729,0,0.0,0
13280,53.895982831628686,3,3,9.0453047419275,2,0.49945821513316413,0,0.0,0
13281,29.189256461524288,3,2,1.5224859247718268,7,0.9816287787713336,0,0.0,0
13282,40.432082968700826,2,2,16.913345728158887,7,0.36269232715037036,0,0.0,0
13283,50.33187159862187,3,6,22.94727521062062,2,0.9193669912762886,0,0.0,0
13284,25.300701312143328,6,3,0.0,2,0.9999327772294622,0,0.0,0
13285,40.645440293044665,5,1,9.051504126625332,4,0.9996871609022883,0,0.0,0
13286,50.05185822876442,1,1,8.51908245042965,7,0.9738706773270492,0,0.0,0
13287,56.490385874995695,4,4,9.681345565166668,7,1.0003213603204333,0,0.0,0
13288,33.47643724563176,5,3,10.009471295908352,1,0.5290519039596412,0,0.0,0
13289,57.473005598286896,2,1,20.00464433423035,4,0.062298476767180366,0,0.0,0
13290,52.82835663315679,4,6,6.432105458023102,6,0.7964296094126875,0,0.0,0
13291,33.01738587703048,4,1,8.104206052352371,6,0.674761181770289,0,0.0,0
13292,35.218715116307536,2,1,3.3330222518394113,4,0.952402382022732,0,0.0,0
13293,48.33338031853526,1,3,14.272852043159437,2,0.9353864074075737,0,0.0,0
13294,40.294689589353126,2,3,9.96880605102831,2,0.400191300011069,0,0.0,0
13295,25.68431144627184,5,3,12.030456673443357,4,0.6759241360563619,0,0.0,0
13296,37.196217746281405,3,3,6.406565783901198,3,0.9427330717883291,0,0.0,0
13297,35.47137542654101,4,6,12.226664034211618,2,0.07342892288688097,0,0.0,0
13298,31.428763956078345,4,3,8.47458494170754,1,0.9996077342183405,0,0.0,0
13299,32.518242745365846,7,4,8.544807606675684,7,1.000517717736762,0,0.0,0
13300,40.58605455453334,2,3,14.702181113768608,4,0.4992686122978124,0,0.0,0
13301,57.24786998590095,3,3,8.931835239750882,7,1.000397122912172,0,0.0,0
13302,59.053317930807765,3,4,4.244283493694026,4,0.9551433622424055,0,0.0,0
13303,43.419453700832115,4,1,9.899776451093778,7,0.40488296921890293,0,0.0,0
13304,34.11892294521275,2,6,16.236613369226166,7,0.9998264747413816,0,0.0,0
13305,55.037510846190955,5,6,13.130195185875314,3,1.000490324735502,0,0.0,0
13306,43.174497201721074,4,1,18.224124878366005,1,1.0002015675126572,0,0.0,0
13307,24.8171874963728,2,4,10.499803125893834,6,0.7317872606387431,0,0.0,0
13308,24.435214439701664,5,2,11.396908766931615,5,0.2526712133552474,0,0.0,0
13309,39.527926560830934,3,3,1.9420935664791052,7,1.0002814128651811,0,0.0,0
13310,50.12197281732049,6,3,11.03661266694664,4,0.9500239677918009,0,0.0,0
13311,55.22538257751182,4,3,0.3895414715988199,7,0.999525027409949,0,0.0,0
13312,42.405526156061896,3,3,14.084330312875124,1,0.9999753610628224,0,0.0,0
13313,52.289048650384245,3,4,19.53369188232997,4,0.0411661560407901,0,0.0,0
13314,48.479126272463006,4,4,0.723804260065938,7,0.39766052201833835,0,0.0,0
13315,36.506936421939606,3,6,15.282692620281107,7,0.9997051533315406,0,0.0,0
13316,49.63687774299764,3,5,2.4227775425442193,5,0.49647098731668127,0,0.0,0
13317,17.654303791062706,2,6,12.308856830604828,1,0.978382483143352,0,0.0,0
13318,40.495885926108485,5,3,8.827788627657988,4,0.03741817627034283,0,0.0,0
13319,60.862772943548734,5,6,0.6639891982511088,5,0.4812255039362362,0,0.0,0
13320,59.59803388621452,3,0,20.009647279282774,1,1.0000778177765808,0,0.0,0
13321,41.00365247161027,6,2,10.500629558828571,1,1.0625959895405324,0,0.0,0
13322,33.231777658719,4,4,12.520310457543014,2,0.0,0,0.0,0
13323,58.03248205011881,5,3,11.31635962619499,0,0.49719008653655505,0,0.0,0
13324,48.59631301200201,4,3,3.9432279202073914,2,0.1794771959109911,0,0.0,0
13325,45.624499474774275,2,6,11.572772983787546,4,0.5389386534169969,0,0.0,0
13326,50.22247630002108,0,3,4.691663993349778,2,0.0,0,0.0,0
13327,47.39020675529985,4,4,19.994677931566727,1,1.000085726797375,0,0.0,0
13328,34.56235127827828,4,2,12.477492262707058,7,1.0002976574588867,0,0.0,0
13329,43.94341026830822,3,2,11.533096041835165,7,1.0002939790422964,0,0.0,0
13330,35.76543559580175,3,6,16.525446002409936,0,0.6486668522169455,0,0.0,0
13331,53.3540443329965,1,3,6.875231194464573,1,0.5004770776362105,0,0.0,0
13332,33.896175314957624,1,3,17.429633623454688,6,0.37068196914394025,0,0.0,0
13333,49.41706396749535,3,2,8.666782863163522,4,0.9999578210519875,0,0.0,0
13334,50.8132051910638,3,4,16.26596482173021,2,1.0000012986957114,0,0.0,0
13335,44.01698049374815,3,3,7.842587928790251,3,1.0001869158622645,0,0.0,0
13336,26.98591183002121,4,2,20.584344310346363,1,0.8688751761186306,0,0.0,0
13337,49.93472420813793,3,2,11.063481703780829,7,0.9748144616814703,0,0.0,0
13338,39.52926425625464,4,3,17.788515921313312,3,0.49831663152560246,0,0.0,0
13339,27.23682287954289,3,3,17.36417428336158,5,0.895797134234303,0,0.0,0
13340,43.048736015387185,6,3,12.795523388935036,2,0.9996078584569692,0,0.0,0
13341,11.517515438297007,6,3,4.5577177902125605,1,0.21283974656964333,0,0.0,0
13342,41.544116287900934,4,4,20.004294497213664,3,0.49457348913634436,0,0.0,0
13343,17.514727762390194,5,3,0.0,1,0.0,0,0.0,0
13344,49.441034582432486,2,6,14.427872994001016,7,0.9996389764551058,0,0.0,0
13345,50.0966353975026,2,2,13.604119169940656,7,0.06269215475922885,0,0.0,0
13346,80.61375804644621,2,3,1.9900171243071387,7,1.0004572267655676,0,0.0,0
13347,39.841436233999794,4,6,11.328855189502642,7,0.6545716193935781,0,0.0,0
13348,45.332995867921646,4,3,7.299902787446662,6,0.9998841136114693,0,0.0,0
13349,57.33947968423658,4,3,9.43963145675048,3,1.0007972789118655,0,0.0,0
13350,28.58283086209034,2,1,11.526243014981318,7,0.9132374202915463,0,0.0,0
13351,27.566732378035066,4,6,6.349607186838,7,0.39431186694339015,0,0.0,0
13352,62.290139244924895,5,2,12.084139593553843,5,0.5025133707645373,0,0.0,0
13353,47.54786189458894,4,3,19.218873769577595,0,0.9999330159410746,0,0.0,0
13354,49.367723299326975,2,2,6.408019624024842,2,0.39145172033568626,0,0.0,0
13355,55.24027574125094,4,3,11.914953167058101,4,0.99950355429359,0,0.0,0
13356,31.651031996621697,4,1,20.007451831016226,6,0.34481088754601386,0,0.0,0
13357,48.528133940619334,5,6,16.51074488287839,4,0.923434095356228,0,0.0,0
13358,43.22488163422379,4,3,2.330952070237675,7,0.999987734888185,0,0.0,0
13359,33.27859657652539,2,3,11.524546947700912,7,0.08117828785703474,0,0.0,0
13360,36.16569115341454,2,7,4.601791011055505,1,0.4807576837403128,0,0.0,0
13361,41.80049773536509,3,1,14.051702317782768,5,0.9997447924673792,0,0.0,0
13362,42.1403410016697,0,1,4.976305131648455,3,0.3767559820808445,0,0.0,0
13363,35.867270462814425,2,4,20.01411615599764,1,1.000760380000645,0,0.0,0
13364,34.09977841599893,2,4,8.330671033253356,6,0.248903679097282,0,0.0,0
13365,38.12687463303001,1,3,20.001890071013975,1,0.6298082658735406,0,0.0,0
13366,57.7616970556401,3,1,8.455773255936649,7,0.9998344422109977,0,0.0,0
13367,58.5157051204728,5,6,12.569763974507678,7,1.0002185031803523,0,0.0,0
13368,55.2492765294206,1,2,5.692158253526341,7,1.0000914572546433,0,0.0,0
13369,41.46930338167776,2,4,2.3232524704213535,7,0.9449632201002914,0,0.0,0
13370,48.14672062775836,2,2,19.993526728285126,1,0.9241037497233441,0,0.0,0
13371,51.31187494709905,3,3,16.639156443397347,7,0.9999588960473857,0,0.0,0
13372,42.92194378024302,3,4,23.75454891416056,2,0.17602526342112745,0,0.0,0
13373,32.14934334867907,1,3,13.121914416782527,2,1.000133727998104,0,0.0,0
13374,65.28724808661288,3,5,2.1834180202352744,7,0.9998759124534111,0,0.0,0
13375,25.932617616156435,5,2,10.701080609105926,2,1.0115855930783484,0,0.0,0
13376,59.80629369399884,2,2,12.689546857842963,1,0.3202723691703613,0,0.0,0
13377,64.05319652500569,3,3,17.721259355053693,5,0.18866072506849896,0,0.0,0
13378,24.846718902021554,4,3,9.34655687158296,6,1.0002576325281223,0,0.0,0
13379,35.4046585231497,1,3,1.1014378826699982,2,0.5247369062113707,0,0.0,0
13380,30.61996171731433,3,6,14.519367876302434,2,1.0001905624564094,0,0.0,0
13381,26.54903918299474,3,6,16.174339420285303,4,0.6532579417877961,0,0.0,0
13382,50.834862587523766,2,3,6.067861598574367,3,0.5312137523546212,0,0.0,0
13383,52.25246711473176,3,1,12.590690372634729,3,0.9995538393255781,0,0.0,0
13384,43.82600748609981,3,3,19.99686787468815,4,0.8143334065972396,0,0.0,0
13385,38.38832003003278,2,6,0.0,7,0.5076497449263591,0,0.0,0
13386,61.40594533739524,3,6,11.643271453636642,3,0.2536764559391066,0,0.0,0
13387,18.103259682863854,6,2,9.66046548272233,4,0.6166409846380136,0,0.0,0
13388,37.22034388179292,3,2,9.018163959056661,3,0.5003915585277593,0,0.0,0
13389,34.0360198976449,2,1,9.708852564727941,7,0.9520218202509073,0,0.0,0
13390,28.09366131724004,5,2,9.924325012053998,5,0.17730574826308165,0,0.0,0
13391,60.55636151189102,3,3,4.257981245273693,6,0.5012786928329127,0,0.0,0
13392,71.03338620946845,3,1,15.342048770408756,2,0.23996796564057482,0,0.0,0
13393,24.625921114778613,3,3,7.049470272104871,0,0.27097857775266343,0,0.0,0
13394,58.435755695497434,1,3,13.72000183696591,4,0.5000183888765325,0,0.0,0
13395,51.40476683528311,3,6,15.582898564306738,3,0.9422875747990688,0,0.0,0
13396,37.61378169504429,3,3,20.00285859564178,6,0.5171745686241916,0,0.0,0
13397,40.98760992642636,3,3,4.545512972443621,4,0.0,0,0.0,0
13398,24.10300815275667,3,4,9.18450654480552,1,0.9998168017844746,0,0.0,0
13399,48.8899801199367,2,1,2.3898972966997043,7,0.37697018234550733,0,0.0,0
13400,51.49162087699351,3,2,5.77166101604723,7,1.0005966606938475,0,0.0,0
13401,48.06431950439667,3,6,17.2224813878648,1,0.9587563830738188,0,0.0,0
13402,50.203111792585645,3,4,15.930183849143093,5,0.490796150615162,0,0.0,0
13403,43.540606322925356,4,7,20.00849173790499,1,1.0005350507745256,0,0.0,0
13404,27.539250233098535,2,2,8.098467229174158,5,0.04344281712619835,0,0.0,0
13405,41.82821145703832,2,4,19.518446885266506,7,0.9729004788519351,0,0.0,0
13406,59.291538043886675,2,6,12.428274409387681,0,0.09366457587778032,0,0.0,0
13407,42.990337974220196,3,2,11.971217977865608,7,0.9994591317632892,0,0.0,0
13408,43.913548851249146,3,3,13.200491882443444,7,0.9996710333861041,0,0.0,0
13409,43.17831417148845,3,3,20.005296607761053,1,1.333615769563398,0,0.0,0
13410,40.399353627091315,4,6,13.906483521806617,7,0.9995809380763772,0,0.0,0
13411,37.26692702539044,2,6,21.08538525929124,3,1.0000531016916372,0,0.0,0
13412,35.94423997532404,4,6,19.34901920531715,1,0.6394841443036325,0,0.0,0
13413,17.10249543783026,3,3,9.76899460968636,1,0.6376661519509512,0,0.0,0
13414,22.56633095617845,5,4,19.99045953662965,1,0.9999155789863869,0,0.0,0
13415,35.805951588071295,1,2,12.018146294851034,1,0.543200008968302,0,0.0,0
13416,44.243250704035766,4,6,10.988847696197386,7,1.0000586936661875,0,0.0,0
13417,48.03015260594566,4,6,11.128270229385135,4,0.09953838088618416,0,0.0,0
13418,53.71441444783061,3,2,13.077011673607515,7,0.9996698156300524,0,0.0,0
13419,32.182697124385555,3,4,0.44841045422780645,7,1.0002118443371484,0,0.0,0
13420,42.16386981630937,6,2,12.535186482773303,7,0.5210944194372954,0,0.0,0
13421,29.814492815510363,5,6,10.655198009308616,0,0.9999810485828653,0,0.0,0
13422,48.55214840565823,5,3,12.887432059476305,4,0.49592906266608033,0,0.0,0
13423,50.9581253461981,4,1,0.0,7,1.0001942549164848,0,0.0,0
13424,45.16956952023261,3,3,3.012261487814932,7,1.000148962777855,0,0.0,0
13425,36.35513469255706,4,1,0.0,2,0.5061936104311179,0,0.0,0
13426,30.65500820322459,1,6,12.234039180679737,3,0.5479432205098685,0,0.0,0
13427,47.04063946287058,3,2,18.29077280085301,5,0.12651224553558182,0,0.0,0
13428,43.188135122830936,2,3,16.977939407657036,7,1.0000832209069972,1,1182.2851501258165,1
13429,37.69896017307898,3,6,12.131030726793448,6,0.9427826211666781,0,0.0,0
13430,62.31786060921593,2,3,8.591595820828589,6,0.9994867442246855,0,0.0,0
13431,38.741528863568504,3,3,10.09511935959879,1,0.999217484699477,0,0.0,0
13432,70.58137838789081,6,4,19.871833430741678,7,1.0001248591833423,0,0.0,0
13433,47.484979229142844,3,6,7.366071273101483,7,1.0002160755357181,0,0.0,0
13434,33.31856971091766,3,3,9.991232928045198,1,1.0002351065648794,0,0.0,0
13435,34.47272817724799,2,1,0.7997209432609562,5,0.5003421294703887,0,0.0,0
13436,53.70720269723501,1,3,13.957848775813241,3,1.000126088470712,0,0.0,0
13437,63.04449058263785,5,2,10.832372151839726,7,0.16888423244405726,0,0.0,0
13438,51.45066359036035,4,1,10.931050164334877,5,0.99988003841887,0,0.0,0
13439,56.427627250551645,6,5,2.771800007976161,3,0.9997443516319462,0,0.0,0
13440,26.651653050784848,2,6,7.23497875257309,4,0.8650647325944646,0,0.0,0
13441,53.85155936671345,3,3,9.407297247421885,4,0.49702599666200187,0,0.0,0
13442,54.212007411111166,6,1,0.0,3,0.9998098260522637,0,0.0,0
13443,35.162214876525084,4,2,3.211136822677017,6,0.27835428702173803,0,0.0,0
13444,29.994934966801726,4,3,20.123105581967977,6,0.3160334394856749,0,0.0,0
13445,46.140390590291304,4,3,18.725054222918608,1,0.4970110118537113,0,0.0,0
13446,37.544578413001034,3,1,11.957547027593568,7,1.000493844748874,0,0.0,0
13447,36.096113132340456,3,1,19.607936136736022,6,0.9994367741525813,0,0.0,0
13448,42.31146911780034,3,2,18.933867749283525,2,0.9997810990201907,0,0.0,0
13449,38.46001111869106,1,3,9.718094806798995,4,0.9778451220986867,0,0.0,0
13450,40.71587192845143,2,2,6.246314471944076,7,0.9996922701760595,0,0.0,0
13451,49.663767824210744,3,5,7.148022296309527,3,0.9322588875631685,0,0.0,0
13452,41.19209700219665,3,2,7.573502016698287,1,0.4688914105387586,0,0.0,0
13453,45.634933064248436,4,1,7.66635734589156,7,0.4655384865979928,0,0.0,0
13454,50.32667970377404,1,4,0.0,8,0.8971270875763796,0,0.0,0
13455,30.64319511647802,4,1,4.339456485033347,5,0.44763824443988465,0,0.0,0
13456,56.572869890094694,5,6,10.051850960758852,6,0.8553082882685128,0,0.0,0
13457,60.08189910910676,1,1,8.138245504965585,7,0.4636770507621577,0,0.0,0
13458,44.36504265371426,3,1,10.027273609478577,6,1.0002982235083615,0,0.0,0
13459,53.996356980046386,5,6,18.6390857990135,4,0.6844581735114498,0,0.0,0
13460,39.699925580455705,3,3,14.327041076226118,7,1.0001222506049297,0,0.0,0
13461,37.30247684928296,4,6,7.741715533887847,4,0.5832642368845763,0,0.0,0
13462,30.84701531228854,3,3,7.9020667360704735,4,0.1886796016043678,0,0.0,0
13463,44.758156698094275,2,2,7.318364693940284,2,0.4724607506154359,0,0.0,0
13464,21.5782072115209,2,1,5.61226240399812,5,0.999741529406311,0,0.0,0
13465,51.73400587760767,2,3,10.187620418897975,3,1.0006078406846037,0,0.0,0
13466,56.23294438358255,3,2,2.16165188303904,7,1.2222323863683044,0,0.0,0
13467,54.12356914687587,3,3,0.0,2,1.000049755344908,0,0.0,0
13468,33.05810768771468,2,6,15.317963950613805,1,1.0709071362710847,0,0.0,0
13469,42.277111734919174,1,3,0.0,1,0.9996847656935746,0,0.0,0
13470,47.659564040151736,2,2,20.000506856609004,1,0.7327494122296412,0,0.0,0
13471,45.52978650047235,3,3,10.824281749010991,2,0.5560133663240218,0,0.0,0
13472,43.70050631413088,4,1,4.64380239293377,7,0.5924205954086218,0,0.0,0
13473,40.018305736134145,1,5,8.096542933242672,1,0.0,0,0.0,0
13474,21.071615979540244,3,5,5.233886795950335,1,0.2124544373209118,0,0.0,0
13475,46.9499881448942,3,3,2.4840188276265422,7,0.0,0,0.0,0
13476,56.15700662508393,2,6,17.806387922336057,1,1.007081575118678,0,0.0,0
13477,59.00769737706953,3,4,19.999618170202005,1,0.31999973140895027,0,0.0,0
13478,38.476420252616485,4,6,7.183530043560592,4,0.9995937016342172,0,0.0,0
13479,37.650101429251464,0,1,20.463014045918456,7,1.000301591358605,0,0.0,0
13480,42.17127550136272,3,1,12.343521810033392,2,0.3488805587515018,0,0.0,0
13481,22.108588474228767,4,3,8.152693874916688,1,0.9999669693954902,0,0.0,0
13482,69.36401957877602,3,4,19.987702797817903,3,0.49829476195365185,0,0.0,0
13483,66.7506436255338,3,3,0.0,6,0.5048491277823626,0,0.0,0
13484,60.62730828672889,3,2,6.897608055684399,7,1.0000216675262952,0,0.0,0
13485,31.39863722812799,3,3,15.003006886659703,2,0.36175362224709673,0,0.0,0
13486,21.220072644563412,3,3,7.8718653934679175,1,0.448716841529608,0,0.0,0
13487,37.562578592984934,2,1,5.5035617231585565,2,0.10460173683852458,0,0.0,0
13488,36.06678868320732,2,3,18.04788854331087,3,0.4833186859850327,0,0.0,0
13489,41.6428918219804,2,3,5.625063301859141,1,0.9248636780456461,0,0.0,0
13490,16.970970148155818,4,3,11.386420035043011,3,0.9239420679958491,0,0.0,0
13491,31.53159802779527,4,6,13.174864979855268,7,0.33690925679217804,0,0.0,0
13492,72.14141116414802,5,1,0.0,4,0.9383044183265776,0,0.0,0
13493,48.245399243286094,1,6,16.712773105521375,2,0.9838343932339764,0,0.0,0
13494,46.32252327743429,3,6,0.0,4,1.0003073924266972,0,0.0,0
13495,51.86771447023827,4,4,8.39738401865181,5,0.7498637491640787,0,0.0,0
13496,46.09761728718687,3,1,14.949690498584973,7,0.5078315865535901,0,0.0,0
13497,20.210876115306494,3,4,7.618496654680211,7,0.17787208942476174,0,0.0,0
13498,60.68285222729467,3,7,13.277716948328596,3,1.000354234144707,0,0.0,0
13499,33.56141905299573,3,3,19.34852196864015,7,0.3860126679078189,0,0.0,0
13500,60.9949308965065,3,4,19.997785280772,7,0.9167518650359202,0,0.0,0
13501,20.064528604116553,4,4,11.611976461253212,6,0.9402484616307514,0,0.0,0
13502,53.28445186284808,2,3,0.0,2,0.499687672659371,0,0.0,0
13503,21.775702882329487,4,6,8.061771274011669,2,0.724399847386154,0,0.0,0
13504,53.11187731316583,2,3,5.185575023073302,5,0.9691948840453075,0,0.0,0
13505,24.382886652139053,0,6,10.798500194181079,7,0.12062692830649635,0,0.0,0
13506,30.264775628062885,3,4,10.589511337388213,6,0.39838866755191155,0,0.0,0
13507,47.77131082986929,3,1,22.870046644277856,7,1.000224852167258,0,0.0,0
13508,52.48055151167487,1,5,7.5395379174111525,5,0.5422182214366364,0,0.0,0
13509,58.86457620684824,3,1,8.618657540265033,0,1.0000704763228616,0,0.0,0
13510,21.309113175098013,3,6,6.229011853022769,2,0.5286044270734128,0,0.0,0
13511,47.0575929033691,2,3,8.962058490761109,3,0.9999613517542676,0,0.0,0
13512,53.79705483769535,4,1,12.826468847714061,7,0.9997614685132985,0,0.0,0
13513,30.746128697144464,5,2,0.13837687151341704,6,0.3189991663117378,0,0.0,0
13514,27.486595286466965,3,2,5.474829955295818,4,0.0,0,0.0,0
13515,53.305017331481906,3,1,16.207680753990452,7,0.9996597702755721,0,0.0,0
13516,34.45236170565954,2,2,17.526585341955595,4,0.053913780277896284,0,0.0,0
13517,55.15894756128536,3,5,9.73492540090643,1,0.22428712470455914,0,0.0,0
13518,56.24903728022426,3,1,9.685359095718233,7,0.9998947572088559,0,0.0,0
13519,25.271878907047125,4,6,10.3798167095519,5,0.6819693173658952,0,0.0,0
13520,46.586792018888836,3,6,6.527979352816012,3,0.4939170203199343,0,0.0,0
13521,55.05551833281458,3,3,10.205185846235748,4,0.28828650821575236,0,0.0,0
13522,59.50264733397619,0,3,10.891282022233023,7,1.0003523560490093,0,0.0,0
13523,37.2456724994897,4,3,5.613687683382751,2,0.6458423845323,0,0.0,0
13524,42.00112726533282,3,3,0.0,3,0.994870938756703,0,0.0,0
13525,50.47474315204972,3,4,9.030569696521296,5,0.9513396828002336,0,0.0,0
13526,27.342997838940676,4,6,11.369594806433703,0,0.8827433490929238,0,0.0,0
13527,62.55659583636432,1,3,26.54616157973981,3,1.000334025833559,0,0.0,0
13528,33.12516738908446,3,3,0.8228382493255335,1,0.9998395409874383,0,0.0,0
13529,29.935958053496478,2,1,2.091222110899496,1,0.34029215522998424,0,0.0,0
13530,38.144209692969255,3,3,0.0,7,1.000465736525421,0,0.0,0
13531,52.15389299508227,4,2,11.431975477463983,4,0.9673764339210317,0,0.0,0
13532,44.20718771083297,3,3,14.395279493810815,7,0.11948198868205306,0,0.0,0
13533,26.868226118619816,3,2,0.6912806319289508,4,0.3337956850277078,0,0.0,0
13534,44.834404608645784,1,4,8.94543090244196,4,0.0004814358979119415,0,0.0,0
13535,68.82630024299733,4,4,19.017278086817516,7,0.999935111967881,0,0.0,0
13536,29.885883406930667,3,5,6.130854350520828,1,0.1746410010914763,0,0.0,0
13537,52.41270819797734,3,4,20.004183677699178,3,0.9994740317044365,0,0.0,0
13538,31.329433204062195,2,5,1.585783515994727,6,0.9575541380426882,0,0.0,0
13539,25.861850604760118,2,3,10.84019962134868,3,0.19033944050444496,0,0.0,0
13540,34.90123028158989,3,2,10.410520376934171,1,0.707291344769211,0,0.0,0
13541,51.134635171903696,4,2,4.927655415691598,7,0.08735786998505046,0,0.0,0
13542,32.75035918352787,3,6,15.535950418381255,1,1.0004477517010477,0,0.0,0
13543,36.473225526393975,3,1,11.71815967060002,1,0.3131608131681595,0,0.0,0
13544,45.73237443689043,3,3,14.925076742882391,3,0.4969300969952698,0,0.0,0
13545,50.62603691932914,4,3,3.5778302648373668,7,0.9997721607810695,0,0.0,0
13546,13.36683397372811,3,5,18.6712746409133,7,0.45982656096199803,0,0.0,0
13547,37.63636233162011,2,6,13.414686822582347,1,1.0416519549014784,0,0.0,0
13548,69.04207947766201,3,3,14.540954970025865,1,1.000036142650214,0,0.0,0
13549,26.60638050313353,2,3,16.79090013975523,1,1.0006495440090153,0,0.0,0
13550,44.38519495206379,2,6,7.846161398817303,7,0.9998242174904048,0,0.0,0
13551,29.771973297285214,5,1,1.6714547501870314,2,0.0,0,0.0,0
13552,32.80058422684711,5,3,19.778770959926973,1,0.7658926943604515,0,0.0,0
13553,14.495516885076771,2,1,14.545742092493473,4,0.999807633958194,0,0.0,0
13554,53.178231344082846,1,3,3.1477955271894107,2,0.15570885380636768,0,0.0,0
13555,47.921061923210104,5,3,14.641403956756776,7,0.9997272075225492,0,0.0,0
13556,55.313289887694914,2,3,12.13280324882616,1,0.8763194960828651,0,0.0,0
13557,64.19598275098828,2,3,16.461574528344066,7,0.9998187870113054,0,0.0,0
13558,52.21971858650875,5,6,3.280971152790687,2,0.22620261006027675,0,0.0,0
13559,57.20859322672577,3,3,17.290799882398062,2,0.9845693177970236,0,0.0,0
13560,60.56205559577242,4,5,36.00353308278279,7,1.0000042633265251,0,0.0,0
13561,55.026814754709456,2,4,19.999870197526405,1,0.9996619128444544,0,0.0,0
13562,23.83131784389778,4,7,2.1962831314185713,8,0.0,0,0.0,0
13563,34.0135652946461,2,3,0.0,2,0.99997560503576,0,0.0,0
13564,62.789190400130906,4,6,13.409353487920466,7,1.0000248933526807,0,0.0,0
13565,49.05615683646715,3,3,18.269306261372705,6,0.4980024080783417,0,0.0,0
13566,44.48927309342647,3,2,19.999556833374264,1,1.000101052085335,0,0.0,0
13567,43.93836167048594,1,3,6.71576037551068,7,1.0001700322536882,0,0.0,0
13568,32.08313899753746,3,5,16.567238871547683,2,1.0005869204640478,0,0.0,0
13569,36.9324722188928,2,4,20.000404522989783,2,1.0003870921631157,0,0.0,0
13570,39.125403748944066,4,2,10.5711779506989,7,0.9998178614566317,0,0.0,0
13571,51.53130574425047,3,1,3.9336824058959534,7,0.9992238522752499,0,0.0,0
13572,46.490790707296945,4,3,22.838381013328984,1,0.4978201145800615,0,0.0,0
13573,22.35325423714218,2,1,11.40886964813075,1,0.6081364243642923,0,0.0,0
13574,70.3471521269419,3,3,9.381671369646266,7,1.0002537442180648,0,0.0,0
13575,34.34459799258886,3,2,6.192456231573175,1,0.1785915662597778,0,0.0,0
13576,34.340849431119864,2,4,9.6038218476293,4,1.052257772769667,0,0.0,0
13577,50.27881936252597,2,1,18.08574250957146,7,0.40591705957052493,0,0.0,0
13578,39.12383067747135,3,4,4.230326029851754,6,0.1679781693448399,0,0.0,0
13579,49.929461471467654,3,4,20.002471799760936,7,0.9075245134251222,0,0.0,0
13580,54.904368084236474,4,5,11.565266748106106,1,1.326610948867442,0,0.0,0
13581,43.376145790355125,3,5,13.567498211614947,7,0.9997509895564255,0,0.0,0
13582,29.468771439208574,2,6,10.974084682558356,4,0.9537663594597194,0,0.0,0
13583,46.11424166740069,4,3,18.18453839052897,7,1.0000418696663467,0,0.0,0
13584,33.1233129076184,2,1,4.778722125006748,4,0.9990495729119476,0,0.0,0
13585,22.97607168801808,3,6,9.482992644096175,4,1.0222774372366206,0,0.0,0
13586,37.58704331880128,2,1,20.00506239357232,1,0.9993408712749063,0,0.0,0
13587,38.18022948329602,2,1,5.974346420536493,1,0.7346145082642717,0,0.0,0
13588,61.145232836476914,2,3,0.0,5,0.5890719385100001,0,0.0,0
13589,46.38586453304626,2,1,0.0,1,0.349811541611878,0,0.0,0
13590,44.92772676865438,4,7,2.715671246826558,7,0.7183452778488618,0,0.0,0
13591,35.349838727111546,2,6,2.4443024862626324,4,0.6513301812589277,0,0.0,0
13592,45.81090043298097,3,3,18.432863093905215,1,0.9995860268370764,0,0.0,0
13593,34.00582833367507,5,6,11.195640424487175,4,0.9998456043373394,0,0.0,0
13594,53.06088939550442,3,4,0.0,2,0.5053691105775487,0,0.0,0
13595,23.948292923398316,4,2,10.600929247674951,4,0.0,0,0.0,0
13596,25.897258457560856,2,6,9.337357264469055,2,0.5178807233909203,1,18396.87066627096,1
13597,73.44579476120876,6,3,13.906625255119494,1,0.7288837925390969,0,0.0,0
13598,46.5938484599187,3,1,4.398847986562303,4,0.9569397515384683,0,0.0,0
13599,22.19443341551725,2,5,16.26005584214677,1,0.5028755684999678,0,0.0,0
13600,29.092684240630867,3,1,9.095524516251276,3,1.0004701445328106,0,0.0,0
13601,37.606577758091824,5,1,12.021731385160402,0,0.27329126096085077,0,0.0,0
13602,55.70708450911238,4,1,0.0,7,0.9976489533214121,0,0.0,0
13603,30.902235774051587,2,3,1.049776625854662,3,0.39062523012323114,0,0.0,0
13604,75.77159735165594,2,3,11.208521771448371,4,0.5002155304426457,0,0.0,0
13605,30.14286050519299,3,1,22.603088287846628,7,0.9547046548946276,0,0.0,0
13606,33.38305112783213,2,6,4.062580187705218,1,0.9203478223802959,0,0.0,0
13607,49.81790450109816,3,3,15.822451001890299,7,0.9998802495127613,0,0.0,0
13608,47.9584897347576,4,2,13.507478831067797,5,0.6226655377196402,0,0.0,0
13609,66.90786532600464,3,6,12.901031704990963,4,0.3389640866050446,0,0.0,0
13610,60.03847546032851,1,5,15.307237671067698,1,0.5179808418956566,0,0.0,0
13611,39.443205551043505,1,4,19.998863296000263,1,0.8602506133239888,0,0.0,0
13612,58.71298738734649,0,3,8.008565461363983,7,0.4372785978044567,0,0.0,0
13613,43.67831751366026,3,3,20.00171116777264,2,0.47880387040637107,0,0.0,0
13614,41.898083234552864,1,3,5.716232624237784,3,0.4648978429428743,0,0.0,0
13615,40.89156149353464,4,1,10.958855627903707,4,0.5014384002673924,0,0.0,0
13616,76.80988108609856,2,4,3.7176175712134096,4,0.34998211521564104,0,0.0,0
13617,55.668518916173056,2,4,13.266548629575734,7,0.999864097879442,0,0.0,0
13618,50.50068663913507,2,6,13.531508353328967,5,0.9999364559036701,0,0.0,0
13619,31.104476995500185,4,4,20.014883606491033,1,0.9995808387613883,0,0.0,0
13620,59.99162055494569,3,2,12.620902662359958,6,0.31004544017337293,0,0.0,0
13621,54.75912839785239,4,1,16.891508868299525,7,0.9536655166104728,0,0.0,0
13622,30.834016022182695,2,6,10.369741059980685,7,0.9999168808283001,0,0.0,0
13623,45.61542173829939,1,6,12.798437786053842,6,0.9998913164739326,0,0.0,0
13624,19.354095313249108,2,3,12.531085984979871,5,0.2731852696061713,0,0.0,0
13625,52.12451584622116,2,6,11.894344055763392,2,0.37274103671898734,0,0.0,0
13626,54.66671197448268,3,2,7.1874454404476245,5,0.9999561133136379,0,0.0,0
13627,34.73068579364843,4,2,21.444186033201895,3,0.21324837147766434,0,0.0,0
13628,58.20901998790581,3,3,14.018360135543471,5,0.9998561034450963,0,0.0,0
13629,44.2111677959234,4,3,19.954636796943078,4,0.4998727095587202,0,0.0,0
13630,42.341013877035365,2,1,20.008149596480713,5,0.9394467804376655,0,0.0,0
13631,24.81160690459255,3,1,6.293352662816075,6,0.999854312966501,0,0.0,0
13632,42.36760386743556,2,3,1.5171467448518108,1,0.8978652067297591,0,0.0,0
13633,30.988043384680438,3,1,4.167770927829086,7,1.0001467191585842,0,0.0,0
13634,48.41893170894992,4,3,0.0,3,0.9991419513149846,0,0.0,0
13635,47.115495795987336,2,6,17.97586809888569,1,0.039949746580860035,0,0.0,0
13636,21.122500917652832,5,7,7.973747532227538,1,0.8195090289050478,0,0.0,0
13637,30.32183805894541,4,6,20.005656032878115,1,0.0,0,0.0,0
13638,37.58198043704473,3,3,3.472813232701972,2,0.9571454210310082,0,0.0,0
13639,51.924214057439585,5,3,14.778981990492053,4,0.505677085733753,0,0.0,0
13640,54.84190541465722,3,2,3.129683343866885,4,0.7931186263125649,0,0.0,0
13641,35.7152683746857,2,6,6.1122539128816955,3,0.5976680042545186,0,0.0,0
13642,46.40255730744594,3,3,20.00477161021115,4,0.7756532187932944,0,0.0,0
13643,39.937646852569486,3,2,10.992965016906759,7,0.030778464180326592,0,0.0,0
13644,37.3110655225456,3,6,15.77419696126941,7,1.000319352949736,0,0.0,0
13645,30.618837457199742,2,2,10.591935073756227,6,0.5113602624785083,0,0.0,0
13646,39.16556049464788,1,4,19.98967144075927,7,1.0001059894912046,0,0.0,0
13647,36.037686253867015,4,3,3.1856291312885725,2,0.9999438612284729,0,0.0,0
13648,40.91443117587996,3,3,22.525084324251637,7,0.9997715091652908,0,0.0,0
13649,40.539990863441766,3,3,4.0813686275311225,7,0.5858050330217259,0,0.0,0
13650,57.39171892770082,3,2,6.557023191810677,7,1.0000720695309557,0,0.0,0
13651,48.23697417300986,5,1,18.958999331230228,7,0.9997896241331918,0,0.0,0
13652,53.3178288391458,5,3,10.385035350881145,2,0.8709282692097393,0,0.0,0
13653,36.86307595329967,4,1,7.196137540356935,7,1.0117673778217786,0,0.0,0
13654,20.881930831459112,5,1,3.5716986682019574,5,0.5910944024100626,0,0.0,0
13655,53.22955413588916,2,3,18.220051189052477,2,0.6870610642632294,0,0.0,0
13656,62.19327266851923,3,6,18.63851016951683,2,1.0001982423282725,0,0.0,0
13657,49.5040895598487,3,2,0.0,1,0.01666344669499409,0,0.0,0
13658,25.63940921890048,3,4,12.132106250733274,1,0.6124470015294712,0,0.0,0
13659,23.418649552317,3,3,2.96095274535001,7,1.0000366889051902,0,0.0,0
13660,49.18228102621662,3,6,10.547228660876975,7,1.0002188986938911,0,0.0,0
13661,28.530795822821233,3,5,0.7777459176238644,2,0.0034422362877091217,0,0.0,0
13662,57.575836288127974,5,1,8.563045383958919,2,0.4979179335797347,0,0.0,0
13663,53.74279829256958,2,6,9.231931285932632,7,0.22274690314483103,0,0.0,0
13664,47.641265657539044,4,5,18.936376236052507,4,0.9999627518278105,0,0.0,0
13665,40.30814552042166,7,6,9.595177254937031,7,0.34685387960083003,0,0.0,0
13666,58.27363468248215,3,1,10.793660187306461,0,0.4995258399552281,0,0.0,0
13667,39.81680990147477,3,1,6.337986702640227,4,0.49372361261658126,0,0.0,0
13668,60.02323514490601,2,1,9.343850050903278,0,0.46680786397217333,0,0.0,0
13669,41.002093213878155,3,3,11.215149335119037,2,0.6507358240384851,0,0.0,0
13670,17.668901464808922,4,3,14.450819505135154,4,0.4768390030609363,0,0.0,0
13671,30.868105600725023,4,1,10.132211911670595,2,1.0006483997392184,0,0.0,0
13672,50.58761810219001,2,2,10.276666087281336,2,0.28839447537289653,0,0.0,0
13673,38.04455548512323,3,5,10.267656429080635,7,1.0000153363249658,0,0.0,0
13674,42.095617339391026,5,3,22.601860757029442,5,0.49731063674671655,0,0.0,0
13675,49.40424376518757,4,1,7.467179004319183,7,1.0003594331124528,0,0.0,0
13676,43.47749792393128,1,3,9.67128947136137,2,1.0001142828301564,0,0.0,0
13677,20.281098588145984,4,6,4.626019889694159,1,0.9535487359660605,0,0.0,0
13678,44.78744947703263,3,3,9.984601446264554,4,1.000230345582966,0,0.0,0
13679,47.55763591870394,3,6,0.0,7,0.9992831932477277,0,0.0,0
13680,48.129978049895065,2,6,11.969232442063014,7,1.0001491131915419,0,0.0,0
13681,41.52867757401671,3,3,18.898549475775162,3,0.9994383974810372,0,0.0,0
13682,30.27436158850866,2,5,16.560785155067506,1,0.7301168646525211,0,0.0,0
13683,61.03692090090012,3,3,13.53088675453059,6,0.9268351238778498,0,0.0,0
13684,11.016909257694905,3,4,6.913831939493547,1,0.16250323060956762,0,0.0,0
13685,51.754827316841315,3,1,21.159266687856295,7,0.9997167596642016,0,0.0,0
13686,27.881814257797473,4,2,6.997208354118406,5,0.19704636891828953,0,0.0,0
13687,23.373515510474412,2,3,12.076610193084123,4,0.6428387993846107,0,0.0,0
13688,17.11100811443318,3,4,19.989895619989866,1,0.16662079857288237,0,0.0,0
13689,36.76258662111084,4,6,14.105515281695993,7,1.0146442689092048,0,0.0,0
13690,44.470836765509844,3,6,13.499788877442144,5,0.9997706777655987,0,0.0,0
13691,28.81487833229725,5,3,10.533805453553052,2,0.503462045185986,0,0.0,0
13692,58.53752499202572,2,3,15.06737837435577,7,0.9991196898869488,0,0.0,0
13693,24.426304216333644,5,6,11.94081455951116,2,0.3759139749016312,0,0.0,0
13694,36.31794225652901,5,6,19.995073391717646,1,0.9998295846847566,0,0.0,0
13695,52.80207933624193,5,3,24.05187149027511,7,0.6394579139590941,0,0.0,0
13696,43.43277162943524,5,6,9.535883919359298,6,0.2640521262187953,0,0.0,0
13697,29.50399166474115,4,3,26.22193595113169,5,0.9996701875986476,0,0.0,0
13698,68.41624147138297,3,3,19.991900376500148,4,0.45322022090798003,0,0.0,0
13699,37.84959535245947,4,1,18.283517161214036,4,0.5025936438034997,0,0.0,0
13700,12.463162945984418,4,3,16.626910023849128,7,1.000359362565438,0,0.0,0
13701,31.27858287637749,2,3,26.81608257113443,7,0.06380843165496752,0,0.0,0
13702,37.57716758488053,3,3,12.316418739226652,4,0.4966113868959493,0,0.0,0
13703,49.95179396919943,4,6,9.42584770233129,2,0.602131697825287,0,0.0,0
13704,60.3144696405444,5,5,25.063847741650044,7,0.9991720689071018,0,0.0,0
13705,39.45477520715741,4,2,13.51944593115676,7,0.5996286448620254,0,0.0,0
13706,40.07441101300486,2,6,14.058986033482395,7,0.3573025624839207,0,0.0,0
13707,24.894845050833013,4,1,6.199019786166861,1,0.9999286420203168,0,0.0,0
13708,41.950852726939345,6,5,18.321800482874927,7,0.9733685108766849,0,0.0,0
13709,30.652619604463045,3,1,19.98492717113293,7,0.4840470405889522,0,0.0,0
13710,51.22990743773982,0,6,12.464492826915315,7,0.47827539552595216,0,0.0,0
13711,57.64800301604639,5,5,0.8137205977670572,1,1.0994737062262896,0,0.0,0
13712,61.05499804475943,3,2,18.142864116355415,7,1.0001034790503973,0,0.0,0
13713,74.91116731493767,2,3,9.99310053628152,4,0.43045213923477066,0,0.0,0
13714,40.13309927201594,3,4,8.879585941025212,4,0.3848497214105559,0,0.0,0
13715,47.75713602080461,3,3,10.866974312352024,4,0.49941777959415357,0,0.0,0
13716,52.56995364624797,2,3,1.608405556988604,2,0.58719832725475,0,0.0,0
13717,53.47360435726943,2,1,13.917354847466065,4,1.0000093086972672,0,0.0,0
13718,38.039097563184626,4,3,19.243683125952668,6,1.0000491264334086,0,0.0,0
13719,29.115371955107854,2,2,19.99763052447075,2,0.6040848443695068,0,0.0,0
13720,24.195968652153542,2,1,4.5336183737671885,4,0.6720878434471389,0,0.0,0
13721,34.88150000233504,3,2,11.135776627784367,1,0.3879154496641277,0,0.0,0
13722,12.539581358748244,4,2,19.615831536503975,7,0.25121858120451057,0,0.0,0
13723,36.557584629254656,4,5,3.732350140303625,3,1.0000255639152984,0,0.0,0
13724,26.388055743900807,4,6,21.66540927088213,1,0.9673106828616178,0,0.0,0
13725,54.474413713659395,3,1,2.470429208610101,8,0.5003758210524701,0,0.0,0
13726,61.47345716246516,1,1,6.269226973085354,7,0.9999072634025299,0,0.0,0
13727,17.67114079490997,4,1,7.610510338575427,7,1.0004989216141211,0,0.0,0
13728,55.7870802294115,3,4,15.921827346027346,3,0.5231552681983365,0,0.0,0
13729,44.7386727612404,4,6,8.099343369978742,7,0.8229757988461208,0,0.0,0
13730,41.37410842242471,2,1,1.4333721732411213,2,0.4469913545524513,0,0.0,0
13731,13.711038780945398,2,1,6.288308138355706,6,0.962293098655425,0,0.0,0
13732,46.73200098215435,3,1,8.028538877693602,2,0.5656496017790641,0,0.0,0
13733,60.295459330937966,2,3,14.811386587958381,1,0.9380859026371045,0,0.0,0
13734,41.56607402005603,3,4,20.00486221212131,7,0.9999947592141539,0,0.0,0
13735,51.08012227874622,3,5,18.893860813552568,4,1.0000235738618273,0,0.0,0
13736,54.53454896073616,1,6,10.193811667049479,7,1.0002869233211782,0,0.0,0
13737,30.760757064606914,2,6,6.1392127992796075,5,0.5967406063332363,0,0.0,0
13738,41.57717041967265,1,6,8.175909004661754,6,0.7408593677570515,0,0.0,0
13739,44.462109579876255,1,3,10.48036176020582,7,1.0002575240332294,0,0.0,0
13740,43.26878827152952,2,3,0.0,3,1.0001157385856791,0,0.0,0
13741,47.21410942583595,4,3,0.0,2,0.49197406706058094,0,0.0,0
13742,26.763342196387292,3,6,16.66556981258902,5,1.000494540499541,0,0.0,0
13743,43.18445838708821,0,4,23.318463226031522,1,0.9798131151833169,0,0.0,0
13744,49.97490594251381,3,3,14.793716214811658,5,0.9999205327416898,0,0.0,0
13745,24.375743207032674,3,3,12.596879141005182,7,0.9998722924475343,0,0.0,0
13746,34.57204954222874,3,1,18.339778042320802,5,0.270827406718124,0,0.0,0
13747,31.276836384407652,6,2,5.273523993557684,6,0.41039068896146297,0,0.0,0
13748,48.23011639355031,1,6,2.8914331836958915,7,0.9996261587302819,0,0.0,0
13749,22.592628361985202,1,6,4.041991849972535,4,0.07128436450092324,0,0.0,0
13750,58.19517023234579,4,3,20.988341375421417,7,1.0001347813801007,1,763.7936517070879,1
13751,27.94268256749939,1,3,20.132823963477456,6,0.5315355952664292,0,0.0,0
13752,69.85332240403127,1,3,0.0,5,0.8572644798499754,0,0.0,0
13753,53.31053793454375,3,5,18.696956296072134,7,1.0002040052109984,0,0.0,0
13754,35.00554428755178,2,1,20.004203348070092,0,0.39169700417724584,0,0.0,0
13755,52.117092545217695,1,6,19.672054521468986,4,1.0000062595286714,0,0.0,0
13756,22.743214022917627,6,4,4.852202091044113,7,0.3733584049618198,0,0.0,0
13757,47.02751255071097,2,2,16.994469098032802,1,0.9999046741323234,0,0.0,0
13758,47.1274946802299,2,3,2.618760965095303,7,1.0001297180176099,0,0.0,0
13759,47.03125088307029,3,5,12.344133917196814,1,0.057054044081007116,0,0.0,0
13760,50.21012034591567,4,3,7.859633359512124,1,0.6178864043883018,0,0.0,0
13761,46.12618705826478,2,3,0.0,7,1.0006072176235183,0,0.0,0
13762,42.355024888238425,4,3,15.946610385109409,7,0.9996545594179593,0,0.0,0
13763,52.89754096730793,3,2,8.497556707428174,5,0.38533380103470954,0,0.0,0
13764,26.49095449093364,3,4,20.000480575794384,1,0.5243161824059621,0,0.0,0
13765,47.28106600057268,2,6,9.966988711758955,7,0.9996275048104488,0,0.0,0
13766,64.25940795007128,3,4,3.1652116439886377,4,0.9331325078060189,0,0.0,0
13767,35.215125410600024,2,1,20.003586938383954,3,0.5580203029129935,0,0.0,0
13768,26.513123006572336,4,3,20.007775240800754,1,0.19707048190546833,0,0.0,0
13769,52.237860636460006,3,4,31.305304925105357,7,0.4216691797509943,0,0.0,0
13770,36.7449947944798,4,1,19.663887989403033,7,0.5820164799075591,0,0.0,0
13771,50.72759299248413,3,2,16.51259121168603,1,1.00044826244137,0,0.0,0
13772,44.33114672543842,3,6,10.846142426431392,6,0.5094980981877921,0,0.0,0
13773,44.42774456873275,4,2,12.433776444628032,6,0.6380769518170858,0,0.0,0
13774,40.440166711447134,3,6,11.608840507223471,6,0.9995842281784795,0,0.0,0
13775,60.608634116822216,4,3,13.15828260760009,5,0.5871487200910516,0,0.0,0
13776,29.485171582736438,5,6,8.992220749235955,7,0.9995575247850623,0,0.0,0
13777,26.607456863209364,0,7,0.7481177400089418,4,0.0,0,0.0,0
13778,48.748554512865596,0,1,18.11926149059242,7,1.000215214976544,0,0.0,0
13779,24.09067403626979,3,6,5.917971182891431,2,0.6800600237874213,0,0.0,0
13780,46.07502522732137,3,1,7.6110913635268655,5,0.15616673896244992,0,0.0,0
13781,52.925213743564406,6,4,2.4609689716885867,6,0.02731380685628937,0,0.0,0
13782,46.17062035047573,4,3,11.438156015611707,3,0.9998578334451451,0,0.0,0
13783,31.854066231051142,2,3,2.3866811403519073,3,0.0,0,0.0,0
13784,20.025670535686217,3,5,11.943716605540843,3,0.013616960635195574,0,0.0,0
13785,61.241062263401986,2,3,4.454956056804352,6,1.0003658081159177,0,0.0,0
13786,18.692568111656197,2,4,7.915573843504912,3,0.9997171781072534,0,0.0,0
13787,79.76388525241421,6,3,0.0,3,0.9998497998605835,0,0.0,0
13788,50.399445066479544,5,3,10.337746382088154,4,0.5009362494594481,0,0.0,0
13789,48.566562950799934,4,6,15.513923821617599,1,0.4342011887659243,0,0.0,0
13790,66.62779933003486,4,3,11.283400262357171,2,0.6881242458299881,0,0.0,0
13791,38.64508932902162,3,6,3.7318708372780947,6,0.09696874979436598,0,0.0,0
13792,26.350056994830126,3,3,8.832334619305486,4,0.5433765879720691,0,0.0,0
13793,55.781353195358776,4,2,8.20507197899901,3,0.11161280274028806,0,0.0,0
13794,27.24797501294797,2,2,2.9475732331006252,4,0.3352883064752006,0,0.0,0
13795,27.56466250861027,3,1,19.996788156436914,5,0.8320650056373304,0,0.0,0
13796,52.30595600945942,3,6,13.925203578387551,5,0.9999815335333349,0,0.0,0
13797,51.90820071986226,4,3,4.2521505818183165,7,0.4728553229301485,0,0.0,0
13798,41.533596232591876,1,6,13.961450711767448,3,1.0001238511075834,0,0.0,0
13799,48.3586912446441,1,3,13.389893907022286,5,0.530448970339291,0,0.0,0
13800,48.699655020676275,5,3,2.9438264772064215,0,0.9997857756990628,0,0.0,0
13801,60.219342929885286,4,5,19.12480032287837,3,0.7423931418019878,0,0.0,0
13802,58.01094029314983,1,5,9.270685841858477,6,0.9237144431866117,0,0.0,0
13803,36.415812615279236,3,5,14.370858529422318,1,0.5630873104945426,0,0.0,0
13804,28.5722636426933,3,4,17.086607229290372,2,0.9996057294477003,0,0.0,0
13805,40.075792482086996,3,6,6.164611377040141,3,1.0001374363501039,0,0.0,0
13806,18.04020387523259,4,3,6.947395947354433,0,0.4692497494771174,0,0.0,0
13807,29.00448704858411,4,6,11.97476469079609,1,0.9951930325143488,0,0.0,0
13808,32.96016101472538,4,3,11.920940056329371,7,0.5698077228433146,0,0.0,0
13809,51.18411421671976,2,1,13.571561523496609,2,0.5490770476245973,0,0.0,0
13810,51.382191203645114,3,6,14.811522647448086,2,0.09764349469424394,0,0.0,0
13811,18.350873510354457,3,3,10.504816585209898,4,0.6965221104961058,0,0.0,0
13812,40.274933829681856,6,3,3.045186628127082,2,0.11431311316660675,0,0.0,0
13813,52.3590833325896,2,3,8.660656698624605,1,0.9996316779979426,0,0.0,0
13814,21.9078850543663,3,6,8.74103991633845,2,0.8774448879135357,1,3696.074935431796,1
13815,59.54027107784162,3,4,20.994028898221373,3,1.0682517989746028,0,0.0,0
13816,40.40538687129047,2,5,12.957278584259797,1,0.9628093497042876,0,0.0,0
13817,48.09993359696038,4,6,15.343244373161578,1,0.9863097671796758,0,0.0,0
13818,33.020663362977075,3,5,4.937608405993345,1,1.0782634159113622,0,0.0,0
13819,24.90104659691727,3,0,20.000768193267916,1,0.9999174818710486,0,0.0,0
13820,38.71711549968521,2,3,3.109601631435483,2,0.5793325940405465,0,0.0,0
13821,40.854219596659654,3,3,9.065506105535276,3,0.9999296786527678,0,0.0,0
13822,25.004041738778994,2,2,2.9832961005979612,2,0.2930160741678006,0,0.0,0
13823,50.36164751106297,2,4,10.74337473118917,3,0.41439613532170805,0,0.0,0
13824,24.412540446811928,3,1,11.286659498989838,2,0.4065024675466017,0,0.0,0
13825,31.41629149087925,5,1,9.075898838200803,7,0.6094601527347899,0,0.0,0
13826,54.61251272179999,3,3,19.994284495194506,4,0.4471500699219123,0,0.0,0
13827,41.673424995669734,4,6,10.368333702560623,7,1.000303406447003,0,0.0,0
13828,47.84976466299376,5,6,5.320000749170351,7,1.0004580990020926,0,0.0,0
13829,22.957975657039967,2,7,6.991252264596732,6,0.8557452798053045,0,0.0,0
13830,43.05214639941727,5,1,21.82885915637953,7,0.999948715400182,0,0.0,0
13831,57.96075386931152,3,2,9.022574756005573,6,0.6868852468160916,0,0.0,0
13832,15.710815794045569,1,2,4.302390004115933,1,0.47561945006615824,0,0.0,0
13833,40.44164442570835,3,6,13.058288018598038,3,0.3288801085757135,0,0.0,0
13834,46.80754250041587,2,6,8.623229368437032,5,0.9994910454354462,0,0.0,0
13835,31.67377147266685,4,5,6.966664971714909,1,0.6185631857570351,0,0.0,0
13836,51.15738567212042,3,1,4.377022342364674,7,1.0001382390255866,0,0.0,0
13837,48.376359588123215,4,3,17.27484336297824,1,0.49915651349966395,0,0.0,0
13838,21.11130544907328,2,3,9.385953640367456,7,0.9010602492900347,0,0.0,0
13839,20.237996624114853,2,4,8.222196124795461,5,0.0019832529750382077,0,0.0,0
13840,42.73759159724511,3,6,11.74582251804501,2,1.0005389252714612,0,0.0,0
13841,29.454473590497386,1,4,0.0,4,0.8439702378700361,0,0.0,0
13842,44.03199228695851,2,4,20.004727699900307,1,1.000286743260891,0,0.0,0
13843,32.75656811336227,1,6,7.897738877886018,7,0.9999349961489097,0,0.0,0
13844,41.443896716856024,3,3,15.6132939794199,2,1.0005720732899857,0,0.0,0
13845,50.994396984799934,2,3,6.834074660833855,2,0.5037167325417917,0,0.0,0
13846,38.524425368873494,4,6,18.416368618109203,3,0.25409446460823837,0,0.0,0
13847,50.18603882901778,3,5,8.941053757004374,7,0.5263492863234851,0,0.0,0
13848,10.102277470229247,4,5,13.8405342942723,7,0.06739189761837028,0,0.0,0
13849,37.23514075018164,4,4,2.1689735225881073,1,0.37346783475713013,0,0.0,0
13850,39.649299908559215,2,6,6.44631754936959,4,0.9994072759045902,0,0.0,0
13851,63.728680818959745,4,3,0.0,7,0.9996155435467671,0,0.0,0
13852,39.785931174305915,4,6,3.7682798630001413,6,0.4245003462861449,0,0.0,0
13853,37.22952410943502,4,4,0.0,7,0.2916504194408213,0,0.0,0
13854,53.81076385397126,2,1,10.672233022537766,4,0.9259980857831844,0,0.0,0
13855,46.74163697470466,1,4,14.337055755294823,2,0.6258088488865676,0,0.0,0
13856,30.86593769953642,2,4,13.507442027129697,5,0.5434028820542872,0,0.0,0
13857,54.3206666602191,3,4,6.667247373349893,7,1.015990978094801,0,0.0,0
13858,48.717111268839176,3,2,10.924804659065044,7,1.0006060417752591,0,0.0,0
13859,44.23567740208635,1,1,11.80507547175769,3,0.933707063474437,0,0.0,0
13860,20.801507571303613,2,3,6.568116086314518,4,0.5546272019181692,0,0.0,0
13861,30.162900550062098,2,3,14.648311436538897,1,0.9339572521255282,0,0.0,0
13862,42.12780349951301,3,3,22.074025951664876,7,0.9995543547406676,0,0.0,0
13863,59.05426339473253,6,3,18.890426260307333,5,0.0,0,0.0,0
13864,40.946564837642235,6,3,9.691366812213307,1,0.81433452655602,0,0.0,0
13865,46.38981267386659,5,3,5.926759187162726,4,0.22721942485640967,0,0.0,0
13866,27.225422004664644,2,2,6.799107081877286,3,1.0043197279184977,0,0.0,0
13867,18.103359203905235,3,5,5.383433833548815,1,0.10712434767210621,0,0.0,0
13868,32.87378962329787,4,3,5.195529965526825,2,0.5190721632799209,0,0.0,0
13869,45.23872724154575,3,1,15.782159841405093,6,1.0001086785948816,0,0.0,0
13870,26.366691210388755,3,1,10.326869262734268,4,0.999919853459512,0,0.0,0
13871,57.88587797663358,2,2,12.868362054569378,7,0.2962576954222492,0,0.0,0
13872,37.90271313011351,2,1,13.42405446553586,3,0.938833460064994,0,0.0,0
13873,24.337054962584578,1,1,14.201220323499522,2,0.9996892648074852,0,0.0,0
13874,40.300537225837054,3,3,15.123633508089284,2,0.9997753356632939,0,0.0,0
13875,37.36991027836255,1,2,14.784147452851325,7,1.0000679814786118,0,0.0,0
13876,40.62581705886289,0,6,8.40286239690089,1,0.5076574962702691,0,0.0,0
13877,53.89587853563907,3,4,17.689875631563424,3,0.5699588137781901,0,0.0,0
13878,45.4806266454276,4,1,20.00613172509871,3,0.5911657971677076,0,0.0,0
13879,28.7185361039524,3,1,10.044038489465686,2,0.2815780930499884,0,0.0,0
13880,32.311824759441436,2,1,17.775572225288624,2,0.15954206944485705,0,0.0,0
13881,41.45840390549291,3,1,17.61323489968767,3,0.4383043155108574,0,0.0,0
13882,49.99180647944107,3,3,10.362428368339677,3,0.9995666426434153,0,0.0,0
13883,34.584100362495874,4,3,4.150838165668202,2,1.0001717536477888,0,0.0,0
13884,50.501877217168484,2,3,13.56066504243324,7,0.9998417854247087,0,0.0,0
13885,61.307357197448724,6,1,9.062028684941858,7,1.0000247978458128,0,0.0,0
13886,44.21489363692863,3,1,6.061986845236445,3,0.9419245609507455,0,0.0,0
13887,37.774588469181545,4,5,11.22610844775379,1,0.6191528873348479,0,0.0,0
13888,46.560246154364386,4,6,13.799740356877148,4,0.9997708540880076,0,0.0,0
13889,49.53304508640451,2,3,6.817799941359071,7,0.9997323041797419,0,0.0,0
13890,49.1810903976227,3,3,1.3378861737219623,7,0.9997630403791344,1,7993.053481185144,1
13891,39.83662740795018,2,5,5.470913692891253,4,1.0040714221127565,0,0.0,0
13892,35.8259753757287,2,1,4.41236267603839,7,0.14765335804463475,0,0.0,0
13893,50.640796685409484,4,6,5.485505362777676,2,0.37091521531044436,0,0.0,0
13894,58.813437339401546,4,2,8.408373604673127,7,1.0000297335866104,0,0.0,0
13895,27.67764644289155,4,7,0.9224335083836692,7,0.0,0,0.0,0
13896,61.490581404411515,4,3,10.840788825375597,3,0.4647153899793901,0,0.0,0
13897,46.03178699164686,4,3,6.4228041943255745,7,0.9057769338863353,0,0.0,0
13898,65.57365201027781,4,4,19.999249819692245,1,0.8346058886917863,0,0.0,0
13899,51.820859115769,3,3,16.065282851314297,3,1.0003225202653239,0,0.0,0
13900,35.05206376490153,4,1,5.016040571810947,3,0.9524803902483991,0,0.0,0
13901,53.83800800392386,4,2,12.230136589481258,3,0.948509880258793,0,0.0,0
13902,39.18314007479221,2,2,16.520424699390922,7,1.000392719237359,0,0.0,0
13903,51.66743049352884,2,6,13.696543476465909,7,0.999649537761736,0,0.0,0
13904,39.03939271303654,1,2,0.0,6,0.6304567555888259,0,0.0,0
13905,37.954976781164824,1,2,7.32478878209662,7,0.7267129358989416,0,0.0,0
13906,58.12064723533637,3,7,14.086378382014628,2,0.9994986863996094,0,0.0,0
13907,27.837775802265455,4,1,1.2264724651541759,2,0.9806321439626056,0,0.0,0
13908,47.045297874799246,4,3,11.32817718061656,7,1.0003052241534107,0,0.0,0
13909,32.87021391364506,4,1,0.0,7,0.9096873561604457,0,0.0,0
13910,58.93763459186044,4,3,16.566126591223686,2,0.5000133382226921,0,0.0,0
13911,56.94891526988988,3,6,9.826632337634145,6,0.11333401613078664,0,0.0,0
13912,36.70016975625965,3,5,12.795414795108035,5,0.9999238179804821,0,0.0,0
13913,50.334050775402126,1,5,3.5985994812202584,4,0.4968612824606179,0,0.0,0
13914,36.258848914317745,4,3,11.507886112106641,2,0.22349545535279985,0,0.0,0
13915,10.623146825353281,2,3,11.52080789872318,7,0.49976463375966795,0,0.0,0
13916,39.06991819612455,3,4,11.63332756013794,1,0.9614709657823477,0,0.0,0
13917,45.29488461641087,3,4,19.992349974628354,7,0.9486490790205466,0,0.0,0
13918,56.81941471595897,2,4,19.705073301616306,4,0.5338369293308481,0,0.0,0
13919,46.331214906302996,3,1,17.055391579177194,4,0.3331875897483639,0,0.0,0
13920,41.40760886760311,1,5,4.858745238738845,2,1.02080465819895,0,0.0,0
13921,32.97170503810995,4,6,20.006708610801567,7,0.4249632117673007,1,38003.62796614358,1
13922,56.651966394568085,4,3,20.272775760301602,3,0.49807746226529037,0,0.0,0
13923,52.8495925620597,4,6,15.341448648612815,7,0.4557923173516978,0,0.0,0
13924,46.55063102831182,3,3,0.0,7,0.9998870735356481,0,0.0,0
13925,52.748623213315696,1,6,15.422595091553521,7,1.0003761389321266,0,0.0,0
13926,65.15352445547151,3,1,5.752499071481547,1,0.9402588334486884,0,0.0,0
13927,34.67246062890386,2,1,20.002096298828178,3,0.893681726033379,0,0.0,0
13928,57.44073320330374,3,2,3.3091903125987683,7,0.9998079633684538,0,0.0,0
13929,23.729207114597806,4,3,0.0,4,0.5054635548074053,0,0.0,0
13930,42.307103988288105,2,6,19.99770431859934,1,0.4523473406112163,0,0.0,0
13931,51.01419438007449,2,1,3.2564103154398047,7,0.9999946834455221,0,0.0,0
13932,32.88814910966446,3,3,2.7007209966290944,3,0.5003879501970254,0,0.0,0
13933,64.54090448230866,3,2,8.773813224579769,1,0.7080135205668362,0,0.0,0
13934,26.995083497773336,1,1,20.002068876951988,3,0.5487992266823445,0,0.0,0
13935,44.606020692907286,4,1,2.30161324938768,3,0.658961601568226,0,0.0,0
13936,39.444029437804346,5,5,6.5800145537285015,7,0.9995254223392829,0,0.0,0
13937,62.72804025922545,1,3,12.86964332252988,3,1.0001251229182357,0,0.0,0
13938,32.66915044852344,5,2,19.996532443744364,1,0.999998608055138,0,0.0,0
13939,69.8167273693413,4,2,16.0072932117157,6,0.7579740178491848,0,0.0,0
13940,43.23936379552466,1,4,11.600169739383453,0,0.425175524120224,0,0.0,0
13941,19.125644047955266,4,4,14.72052695025666,2,0.6640531221473551,0,0.0,0
13942,55.770081609630466,2,3,0.19896553322134203,6,0.9999682200198186,0,0.0,0
13943,57.116709361348974,4,1,5.883163924547783,6,0.9482083744252897,0,0.0,0
13944,34.639651388235855,2,4,19.998169547695184,6,0.49993577102572906,0,0.0,0
13945,38.126867919648596,4,1,10.08386670232605,7,0.9631454116583616,0,0.0,0
13946,50.71916675667999,5,1,8.774337705948836,4,0.5024418664181505,0,0.0,0
13947,49.91186477712774,3,3,19.404438372949343,7,1.0004508815414674,0,0.0,0
13948,26.620612003944522,1,2,11.585679320845259,4,0.04680907113594168,0,0.0,0
13949,53.68965104760152,3,3,19.05715988201375,7,1.000425283646595,0,0.0,0
13950,41.83804809106273,2,6,17.578324446904023,4,0.0,0,0.0,0
13951,31.50538683371905,2,6,14.064368578608736,7,0.9999003220401377,0,0.0,0
13952,50.123237491527874,2,2,7.705901046825647,3,0.00366002880975147,0,0.0,0
13953,44.712541037389265,4,6,10.616406791186773,6,0.4499487399397898,0,0.0,0
13954,18.154099341004546,5,7,6.885765294035694,6,0.4128801663991028,0,0.0,0
13955,55.23494547261489,3,6,7.333697991026318,7,1.0007015135429607,0,0.0,0
13956,53.734293746610255,2,1,0.0,0,1.000212257799077,0,0.0,0
13957,59.90114630165074,5,1,19.704484800753015,6,0.4967811261491428,0,0.0,0
13958,42.9798363065514,2,5,19.372913544762618,3,0.4945626251635797,0,0.0,0
13959,49.566962635405346,3,2,14.168999872573009,4,0.007828100710542851,0,0.0,0
13960,58.63078056339454,2,3,8.412282954048397,7,0.30408380897927806,0,0.0,0
13961,53.49114508791844,5,6,13.730168907480122,1,0.0,0,0.0,0
13962,37.419399970990526,3,2,4.843844383003281,7,0.5074992743026956,0,0.0,0
13963,42.04845377068578,1,1,8.931448056190705,2,1.0007215987880158,0,0.0,0
13964,48.28458553753097,3,2,13.665176979372326,7,1.000313290572382,0,0.0,0
13965,26.603886600004934,3,1,15.079325751611698,1,0.2471608543162026,0,0.0,0
13966,27.708029953198746,4,5,16.538530039525565,2,0.9317682268773158,0,0.0,0
13967,30.199401622184485,3,3,5.38781092061247,1,1.000442425629678,0,0.0,0
13968,17.203423369848448,4,4,1.1394914781303935,2,1.0001654566329135,0,0.0,0
13969,39.29541288533929,3,2,4.604876384243235,6,0.9261397225222161,0,0.0,0
13970,41.705459165516075,3,6,17.212433044083834,2,0.8124012438933992,0,0.0,0
13971,58.11938496225111,3,4,5.229990563741795,7,0.8053075530852437,0,0.0,0
13972,53.60999686967526,2,6,12.182226529632452,4,0.2039361904842134,0,0.0,0
13973,34.768237335336806,2,3,12.958493949167488,7,1.0002299946769595,0,0.0,0
13974,40.72551505267809,3,2,12.34740043814839,7,1.0000454594950865,0,0.0,0
13975,62.548626594171054,4,4,19.99484899020313,2,0.9998152899054178,0,0.0,0
13976,11.587323559659772,3,3,7.968674431049935,3,0.9997529234876514,0,0.0,0
13977,54.300736374983664,4,3,10.77847034867981,3,0.39528467955312874,0,0.0,0
13978,54.715473888267965,1,1,8.226794158179247,2,1.0000261663934127,0,0.0,0
13979,21.420648963549407,3,3,12.782321343882778,1,1.0001511771975387,0,0.0,0
13980,49.93601178557239,3,6,6.442270365166437,7,0.6786245142266356,0,0.0,0
13981,20.230632029540846,3,3,9.819081783253814,0,0.241620338073465,0,0.0,0
13982,44.959053905133246,4,1,14.84199353573507,7,0.41979010557739915,0,0.0,0
13983,29.02094409531753,4,6,10.751630225077449,1,0.9363355475575633,0,0.0,0
13984,38.71370122654706,3,6,13.529977204610791,7,0.16842278713822134,0,0.0,0
13985,44.80970208948145,4,2,5.975512168327233,7,1.0002118374830777,0,0.0,0
13986,57.535968949893956,4,3,1.831522076742095,3,1.0001848504840276,0,0.0,0
13987,23.7398954802326,4,6,5.886297443154574,5,0.23459636158748481,0,0.0,0
13988,37.34711829599242,1,5,6.587772402321787,5,0.543539161979814,0,0.0,0
13989,45.53973519585098,3,4,19.3779107004574,2,0.32202078928775557,0,0.0,0
13990,31.39426283468803,1,2,11.046996789660358,6,0.4930547368803877,0,0.0,0
13991,53.13554806503684,4,6,6.901337599984735,7,0.9992718682633701,0,0.0,0
13992,27.096211420180396,4,6,15.064728616995673,6,0.7477507361846665,0,0.0,0
13993,34.092482813800494,1,3,14.546433671055839,6,0.13838777747037678,0,0.0,0
13994,40.87868169481504,2,3,4.8801980506542675,7,0.9650415700079621,0,0.0,0
13995,36.961710394598796,3,3,12.937189108078448,3,0.5022406082118249,0,0.0,0
13996,54.952312739761744,4,5,20.231421276806657,7,0.9997210434034848,0,0.0,0
13997,23.832628675481807,3,1,13.766521170747133,2,0.5023868632045864,0,0.0,0
13998,35.17973471845116,2,2,7.426419245743334,5,0.5577658386077083,0,0.0,0
13999,27.636997219587826,1,6,13.084834019421393,5,0.24508328658111705,0,0.0,0
14000,21.441002992724552,4,6,6.218735615781571,0,0.6159831656807278,0,0.0,0
14001,32.65910027343944,1,1,13.367418060111953,2,0.26991275339416576,0,0.0,0
14002,37.31348069671813,4,4,9.255981758652396,7,0.8580807856234474,0,0.0,0
14003,42.31391401489803,5,3,22.906658153511522,3,1.000622241712073,0,0.0,0
14004,25.54064064585241,3,2,0.0,6,0.9166189038525706,0,0.0,0
14005,37.33006426008108,3,5,0.0,7,0.9540387566611823,0,0.0,0
14006,26.925340595956133,3,2,4.614354466306231,1,0.8633304588786974,0,0.0,0
14007,62.60666253857032,4,3,4.689153576720032,7,1.2319937461282868,0,0.0,0
14008,59.877341507539,5,4,14.1107762157447,7,0.9999776598372361,0,0.0,0
14009,38.46727264519373,4,4,20.0045849336215,1,0.004762046755499849,0,0.0,0
14010,39.347781730465144,3,2,9.323808260654872,5,1.0002740421605743,0,0.0,0
14011,66.04938301503094,4,2,18.1746622458541,7,0.9999973940075033,0,0.0,0
14012,25.86180230451249,2,6,7.049669052940175,3,0.8667430471747672,0,0.0,0
14013,52.82559686070782,3,4,5.424979317118016,1,0.19087654585469027,0,0.0,0
14014,47.928671495983835,2,1,0.9595397022210275,2,0.5784059882507918,0,0.0,0
14015,24.287929012516745,4,2,12.907632494538493,4,0.6352958333326852,0,0.0,0
14016,37.19192991818452,3,1,4.826880761317869,2,0.3392016817385966,0,0.0,0
14017,31.284707455520376,4,4,14.17889085433274,5,0.34561002906067423,0,0.0,0
14018,53.480110410965565,2,4,20.00991479881054,2,0.5021089919075792,0,0.0,0
14019,42.913180896183185,4,2,1.0972092405288336,6,0.8855694411376372,0,0.0,0
14020,50.89984769769562,2,1,1.0698445035724014,3,0.999362143853276,0,0.0,0
14021,52.38189839403741,3,3,22.068779481086562,3,1.0004153904278055,0,0.0,0
14022,44.60569446298376,3,1,20.007185130618915,1,0.9999862203592187,0,0.0,0
14023,60.68614375166494,3,4,19.99340125075628,2,1.000150433819138,0,0.0,0
14024,23.311589623125663,3,4,20.006315952727245,0,0.4997903027678617,0,0.0,0
14025,45.95323475639251,1,1,13.647961507341432,6,0.0,0,0.0,0
14026,29.47466993776243,3,3,0.37872708219666684,2,0.3038477780040722,0,0.0,0
14027,60.15138975599821,2,2,7.519285535540375,5,0.9087906575434371,0,0.0,0
14028,40.69694735328237,2,4,19.9811081019558,7,0.844375280927494,0,0.0,0
14029,45.67023546320353,3,3,3.028281692036856,7,0.9261637427461248,0,0.0,0
14030,43.07598441344349,3,6,12.462768246956124,5,0.14971584300270568,0,0.0,0
14031,42.42712818642067,3,2,4.04154156882553,7,1.0002255965539746,0,0.0,0
14032,31.611339985780095,5,2,12.550414403399252,7,0.3315530307838883,0,0.0,0
14033,41.57187012362528,3,6,2.675096975280608,7,0.9992433437845241,0,0.0,0
14034,39.5429483206833,0,2,13.774280552038139,7,0.30784949636849435,0,0.0,0
14035,39.33341759632058,5,6,20.00542322345692,1,0.7563733097239576,0,0.0,0
14036,38.96664265515197,3,5,10.607467731339655,2,0.523262758114115,0,0.0,0
14037,50.97458602704416,3,6,11.43441271861702,1,0.3673803455907123,0,0.0,0
14038,33.71757516399883,2,6,14.09908689782938,2,0.12596495966558474,0,0.0,0
14039,57.855339107652895,4,5,10.504138024763694,3,0.0,0,0.0,0
14040,42.89878480136021,4,3,17.45663605764447,1,0.9997101609919903,0,0.0,0
14041,40.803573556324956,3,6,8.34631161990097,1,0.9392205130358006,0,0.0,0
14042,36.351756913345014,3,6,17.454622196051016,3,0.17581460455472375,0,0.0,0
14043,18.424471393284403,1,3,13.292307883633013,2,0.9645319596643767,0,0.0,0
14044,47.492577886646714,3,2,7.560031824891103,3,1.0000730224811718,0,0.0,0
14045,11.568924989182133,3,4,19.99632424673127,1,0.8760762670460741,0,0.0,0
14046,51.77469694191082,4,4,6.239093826156482,7,1.0443355679987893,0,0.0,0
14047,21.916838854593745,1,2,5.955977565277485,6,0.7694413999416928,0,0.0,0
14048,55.45860319498297,2,3,11.576910364795394,5,0.0,0,0.0,0
14049,54.92728158454743,2,6,12.685352589057908,1,1.021983700103881,0,0.0,0
14050,60.078260752798386,2,1,9.239229740829582,1,0.5194836749173344,0,0.0,0
14051,69.7172914352823,3,4,12.146723537358355,7,0.6730614737301003,0,0.0,0
14052,26.13972815058728,3,4,19.992781024348282,1,1.0001275575183173,0,0.0,0
14053,49.391755706075685,1,2,0.0,2,0.20786870266743196,0,0.0,0
14054,33.30624501859477,2,6,13.879996148632477,4,1.0001619874801384,0,0.0,0
14055,44.415374031713384,3,4,20.005578113061205,1,0.0,0,0.0,0
14056,22.14568742276954,2,2,3.6271919374369563,7,0.29789407149525027,0,0.0,0
14057,30.974647804057273,3,6,9.030069481833564,4,1.0001448579284122,0,0.0,0
14058,56.42264320264035,5,4,19.989201573288,1,0.4891436712838788,0,0.0,0
14059,40.5303799895542,4,4,4.544727034822485,3,0.8745347471409647,0,0.0,0
14060,73.21357213142662,1,6,19.506383091929088,7,0.9996328728533668,0,0.0,0
14061,48.37460871261716,4,6,13.092198567062916,7,0.362990841236392,0,0.0,0
14062,45.428149376021025,3,4,11.38955924827705,6,1.0002360329267603,0,0.0,0
14063,54.37738786191187,3,2,15.2759309025896,1,1.0002353512935787,0,0.0,0
14064,39.42894664666283,2,3,19.140406685529577,7,1.0002893305172564,0,0.0,0
14065,55.805797794393996,2,4,11.32976144960694,6,0.10928468062815566,0,0.0,0
14066,30.576421259761883,1,5,3.357130436239662,5,0.5456925118960269,0,0.0,0
14067,31.940284536211315,5,6,9.13533947635661,6,0.21433554021317397,0,0.0,0
14068,45.34832735838516,3,2,5.850860941876006,5,0.1580825795958135,0,0.0,0
14069,55.415927959185346,2,6,21.763074928990395,3,1.000305504535946,0,0.0,0
14070,52.38502435388774,4,3,10.464983670919123,3,1.0004869070675204,0,0.0,0
14071,31.596534196227253,3,3,15.85752873999207,4,1.0004185848780398,0,0.0,0
14072,44.29563476991742,4,2,9.165572218142612,7,0.9999878242436044,0,0.0,0
14073,41.236894388660055,3,6,3.2677927683154806,6,0.13676953995994046,0,0.0,0
14074,43.49985630364976,2,2,9.956155785720705,1,0.5394339601057329,0,0.0,0
14075,34.070614754347424,3,1,19.623402252351312,5,0.9595373403315025,0,0.0,0
14076,37.595144431332585,3,3,20.00082221369039,2,0.40602305018446644,0,0.0,0
14077,41.81902671352193,3,2,16.229272405216232,5,1.0002454667018876,0,0.0,0
14078,28.231601563791155,3,4,14.517155275926557,2,1.0003357740455256,0,0.0,0
14079,35.306123206248955,1,1,12.268409169112763,7,0.37641942245173554,0,0.0,0
14080,37.43480553535026,3,5,5.8969000484460645,1,0.6424066906706545,0,0.0,0
14081,41.727115507193794,2,1,0.5090334259645548,7,0.41562756804417994,0,0.0,0
14082,20.606909243335895,4,2,0.737355303039541,1,0.0,0,0.0,0
14083,37.63195783695579,1,6,13.183985909524376,5,1.0001952065691597,0,0.0,0
14084,45.84435891437447,4,3,2.933697556941082,6,0.8164776434835206,0,0.0,0
14085,27.161708631312514,3,6,14.44026224763946,4,0.081972375952994,0,0.0,0
14086,19.153082138620963,4,3,16.890116734071604,3,0.49738342627420973,0,0.0,0
14087,44.22016652350249,2,1,17.402211665759694,2,0.24934396939149756,0,0.0,0
14088,49.79970863455703,3,1,9.035513760685912,7,1.000260350116208,0,0.0,0
14089,63.25886834839517,2,6,16.306796970018006,6,0.9999406462533389,0,0.0,0
14090,43.882283046561845,2,1,1.2377541526823546,2,0.0,0,0.0,0
14091,32.25141892432046,5,6,11.014140981565438,5,0.38557951816271785,0,0.0,0
14092,53.594073981435955,2,1,19.9943850673421,5,0.4468505593168909,0,0.0,0
14093,70.89495847281353,6,3,11.129618534863406,3,0.5455548971036313,0,0.0,0
14094,19.17016930704882,5,6,8.207568271565616,1,0.4344028945414494,0,0.0,0
14095,40.97017812411446,4,2,18.633348353015194,7,1.0006046125366765,0,0.0,0
14096,18.36344850937177,2,6,8.685741574550395,1,1.024101913201617,0,0.0,0
14097,38.63226904875356,6,6,2.8943140191978607,7,0.6730986801503503,0,0.0,0
14098,54.22785735405016,5,3,2.71430490998927,3,0.9999369616474245,0,0.0,0
14099,48.447497183222964,3,1,5.330562159478547,6,0.5068680228821706,0,0.0,0
14100,37.38917734454621,1,3,7.475942333361369,6,1.0006831131205922,0,0.0,0
14101,20.002412041374374,2,4,10.948591412394489,2,0.16240143016616815,0,0.0,0
14102,48.93979222240482,4,1,12.537917834293502,0,0.38125697257107155,0,0.0,0
14103,54.856441012234185,1,1,1.3306151359111862,7,1.0000064853904944,0,0.0,0
14104,35.045161972462125,6,6,8.606838575224264,5,0.6617631954834764,0,0.0,0
14105,63.971687071825706,1,3,11.038265430516716,4,0.46484677576846267,0,0.0,0
14106,48.5108891588163,4,3,11.38056414136823,7,0.3137006709046104,0,0.0,0
14107,38.91721651205786,3,6,5.38904722843708,7,0.7221532710501594,0,0.0,0
14108,29.913552564862147,3,5,14.499172111581887,2,0.9997110087967289,0,0.0,0
14109,42.04726037393704,3,1,15.062575755657488,7,0.3477404980438612,0,0.0,0
14110,55.03923434623249,3,4,10.540395638548722,5,0.9355019642661933,0,0.0,0
14111,51.53524525581511,3,6,15.861131801545213,1,0.2176249446795946,0,0.0,0
14112,53.04067057239112,3,6,19.650608015617358,2,0.9997770362482065,0,0.0,0
14113,61.5006715794113,0,6,18.650126627984104,6,0.9213807037777502,0,0.0,0
14114,32.944037272983294,3,1,20.007441184476257,1,0.562409729064603,0,0.0,0
14115,32.03686157433707,6,6,9.640071993219166,3,1.27689572823135,0,0.0,0
14116,46.48088832412458,4,3,16.313346754499793,5,0.4954415016930235,0,0.0,0
14117,45.064132405959896,2,3,17.639906623979005,3,0.49967241416194813,0,0.0,0
14118,58.92484166369637,3,3,6.94956836418196,4,1.0003541215880245,0,0.0,0
14119,18.511072838562683,2,1,5.461685882275487,0,0.3966913779150533,0,0.0,0
14120,53.10135867309816,3,6,11.699983669810877,4,0.999900222666546,0,0.0,0
14121,49.16192834378924,1,2,14.929266438983625,5,0.5515127784060314,0,0.0,0
14122,38.73084350362024,1,1,4.763844382563071,1,0.2391564225807672,0,0.0,0
14123,37.24944382574789,4,4,16.146543035420528,7,0.9997340838574797,0,0.0,0
14124,67.04293820185856,3,3,6.266562641747467,7,1.0007672314963352,0,0.0,0
14125,64.7919268873006,6,4,10.414770619098611,7,1.0003168689129127,0,0.0,0
14126,45.78340263532561,3,6,16.02462419626706,7,0.999401663341804,0,0.0,0
14127,51.490562403531214,5,6,18.524969211512328,7,0.9995621415252676,0,0.0,0
14128,68.60353538622266,2,2,7.27278267992749,5,0.40650155894411266,0,0.0,0
14129,59.02672049019952,4,5,12.675589533489687,7,0.9997939215625736,0,0.0,0
14130,25.18520681732157,1,5,0.0,6,0.5779500950863643,0,0.0,0
14131,63.642615929219545,1,2,11.63470701384205,1,0.5851571963345312,0,0.0,0
14132,51.13350600569378,0,3,8.761537890207919,7,0.9998522967036143,0,0.0,0
14133,36.44442229238564,3,1,0.0,7,1.0002545435808168,0,0.0,0
14134,58.70335100005288,4,6,16.039898176008677,3,0.021090090362317238,0,0.0,0
14135,52.278284067023,3,4,13.083849139665082,4,0.5030530004755629,0,0.0,0
14136,67.53648667713762,3,3,19.995391825187998,7,0.6384483955530429,0,0.0,0
14137,49.74620969655583,1,4,5.604252345957118,7,1.0001850835979038,0,0.0,0
14138,53.233792702295,3,3,26.568665732420627,1,1.00022347880752,0,0.0,0
14139,41.69322989446634,2,1,12.740200369482602,3,0.4968308833386074,0,0.0,0
14140,52.07325936469302,5,2,10.40050465750745,7,0.9993884228107418,0,0.0,0
14141,23.807642379605458,3,1,13.99776265625288,4,0.9350517132345633,0,0.0,0
14142,28.336721743166915,2,3,11.841963076559011,4,0.9893345199978737,0,0.0,0
14143,27.960887107159948,1,3,0.0,1,0.28677544567671404,0,0.0,0
14144,61.43201763105235,2,3,5.838277179743609,6,0.5089540845241001,0,0.0,0
14145,19.00315281872934,4,3,11.764916066437525,1,0.2551793190403163,0,0.0,0
14146,44.23113483975434,0,2,0.0,7,0.7283410110817368,0,0.0,0
14147,18.811280442134336,3,4,14.666008222854243,2,1.039757977920699,0,0.0,0
14148,55.87374964807844,2,4,19.99742708146915,2,0.5015183179500271,0,0.0,0
14149,70.49949413998272,5,4,19.99472460238415,4,0.4954518920341722,0,0.0,0
14150,41.81603138080104,3,2,19.9903743663968,1,0.9999781775179548,0,0.0,0
14151,48.281669169290474,2,6,12.64837003600384,7,0.845640197812235,0,0.0,0
14152,31.879656410160713,3,1,10.216680783188714,1,0.986509835129618,0,0.0,0
14153,48.238510642939886,3,1,8.748574778116302,3,1.000277765704101,0,0.0,0
14154,57.4628497487965,2,5,20.13102063442804,3,0.9572714771329908,0,0.0,0
14155,61.484452553581804,3,4,20.003082849375105,2,0.5021456188387802,0,0.0,0
14156,56.42269002221573,5,3,7.596105150179033,7,1.0004600426372088,0,0.0,0
14157,41.83635622481126,3,3,20.181465830914853,3,1.0001435479299932,0,0.0,0
14158,32.91749150143334,4,3,16.668594341793927,7,1.0002790901793288,0,0.0,0
14159,49.74863396825607,4,3,10.220001394163145,2,1.0004282595980838,0,0.0,0
14160,41.94133002851379,3,5,13.6165787669529,2,1.0004777228693706,0,0.0,0
14161,45.60841130832004,4,3,6.189006610690964,4,0.3822679275977331,0,0.0,0
14162,28.387646625348026,2,3,13.962617202554236,7,1.000602098397126,0,0.0,0
14163,44.27600118441132,2,1,7.06643270943676,4,0.4989855864885039,0,0.0,0
14164,41.35237479264939,3,4,14.506635976432559,2,1.0003345019604932,0,0.0,0
14165,47.889819508280006,2,2,7.221657064613527,7,1.0595016346082893,0,0.0,0
14166,39.571458400955834,4,0,19.99946036926499,1,0.9997248885489602,0,0.0,0
14167,47.38294965116053,4,2,0.6305586325148873,7,1.000328512306389,1,1689.687300202948,1
14168,40.26326334909641,4,2,10.537955313287364,1,0.12363341399007044,0,0.0,0
14169,43.8919401773006,2,5,7.938663752175803,5,0.43968272861006774,0,0.0,0
14170,25.687347635256245,3,3,14.364216957416913,2,0.32835506473724135,0,0.0,0
14171,51.253536755269366,5,3,19.26451227060073,3,0.9994628216342498,0,0.0,0
14172,28.31503569054816,2,3,0.0,3,0.20964060256339412,0,0.0,0
14173,38.01349708097918,4,2,5.3310098880317165,7,1.0003931895130445,0,0.0,0
14174,67.31585571464795,2,6,4.397389355634956,2,0.4705036684256379,0,0.0,0
14175,33.58657339497488,4,6,11.700262269532447,5,1.0001679897351363,0,0.0,0
14176,39.148859577563286,5,6,7.799951312835294,0,0.5164960277799302,0,0.0,0
14177,45.544248247553206,2,1,0.0,1,0.49723749158138786,0,0.0,0
14178,41.54430026922086,3,2,17.662725372180773,2,1.0004588660921092,0,0.0,0
14179,9.774207143394833,3,5,21.413414425950464,1,0.643843211406126,0,0.0,0
14180,33.46484139075933,2,2,13.859254254040822,7,1.000060820923893,0,0.0,0
14181,51.149399570475126,4,1,9.140866219972608,4,0.9414443544948579,0,0.0,0
14182,41.07340093400507,3,2,7.447208341585121,6,0.507599522819168,0,0.0,0
14183,36.390115276163264,3,3,1.1836520148282954,3,1.0010988125882243,0,0.0,0
14184,33.7536205489746,1,3,23.32454094501788,7,0.12027256540110587,0,0.0,0
14185,19.42576289220675,3,6,2.173098466276361,3,0.0,0,0.0,0
14186,26.27751163650889,3,6,12.267082910760807,2,0.9997973371838395,0,0.0,0
14187,21.077856476043472,4,1,0.0,6,0.9804205717444954,0,0.0,0
14188,25.000982199230368,3,6,7.842954601408705,5,0.2620099806644544,0,0.0,0
14189,71.59017640326923,2,3,7.338439622998548,3,0.4990991693475505,0,0.0,0
14190,42.906704104360145,1,3,19.19419647259854,5,0.3664723856496159,0,0.0,0
14191,50.4947900443709,2,6,6.135940086336507,7,0.9993587470948846,0,0.0,0
14192,24.535937053389446,6,2,8.14320114864088,4,0.37418610752193066,0,0.0,0
14193,30.450210012401577,5,3,14.219364846264295,7,0.17527894517941,0,0.0,0
14194,11.698197107546807,6,2,4.499935134627677,1,0.754039221192965,0,0.0,0
14195,35.38858277545118,3,3,0.7063169075108746,7,0.31139975214442556,0,0.0,0
14196,50.973058001380224,5,3,12.320185600888205,3,0.4965700492950247,0,0.0,0
14197,32.76330456007097,2,6,15.843154045591032,1,0.11628463750435147,0,0.0,0
14198,42.116280644954564,3,6,17.924974399441147,6,0.7781229850919611,0,0.0,0
14199,48.03939550628092,3,3,11.827696057714057,7,0.9501264713155879,0,0.0,0
14200,16.926526616444146,3,1,3.778624628371249,4,0.5010361326395051,0,0.0,0
14201,56.585753696375725,2,2,13.093991627234626,4,0.578726933687605,0,0.0,0
14202,49.8786799278622,4,3,11.418172525008375,2,0.16622491367667003,0,0.0,0
14203,62.929307496749686,2,6,5.412717067324953,5,0.24403030297185357,0,0.0,0
14204,47.30474063783637,3,4,8.60274549667795,7,0.9631269775083459,0,0.0,0
14205,41.59354940762864,2,1,6.856523100327606,3,0.49508557335084846,0,0.0,0
14206,37.05485237963313,3,3,22.32987356618846,3,0.9997444430029896,0,0.0,0
14207,67.99465314120238,5,6,14.729702731327517,7,0.7833701471788282,0,0.0,0
14208,46.4148729053458,2,6,4.268812866897075,3,0.3404504122343973,0,0.0,0
14209,50.22430996664629,2,3,4.094732716286627,7,1.0002035801830245,0,0.0,0
14210,51.44906758000852,7,1,16.09699209508461,7,0.43821975772354943,0,0.0,0
14211,40.02348828504491,3,4,20.011251231999275,1,0.9999409190732618,0,0.0,0
14212,40.082980352130974,3,3,12.843790524538253,7,0.8876491810093243,0,0.0,0
14213,49.396570476069826,3,3,16.758078549944603,4,1.0003002544260173,0,0.0,0
14214,22.46186012847008,3,5,7.252919086438203,2,0.5375514516095677,0,0.0,0
14215,18.739829103165032,5,5,16.773719842343688,2,0.33671945298940137,0,0.0,0
14216,45.0940175712492,4,3,5.852561336219573,3,0.6805387923988386,0,0.0,0
14217,59.20023197448851,3,6,9.919712527416129,6,0.8204522874999731,0,0.0,0
14218,66.43717325266998,3,3,17.652556406362123,3,0.4976440101945483,0,0.0,0
14219,29.846143718697753,3,1,10.231937157195027,7,1.000270240514033,0,0.0,0
14220,30.33833261067055,3,1,5.579894791263339,7,0.4058338021752657,0,0.0,0
14221,43.12117954825369,3,6,15.64024671907261,5,0.21040955786336957,0,0.0,0
14222,58.17156585869638,6,3,22.79632283477236,1,1.042287959487958,0,0.0,0
14223,56.96827546867925,2,1,20.00020311207831,4,0.5147612381900946,0,0.0,0
14224,58.43410622165733,5,2,5.894645680282782,1,0.09015673587481976,0,0.0,0
14225,42.64719231381779,2,5,6.8701505899525275,1,0.37634316582853805,0,0.0,0
14226,36.78169036889609,4,6,8.930856795935613,1,0.9372780863544031,0,0.0,0
14227,53.62901189949037,3,2,16.19609604586236,5,0.6753912938608644,0,0.0,0
14228,29.68230749870301,2,2,7.728564975643603,4,0.43127782034667145,0,0.0,0
14229,48.02028289015727,2,1,16.266599306428105,2,0.9291723090300315,0,0.0,0
14230,41.73546073513943,2,1,7.4730390217061675,4,0.999905830206204,0,0.0,0
14231,24.60523563725868,4,3,9.799534465962896,2,0.4982223163562737,0,0.0,0
14232,38.99056152509105,1,2,10.912613596888452,6,0.6724429650982632,0,0.0,0
14233,42.67102540908426,3,6,12.368455325590176,7,0.093511754391847,0,0.0,0
14234,45.91882913948286,3,5,16.326906459611195,7,1.0003009308607176,0,0.0,0
14235,35.48733535489631,4,1,10.68371957038546,3,0.4954948514068095,0,0.0,0
14236,41.7863708369888,2,4,20.00423580022688,1,0.9997633191041768,0,0.0,0
14237,51.428459744649416,4,2,11.811260635853362,2,0.7090829342377379,0,0.0,0
14238,51.10430893148567,3,1,14.758056547126376,7,1.000061413432152,0,0.0,0
14239,54.7646835473579,4,3,10.326800211782933,4,0.5552196910252116,0,0.0,0
14240,12.37512269133337,4,1,15.290149225945154,5,0.0,0,0.0,0
14241,42.744605884167164,2,2,0.0,7,0.3164579055805136,0,0.0,0
14242,14.718623159398867,6,3,8.607393746298245,1,0.7989828631487906,0,0.0,0
14243,42.86284302166247,3,1,15.71859634117947,3,0.9996856506133434,0,0.0,0
14244,38.370843376273555,4,6,10.335380576986074,7,0.9999582239720677,0,0.0,0
14245,44.95672120559614,1,6,5.899171419895775,7,0.7756885382665711,0,0.0,0
14246,55.78463497645696,3,3,5.43512718763322,5,0.9999452465047216,0,0.0,0
14247,41.35516621303252,4,6,5.475776475848994,4,0.39902930078861976,0,0.0,0
14248,37.08144838259644,4,3,8.842095720346272,4,0.516094809493397,0,0.0,0
14249,38.851779808049,2,3,2.4484176057167115,7,1.0002206573620378,0,0.0,0
14250,61.94049220559232,5,4,20.00062938646731,7,1.4306164934527679,0,0.0,0
14251,46.86390958632296,6,3,14.51746234867223,1,0.5152635552391327,0,0.0,0
14252,50.53646614221375,0,1,16.231790655591926,4,0.9014760955004816,0,0.0,0
14253,26.183976343931416,3,4,19.994528599128383,1,0.6792808794174643,0,0.0,0
14254,22.6159819297591,3,3,19.992376754489314,5,0.6077160874602423,0,0.0,0
14255,44.610664127737046,2,4,8.20102564189296,2,0.34446241390003957,0,0.0,0
14256,27.279138946012935,2,6,0.16529683807364925,5,0.31215318414811016,1,111486.49481704875,1
14257,38.633116823215005,1,2,19.995364164600566,1,1.000822062916108,0,0.0,0
14258,33.32413113221457,4,2,10.890797040812371,7,1.0003131404653245,0,0.0,0
14259,32.99345275620661,2,4,0.0,4,0.4250523686181433,0,0.0,0
14260,50.80331672518757,1,3,12.108840209354497,6,0.999621328969557,0,0.0,0
14261,34.197442881153385,3,5,12.64124515912577,7,1.000034167940992,0,0.0,0
14262,64.43069852066088,5,3,2.622369514941525,1,0.999858588414859,0,0.0,0
14263,40.224911418713155,2,1,6.643117315219408,2,0.4331478371632732,0,0.0,0
14264,48.1414297015984,3,7,10.00934079885217,6,0.3474274152344096,0,0.0,0
14265,34.028054084829456,1,1,18.31203500124448,0,0.5883378060905172,0,0.0,0
14266,50.86269805919368,2,1,2.3951238867425495,3,0.0857554263618917,0,0.0,0
14267,39.191550061532055,3,1,16.470278812732225,4,0.9429791760157737,0,0.0,0
14268,62.05457772278581,3,4,20.001308400763733,2,0.9999359410093286,0,0.0,0
14269,44.279430773558005,4,1,15.642647387069077,4,0.12699347718431975,0,0.0,0
14270,50.79514642415853,3,4,24.348736787759712,2,0.8383386967531185,0,0.0,0
14271,41.34013427959616,3,2,6.74327616757574,3,0.2983432335825299,0,0.0,0
14272,52.36776894572248,2,2,3.033320807109785,1,0.10282741111265548,0,0.0,0
14273,66.78190561744861,4,3,1.4187470175672257,2,0.3643055381176327,0,0.0,0
14274,47.744729066219044,2,4,20.01174761849867,1,0.9996511971762242,0,0.0,0
14275,57.6981938856848,2,5,13.916616404175372,1,0.0,0,0.0,0
14276,37.01534656679933,2,3,0.0,3,0.15073845069691028,0,0.0,0
14277,46.876464082019076,3,6,0.0,4,0.7990084280843369,0,0.0,0
14278,34.95918858370511,5,1,19.9994604724616,4,0.9043203106546398,0,0.0,0
14279,36.45081404064385,3,1,13.3547817494505,2,0.38735398747732336,0,0.0,0
14280,15.137195494960146,2,2,1.6707364186064364,7,0.1347706975319074,0,0.0,0
14281,48.81239623622575,5,2,12.053510733780362,3,0.17155118751579124,0,0.0,0
14282,21.251935890954613,0,6,11.574923009237406,4,0.7632313622578025,0,0.0,0
14283,60.243361645498176,5,3,1.792259109220815,4,0.4059626983087415,0,0.0,0
14284,44.910162229387744,2,2,20.001182951980113,4,0.3368722709255375,0,0.0,0
14285,50.35064352934655,2,6,10.599423431241956,3,0.5816338237156644,0,0.0,0
14286,43.943734794549684,3,2,8.391864688098522,7,0.9997160931993754,0,0.0,0
14287,44.10071646308914,4,6,11.380069881553322,7,1.1487016193880686,1,28018.001840644134,1
14288,34.11213818528914,4,1,7.063516195964787,6,0.49921115958634044,0,0.0,0
14289,42.510717931463084,2,3,3.7237034218396623,6,1.000361341050093,0,0.0,0
14290,43.79294972622763,2,6,17.229533120478848,3,0.39986959148164986,0,0.0,0
14291,39.80944224466712,3,2,8.081207420514977,7,0.9999943642116842,0,0.0,0
14292,43.11203619561075,4,5,9.82757843503026,7,0.15954127640843452,0,0.0,0
14293,36.740577706236714,1,3,5.463868071442272,7,0.9998987290884802,0,0.0,0
14294,57.21501202622403,4,3,8.671570906672864,7,0.999921107298647,0,0.0,0
14295,44.58453079268157,3,3,13.466336250152619,1,1.000289539638532,0,0.0,0
14296,47.62891865721762,4,3,6.0780462612976445,7,1.0002373215369436,0,0.0,0
14297,44.51315359549054,1,3,18.79586202969199,4,1.0000807203123594,0,0.0,0
14298,55.0016898266397,3,3,9.127183086643688,3,1.0002614037419006,0,0.0,0
14299,33.38993498040966,6,1,19.991534629064134,2,0.919070044752327,0,0.0,0
14300,53.808257124772275,3,4,14.268935009986718,4,0.045932270345065196,0,0.0,0
14301,51.713176825178714,2,1,11.817688508487837,2,1.0001713507486276,0,0.0,0
14302,61.3639208878933,4,6,11.67367298621489,7,0.9998736558460419,0,0.0,0
14303,44.86141882388374,2,4,7.9205673267982775,6,1.16835544660525,0,0.0,0
14304,15.493739566864768,2,6,9.22407234729433,1,1.0230105408048351,0,0.0,0
14305,22.064888657437518,2,6,14.490459343177449,3,0.3545279258848237,0,0.0,0
14306,52.340592146194474,3,6,5.036731710229147,7,0.7465556455394085,0,0.0,0
14307,34.7215902975795,2,6,0.0,7,0.8473613373498099,0,0.0,0
14308,26.35028846691462,3,3,0.0,4,1.0006358291039716,0,0.0,0
14309,51.82631532184066,2,6,22.330354413479782,7,0.0304222323495994,0,0.0,0
14310,38.144623088413276,4,2,10.633139913808192,6,0.45932326338197227,0,0.0,0
14311,49.811735536020564,2,6,10.098355519908871,3,0.5380843645285288,0,0.0,0
14312,33.93593667219699,2,6,24.591999938984152,1,0.9997004134167675,0,0.0,0
14313,56.65818362204014,3,3,15.807174147131018,2,0.9367336738524141,0,0.0,0
14314,32.59052873798788,6,3,10.543164092665572,1,0.6177609101377861,0,0.0,0
14315,20.71083447812852,3,4,7.516999855431894,7,0.707539705033172,0,0.0,0
14316,40.36187428885812,2,2,11.137953615408723,1,0.20555152376703434,0,0.0,0
14317,47.738168863462214,3,1,6.385587381135551,0,0.9770989015039608,0,0.0,0
14318,43.03043039015269,4,2,14.10480715618126,7,1.000613381494147,0,0.0,0
14319,26.555851020233376,3,4,19.443923839934502,5,0.6531882839341041,0,0.0,0
14320,54.61859791572296,3,8,24.422773798866437,3,0.9297015955815845,0,0.0,0
14321,41.84745484564696,1,1,14.917231598392437,7,0.12854203130382957,0,0.0,0
14322,43.14014463185566,3,4,6.850924943300594,7,0.5873552447151029,0,0.0,0
14323,49.305587591557895,3,4,10.594226515530876,3,0.6764831102894037,0,0.0,0
14324,27.161518974122437,3,2,12.80683200847057,7,1.0007891645214253,0,0.0,0
14325,40.699567625243716,3,1,10.113986328924545,7,0.49599614915480494,0,0.0,0
14326,52.8743020133882,1,3,9.56043450310634,1,1.000096093796666,0,0.0,0
14327,34.60503931847874,3,4,14.273960531703523,7,0.3083625599168291,0,0.0,0
14328,66.41206325161798,4,5,13.988802213990546,7,0.9991823545357463,0,0.0,0
14329,37.84214362635645,4,1,4.544752673337231,7,0.9998206333774766,0,0.0,0
14330,21.897663436905283,3,5,11.547260350656193,1,0.3246993276540806,0,0.0,0
14331,57.234891995326166,3,1,12.881358478077598,1,0.0,0,0.0,0
14332,38.0594038590224,4,2,12.472162231324589,7,0.999987923099372,0,0.0,0
14333,33.7850491075531,1,1,6.845088484087489,3,0.23206117592370384,0,0.0,0
14334,19.726820468638785,3,5,14.247074978817658,1,0.46658353106141665,0,0.0,0
14335,47.33161869043984,3,6,16.027322967223682,4,0.30619289194984234,0,0.0,0
14336,30.840089160286624,2,2,6.066487436202606,7,1.0004342739930892,0,0.0,0
14337,55.9660966994677,3,5,16.505038388337432,4,0.9999451289715477,0,0.0,0
14338,42.52998603742242,0,1,2.627061655525038,7,0.9999405204035726,0,0.0,0
14339,54.0021388979384,2,1,12.231611427485818,3,0.9999085197886901,0,0.0,0
14340,42.868947693386936,4,3,0.0,1,1.0003196436825383,0,0.0,0
14341,51.95961025644711,2,2,10.478602060686034,7,0.6468811516033734,0,0.0,0
14342,60.98875211111837,3,1,4.505801356726421,3,1.000234689592705,0,0.0,0
14343,39.48168581909714,4,6,18.396545876554807,6,0.6634108146764547,0,0.0,0
14344,45.25712489784101,3,3,13.489925655364885,3,1.0000983883160344,0,0.0,0
14345,53.945592234295404,2,4,20.000499245724523,7,0.6982163555547498,0,0.0,0
14346,32.68656919277205,2,1,15.92160902058393,7,0.9998235865578667,0,0.0,0
14347,28.607979907850055,1,1,12.143839145298159,7,1.0002245791011688,0,0.0,0
14348,36.283097909984974,4,1,7.093565907691238,2,0.4019308844045048,0,0.0,0
14349,44.531251174504845,5,6,15.09392193264657,7,0.999978985459957,0,0.0,0
14350,62.47804862719782,4,6,14.650608698668709,4,0.9167371365641223,0,0.0,0
14351,19.948672119832374,4,6,11.168479793143618,3,0.0,0,0.0,0
14352,36.879025674492006,4,3,22.428092423718123,3,1.0001413763281286,0,0.0,0
14353,51.83864806048998,4,1,15.814194420917662,0,0.9997455239698531,0,0.0,0
14354,24.14151540272883,4,2,3.446153691466253,4,0.2531083232458916,0,0.0,0
14355,48.28222991971286,3,2,18.76734961298193,2,1.0000046580317525,0,0.0,0
14356,45.228838828644946,3,6,18.293210514363913,7,0.9557393633583815,0,0.0,0
14357,41.31689215177881,3,6,7.887072807765808,6,0.28784448961819764,0,0.0,0
14358,37.31873828011884,4,3,17.191542283885365,7,0.31671397875724044,0,0.0,0
14359,39.50472273133817,3,5,15.020398503275066,1,0.43567154106140243,0,0.0,0
14360,51.726433975257336,4,3,4.702127317998772,2,1.000187905124494,0,0.0,0
14361,40.91574629784236,1,2,13.746780315679944,7,1.0005124828274932,0,0.0,0
14362,41.72243532237193,3,3,10.279269988939708,2,0.42981916709305057,0,0.0,0
14363,45.68742861789072,4,2,4.736813043034746,6,0.21368444950364796,0,0.0,0
14364,56.160950586450845,4,4,14.867662780464538,7,0.6062437467295342,0,0.0,0
14365,46.393075343469945,4,6,16.408290360632733,4,0.20649369396898526,0,0.0,0
14366,25.449971012231224,2,7,0.8398280099374578,5,0.0,0,0.0,0
14367,71.27476490679274,2,4,10.66527010375468,7,1.000384200782533,0,0.0,0
14368,47.40392886048665,4,2,15.123073068155897,7,0.9989309178234598,0,0.0,0
14369,38.276711620651454,4,3,12.662312287183704,2,0.348694669309042,0,0.0,0
14370,47.68327339397888,1,2,5.040659979442434,7,0.21029461582763787,0,0.0,0
14371,49.62502151943188,3,2,20.377508418694376,4,1.006377215737243,0,0.0,0
14372,38.70054556594289,1,3,21.526204643916067,7,0.9997075841265388,0,0.0,0
14373,58.4933763705918,4,2,5.419738310530823,5,0.520365389311457,0,0.0,0
14374,25.68416114897615,4,6,13.847051964346596,2,0.5459236208230945,0,0.0,0
14375,63.850738886040915,5,3,16.99852236049813,7,0.9996927843912868,0,0.0,0
14376,40.944961593682436,4,2,12.007585415948371,7,0.23880833714957905,0,0.0,0
14377,53.95176588783208,2,3,9.72069433234213,7,1.0001580791140423,0,0.0,0
14378,43.854259157891164,3,6,12.734310704339952,5,0.9995419052464067,0,0.0,0
14379,42.1323637927683,3,6,0.0,2,0.6801751820021288,0,0.0,0
14380,32.435232689250014,4,2,11.815555843336455,4,0.3605981795396603,1,3360.62199726096,1
14381,27.161339711995648,2,2,6.684722291184845,2,0.9878980087251846,0,0.0,0
14382,32.67249645602746,2,3,23.768323549523306,4,1.0002091554292905,0,0.0,0
14383,55.127149378008674,2,3,3.5183685940242366,7,0.5285504987100267,0,0.0,0
14384,24.648986087825687,3,3,15.687691213148304,3,1.0001826633172552,0,0.0,0
14385,16.220099851699885,2,3,18.34179963242594,4,0.9993692041910347,0,0.0,0
14386,63.30508431014006,4,6,14.88012842116738,4,0.9995217347248371,0,0.0,0
14387,34.716008601253925,2,6,11.090904676405733,6,0.5671141668786669,0,0.0,0
14388,58.822759575500854,1,4,19.990841188933622,7,0.9997236042349055,0,0.0,0
14389,48.614019541442715,5,2,19.998559146282172,1,0.9996771947839772,0,0.0,0
14390,26.272143805675068,1,6,5.281116590429398,1,0.26848930738720045,0,0.0,0
14391,52.28821581159701,3,3,0.00018575845176549421,7,0.9998581217940821,0,0.0,0
14392,52.30142190701201,3,3,0.0,4,0.23425773699407615,0,0.0,0
14393,32.71218048585375,4,3,16.711756253221317,2,0.47088470026153284,0,0.0,0
14394,47.31894600616712,5,1,12.137438993790362,3,0.9994711288607405,0,0.0,0
14395,33.13906178724322,2,5,16.937956506055613,5,0.9676655602721542,0,0.0,0
14396,41.0812570795822,1,3,8.29244485371969,7,0.9249454340309151,0,0.0,0
14397,34.38033278291129,1,5,3.18126486295201,5,0.0,0,0.0,0
14398,48.84478069397801,1,6,12.82403687119273,6,0.7664978207286098,0,0.0,0
14399,32.46845967829192,2,5,2.3431153498147523,3,0.8131870895921993,0,0.0,0
14400,67.32117490924782,1,1,15.901386067007518,5,0.49790764707228696,0,0.0,0
14401,37.953166686078674,1,4,4.377401692147351,4,0.495377511087968,0,0.0,0
14402,54.92727488664032,3,4,0.9340604504542522,7,0.9135180983025903,0,0.0,0
14403,54.91081534706271,1,6,0.0,7,1.0004948891110976,0,0.0,0
14404,77.72758791566152,2,3,10.773374281607236,3,0.5061361894515053,0,0.0,0
14405,31.571419751514917,2,6,14.947054823374701,7,0.9992784292675594,0,0.0,0
14406,49.01803117173105,2,4,20.001479382972487,1,0.999913788306546,0,0.0,0
14407,65.51654670007274,2,3,5.545772034611879,5,0.29254661700090645,0,0.0,0
14408,65.91577071439184,4,3,8.069497749924135,4,0.9999653525017531,0,0.0,0
14409,49.861937509006225,3,6,17.539092821891032,1,0.6826484476157154,0,0.0,0
14410,56.27737405125876,4,3,3.3936026551974523,1,0.9995874690995725,0,0.0,0
14411,38.925836216954636,5,6,13.150270407857253,1,0.9493941664212595,0,0.0,0
14412,47.696315000416504,3,5,10.20021340828606,2,0.4203488533017677,0,0.0,0
14413,27.553922181716594,0,6,0.6164751295465223,7,0.2607919855871524,0,0.0,0
14414,57.91072871700891,3,1,4.629554049788913,7,0.9995939192458161,0,0.0,0
14415,22.81939779221265,4,4,5.9779921878637,1,0.9810108499335787,0,0.0,0
14416,48.2616971859322,4,6,18.064095458852005,4,0.28856018976779685,0,0.0,0
14417,33.06763084631174,4,2,8.993166646296686,7,1.0000604593344524,0,0.0,0
14418,56.47792260497011,3,3,2.782209448524787,7,0.9998855828373825,0,0.0,0
14419,37.99543574669833,2,3,4.705584616778953,3,0.13927061021848552,0,0.0,0
14420,22.078499013481387,6,3,8.637992110786527,3,0.2302856503884611,0,0.0,0
14421,39.45508977719223,4,4,20.002148295540508,2,0.14871661277336656,0,0.0,0
14422,52.5409415654119,5,6,0.0,3,0.39022564013299,0,0.0,0
14423,46.66214730905719,3,1,18.6079004692087,7,0.9997938289516318,0,0.0,0
14424,35.72880910479912,5,1,10.181153969088284,4,0.499015561254082,0,0.0,0
14425,46.86948948385761,4,1,13.509151259467485,7,0.9995219244491759,0,0.0,0
14426,54.47811502480385,4,4,19.99740416814049,7,1.0006297831450341,0,0.0,0
14427,23.316576780497424,4,2,10.896796169235667,6,0.12530386843346053,0,0.0,0
14428,55.064525051867584,4,6,2.492599811007647,1,1.0172862088643273,0,0.0,0
14429,46.02571641531942,5,6,14.248152480915863,7,0.9997640264707106,0,0.0,0
14430,51.1372313826191,4,1,19.983058526967827,3,0.4868473228839403,0,0.0,0
14431,44.959230135975154,6,4,5.93255701125917,7,0.1029673510495892,0,0.0,0
14432,33.52229905009036,2,7,12.87743763282038,1,1.0022361748984348,1,6909.684851406895,1
14433,31.703085086732266,2,3,13.857446741918563,7,0.06834457494790647,0,0.0,0
14434,44.3999714062921,5,3,13.597748078439441,3,0.9995563575968719,0,0.0,0
14435,53.64594671277304,3,3,18.525819531217593,2,0.9915125717513793,0,0.0,0
14436,37.376756913335775,5,2,9.984768662815808,7,0.34329819747265794,0,0.0,0
14437,44.45271890922882,3,5,12.99611008662545,7,0.14179029651241226,0,0.0,0
14438,30.51673484140736,2,6,10.113607065593929,3,0.18001047219648292,0,0.0,0
14439,43.48496079723766,3,3,20.009308125343374,2,0.9997659272998968,0,0.0,0
14440,32.11649100440673,5,5,6.409085580952663,1,1.064696176168963,0,0.0,0
14441,44.57622606024801,3,0,0.0,0,0.5450603639945794,0,0.0,0
14442,34.02617613486546,1,4,2.3661583111895403,1,0.9683756269877339,0,0.0,0
14443,56.44094591377344,5,1,8.619163094959523,3,1.0002627594541689,0,0.0,0
14444,36.549577567592365,4,3,11.77926070387028,7,0.9783634072452361,0,0.0,0
14445,58.632983769977834,3,2,2.0452703876981015,2,0.06799950086564432,0,0.0,0
14446,45.534255639129285,5,3,15.44365614296743,6,0.9996040253290375,0,0.0,0
14447,36.15426951381647,2,1,7.104178151418341,3,1.0000349078940944,0,0.0,0
14448,35.69411132706608,4,1,19.996044028450882,4,0.9814722175298187,0,0.0,0
14449,23.16171333405859,3,3,15.046732029305213,3,0.0,0,0.0,0
14450,26.11666158960924,5,2,8.992497369599452,3,0.5394633411628358,0,0.0,0
14451,47.625395745206085,1,1,0.0,6,0.8713139230147099,0,0.0,0
14452,31.680319327528334,3,3,4.046356769537205,5,0.06090626389741338,0,0.0,0
14453,41.429343765550655,1,3,13.54704183854084,4,0.47007788773853976,0,0.0,0
14454,38.64858943025504,4,4,20.00210142549014,1,0.7839921389588521,0,0.0,0
14455,39.83548484804387,4,3,13.76618722554484,7,1.0004770403958572,0,0.0,0
14456,43.40799783757733,3,3,0.0,2,0.5019916286417054,0,0.0,0
14457,38.12368403783658,3,3,15.086553848430794,1,0.9453684366234767,0,0.0,0
14458,39.87559558440044,3,7,7.240851318837896,7,0.1719483423399859,0,0.0,0
14459,35.43756957296104,2,2,18.20721564806039,7,1.0000822705055907,0,0.0,0
14460,41.513790510838724,3,3,17.114397784369825,1,0.9993765591379218,0,0.0,0
14461,22.042993443092296,4,6,0.0026146506517381596,4,0.22365143612432675,0,0.0,0
14462,47.145763768401125,3,4,19.99488322480738,4,0.999843202900866,0,0.0,0
14463,61.64123927467887,1,6,13.749539922334193,7,1.000090533040746,0,0.0,0
14464,49.85566740157938,3,3,4.709642379798376,7,0.7345523597061182,0,0.0,0
14465,42.70678587703189,1,6,5.436134295713792,7,1.0002032746591087,0,0.0,0
14466,32.250670825781796,3,6,13.557675015452748,7,0.4442096777985397,0,0.0,0
14467,46.33310385405862,3,6,19.98825390338911,1,0.17543882164915192,0,0.0,0
14468,23.47092147566255,1,6,8.41885012070767,2,0.6196732636087253,0,0.0,0
14469,41.47612456796608,2,3,9.041775164024763,2,1.0000005107855525,0,0.0,0
14470,36.45043772257894,2,3,6.965859487337186,5,0.4986349315723785,0,0.0,0
14471,63.840467148427344,5,3,5.51292890707344,7,0.26475706553385475,0,0.0,0
14472,29.421346458145727,1,6,6.698157965877012,2,0.12061440184482575,0,0.0,0
14473,67.97424069282832,3,4,19.99542759637356,7,0.5982802470907681,0,0.0,0
14474,46.0799283275454,4,5,18.935505755471183,7,0.9994916093304925,0,0.0,0
14475,36.88198913673023,4,4,19.997871165903092,5,0.518314241092498,0,0.0,0
14476,56.25978298347073,0,1,0.0,7,0.48051045012013055,0,0.0,0
14477,52.53566271039305,4,4,20.008698756572862,3,0.9996559820788763,0,0.0,0
14478,36.039820488155954,2,3,16.262578945596054,4,0.36483349943496873,0,0.0,0
14479,43.385237829394036,3,6,12.773067707378639,3,0.7819985306525621,0,0.0,0
14480,41.7369862139666,2,4,13.361704300140701,4,0.6647817504894817,0,0.0,0
14481,52.55951063973098,2,1,11.855154344355183,7,0.9995370921552991,0,0.0,0
14482,43.44760944325599,3,5,14.375524121309303,1,0.9365738176283491,0,0.0,0
14483,35.99493455991204,3,5,12.756786573274255,7,0.4182375029751401,0,0.0,0
14484,44.98825180885721,2,3,16.21036205077249,0,0.41033577441227076,0,0.0,0
14485,50.82153039375708,0,3,3.758977607874721,0,0.36756452312150245,0,0.0,0
14486,39.17204717880384,3,3,20.004115768053573,3,0.45571288183117575,0,0.0,0
14487,50.60607123822628,3,4,11.883890406448215,5,0.17142809073074572,0,0.0,0
14488,60.921596731997866,3,1,20.780605018386417,7,0.9997651636533318,0,0.0,0
14489,57.196519848767046,3,6,18.15579430235569,7,0.28653247722894565,0,0.0,0
14490,42.501944975044,4,2,16.504592769577627,7,0.5505145768163812,0,0.0,0
14491,44.04725363328252,3,2,29.54766624312089,5,1.0004079299098256,0,0.0,0
14492,39.14549069706016,2,1,10.891865884830212,7,0.31272413527644527,0,0.0,0
14493,30.058907461141686,3,3,19.999636899621308,2,0.4887576124137405,0,0.0,0
14494,22.26499098404381,3,6,16.44133994136076,4,0.26076053734642535,0,0.0,0
14495,59.272477443279115,2,3,23.808930287336924,7,0.9998298060437449,0,0.0,0
14496,44.82518084562093,1,4,14.116895990975323,6,0.3658712637982572,0,0.0,0
14497,38.4978582257986,3,1,33.56567602580907,7,0.8512908643191026,0,0.0,0
14498,54.4137230602862,0,6,13.211869562660693,7,0.7201328758699734,0,0.0,0
14499,37.571329292290564,0,3,23.01261372283809,7,0.08754173873790705,0,0.0,0
14500,44.053088634393546,4,2,11.995296000460671,4,0.08716020717456008,0,0.0,0
14501,49.23458655671868,5,3,17.30162269274581,2,0.49447992563153054,0,0.0,0
14502,35.61403631957358,5,5,9.388351826737779,1,0.06504146685477896,0,0.0,0
14503,39.7782992711883,2,2,11.04792206439479,1,0.04485040802183671,0,0.0,0
14504,52.051975623233886,4,1,14.281754057960013,0,0.9997999963566921,0,0.0,0
14505,18.72840380279595,4,4,15.120549011894521,2,0.9991849634386742,0,0.0,0
14506,74.21135868482887,5,6,12.8778152977599,1,0.9642313707465819,0,0.0,0
14507,50.37324798368142,4,2,9.123689643163816,7,1.000208935034747,0,0.0,0
14508,49.78470649919003,2,6,13.143427701696757,6,0.5621141874342005,0,0.0,0
14509,49.36047389447429,3,3,10.911237416743976,0,0.3556766680653082,0,0.0,0
14510,36.009740700382686,3,3,9.929694184857725,2,0.49812228034057704,0,0.0,0
14511,41.268931775288394,3,3,17.375530863479796,6,0.999781780129401,0,0.0,0
14512,52.90855622465276,4,2,8.44975577647755,1,1.0004630873931295,0,0.0,0
14513,59.42206608713249,1,1,7.618015472607457,7,0.19745456223432245,0,0.0,0
14514,38.92345572422757,4,2,12.28689240544805,7,0.5150524923834071,0,0.0,0
14515,36.77425833329592,2,6,15.348560047438562,4,1.000204724852396,0,0.0,0
14516,41.17714895179992,2,3,3.7598929395598333,3,0.0825482747118984,0,0.0,0
14517,25.329201411864304,4,4,16.77855983146507,4,0.528820479007342,0,0.0,0
14518,23.796190412546732,3,3,17.126226701039954,1,0.9168168664052823,0,0.0,0
14519,58.87427610412377,3,3,18.041160447070414,4,0.4959493268808014,0,0.0,0
14520,28.728137134624284,3,3,3.390119944917651,5,1.000050503854457,0,0.0,0
14521,48.12801236423464,1,1,13.581400813712609,3,0.9997762558129835,0,0.0,0
14522,46.437251313208414,3,4,16.552781949532612,4,1.000061860225383,0,0.0,0
14523,58.26383390838414,1,2,0.0,6,0.8176991054102545,0,0.0,0
14524,60.08706789373669,2,5,20.36776894407346,3,0.7896127174045856,0,0.0,0
14525,49.8799039289529,4,3,7.7710202280367975,1,0.9994034034503794,0,0.0,0
14526,43.04971494773882,2,6,13.587553412168457,7,0.9999533148220927,0,0.0,0
14527,50.52501777662008,3,6,11.857776587536309,3,0.6347131190257788,0,0.0,0
14528,52.96824407355603,4,3,17.550294528036506,6,0.7117312893714833,0,0.0,0
14529,56.375425955912064,3,3,18.92157985872627,0,0.9996091980440871,0,0.0,0
14530,42.722595255037746,3,4,10.839803385740273,7,0.06867171476809919,0,0.0,0
14531,17.98890863021912,2,5,20.004488386363242,1,0.2414567252322986,0,0.0,0
14532,48.76426578230742,6,3,12.947544119743142,3,0.19833376530673702,0,0.0,0
14533,26.066503371549683,1,3,12.530585055162714,4,0.40441821173609627,0,0.0,0
14534,35.691358933812666,3,2,10.917443811997877,1,0.3181596927870021,0,0.0,0
14535,41.58465618032494,3,1,8.600889622634043,1,0.18171458711387,0,0.0,0
14536,56.12743006007595,1,1,13.01914084136635,4,0.0,0,0.0,0
14537,23.64317140811401,1,6,8.088388361010376,4,0.46225126433714614,0,0.0,0
14538,37.704274256741265,2,6,16.734226569966744,1,1.0183019962754498,0,0.0,0
14539,50.03754215217805,5,6,9.97762721267394,7,0.7692992515275624,0,0.0,0
14540,52.34570784737287,3,6,10.578731158455003,7,1.0002567631499875,0,0.0,0
14541,47.730856375301954,3,4,7.724467660364276,1,0.3379680564200785,0,0.0,0
14542,38.841378782714685,2,3,22.000507800126158,5,0.5012049107834008,0,0.0,0
14543,47.812974127835446,3,6,13.041879512154422,2,1.0003168215273277,0,0.0,0
14544,37.29374453426008,4,1,12.692228520157743,3,0.7246366686906421,0,0.0,0
14545,28.405431880578668,2,3,16.841066283016755,5,0.9995188170916219,0,0.0,0
14546,52.242255828284456,3,3,14.570127558850583,3,0.9995957138306587,0,0.0,0
14547,51.90132131998664,4,4,12.840862775911011,4,0.9996760166507901,0,0.0,0
14548,42.03554483463859,2,3,7.968838713893989,7,0.7331891347472161,0,0.0,0
14549,51.702968145616275,3,2,11.726026958607568,7,0.9998720753932462,0,0.0,0
14550,69.59341386932013,3,5,6.3882165959743205,2,0.9999748703916842,0,0.0,0
14551,56.97214929743663,3,1,6.3285363222797155,7,0.9996804354491513,0,0.0,0
14552,42.90460210035997,3,3,3.064546208287588,2,1.000333465312417,0,0.0,0
14553,36.444697607128425,5,6,14.825250755009776,1,0.9864803802676902,0,0.0,0
14554,52.51865971926505,3,3,19.9967926312383,1,0.3606271370644578,0,0.0,0
14555,48.373549682015444,3,6,19.813730158909497,7,1.000109050898527,0,0.0,0
14556,15.173996608518053,3,1,17.516474890264256,5,1.0000754398946128,0,0.0,0
14557,66.76087910757376,5,6,7.001814095461701,7,0.9998640031317044,0,0.0,0
14558,57.43845322209562,4,3,18.753743412537435,4,0.9999953074033794,0,0.0,0
14559,42.66216492602049,2,1,15.311525417234304,4,0.5568136647296342,0,0.0,0
14560,60.80143490795906,2,5,13.052562278594447,2,0.9985167191645519,0,0.0,0
14561,53.72361564794733,4,1,14.506359632652503,3,0.9739319311073529,0,0.0,0
14562,22.744864900961513,3,6,6.811788900187508,1,0.982057966481892,0,0.0,0
14563,22.970654528874498,6,5,16.349074180535155,1,0.3052321870835141,0,0.0,0
14564,50.37445661144358,0,4,20.007113483789077,1,0.0,0,0.0,0
14565,27.496999683992907,3,2,15.634989960782523,4,0.9997391586307365,0,0.0,0
14566,64.26363688069492,3,1,20.43127662480859,1,0.9998355468475602,0,0.0,0
14567,61.989828335124926,0,3,12.678516565530272,2,1.0000575642690797,0,0.0,0
14568,43.20977881454129,4,1,11.137775128160301,0,0.5000184801379552,0,0.0,0
14569,24.37223420759,4,2,14.839570490745531,4,0.6213664488239268,0,0.0,0
14570,61.348837017333985,3,1,5.762751152029254,3,0.9995449758087508,0,0.0,0
14571,35.937397926239285,4,2,8.845553464501346,7,0.9998715984745625,0,0.0,0
14572,38.11947587699706,2,5,17.328478627346012,1,1.016003056776039,0,0.0,0
14573,22.132413358481113,1,4,20.003934214736745,7,0.9995145115296868,0,0.0,0
14574,43.184162152951394,1,4,8.506823574630866,1,0.9801045036240539,0,0.0,0
14575,48.91602924026734,5,3,25.013177492106767,7,1.000437275986787,0,0.0,0
14576,51.98495123067385,6,3,3.6470654264876297,2,0.49934845815818063,0,0.0,0
14577,43.66037475931662,3,2,13.35439663360949,3,0.9619000689514101,0,0.0,0
14578,60.45498019629483,3,1,21.022899902462285,7,0.9999083446944786,0,0.0,0
14579,51.78921820595653,3,4,3.7772823069166375,7,0.6594327915051428,0,0.0,0
14580,32.948198916598514,5,3,10.309548961349277,0,0.5001028724052541,0,0.0,0
14581,49.71678661208112,4,3,17.10325364909687,1,0.9670195600504055,0,0.0,0
14582,47.22808972398904,3,6,15.557579581675661,4,1.0006393725939446,0,0.0,0
14583,25.823876457352707,2,4,5.769255160987155,6,0.28113397778193233,0,0.0,0
14584,58.290869552538766,4,3,3.6367507167496864,7,0.5159129994310743,0,0.0,0
14585,45.484680008586416,1,6,12.757411430515722,7,0.9996679369816068,0,0.0,0
14586,66.93104944235054,4,1,4.530071134621494,2,0.7897034248317691,0,0.0,0
14587,50.31076151220217,1,3,12.933368732542565,4,1.0002844694965738,0,0.0,0
14588,33.429039767975205,4,1,5.52893850429541,2,0.9997717478530459,0,0.0,0
14589,38.961780040118114,3,4,19.9936564816661,4,0.5018240327088124,0,0.0,0
14590,26.997676710917403,2,5,6.837226074731403,1,0.43512779834436294,0,0.0,0
14591,36.76841536882371,4,6,10.909081050301017,5,0.3316051725534725,0,0.0,0
14592,42.01729814936434,2,3,0.8934572750901886,7,0.9994074376493425,0,0.0,0
14593,55.64785737878068,4,3,6.838260543116632,7,0.9998346982942921,0,0.0,0
14594,30.83320420651271,2,1,6.082975692409473,2,0.92243250852072,0,0.0,0
14595,44.89959200059832,2,3,17.094080825934004,7,0.9996109021561199,0,0.0,0
14596,50.21204524257499,4,2,20.497899890384616,6,0.999775786830793,0,0.0,0
14597,81.57184945106007,3,2,16.743788865359907,1,0.3288301965900894,0,0.0,0
14598,70.16807299406634,2,3,14.361297877890317,7,1.0004151360798976,0,0.0,0
14599,31.51390955644274,6,2,1.9101539959633804,1,0.0612230348357905,0,0.0,0
14600,50.26332648115054,3,4,12.551931512125332,7,0.9282627466838168,0,0.0,0
14601,29.82125139785285,4,3,11.371484043063198,2,1.000076730607786,0,0.0,0
14602,56.381640522369736,3,3,9.080752111769588,4,0.9316683546989363,0,0.0,0
14603,52.1459344453746,3,4,9.676471310983187,7,0.9482398033187283,0,0.0,0
14604,55.378322636519066,2,3,1.2155935960399127,3,0.4440857629409392,0,0.0,0
14605,55.83151592592529,2,1,12.60377107522252,4,0.5002637893620843,0,0.0,0
14606,43.03944630585928,2,3,7.939957015602937,2,0.3053892420574725,0,0.0,0
14607,37.91571416616679,3,6,12.376937336499449,4,0.8423756264213356,0,0.0,0
14608,37.65074431930669,2,4,14.96825593575718,7,0.944127522318629,0,0.0,0
14609,52.07938358912305,3,3,14.23542791705878,1,0.9999248985327822,0,0.0,0
14610,14.1720629885812,0,2,13.224949389903355,1,0.16623778978357473,0,0.0,0
14611,24.077208681610976,3,3,6.418871752368947,1,0.03548697299088133,0,0.0,0
14612,55.998719451571496,7,1,6.950788735908361,3,0.9561021536354748,0,0.0,0
14613,61.91066323202853,4,3,22.856358786401415,3,0.9736462415208661,0,0.0,0
14614,61.15628877596848,6,1,0.0,0,0.5368018809765008,0,0.0,0
14615,60.2428059243032,3,1,0.0,2,0.93710334838059,0,0.0,0
14616,23.021679982293186,3,6,5.941793067690084,5,0.7066565615559509,0,0.0,0
14617,31.190937853149645,3,0,16.70335157785435,5,1.000222885730121,0,0.0,0
14618,22.281671873207696,3,3,1.7704086578471134,3,0.0,0,0.0,0
14619,45.34314415275149,2,1,16.02762300570597,5,0.49501602610037815,0,0.0,0
14620,56.82296920839477,0,3,17.07551934092621,3,0.4992766126052268,0,0.0,0
14621,27.778804271256966,2,6,9.589818591391966,2,0.4989833310961932,0,0.0,0
14622,18.749032632519864,3,2,15.320300587223503,5,1.0005953763265871,0,0.0,0
14623,47.485618046265124,5,6,17.393334505126695,4,0.0,0,0.0,0
14624,30.408180300854553,5,2,11.853154949219965,4,0.527509498588538,0,0.0,0
14625,45.579976537376666,4,4,13.19655078838595,1,0.6575991440203868,0,0.0,0
14626,42.74965208243594,3,4,17.08205478666237,6,1.0009127465967125,0,0.0,0
14627,27.939107035851357,3,2,7.544928374376553,4,1.0221690045813003,0,0.0,0
14628,31.516894011169484,2,4,19.99967511249774,3,0.9998701087734423,0,0.0,0
14629,42.791790986554325,4,2,4.249929337138133,2,0.46172943189847393,0,0.0,0
14630,50.12887153819909,4,1,14.218951931810434,7,0.9998847131269091,0,0.0,0
14631,16.027239017991995,3,3,10.047927896036288,7,1.000132394547292,0,0.0,0
14632,20.78449948488945,3,1,1.0665590699492142,1,0.8284825847452882,0,0.0,0
14633,34.514076265333784,2,3,10.836381973274143,7,0.6945924892100642,0,0.0,0
14634,75.18515081862711,3,2,11.478079159657614,7,0.9998229511279715,0,0.0,0
14635,51.56008895228893,5,3,12.497241104472948,1,0.8337000072452783,0,0.0,0
14636,42.937745084488206,1,3,14.582638174535727,0,0.21758189173326647,0,0.0,0
14637,26.890237699775092,2,1,5.9958372682086045,2,0.1831199415037127,0,0.0,0
14638,39.6500603807981,3,5,15.419140744734456,1,1.00026679288368,0,0.0,0
14639,54.908347984180686,4,4,15.067394669399594,7,0.43033370512171265,0,0.0,0
14640,32.21606955027731,2,2,23.658712048852905,6,0.7019692508423708,0,0.0,0
14641,28.527124157155985,4,6,12.941213647394873,7,0.9998633505812784,0,0.0,0
14642,39.549575471606786,2,2,15.857170655648058,7,0.9050384771620759,0,0.0,0
14643,39.306375484024244,3,3,20.00569519188239,2,0.8769835502913211,0,0.0,0
14644,42.05876623504438,5,3,12.838265297463726,3,0.7561473474205804,0,0.0,0
14645,36.123097232638216,5,3,15.229609945863666,5,0.9997914630304044,0,0.0,0
14646,37.98704139988439,3,2,14.662183681778748,7,1.0521964687981054,0,0.0,0
14647,18.73735263193315,2,4,6.050343452789371,2,1.0000006744191614,0,0.0,0
14648,41.591040305198966,6,4,7.1553015138482206,7,0.31419605003846296,0,0.0,0
14649,50.55126266635872,2,4,19.99778463178193,1,1.000225950494515,0,0.0,0
14650,25.293540423999143,2,3,8.043354542930157,1,0.9619567196086003,0,0.0,0
14651,55.90888458645807,3,6,17.560311579053277,4,0.7419635122378759,0,0.0,0
14652,64.82286792224761,3,3,17.813201211020743,1,0.9997514250933524,0,0.0,0
14653,49.93719373754716,3,2,5.722435484041495,1,0.10826455188884809,0,0.0,0
14654,18.206255680759572,1,3,15.366307137254006,3,0.10452913025774657,0,0.0,0
14655,35.41741842644455,2,3,13.008489569907978,2,0.9991966408851671,0,0.0,0
14656,36.28048969801981,3,4,6.951487465661605,3,0.5201393221921411,0,0.0,0
14657,46.124131086033664,3,1,3.002966070846222,6,0.773276543024727,0,0.0,0
14658,14.707410705324538,3,4,6.700465711151443,0,0.9998311016598231,0,0.0,0
14659,28.332529489130174,2,5,10.262873246662371,1,1.007054390384021,0,0.0,0
14660,48.74449301062664,2,3,12.150505892134822,7,1.0006507232661217,0,0.0,0
14661,51.008181226556964,1,6,5.714261168132371,7,1.0003177078860086,0,0.0,0
14662,41.98871783856188,1,3,21.15233230593335,7,0.9999184808062119,0,0.0,0
14663,26.407119187618598,4,6,4.146780464672384,4,0.6860897161581789,0,0.0,0
14664,30.914974912518254,3,2,5.172699915599295,7,0.7342493596829847,0,0.0,0
14665,50.99502902872129,1,3,8.67782336645106,7,1.0003335369147441,0,0.0,0
14666,77.36578809329585,4,2,0.0,7,0.38634871762877765,0,0.0,0
14667,18.96082298724926,3,1,0.0,7,0.6358278239079677,0,0.0,0
14668,42.76707871355269,2,2,7.263537343649634,2,0.3518082910681024,0,0.0,0
14669,27.99087133248083,0,3,13.786238864991857,1,0.1562581149553942,0,0.0,0
14670,62.72129777824861,4,4,20.009091080774578,0,0.5022407184982692,0,0.0,0
14671,57.51989704784535,3,3,9.811593576745521,7,0.3875930773551035,0,0.0,0
14672,55.52268746182349,5,6,8.096110415619762,4,0.6270762732394786,0,0.0,0
14673,49.49543926310143,2,4,9.517229151692954,5,0.7021614251381666,0,0.0,0
14674,38.11460221034411,2,1,14.319369260905866,1,1.0002631048760255,0,0.0,0
14675,51.518276346436636,2,3,13.945611965471828,3,0.0,0,0.0,0
14676,46.802631714300276,5,4,12.062843983788394,1,0.9356749659823209,0,0.0,0
14677,20.89097242201474,3,6,11.30337986660022,1,0.09458750634071722,0,0.0,0
14678,23.64057973813048,4,1,13.536959921934027,2,0.6737902640763753,0,0.0,0
14679,52.32642658260147,3,4,19.9950339257946,3,1.0000746873485984,0,0.0,0
14680,15.799707306417876,2,2,11.236758284357606,1,0.9990445856988281,0,0.0,0
14681,25.679042944517136,3,2,13.377900978969045,1,0.7433229519771072,0,0.0,0
14682,37.716203759324166,2,1,20.001734739735184,5,0.9200117861665196,0,0.0,0
14683,28.788626940773355,4,3,13.03618228210263,3,0.9852634945659058,0,0.0,0
14684,70.5682450744857,4,3,0.0,7,1.0002079417203198,0,0.0,0
14685,46.13820032869002,2,2,5.681754337526721,7,0.9991101203784188,0,0.0,0
14686,51.265092924097296,4,3,1.7590253120495554,3,0.3714405844058104,0,0.0,0
14687,26.328369780159516,3,5,12.182097305137086,4,0.3595220023873517,0,0.0,0
14688,28.91310325362004,3,3,8.273000047088116,2,0.18917886804595424,0,0.0,0
14689,52.211115887083906,4,1,13.070794568985146,2,1.0001201674519862,0,0.0,0
14690,38.675253702787785,4,3,11.42636581822872,2,0.999235739210653,0,0.0,0
14691,47.38614951024007,0,1,12.033443907289357,1,1.0001103047367028,0,0.0,0
14692,48.8481143246087,1,1,16.386405954611753,4,0.36806751162555956,0,0.0,0
14693,32.990301826619046,0,3,15.086046943433935,2,0.9554970138080974,0,0.0,0
14694,72.74475230517767,1,4,19.99648633828052,6,0.49753728852063295,0,0.0,0
14695,58.73664857219451,2,4,9.62088298322156,5,1.0231686322878697,0,0.0,0
14696,29.83244885130425,2,3,6.241668547668153,1,0.5007065549799457,0,0.0,0
14697,41.3018492118072,2,3,11.881728460838136,3,0.9996074604724827,0,0.0,0
14698,55.29884816321494,3,3,4.844277163278477,2,0.9991176638450244,0,0.0,0
14699,59.87342791231141,3,4,12.119335623341094,4,0.6292561327786409,0,0.0,0
14700,1.3866187747244467,3,5,11.354569334062441,2,0.9999496338754126,0,0.0,0
14701,55.57322587114846,5,2,9.233175608639932,3,0.9677918889984267,0,0.0,0
14702,52.69926779428705,3,1,1.1939768327644327,1,0.16342112091207817,0,0.0,0
14703,46.41152562664868,2,1,20.00650166501879,6,1.1276273156572447,0,0.0,0
14704,54.16083862592765,3,2,7.513822675792842,3,0.5588128452801127,0,0.0,0
14705,37.43608411902608,2,1,20.003778993324477,4,0.6499859627342768,0,0.0,0
14706,45.980822795499925,3,2,9.320304211355202,7,0.937675314808795,0,0.0,0
14707,56.66117190248026,5,3,5.1055324529474895,4,1.0004249096058069,0,0.0,0
14708,56.61755442009392,3,3,17.73638264360044,5,0.4970291927446394,0,0.0,0
14709,41.10090410767143,4,3,0.4126169783559597,3,1.0002211634047318,0,0.0,0
14710,50.45370751120781,6,1,2.4228537949805045,7,0.9998410923066305,0,0.0,0
14711,19.939818976057694,5,6,2.8782632801738153,2,0.40404052907798177,0,0.0,0
14712,44.90253118674664,0,1,13.275264014438767,4,0.9997971941064249,0,0.0,0
14713,22.22981309092685,4,2,12.012967247153934,3,0.9405080890477673,0,0.0,0
14714,43.94962510009226,2,6,17.230800571929986,7,1.0000627301624916,0,0.0,0
14715,51.96679545410408,4,6,0.0,7,0.9999943270505871,0,0.0,0
14716,28.902209200595372,3,6,11.872333199159453,6,0.31917288887458256,0,0.0,0
14717,67.34770700846948,3,3,15.849783233056119,3,0.5544103917674944,0,0.0,0
14718,48.22740825670885,3,4,8.007795691268075,3,0.8632975172944453,0,0.0,0
14719,24.191385873466594,3,1,16.90675361607557,2,0.5622970762372378,0,0.0,0
14720,26.22853051780281,3,6,11.53774443738778,5,0.9175602318073823,0,0.0,0
14721,30.48420200478898,1,2,5.752137466220258,5,0.0,0,0.0,0
14722,42.53550099067612,2,4,12.961664770232403,7,0.9996381027638068,0,0.0,0
14723,71.93135764962169,4,6,12.087318406971615,5,1.0004508749912167,0,0.0,0
14724,43.19225937477105,5,3,10.895971235986712,3,1.000276553072223,0,0.0,0
14725,34.23992092852754,5,3,0.7061277384080231,3,0.9999986642819623,0,0.0,0
14726,34.528020808807014,3,3,9.628378590249008,4,0.03265430346259801,0,0.0,0
14727,32.11559567414138,3,1,20.00553990240492,1,0.8113786338834766,0,0.0,0
14728,48.31096740677719,4,3,21.199719265883456,6,0.45853800343320883,0,0.0,0
14729,40.23415447569947,6,1,11.581035999714773,4,0.4996706342457371,0,0.0,0
14730,47.883396021019095,6,1,1.310400028457213,7,0.4342161435071949,0,0.0,0
14731,47.59952604748466,2,5,13.702065410072457,1,0.08266600110120326,0,0.0,0
14732,37.98159170192555,4,1,11.984657093895878,7,0.9602693011474253,0,0.0,0
14733,38.12797063544572,3,6,14.843208904749515,1,0.2312988051776873,0,0.0,0
14734,48.69233108113165,4,3,10.262726133619667,2,0.9509699639243167,0,0.0,0
14735,50.06508409553654,3,1,14.616067848271562,2,0.534794926772439,0,0.0,0
14736,31.527383083108766,2,1,12.433011181399355,7,1.000056042531718,0,0.0,0
14737,56.56551459610564,2,3,2.262441763747157,4,0.21641616405928782,0,0.0,0
14738,37.650383773297726,3,1,6.985147744702721,7,0.9999020017336373,0,0.0,0
14739,63.7338041808072,4,6,10.967358961029344,4,0.6317330680892231,0,0.0,0
14740,32.051373353049684,3,6,13.041147246572802,3,0.31811716150052155,0,0.0,0
14741,56.0090785000749,2,1,11.123796864202024,7,1.0081422224947427,0,0.0,0
14742,58.67773155053644,5,3,9.289947515849535,3,1.000546830475731,0,0.0,0
14743,42.734108664874384,3,1,17.5026152137465,3,0.970305946638286,0,0.0,0
14744,45.965675290765894,1,1,16.48035074890098,4,0.23565277808201562,0,0.0,0
14745,41.79387115127205,3,7,0.6792055312235021,7,0.9197087930105429,0,0.0,0
14746,58.509045945839105,3,1,19.99436142505099,2,0.5428739199029028,0,0.0,0
14747,42.60832621801896,3,4,10.067950346564015,7,0.0,0,0.0,0
14748,38.201118222206425,1,6,22.32404060486677,1,0.3286250941594281,0,0.0,0
14749,45.75315192682717,4,3,20.181289584757195,7,0.39606332308915465,0,0.0,0
14750,32.2762054300685,2,3,7.586583313792796,3,0.4131184096921041,0,0.0,0
14751,58.67792941208938,3,6,4.540015846081334,7,0.8070508705472129,0,0.0,0
14752,16.58028052630955,2,3,6.421254682150011,3,0.0,0,0.0,0
14753,55.736295698530625,3,3,20.01330336444955,3,0.7319539555575977,0,0.0,0
14754,39.84320498010865,3,3,6.203256219306774,0,0.5003509772661433,0,0.0,0
14755,50.46432059868893,2,3,8.132547843520575,4,0.6509461622727866,0,0.0,0
14756,48.62931469358901,3,6,16.890981245320816,3,1.0003288542762276,0,0.0,0
14757,38.28204476085802,4,1,10.014721952800931,7,1.0302134637968865,0,0.0,0
14758,43.29197447307144,4,4,20.005019532940178,1,0.35637532750825285,0,0.0,0
14759,35.75598103149233,3,3,0.0,1,1.0067399476168633,0,0.0,0
14760,32.79595844974831,3,6,16.785801804826903,3,0.3822721292936657,0,0.0,0
14761,42.48638498987308,2,4,20.006824038420596,1,0.999301204913974,0,0.0,0
14762,42.27451168267832,2,1,7.907547241136706,0,0.23736361816302143,0,0.0,0
14763,52.190341653248936,2,6,9.255115420504554,6,0.9999842597193543,0,0.0,0
14764,14.156775359756242,3,3,0.13769090208819357,2,0.2869219647818495,0,0.0,0
14765,39.2258744481784,3,1,9.432013580537188,3,1.000319103849169,0,0.0,0
14766,22.100253546493487,5,6,9.01333732347144,7,0.0,0,0.0,0
14767,40.017148685406255,2,3,14.520673674650414,3,0.9997157988723668,0,0.0,0
14768,35.20522191014848,3,6,12.989307254341087,5,0.7684191923622118,0,0.0,0
14769,30.498375212204902,2,1,4.4612029478111355,2,0.258249846267255,0,0.0,0
14770,40.84281169883527,5,6,20.2194553281102,6,0.533680998812856,0,0.0,0
14771,17.81640174129832,2,3,8.74565232231281,1,0.4158007596374538,0,0.0,0
14772,72.67431221305495,2,6,22.00932350618184,5,0.9998368555161982,0,0.0,0
14773,25.479957357547086,4,6,14.972336118209544,4,0.5405296442997218,0,0.0,0
14774,44.10626124982477,3,3,14.049170541622196,1,0.999677062339799,0,0.0,0
14775,56.02129898001375,4,3,8.992136680091832,5,0.9999734499098765,0,0.0,0
14776,29.837068647900264,2,1,4.48202321127886,2,0.09672840916552228,0,0.0,0
14777,45.23909259296346,3,6,8.204874643664876,1,1.0463011038077088,0,0.0,0
14778,49.09552740275876,3,1,16.2861758046518,7,0.49772117722103326,0,0.0,0
14779,60.84835829913178,3,5,19.996026393311745,1,0.2576696561040204,0,0.0,0
14780,26.82970982105986,4,3,3.067671991220992,7,0.7570903731597086,0,0.0,0
14781,20.438804610112065,2,4,12.12851956979575,5,0.170984888368932,0,0.0,0
14782,32.772859008650705,2,4,9.668521130841526,1,0.7671078444469895,0,0.0,0
14783,59.26836342850272,4,3,9.178133950708418,7,0.9992854881655973,0,0.0,0
14784,28.327719328744728,3,2,13.228263181619763,1,0.9998299181956444,0,0.0,0
14785,34.27420229891803,4,6,6.617456949673362,7,1.0001473733838542,0,0.0,0
14786,41.3187534320203,2,6,13.88098546092259,4,1.0003402863996502,0,0.0,0
14787,30.871628211494805,4,2,13.6596604032315,1,0.9997761802320384,0,0.0,0
14788,46.02632650330612,3,3,4.160228214820632,7,0.999903415210164,0,0.0,0
14789,36.0360310578033,1,2,11.868197373742605,6,1.0000040142819073,0,0.0,0
14790,38.33290464506673,2,3,14.323520505703431,2,0.5775619677504545,0,0.0,0
14791,42.4044661408619,1,1,15.160950894963776,2,0.44579526952834847,0,0.0,0
14792,72.19185594884448,4,4,14.051535134299495,7,0.9997729583881891,0,0.0,0
14793,36.463252525665176,5,3,9.925654888505255,1,0.9993606384468029,0,0.0,0
14794,23.81046572834016,4,5,13.793883202437303,1,1.2370775606655657,0,0.0,0
14795,24.316095931300016,0,1,9.20935460016382,0,0.5000420663309574,0,0.0,0
14796,44.4568222913211,2,1,0.37468463161957466,7,0.9483979335426884,0,0.0,0
14797,35.93921140855832,4,5,19.98910093091149,1,0.9999679375459268,0,0.0,0
14798,21.889644026340598,2,3,15.389830713696327,2,0.8961496846213284,0,0.0,0
14799,50.283656177841216,3,5,8.437881263120863,4,0.9483869107347642,0,0.0,0
14800,60.04034603841863,4,3,13.193684701555522,3,0.9997152257582247,0,0.0,0
14801,17.083492023121618,3,6,7.13911752267691,6,0.438813454527089,0,0.0,0
14802,32.43975191826116,3,3,7.089444666452889,4,1.0003196913217898,0,0.0,0
14803,36.98727675627027,3,4,16.262847361285353,2,1.0002780041201738,0,0.0,0
14804,14.622636776756536,4,6,7.851090160779041,7,0.1904143314353397,0,0.0,0
14805,30.20367850693217,2,1,3.8576641688142272,3,0.19690909895201547,0,0.0,0
14806,54.98758158966547,4,1,7.782338433278946,3,0.5001468131161253,0,0.0,0
14807,39.70411303381791,1,3,15.180259471601879,7,0.16044447490142244,0,0.0,0
14808,55.045457964673226,5,3,12.744578614785787,7,0.5951540894225524,0,0.0,0
14809,67.13936742268402,5,1,14.572237775266538,5,0.13351993697903441,0,0.0,0
14810,38.50419819805039,0,2,11.33021895200141,7,0.23740919126745724,0,0.0,0
14811,22.941467775224183,2,6,15.323334613728594,2,0.9242131099945168,0,0.0,0
14812,38.50860738058392,3,3,0.0,7,0.999883337395522,0,0.0,0
14813,12.301433610501018,3,3,16.069279445938033,2,0.9996466783749276,0,0.0,0
14814,34.21684765202963,4,3,1.7297603598473952,3,0.31240741798515953,0,0.0,0
14815,34.71884916177859,3,1,5.639845803002066,7,0.9998861583379721,0,0.0,0
14816,39.47755574994987,2,4,0.506478122835313,7,0.9142914257382653,0,0.0,0
14817,45.84973428123575,4,6,13.784953395964617,2,0.473085715832271,0,0.0,0
14818,49.454469683752805,3,2,11.079699300261744,1,1.0003870449175372,0,0.0,0
14819,32.33703752209728,4,6,15.858127623390871,1,0.09188272884323345,0,0.0,0
14820,46.96533692578399,3,2,7.95571881753496,4,0.6470116482207158,0,0.0,0
14821,36.85714233011425,3,3,4.280507780377081,2,1.0005766587290277,0,0.0,0
14822,50.198183790981545,3,3,16.58769891402911,2,0.9994975218323622,0,0.0,0
14823,33.42364068265537,5,7,8.276312108202292,7,0.8333645194980459,0,0.0,0
14824,25.882550914289745,3,3,6.657761223396022,3,0.4939791614620182,0,0.0,0
14825,53.88561924298237,1,5,8.98761939500135,7,0.9996228628609631,0,0.0,0
14826,23.35333400877222,3,4,15.505899679364141,2,1.000241518404907,0,0.0,0
14827,54.878268751286896,2,6,11.350205208006383,2,0.9998679222334872,0,0.0,0
14828,26.655565073753642,4,1,20.000670100808307,2,0.0,0,0.0,0
14829,36.28471166668492,4,6,9.35371235220476,0,0.5340549149267946,0,0.0,0
14830,18.017730312543858,3,6,19.816304935281487,3,0.2404267252677747,0,0.0,0
14831,49.718152517050946,1,4,19.988225237780792,7,0.9954313353513028,0,0.0,0
14832,51.01207337822784,2,5,19.955222567358003,1,1.1065319041286794,0,0.0,0
14833,47.31755154210589,3,4,19.99599920116385,2,0.49924382122718225,0,0.0,0
14834,18.163190193782206,3,4,14.145836260096871,2,0.9998311810940435,0,0.0,0
14835,35.69807288870495,3,6,11.295382004005022,7,0.9159739049599602,0,0.0,0
14836,58.32995317496608,3,7,12.856313674973448,7,0.9999977197719458,0,0.0,0
14837,37.07995359165423,1,3,7.400013500267512,3,0.07054597274365326,0,0.0,0
14838,43.87159364651063,5,6,14.811969854497914,7,0.9997271813381916,0,0.0,0
14839,28.82560513804759,4,2,9.863971122855059,7,0.6261888859279952,0,0.0,0
14840,40.09216361947696,4,3,0.0,3,0.5731756649171398,0,0.0,0
14841,10.995903787029171,2,3,8.5172709626516,3,0.7000998012176802,0,0.0,0
14842,44.32950096197822,2,3,19.674099500539548,3,0.071065786265877,0,0.0,0
14843,53.98019673846012,3,3,21.555766706633307,7,1.000173096255327,0,0.0,0
14844,83.83683836257674,2,3,8.24329167231598,5,0.9468371532397892,0,0.0,0
14845,43.20558178789437,4,2,0.8993430656257981,7,0.7142756590390804,0,0.0,0
14846,45.293017556922806,3,5,11.458052406762771,7,0.9997153986449686,0,0.0,0
14847,29.009720769616813,3,3,3.5114974116862765,1,0.06292740920599293,0,0.0,0
14848,35.22291814897174,5,3,11.928223159988447,0,0.5007847655993029,0,0.0,0
14849,41.59758325784039,2,4,18.907166389253106,5,0.822315485603078,0,0.0,0
14850,41.537770162772574,4,6,9.424701065906227,6,0.4507363434003725,0,0.0,0
14851,54.5972107201699,1,3,19.138290544069765,7,0.9996371794544952,0,0.0,0
14852,41.83395650874357,1,3,0.0,3,0.5057883611675389,0,0.0,0
14853,39.694746594634225,0,2,11.94275512263203,3,0.4390630944546129,0,0.0,0
14854,20.57157261007989,4,6,14.784562216569903,2,0.7311342448598679,0,0.0,0
14855,62.346347522361185,3,1,7.903780127523535,4,0.9909983638257526,0,0.0,0
14856,38.80770268766441,4,3,15.233623889397517,7,1.0002452560097157,0,0.0,0
14857,43.86412293023322,2,6,15.086813558344621,7,1.0000940703765742,0,0.0,0
14858,36.98047237087817,1,3,7.546560958993253,3,0.41194774450236404,0,0.0,0
14859,27.42060312087351,4,3,6.635194638240845,6,0.5034810900103741,0,0.0,0
14860,38.99950027417172,4,5,8.099479041214794,7,0.34882881000510096,0,0.0,0
14861,52.809771249107754,1,0,19.11836269547057,6,0.18217207004225144,0,0.0,0
14862,31.475836063452057,1,2,11.37455314026652,4,0.04695442343044465,0,0.0,0
14863,45.69326038794845,2,3,22.788287409709504,7,0.955637709799533,0,0.0,0
14864,44.09168358557414,4,8,2.176969841693614,7,0.5331082610647194,0,0.0,0
14865,35.46342391246364,4,3,8.522728295821423,7,0.2791081372945361,0,0.0,0
14866,43.92775145361595,4,5,4.672655144321916,7,1.0448347982513277,0,0.0,0
14867,48.0555143933836,3,5,0.4589920134970047,7,0.09843441986859824,0,0.0,0
14868,41.240864030800395,5,1,5.1024066518461435,6,0.549002223628374,0,0.0,0
14869,36.049040889338585,6,3,14.200693389094539,5,0.49844460599377105,0,0.0,0
14870,30.831683102912663,5,1,19.999393690076033,4,0.48868164353268406,0,0.0,0
14871,33.53368256514174,3,3,9.111638727460164,3,0.5421356092315934,0,0.0,0
14872,51.50456074128008,4,6,17.752586372549565,1,0.9493527335022824,0,0.0,0
14873,47.73822486358644,2,6,8.770914057934597,7,0.31870599919350406,0,0.0,0
14874,35.554669914770024,0,1,13.5307345768631,2,0.2314010858712937,0,0.0,0
14875,73.31410311061774,3,4,17.766195527127895,3,0.7856222013326768,0,0.0,0
14876,29.251249808442218,4,2,7.179991000575326,1,0.9995963829880883,0,0.0,0
14877,19.850556000238164,1,3,0.0,0,0.9996674457922716,0,0.0,0
14878,25.92786546745074,3,2,7.286248477011879,7,0.18432116640885565,0,0.0,0
14879,43.88416378902851,3,7,18.650702240693924,7,1.0001080281663277,0,0.0,0
14880,25.54939422486767,1,3,11.418069397532566,4,0.002704861356194632,0,0.0,0
14881,45.276408197468285,4,3,13.72103197101551,3,0.7257219810834432,0,0.0,0
14882,58.7271184362519,4,6,7.324975091070982,7,0.7950639566804112,0,0.0,0
14883,71.60382016065384,3,5,0.24567580739213746,3,0.49854008928099314,0,0.0,0
14884,32.15320607561446,2,3,5.77595012798294,6,0.35919351998030113,0,0.0,0
14885,58.57049022083179,2,4,19.981867423198253,1,0.741691843515073,0,0.0,0
14886,33.492868966148,1,1,20.00911073375581,0,0.35426799995096897,0,0.0,0
14887,55.192606301117436,2,1,24.07910229511927,7,0.9548840855289167,0,0.0,0
14888,53.158333596348356,5,6,9.506192227113461,3,0.9992387802608151,0,0.0,0
14889,46.99841890065944,4,6,2.0015357893098376,5,0.9314127778663124,1,90806.98356921376,1
14890,26.56902112184339,5,4,11.544906282886052,1,0.359938386806009,0,0.0,0
14891,32.668880272339656,6,3,10.37190653235295,1,0.1936998934264721,0,0.0,0
14892,30.053435566306277,4,6,15.509212319984009,7,0.04064763536012539,0,0.0,0
14893,41.41074250343087,1,1,18.149668652480514,7,1.000204715634244,0,0.0,0
14894,45.54094423334896,3,3,0.0,7,1.0000274871339303,0,0.0,0
14895,59.69303514356564,4,3,19.916318140590292,7,0.5859858042652826,0,0.0,0
14896,58.15020082623965,3,3,2.9996693829657417,0,0.4981667186032993,0,0.0,0
14897,44.22269500675896,0,3,11.776524225007373,3,0.5205613813712089,0,0.0,0
14898,33.761538475791966,1,5,12.108461860100523,3,0.9856948851063807,0,0.0,0
14899,48.296352836050964,4,3,4.150728484092833,2,0.6682177024591782,0,0.0,0
14900,34.15529263759985,5,3,10.616749349434423,5,0.9510359726682328,0,0.0,0
14901,64.90832553171965,4,4,20.00953725769626,7,0.8843604529801761,0,0.0,0
14902,61.492918052302116,4,3,14.500416926263208,7,1.0004290022712128,0,0.0,0
14903,31.794480449022302,3,6,7.022511206523989,7,1.0002225233120785,0,0.0,0
14904,29.432513574016795,4,6,20.89102313820557,6,0.695036192484176,0,0.0,0
14905,53.76800674213922,0,6,16.978446800135416,1,0.5378810872414314,0,0.0,0
14906,43.493657207251175,1,5,7.060667551391634,4,0.5431924142698801,0,0.0,0
14907,38.57356794102092,3,2,17.294540228767993,2,0.9605706992217594,0,0.0,0
14908,35.26157076936528,5,6,4.658670504251117,7,0.42419176486258275,0,0.0,0
14909,43.02373342315103,3,5,3.294893090157017,2,0.49255761679731075,0,0.0,0
14910,30.383831206239513,4,3,12.497706524361156,1,0.18338708302949924,0,0.0,0
14911,37.79618932209928,2,3,0.0,5,0.056103926216509836,0,0.0,0
14912,47.78698060486089,3,6,22.50514166447295,7,0.99995062801681,0,0.0,0
14913,21.092026540855773,2,6,0.07214694468202332,0,0.0,0,0.0,0
14914,59.832289652059615,3,4,7.410021245500598,3,0.33944573439899783,0,0.0,0
14915,39.667183628301615,5,4,20.003214916672903,7,0.45450127581078026,0,0.0,0
14916,44.99756593563916,2,3,15.927577335221304,1,0.9764895325831247,0,0.0,0
14917,42.85482320501842,1,3,13.50350527560939,2,0.9822983325209793,0,0.0,0
14918,55.16262336315407,3,3,23.983503317368417,7,0.6169126916108364,0,0.0,0
14919,44.975592350629476,4,3,7.088978949865005,3,0.22884978666108713,0,0.0,0
14920,40.58823836097353,2,3,8.839007593595536,6,0.9995486907759105,0,0.0,0
14921,28.504711534145496,1,6,9.78274891483782,1,0.268717517529589,0,0.0,0
14922,43.20052007948588,3,1,3.2938837390083284,5,0.0,0,0.0,0
14923,44.141188675720485,3,6,12.229070295916205,6,0.07096700145687518,0,0.0,0
14924,58.31520343427396,4,4,20.001930818207214,1,0.0,0,0.0,0
14925,48.84954654554172,1,3,11.530227612460987,7,0.9992632545681193,0,0.0,0
14926,54.86776584156653,0,6,15.246380348012211,7,0.10456509051722107,0,0.0,0
14927,40.40911510997513,1,4,20.010921775105395,7,0.609838432989612,0,0.0,0
14928,48.61626277619601,4,2,11.92485631707062,1,0.4486000687476079,0,0.0,0
14929,44.77356507230272,3,2,8.195086271656955,7,0.3122333853501985,0,0.0,0
14930,49.546572428060514,3,6,9.7475810491696,6,0.2414776532522797,0,0.0,0
14931,35.06378801854565,5,3,0.0,2,0.6939499867590064,0,0.0,0
14932,36.8875477390438,3,1,12.127205470821362,4,1.000338299808076,0,0.0,0
14933,49.95603249230433,2,6,9.698884862017177,1,0.5615882661113683,0,0.0,0
14934,46.011943671589854,4,5,17.13586368878819,3,1.0005464744113495,0,0.0,0
14935,39.723671237165085,3,1,12.320700713949192,7,1.0001393302020014,0,0.0,0
14936,56.85164098687042,1,4,2.842983320320613,1,0.10668558306803189,0,0.0,0
14937,42.93828450486464,3,3,13.35646565239933,2,0.5005066155555289,0,0.0,0
14938,47.21477191062332,2,1,7.5140500429493144,1,0.11064630197949987,0,0.0,0
14939,52.35430939141847,2,3,14.052436459255345,2,0.5023182832043496,0,0.0,0
14940,39.39729803112634,4,3,13.410257238241174,2,0.34063834256279407,0,0.0,0
14941,47.41383531410107,3,6,20.370624639595835,4,0.999813107182764,0,0.0,0
14942,49.6194104847129,3,1,7.223511289971109,5,1.0001099794487147,0,0.0,0
14943,33.095495806831735,4,1,5.248758971954214,2,0.49682089859778017,0,0.0,0
14944,41.616960096183035,3,4,0.0,3,0.12272352628530159,0,0.0,0
14945,65.38005507883014,3,3,23.3512547049369,5,1.0001386176825775,0,0.0,0
14946,36.75184521045591,3,1,2.205414425423175,0,0.0,0,0.0,0
14947,50.135979012247326,4,2,11.09978438188467,3,0.9926772247422385,0,0.0,0
14948,32.332001955483875,3,3,6.681504016094096,0,1.0000660268149908,0,0.0,0
14949,49.99864073255992,3,3,20.009461312656374,6,0.12863616638210085,0,0.0,0
14950,52.099223987827465,4,6,16.952693598230507,5,0.2317988897376842,0,0.0,0
14951,32.01089988228808,3,1,3.0267130504994224,3,1.000094163309456,0,0.0,0
14952,47.91611413947075,4,2,16.855077551755457,2,0.3930545574708882,0,0.0,0
14953,37.36530197881325,4,1,9.736531550305628,1,0.999747561019092,0,0.0,0
14954,44.98863821372805,1,3,10.669074252428148,2,0.1709549123084787,0,0.0,0
14955,35.09265293021947,4,4,19.989430498632608,7,0.5526289746213411,0,0.0,0
14956,28.59690127579256,4,1,16.194811767038907,0,0.5883927644684311,0,0.0,0
14957,51.39439387317451,2,3,9.670202786377152,5,0.9277847578861119,0,0.0,0
14958,34.32649464803477,3,6,8.21411900862434,7,1.0002628591983278,0,0.0,0
14959,42.75092582714126,4,3,14.722761249670151,6,1.000136649458206,0,0.0,0
14960,56.1689849068223,3,4,19.995085078639008,2,0.4974845454658551,0,0.0,0
14961,43.953709594705614,4,3,19.620866073393245,3,0.0,0,0.0,0
14962,41.4368268345494,3,6,4.774506489766239,7,0.07950897445924265,0,0.0,0
14963,47.51533391622085,3,1,5.455237099110512,4,0.9999160949579897,0,0.0,0
14964,44.25728871964283,2,3,7.671745246545196,3,0.9997022158607417,0,0.0,0
14965,37.022573299085835,3,1,6.929956936843953,1,0.48742355412646027,0,0.0,0
14966,25.270822696651205,3,2,16.23666229305004,6,0.059106609609431815,0,0.0,0
14967,42.6557196816554,4,2,13.371514855962394,7,0.7878103177141756,0,0.0,0
14968,35.68607208065265,4,4,20.006592630796483,7,0.31184489626527173,0,0.0,0
14969,56.22200031009165,4,2,0.0,7,0.3490496144711543,0,0.0,0
14970,25.57491739341718,6,6,8.205640332878895,6,0.8086816454665486,0,0.0,0
14971,25.966576235898717,1,2,1.8952550761296774,5,0.365203612967166,1,78765.93028785432,1
14972,45.62966164484153,2,4,19.992488617185042,1,0.4958673732694798,0,0.0,0
14973,45.630686859767465,3,5,21.24816166905564,1,1.0000134738572704,0,0.0,0
14974,50.1593175222408,3,3,1.8863345989319438,7,0.8150200841878439,0,0.0,0
14975,52.736635190487796,3,7,4.259380551854806,7,0.2482962941712999,0,0.0,0
14976,53.13469878400504,3,5,5.49986640594155,1,1.1313419350789231,0,0.0,0
14977,42.028752254075165,3,5,17.752626418200762,7,0.9997226442145069,0,0.0,0
14978,39.12416762420169,2,6,20.9005940149995,7,0.399808294847703,0,0.0,0
14979,50.79151930956116,3,3,6.055659551692955,1,0.4978810721975361,0,0.0,0
14980,43.606993914923265,3,4,9.950436145601223,3,0.9108891836937825,0,0.0,0
14981,31.69120572317194,2,6,9.017016283448429,1,0.925490679709838,0,0.0,0
14982,37.04666126086735,1,4,0.0,2,0.6788665960476178,0,0.0,0
14983,36.58604473730845,5,3,5.020715271114301,3,0.9225690128743337,0,0.0,0
14984,41.38310886458576,2,3,8.759385148386613,6,0.9412475087795767,0,0.0,0
14985,40.70763074444495,0,4,20.004677843972956,1,1.0007022642619618,0,0.0,0
14986,58.6297022285094,4,1,10.110604022814554,6,0.9999100742493825,0,0.0,0
14987,59.88031999529264,4,1,13.889867158260378,7,0.5187070820153356,0,0.0,0
14988,36.23919428133598,4,3,4.323824293653827,7,0.20669092082369406,0,0.0,0
14989,50.01666513089141,2,5,18.99999461106793,3,0.14641440130481898,0,0.0,0
14990,22.53084026301292,3,5,13.691553795157176,4,0.2519224567706099,0,0.0,0
14991,48.77137675848065,2,1,11.921385631169182,6,0.4865490968837896,0,0.0,0
14992,38.37320540604096,4,5,3.068876938139409,6,0.45052052945432364,0,0.0,0
14993,34.41652327126161,5,2,4.805374473253651,7,0.6347664798497115,0,0.0,0
14994,52.71061828820641,3,6,16.71468059126394,5,0.584800687126546,0,0.0,0
14995,47.629117053959334,4,6,10.381723687670712,5,0.3437351756055218,0,0.0,0
14996,27.175465441675644,3,1,15.912906860271956,1,0.4117882757638357,0,0.0,0
14997,44.16317413622222,3,6,6.260006854783905,4,0.4674040894979233,0,0.0,0
14998,54.60588003020821,3,3,25.206837653053142,7,1.0000751460820618,0,0.0,0
14999,18.54599542522802,3,6,2.454403010582869,2,0.0,0,0.0,0
15000,45.24370137773505,2,5,12.00796393576925,2,0.7536885428327441,0,0.0,0
15001,35.6432605286417,4,3,8.643076255670442,1,0.9995747413050916,0,0.0,0
15002,25.79313568361032,3,2,6.843888992224165,7,0.7770418012073521,0,0.0,0
15003,54.18007513170822,2,3,11.343022986385257,3,0.2590293918367732,0,0.0,0
15004,45.74019141712161,3,3,12.25886920140808,2,1.0000589899521939,0,0.0,0
15005,30.831424144428766,2,1,7.1357285486823985,7,0.9681328676884767,0,0.0,0
15006,40.36918118982865,5,1,7.837416207608152,5,0.5008533824153492,0,0.0,0
15007,22.170130046566058,3,7,5.935263041270263,5,0.27694673756729177,0,0.0,0
15008,40.4182982443703,5,6,1.6593920549919172,7,0.20565305430434794,0,0.0,0
15009,35.1570655745101,3,3,3.20980724728295,4,0.499577646995119,0,0.0,0
15010,44.840056372951835,3,3,3.178334754301294,4,1.000120751552966,0,0.0,0
15011,37.551608407792344,2,1,12.729286727196776,3,0.3884524053865704,0,0.0,0
15012,30.6310887132194,2,2,10.339621606705446,7,0.11809355561791579,0,0.0,0
15013,37.814108135255154,1,3,9.4691612604036,2,1.0000994655209154,0,0.0,0
15014,31.01777626363588,3,1,12.239484224890074,2,0.1380297417482408,0,0.0,0
15015,72.03211450014444,1,2,7.443997206874178,7,1.0297620294017769,0,0.0,0
15016,47.181531553298996,4,3,6.2298189775810515,0,1.0000103997671268,0,0.0,0
15017,52.38343850643485,3,6,17.387408761868393,7,0.9996014450860594,0,0.0,0
15018,43.52991744107344,1,6,13.068295810202693,1,0.9654378372442055,0,0.0,0
15019,42.961948598912194,2,6,8.269325837206747,7,0.2159774614941265,0,0.0,0
15020,49.819675404023556,2,3,17.800225111682206,4,0.5024768986898994,0,0.0,0
15021,49.5592488244173,5,6,2.711009506772964,7,1.327789592317803,0,0.0,0
15022,69.24730649082238,3,3,3.323225528067413,2,0.4947221482454121,0,0.0,0
15023,51.54916256516812,3,4,19.417662314680165,0,0.9356998971739617,0,0.0,0
15024,48.08617719592864,1,3,0.0,2,1.000433369261734,0,0.0,0
15025,34.86389724735563,4,4,19.998636177330003,1,1.0002605577415498,0,0.0,0
15026,46.47314679956888,1,6,3.4468694688488366,7,0.6691519548954682,0,0.0,0
15027,45.784110750560714,4,2,10.859511427326101,7,0.9997780655264511,0,0.0,0
15028,38.292764871084216,4,6,13.329832938566577,7,0.26267506311047834,0,0.0,0
15029,45.42960798260146,2,1,16.14316899127871,7,0.110718142120797,0,0.0,0
15030,24.461310371494953,4,2,1.07234928710802,6,0.783436706515109,0,0.0,0
15031,59.51350494087461,2,1,11.019879699653702,2,0.49629961327534106,0,0.0,0
15032,62.86429965333937,2,3,6.172165241484192,0,1.0008171502067356,0,0.0,0
15033,59.97605904926946,3,1,8.396034634755361,5,1.0000095209203586,0,0.0,0
15034,22.103445878689655,3,2,10.09863344330928,7,1.0000532223580216,0,0.0,0
15035,38.25289271316341,2,3,9.113983007104324,2,0.0,0,0.0,0
15036,50.95793454114241,3,3,15.952014592225623,2,1.0002410460646707,0,0.0,0
15037,41.22465653432483,5,3,7.807824244780764,6,0.9995321178181861,0,0.0,0
15038,40.683609521585545,1,3,6.3262446343335235,4,0.0,0,0.0,0
15039,26.96796579118188,0,6,16.342074996056994,1,0.8296851618371188,0,0.0,0
15040,36.22356564126571,4,3,16.238723738773395,2,0.05297064935854512,0,0.0,0
15041,54.79470469654646,6,1,19.991399490961083,5,0.14657434271607783,0,0.0,0
15042,22.62569649850375,7,6,18.543365497763695,3,0.49853277539902824,0,0.0,0
15043,64.84624589947154,2,3,9.763662050702727,7,0.9993879868691369,0,0.0,0
15044,17.561832680215346,3,3,13.757063353113622,3,0.7386229050469499,0,0.0,0
15045,46.892235500822665,1,6,6.218510721904691,6,0.5956897234355606,0,0.0,0
15046,42.94479172149273,4,4,20.01213996751003,7,0.999608871520639,0,0.0,0
15047,41.269221481690934,4,5,6.369504393484447,1,0.8321542125430734,0,0.0,0
15048,29.102190793445256,2,3,10.920943394007098,4,0.46422158349358167,0,0.0,0
15049,45.405964621256516,2,6,8.805308185823527,2,0.5833299459060204,0,0.0,0
15050,26.992038551656222,1,2,1.7427761271168478,1,0.14441943852953176,0,0.0,0
15051,51.25420665400466,3,6,17.68142530208249,3,0.9995796656501268,0,0.0,0
15052,50.63070189022949,4,2,0.0,6,0.9997302538842645,0,0.0,0
15053,47.21966483938897,2,2,17.33698182342595,3,0.6514433832164449,0,0.0,0
15054,18.47306660125403,2,3,12.352426983829861,3,0.0905161172604877,0,0.0,0
15055,62.639909908627175,2,4,20.016506840374312,7,0.2569607785428975,0,0.0,0
15056,60.413949981216376,3,6,5.598092063831738,7,0.8869117149998446,0,0.0,0
15057,68.92038781841407,4,4,20.013776442507453,7,0.34865268636934166,0,0.0,0
15058,21.205597168203493,5,3,4.248319081210558,3,0.5001260969136851,0,0.0,0
15059,64.80741883863334,1,3,2.2118087581089174,1,0.9992893933091618,0,0.0,0
15060,42.96562987767233,2,2,16.110648973457785,7,0.9996769353375401,0,0.0,0
15061,21.95100796529625,4,6,4.5897739008349046,2,0.4762369238067463,0,0.0,0
15062,60.638138055994645,2,3,9.260251294312237,3,1.0002116977702071,0,0.0,0
15063,45.850266178080965,5,1,6.236206084831879,0,0.2886050256175987,0,0.0,0
15064,43.41829917623447,5,1,20.004342682588252,3,0.5929370192306215,0,0.0,0
15065,44.690632336516536,2,3,20.44993651007332,7,1.000263852190201,0,0.0,0
15066,42.8530552508442,2,1,10.90852008741648,4,1.0003823094801576,0,0.0,0
15067,76.27220668511245,3,2,6.842435538735491,6,1.0000986278541224,0,0.0,0
15068,39.93113179287877,1,1,20.009012159263214,6,0.2929902744821925,0,0.0,0
15069,43.19484899212702,4,2,7.851484279070063,7,0.999971852370555,0,0.0,0
15070,30.561519190397537,2,2,12.208818203645837,1,1.0001849253598016,0,0.0,0
15071,41.695836002479105,3,3,20.001086791736338,4,1.052665103456917,0,0.0,0
15072,57.59826860396137,2,6,13.407293043981385,7,0.38015050220558816,0,0.0,0
15073,18.36488967041843,0,2,9.06621483898032,7,0.7039155969984181,0,0.0,0
15074,50.397344450916854,5,6,25.198743976631263,7,0.9996123299818214,0,0.0,0
15075,25.55546169470137,2,1,3.478463484018736,1,0.5615872346798182,0,0.0,0
15076,44.84454871740756,3,4,11.441343382193727,2,1.000263038449456,0,0.0,0
15077,42.78264931327554,1,3,7.4517227928306085,2,0.32768532014205726,0,0.0,0
15078,45.489701555972566,1,3,0.0,2,0.9616790029846147,0,0.0,0
15079,47.60198138182598,1,3,19.92171811727814,6,0.0,0,0.0,0
15080,50.29156996049841,4,3,0.0,7,0.7203285134221293,0,0.0,0
15081,51.34656859960785,1,2,12.441986530504508,7,1.0003757283853714,0,0.0,0
15082,37.934634306951914,3,3,0.0,1,1.000403608382049,0,0.0,0
15083,58.6450896266047,2,3,6.065014973475764,2,1.0002863900436982,0,0.0,0
15084,38.031844855631554,3,5,16.064923505920472,1,0.9994989493831741,0,0.0,0
15085,57.11545995485944,4,6,17.53529062433984,2,0.5868223396178099,0,0.0,0
15086,62.171439786782145,5,6,14.66334462812715,3,0.08206126998330399,0,0.0,0
15087,25.991506855520274,3,2,5.927308739301773,4,0.2065174689333551,0,0.0,0
15088,46.66805623657146,0,3,4.885206725657555,3,1.000534232201546,0,0.0,0
15089,17.838081981454007,3,3,6.2137529921709245,0,0.0,0,0.0,0
15090,50.000005086415264,0,1,9.391626926004102,7,0.7954696213774084,0,0.0,0
15091,35.967041285186994,3,3,12.207083463570024,7,0.9672382000959991,0,0.0,0
15092,42.35054503312011,2,3,18.332220551317867,7,1.000443046317855,0,0.0,0
15093,25.989196422540733,1,3,0.9869477975275931,1,0.8581658372564938,2,276300.9580379295,1
15094,51.80857026937731,2,3,6.027878556431154,7,0.9994273471689445,0,0.0,0
15095,28.907058381607488,1,2,11.600545664573156,3,1.000977078577832,0,0.0,0
15096,45.68722003415373,3,2,1.0801406244221905,7,1.0000537577776498,0,0.0,0
15097,22.379151933011215,3,6,13.001611235962574,3,0.9998763830516839,0,0.0,0
15098,28.15644698937035,3,2,5.2379330243623965,4,0.5375505353019501,0,0.0,0
15099,37.53187306611318,6,2,10.031698187319241,1,0.0,0,0.0,0
15100,32.36431930053561,3,2,3.5309037324009003,7,0.890033660504674,0,0.0,0
15101,53.7487470785865,3,3,7.208295327391991,2,0.4974966085152804,0,0.0,0
15102,26.741907653511856,3,1,0.0,1,0.3513455805260724,0,0.0,0
15103,62.279737199982655,3,3,11.763034234159116,7,1.0002566209226478,0,0.0,0
15104,21.768662136499657,2,3,5.5418985140119394,2,0.36018682501412674,0,0.0,0
15105,19.170941106211412,3,6,13.228073664060462,3,0.2581400458330432,0,0.0,0
15106,43.03780594741304,4,1,19.262638262363513,0,0.49762986599262526,0,0.0,0
15107,48.2384764274977,3,6,6.581649524595117,4,0.9998411617017335,0,0.0,0
15108,42.99181600204096,3,2,14.903500779240217,1,1.0003510935943276,0,0.0,0
15109,32.71462177578444,4,3,16.998114623032762,1,0.9676880960599966,0,0.0,0
15110,51.66407709767884,4,3,6.231275584457834,1,0.39770194920383567,0,0.0,0
15111,28.90742113825807,3,3,15.75047269711057,7,0.5060629592043421,0,0.0,0
15112,54.59902904277019,3,3,18.576741350242585,7,0.6494877956033747,0,0.0,0
15113,40.54401704934937,3,3,7.332169844457691,4,0.5016034349313844,0,0.0,0
15114,45.67632353833826,3,6,13.567475541732698,7,1.0000935438321543,0,0.0,0
15115,26.325660708376347,0,6,13.73601725653721,3,0.5655975429548714,0,0.0,0
15116,54.3209283333902,6,4,20.205231625376452,7,0.5009347879143109,0,0.0,0
15117,53.01178428823573,1,1,2.9866263502668176,4,0.5778373368014947,0,0.0,0
15118,52.5866079585531,2,6,20.289010760078334,3,1.0000387943507727,0,0.0,0
15119,48.87414839533971,3,5,15.445588072307393,4,0.9968951538370037,0,0.0,0
15120,25.177719108048546,2,3,3.6559008377727986,0,0.9998989044482371,0,0.0,0
15121,54.33452384001819,1,1,4.52587782883576,3,0.2136249240801376,0,0.0,0
15122,40.122808040424026,1,3,11.56504083771387,3,0.4991335889576185,0,0.0,0
15123,17.832864564995184,3,4,7.119434709708303,1,0.9522237427439715,0,0.0,0
15124,40.788090955420024,4,5,0.0,3,0.5048204545645519,0,0.0,0
15125,57.922335251219124,5,3,3.8168807355676124,2,0.5010774657432807,0,0.0,0
15126,35.75096163283393,3,4,22.150473242515744,4,0.6001286571186509,0,0.0,0
15127,51.39002199576959,3,4,20.0087834069216,1,1.1402169607125472,0,0.0,0
15128,47.75572556748085,6,3,8.519177616320595,7,0.23401018359282283,0,0.0,0
15129,46.58161647474425,3,5,4.022226013681078,5,0.9060348989838033,0,0.0,0
15130,43.39772790057451,2,2,12.23178641696001,2,0.2742482622316038,0,0.0,0
15131,27.72218142430858,2,6,4.735531527923939,5,0.0,0,0.0,0
15132,50.095512378752986,1,5,14.091188406760661,6,0.3986472258992588,0,0.0,0
15133,26.219264772989355,0,3,9.380808881249747,7,0.331169715049351,0,0.0,0
15134,58.693243089377205,3,5,15.79932900486343,3,0.49720562642636196,0,0.0,0
15135,20.549845781752982,2,4,20.001630142516568,1,1.000039601845096,0,0.0,0
15136,48.57200835464978,1,5,17.831839860233117,6,0.34916510692952746,0,0.0,0
15137,58.60364544732259,2,3,7.153853684209617,3,0.9995822818970184,0,0.0,0
15138,67.06757623313771,1,3,14.522870206526068,1,0.9351362747771248,0,0.0,0
15139,80.076538358151,3,4,20.000508936436695,1,0.999768992963421,0,0.0,0
15140,53.49702737203409,0,2,3.4820599119987836,7,0.69941196278994,0,0.0,0
15141,24.83459766138813,3,4,19.996134049417044,1,0.20508966467033524,0,0.0,0
15142,41.493736471264135,4,1,13.698489269978428,6,0.5814885561727943,0,0.0,0
15143,4.8167100398706,3,1,14.064554851977256,4,0.3253394452879008,0,0.0,0
15144,46.36432417928251,3,1,19.486291986272697,2,0.9998326357740366,0,0.0,0
15145,53.370231514063136,1,3,4.74932420139458,7,1.0001107959779347,0,0.0,0
15146,44.59773945560808,4,3,7.144165733149296,6,0.2865283632189237,0,0.0,0
15147,43.692569485339945,4,1,20.009017478738503,5,0.18246227148635452,0,0.0,0
15148,55.27735996723126,3,6,15.489965495110177,7,0.7423369837540121,0,0.0,0
15149,31.121783105489065,5,2,10.82573801642898,7,0.6989053023037917,0,0.0,0
15150,51.93245545961024,4,3,12.342024022036185,6,0.511699278469681,0,0.0,0
15151,34.704905476719645,3,4,12.986876716340872,1,0.3702911092095255,0,0.0,0
15152,62.42526312515899,3,3,13.255074387451833,3,1.0002946859061974,0,0.0,0
15153,56.694280582731174,4,6,0.0,7,0.8203124072366911,0,0.0,0
15154,38.93456583356057,2,4,8.804130332793596,1,0.062334367859261386,0,0.0,0
15155,41.37416238203541,4,6,0.35582362124084455,2,0.14412552545114143,0,0.0,0
15156,23.19721658591626,3,2,1.8152882425609942,3,0.1780921410452757,0,0.0,0
15157,31.827087387328067,2,1,10.457821323841486,5,1.0002093930411085,0,0.0,0
15158,31.72053587381498,3,2,6.734444234141979,1,0.4555458726271827,0,0.0,0
15159,70.18381565187835,4,3,3.546470351473606,7,1.534066547516928,0,0.0,0
15160,23.77938237524001,4,6,1.8944293101826997,1,0.5329864853887292,0,0.0,0
15161,45.031142019444935,3,3,3.9703108174044663,7,1.000235290453868,0,0.0,0
15162,37.110930071923576,2,3,6.192483374117642,2,0.8506294746912532,0,0.0,0
15163,39.64029741756536,3,7,19.858184120619725,3,0.991161101903735,0,0.0,0
15164,29.312039904583095,5,4,13.815175452974037,4,0.39278284403582375,0,0.0,0
15165,14.858083494453002,3,1,14.320008656618278,3,0.0,0,0.0,0
15166,48.739198982511724,2,2,2.0567109022635464,7,0.0,0,0.0,0
15167,51.45201948420673,6,1,17.058182447454517,0,0.46431568508206544,0,0.0,0
15168,41.505217646380544,3,3,12.009735338107696,2,0.40578977834995367,0,0.0,0
15169,75.21340796571484,5,2,2.3007309880234192,7,0.5207035128767676,0,0.0,0
15170,43.24080760837117,0,1,5.840149133140445,0,0.49694346988117355,0,0.0,0
15171,24.924116386286073,5,6,1.7738306527500995,3,0.19160032780670544,0,0.0,0
15172,48.69219011058294,3,1,7.25058581712644,7,0.38098116328976767,0,0.0,0
15173,24.717484728788495,4,3,11.321284917236223,4,0.1681595216040933,0,0.0,0
15174,53.040758893573084,6,4,19.04256031722845,1,0.9670994099307251,0,0.0,0
15175,60.15754788379856,4,2,6.5393263511537985,7,0.9308644522078149,1,260.4345830589876,1
15176,62.45486109750618,3,3,9.965500306429352,7,0.983770337127831,0,0.0,0
15177,33.18751701620057,3,4,19.99890666520266,3,0.9994776868423385,0,0.0,0
15178,23.26730058766843,3,2,8.282147804670842,4,0.2101428551568943,0,0.0,0
15179,43.590788015749,1,2,14.601239699233547,3,0.32040159801294177,0,0.0,0
15180,45.454846563507985,1,3,15.652849747185938,7,0.9997693931166218,0,0.0,0
15181,22.69180022289222,3,1,17.975092295618133,4,0.9998139931377613,0,0.0,0
15182,31.96286970225414,3,4,11.685910265800068,2,0.49245826382210167,0,0.0,0
15183,41.81441786101982,1,4,20.638875671793457,6,0.39950841135829085,0,0.0,0
15184,45.23878442810399,4,1,3.717375846423547,1,0.07620365530680706,0,0.0,0
15185,56.70019180382501,3,6,19.227344449383967,1,0.24851586119917968,0,0.0,0
15186,59.306467673920324,5,5,6.895482826823105,1,0.8640488301440324,0,0.0,0
15187,27.84223740317779,4,3,19.17892727641474,2,0.9998747402224819,0,0.0,0
15188,32.1347776917397,2,1,14.341510074193167,4,0.24942685517986962,0,0.0,0
15189,31.630733450579758,5,6,15.442402694549711,3,0.9999424008431783,0,0.0,0
15190,34.35696765879377,2,6,5.663653335630275,1,0.9537081295620735,0,0.0,0
15191,53.25220838979586,3,6,14.982816528465248,1,0.40396457210698505,0,0.0,0
15192,27.920426066154256,1,5,8.58954440212828,4,0.04625244706878717,0,0.0,0
15193,46.283674493906766,6,2,17.552576648672,7,0.5444190137997201,0,0.0,0
15194,25.512937065964103,0,6,14.112836526300642,5,0.7312560970078565,0,0.0,0
15195,35.1018323906817,3,5,17.560620519979484,2,1.0002089118905344,0,0.0,0
15196,40.45178597421994,3,1,5.01646214874548,3,1.0001413377950519,0,0.0,0
15197,57.191756162527184,3,1,18.23523149262169,2,0.9998814931480589,0,0.0,0
15198,42.70499599617702,4,1,5.505661295712273,2,0.99988823913309,0,0.0,0
15199,27.337166506434635,4,2,1.0293305233380714,7,0.17667284385052096,0,0.0,0
15200,46.79047896807693,3,1,8.364221152459397,4,0.9999932799988724,0,0.0,0
15201,59.494267452479505,4,2,7.523120372817134,7,1.000588473040293,0,0.0,0
15202,54.12413164574767,2,3,11.319044959501314,7,1.0001562539977975,0,0.0,0
15203,36.12116624312977,7,4,0.0,7,0.2430063875186999,0,0.0,0
15204,54.23058752118839,4,3,4.747575008427616,6,0.9999607692562875,0,0.0,0
15205,21.546344584397723,5,6,9.103825521709107,3,0.8447532463051588,0,0.0,0
15206,57.078392143754954,3,6,14.648407914294015,7,1.0000304365911177,0,0.0,0
15207,45.39323968646485,4,6,14.44511465595171,3,0.1555525703881493,0,0.0,0
15208,33.90090258984323,0,3,3.966165045368533,0,0.2866317590346386,0,0.0,0
15209,42.01531741981061,1,2,9.707174870377868,6,0.5478157721359975,0,0.0,0
15210,34.11855296285727,2,6,12.632319873348065,7,0.9994907165002358,0,0.0,0
15211,32.56578859703719,4,3,7.971917989749132,4,0.18892171905390293,0,0.0,0
15212,41.141560388829454,2,6,16.02464052792046,7,0.9995993092675874,0,0.0,0
15213,44.75581880029729,5,3,15.472627942870638,7,1.0003201147489742,0,0.0,0
15214,56.70633503607945,4,6,2.716373216995036,7,0.8684698015747028,0,0.0,0
15215,48.125349715489236,4,2,15.952476884456981,1,1.0566638998717488,0,0.0,0
15216,47.66957260584654,4,6,14.293200319661416,3,0.7409683230898361,0,0.0,0
15217,32.51848431553171,3,6,14.948768714144437,6,0.0,0,0.0,0
15218,46.5799407905783,3,1,16.761155653007567,7,0.9994958434992383,0,0.0,0
15219,67.13752197769556,4,4,6.152258310474892,7,0.9111967941530426,0,0.0,0
15220,54.218850364751475,4,6,6.783756661162979,3,1.0002997325133185,0,0.0,0
15221,41.20552739019646,1,3,9.752847762984256,2,0.9998227447854612,0,0.0,0
15222,58.96017937386304,3,4,8.496388070157145,2,0.9997604413256683,0,0.0,0
15223,42.187202793711585,4,6,15.77057618256702,3,0.0,0,0.0,0
15224,18.804697981100674,2,4,7.475693731353241,4,0.2182495647524858,0,0.0,0
15225,57.547140509420416,3,2,13.758989207962397,7,1.000048911115857,0,0.0,0
15226,49.389385476888236,4,6,14.228179847950686,5,0.6830991563817748,0,0.0,0
15227,39.78028900472477,2,4,0.0,5,0.21600987937760124,0,0.0,0
15228,20.661971209653736,3,6,7.663243016057391,1,0.0,0,0.0,0
15229,39.22344698287301,2,3,9.042163463760673,2,1.0003608917088387,0,0.0,0
15230,58.49067738049399,4,5,10.863403569123752,2,0.5403342523155523,0,0.0,0
15231,52.932118243208066,5,2,16.606466567029344,7,1.0001546667428545,0,0.0,0
15232,26.895832941991326,3,2,13.660506042505661,3,0.8238153394840547,0,0.0,0
15233,42.152970204996315,4,3,8.944035937454068,7,0.9993964605744337,0,0.0,0
15234,10.909808741447396,0,3,6.305888872783911,5,0.24782910096655802,0,0.0,0
15235,55.66862475242673,3,4,22.143991199500498,7,1.2055644213737213,0,0.0,0
15236,49.63732461083579,2,6,11.724144479109285,4,0.5515876456846888,0,0.0,0
15237,48.55294018330096,2,3,16.45252033725138,1,0.9778280496918115,0,0.0,0
15238,57.84351672159471,3,3,1.9659382930869693,7,0.8057597784983087,0,0.0,0
15239,48.98694191324914,3,3,13.67002840325867,7,1.000416746874391,0,0.0,0
15240,49.984654039821265,3,6,21.404875424831992,2,1.000334850412352,0,0.0,0
15241,26.276151075384472,3,2,8.374905550432686,3,0.9374810128041992,0,0.0,0
15242,12.302433060329925,4,1,7.3062575558951615,3,1.0001830056549634,0,0.0,0
15243,20.418626967303986,5,6,17.40427556372251,7,0.5838526406616434,0,0.0,0
15244,31.885830646480187,3,6,18.534320682472753,2,0.35162547484345064,0,0.0,0
15245,49.48597169861055,2,6,19.656390099018292,7,1.000029043256177,0,0.0,0
15246,36.47266513779557,3,5,19.99757438038037,1,0.676461950260644,0,0.0,0
15247,44.08701777131709,3,4,1.7932950817671713,2,0.9996825800002795,0,0.0,0
15248,37.880220944416415,1,3,12.6270455204179,6,0.9998667597449189,0,0.0,0
15249,56.08473998880245,3,6,8.405852024600215,1,1.000186367227999,0,0.0,0
15250,31.0047975153845,4,5,19.78856693170566,1,1.0003989200341494,1,27906.656764700634,1
15251,26.46667503884934,6,6,9.900801063324652,1,0.31152576047226577,0,0.0,0
15252,34.9172652424657,3,1,20.774257714627147,6,0.9998098194072632,0,0.0,0
15253,21.065792111366132,3,1,9.411400467562583,7,0.40496873545750367,0,0.0,0
15254,69.7889633467141,4,2,13.75670838407205,3,0.5303442521312113,0,0.0,0
15255,41.298602734365346,3,6,13.173190825083687,7,1.000452555158849,0,0.0,0
15256,26.362198021600353,0,6,22.933112658959697,1,0.4865303690533076,0,0.0,0
15257,31.336063324414912,4,3,7.088256956588499,7,1.000071617590327,0,0.0,0
15258,38.38017490587601,4,6,15.91090935357878,5,0.999692123785927,0,0.0,0
15259,33.93625286229485,3,3,0.0,1,0.14480451019924045,0,0.0,0
15260,40.85859293915361,4,1,7.600023394079997,7,0.9998394089909313,0,0.0,0
15261,38.25279291586809,2,7,0.0,7,0.9375865275970543,0,0.0,0
15262,55.31782282508621,1,3,6.230320320731307,7,0.33790428005812045,0,0.0,0
15263,39.34923431210238,3,5,19.583624333718813,2,0.9283424132988827,0,0.0,0
15264,26.565683646558117,1,3,7.45068556644112,3,0.9995059872313582,0,0.0,0
15265,44.712999635685655,3,4,20.005064964338814,7,0.89674806295431,0,0.0,0
15266,58.362718028491514,5,3,0.45295758442074785,3,1.000322605286128,0,0.0,0
15267,50.70151386038926,2,1,22.020612713337755,7,1.0002693306636883,0,0.0,0
15268,40.3160500450033,3,6,5.744465966393394,7,0.5159577112344838,0,0.0,0
15269,27.591634115579325,3,2,0.0,7,0.315789830213285,0,0.0,0
15270,47.06042417824882,4,6,5.756834813118685,2,0.558801034971941,0,0.0,0
15271,28.97991456003392,1,1,0.6113460076317576,5,1.0003570189236302,0,0.0,0
15272,22.988922697041875,5,3,11.745456172679242,5,0.6348637569008578,0,0.0,0
15273,44.12678171357493,4,3,17.38839587418994,4,1.0002294693512004,0,0.0,0
15274,59.21230627921946,3,6,18.7024925158563,4,1.0002094306089124,0,0.0,0
15275,43.82287675325399,2,4,6.994279103248689,7,0.9018954483834052,0,0.0,0
15276,33.33317650212334,4,1,20.004121141015556,2,0.48607159617866585,0,0.0,0
15277,52.18599271243895,4,4,15.353943013128745,7,0.9997085603766698,0,0.0,0
15278,25.223579833666214,1,3,13.759953068024117,7,0.9995024768807219,0,0.0,0
15279,48.177747876127384,4,3,0.0,4,0.6111702952534055,0,0.0,0
15280,68.741184742065,3,3,0.39916892191341624,2,1.0000620290956235,0,0.0,0
15281,44.737255190613446,3,1,16.43426331259898,7,0.9997343939762009,0,0.0,0
15282,62.61601097337385,3,1,4.210336683712344,7,0.9998599350400853,0,0.0,0
15283,32.38517614161093,6,3,11.873270578217044,1,0.7774640117899827,0,0.0,0
15284,43.183038127435665,1,6,15.340659006424467,5,0.9996637989802122,0,0.0,0
15285,34.393018896216205,2,3,8.25427757898581,7,1.0005093771280613,0,0.0,0
15286,54.70085038591876,5,6,13.587347066919332,5,1.0002023226948342,0,0.0,0
15287,36.110189996458296,3,1,12.994837181097244,3,0.497137981457737,0,0.0,0
15288,58.15328908392325,3,5,10.039561684436805,7,0.9999850469241283,0,0.0,0
15289,58.78839434902818,4,3,0.0,4,1.0001576716723442,0,0.0,0
15290,3.6724970932757586,4,2,19.997605663664004,1,0.5255897396867752,0,0.0,0
15291,39.57751867124933,4,4,15.70040059337152,7,0.9993682136395532,0,0.0,0
15292,37.70156786351552,5,2,4.4538953571040425,7,0.47081285336312173,0,0.0,0
15293,30.989611755296167,2,3,14.873781952771568,1,0.5019733630964283,0,0.0,0
15294,26.95989605532597,3,5,20.001859448103858,1,0.018360944902072185,0,0.0,0
15295,32.59836529249226,0,3,0.0,3,0.23520581490740344,0,0.0,0
15296,58.33955564360377,3,1,5.761208659811776,2,1.0001150034299333,0,0.0,0
15297,44.81156917367226,4,6,0.8987323933890821,1,0.15936305995866729,0,0.0,0
15298,30.716472762653083,1,3,14.758967416973269,3,0.40179478468450835,0,0.0,0
15299,38.062586650434596,6,3,10.650112192864269,1,0.049766129724007846,0,0.0,0
15300,38.4157306875114,3,1,7.513069943507302,1,1.0000673497708625,0,0.0,0
15301,36.60080489861568,3,1,20.002411714846815,3,0.43909671290993413,0,0.0,0
15302,42.99742916886779,0,6,0.0,1,0.3105100164144434,0,0.0,0
15303,12.570801222080021,2,3,10.221074328837707,2,0.35952549456838456,0,0.0,0
15304,39.4997842537897,2,3,4.888711343343497,7,1.000232882486439,0,0.0,0
15305,13.153559678758153,1,1,15.980638532779547,3,0.3336460121446415,0,0.0,0
15306,42.3150025540318,4,2,1.4311291581240528,6,1.0001899242898955,0,0.0,0
15307,50.25460369548397,2,4,19.991950260439538,7,0.9999341053410771,0,0.0,0
15308,49.816146706702824,3,6,15.655836310149756,7,0.9996966078612505,0,0.0,0
15309,40.88732736886952,3,2,20.02119019802505,1,0.9996427785122886,0,0.0,0
15310,36.42621051127214,2,1,7.517532067960886,7,0.970049737318305,0,0.0,0
15311,44.67613169645294,3,2,9.12610647479551,7,1.0000291954372973,0,0.0,0
15312,39.192649261150265,3,1,16.023494244479235,6,0.9994566656877821,0,0.0,0
15313,16.408391252343193,2,6,19.42835885258657,7,0.9998173947436392,0,0.0,0
15314,20.240149204157916,4,2,0.0,5,0.5815133273903869,0,0.0,0
15315,44.797938166786004,1,1,0.308104314654738,7,0.9221835476363416,0,0.0,0
15316,37.3122321348869,2,6,12.130099846529719,3,0.82668673958939,0,0.0,0
15317,47.232093933278335,4,3,16.1099576982011,6,0.5312774294602515,0,0.0,0
15318,53.15303643390948,5,1,19.558744861279315,2,1.0000472671895384,0,0.0,0
15319,35.13855394948145,4,2,11.551614199486455,7,0.9998341207496115,0,0.0,0
15320,51.93649780899289,4,4,19.989024310038168,5,0.4939586525113664,0,0.0,0
15321,52.667170669907506,3,3,15.17243577474461,6,0.9998640561547101,0,0.0,0
15322,42.68487161272667,3,5,10.511223246898243,2,0.3117947294015312,0,0.0,0
15323,47.09981850607244,3,4,13.326279026859462,7,1.1040172922874238,0,0.0,0
15324,30.390860179513965,4,4,11.509118906365444,6,0.0,0,0.0,0
15325,55.29131838411847,2,4,20.002670037552136,1,0.5016640522366065,0,0.0,0
15326,25.462435319056897,3,4,5.704274492188959,3,0.1793159253170673,0,0.0,0
15327,38.235746694517026,2,4,19.99641703483092,6,1.0004772962070054,0,0.0,0
15328,40.85352097562866,2,2,12.721019459543845,6,0.23484713531316198,0,0.0,0
15329,38.425301520527185,0,3,5.118260000995249,3,0.8606665219501535,0,0.0,0
15330,59.901932525176086,2,1,17.157676917023068,0,1.1216266674845752,0,0.0,0
15331,45.0157445247825,4,9,8.020227435940729,7,0.0,0,0.0,0
15332,42.42271337439611,4,4,20.00765910369277,5,0.4995132702528469,0,0.0,0
15333,49.665953133968124,3,3,11.314209898364778,7,1.0003422570494078,0,0.0,0
15334,18.67577951945561,2,3,9.4652949464978,1,0.5229103381435749,0,0.0,0
15335,40.93426333840253,2,6,11.69933409547412,3,1.0003210843962629,0,0.0,0
15336,34.33083277553979,5,5,10.348435046461125,1,0.7639017918312534,0,0.0,0
15337,23.009289068647114,2,6,14.971158967207487,3,0.22790604403751258,0,0.0,0
15338,25.250480167716628,3,4,13.333220552588571,2,0.9999248592264873,0,0.0,0
15339,43.068546977145594,3,6,12.105972041231503,7,0.9995955747777644,0,0.0,0
15340,52.65552662790797,3,3,10.158013372069595,1,1.000477586489002,0,0.0,0
15341,52.78958473276112,0,6,10.635340126962516,7,0.09938777451083602,0,0.0,0
15342,23.2096974264256,2,6,13.075386830806744,4,0.764056320296769,0,0.0,0
15343,39.34058277946762,4,1,17.138114485286575,4,0.9735505831907005,0,0.0,0
15344,60.79719351747985,4,3,19.392860672601657,7,0.9992713956667758,0,0.0,0
15345,31.81260090651216,1,2,10.322203759905848,1,0.48164508559643393,0,0.0,0
15346,63.412987126522665,3,4,7.076291994704913,7,0.9776418106368036,0,0.0,0
15347,40.51857856405893,3,1,9.36567147473047,7,1.0005493819458824,0,0.0,0
15348,47.233516421967565,3,5,8.757975000706754,7,0.2987623202518081,0,0.0,0
15349,56.33409026228615,3,2,10.641237491522713,5,0.4056465446842272,0,0.0,0
15350,18.021578235514184,3,4,9.855218519108416,2,1.0001244388228134,0,0.0,0
15351,48.30962655312896,2,3,6.18581961580875,0,0.7065804448497334,0,0.0,0
15352,63.64536707524685,2,1,20.157629445630928,3,0.49804017126904326,0,0.0,0
15353,39.143837376356494,6,5,19.998700402271467,1,0.7036393031128555,0,0.0,0
15354,27.723096254314896,3,4,16.032604264881627,2,0.8091251116389466,0,0.0,0
15355,43.30393738800824,4,1,10.869834427320198,5,0.9999776758093122,0,0.0,0
15356,39.45671525396927,1,6,19.005315165512744,7,1.0002423915625611,0,0.0,0
15357,40.87843056168097,2,6,12.760068101177232,4,0.9999535178371812,0,0.0,0
15358,45.03930832000481,3,2,5.504518574419493,5,0.4570033504226034,0,0.0,0
15359,36.17087118536976,2,3,13.297316794254053,2,0.4038990442061985,0,0.0,0
15360,34.47635783756124,3,1,4.357809341013302,1,0.02922217637701885,0,0.0,0
15361,59.795355499866844,3,3,6.002605772912491,4,0.17605578870739857,0,0.0,0
15362,60.23214115846284,0,3,2.0993212634249545,1,1.0002990966494143,0,0.0,0
15363,68.2772349779602,2,4,0.0,7,0.958899290406795,0,0.0,0
15364,44.608289771929975,3,3,5.153365486935012,5,0.4945052300528913,0,0.0,0
15365,30.492491516543264,4,3,12.793986589267188,2,0.9994227377760901,0,0.0,0
15366,50.70848076770473,3,6,13.95721265523426,2,0.4516178759947148,0,0.0,0
15367,48.29463477509138,1,5,13.52029696691359,6,0.4912604552085291,0,0.0,0
15368,49.74264546683891,3,6,11.95778066155826,7,0.6783209633670765,0,0.0,0
15369,27.35167264097405,0,5,0.3829875124974933,0,0.0,0,0.0,0
15370,35.97968823962672,4,3,20.920376214178543,7,1.0147143406288026,0,0.0,0
15371,30.529735896947138,3,4,20.00165171930368,1,0.999624810386635,0,0.0,0
15372,50.21712763696132,3,1,19.9951301408124,4,0.8265965342117606,0,0.0,0
15373,51.95357760577788,3,2,10.449026597302305,7,1.0003184165176122,0,0.0,0
15374,35.778325756645096,3,4,19.99393179489941,1,0.8638759721182331,0,0.0,0
15375,56.297459238886475,2,2,20.00211484576856,1,1.0001421442029228,0,0.0,0
15376,44.76234933096977,4,3,5.17446054031575,7,0.9998248112106916,0,0.0,0
15377,32.57437366894541,2,4,19.464279436244915,3,0.5693164968217868,0,0.0,0
15378,45.026571169527635,3,3,9.981471942126195,6,0.9550375119003511,0,0.0,0
15379,45.13774644153226,3,2,8.150091965456777,5,1.0165155511914277,0,0.0,0
15380,52.01960755055277,4,4,7.945517517018205,6,0.43239312483878056,0,0.0,0
15381,43.814275481601314,2,3,8.19948575331273,3,0.3000857125750439,0,0.0,0
15382,46.20692533680391,3,4,12.699154401666778,4,0.5987915880543329,0,0.0,0
15383,56.59925866468892,3,3,8.62982232608951,2,0.9999431898981492,0,0.0,0
15384,27.628738413567476,4,6,23.5740267063462,1,0.9763635738886749,0,0.0,0
15385,35.86047836578745,4,1,14.611308831203882,5,0.49860116042225905,0,0.0,0
15386,47.769822670767084,4,2,20.002062747825917,1,1.0004720718941524,0,0.0,0
15387,34.60738272249149,3,5,3.6309471983435397,1,0.9727579773414363,0,0.0,0
15388,27.43715636181456,3,4,10.541301022678557,2,0.1388992970155647,0,0.0,0
15389,59.790757129964625,3,3,5.598084074553433,4,0.9994675904446755,0,0.0,0
15390,21.83117373844086,3,5,15.578895615996071,1,0.9998862356287697,0,0.0,0
15391,41.76955847688111,2,3,13.660570142313949,2,1.0003095551699084,0,0.0,0
15392,71.27930090563379,1,4,4.735456545224274,4,0.9029107039669884,0,0.0,0
15393,71.9490593326071,3,6,12.297095657132127,7,0.8221494154587909,0,0.0,0
15394,33.579688341245664,3,5,15.334396696477743,2,0.49887202549485604,0,0.0,0
15395,48.44359250585927,2,3,25.667742808405613,7,0.9993282702994002,0,0.0,0
15396,48.41977336300348,3,1,7.113407443343157,7,0.9999000042990709,0,0.0,0
15397,45.42268556297848,1,3,10.026116159361823,7,0.9996116528894364,0,0.0,0
15398,34.94686900521531,4,1,5.033251693379925,3,1.0004489101792933,0,0.0,0
15399,46.77507139050294,2,2,15.183577547025092,7,0.9999711235775901,0,0.0,0
15400,32.68965914502823,3,1,14.362554870377295,4,0.5021914441793247,0,0.0,0
15401,58.484953744282514,4,4,20.00179378597119,1,1.000171433155539,0,0.0,0
15402,24.64858842295541,4,1,13.059327432058526,6,0.42443326734515135,0,0.0,0
15403,45.094984827773594,1,1,20.004478678793888,4,0.44580356839145685,0,0.0,0
15404,55.612110866778124,4,3,0.8412062656188048,2,0.24830497823502495,0,0.0,0
15405,31.37754250252872,5,1,13.305568581509435,4,0.13420748535735805,0,0.0,0
15406,54.50716338461181,3,4,20.00097674968057,1,1.029011427383468,0,0.0,0
15407,60.72151026826037,5,4,20.003474786446088,3,1.0000221443618869,0,0.0,0
15408,53.551260708598704,4,1,9.154114329019908,2,1.0006730477729264,0,0.0,0
15409,39.8223678356505,3,4,19.99021962352831,3,0.501866774663031,0,0.0,0
15410,43.59057207701357,4,2,4.430698417568025,4,0.4024732361643724,0,0.0,0
15411,55.3531718407054,4,1,18.35799875085281,7,1.000697157642476,0,0.0,0
15412,46.251006274428356,3,5,9.198516490469977,4,0.5058980960313724,0,0.0,0
15413,49.19488802409391,4,6,5.8333088370728525,6,0.3861703121827396,0,0.0,0
15414,53.59558869197252,2,5,4.820291732807028,7,0.9465880138671692,0,0.0,0
15415,55.37268457065905,3,6,10.492958708722249,1,0.9674685640501237,0,0.0,0
15416,52.2228923558116,1,1,15.760027155382366,3,0.9996392973591974,0,0.0,0
15417,40.71017314463138,1,1,16.595876080958824,3,0.2142934302026806,0,0.0,0
15418,25.77896728214656,4,6,15.264840269046651,3,0.8310017739697788,0,0.0,0
15419,35.87592197768018,4,1,3.105012763693008,3,0.16775398937224317,0,0.0,0
15420,39.811632018945865,4,3,13.652798008796912,4,0.4935919514869387,0,0.0,0
15421,41.75553582218147,2,7,19.990968918828717,1,0.006659929536748654,0,0.0,0
15422,20.81979834001981,3,6,16.41134785175032,3,0.5758772784641916,0,0.0,0
15423,26.102907094548844,3,3,5.526066148702614,2,0.3576605620829368,0,0.0,0
15424,57.65465057402961,2,1,15.485374632051677,7,0.9998037285798083,0,0.0,0
15425,34.092691075910416,3,6,14.0128044308669,1,1.0005950970496131,0,0.0,0
15426,22.59291552027448,5,6,21.38134373755376,0,0.4600179722902321,0,0.0,0
15427,59.83791092919877,3,3,3.327768094439091,5,0.0,0,0.0,0
15428,35.92778490093967,2,6,21.10279353190363,7,1.000019962674167,0,0.0,0
15429,39.38354377968464,3,3,21.630464896257354,3,0.9659434698669265,0,0.0,0
15430,49.795388608655294,3,4,20.001276020754712,1,0.09317314548763489,0,0.0,0
15431,23.77848687429032,1,6,24.357539029120996,4,0.4996351385889285,0,0.0,0
15432,57.139120173149514,0,1,10.03558927429992,3,0.9996101364142369,0,0.0,0
15433,46.07323425697978,2,4,19.998769922091792,7,0.4683126518659173,0,0.0,0
15434,50.98622346752309,2,1,10.833224598037816,3,1.000031386911444,0,0.0,0
15435,38.182602844957074,3,8,8.007218642089887,3,0.9932721872768644,0,0.0,0
15436,35.61580135821113,5,3,1.9829065508673498,7,0.9996966329210029,0,0.0,0
15437,31.537027740505522,4,3,2.8795271209621234,3,0.9875940998492212,0,0.0,0
15438,47.201995554134896,4,5,9.611611969482752,1,1.1636450238557403,0,0.0,0
15439,33.43495743132011,2,6,16.542701619242948,1,0.9255166126767055,0,0.0,0
15440,36.72341498646255,1,3,10.850192777726605,3,0.9670345130506313,0,0.0,0
15441,33.29898857620733,2,3,14.75096703949449,3,0.5031791918058971,0,0.0,0
15442,55.0331825156625,2,3,13.823840118182815,2,0.9534213377052193,0,0.0,0
15443,34.785186750573246,3,3,12.035294283151604,6,0.9997086470104091,0,0.0,0
15444,24.244887719183627,2,6,4.338684893027339,7,0.10949158773127876,0,0.0,0
15445,48.68432724146412,2,5,0.0,5,0.5014793857748726,0,0.0,0
15446,60.60649934217699,2,4,5.254763101655895,3,0.1527212983928583,0,0.0,0
15447,56.970741237320574,3,4,10.062814736447182,1,0.9569736634998397,0,0.0,0
15448,58.14702221373469,4,6,10.283401763188623,7,1.0005560696201172,0,0.0,0
15449,60.70659256459976,3,5,19.263805458205773,2,0.99960733016865,0,0.0,0
15450,27.015884504790918,3,1,9.12312869596078,4,0.5020390073226704,0,0.0,0
15451,48.86503651354448,6,6,6.856602961045335,7,0.5223673124617558,0,0.0,0
15452,45.35065168223339,3,2,7.448074278795099,2,0.7352980247688322,0,0.0,0
15453,53.93991022505213,5,3,7.856387416047889,6,0.5028499153853516,0,0.0,0
15454,53.168880462296954,5,4,20.802916665075397,4,1.0345924050266184,0,0.0,0
15455,36.52060799437462,4,2,15.306910918033953,6,0.5670899799277396,0,0.0,0
15456,28.96586142409661,3,1,8.000495079448338,2,0.78184114276674,0,0.0,0
15457,51.57479128962922,3,2,8.616885807334668,7,1.0002957752886714,0,0.0,0
15458,50.78944945727477,3,3,16.506963845484,2,1.0000289321010527,0,0.0,0
15459,38.32178478924196,3,5,2.0746258837319385,1,0.30184703681904584,0,0.0,0
15460,43.95397092955422,3,5,3.0037573342363615,7,0.9333221691481852,0,0.0,0
15461,39.319747196075596,6,3,13.786224245159243,4,0.3229388784135365,0,0.0,0
15462,35.6183432818966,3,4,21.31075653408049,2,0.6672744121378311,0,0.0,0
15463,62.49728719578721,4,2,11.033999447215098,6,0.3233477546638498,0,0.0,0
15464,68.49569507886387,3,4,17.211163502449082,3,0.45906328318933437,0,0.0,0
15465,36.82407543099638,4,4,19.99698263994768,1,0.8916410279595898,0,0.0,0
15466,28.441826461949724,2,2,8.325784900096597,7,0.44016605568303036,0,0.0,0
15467,34.5286254667121,3,6,16.318480513309844,1,0.9897659931951595,0,0.0,0
15468,50.1281464797103,4,7,6.423283631647109,1,0.4593662466402382,0,0.0,0
15469,60.27339264978167,2,2,3.9811911079529896,7,0.9995997704236328,0,0.0,0
15470,40.06718957081283,2,4,19.999316059968148,6,0.9997625233048005,0,0.0,0
15471,30.441859966955562,4,5,6.494227077116097,1,0.7109015317022092,0,0.0,0
15472,36.082914209347386,3,1,19.101675053161642,6,0.9996153558385705,0,0.0,0
15473,48.509605482560424,2,1,4.947242248144541,3,0.1843464357002298,0,0.0,0
15474,50.92681261131833,4,6,14.150314529361172,5,0.5314965989273918,0,0.0,0
15475,50.783590629861926,3,4,14.599944812310492,3,0.6206609060137769,0,0.0,0
15476,40.71422589767575,3,6,7.245509655647337,3,0.5836742284785841,0,0.0,0
15477,33.73787908618977,4,3,6.32433989171258,2,0.3172030919614914,0,0.0,0
15478,37.99339601101617,3,5,16.86296477618148,3,1.0000789175822087,0,0.0,0
15479,37.70860358681324,2,6,14.81736494760912,2,0.9991674973569202,0,0.0,0
15480,40.61996137056564,4,2,7.072671353785414,6,0.6738548422655241,0,0.0,0
15481,28.605630895661655,5,3,6.635618067801287,0,0.5009564593895811,0,0.0,0
15482,43.89786964617491,3,2,11.75768605552234,1,0.999827520073209,0,0.0,0
15483,43.14860784457856,3,5,20.002047194899788,1,0.7342704099339018,0,0.0,0
15484,23.45860211904244,4,6,10.483547899497685,1,0.0,0,0.0,0
15485,27.303547723815473,3,1,13.175345244449664,0,0.34507554765679355,0,0.0,0
15486,50.74876294139118,1,1,17.25677904842703,4,0.5091659268031268,0,0.0,0
15487,29.653063421646248,2,1,16.635660487096057,3,0.9551211172322764,0,0.0,0
15488,41.06240916529561,2,3,15.751139999018616,5,1.00046521331307,0,0.0,0
15489,31.14818520902604,4,1,19.997494920630963,5,0.389710031332032,0,0.0,0
15490,5.517780085431156,3,2,12.187872104326962,1,0.9999741586387755,0,0.0,0
15491,39.84173792897232,3,4,17.866082666592497,7,0.7931797709415973,0,0.0,0
15492,47.77407743878994,3,3,9.191383731146924,1,0.33919635260469616,0,0.0,0
15493,51.805231548305706,4,7,10.984199544352201,3,0.5114261081965323,0,0.0,0
15494,34.97947073365895,5,3,0.0,5,0.9997591024578487,0,0.0,0
15495,70.52695087405701,3,2,18.098567587391805,1,1.000479223121418,0,0.0,0
15496,18.119962693001426,3,5,10.563459670939185,3,0.06125988100716451,0,0.0,0
15497,48.07823035803801,3,4,19.999704248813522,7,1.0001194029814202,0,0.0,0
15498,41.11243914858622,2,5,0.388471688337523,5,1.005958620838691,0,0.0,0
15499,52.033289837078755,2,4,5.786089702564771,1,1.0157835355972114,0,0.0,0
15500,42.94871925370759,3,6,2.0157854492665077,6,0.9382829596028883,0,0.0,0
15501,37.63739215862748,5,6,15.204640038751831,7,0.16755145220090928,0,0.0,0
15502,54.943362526100294,2,2,0.4233963636216025,1,0.0032855229371950845,0,0.0,0
15503,47.40630081100327,2,3,7.562653182270555,3,1.0003039624986265,0,0.0,0
15504,55.96187610578724,4,3,10.616398620513582,7,1.2541425589503046,0,0.0,0
15505,57.695276197181116,1,6,12.494170088761757,7,0.7507414838111168,0,0.0,0
15506,71.46879821920416,4,3,7.009551421663736,4,0.9995258294639353,0,0.0,0
15507,30.242492017377742,4,2,9.557295054247367,1,0.9996806578404835,0,0.0,0
15508,34.450754580831145,3,2,10.148967042704468,7,0.9749804131968547,0,0.0,0
15509,50.50585311404693,3,6,14.12225273656206,1,0.4182228268411682,0,0.0,0
15510,53.15929327408341,0,3,0.0,3,0.49414492007076,0,0.0,0
15511,65.4604125992006,2,1,14.070965022905149,4,0.501192858673879,0,0.0,0
15512,49.2993641614776,4,1,5.515252847356144,7,1.0004822474895598,0,0.0,0
15513,42.121001649138144,4,1,16.035400153906984,6,0.9775666377416206,0,0.0,0
15514,18.191591344089694,1,5,11.521761649488512,2,0.44173070154555966,0,0.0,0
15515,47.334351495437325,2,2,9.849278209686652,2,0.5120171411572342,0,0.0,0
15516,37.345973604447956,4,6,1.6584637945238345,7,0.48359757417044347,0,0.0,0
15517,39.03316022948972,2,3,18.6262647642419,7,1.000273937681427,0,0.0,0
15518,58.62160261592106,4,3,3.7875586785750137,7,1.000072337238516,0,0.0,0
15519,29.764800490218605,2,1,4.63461503428805,3,0.9200215014617423,0,0.0,0
15520,44.34413900624526,3,4,6.888753496519629,7,0.2695571664202416,0,0.0,0
15521,31.762037268480526,3,1,20.000115697217417,0,0.46443933250180813,0,0.0,0
15522,54.21196176523638,3,1,9.20971389200574,7,0.8563590747760825,0,0.0,0
15523,61.06104587249978,4,4,4.618890430411916,3,0.9813064862390612,0,0.0,0
15524,44.686564194991014,3,6,6.4523670536399225,7,1.0004361837014932,0,0.0,0
15525,36.272274793096116,2,2,34.52189441953237,7,1.000645261885856,0,0.0,0
15526,53.92872197686373,3,2,7.34737328753336,1,0.9381103838434679,0,0.0,0
15527,37.30184413156506,4,3,4.369195651956485,2,0.844956382735246,0,0.0,0
15528,20.84791062373381,3,7,5.233649850824275,4,0.9766429660586295,0,0.0,0
15529,60.9905960838599,6,3,4.2789208046458675,2,0.9993618125629791,0,0.0,0
15530,46.91778076481843,3,4,20.008834156717743,3,0.9995958507479874,0,0.0,0
15531,43.69930377174743,2,3,20.689524312541003,3,0.052042347032199454,0,0.0,0
15532,22.10650138079684,3,6,15.700939784414022,1,0.5423759023532544,0,0.0,0
15533,29.88723024182405,3,1,13.093386764383496,5,1.0002221388064418,0,0.0,0
15534,36.84684800314011,3,7,9.94251256078953,4,0.3567713404792878,0,0.0,0
15535,39.20894270584621,1,3,15.004842272455052,7,0.7930104986952157,0,0.0,0
15536,52.21602755560326,3,3,13.645382667489056,3,1.0005249139317427,0,0.0,0
15537,55.41940351166717,1,5,1.023226864020021,3,1.0721011636564037,0,0.0,0
15538,41.52592991626555,3,1,6.653623381723121,7,0.6133915365697542,0,0.0,0
15539,27.551999545387247,2,1,2.3390827245350607,7,0.2902045772180535,0,0.0,0
15540,25.57614060829954,5,2,5.418568248459682,5,0.9212199190959606,0,0.0,0
15541,35.75105655193601,3,6,13.216305753789307,6,0.0,0,0.0,0
15542,44.418784044798535,5,1,6.388038177015991,3,0.4993312216099295,0,0.0,0
15543,37.37646826325811,4,3,9.40839204340571,7,1.0000185068035012,0,0.0,0
15544,28.180184560180415,3,2,4.154834234064729,5,0.6057074168835209,0,0.0,0
15545,54.65596409072033,4,3,9.397723876257384,5,0.9997436619627942,0,0.0,0
15546,37.48782491786675,2,5,19.924946498906117,7,0.4675989816313479,0,0.0,0
15547,6.00835548159629,3,4,13.324194417620763,1,0.9997428389196851,0,0.0,0
15548,21.735830422604522,0,3,0.0,6,0.37062089469761234,0,0.0,0
15549,29.87586481668199,2,1,8.115069552995738,4,0.9437670548123145,0,0.0,0
15550,67.53468332573138,4,6,13.171875699925202,2,1.0001835910611838,0,0.0,0
15551,25.65679994204308,2,2,1.43748815122607,5,0.42740786215221666,0,0.0,0
15552,26.276468468169856,2,3,8.995856560284464,6,0.9997319065068064,0,0.0,0
15553,40.92089677373872,2,3,22.026052653966612,0,0.5024209216133692,0,0.0,0
15554,46.86443222259611,3,6,9.837146815477517,4,0.8848515510048993,0,0.0,0
15555,73.06728103450538,5,4,7.863820072161975,7,0.40865007568519673,0,0.0,0
15556,54.69112775287719,3,3,2.514318342315587,4,0.5028547754929138,0,0.0,0
15557,47.099227570104546,2,3,13.146247633041996,3,0.447231881944339,0,0.0,0
15558,39.95132012350388,1,3,4.891236508286286,7,1.0004266435515006,0,0.0,0
15559,47.638090186777646,0,1,6.24262848208186,2,1.0240671045308836,0,0.0,0
15560,47.78150642580114,2,3,0.0,7,1.000000289112185,0,0.0,0
15561,50.36010712890649,3,3,4.614211493121281,6,1.0002739694881386,0,0.0,0
15562,44.033830003169065,5,5,0.005364916853615398,3,0.9795371083290476,0,0.0,0
15563,56.05428345633986,4,3,6.77754773630833,7,1.0003411806022953,0,0.0,0
15564,43.769790978628095,4,4,20.001135201783967,3,0.49601353557676225,0,0.0,0
15565,39.86494963882035,3,6,15.341579778192465,5,1.0001428418260916,0,0.0,0
15566,53.84516292968125,2,5,14.91557864335624,1,0.9969915058528748,0,0.0,0
15567,32.749885842370325,2,1,3.904636620560469,7,0.9998795938164844,0,0.0,0
15568,42.42353851326759,4,5,15.990308919087772,2,0.9999126553315886,0,0.0,0
15569,48.731032214623426,3,2,6.421110966974219,7,0.3425339423473796,0,0.0,0
15570,56.744521789712266,4,6,15.334269220179456,5,0.3246635034156377,0,0.0,0
15571,75.30180429404905,1,3,21.843626979582517,2,0.39897565430801296,0,0.0,0
15572,43.80677892085217,3,2,17.53316701092026,5,0.9410015987617193,0,0.0,0
15573,50.93015192227067,2,6,15.291886912928753,7,0.6389140610594162,0,0.0,0
15574,36.68945387417159,2,2,25.138236161702476,7,1.0157291742002053,0,0.0,0
15575,53.363109821604226,3,3,2.404792606826179,4,0.50471285417621,0,0.0,0
15576,32.25922556610753,2,5,1.1667785160005515,1,1.1624765852367938,0,0.0,0
15577,41.9379996767355,1,5,4.586608329538284,1,0.9680439592706911,0,0.0,0
15578,21.02324972998572,3,6,2.970319088043487,1,0.9491070533902208,0,0.0,0
15579,51.846237078456625,3,7,7.664030854851723,7,0.8838406254126472,0,0.0,0
15580,43.52688131824579,3,3,6.586239159834585,7,1.0004688421089492,0,0.0,0
15581,17.238954354215494,5,4,3.9184599037813355,1,0.5154838687678558,0,0.0,0
15582,35.15782557802393,2,3,13.070813499837758,3,0.5066075998415505,0,0.0,0
15583,36.19609141018717,5,1,19.956732197843706,7,0.9999189588675748,0,0.0,0
15584,44.64646906410127,3,4,20.010719956996997,1,1.000087127063839,0,0.0,0
15585,45.99733131938403,3,5,17.74600017495564,6,0.49849179019596124,0,0.0,0
15586,50.096121152063674,1,6,7.687381459138701,7,1.000632729991349,0,0.0,0
15587,36.52371618306973,2,6,16.986455164356187,3,0.6612857912743231,0,0.0,0
15588,32.7442616591655,3,5,12.89145049512926,1,1.0005428373696252,0,0.0,0
15589,36.06804193306642,3,3,20.00036872792107,1,0.9049270333169195,0,0.0,0
15590,25.59191221395681,3,2,7.538175667089862,3,0.31414657201167306,0,0.0,0
15591,63.14386650319564,2,4,19.99219272917287,5,0.9997473144993825,0,0.0,0
15592,35.91536931189658,3,7,9.718488770645346,7,0.3334506286770581,0,0.0,0
15593,21.40214765088638,3,6,5.631210398698152,2,0.4469314255749124,0,0.0,0
15594,56.25851734966603,3,3,5.416280487908001,3,1.000043054813326,0,0.0,0
15595,40.94693552005918,4,3,13.859287252077305,1,0.5054382026085567,0,0.0,0
15596,46.2789241476892,2,6,14.05843235131058,7,0.9997453569720762,0,0.0,0
15597,66.26659863920368,4,4,17.550510742573888,7,0.9997345852870734,0,0.0,0
15598,39.20287422618886,2,6,11.009099159851386,6,0.5498653940203589,0,0.0,0
15599,42.01183316208349,3,3,8.312347572730005,1,0.11329858895795797,0,0.0,0
15600,26.07746814694595,2,6,15.515027409894667,2,0.0444470099185158,0,0.0,0
15601,35.86264248664686,3,1,17.410059644489607,7,1.000438344141824,0,0.0,0
15602,31.600024303698703,3,6,16.024638835576972,2,0.9998930684538636,0,0.0,0
15603,50.39480408720826,4,6,15.677750496545494,7,0.9999864863891168,0,0.0,0
15604,76.36160511831028,3,4,16.89326286343624,2,0.49458802602076235,0,0.0,0
15605,55.38021628447043,2,3,4.105631177475943,1,1.0000633376604182,0,0.0,0
15606,0.0,1,3,6.8392631517867715,3,0.9248156549505101,0,0.0,0
15607,56.938769709477285,5,2,3.906120007914799,5,0.4086762494636484,0,0.0,0
15608,56.019210789762624,4,2,13.187217609628036,3,0.6502233132129946,0,0.0,0
15609,41.49898537162699,2,6,19.89055883575469,4,0.320256291084792,0,0.0,0
15610,55.621589249266435,3,6,15.479705609614069,7,1.0003007355649889,0,0.0,0
15611,40.34142017156064,2,3,0.3790938105736661,2,0.5006134195009727,0,0.0,0
15612,37.8850795292013,4,6,12.579024652962847,4,0.10628832224961604,0,0.0,0
15613,58.791136527637434,4,5,9.194168632351744,7,0.4999869951967869,0,0.0,0
15614,40.98292915139247,3,1,4.36710140731558,5,0.9543083599027499,0,0.0,0
15615,63.97691376289387,3,3,12.47991576444043,7,1.0003728047771592,0,0.0,0
15616,47.515239557300184,5,4,8.158181739470276,1,0.5115747037225283,0,0.0,0
15617,31.833466010530792,3,1,9.987241815119965,2,0.5072120587544764,0,0.0,0
15618,35.16022250085481,3,5,15.107300005731751,2,1.0001111126329971,0,0.0,0
15619,46.59240317065115,3,2,11.098778474999868,3,0.3854658039145837,0,0.0,0
15620,45.31479973361373,0,1,15.159809378695535,2,0.11076895167121381,0,0.0,0
15621,58.0162537543914,1,6,12.145303213958256,4,0.34400533946800443,0,0.0,0
15622,23.98550131576326,3,2,4.361063018811917,1,0.3605622258829544,0,0.0,0
15623,33.88754336669086,4,4,20.00212505708915,7,0.9997578608051727,0,0.0,0
15624,22.6364274035595,3,5,15.37948266840199,2,0.9370135401008619,0,0.0,0
15625,45.21653281726824,4,1,4.67118465270749,1,0.4270002409383467,0,0.0,0
15626,38.63654418821917,1,1,19.27728846761927,0,0.6731806141769691,0,0.0,0
15627,37.370112049867735,2,1,20.05037924138927,2,0.1663281730261782,0,0.0,0
15628,43.960051271172695,5,6,16.204132880134996,3,0.9994587210068795,0,0.0,0
15629,66.68503236557964,4,6,13.418541371764363,6,0.9822406123651075,0,0.0,0
15630,45.77872302633276,2,5,11.940015453940005,2,0.4984897078534706,0,0.0,0
15631,20.413721433496637,3,4,6.033934115616191,2,0.5656493080803932,0,0.0,0
15632,23.27634055640195,2,2,4.934730450720209,2,0.28902305938046774,1,59020.60437202724,1
15633,42.92004139318969,2,4,20.000160992463172,7,0.706388437378852,0,0.0,0
15634,41.579964708814174,1,3,5.045675189162365,7,0.9996570676227059,0,0.0,0
15635,44.03011159512658,5,1,19.99852070266254,7,0.9746732617416969,0,0.0,0
15636,43.95032352918621,4,6,9.316094431874234,6,0.5408161619852199,0,0.0,0
15637,28.88998692812455,2,6,13.753422159887387,6,0.4583449684038592,0,0.0,0
15638,32.93166009297926,3,1,19.990967633511076,2,0.677438516325374,0,0.0,0
15639,47.94926961616317,2,1,19.11196774077541,7,0.4369775969348445,0,0.0,0
15640,33.790334600567554,1,4,21.88287176721559,2,0.5636611179880516,0,0.0,0
15641,30.75798110929681,2,2,8.871426295677715,1,0.0,0,0.0,0
15642,62.56294651262038,3,3,5.507214973196056,3,0.45700589133895425,0,0.0,0
15643,31.016203572785855,4,1,12.757694545508736,1,0.3367501788943809,0,0.0,0
15644,23.07361185540853,3,4,9.710842923179262,0,0.7231659423302924,0,0.0,0
15645,44.06067563502172,3,1,0.5218223164194473,7,1.0005435967184313,0,0.0,0
15646,37.89032440872855,2,1,12.944471713771136,2,0.9999329625573656,0,0.0,0
15647,26.48394401054761,0,6,16.44746261591102,7,0.7198823218809045,0,0.0,0
15648,37.97518617657399,3,3,8.386472057947724,3,0.5058073047051818,0,0.0,0
15649,17.451907576004114,3,3,13.38067389014023,3,0.21583303390635827,0,0.0,0
15650,41.02059114373235,4,3,3.1469955769411433,1,0.8459289246892211,0,0.0,0
15651,33.18355029814923,1,6,10.420273766423374,7,0.25712791406135416,0,0.0,0
15652,37.30415240995425,4,1,0.2851764098999947,2,0.0,0,0.0,0
15653,79.00396677444292,3,1,10.320466137683502,7,1.000330730267498,0,0.0,0
15654,27.509425109599448,4,3,1.403735436525702,2,0.9454452079984894,0,0.0,0
15655,25.303798978888917,3,6,15.543739656031654,1,0.986690152615751,0,0.0,0
15656,60.24059531969845,3,4,20.00090827847604,1,0.8465145800338665,0,0.0,0
15657,45.40095529269916,3,4,20.005662289070166,1,0.6896244950189903,0,0.0,0
15658,30.712907324452168,2,1,19.993922823294245,3,0.4862399290430399,0,0.0,0
15659,54.54572908795812,3,3,3.1578128972207997,0,0.9999063835903239,0,0.0,0
15660,61.121473111507264,2,3,0.0,0,0.47319350726185894,0,0.0,0
15661,52.76106837054283,4,3,14.323301584955146,6,1.0000972475974175,0,0.0,0
15662,39.959058931477735,4,5,11.161065663936672,7,0.5341512887180477,0,0.0,0
15663,51.19287842887079,3,1,11.060621243065446,2,0.7155329266853312,0,0.0,0
15664,39.59730076624312,3,3,0.0,4,0.4956496060532324,0,0.0,0
15665,35.32685443029558,5,1,14.437074511239956,7,0.9188924189611145,0,0.0,0
15666,46.945607475670016,2,6,11.865720305630347,4,0.45179175567690744,0,0.0,0
15667,38.11921142755056,1,4,11.05750443854891,6,0.23624264190199812,0,0.0,0
15668,34.55329500485538,3,2,10.468155174644167,7,1.0002851991409103,0,0.0,0
15669,38.69003839368504,4,6,10.493115185033478,3,0.9999213862411497,0,0.0,0
15670,24.82111497477654,2,2,16.125627975402747,3,0.41778088877825004,0,0.0,0
15671,44.268795127017114,3,3,10.961672478276684,3,0.5689442795323355,0,0.0,0
15672,36.60202583786339,4,1,0.17388916515387898,2,0.9993397206290977,0,0.0,0
15673,51.254826313574895,4,6,18.039887561830774,4,0.6365990676103024,0,0.0,0
15674,20.194623175286985,6,4,0.0,7,0.11986926752255567,0,0.0,0
15675,30.52455388558742,3,2,3.2180968378788393,4,1.0000591355514463,0,0.0,0
15676,53.358061655115506,2,3,8.10807858639767,3,0.9996321769180003,0,0.0,0
15677,41.36758402887261,5,6,16.680234741650292,4,0.6459178267902762,0,0.0,0
15678,37.06811935977205,1,3,11.77515197618417,7,1.000044914848448,0,0.0,0
15679,32.31481646419957,3,3,14.075593969874266,6,0.9996757578177655,0,0.0,0
15680,42.81775543075546,4,1,7.073804703545815,4,0.48213593552137535,0,0.0,0
15681,30.15162082909032,3,6,13.033367288408668,2,0.3134825318348246,0,0.0,0
15682,55.08569614545268,5,4,20.006937302236253,1,0.9998769052859025,0,0.0,0
15683,57.26937726564979,3,3,8.76195483569256,7,1.0006784046347135,0,0.0,0
15684,35.68812069582284,4,2,18.044532787299485,6,1.0002532237984243,0,0.0,0
15685,44.725652256398625,3,1,11.869049882345259,7,1.0002508060309072,0,0.0,0
15686,48.724003804400326,4,1,15.68009740594816,2,0.1466906688682975,0,0.0,0
15687,44.87165478734307,3,3,2.1604429725742182,7,1.0002793339239175,0,0.0,0
15688,44.92537330974977,2,4,19.994117110738156,1,1.0003523140269996,0,0.0,0
15689,41.512825855099685,0,3,7.0440473868481766,6,0.5679991690611309,0,0.0,0
15690,57.769338841348855,3,3,5.6234759025403545,3,0.9999082550810439,0,0.0,0
15691,62.016369465150035,2,5,19.996291773059035,1,0.9564360983362316,0,0.0,0
15692,52.96684389848002,2,6,12.594297188811893,7,0.46022990898043115,0,0.0,0
15693,29.73915023440464,4,2,19.14553691444224,1,0.9998758741938724,0,0.0,0
15694,28.92125355074569,4,3,9.168071151310848,0,1.0004198359272585,0,0.0,0
15695,24.579440421857722,4,3,10.064548618716834,0,0.9478267556720208,0,0.0,0
15696,35.17072453092392,3,3,11.706640579371255,7,0.0,0,0.0,0
15697,37.15200422794,2,3,9.495528808405666,6,0.9998199333072364,0,0.0,0
15698,53.99613761213888,3,1,6.409325285722965,7,0.41628663785671943,0,0.0,0
15699,46.48477046557227,2,2,8.469278495954024,7,0.2873894239636293,0,0.0,0
15700,53.79101059842511,2,3,16.467128824948958,2,0.9996776125612743,0,0.0,0
15701,51.238016264700036,2,2,13.734021497084075,7,1.0002049953556924,0,0.0,0
15702,11.787614014832894,1,3,8.000410446420174,7,0.9994417788459851,0,0.0,0
15703,47.27130698612373,2,6,13.392245294064383,7,0.999651811714487,0,0.0,0
15704,54.2519760509165,3,4,3.8136839397647897,3,1.0000402096265069,0,0.0,0
15705,23.954065643667807,2,7,12.989661995975583,2,0.18191886776748467,0,0.0,0
15706,36.91760867603735,3,1,6.36822797545079,1,0.5032869365260438,0,0.0,0
15707,59.86766962842292,2,6,13.77052435784346,5,1.0003189378657922,0,0.0,0
15708,29.127708300884493,5,6,16.826517110685323,2,0.8088340514069198,0,0.0,0
15709,46.25903618707432,1,6,7.7453019311969,7,0.7458539851280839,0,0.0,0
15710,44.77019192276919,3,3,17.317099387974125,7,1.0003842895309316,0,0.0,0
15711,59.24022932014808,3,4,19.98779778098971,1,1.0004391661616656,0,0.0,0
15712,36.9909786627133,3,2,17.6893567703647,7,0.9998060424660303,0,0.0,0
15713,44.94213286709871,3,4,15.340605911533457,7,0.7132749432357415,0,0.0,0
15714,25.734650227600614,3,3,10.48496359110133,1,0.0,0,0.0,0
15715,40.36093483867023,3,6,12.677530515777685,3,0.49847783679128427,0,0.0,0
15716,28.98906538769859,6,3,13.328746938735343,7,0.10065803744118518,0,0.0,0
15717,37.33549943812743,4,3,15.93135818254391,2,0.825030884991313,0,0.0,0
15718,65.34526288606939,3,3,20.00513913524471,7,0.3471114800784411,0,0.0,0
15719,39.47059644120211,3,6,3.8457143465933026,7,0.9996058386198265,0,0.0,0
15720,35.754653790050185,5,3,21.392953931282896,1,0.7288387625746878,0,0.0,0
15721,53.66644787967371,6,6,12.064934347802954,7,0.5585085346354317,0,0.0,0
15722,29.952935059830704,4,5,22.054017776657346,3,0.2479159441336503,0,0.0,0
15723,59.056913101037,3,1,2.890441121826173,4,0.3765467917442014,0,0.0,0
15724,49.641518444586595,3,2,16.13667046204447,3,0.9574383436877144,0,0.0,0
15725,16.519694602326826,3,5,5.219063872025851,1,0.47632642707707423,0,0.0,0
15726,12.90448680178373,4,5,8.386403355176732,7,1.071854784060498,0,0.0,0
15727,33.24925988276305,5,2,8.103236280648769,1,1.1990159382047996,0,0.0,0
15728,43.68191448987679,0,1,0.7169651412018663,2,0.879013808737334,0,0.0,0
15729,39.97679010454737,3,1,15.740348252560661,2,0.5534588645189604,0,0.0,0
15730,32.536290020210075,2,5,0.0,7,0.4470877261737446,0,0.0,0
15731,48.83200050037278,1,1,18.307407788295244,4,0.4984035198487894,0,0.0,0
15732,49.26633106664128,0,6,10.130148313569771,7,0.9998981395046538,0,0.0,0
15733,46.08613125950031,3,7,10.544165131025528,7,0.9999546110940116,0,0.0,0
15734,27.539364823901103,4,2,9.235211327738694,4,0.4010472296820529,0,0.0,0
15735,56.026658872253016,3,6,7.049305434105789,2,0.45042690908732763,0,0.0,0
15736,52.04695753172394,3,3,7.628085780787009,7,1.000588346477056,0,0.0,0
15737,36.603170489150216,3,3,12.643101822164192,1,1.0003179125812727,0,0.0,0
15738,29.419485736869333,5,6,8.017316739614124,3,1.055934544909588,0,0.0,0
15739,55.6798784788682,4,3,11.042241223315948,7,1.0004416339502875,0,0.0,0
15740,73.66755238784646,4,4,20.002128195857402,1,1.3125525152980848,0,0.0,0
15741,47.63407833016884,3,2,14.166802855310719,7,0.9999916775746961,0,0.0,0
15742,45.12022717785057,4,1,15.12643354781261,6,0.5377917267154397,0,0.0,0
15743,26.433056775731412,2,1,11.380555227629483,3,0.05268591042126969,0,0.0,0
15744,35.55255529724137,6,3,1.8477434465735652,3,0.49850291188830415,0,0.0,0
15745,27.169201331452435,1,4,9.25996412301898,1,0.0,0,0.0,0
15746,49.239104866517835,3,6,5.473933110199301,7,1.0001445635083792,0,0.0,0
15747,39.49151146416368,5,1,15.561845299424975,4,0.9720794690878272,0,0.0,0
15748,53.85754873411925,3,4,19.991117044449027,1,0.9967290007253218,0,0.0,0
15749,52.57990670094528,3,4,11.166233953557308,5,0.9998342003189682,0,0.0,0
15750,43.72033700304808,2,6,10.657097320674689,3,0.9997002807301509,0,0.0,0
15751,19.83389179837829,3,1,13.986190882536425,7,0.9997743687891649,0,0.0,0
15752,30.619730111257176,4,6,4.3020747662875465,7,1.0000726155537392,0,0.0,0
15753,39.80173630538435,3,0,23.084343482816173,6,0.9999140805460949,0,0.0,0
15754,60.760484744898775,5,6,19.639316838157605,3,0.8024038384545749,0,0.0,0
15755,43.41006984778,3,6,8.896836345579016,4,0.3278515250105958,0,0.0,0
15756,40.511579432039454,4,6,11.81722314344468,5,1.0002605818807004,0,0.0,0
15757,9.025173145789282,3,4,1.0232945466761354,2,0.7667422381549388,0,0.0,0
15758,50.97334196974213,0,3,13.458835706101654,7,1.0000117908914707,0,0.0,0
15759,34.0851792679992,3,3,10.692843539040865,5,0.3553199510175614,0,0.0,0
15760,73.79126807052775,3,6,12.832061163667923,4,0.3857300386146446,0,0.0,0
15761,42.90145468199437,1,1,6.372469496552662,2,0.9995320592846546,0,0.0,0
15762,54.85245551762385,2,6,10.659630945409194,5,0.9996745478630776,0,0.0,0
15763,29.381333293266728,3,6,9.0431767985131,2,1.0001524876972865,0,0.0,0
15764,49.43129612725002,5,1,18.06604987248244,3,0.9723439361466302,0,0.0,0
15765,43.89841028701346,3,7,1.1092594185267117,1,0.0,0,0.0,0
15766,44.674763868867174,3,1,15.078191646288024,3,0.0,0,0.0,0
15767,9.092328620392145,3,6,10.428448012327156,2,0.9998359403493567,0,0.0,0
15768,35.483716787087445,3,4,19.997676832430535,1,0.5660915327354143,0,0.0,0
15769,62.5030774021651,3,5,22.188095882406998,6,1.0002169174035145,0,0.0,0
15770,22.500384076647503,0,3,0.0,7,0.42078432689175393,0,0.0,0
15771,37.493165988761554,3,1,0.0,7,1.0004604782962385,0,0.0,0
15772,23.483888334289247,1,4,9.248500920954303,3,0.7435852271938634,0,0.0,0
15773,44.95843519616897,4,3,1.7724103685947146,7,0.6342508540388291,0,0.0,0
15774,21.532834136473102,2,2,4.498221269370653,5,0.04599201574225309,1,6365.192136841736,1
15775,49.251040802479565,3,2,15.454970143061603,7,1.000049043736205,0,0.0,0
15776,63.08311744169322,2,3,17.47559527671226,7,0.9997208843706402,0,0.0,0
15777,71.00196527705674,5,5,3.7554302140204694,2,0.49868336323273454,0,0.0,0
15778,36.65244315763756,3,6,1.226851851061669,2,0.19574074167844058,0,0.0,0
15779,56.9501393383469,4,2,9.847277853661925,4,0.3464271475735063,0,0.0,0
15780,45.52000772968568,4,6,15.10102717041812,6,1.0003894068849613,0,0.0,0
15781,51.97802058920144,3,3,5.7043700477671075,4,1.0001211712706697,0,0.0,0
15782,25.254306790423133,3,2,7.483205305000011,4,1.0003415477382862,0,0.0,0
15783,33.03918634837936,2,2,10.708595249265212,1,0.4685091150712443,0,0.0,0
15784,56.596898332138885,5,6,7.782335969191204,4,0.36442457186609667,0,0.0,0
15785,19.51821198355076,2,3,8.628478915180947,5,0.9738432318234354,0,0.0,0
15786,44.74912023481199,3,3,3.11782308659708,4,0.9997012889223572,0,0.0,0
15787,32.059450189144414,2,1,14.342408346483378,1,0.18886716425730132,0,0.0,0
15788,41.981516751569245,3,1,20.00025228605887,4,0.6338817745491684,0,0.0,0
15789,43.594755191258926,2,3,8.834024017537955,3,0.6357227114169359,0,0.0,0
15790,47.508751885867156,3,6,17.65000560179203,6,0.2091718240052618,0,0.0,0
15791,33.10100951967415,4,3,17.5423460269991,6,0.49506812607811007,0,0.0,0
15792,32.289008556005044,2,6,19.6572883958505,6,0.0,0,0.0,0
15793,35.68982400184837,4,3,8.008516172629351,2,0.7048258534945608,0,0.0,0
15794,56.387045740630555,4,3,12.619860618393641,4,0.5007256147624726,0,0.0,0
15795,37.38300013845113,2,3,10.66658694110919,7,0.9999364160192895,0,0.0,0
15796,19.99193984713108,3,6,12.743195181659505,3,0.23433679245948297,0,0.0,0
15797,34.447908528582374,5,6,14.928864213361567,6,0.6177537844373566,0,0.0,0
15798,46.87412639753379,3,3,19.997916337067075,5,0.29093621640767026,0,0.0,0
15799,27.230060717484225,3,6,12.410448617317746,1,1.0001458044103613,0,0.0,0
15800,28.27498101306157,4,5,12.11864248947715,1,0.6074767223774973,0,0.0,0
15801,36.97707750755908,3,1,27.74628956671075,7,1.000514189375679,0,0.0,0
15802,34.81972143536876,4,1,2.795385573543628,4,0.40955925978459984,0,0.0,0
15803,44.15821806870539,2,1,19.99421575597797,1,0.366654876031012,0,0.0,0
15804,33.77446395776962,2,2,20.640959180979593,1,0.28587638270105004,0,0.0,0
15805,34.705122235751894,3,6,12.466622270484208,2,1.000017362748502,0,0.0,0
15806,37.38748485471754,4,5,0.37315432018818484,1,0.008559169834458258,0,0.0,0
15807,31.05897788944511,2,3,16.587814280820787,1,0.9095208691271511,0,0.0,0
15808,46.202841438572136,4,6,3.469520997900778,2,0.7276455100451931,0,0.0,0
15809,36.82949803971864,3,1,17.38705081605118,7,1.0001430791452535,0,0.0,0
15810,28.5378585259775,4,2,17.514277929419556,4,0.27088114064682045,0,0.0,0
15811,49.39342637543795,4,3,12.763676380449558,7,0.9996677194258963,0,0.0,0
15812,19.120316830859622,3,1,3.7687616525592933,3,1.000421447416,0,0.0,0
15813,22.491059851620697,3,2,7.412381404610166,1,0.9965015181322558,0,0.0,0
15814,32.32599017401377,4,2,0.0,7,0.8412056377298329,0,0.0,0
15815,39.3214845495002,2,6,0.888140240077492,6,0.730677802979344,0,0.0,0
15816,31.444105248427416,4,1,19.991288781338177,5,0.7277546553858455,0,0.0,0
15817,51.202297139176714,4,3,8.687465917055867,7,0.9997318614024855,0,0.0,0
15818,51.70709038222419,2,3,11.135293002138052,6,0.16543514262234804,0,0.0,0
15819,64.09327890914435,1,6,5.948973173043628,2,0.7200614881323684,0,0.0,0
15820,55.84659036211063,2,2,12.573608101974028,5,1.0404235995269064,0,0.0,0
15821,32.81022982123832,3,2,1.9836353102389186,1,0.5302049348819549,0,0.0,0
15822,38.468034353792355,3,5,3.2130114776743106,7,0.9993122152482662,0,0.0,0
15823,63.279509439605874,3,3,15.846463508458683,7,0.9996721226485061,0,0.0,0
15824,48.806847298356374,3,6,11.60798097654746,6,0.3343786683562041,0,0.0,0
15825,48.218702777511844,4,5,7.491814045122917,7,0.3697473279807481,0,0.0,0
15826,34.352322058808575,1,1,9.037362610326513,6,0.9990731389755195,0,0.0,0
15827,52.948763648299966,3,4,3.51462126151495,7,0.6778124692896881,0,0.0,0
15828,41.52044471055896,2,3,12.504934877103725,3,0.4991696847123933,0,0.0,0
15829,35.98547643820433,4,3,11.480576946827696,7,1.000079970144128,0,0.0,0
15830,39.65100934296909,3,3,7.918083629437024,2,0.5322520588391895,0,0.0,0
15831,39.6981489093964,3,4,5.053770488321671,7,0.9235066564120349,0,0.0,0
15832,26.177890957196794,5,6,3.7936454496840613,2,0.34063198494617525,0,0.0,0
15833,55.0937251892803,3,1,1.1844925338219188,7,1.000292042771942,0,0.0,0
15834,51.45572299739119,3,4,5.193175660023902,3,0.37295836105987684,0,0.0,0
15835,39.67428370318399,2,6,8.443213798450376,7,0.02290274713762208,0,0.0,0
15836,26.071934853304896,2,3,16.426428342676317,3,0.5004115952117911,0,0.0,0
15837,70.53339004194855,3,4,19.990303995059598,7,0.9997418575528202,0,0.0,0
15838,42.81454174017522,4,6,18.766085237915135,6,0.9998459544973328,0,0.0,0
15839,50.88338870402063,3,3,17.57463756302377,2,0.9999354651093277,0,0.0,0
15840,52.85823032662758,2,1,11.53113077142948,2,1.0001650628958767,0,0.0,0
15841,63.62594015385817,2,4,19.9967768164233,7,1.000169712919818,0,0.0,0
15842,49.65215505785244,2,3,0.08261493208338777,5,0.0,0,0.0,0
15843,57.354317513528414,3,1,5.603876589875058,1,0.3154290634597787,0,0.0,0
15844,38.80423396020628,3,3,11.528532743890013,5,0.9992263937938807,0,0.0,0
15845,38.86095822502968,3,3,15.621008589795775,1,0.9997805534367243,0,0.0,0
15846,30.430124056043987,0,2,18.695442872691316,5,0.9878361155210706,0,0.0,0
15847,51.378558745971525,2,6,15.126877885884664,0,0.4052177463867488,0,0.0,0
15848,52.86459327093549,3,6,16.945014061614867,4,1.000208771654754,0,0.0,0
15849,48.2462177310925,3,3,19.998747803562537,3,0.8509773035994108,0,0.0,0
15850,70.08475031896502,4,2,7.772166828051545,5,0.4672373888124558,0,0.0,0
15851,52.106952257522735,5,3,0.5971326715818677,7,0.9998994461100983,0,0.0,0
15852,41.65553548361439,4,3,7.912954694631469,3,0.501563493805432,0,0.0,0
15853,46.643866113483746,4,1,12.216881580902037,3,1.0003862547851363,0,0.0,0
15854,32.14133351132201,4,6,8.338384428024854,2,1.00032937336423,0,0.0,0
15855,49.141597012010656,2,2,12.675427478134413,1,0.8801425246824028,0,0.0,0
15856,53.24712128399767,2,3,16.409008219303956,7,0.999761173585044,0,0.0,0
15857,43.54538399989852,3,6,15.870947565180108,2,0.0,0,0.0,0
15858,48.97020691920225,1,1,14.730607892468285,7,0.9999466073688492,0,0.0,0
15859,48.50503118510199,3,3,13.955723618396842,7,0.8859285573682159,0,0.0,0
15860,33.66480343657207,3,3,19.997114907691067,4,0.24519670682917732,0,0.0,0
15861,47.1059439403259,3,2,18.68111694512254,4,1.0001991427379568,0,0.0,0
15862,29.106526881477002,3,3,8.11327428345346,4,0.9996368391569497,0,0.0,0
15863,30.8483894281724,4,1,9.082554035348549,2,0.9708062198654206,0,0.0,0
15864,28.830775821255443,5,6,21.134473435381985,6,0.4216354670291891,0,0.0,0
15865,47.25473557116028,3,4,19.998792706658556,7,0.5574407867086854,0,0.0,0
15866,28.919982208837247,2,4,19.993141652882585,7,0.8950265545452439,0,0.0,0
15867,45.53375637082628,4,6,10.589920646263852,7,0.22412098002341596,0,0.0,0
15868,64.86564440590227,4,3,3.1409068648278566,3,0.4972266638222771,0,0.0,0
15869,43.88559926297772,1,3,12.687505263861677,4,0.5021586823907513,0,0.0,0
15870,56.36028722566354,3,6,19.316207537823548,7,0.7827801812525874,0,0.0,0
15871,54.34083316345128,4,1,10.06297261208353,2,1.0000040839090427,0,0.0,0
15872,24.61600233872926,1,6,5.4659308879822746,3,0.041992104570988675,0,0.0,0
15873,44.270372867040855,2,3,20.588100838929115,3,0.4998163948264877,0,0.0,0
15874,49.43231709525582,4,2,13.90522252098035,7,1.0001243853165254,0,0.0,0
15875,31.060148656400468,2,2,20.001654084941222,3,0.3391032012858043,0,0.0,0
15876,41.317808355428504,4,1,0.9410144138727841,3,0.0,0,0.0,0
15877,38.69960048520551,2,2,17.03733061472254,7,0.9999442895849207,0,0.0,0
15878,49.70263788970547,5,5,5.689351522080692,3,0.4240948650284628,0,0.0,0
15879,49.60645288201883,4,6,6.265428299823541,5,0.894186141625837,0,0.0,0
15880,45.78162318874438,2,3,6.133627980935616,7,1.000120803572325,0,0.0,0
15881,55.966477543134964,1,2,8.908569584451921,1,0.6796718537936166,0,0.0,0
15882,37.546860102123034,4,3,9.920700451996016,7,1.0002815753933483,0,0.0,0
15883,21.81770777224771,1,4,16.856405425603924,2,1.164578954752845,0,0.0,0
15884,36.2287131948892,2,3,18.82919700659103,7,0.2766934153247559,0,0.0,0
15885,51.95752518166785,3,2,15.160632562733156,4,0.09201029347251266,0,0.0,0
15886,39.561134476951246,2,5,18.772399084173315,7,0.9998468760904531,0,0.0,0
15887,37.94115520819789,4,1,11.582300583374302,7,0.41635914447419187,0,0.0,0
15888,48.30549056279447,2,3,19.154840233724578,7,0.999765646053487,0,0.0,0
15889,25.57797356647142,4,4,19.99321192155396,1,0.9709069843400662,0,0.0,0
15890,21.828394332071984,3,6,8.331646735996573,0,0.13170818304727383,0,0.0,0
15891,48.23312791471974,4,2,15.225029574901914,7,1.000055359344866,0,0.0,0
15892,18.49859972038135,4,1,14.220847201888155,5,0.0,0,0.0,0
15893,46.04030794283403,1,1,15.582290299080073,4,0.5031535089751116,0,0.0,0
15894,45.626626291593006,3,3,19.992358469666407,5,0.8875824481427466,0,0.0,0
15895,31.583734910606594,3,6,8.802148253024173,2,0.6140050892530914,0,0.0,0
15896,51.717000456304014,7,3,5.908749005762529,7,0.7243509098318303,0,0.0,0
15897,48.12505140244167,5,3,18.896329625593534,2,0.0,0,0.0,0
15898,48.52831757625847,2,4,18.802569375203646,1,0.9996418830031332,0,0.0,0
15899,59.0003855974641,3,3,1.806321153024042,1,1.0004544122503092,0,0.0,0
15900,47.013210161891536,2,3,3.8112501276067086,7,1.0000389711976763,0,0.0,0
15901,64.0385707807275,1,6,17.639206333374325,7,0.9996418684732633,0,0.0,0
15902,58.11472981567212,4,1,14.477088198689781,7,0.7137171296125748,0,0.0,0
15903,38.38284379961447,2,3,7.048466371107979,5,0.9084245077435376,0,0.0,0
15904,46.679754502666576,2,4,11.036076884839721,1,0.9790821329960857,0,0.0,0
15905,28.96963394768632,3,2,3.279668569715744,7,0.9997956097800101,0,0.0,0
15906,54.43610542515986,3,4,13.570312949287562,7,0.6474665535185213,0,0.0,0
15907,32.9816691054659,4,1,15.76933521095118,3,1.000386177331839,0,0.0,0
15908,30.50133328462831,1,1,17.236418235736124,2,0.9826396266696258,0,0.0,0
15909,41.06132661602359,2,6,6.733552666501038,4,0.4285334541961477,0,0.0,0
15910,44.42668423610338,2,3,23.19943522018079,7,0.5314968195796668,0,0.0,0
15911,49.24270321603181,2,6,1.4879541453114573,3,0.369268582155239,0,0.0,0
15912,29.59693998739325,2,4,8.573662476523289,6,1.0091943824217469,1,5836.649291333745,1
15913,47.90464799899188,1,3,12.194175159312163,1,0.999971083197543,0,0.0,0
15914,54.03042147307633,3,5,6.575955943246935,3,1.0005519432415455,0,0.0,0
15915,28.867026943448785,3,3,10.474948684350656,1,0.9999285769995185,0,0.0,0
15916,51.442852647609406,4,1,19.995335067894658,4,0.0,0,0.0,0
15917,47.694923522983345,4,1,21.717055687790214,6,1.00034268880273,0,0.0,0
15918,47.10816679152246,4,1,19.669931687674865,2,0.50403236056012,0,0.0,0
15919,25.84267930750217,2,6,2.438298743803296,5,0.5152880147756682,0,0.0,0
15920,34.85337195829244,2,6,13.991265500276999,7,1.0001308389434715,0,0.0,0
15921,50.26426340168641,4,4,20.00027181902253,1,0.25548691105533217,0,0.0,0
15922,48.743246803589344,3,3,7.253026253211608,7,0.9995228314616367,0,0.0,0
15923,44.660165134535305,2,1,11.733284329357256,3,0.30075248166129626,0,0.0,0
15924,35.13188498960243,3,6,15.027429118988191,4,0.9999765998519103,0,0.0,0
15925,27.139327333442775,3,3,7.315899331406632,4,0.3878286861978158,0,0.0,0
15926,59.73650433623255,3,1,17.484973077811844,1,0.15517955728534916,0,0.0,0
15927,42.9896811971748,3,7,20.00397694601528,1,0.0845571196479723,0,0.0,0
15928,35.571348817450506,3,1,8.71162232381835,3,0.5002301577013484,0,0.0,0
15929,53.88848178175862,3,2,10.380461248372793,4,1.0215446857497026,0,0.0,0
15930,44.22287797045296,2,2,2.7044265579115105,1,0.757414968178567,0,0.0,0
15931,57.237005953923884,4,6,9.955012556797119,4,0.28580663905741505,0,0.0,0
15932,29.162899924890407,1,1,20.007604292037318,5,0.0704148739174062,0,0.0,0
15933,40.97297520800883,2,4,23.616888724174515,7,0.0,0,0.0,0
15934,68.71430303206871,1,1,17.964752428292147,2,1.0004290294780809,0,0.0,0
15935,39.916782034524616,3,2,15.581061989381546,2,0.2686211466663575,0,0.0,0
15936,46.03187557590676,2,3,8.794644506466106,7,1.015360109784697,0,0.0,0
15937,31.721356205120372,3,4,11.970530213232529,1,0.9985376988474597,0,0.0,0
15938,34.53341776006118,3,5,13.065199725700666,2,0.9994127638893899,0,0.0,0
15939,35.1456962826184,1,3,13.004353105339122,2,0.4753157190100771,0,0.0,0
15940,59.560984653319395,2,2,17.171616966861666,7,0.9998300284573526,0,0.0,0
15941,43.12553622826395,2,2,16.668947036931186,7,0.9999459673024522,0,0.0,0
15942,40.914781004449516,3,1,30.251704614769828,7,1.0003759244323895,0,0.0,0
15943,33.6799980816173,1,4,13.6999646694846,7,1.0003082885383932,0,0.0,0
15944,45.23147327739635,3,3,7.015858919832224,2,1.0000122158973785,0,0.0,0
15945,46.53802421881115,4,3,8.47641950507961,3,1.0003126450404645,0,0.0,0
15946,37.79156621629876,2,3,15.620146793869054,7,0.6160990086925638,0,0.0,0
15947,48.00918657477594,1,3,18.439502056387973,5,0.5033872159440765,0,0.0,0
15948,21.730154571684253,3,2,7.187932517702422,1,0.8694965015011338,0,0.0,0
15949,45.67117300262562,3,4,19.997216639725735,5,1.000048151382758,0,0.0,0
15950,46.08173364573161,3,4,0.0,1,0.4141513943605395,0,0.0,0
15951,27.187009395806687,4,4,6.329236980505917,6,0.35597693123158636,0,0.0,0
15952,51.03102051886155,3,3,10.321737619519809,7,0.9481071200691165,0,0.0,0
15953,36.767314443378204,2,6,5.5260660007113644,7,0.6223423873087877,0,0.0,0
15954,42.995819971554006,5,1,15.921158383590573,4,0.9998874061880114,0,0.0,0
15955,70.42125640386033,4,4,12.186146772199917,5,0.4310166977617205,0,0.0,0
15956,63.11782220087301,5,5,0.0,7,1.000217576563576,0,0.0,0
15957,40.658789921275236,3,3,5.49411096739437,7,0.9994790508719298,0,0.0,0
15958,57.25411493323349,6,1,4.95403430565575,7,0.9852618218201533,0,0.0,0
15959,30.700802062029048,2,7,1.6984405873996469,8,0.35370057838646307,0,0.0,0
15960,58.68982769904774,4,6,14.810808810719493,0,0.49790946415992465,0,0.0,0
15961,51.935717661641284,2,3,4.783620942266866,2,0.17513726409521269,0,0.0,0
15962,53.97417071764491,3,3,11.225142310880573,3,1.0004045481511137,0,0.0,0
15963,32.22258366963126,2,3,14.155385357273596,1,0.9148867528142919,0,0.0,0
15964,46.283409304661866,2,4,20.00224858397568,1,0.7296597242185849,0,0.0,0
15965,48.48065972809717,3,3,0.0,0,1.0033573070101691,0,0.0,0
15966,57.7150843533793,2,1,3.5816230676781267,5,0.945083765448945,0,0.0,0
15967,50.96964741627905,3,3,3.1296163665508523,7,0.48315824243909977,0,0.0,0
15968,27.831053115822144,1,6,15.966824970226014,6,0.7067438370429628,0,0.0,0
15969,59.8916398321913,2,4,19.992920901196996,7,0.9999799765697783,0,0.0,0
15970,43.24436002939722,5,3,0.8835030100479173,2,0.0,0,0.0,0
15971,54.30903706510027,2,1,0.0,7,0.7033348703509473,0,0.0,0
15972,46.33968755979526,4,6,5.309475151525607,2,0.4919425506606879,0,0.0,0
15973,38.348564939747746,3,5,15.665620526675738,2,0.9999865351455051,0,0.0,0
15974,33.1464829605731,1,1,0.0,4,0.48909348232547134,0,0.0,0
15975,42.237143939893656,6,6,7.500668708793324,7,0.6999617159165424,0,0.0,0
15976,31.6780167227271,5,1,14.42845061549065,1,0.9371933732647657,0,0.0,0
15977,17.201517160686432,2,2,15.357855936788338,7,0.1851162542083452,0,0.0,0
15978,64.4543282564918,6,3,16.376596322898088,1,0.8174976761249696,0,0.0,0
15979,45.30306487604053,2,4,19.986168298331936,7,0.4300979185011871,0,0.0,0
15980,29.91964415332518,5,3,19.98810613326095,1,0.3771459011674735,0,0.0,0
15981,61.915518137463074,3,3,9.058759276005176,4,1.0001272762427211,0,0.0,0
15982,26.04164449786258,2,5,4.814582887863051,2,0.9498146320147476,0,0.0,0
15983,31.172299777385504,3,3,15.71288966958447,0,0.9999688262930228,0,0.0,0
15984,66.06015453680786,3,1,12.32680123632869,5,0.9997290560983741,0,0.0,0
15985,38.27982464302423,5,4,16.369712519366658,4,0.9409432389837066,0,0.0,0
15986,36.83341004062047,4,0,9.780213813419849,4,0.3177695584882161,1,7887.153309020841,1
15987,36.21364956912367,3,1,10.491735858107742,7,0.9509428075483045,0,0.0,0
15988,51.425773137494886,2,1,6.172536856154878,4,0.4995652854152631,0,0.0,0
15989,47.861794381894185,3,6,16.328630158392752,6,0.1687388668093176,0,0.0,0
15990,58.765596280952025,3,4,31.132756187235028,7,1.2450438212919765,0,0.0,0
15991,43.72195757698865,3,6,10.73752843047177,0,0.1451920096086714,0,0.0,0
15992,23.817745809717955,4,7,20.00484162087183,1,0.9988903812174004,0,0.0,0
15993,22.7840938780912,4,3,7.785219294916136,3,0.9658124537114159,0,0.0,0
15994,42.49726423247313,3,3,14.119431391571663,6,0.9999887108997307,0,0.0,0
15995,20.61329158823922,3,3,20.00431370816672,2,0.17589271563476938,0,0.0,0
15996,35.38355727006713,4,1,5.486493769940586,7,0.9997560709898419,0,0.0,0
15997,54.93367669980376,4,1,20.001248170999013,2,0.37033853716751736,0,0.0,0
15998,52.933675621133915,2,2,9.236923152255402,7,1.0005550671082286,0,0.0,0
15999,28.294137594363256,2,6,6.454034920885289,1,0.9900851311127503,0,0.0,0
16000,31.37739147877559,3,4,15.411542733240802,1,0.9990277387747939,0,0.0,0
16001,28.46533917440071,2,6,11.58674541978858,6,0.1836107117483603,0,0.0,0
16002,46.74904825406409,3,1,6.13932289952091,4,1.0001467676548335,0,0.0,0
16003,40.432120989912264,3,1,4.549443337579028,4,0.18856689140939942,0,0.0,0
16004,63.2820992720258,1,1,2.53945807181157,6,0.3452392828060761,0,0.0,0
16005,33.631983527139845,2,6,18.506472465110882,7,0.36249842070084126,0,0.0,0
16006,30.807739592911677,3,2,3.9717552094317385,7,0.8792315701592892,0,0.0,0
16007,40.711930066121205,6,3,5.387959865484724,3,0.09286669979454709,0,0.0,0
16008,62.44739287884154,3,2,15.512187860040516,5,0.9993812907072113,0,0.0,0
16009,50.71199958981695,4,3,7.717134758893443,2,0.508735026909462,0,0.0,0
16010,37.60823713942315,2,3,13.302972581230149,7,0.9998953072369783,0,0.0,0
16011,27.059104538220254,4,2,11.94533591149878,4,0.975711380378472,0,0.0,0
16012,33.57948120542012,3,2,7.031855853626928,7,1.002151310496581,0,0.0,0
16013,60.50719753684513,5,3,8.642187736114504,7,1.0001558917476185,0,0.0,0
16014,34.40522383263728,3,4,10.65402070520006,1,0.9822204066212876,0,0.0,0
16015,49.26588436919084,2,4,26.298476087426806,4,0.03442779981606914,0,0.0,0
16016,28.221387773945207,4,2,14.1481578597434,7,0.44649550694056717,0,0.0,0
16017,36.43935869501123,2,1,19.351108569480516,7,0.4918493053007975,0,0.0,0
16018,48.508186838604345,4,2,16.29980821922482,3,0.7377528380265993,0,0.0,0
16019,57.08134044704578,6,3,11.448640383998649,7,0.07641558567183926,0,0.0,0
16020,31.050192124442418,0,4,20.00179307713487,1,0.49389009173236526,0,0.0,0
16021,49.42689978589752,3,4,0.3589201262607471,6,0.6216437807005175,0,0.0,0
16022,56.525965828020794,4,4,2.2051007209502167,1,0.2868793406067182,0,0.0,0
16023,34.58195503222471,2,4,10.687560455302108,7,0.13614790168784197,0,0.0,0
16024,43.35917063363887,0,1,2.820936320102529,1,0.9465996934357761,0,0.0,0
16025,43.69344810375235,1,1,8.698292086901223,3,0.3175539054070961,0,0.0,0
16026,24.21462448121409,2,2,9.019110024867285,5,0.0,0,0.0,0
16027,37.52973557068474,4,3,5.8016179829284065,2,0.5007333327276358,0,0.0,0
16028,34.16320245087118,1,6,9.776653317705785,1,1.0096707182569538,0,0.0,0
16029,29.23111832500434,5,3,15.827537155676335,1,0.9785386528638449,0,0.0,0
16030,62.38775298335154,4,4,17.613059970601633,6,0.0,0,0.0,0
16031,25.602365573040572,2,2,1.6222604077340037,4,0.6544299094139197,0,0.0,0
16032,52.09768539909804,4,3,15.240719221437558,6,0.4969468670682488,0,0.0,0
16033,43.97796672544098,2,4,19.993546503323742,2,1.0003504571826625,0,0.0,0
16034,26.410417918080242,3,2,18.63223997068902,7,0.7464914723263462,0,0.0,0
16035,54.93879298684227,3,2,16.080243502403476,7,0.7170549109444628,0,0.0,0
16036,37.089385364681384,4,2,5.045436415972864,7,0.4679136234495282,0,0.0,0
16037,38.48429767728682,4,5,18.115370848826494,2,0.14623886515085427,0,0.0,0
16038,46.524690879407856,1,4,20.01294455625099,1,0.9999676613506082,0,0.0,0
16039,46.87023871335829,0,3,6.1805951003214314,1,0.3881695856752583,0,0.0,0
16040,34.33258529611935,4,1,2.667339474496316,3,0.18960520128154562,0,0.0,0
16041,70.0076119959352,2,6,16.024229527296555,6,0.40851252219023154,0,0.0,0
16042,39.707787137602956,2,3,4.1856910795683415,2,0.032412459785742365,0,0.0,0
16043,59.15676378198647,3,3,24.71883497196064,7,1.0007848762245923,0,0.0,0
16044,42.06023654626176,2,5,0.0,7,0.9342384283801616,0,0.0,0
16045,34.426767612629426,2,1,12.333284189973199,3,0.7544325807061729,0,0.0,0
16046,45.4541328704554,3,2,8.518204272266741,5,0.5071446482786294,0,0.0,0
16047,65.12741402304975,2,6,16.445250005196723,1,1.0129649786739034,0,0.0,0
16048,46.857933178605656,3,6,16.18199629934107,3,1.0003602887335725,0,0.0,0
16049,34.43460155729881,3,1,11.672511232493406,2,1.000186416985078,0,0.0,0
16050,48.77753655924523,1,3,2.9028473309467664,3,1.000037426839784,0,0.0,0
16051,23.43766986809425,3,6,14.05679676852349,1,0.5223476077426793,0,0.0,0
16052,35.14434693013619,4,2,10.756636807236852,1,0.8390397035765665,0,0.0,0
16053,48.456262389992375,4,2,11.918951290231808,4,0.9657515404924246,0,0.0,0
16054,33.38601216112366,4,6,9.576781069928744,3,0.652399108754777,0,0.0,0
16055,47.81583267739066,3,3,11.468173617945586,2,0.49649211338377386,0,0.0,0
16056,38.22516422727286,3,4,4.814704484046098,2,0.5133763582877907,0,0.0,0
16057,50.506498958133335,3,4,13.516298211819176,1,0.9994935062242906,0,0.0,0
16058,47.47149050921908,5,1,20.005679982637297,5,0.03694095204719461,0,0.0,0
16059,26.677752031801205,1,1,19.81768397045801,1,0.6176353129330652,0,0.0,0
16060,28.623782057937472,2,2,10.941958972242904,5,0.4954843740232816,0,0.0,0
16061,29.260493376554034,4,2,12.938126974588208,4,0.5402994598342804,0,0.0,0
16062,33.86124859120639,2,2,11.182638014734263,7,1.0000948864844763,0,0.0,0
16063,53.60449330380251,0,1,20.000786302442606,2,0.07645915897649891,0,0.0,0
16064,53.38791322180619,4,4,10.412609944296882,7,0.41382887695536696,0,0.0,0
16065,23.24789799879124,2,6,0.0,7,0.5301585949273409,0,0.0,0
16066,25.93240915704794,3,4,19.99023107718732,1,0.7892727149358421,0,0.0,0
16067,50.95123416258232,3,6,12.248096503672107,7,1.0006222007551901,0,0.0,0
16068,50.77260102348937,3,1,15.655709843151186,2,0.9509426786765316,0,0.0,0
16069,15.414515177588434,4,3,12.145564914340655,4,0.14033889462554272,0,0.0,0
16070,29.874296786117625,4,4,19.998770525655722,1,1.0006469739861426,0,0.0,0
16071,39.23036612967077,3,3,22.293821218807658,7,1.0000912456272768,0,0.0,0
16072,46.28189771094424,3,0,20.00463065113282,1,0.9999048947726374,0,0.0,0
16073,0.8671795043614594,0,3,19.632494805634956,2,0.6236419441553696,0,0.0,0
16074,44.024519623958284,2,5,5.763673283905161,1,0.5521051863839153,0,0.0,0
16075,44.05530287709041,4,6,7.22997978846426,4,0.260035788776461,0,0.0,0
16076,46.231487130333626,1,5,4.582138480866651,2,0.22381406332961673,0,0.0,0
16077,42.78297229066503,5,4,3.710999706718275,2,0.499446200114146,0,0.0,0
16078,45.654883623364704,1,6,6.106283722455158,7,1.000192574093389,0,0.0,0
16079,40.16300450235894,3,4,14.316449544847066,2,0.0324927625021062,0,0.0,0
16080,55.80808264840745,2,3,12.178354545216521,7,1.0001686160462144,0,0.0,0
16081,68.11898864459084,3,6,15.117226040049697,5,0.2531123922885398,0,0.0,0
16082,47.76874635282353,5,1,13.078839606625777,0,0.49433207494822784,0,0.0,0
16083,45.365963179704764,2,3,4.828578746624335,2,0.5031111953002225,0,0.0,0
16084,38.4292605694486,3,2,19.807218515758997,3,0.22143121285279155,0,0.0,0
16085,28.78628433546818,3,1,15.004951591261161,4,0.9831943804969003,0,0.0,0
16086,49.89378942499585,1,3,0.9621543082682091,5,0.1364414183415692,0,0.0,0
16087,59.421163371376565,0,3,2.5014265326836185,7,0.9997565275756053,0,0.0,0
16088,32.13230450349909,3,3,18.939324851408106,3,0.9997343495066304,0,0.0,0
16089,35.202179696242425,3,5,19.707665418879536,7,0.5380122245487338,0,0.0,0
16090,46.85228376860799,3,1,4.378159030119107,7,1.0000002786695956,0,0.0,0
16091,33.65579103765371,3,1,7.425569634200194,7,1.0006876362505004,0,0.0,0
16092,71.5871533702333,3,3,9.148549844127098,7,0.6186101540597453,0,0.0,0
16093,56.02463686526807,3,6,10.19045436130061,7,0.8541905481439404,0,0.0,0
16094,34.06068466017101,2,5,7.229110419122638,1,0.5923134926615551,0,0.0,0
16095,43.39510680044448,2,3,0.0,3,0.612504045040152,0,0.0,0
16096,40.95053513652618,2,4,10.510786794131064,5,0.2381243512109033,0,0.0,0
16097,21.547561409597808,3,2,5.706542917443367,2,0.503766229035107,0,0.0,0
16098,62.03677161630723,1,2,6.491273567263063,6,0.33496068240039234,0,0.0,0
16099,51.228918163048974,3,2,11.784828098313707,2,0.009538144391463388,0,0.0,0
16100,38.799380961616556,6,1,6.325007662820982,7,1.0108355591537401,0,0.0,0
16101,56.76281274634637,1,1,12.505605613545901,7,0.2568911001587136,0,0.0,0
16102,46.100645696171036,4,6,0.0,2,0.23698543189720894,0,0.0,0
16103,40.24418762507039,5,6,20.580132669673837,7,1.000164872017808,0,0.0,0
16104,36.76838357144065,4,1,14.532749991601484,0,1.0003424004299442,0,0.0,0
16105,35.173256048035164,3,4,8.561544434529686,7,0.47643617128513105,0,0.0,0
16106,58.41063183362681,4,3,3.3959693275367737,6,0.7836657629850335,0,0.0,0
16107,56.68449650909909,2,2,16.12659043826404,5,0.43027593465696046,0,0.0,0
16108,46.69790315980444,3,3,5.298903671255002,7,1.0003974007435754,0,0.0,0
16109,56.18357436682065,4,6,11.12032836427587,6,0.42028093574718883,0,0.0,0
16110,61.41263259405843,5,1,20.29901454079653,5,1.0002037194308873,0,0.0,0
16111,41.6655294452371,4,5,11.39501823334477,1,0.6091123317543036,0,0.0,0
16112,52.44912413565358,4,1,4.443870456109855,4,0.9998618635094981,0,0.0,0
16113,46.978767700534235,2,6,4.338416653343984,6,0.7867532785028009,0,0.0,0
16114,42.16538863303485,3,3,3.4323878617607235,5,0.9997783762744463,0,0.0,0
16115,31.24325011829741,3,2,17.137661388303215,5,0.9903025154381133,0,0.0,0
16116,50.446919491058,4,3,13.861430144765563,2,0.39583583916826137,0,0.0,0
16117,49.92486274344397,4,1,12.9192593535255,1,0.9382235987295282,0,0.0,0
16118,47.1725436991717,3,3,9.920705508716358,7,0.6618029909704853,0,0.0,0
16119,42.31614278537301,3,3,20.000622423343422,7,0.2254551791117641,0,0.0,0
16120,30.813291139751772,3,5,7.13700923163016,7,1.0001718613271189,0,0.0,0
16121,61.438135823124526,3,5,8.648337205400711,7,0.9713376710812759,0,0.0,0
16122,28.901496107836127,1,1,3.632126360258627,4,0.3788340406737456,0,0.0,0
16123,26.834901066251433,4,3,4.849874880399469,4,0.3773957678023456,0,0.0,0
16124,51.67552745698575,1,1,20.874377034188576,7,0.937838054333403,0,0.0,0
16125,30.05703653984616,2,1,14.637859249394214,5,0.6376876907527181,0,0.0,0
16126,46.54934094708162,3,4,5.37022834159253,1,0.0,0,0.0,0
16127,30.830811039669264,1,3,11.592022845953943,3,0.29765665025830124,0,0.0,0
16128,40.76834012790513,2,2,16.03415123036783,4,0.5812394448745511,0,0.0,0
16129,39.87551757714953,2,6,18.705342024668752,5,0.15341291325646222,0,0.0,0
16130,23.69809100586033,4,5,11.641294257334549,7,0.41288144434741175,0,0.0,0
16131,34.18164349406457,1,3,14.244954656942038,3,1.0001641400774262,0,0.0,0
16132,35.707317680779646,2,7,6.962471083379583,1,0.47887955702046375,0,0.0,0
16133,26.270226751991796,2,3,11.993767165887462,4,0.4681513811512721,0,0.0,0
16134,35.905523854013126,4,6,13.352914167984952,3,1.0004876073210458,0,0.0,0
16135,52.97941532303619,3,3,13.71721422098891,5,0.9995226163057516,0,0.0,0
16136,32.888824250807446,3,5,8.245598473747734,1,0.14183994707263625,0,0.0,0
16137,49.89901485100342,6,3,5.35338481758174,2,1.0004438619485754,0,0.0,0
16138,37.9031501581102,3,6,20.330636836718607,1,0.9984271591558425,0,0.0,0
16139,49.60393678680413,5,3,20.002898749540012,1,1.0000603868910825,0,0.0,0
16140,59.305839618094254,2,1,1.1735245361366626,3,0.9328388431941872,0,0.0,0
16141,34.36156342443407,3,1,13.717797900258939,3,0.0,0,0.0,0
16142,45.49024208527146,3,6,16.319821848882224,5,0.5172986150193748,0,0.0,0
16143,21.40398009147533,2,6,18.577279803411393,6,0.41604481274018806,0,0.0,0
16144,43.08645931087012,3,3,1.6132111933175235,4,1.0001124741137286,0,0.0,0
16145,71.46744604286714,4,3,6.232285292674425,3,0.4944911079964716,0,0.0,0
16146,48.277420084885044,2,3,8.670116532284233,3,0.05818685688904113,0,0.0,0
16147,37.71616711789998,3,1,17.26267759103017,2,1.0002203264702048,0,0.0,0
16148,33.98976136301078,3,1,4.364527269100765,2,0.32172151575475233,0,0.0,0
16149,69.56133639692133,3,3,13.60500125176204,5,0.9397403512195588,0,0.0,0
16150,51.21146453452686,2,3,0.30734794947900745,3,0.4997979132054313,0,0.0,0
16151,50.18008949034868,3,1,4.704222046133029,7,1.0000257381522328,0,0.0,0
16152,44.30589329441917,4,1,2.7511769387089746,4,0.501068480925732,0,0.0,0
16153,36.953995168429294,4,3,18.653163027939385,4,0.13567358037453603,0,0.0,0
16154,31.027738867117264,3,3,4.211983050162195,3,0.9995677315647484,0,0.0,0
16155,39.00118585211488,4,5,9.70535242766805,7,1.0002513011149143,0,0.0,0
16156,52.669497775872415,5,1,17.18072585062407,7,0.9997149504889697,0,0.0,0
16157,40.42684140654415,4,2,13.09911308018051,6,0.609171899847852,0,0.0,0
16158,66.32385332455007,3,4,20.0051577897233,7,0.8824964054155006,0,0.0,0
16159,29.73940040955374,3,3,10.145606391132691,7,1.0005642050041557,0,0.0,0
16160,54.217747865491766,4,4,19.997472925167074,1,0.9995941121666929,0,0.0,0
16161,51.832702378977864,3,4,15.889453674366639,7,0.0,0,0.0,0
16162,59.206604807789844,3,4,20.003533454961246,7,1.0003470858961339,0,0.0,0
16163,34.28412922883234,3,2,14.971577908660185,5,0.9738439512495747,0,0.0,0
16164,55.31753271548386,3,6,19.69883194930761,3,0.20662895447530466,0,0.0,0
16165,45.001354719602965,2,1,11.364300662769576,7,0.9997361107730922,0,0.0,0
16166,42.157006486873385,3,6,12.672143791417309,7,1.0001122614485027,0,0.0,0
16167,55.781326025292664,3,4,4.050164162134868,6,0.913099695437372,0,0.0,0
16168,43.04366324499268,3,2,9.755572721473944,6,0.24482779415664496,0,0.0,0
16169,42.46017422231631,3,2,17.29225953229976,7,1.0003830981544348,0,0.0,0
16170,31.324746494425543,2,6,14.63093379201893,2,0.7188902948325262,0,0.0,0
16171,47.131446633211546,4,1,12.958864782316024,5,0.999979082555124,0,0.0,0
16172,45.91524840201394,3,6,8.346854440129482,5,0.9998144407226213,0,0.0,0
16173,43.74721498355209,2,3,19.991244055728004,1,0.6716652654249721,0,0.0,0
16174,42.035084320042564,3,4,19.996333008956803,1,0.5178940151160341,0,0.0,0
16175,54.00851603042183,2,6,5.558452585679457,7,1.000142979048275,0,0.0,0
16176,50.220974542750575,1,2,19.99880327473057,1,1.0000529883517428,0,0.0,0
16177,48.902147885093235,1,2,7.2210607033009895,1,0.0,0,0.0,0
16178,24.723444462699376,3,3,2.983738231123109,1,1.000112031768212,0,0.0,0
16179,33.9449399624335,3,3,14.768827209047327,1,0.48137417765889984,0,0.0,0
16180,42.488550831751816,3,6,13.94075964412811,3,0.34938962530760775,0,0.0,0
16181,45.61010450638833,4,1,8.066613724951921,5,0.0,0,0.0,0
16182,39.80181695299059,1,3,0.0,4,0.2929077516233534,0,0.0,0
16183,41.76217646159787,3,4,13.097151112325799,6,1.0006552654756815,0,0.0,0
16184,62.348699876622206,4,3,24.82297478511271,2,1.0000171999904266,0,0.0,0
16185,52.02673965518949,5,4,8.637544501305738,7,0.9998244616609544,0,0.0,0
16186,26.16204226382035,4,4,14.194252297620311,4,0.4612654727000097,0,0.0,0
16187,41.942843556510056,4,2,8.477910767638086,7,0.23372841011093543,0,0.0,0
16188,35.84147750652336,3,1,16.300542461760436,0,0.35548368992225493,0,0.0,0
16189,34.158665965081134,2,3,16.309627537647266,3,1.0001705591525294,0,0.0,0
16190,37.440849231330205,5,1,14.452394994957785,0,1.0009611805439573,0,0.0,0
16191,66.92736000454309,1,3,5.818757784928049,3,0.9784575128276404,0,0.0,0
16192,53.39898029262048,3,6,12.807971078090905,2,1.0002851236017365,0,0.0,0
16193,46.777348770916774,4,4,10.993203484692897,6,0.4133205661909176,0,0.0,0
16194,28.245782735820452,4,6,8.688676214083289,7,0.5303951878766364,0,0.0,0
16195,43.29073697230157,2,4,13.084746971666016,4,0.20169255587842677,0,0.0,0
16196,42.64869624193288,3,5,5.86580196217863,5,1.0003066070150135,0,0.0,0
16197,36.387616342197816,2,4,20.010386571244695,7,0.9997446404493586,0,0.0,0
16198,41.20403477251923,3,3,12.697851973792739,7,1.0005815445576434,1,351.8378793379826,1
16199,45.99524592762913,3,3,9.404251507408095,7,0.1320305286155039,0,0.0,0
16200,46.901604731051656,3,2,13.619720967385351,7,1.0693918547910597,0,0.0,0
16201,44.2846407232165,5,6,19.99264515184765,1,0.9997148223364618,0,0.0,0
16202,64.5701845106359,0,3,2.2496734031981838,3,0.2652977889590081,0,0.0,0
16203,36.35277787751023,3,3,1.4290977870148023,4,0.01663315874189697,0,0.0,0
16204,52.412994420686616,3,4,2.467155922227306,5,1.0001536177136137,0,0.0,0
16205,52.98294628646927,2,3,14.930461964806026,2,0.9877485231648458,0,0.0,0
16206,39.673475037144605,2,1,11.745061749873758,3,0.4090745268490381,0,0.0,0
16207,54.57824340475726,3,6,6.864596886028602,7,1.0002129695007562,0,0.0,0
16208,55.836967306486144,4,3,7.125703145713162,7,1.0003300453287978,0,0.0,0
16209,56.07157332245719,3,4,20.004933190274045,1,0.9999744030851831,0,0.0,0
16210,47.57004201837794,1,1,12.257873097772533,2,0.04902288501989149,0,0.0,0
16211,55.41591957845089,2,3,12.68110015599939,7,1.0008857041822297,0,0.0,0
16212,64.64439664798887,1,5,10.38512506239015,5,0.37325224314853234,0,0.0,0
16213,46.285516321547846,4,3,7.424932755969316,3,0.21585193053931295,0,0.0,0
16214,44.63851714153665,3,6,19.912205178044406,3,0.02245321749270479,0,0.0,0
16215,54.708744119472684,3,4,17.952439887140077,7,0.7339566686524087,0,0.0,0
16216,63.542451160860494,3,5,10.041168276833023,7,0.3374631493973452,0,0.0,0
16217,44.493485905626706,4,2,14.186253589386382,2,0.5670524988942126,0,0.0,0
16218,51.97341377081439,4,3,15.20714266890008,0,0.3147745757594161,0,0.0,0
16219,63.9457595833497,4,5,6.3563694953071375,3,0.12525289068071044,0,0.0,0
16220,32.42954603766926,3,6,15.148111128564267,1,0.9783353814323307,0,0.0,0
16221,51.05071876325001,2,6,4.808513622544055,3,0.35416857921839834,0,0.0,0
16222,46.267792661671756,6,4,9.891353849535207,7,1.000308484146018,0,0.0,0
16223,39.8006154871128,2,5,9.249921906684287,2,0.38593783797561493,0,0.0,0
16224,19.255542993219667,5,3,14.44294815882852,7,0.5705056203936056,0,0.0,0
16225,49.84282571935155,1,5,1.1219210570951912,7,0.9993176005894379,0,0.0,0
16226,20.45112629936029,1,1,10.49322414513059,5,0.27582905753592163,0,0.0,0
16227,33.024236066591975,3,1,16.11941680603707,3,0.8594035846736678,0,0.0,0
16228,29.730465870766615,1,1,13.628604131521227,7,0.0,0,0.0,0
16229,39.47605933474335,5,5,17.015376439152394,3,0.5766407512199029,0,0.0,0
16230,26.454877762093155,4,5,15.866104732299313,1,0.46977107468356977,0,0.0,0
16231,44.0599877877973,2,1,13.093025837113371,1,1.0007640105986124,0,0.0,0
16232,65.93467535410718,3,6,11.911628791833591,7,1.0001711535378015,0,0.0,0
16233,48.32902570504811,4,2,19.998138879708705,1,0.999982668428408,0,0.0,0
16234,56.574408795599695,3,2,0.8656674743638799,7,1.000092413012923,0,0.0,0
16235,40.5165040923792,3,3,8.958998406627325,2,0.5140931688268243,0,0.0,0
16236,52.934810964856325,3,5,13.531895283055634,1,1.0003024508704639,0,0.0,0
16237,17.059891600671897,3,3,13.991626615397378,1,0.9997798494892876,0,0.0,0
16238,26.22022833579407,1,4,20.007096912716776,1,0.7165845164060981,0,0.0,0
16239,33.92602544747082,4,1,13.563445773744133,5,0.34874729202766785,0,0.0,0
16240,51.78628662868114,3,3,17.354340145049907,2,0.4680603194815436,0,0.0,0
16241,48.51393853857841,2,4,3.83474205344612,5,0.9364544001981714,0,0.0,0
16242,7.41661745281413,3,1,4.795287371129855,4,0.9497115840893878,0,0.0,0
16243,38.72937548242509,3,5,17.32117617956647,2,0.9997620465037753,0,0.0,0
16244,44.11706835494033,2,6,12.605319910023315,1,0.29229098218205246,0,0.0,0
16245,39.350274050468926,5,5,20.004664783868904,1,0.6769931306744922,0,0.0,0
16246,54.30406251636353,4,1,13.461876756004262,3,0.40390711506889954,0,0.0,0
16247,29.77590266737782,2,6,23.162870906622267,6,1.1330617140320403,0,0.0,0
16248,24.377284110826,4,4,11.161001442790388,4,0.17608455991187277,0,0.0,0
16249,54.47308282433811,4,1,1.3596023708118175,4,0.5901118285124209,0,0.0,0
16250,37.97219175367283,2,3,6.1400687168200285,2,0.9999704634246693,0,0.0,0
16251,58.17982096525292,2,3,3.701601859690178,4,0.49996260238305223,0,0.0,0
16252,13.137089698923031,4,1,0.0,4,0.38939951440979936,0,0.0,0
16253,31.683848594987744,5,6,9.268250608756404,7,0.15932742327480898,0,0.0,0
16254,42.242233271059376,1,2,11.150954260352568,7,1.000510150357084,0,0.0,0
16255,46.5270571023336,2,2,14.16535158461955,7,0.9994164971482509,0,0.0,0
16256,38.31743011099967,1,5,9.252227171035784,4,0.4845461515271654,0,0.0,0
16257,43.25032950692607,3,5,18.27002283712421,1,1.0000534496221147,0,0.0,0
16258,35.02313549921145,3,3,3.4235148280198233,2,0.4982010561344753,0,0.0,0
16259,17.616739116164496,3,6,14.941809126682736,2,0.0,0,0.0,0
16260,59.88825632198777,3,6,18.92443833416253,7,0.5919756214855321,0,0.0,0
16261,61.479303875432706,5,3,17.23500492249285,7,0.999913521403982,0,0.0,0
16262,58.85292512552688,5,3,4.050762847374026,2,0.5020624691413732,0,0.0,0
16263,55.88948232016752,3,1,17.63748989817696,3,0.9186281277329114,0,0.0,0
16264,42.727331694603464,3,1,10.557614900429371,7,0.13993051423635694,0,0.0,0
16265,19.007083494946603,3,6,12.568317433968602,4,1.000040636531502,0,0.0,0
16266,47.09227053871371,3,2,14.685042395332536,1,0.37463818088378525,0,0.0,0
16267,48.52078920865153,2,6,15.582700309475637,2,1.1429532344810782,0,0.0,0
16268,32.43025923721834,3,3,2.182391453718971,7,0.9063308759395018,0,0.0,0
16269,78.12676177184915,2,3,2.6389144931180315,5,0.5910775428286273,0,0.0,0
16270,65.90978444628416,1,2,0.0,7,1.0003755164451131,0,0.0,0
16271,39.46712529981957,3,1,20.787148274583615,4,0.9999775394291877,0,0.0,0
16272,40.94265160064615,4,6,17.23388834463971,1,0.9580375752651519,0,0.0,0
16273,55.69294110724108,3,1,16.43357243125004,2,0.9999821664691686,0,0.0,0
16274,29.915364609010332,3,6,12.90533998089735,2,1.0000775549881165,0,0.0,0
16275,59.685243784691586,0,1,11.794856307246963,4,0.5001757849364358,0,0.0,0
16276,45.03947187619163,3,6,14.356340543332063,6,1.0002362566650864,0,0.0,0
16277,62.76980478035526,3,2,15.54605230694682,1,0.9994602138668458,0,0.0,0
16278,43.80804928397415,6,1,6.855811754146671,3,0.6400665549878722,0,0.0,0
16279,23.840941916129413,3,2,6.22203120295603,2,0.9999279240800185,0,0.0,0
16280,69.96612269912242,4,5,6.31611361928805,1,0.7571873183851637,0,0.0,0
16281,43.52742656734324,3,1,5.706704889116716,0,0.9660330171176851,0,0.0,0
16282,45.01785744574297,2,2,8.418734309826343,7,0.9355513263138385,0,0.0,0
16283,38.309938697288715,3,6,7.975197386715427,6,0.6117144040396802,0,0.0,0
16284,39.69549266112723,4,1,15.6690816311386,7,0.9997131171975959,0,0.0,0
16285,34.171938705622,7,1,3.8252361873272074,7,1.00024165191639,0,0.0,0
16286,45.51640951772869,1,6,11.651688079406608,3,0.3635959204661277,0,0.0,0
16287,31.516312477527602,6,3,12.54345950531688,1,0.440424748366791,0,0.0,0
16288,68.78153910035442,4,3,14.252982726941744,7,0.6049562458187057,0,0.0,0
16289,39.4118055875015,3,2,12.13483581543469,5,0.9003961131360312,0,0.0,0
16290,71.15052478113995,3,1,18.478144730383274,7,1.0001820765804337,0,0.0,0
16291,35.94350093778721,3,4,17.216700120485015,2,1.0001322851273844,0,0.0,0
16292,30.156442505611437,3,3,11.585253196408393,2,0.14803165459817824,0,0.0,0
16293,69.10783329103285,2,2,4.673114990823606,7,1.0002830208073898,0,0.0,0
16294,31.7243462984354,2,3,12.124519816210542,3,0.18510589392116783,0,0.0,0
16295,47.0438981688159,3,6,12.750672004540242,7,1.0004657258295553,0,0.0,0
16296,24.74686433317283,4,3,12.128601765307959,7,0.8561201949628785,0,0.0,0
16297,56.74151311157954,4,1,20.001055651006304,4,0.6257400839992948,0,0.0,0
16298,43.454242846314166,2,1,8.721965048880667,7,1.0000878259654207,0,0.0,0
16299,54.15802761079456,2,6,3.518493952092805,4,0.35322772137703645,0,0.0,0
16300,60.579232103095194,2,1,10.431124439886295,3,0.9989734572628757,0,0.0,0
16301,42.43305098024531,4,3,9.043758220392046,7,1.0001467273092337,0,0.0,0
16302,47.22347117711372,3,3,22.409135113617474,3,0.1350190284193894,0,0.0,0
16303,37.005880040126115,3,1,6.607266634375272,7,0.6208013270715484,0,0.0,0
16304,26.749079477936206,3,2,7.56549155505075,5,0.29819608048739255,0,0.0,0
16305,44.545445150521935,5,1,14.627294064699509,2,0.14736736515417614,0,0.0,0
16306,37.244015398523715,3,4,11.068679435715364,7,0.9140628309158593,0,0.0,0
16307,53.47223346113214,3,5,3.4147467908129174,2,0.381050121660906,0,0.0,0
16308,44.560506576491356,3,4,19.309533131735165,7,0.9058025317900621,0,0.0,0
16309,54.907695830994335,2,1,13.010882066880102,3,0.9837324215101493,0,0.0,0
16310,50.26214408910456,2,3,3.4301677809229476,7,1.0004862939278945,0,0.0,0
16311,29.712810599585875,1,6,7.442263569754731,7,0.9264041966919276,1,7492.430150272095,1
16312,41.72235309633204,3,3,6.741764760483453,2,0.8300093454015119,0,0.0,0
16313,44.08298763955586,3,5,15.910122013506818,5,0.9994843309686048,0,0.0,0
16314,41.17647427830908,1,5,7.169464765337642,5,0.2589650540179078,0,0.0,0
16315,49.52377669760627,4,2,7.058844241664217,4,0.6430975084972158,0,0.0,0
16316,26.080632110238817,3,4,15.344507645095932,1,0.9995250052538944,0,0.0,0
16317,32.125123029818354,2,5,11.724347938991261,1,1.0926391342162012,0,0.0,0
16318,44.50841070927995,4,3,5.957634016583797,2,0.3079874628656556,0,0.0,0
16319,19.532315897184507,3,1,13.023267048675129,3,0.9996936560764647,0,0.0,0
16320,44.852332887804764,5,3,7.14966382440082,4,1.0001950132850852,0,0.0,0
16321,46.24211982819638,2,3,0.5535827666783657,7,0.9183441818357233,0,0.0,0
16322,36.61462476943588,5,3,9.63532282886548,7,1.000159758478408,0,0.0,0
16323,57.241725682694266,2,5,3.8011837268417663,3,0.936114812551386,0,0.0,0
16324,40.53780321725446,4,6,14.361329963839822,6,0.48932790211735033,0,0.0,0
16325,45.380746823782545,2,2,14.913754629418936,7,1.0000628381775352,0,0.0,0
16326,51.90623290090343,3,3,14.892882883972392,4,0.9990662210605907,0,0.0,0
16327,27.83031229795193,0,1,12.409309671566698,7,0.9999702080176571,0,0.0,0
16328,54.53126034436043,3,3,18.34835336975388,1,0.9997379721982498,0,0.0,0
16329,45.4566876777719,2,2,9.449162663770846,7,1.0001927016927792,0,0.0,0
16330,43.347620937985596,3,7,0.0,5,0.40496193589684165,0,0.0,0
16331,49.523392948365036,4,1,15.570252114473561,3,0.5153423415733845,0,0.0,0
16332,10.028874325115687,7,1,14.321428394433894,2,0.516077933621688,0,0.0,0
16333,38.10246322021507,2,3,7.11425428594142,3,0.39757358731043313,0,0.0,0
16334,44.036061708279014,3,6,16.030287707192862,6,0.5338541907539666,0,0.0,0
16335,22.85612935551533,4,0,8.860803685907033,6,0.0,0,0.0,0
16336,49.170817875903644,2,4,7.378686887947661,1,0.015748411153449604,0,0.0,0
16337,55.590156286001886,2,5,0.2550158906118849,6,0.5001355158875038,0,0.0,0
16338,84.09235106216693,1,4,13.037802895805335,5,1.1226705528875196,0,0.0,0
16339,32.36640586386446,3,5,11.075181321341875,5,0.49835299787949955,0,0.0,0
16340,31.729489140780736,2,1,15.467193088010317,5,0.9996023367633748,0,0.0,0
16341,58.724248355359144,4,5,15.03622872715492,7,0.5495021725039821,0,0.0,0
16342,50.749713216554056,2,6,11.389622411241143,4,1.0002283176960018,0,0.0,0
16343,60.303632581168756,3,6,9.20925002071869,6,0.9708025863635141,0,0.0,0
16344,21.785497049734353,3,5,15.695632681882831,1,0.9999638338146459,0,0.0,0
16345,32.67584719606969,2,3,0.0,4,0.5017774062556646,0,0.0,0
16346,35.39451816766947,6,3,5.335560578542059,1,0.41289561941858,0,0.0,0
16347,42.834300410627215,4,4,7.704657991826371,2,0.9734823452663707,0,0.0,0
16348,44.05747508478285,3,6,21.054580814401646,5,0.46788392509071586,0,0.0,0
16349,48.909276460638154,5,3,7.760630607611275,3,0.47269010933725986,0,0.0,0
16350,50.33395043921965,3,4,20.0046034271426,2,1.0007789614388336,0,0.0,0
16351,30.677770985082226,4,6,21.605244433465582,3,0.8031512835480792,0,0.0,0
16352,25.008048014351008,4,6,16.00781879545329,4,0.9997939639882605,1,4185.889016056677,1
16353,43.66102634471656,2,6,19.391447086357342,0,0.8014300414463637,0,0.0,0
16354,59.28802057865729,4,4,19.924994571306712,3,0.9787958873587859,0,0.0,0
16355,50.77720538564117,1,4,19.99543029583554,4,1.0002413255657994,0,0.0,0
16356,42.70523785551544,4,4,10.025132803563228,7,0.17307444412661666,0,0.0,0
16357,23.036955973213004,1,4,9.873054199148031,4,0.9629931780005341,0,0.0,0
16358,48.09901032579769,2,1,18.308660359895466,7,0.5292651409166729,0,0.0,0
16359,58.03264418455124,3,3,13.891678854657247,7,0.9999453773127954,0,0.0,0
16360,49.11677665412119,3,3,12.797709133763602,3,0.5017935440490365,0,0.0,0
16361,44.89664541320731,1,4,14.637680584479003,3,0.2815143205419647,0,0.0,0
16362,53.53330487513636,3,3,18.74288154100977,1,1.0005524942871478,0,0.0,0
16363,43.599050519154396,3,3,0.0,7,1.000795473841845,0,0.0,0
16364,40.11557518060817,2,3,0.0,4,0.0,0,0.0,0
16365,27.57219812656265,3,2,8.292641654544283,2,0.2343685820851386,0,0.0,0
16366,70.91531051756637,2,5,15.313514080504433,1,0.4028363110699032,0,0.0,0
16367,49.8484942015831,3,3,12.869116821897045,4,1.0000144213331261,0,0.0,0
16368,37.25582878787171,4,1,4.735802697755371,7,0.35560333643618314,0,0.0,0
16369,35.04999020361473,7,1,4.749066758425171,3,0.0,0,0.0,0
16370,44.25783938777769,2,5,17.722009081334093,6,0.40701460664087236,0,0.0,0
16371,62.702668248205185,3,5,4.715180964400505,4,1.000888845479088,0,0.0,0
16372,43.052696868017584,5,3,17.428138100672193,2,0.48463004017536926,0,0.0,0
16373,29.181376865821477,1,2,12.534400436552943,1,0.8915006446347137,0,0.0,0
16374,36.28629308229765,1,1,4.939115846320891,2,0.5169681928334082,0,0.0,0
16375,62.708463479546594,3,3,2.87076525796798,7,0.9995809527714327,0,0.0,0
16376,41.35952129528934,4,4,13.484785487687374,1,0.16483280629378294,0,0.0,0
16377,56.120063346705514,2,3,4.698142188218282,2,1.0002039031587375,0,0.0,0
16378,55.238765557136006,3,3,3.420027819093362,2,1.0003956006033468,0,0.0,0
16379,24.14957795025058,3,4,17.322714608413367,2,0.7991710168134613,0,0.0,0
16380,59.09431502204568,3,3,9.66660843077355,7,0.9999087041784194,0,0.0,0
16381,36.555476170621006,2,6,20.019523578141307,3,1.0001843246816393,0,0.0,0
16382,60.98264262276436,2,6,17.49245865004621,1,1.000198090864697,0,0.0,0
16383,34.99113225846328,4,3,12.48702021414353,4,0.9816809142230951,0,0.0,0
16384,51.56660582053604,5,1,16.798465523554615,7,1.0006166659320095,0,0.0,0
16385,34.17930831208062,2,6,15.651615941997568,1,0.9747727322104778,0,0.0,0
16386,32.9409816605251,4,3,2.4736712211157705,7,0.377107195656493,0,0.0,0
16387,23.950391713654856,4,2,7.444635390645157,5,0.18080896928236434,0,0.0,0
16388,57.8852453440711,3,3,11.371999616589582,5,0.9996207210214959,0,0.0,0
16389,31.04605345314767,1,4,11.75579126401211,7,0.6289423570062729,0,0.0,0
16390,34.4102801796358,5,4,19.98877548386386,1,0.9995945026993128,0,0.0,0
16391,46.97277152270979,6,1,20.920340863685748,7,1.000097330986546,0,0.0,0
16392,47.30057413301124,3,3,0.6218701334887484,2,0.5033825013221073,0,0.0,0
16393,36.1460119058375,3,4,5.985792368811625,2,0.8133709356385193,0,0.0,0
16394,48.52892861077988,5,3,7.5308470988763965,5,1.0001113991456014,0,0.0,0
16395,56.59114056357632,1,1,13.3722324306814,3,0.1559972429471369,0,0.0,0
16396,48.49320357330616,2,6,0.7195310130706716,7,0.6175839416510368,0,0.0,0
16397,45.33513068669981,2,3,0.0,1,0.7395518996558818,0,0.0,0
16398,39.69934980007092,3,0,20.006254429044247,1,0.9996994502430596,0,0.0,0
16399,38.688360708272064,2,3,3.133227287769989,7,0.9999522850911517,0,0.0,0
16400,23.787175199950685,3,0,15.633664446024795,7,1.0001873428534267,0,0.0,0
16401,31.351914524373967,4,2,31.097428866559348,7,0.6458413725058811,0,0.0,0
16402,27.18943138372197,1,6,7.860345598263912,0,0.3634817740005342,0,0.0,0
16403,26.68718314605169,3,7,6.535452226323063,4,0.0,0,0.0,0
16404,54.87989278314766,1,1,11.384225329284103,7,0.2643036065824976,0,0.0,0
16405,47.02573079738896,4,3,0.0,7,0.6637088945514684,0,0.0,0
16406,45.62187601064532,2,5,15.853806484360742,2,1.5600625771008758,1,17229.076108612117,1
16407,50.65632242251344,2,3,6.905900668245261,7,1.0009828408028052,0,0.0,0
16408,51.96708301251066,4,2,19.996268512274455,7,0.9243787401875598,0,0.0,0
16409,56.249494613684504,3,5,6.5951965998714925,1,0.15999971520241252,0,0.0,0
16410,39.47383393468721,4,1,3.085972921284524,2,0.051555092232621336,0,0.0,0
16411,56.139917793095066,3,5,19.0580627348617,5,0.49688192650055685,0,0.0,0
16412,49.72180794267277,2,4,11.440543577606256,1,0.5049824625387771,0,0.0,0
16413,51.5541750464359,3,5,0.1876291521824225,7,0.9999261434120956,0,0.0,0
16414,40.79842306549731,3,6,6.141590212930231,2,0.009755390497904193,0,0.0,0
16415,50.083609703430135,2,3,9.421344628819323,2,0.4974422143986822,0,0.0,0
16416,34.51894956885276,2,3,4.239974536756198,1,0.9252336946662998,0,0.0,0
16417,52.59375771070516,4,3,14.355698157865723,7,0.9999451219333515,0,0.0,0
16418,68.15874139780898,3,5,19.85964800786264,2,0.0,0,0.0,0
16419,40.991454026323694,3,1,17.383856214477664,2,0.495163943121973,0,0.0,0
16420,41.60864836546153,3,3,2.5388367126471856,1,1.0000262949702396,0,0.0,0
16421,38.03763381105717,4,3,1.8928334680641488,1,1.0000246449253098,0,0.0,0
16422,52.34899752998353,2,4,6.884740279451116,7,1.0002915073477439,0,0.0,0
16423,56.731268313684325,7,1,12.232209973338312,7,1.0002744177235594,0,0.0,0
16424,34.075078871788975,3,3,3.8991762241249237,2,0.9852744817842085,0,0.0,0
16425,44.18155076068218,3,5,0.0,7,0.3611724042299232,0,0.0,0
16426,42.728776549516,4,5,13.945686008410132,1,0.29894527469410515,0,0.0,0
16427,57.18346530582341,3,5,0.0,2,0.17218803813125616,0,0.0,0
16428,49.12938651030345,4,2,8.465499370867285,7,0.8948151520013561,0,0.0,0
16429,37.68270247612464,4,3,0.0,0,0.3850584471834941,0,0.0,0
16430,56.07393932978557,0,1,10.837021765848572,4,0.9776722856496526,0,0.0,0
16431,24.292438138599984,1,3,16.17442394768305,1,0.27954314999997426,0,0.0,0
16432,58.71311524626926,3,3,1.9142008009971203,3,1.0002172947020296,0,0.0,0
16433,71.1833693851556,3,6,10.592635386550924,7,0.9997648311237403,0,0.0,0
16434,58.78806488416289,3,3,13.955126128610281,5,0.8576995454712816,0,0.0,0
16435,48.264654446918755,4,2,13.662110361159584,5,0.9821829417625423,0,0.0,0
16436,45.64504706124452,2,5,19.999781006162877,1,1.0000628851810698,0,0.0,0
16437,54.84089057344795,5,2,1.8248012486876846,1,0.0,0,0.0,0
16438,22.81429631908264,5,2,2.4583301269949587,2,0.16774173897420142,0,0.0,0
16439,46.39251610749177,2,6,12.827274357528179,6,0.24853268867190514,0,0.0,0
16440,41.26938445146446,3,6,10.135812768608483,7,0.7697169284862715,0,0.0,0
16441,41.441112082690715,4,2,10.23305100093733,1,0.31024010201060254,0,0.0,0
16442,58.3351843190548,1,6,9.46806595402711,3,0.9998660794482516,0,0.0,0
16443,37.6016911675911,3,3,18.341609465906437,6,0.9999117220847329,0,0.0,0
16444,43.36852991981256,1,1,14.310970311244597,4,0.9998328014829188,0,0.0,0
16445,18.267748301437486,4,6,11.980404621994667,1,0.9833105222738827,0,0.0,0
16446,48.03219591989851,2,6,15.293093697024148,3,0.5494457671475667,0,0.0,0
16447,59.38564036530991,1,1,9.848223478049341,6,0.9994532256207758,0,0.0,0
16448,50.1809746557831,4,6,11.882335841791775,1,0.9151031082493991,0,0.0,0
16449,37.94784122738997,2,1,11.988961121165538,6,0.49984666816509055,0,0.0,0
16450,30.045913147060766,3,4,20.00275925972475,1,0.774265079467991,0,0.0,0
16451,39.918515421577,2,4,10.069937025580623,6,0.004196007192678097,0,0.0,0
16452,29.248324675939866,2,6,16.216792213439945,3,0.9609407482290717,0,0.0,0
16453,27.650820201363445,3,6,12.153298924150372,2,0.008409967781910388,0,0.0,0
16454,44.832671840206174,3,3,20.009302463916015,2,0.47692121041542035,0,0.0,0
16455,41.2161980427738,4,1,15.543447992882198,3,0.5054352034140273,0,0.0,0
16456,60.78124191471643,2,1,9.088719572868342,7,1.0004438129941868,0,0.0,0
16457,61.30625581034919,5,3,2.9911927285899313,4,0.9939574018538904,0,0.0,0
16458,17.931530577228983,4,1,17.626200352968635,3,0.9703447367818768,0,0.0,0
16459,65.0146834954859,5,6,19.625654246506656,3,1.1061533206645089,0,0.0,0
16460,27.362593443747002,3,6,2.321326021939214,3,0.5271059591651042,0,0.0,0
16461,33.0050931686861,4,1,9.574760433315614,2,0.13831426988885387,0,0.0,0
16462,51.6547939883949,3,3,19.994193082216697,6,0.7627320005089434,0,0.0,0
16463,35.720406862496766,3,1,14.999814557266005,7,1.0000795382592131,0,0.0,0
16464,14.794325178138788,3,3,21.129698611967093,4,0.517581164714055,0,0.0,0
16465,49.0549108569468,4,6,15.508063025662405,7,1.0004161317601523,0,0.0,0
16466,7.032566925795798,3,4,5.13535691953415,2,0.43583209036608017,0,0.0,0
16467,43.204206885973676,4,3,6.253727298722508,5,0.49500008481718893,0,0.0,0
16468,49.98140223341697,4,5,0.6521690628273848,4,0.9932071326700094,0,0.0,0
16469,52.02768753993976,2,6,3.8946732531526047,4,0.6085230039836858,0,0.0,0
16470,23.470048659564164,3,1,11.87490392184684,0,1.0002602875971651,0,0.0,0
16471,56.2363814076938,5,1,7.1209321001438575,7,0.34157446101625855,0,0.0,0
16472,32.11522099451644,3,1,20.00136022956361,5,0.47403755243563783,0,0.0,0
16473,15.43110215796074,3,3,1.2421857266936858,0,0.06808443291321709,0,0.0,0
16474,40.43732301856305,2,1,11.217783138922092,3,0.2769863832102788,0,0.0,0
16475,22.67909001372445,1,4,6.282646322186454,1,0.46010692373601286,0,0.0,0
16476,54.15362724327664,3,3,4.899506656594754,5,0.9999877651909178,0,0.0,0
16477,33.14216210900445,3,3,10.923649894191604,6,0.9999604164912064,0,0.0,0
16478,17.535735685267607,3,4,13.548308050798276,1,0.9997999040561787,0,0.0,0
16479,24.42738367368276,3,6,7.741121611113332,0,0.34179725757006596,0,0.0,0
16480,39.60525069126988,3,1,19.34827323059833,7,0.9999966787383926,0,0.0,0
16481,56.1743031310056,2,3,9.941514862339478,7,0.9994734433477923,0,0.0,0
16482,29.832107740181904,3,1,0.9289763634543853,5,0.34936819667192437,0,0.0,0
16483,16.147978543688446,2,1,6.563282136753055,2,0.9414051362486371,0,0.0,0
16484,49.1660531527008,4,2,7.591285875213228,6,0.5029338060392261,0,0.0,0
16485,26.275651071951675,6,2,10.97489962625326,3,0.5124812210470336,1,45686.52524695364,1
16486,48.529244571976314,2,4,0.33766633580946603,1,0.10503186351339522,0,0.0,0
16487,20.365613107839547,6,1,2.6413675188186545,4,0.629690800355632,0,0.0,0
16488,63.523252186369255,0,6,21.226863385613292,7,1.0004784714488542,0,0.0,0
16489,40.18063723750903,4,3,9.761836765478424,4,0.6610882023927305,0,0.0,0
16490,44.04278087435394,3,3,19.99984342637401,1,0.6215528293841781,0,0.0,0
16491,43.908418693340224,5,2,7.54852250644962,1,0.09637831611513448,0,0.0,0
16492,40.02687003220544,3,4,19.996125976758762,1,1.000242963444268,0,0.0,0
16493,42.719049269198536,6,3,0.1850704486557717,1,0.4644882115747072,0,0.0,0
16494,46.982011288694906,3,4,20.006516491908215,1,0.8478480595923727,0,0.0,0
16495,54.08547100159616,3,1,4.705881915949804,3,0.9997594470991715,0,0.0,0
16496,34.88798497240752,3,1,9.963976097749311,3,1.0002169955656188,0,0.0,0
16497,18.53513098836495,1,3,24.69350527015782,4,0.4980383954625199,0,0.0,0
16498,36.4679389493528,3,6,22.78286620480472,7,0.999253997112783,0,0.0,0
16499,22.20289719882569,3,6,11.741897348601865,5,0.5238719081899907,0,0.0,0
16500,20.69297135736885,3,6,6.703009177111612,2,0.511879304078136,0,0.0,0
16501,57.79824421746504,3,3,15.837973349056911,3,0.9996607166496817,0,0.0,0
16502,53.38793134991516,2,3,4.966720228891616,7,1.000062024741766,0,0.0,0
16503,37.390356896200814,1,2,6.775017017214108,2,0.6806226993249345,0,0.0,0
16504,37.51341366972194,4,3,9.529304234716133,3,0.9999794267598513,0,0.0,0
16505,27.416534758587296,1,1,20.005094544244493,5,0.5967261711249471,0,0.0,0
16506,19.580851238947787,2,4,5.294179235362473,2,0.9326323508891345,1,5903.752010035914,1
16507,26.793958056578667,3,2,1.9365183565044912,6,0.42257612233010416,0,0.0,0
16508,57.631797747635176,3,3,16.558765824490422,2,0.9992579897796048,0,0.0,0
16509,55.00117639592267,4,6,8.305907940980847,4,0.9998544305529531,0,0.0,0
16510,21.629737190151996,3,3,0.0,4,0.4976218201196412,0,0.0,0
16511,49.92073387962941,2,4,20.00996138389913,1,1.2977390593763147,0,0.0,0
16512,36.738408708358236,3,2,16.571423704094858,2,1.0000909728481433,0,0.0,0
16513,50.90404783544659,3,2,15.424359449671812,4,0.9648017218834561,0,0.0,0
16514,26.899420312260848,1,5,2.290697546756384,1,0.5243183224294907,0,0.0,0
16515,55.29354990556696,2,4,20.003764163783288,7,0.9993941056525165,0,0.0,0
16516,42.05533306183954,3,1,19.763667333350178,4,0.03187293698401261,0,0.0,0
16517,41.94818599623771,4,4,8.521574960883498,7,0.3383494386642678,0,0.0,0
16518,35.90878609737606,2,6,6.309642442858503,5,0.9999689484307843,0,0.0,0
16519,63.328674765554155,1,3,3.3107671434510557,7,0.771101670122434,0,0.0,0
16520,27.205486289281314,2,6,19.06565100402905,6,0.13463730320376677,0,0.0,0
16521,27.199806367353133,4,3,12.808579869367026,1,1.0002190368461623,0,0.0,0
16522,33.36151549602812,1,3,20.0019907579112,1,0.6750663015642683,0,0.0,0
16523,17.720279809582436,1,3,8.69422313290928,3,0.029819039012079163,0,0.0,0
16524,43.49679848929762,3,4,3.9539782916476858,3,0.9997004530824359,0,0.0,0
16525,23.201138432040075,3,4,2.1358580283229003,1,0.3407860090210317,0,0.0,0
16526,34.81529279085888,4,6,7.051270672522254,1,0.9359578941838893,0,0.0,0
16527,18.37408505491442,3,5,10.550686220387755,1,0.6050132622759589,0,0.0,0
16528,40.744287709048315,6,3,7.629040861510646,3,0.5041881270146584,0,0.0,0
16529,52.36758074681484,4,3,1.2412159010207215,7,1.0001375917806907,0,0.0,0
16530,36.474090463170725,3,1,5.432925220780278,3,0.9424846788218579,0,0.0,0
16531,48.41408586808117,0,1,10.047678544602793,7,0.5594355160778636,0,0.0,0
16532,48.508380004879974,3,1,19.042091473514187,6,0.9999606430842152,0,0.0,0
16533,31.45170578435443,6,3,15.750789465016059,1,0.579971985107647,0,0.0,0
16534,48.5173435020253,1,1,4.731730025831083,7,0.9994406259546879,0,0.0,0
16535,19.526647353440104,5,4,19.995220161465717,7,0.3039247452863999,0,0.0,0
16536,28.43727975860045,3,1,18.745280647517735,7,0.9998817649803715,0,0.0,0
16537,59.418262985298334,2,3,0.0,4,0.03190168854304498,0,0.0,0
16538,39.6324375604441,3,3,19.99950662138953,1,0.24501728748156432,0,0.0,0
16539,29.545614931063753,3,3,8.23847402961778,2,1.0006677507485522,0,0.0,0
16540,21.170403106224384,3,4,14.672551629744254,1,0.9998279790154213,0,0.0,0
16541,44.14102164243833,3,2,17.210087769787066,7,0.597059427264513,0,0.0,0
16542,58.5364499119207,6,3,10.17218658576955,3,0.5004329495383588,0,0.0,0
16543,47.224337426829806,4,3,12.164498270788505,1,0.504865475114357,0,0.0,0
16544,36.554408159881895,4,4,20.002019100653122,2,0.27250606556718576,0,0.0,0
16545,35.95621201732276,2,3,4.948795461179163,6,1.0000075819854402,0,0.0,0
16546,45.82264587070343,3,3,28.110664337813052,4,0.4969279843680877,0,0.0,0
16547,49.83889786640846,4,1,8.471908137051205,3,1.0005683687237168,0,0.0,0
16548,39.167208747557446,5,5,9.324764366405493,1,0.4996731202995587,0,0.0,0
16549,17.494741459603226,3,3,12.829597659123964,4,0.03472578121770731,0,0.0,0
16550,46.1970460194706,4,1,3.016990326690136,3,0.6244094536702225,0,0.0,0
16551,78.33846787700662,0,5,0.0,1,0.0,0,0.0,0
16552,41.01087688807634,1,3,12.446094170150118,7,0.9995834069022155,0,0.0,0
16553,65.26947122628684,3,1,21.79247506187017,5,0.49462053377229903,0,0.0,0
16554,27.249178806047304,3,2,7.069750521545221,2,0.7685179623818211,0,0.0,0
16555,24.798661774821028,4,6,5.083361469451283,2,0.3323142167846988,0,0.0,0
16556,33.2048639695832,2,1,14.840373150627126,4,0.166776311878976,0,0.0,0
16557,22.267565214022966,2,2,6.59349750369657,1,0.3083188692506767,0,0.0,0
16558,57.62451758864645,3,1,6.259055822148974,4,0.9551307245681374,0,0.0,0
16559,60.67944403339753,2,3,17.871529615491045,4,0.4985457663326934,0,0.0,0
16560,46.237659522563575,2,6,20.669019081833376,1,0.9831845391313299,0,0.0,0
16561,59.726647683765144,1,3,12.504337941222994,2,0.9991981800939281,0,0.0,0
16562,34.25680311405711,2,1,11.936798911304761,3,0.3962286467497999,0,0.0,0
16563,48.713602683923554,0,6,12.28770513788773,2,1.0004487446179766,0,0.0,0
16564,43.29807173154203,2,6,0.14610785847283836,4,0.5214541711934422,0,0.0,0
16565,38.88494987246405,4,3,17.532692819688755,2,0.3631261054241662,0,0.0,0
16566,54.8468374866667,2,3,10.071257520140568,4,1.000543015434751,0,0.0,0
16567,42.91241760552559,5,3,11.996394810790358,3,0.9991982554299375,0,0.0,0
16568,34.37024657885897,3,3,7.019607104821404,4,0.9068926638977145,0,0.0,0
16569,51.80763210330061,3,6,14.016852280963331,1,0.9999293765682971,0,0.0,0
16570,33.31403573867205,2,6,15.200557369344658,6,1.0000995019565593,0,0.0,0
16571,43.71806213085655,4,3,19.54734343752038,6,0.3599962816523886,0,0.0,0
16572,49.51454110095682,2,3,16.093013383899226,1,0.43399868341671244,0,0.0,0
16573,44.35538907460851,2,4,5.449756514823559,4,0.5146572930477697,0,0.0,0
16574,34.1836199049904,3,3,14.398367700619565,3,0.6542506556271983,0,0.0,0
16575,31.834987820088404,3,6,19.695253151415635,6,0.7690344489071692,0,0.0,0
16576,59.599156383901146,4,3,6.0933014421279,7,1.0000721347189634,0,0.0,0
16577,43.89964870963229,3,5,1.5624298559521517,5,0.4968898819356117,0,0.0,0
16578,41.6200266564254,3,5,12.075761694249453,1,0.9999299622047336,0,0.0,0
16579,54.658895673036085,3,4,20.003361812711567,1,1.0001422321603581,0,0.0,0
16580,58.0319080523011,2,3,11.749066331518797,5,0.5061257258297274,0,0.0,0
16581,48.988825345489445,2,1,6.145656277029081,3,0.06677668960335259,0,0.0,0
16582,20.035138868743573,4,6,3.9579815787711814,3,0.4505051889556,0,0.0,0
16583,37.977968706331275,3,2,9.438798863181413,7,0.23568753158866612,0,0.0,0
16584,55.03646137137509,3,5,9.404266040245595,1,1.0001553346531824,0,0.0,0
16585,53.02877422539159,4,6,14.493610782291043,7,0.3115860127017162,0,0.0,0
16586,42.83365107957483,3,5,16.250642932044794,4,0.3031568858738479,0,0.0,0
16587,41.79838416403501,2,6,23.31576781158842,7,1.0001037591036634,0,0.0,0
16588,50.857841371574146,4,3,0.5845964581400143,2,0.5001381191289868,0,0.0,0
16589,67.68910084784505,4,1,2.952283807577084,1,0.1817718440505537,0,0.0,0
16590,46.98764045172797,4,6,14.612437558026743,7,1.0004919701079042,0,0.0,0
16591,59.52825111853194,4,1,12.978296969530337,2,0.15109274737920775,0,0.0,0
16592,22.493147076519925,3,6,12.772965805166349,6,0.0,0,0.0,0
16593,28.014052009038476,0,1,5.972222750877284,1,0.4989743381250241,0,0.0,0
16594,35.857531541151076,2,1,10.626133982927282,2,0.9998410048771129,0,0.0,0
16595,49.6924354002182,3,3,0.03206684720194808,2,1.0001803864528651,0,0.0,0
16596,45.896199487262855,2,3,23.511577218137752,6,0.9998678961390439,0,0.0,0
16597,48.30214824913583,3,4,15.113286870551256,4,0.7606677931061268,0,0.0,0
16598,47.44851670810197,2,2,7.617345444309802,6,0.999436208508762,0,0.0,0
16599,22.207830020519147,3,3,7.351615930971399,4,0.3974211908415603,0,0.0,0
16600,29.158163983394118,3,1,12.7546449144463,3,0.9913144517642354,0,0.0,0
16601,37.936606774480985,3,4,13.5265718801758,4,0.032149700242044665,0,0.0,0
16602,41.44281214324545,2,1,19.998420244359824,2,0.05366510611447706,0,0.0,0
16603,72.15962142338402,3,1,7.785076425632165,7,1.0003579328256378,0,0.0,0
16604,37.99991495212308,1,3,1.9916039169108828,4,0.9011937336230929,1,157000.11305052935,1
16605,39.49674111131101,2,6,15.5102573822306,7,0.9993381767929157,0,0.0,0
16606,44.83022232700824,5,1,17.338150890774557,7,0.9997541914737373,0,0.0,0
16607,58.117731590854504,1,3,0.039083097419574386,7,0.5173716573662551,0,0.0,0
16608,35.12692031712557,6,3,11.414436446310027,1,0.344373040857164,0,0.0,0
16609,44.68301590019239,1,1,14.122700147568665,7,0.2052054234749443,0,0.0,0
16610,25.112268225880293,2,4,19.997233251552895,1,0.9998700147471619,0,0.0,0
16611,45.8477236900927,1,5,0.41634269927977563,4,0.6367954938385069,0,0.0,0
16612,58.12265282571707,2,4,20.003479139241726,1,1.0003050145126213,0,0.0,0
16613,33.99358266381528,2,5,25.401228806573968,7,0.9995617333316189,0,0.0,0
16614,45.984317912141094,4,5,15.78330032372774,1,0.3974665962735829,0,0.0,0
16615,52.96665940402462,4,1,8.94425337062221,7,0.9999455829270572,0,0.0,0
16616,46.92455422505287,2,3,5.9367318789355235,6,0.9999809581600712,0,0.0,0
16617,23.85028985682595,4,4,20.01333084115567,1,1.0002799836083909,0,0.0,0
16618,12.15642066289724,3,3,0.9476159622104205,1,0.4797999230306833,0,0.0,0
16619,21.43071921803621,3,7,4.193024913646932,6,0.8682086937249198,0,0.0,0
16620,37.09513779323469,3,4,14.47994669484852,7,1.2198725136393942,0,0.0,0
16621,61.740620944282,3,6,3.2034183423017737,4,0.9999261405287359,0,0.0,0
16622,29.487605970943303,3,6,11.913621729235729,2,0.9995229478842588,0,0.0,0
16623,66.75331545794995,1,6,12.337819604562396,2,1.0000144819989527,0,0.0,0
16624,46.191163347780815,3,4,0.0,1,0.5359422540157093,0,0.0,0
16625,43.55421672700075,4,3,8.82992871751896,1,0.2599867671260414,0,0.0,0
16626,25.120754817931168,2,3,0.0,3,0.40456987904308744,0,0.0,0
16627,27.26192688682731,5,1,15.960283618166397,3,0.4291496685229035,0,0.0,0
16628,54.78379044137915,3,3,22.12620463407916,3,1.0006334801197365,0,0.0,0
16629,58.61436581063849,3,3,6.491924215883313,2,0.9256077937685272,0,0.0,0
16630,36.13129072649323,3,4,19.995426771515287,1,0.1665834253516072,0,0.0,0
16631,34.0556004252913,3,1,6.881411835215032,2,1.0002206713761517,0,0.0,0
16632,63.6692052939388,3,4,9.858378428904249,7,0.9083604387455106,0,0.0,0
16633,15.942279312486185,3,5,11.040345560443852,2,0.8121478695138379,0,0.0,0
16634,57.325650548219315,3,3,8.754829106108959,7,1.0001470808549595,0,0.0,0
16635,47.15362854927465,3,3,21.269383138868225,2,1.0000607968393633,0,0.0,0
16636,63.01129937933363,6,2,11.668584175480994,1,0.4756821106736855,0,0.0,0
16637,25.372962679497448,3,4,12.533912868567342,5,0.3379870986209878,0,0.0,0
16638,45.14193866571091,3,3,16.21446748893007,6,0.49598418722429644,0,0.0,0
16639,22.859965696522234,2,2,1.6770777031871695,6,0.2573805143190811,0,0.0,0
16640,35.150574248722094,3,6,0.4488573696655962,1,0.40099236122719784,0,0.0,0
16641,24.79590497423651,4,2,11.427677522699389,5,0.9973830765791456,0,0.0,0
16642,33.807772195136614,5,5,19.991961176210776,1,0.6044176011569894,0,0.0,0
16643,56.19362817624604,4,3,11.4486498706447,7,0.682100207622573,0,0.0,0
16644,43.23349514533165,4,2,13.607478261797858,2,0.1150286947129282,0,0.0,0
16645,49.79955455649417,0,6,6.792093578563392,7,0.729763269302308,0,0.0,0
16646,62.78750037711914,3,3,9.505410577277875,4,1.000634823028872,0,0.0,0
16647,58.95291984353993,5,3,11.440660613760008,7,0.17509257171218184,0,0.0,0
16648,42.6407400430858,1,3,13.871608927038743,1,0.9510246858113742,0,0.0,0
16649,65.45549465920344,2,5,11.12107683163728,7,0.9997628332336566,0,0.0,0
16650,55.5559444128995,2,3,2.790466110218615,7,1.0003874867577633,0,0.0,0
16651,54.67041051793137,4,1,10.526872409500129,4,0.5012535955404046,0,0.0,0
16652,52.26378447600217,5,1,9.68376761881962,7,1.0003642230385694,0,0.0,0
16653,40.26174897310461,0,6,4.540922551619163,6,0.9999994238961886,0,0.0,0
16654,52.81029260584213,3,1,0.0,4,0.9996761985409048,0,0.0,0
16655,53.227794755405085,2,6,10.669448094694914,6,0.4581548927166982,0,0.0,0
16656,26.092869695382337,4,5,13.512639597415529,3,0.49868532364877427,0,0.0,0
16657,59.84155269083571,1,3,24.55342393959535,2,1.0003851036335383,0,0.0,0
16658,20.447817542254057,1,3,14.748041123439352,6,0.9503179251998838,0,0.0,0
16659,49.753933856497646,3,3,10.349671651067187,2,1.0006101902831042,0,0.0,0
16660,34.96029648852623,3,6,4.806732654729068,6,1.0001103869742813,0,0.0,0
16661,49.75346417851832,2,3,16.875380022210294,7,0.9996284546907579,0,0.0,0
16662,48.31820169219815,3,2,16.69950220193745,5,1.000400747360432,0,0.0,0
16663,46.20808675280246,0,3,13.123568362823228,7,1.0000917612706908,0,0.0,0
16664,47.53649036597074,3,3,18.739672934163945,1,0.9707553293672555,0,0.0,0
16665,71.17498421943799,2,3,0.0,2,1.0003806076845256,0,0.0,0
16666,42.9331796155351,3,3,7.671428678692195,5,1.000296839030037,0,0.0,0
16667,56.43691262195908,4,8,10.445544050734773,7,1.0041125838550875,0,0.0,0
16668,26.06053963689192,3,1,13.581310510350324,4,0.11841928931863921,0,0.0,0
16669,51.19466885014356,2,2,14.045552789296515,7,1.0003472869644483,0,0.0,0
16670,26.309616372112934,4,2,3.8680284997008574,3,0.33337382889448297,0,0.0,0
16671,30.4992643585459,2,1,7.411667112312216,0,0.9999222861299013,0,0.0,0
16672,38.488465400292476,3,6,13.564963711938418,1,1.0459560025389796,0,0.0,0
16673,52.77707270638727,2,1,15.744738579010846,2,0.0,0,0.0,0
16674,54.6861517387148,3,2,19.996494530197083,1,0.999991807865183,0,0.0,0
16675,36.74690372288465,1,3,10.320025751682063,4,0.9350949343362617,0,0.0,0
16676,47.50287608411109,4,6,6.860103248899983,1,1.024389318433776,0,0.0,0
16677,27.268720079456052,2,3,11.48766601284461,7,0.504342324796883,0,0.0,0
16678,34.82387163044258,3,4,24.778969713097887,7,0.5450930035753965,0,0.0,0
16679,63.730110519951296,2,3,7.689701598886574,7,0.3631193087675096,0,0.0,0
16680,56.37098318943035,3,7,7.7198584347156185,5,0.754998058481969,0,0.0,0
16681,52.852605727994415,4,3,9.533644828412651,4,0.5012176896024468,0,0.0,0
16682,43.88608252745152,1,4,15.966495320202856,5,0.9748091628363088,0,0.0,0
16683,41.36145759026909,5,3,0.0,7,1.000012692508668,0,0.0,0
16684,31.01343516897589,1,3,19.1853745963154,7,0.02481140874713439,0,0.0,0
16685,40.833754792851714,3,2,20.00588188965517,1,0.9999654202914074,0,0.0,0
16686,45.84784337096327,2,1,17.28262403184598,3,0.8386284444736357,0,0.0,0
16687,57.594500514205585,2,3,6.006808122106002,4,0.49878248391671604,0,0.0,0
16688,54.164158360384405,3,3,1.603831943813093,3,0.9994587708785796,0,0.0,0
16689,45.63009191845725,3,2,14.056429236275058,7,0.9998934675118181,0,0.0,0
16690,46.75484294676889,3,0,7.220461681060144,6,1.00008723291743,0,0.0,0
16691,63.68533565563144,3,6,22.084104543407356,5,0.978482229951304,0,0.0,0
16692,25.757675989764717,4,6,14.211937961422157,5,0.7084874615717496,0,0.0,0
16693,40.11750108662136,1,3,10.431466435240134,7,0.1903892469506991,0,0.0,0
16694,39.32040688927777,3,4,11.012932051901638,1,0.9996815843738018,0,0.0,0
16695,38.96867809409537,3,3,13.36780657227968,1,0.9997292509510571,0,0.0,0
16696,49.2575138469656,2,2,11.08405676075344,2,0.4075875049942574,0,0.0,0
16697,33.3954300053682,2,6,19.692388225209214,6,0.7594292990357266,0,0.0,0
16698,50.2742230795873,5,1,12.109764305002791,7,0.999809393453233,0,0.0,0
16699,36.83059003377125,3,4,10.986136002653154,6,0.9997158923826399,0,0.0,0
16700,48.054343746412705,5,2,11.506667992756087,3,0.5027804227222223,0,0.0,0
16701,35.741800287643265,4,1,11.91493697164475,7,0.9998156710380603,0,0.0,0
16702,61.65012185044192,3,5,0.7801627361764307,5,0.5056362120604205,0,0.0,0
16703,54.46817921020197,5,1,8.201104043017962,4,0.53591630771382,0,0.0,0
16704,49.4567447985415,4,6,7.914728351234157,4,0.5026091411219131,0,0.0,0
16705,52.08398622977484,5,6,13.397033386911136,6,0.2506413306575369,0,0.0,0
16706,48.56411095144924,3,5,5.758008410160791,7,0.0,0,0.0,0
16707,70.5961430938396,4,5,11.12901462527745,1,0.6170135071646753,0,0.0,0
16708,31.512317161545752,4,6,20.373532666925193,1,0.9404691379792843,0,0.0,0
16709,28.838201261944263,2,1,5.832023519554943,6,0.5026259069302057,0,0.0,0
16710,46.27423113331139,2,3,11.515898838398897,0,0.999933650061829,0,0.0,0
16711,28.94185513415387,1,6,5.497442543294332,3,0.9998069984981043,0,0.0,0
16712,46.492105986716425,4,6,17.076037289658473,4,0.3013550355321599,0,0.0,0
16713,66.6984077077003,4,2,0.8180262514503713,6,1.058604028258265,0,0.0,0
16714,36.568184665807394,2,3,7.69612630792253,2,1.000197763773739,0,0.0,0
16715,34.9487308542208,2,6,7.950677267906276,4,1.0003945356193444,0,0.0,0
16716,41.401246107063685,3,1,7.581945488878577,6,0.9998950459726744,0,0.0,0
16717,44.78250624697982,4,3,12.768498510201642,5,0.48439648882364494,0,0.0,0
16718,49.91788820051107,2,3,14.886515593901281,7,0.27392531865707226,0,0.0,0
16719,34.74510345486265,3,1,18.33069631636685,7,0.9993143587473203,0,0.0,0
16720,46.59035507017353,3,6,17.519299285853606,1,1.275322320188916,0,0.0,0
16721,48.0734361426835,4,4,20.013945528430934,7,0.9998314370704955,0,0.0,0
16722,61.67641321716705,2,2,22.2482475157713,7,0.9997171830284415,0,0.0,0
16723,46.114281059009,3,3,0.0,0,0.0,0,0.0,0
16724,47.44334131310562,0,3,14.718810484845367,7,0.9999266513349567,0,0.0,0
16725,37.334310637822625,3,3,0.0,7,1.0003131253887236,0,0.0,0
16726,44.38414249289882,2,4,19.995312467582103,7,0.9997595599783928,0,0.0,0
16727,40.021965348918066,1,4,2.0251485425121505,2,0.7542316957835726,0,0.0,0
16728,29.915399183771292,3,3,9.24914591053037,2,0.5045461965315693,0,0.0,0
16729,33.65374580766808,3,6,11.12151667464117,3,0.2957626295786477,0,0.0,0
16730,52.849920518178976,5,1,10.434191126750672,7,0.4011949440107595,0,0.0,0
16731,28.877455532268627,3,3,10.0604435935915,2,0.4993724472560454,0,0.0,0
16732,44.14455565121149,1,1,13.76374741836868,5,0.4578374257762249,0,0.0,0
16733,48.389824208150586,3,5,19.999515032939836,1,0.999843870334218,0,0.0,0
16734,43.521425793390655,4,3,4.651825889095265,3,0.99065910942032,0,0.0,0
16735,49.40035316625929,2,4,19.997503748236255,7,0.9998438869520725,0,0.0,0
16736,47.626451810645015,1,3,8.958365547908041,6,0.8373426432966314,0,0.0,0
16737,44.53600516317072,5,3,5.653577503318316,3,0.40543200351850733,0,0.0,0
16738,38.835805314519796,3,3,9.215496996688353,7,1.000181524704968,0,0.0,0
16739,50.79464034037021,1,1,14.720917687939098,7,0.9999285491393386,0,0.0,0
16740,31.051737261490253,3,4,11.559995407695766,1,1.0002141709176309,0,0.0,0
16741,56.81176175011968,4,1,16.36885726254829,7,1.000130976619457,0,0.0,0
16742,43.19362303346574,5,6,5.756269334570255,7,0.7959949251383105,0,0.0,0
16743,28.72914847043387,4,2,9.182018493189512,1,0.6897912799679278,0,0.0,0
16744,45.728993168064136,4,3,4.528044391697801,6,0.13490475921342504,0,0.0,0
16745,58.51330399981875,3,6,7.177711811414552,2,0.7168060345430134,0,0.0,0
16746,51.08220663043308,3,4,17.97965379633231,7,0.9999753367865369,0,0.0,0
16747,34.59982208754391,3,3,10.164092915806892,7,0.9995706824321628,0,0.0,0
16748,61.246353796610805,3,4,18.007387681627208,5,0.99992170703079,0,0.0,0
16749,43.41437825971801,2,3,8.391122228296332,3,0.26189320893657836,0,0.0,0
16750,50.80014180560958,0,3,11.345271519237595,7,0.43994312793410567,0,0.0,0
16751,45.92898701478091,5,6,15.671425008414129,7,0.9996530384105571,0,0.0,0
16752,18.013602239900386,3,6,10.860055777500431,2,0.9998050694917546,0,0.0,0
16753,28.184637072200438,6,3,5.998639924137539,1,0.22400536123249826,0,0.0,0
16754,64.16306987930716,3,4,23.696878158222802,4,0.2540735901391292,0,0.0,0
16755,61.349452027477085,4,3,9.591793042466865,1,0.9340649780304413,0,0.0,0
16756,57.84048625367015,5,6,26.96747121515906,7,0.5864839289750177,0,0.0,0
16757,29.393469384545412,1,4,19.990299521378226,7,0.9997913073722521,0,0.0,0
16758,28.513635910153056,3,6,4.313163161765314,5,0.2867059182375331,1,86906.40749312103,1
16759,25.962397897975638,4,6,11.061819846569316,5,0.5946818479240975,0,0.0,0
16760,42.0875040245446,5,1,14.88047753145782,1,0.1382492319366566,0,0.0,0
16761,33.89832896844863,2,4,10.589448761828477,6,0.7104155652303903,0,0.0,0
16762,44.423483062381756,2,2,16.835303875287515,7,0.9998913767110853,0,0.0,0
16763,33.54583957472608,3,2,7.043506766908374,7,0.9998652572777762,0,0.0,0
16764,22.910819936848622,3,4,14.342923803490391,1,0.9772272943049154,0,0.0,0
16765,54.96409803319638,3,4,7.068803714296418,7,0.5426625084977305,0,0.0,0
16766,51.27177291342477,5,3,9.536190823187596,5,0.5104054011764998,0,0.0,0
16767,30.60208103506575,3,6,14.038959830848261,3,0.35003621059176854,0,0.0,0
16768,47.09079638656946,4,2,3.247396096070039,7,0.9996792135370693,0,0.0,0
16769,40.12273615504612,5,2,15.456084056948733,6,0.2779745944293946,0,0.0,0
16770,57.225126336608426,3,3,4.895863944228662,6,1.0004246263750391,0,0.0,0
16771,75.35213179341989,4,5,1.9860535701695472,7,0.9996817659396731,0,0.0,0
16772,59.67290010856111,3,1,6.196393793442031,7,1.0000285370977056,0,0.0,0
16773,33.090409547737416,2,3,11.405896457200754,7,1.0002133066657404,0,0.0,0
16774,13.382655428346204,2,1,3.5416755193279217,2,0.4292887758263935,0,0.0,0
16775,31.268239758245734,5,5,6.927265539170671,7,0.4800704010699743,0,0.0,0
16776,31.780136229761403,3,1,8.91507722567355,3,0.15098999394129664,0,0.0,0
16777,42.24474972140476,2,2,9.565711975580292,2,0.3765639975709118,0,0.0,0
16778,56.01235921283298,1,3,6.145788296603743,3,0.9553894933270682,0,0.0,0
16779,51.417138795671,2,3,10.767273117675991,2,1.000450829387272,0,0.0,0
16780,57.395302052306654,5,1,17.16381383712236,5,0.9999844777687618,0,0.0,0
16781,52.373453270499525,3,1,4.383191239718392,7,0.9196373780293599,0,0.0,0
16782,39.84975181459628,3,6,9.363611327344275,7,0.45010826239371987,0,0.0,0
16783,29.592207048009044,1,2,11.047778900706133,4,0.587667138709649,0,0.0,0
16784,26.001604020239828,6,2,9.502349355363249,3,0.5416313823119246,0,0.0,0
16785,43.144182729540994,3,2,19.314528990140893,4,0.9997093477510155,0,0.0,0
16786,48.27151629873255,3,1,4.829179504528373,7,0.2600471410006587,0,0.0,0
16787,45.47193843610658,4,3,17.463099434164185,0,1.000258378113459,0,0.0,0
16788,45.34876058959294,4,4,19.988176205933364,7,0.9666319687678069,0,0.0,0
16789,45.018663871150046,3,1,5.012952869261695,4,0.4443496514180464,0,0.0,0
16790,36.24167224003899,3,3,14.124150451394472,7,1.0002168219304242,0,0.0,0
16791,55.92656096866919,5,6,18.895704083746637,2,0.7149490264330236,0,0.0,0
16792,47.546794917164455,4,3,11.078056700166165,3,0.9997171649244365,0,0.0,0
16793,33.23152385909461,4,3,7.8089948875487725,3,0.500347708554766,0,0.0,0
16794,6.50291295628201,5,6,8.692424212179695,6,0.3102830316708583,0,0.0,0
16795,42.86828880383708,2,4,12.310263904342108,1,0.9292383325669696,0,0.0,0
16796,43.312498585205134,2,1,17.76753901433736,1,1.0000700007814873,0,0.0,0
16797,28.938014053537188,3,2,3.802800041139629,5,0.6291778901819072,0,0.0,0
16798,52.67573040272826,3,3,19.998301849901736,7,0.08736493894195885,0,0.0,0
16799,35.099812966453555,5,3,19.807232886134532,4,0.5025972917714414,0,0.0,0
16800,56.29771485486111,3,2,10.203647241628161,3,0.772810111940409,0,0.0,0
16801,39.505996022074214,3,1,13.890572849051388,5,0.9997133220728334,0,0.0,0
16802,28.44996972656174,5,1,14.307814498877336,2,0.9995791364639763,0,0.0,0
16803,55.839696858689365,0,1,20.00162688886359,4,0.35798182132857076,0,0.0,0
16804,46.7398535132419,2,3,13.8369622908056,3,0.49330047991828196,0,0.0,0
16805,55.53375389000446,2,2,8.310752806362844,6,1.0004038251881573,0,0.0,0
16806,35.543186082348576,2,3,15.647806647411958,7,0.999849410523979,0,0.0,0
16807,54.2415000334412,5,6,8.774914260693171,2,0.2467608145743388,0,0.0,0
16808,27.907984677288365,4,6,15.14708864195158,3,0.4158522787969218,0,0.0,0
16809,19.66730249347934,1,1,9.732339049695495,3,0.5940818926467127,0,0.0,0
16810,62.33147196451314,5,2,8.859271177395152,7,0.9999178210259807,0,0.0,0
16811,26.90195882595167,6,2,11.122856091734159,0,0.34684098427398624,0,0.0,0
16812,43.06033831850573,3,5,13.70087261527161,1,0.07793836594064052,0,0.0,0
16813,38.14948885877546,2,2,13.53435857123214,7,0.27671700069060506,0,0.0,0
16814,41.19849639906647,4,1,7.184085167516576,4,0.9695156721838429,0,0.0,0
16815,28.003511816771066,1,1,6.103241261784813,3,0.5030415697772767,0,0.0,0
16816,54.973026166649916,3,6,9.095766891274323,3,0.22404253639273364,0,0.0,0
16817,27.387726255788138,5,3,14.966020475207916,4,0.5061428550123315,0,0.0,0
16818,42.344133054968786,4,4,4.679151704992788,7,0.629271044356072,0,0.0,0
16819,33.31344891421622,5,6,17.303854530785685,5,0.3053400661267028,0,0.0,0
16820,34.54198751662424,3,2,4.702774549166029,7,1.0004886527132628,0,0.0,0
16821,48.15956067811999,3,5,0.0,2,0.934160829893443,0,0.0,0
16822,33.158085237344906,3,4,17.221847337058986,1,0.9588846073888626,0,0.0,0
16823,40.12118652335991,3,3,2.4531812548913727,2,0.9341464223697846,0,0.0,0
16824,42.41404004084838,7,6,12.063161986194482,7,1.0002238620324309,0,0.0,0
16825,46.32929045769491,3,1,2.1117671107426244,6,0.3243905035650083,0,0.0,0
16826,49.735803080868884,3,6,17.566869607085373,6,1.0004197674784212,0,0.0,0
16827,54.93941038086204,3,3,19.993428106240284,5,0.0,0,0.0,0
16828,53.627699372039224,3,1,16.34927151336867,7,0.21436927920800397,0,0.0,0
16829,28.309580866648737,4,1,11.154485696529886,4,0.9995545312800489,0,0.0,0
16830,49.942339250887265,3,6,16.48063488747006,3,0.9996241795391827,0,0.0,0
16831,43.66594819255814,5,7,20.012906605861197,7,0.9357627857892639,0,0.0,0
16832,66.40493043768905,2,4,19.99172469631761,7,0.9232028841701395,0,0.0,0
16833,31.069773865431664,5,4,19.995537925431364,4,0.999794587645215,0,0.0,0
16834,33.01152824224658,2,5,7.800947203425295,1,0.26883921546329864,0,0.0,0
16835,66.30310777075444,4,6,16.20997213459877,1,0.5205248264317675,0,0.0,0
16836,57.9973598622604,4,2,13.520633248799122,1,0.3767390947063547,0,0.0,0
16837,22.303481449326412,3,7,1.3551911328928483,1,0.24142963302475695,0,0.0,0
16838,46.4285644031302,4,6,12.521962471175673,7,0.9995908199596948,0,0.0,0
16839,51.595532354893365,2,6,12.452181817575683,7,0.9997392265390243,0,0.0,0
16840,31.001267566445105,4,3,9.056292641987888,7,1.0001276403464092,0,0.0,0
16841,47.998352327569265,4,2,14.455289177382337,5,0.0,0,0.0,0
16842,67.07224729596336,4,2,15.011228782710834,1,0.5042058620969265,0,0.0,0
16843,43.80072483595478,2,6,10.764418815432201,2,1.000032034282965,0,0.0,0
16844,48.85998039773087,4,4,19.99469360174431,1,0.9993582361733451,0,0.0,0
16845,43.519924137635044,3,1,13.871688058203251,7,1.0000895319547911,0,0.0,0
16846,50.663866935195095,5,6,8.114080176524823,7,1.0000618214364876,0,0.0,0
16847,35.101548611015026,2,3,19.999436231782227,1,1.0005270697343351,0,0.0,0
16848,59.25601440646801,3,3,16.103301855988406,3,0.2354429729864445,0,0.0,0
16849,60.47244842615959,3,1,18.116151100036017,7,1.0005330770219651,0,0.0,0
16850,59.1988030488701,3,4,19.99184912590662,1,0.840466987608339,0,0.0,0
16851,60.52574339736114,5,1,7.370737615330828,0,1.0006053267602426,0,0.0,0
16852,43.50027679978888,1,5,1.7994235290408032,5,1.0024294896966341,0,0.0,0
16853,38.37691116065426,3,3,17.591410302956724,3,0.9995460728105892,0,0.0,0
16854,48.23841360086206,3,1,13.170791412964064,2,0.8415542274915043,0,0.0,0
16855,37.41938637521082,2,6,16.281728931551427,2,0.20337207120882833,0,0.0,0
16856,36.87834307667137,4,3,2.5527665191097846,2,0.49885613135507284,0,0.0,0
16857,54.38391668863518,3,1,11.866619272048698,7,0.9999913598248413,0,0.0,0
16858,61.473236789862966,2,5,4.8778956014445995,1,1.1102683441292258,0,0.0,0
16859,51.34834834188584,2,3,24.45918239074514,6,1.0000139137440613,0,0.0,0
16860,64.6971058353225,3,4,25.98308474322853,2,0.15075404344670262,0,0.0,0
16861,32.96470638909767,4,4,15.898004580728617,7,0.8272569412510643,0,0.0,0
16862,46.18081918414212,2,4,10.828383946658649,2,0.3292803777054808,0,0.0,0
16863,32.707310194832594,3,6,9.929925449038203,1,0.9936885400709399,0,0.0,0
16864,44.92300754668635,3,5,16.586580088927427,1,0.2756468847457374,0,0.0,0
16865,38.0637499378421,2,3,14.686128657493018,2,0.9997824592844768,0,0.0,0
16866,28.57966202699479,3,6,7.701669030097246,4,0.36423281968857885,0,0.0,0
16867,41.140812042201816,2,4,19.997670977726912,2,0.5013608756615675,0,0.0,0
16868,36.670142213168525,2,1,20.00067584815164,3,0.3503836663450395,0,0.0,0
16869,23.648375493526544,4,0,5.28589033775456,7,0.9999806317889754,0,0.0,0
16870,51.96643021156783,1,3,7.080753196018074,3,0.9467579930265901,0,0.0,0
16871,39.9313519303913,5,1,19.51939047935298,7,0.5507016282124284,0,0.0,0
16872,31.12563400315849,4,2,12.958022866102521,7,0.9994691911706036,0,0.0,0
16873,53.3690694830547,3,3,0.0,1,0.943977629675995,0,0.0,0
16874,31.973487237569124,4,4,20.00182998586331,7,0.8362309426991313,0,0.0,0
16875,37.01230234258648,3,2,11.716434190552732,1,0.9998152784583816,0,0.0,0
16876,50.756289097199335,5,3,8.766694783857703,7,1.0001645037050495,0,0.0,0
16877,41.549685893714035,2,1,2.970741400996298,2,0.014841764826503456,0,0.0,0
16878,21.325466608003104,4,6,15.499222651108143,2,0.0,0,0.0,0
16879,43.956208296175674,1,2,0.0,7,0.7442081583717092,0,0.0,0
16880,45.71203316847049,4,2,1.8351829167978408,7,0.9994030978206492,1,2009.321611736956,1
16881,52.7725330206152,6,4,20.008088383831797,7,0.9996083637011064,0,0.0,0
16882,48.085584505420115,3,3,20.000617537708507,2,0.7178593875829087,0,0.0,0
16883,41.1098990770688,7,3,12.535572909499505,3,0.36719654994870254,0,0.0,0
16884,49.75222421547646,5,3,1.061282762416381,7,0.9998050618713079,0,0.0,0
16885,39.11831439879982,3,1,21.2565825609244,7,0.0,0,0.0,0
16886,43.11711424622293,2,4,19.995662534510753,7,1.0002391297688036,0,0.0,0
16887,51.41383326752769,4,1,11.593357938789106,6,0.5143628655209803,0,0.0,0
16888,67.23614266827684,4,3,8.467124755236778,7,1.2047436083468925,0,0.0,0
16889,40.064380806903245,3,3,20.007384733635096,5,0.6567305192575709,0,0.0,0
16890,40.40408860595484,2,1,8.543933920752318,7,0.948336812277885,0,0.0,0
16891,45.043051437970405,2,2,14.21798950094846,7,0.9998255675713612,0,0.0,0
16892,49.77829242538532,1,5,1.6272921623888124,1,0.42074520159507284,0,0.0,0
16893,47.29374295596745,3,2,5.364991344860476,6,0.9445347747886439,0,0.0,0
16894,24.548680413925286,2,6,14.861164439116264,7,0.9999766927999587,0,0.0,0
16895,64.84898941996335,5,2,5.39089316728009,2,0.4394272822792087,0,0.0,0
16896,51.21302946992731,4,6,6.905432509202207,7,0.8266191338469071,0,0.0,0
16897,49.17936539757307,4,6,13.45670451912326,2,0.577408621474569,0,0.0,0
16898,33.49976559136097,4,3,4.291791992058382,1,0.7038776263380792,0,0.0,0
16899,48.54446939643738,2,3,15.18748858803793,7,0.9997398657318288,0,0.0,0
16900,18.321583090350277,3,4,6.904307430457181,1,0.32201087972387854,0,0.0,0
16901,39.41181984985063,2,1,4.748090953177966,4,0.9537886596257568,0,0.0,0
16902,44.86825165554728,3,3,16.407565321044775,4,0.5063693882493036,0,0.0,0
16903,50.590457829158304,1,1,7.109428900123961,7,1.002452280453814,0,0.0,0
16904,21.679184767361143,4,6,5.925185139998339,2,0.6874321132760387,0,0.0,0
16905,24.60916440456846,6,3,12.927190847277945,1,0.0,0,0.0,0
16906,44.190396336975084,0,3,4.327475683497232,6,1.000369225436979,0,0.0,0
16907,25.621607996211015,3,7,11.485248130486891,6,0.24036737764411814,0,0.0,0
16908,37.365922204893295,4,3,10.308308624963079,3,0.9999048790704583,0,0.0,0
16909,43.855287470523876,2,3,12.282454618405339,7,0.9453530114707566,0,0.0,0
16910,43.215597286471244,2,1,19.99194339868826,6,0.22378411630009343,0,0.0,0
16911,53.28596796438541,2,3,15.784336892280876,7,0.9618849879992494,0,0.0,0
16912,44.98978359239535,2,7,12.847761761542653,7,1.000154436052171,0,0.0,0
16913,48.74368794765712,3,3,25.33452935612713,5,0.7830051445197603,0,0.0,0
16914,31.018086407445708,2,6,1.1700435093151018,7,0.2035796940226962,0,0.0,0
16915,42.21705897850833,2,1,19.83806952051657,7,0.18505047424607957,0,0.0,0
16916,41.221525555012974,4,3,14.424068855603535,4,0.2562912533322636,0,0.0,0
16917,35.01080770546608,3,3,4.062119872782915,1,0.06805295689782709,0,0.0,0
16918,57.5873396745914,3,5,16.953667006841975,7,1.0000684896423617,0,0.0,0
16919,31.454515494393373,3,2,2.7532953800226867,6,0.6464402846829004,0,0.0,0
16920,45.83320839828925,1,1,7.613738528821017,7,0.9999597683397496,0,0.0,0
16921,30.489445621806333,2,4,9.152398681816353,1,0.149522890804609,0,0.0,0
16922,64.40539830664815,4,5,0.0,7,0.4501916004649279,0,0.0,0
16923,48.65544905515554,2,3,3.047681756403378,7,1.0002345648013256,0,0.0,0
16924,31.061394520056794,4,3,18.926734352881585,2,0.9997326510380184,0,0.0,0
16925,37.52342517050751,4,1,9.701655966128522,7,0.0,0,0.0,0
16926,49.69328154665208,4,5,13.442774649556236,4,0.5025876034264309,0,0.0,0
16927,43.76016612447062,1,6,5.398734141792615,7,0.3406993975174812,0,0.0,0
16928,30.998836501320696,5,2,23.059703451109172,7,1.000176407952596,0,0.0,0
16929,67.94200102567751,0,6,18.368544186456223,7,0.20110758096152737,0,0.0,0
16930,57.39661231138205,3,4,20.00783647472425,1,0.4525446967981645,0,0.0,0
16931,21.421782940088956,5,2,7.908676650214268,1,0.20910839373387702,0,0.0,0
16932,42.443425602742145,3,6,14.586673679184983,1,1.0179410046202315,0,0.0,0
16933,56.059804752162506,1,1,9.526338237939362,2,0.6941600072537008,0,0.0,0
16934,45.38302453700345,3,4,9.727259690532536,7,0.6528471616891408,0,0.0,0
16935,48.90243086444216,3,6,9.494694353058879,7,1.0000647497332897,0,0.0,0
16936,46.10544925564502,2,4,9.134793401538113,8,0.15201941476071157,0,0.0,0
16937,45.72016947461369,2,3,15.099304667888248,3,0.4970387078322884,0,0.0,0
16938,23.49064145357221,2,3,10.270264643909819,1,0.6458369436233677,0,0.0,0
16939,52.02808936693793,5,6,11.652667890675758,2,1.0000891304485728,0,0.0,0
16940,61.99518029270921,2,3,15.48968831691808,7,0.9995902837736633,0,0.0,0
16941,36.2591790843697,2,4,19.99115213962267,4,0.5061410245586071,0,0.0,0
16942,37.252268398612486,4,1,19.986537891603167,2,0.5455834761780805,0,0.0,0
16943,44.005619192652496,0,3,1.189500854388637,2,0.49800721510461465,0,0.0,0
16944,44.92702101868921,2,2,16.943145771781765,4,0.24529016919031588,0,0.0,0
16945,55.31305744134587,4,4,19.99551050556117,7,1.0000088806774365,0,0.0,0
16946,42.65116614196184,3,6,13.009369312783601,7,0.45280717934681264,0,0.0,0
16947,49.051828668548794,5,2,11.63523318286781,3,0.06737316932722437,0,0.0,0
16948,57.6157790948008,7,1,13.351595189708652,0,0.3183859443296617,0,0.0,0
16949,57.32358133756897,4,3,17.545356987692934,7,0.05124594116732906,0,0.0,0
16950,56.19458351102418,3,2,9.340896868969883,5,0.3305702918607374,0,0.0,0
16951,23.65518611920838,1,4,17.51320190901819,3,0.5277540013268087,0,0.0,0
16952,37.40990858447195,3,3,10.321398638942867,4,0.99997811539537,0,0.0,0
16953,62.552710530586154,2,4,1.5507918836956787,2,0.49185874383705064,0,0.0,0
16954,37.19941739284991,1,2,15.87154702015839,7,0.9993985361541932,0,0.0,0
16955,49.17383792642681,3,1,3.520093635799168,1,0.030861259874552682,0,0.0,0
16956,24.060084717276236,0,3,4.982737051329437,4,0.9997525681508146,0,0.0,0
16957,19.112550101855337,4,6,6.489932761886465,0,0.11778563904801898,0,0.0,0
16958,50.73745367817271,1,4,4.748617914282827,10,0.39632450846556944,0,0.0,0
16959,47.30691083068961,4,1,23.117512966653404,7,0.45275450657745997,0,0.0,0
16960,37.8643972657277,1,3,19.159113835275384,2,0.9514518395661504,0,0.0,0
16961,46.036173327866805,1,4,9.536624801002166,1,0.9671599254737554,0,0.0,0
16962,50.64201414566448,6,3,17.414393705185915,3,1.0003401561537368,0,0.0,0
16963,56.14227949762706,4,2,2.0750424797704987,7,0.9999330422693695,0,0.0,0
16964,5.808571285549249,3,5,8.498725977642394,2,0.999960588754008,0,0.0,0
16965,39.13848702735596,2,6,6.925132001615259,3,1.0003788634246806,0,0.0,0
16966,52.14610654483495,5,3,12.813506039293223,2,0.4982118651438515,0,0.0,0
16967,53.084393647597715,3,6,13.310711699846026,1,0.3149330933502444,0,0.0,0
16968,29.49533938501456,2,2,13.202372549699929,7,0.69615545951794,0,0.0,0
16969,57.7687722048273,3,3,15.524911558396376,7,1.0004527531733614,0,0.0,0
16970,52.079074697569716,5,6,22.8822496808583,7,0.6634232295881265,0,0.0,0
16971,34.29435626981501,3,1,15.10237087738492,2,1.0005345853355592,0,0.0,0
16972,44.31566276413887,1,4,14.538225524723618,2,0.27615481958655924,0,0.0,0
16973,53.152229252850155,2,3,20.94977578734098,2,1.0001386656666125,0,0.0,0
16974,50.665070597022996,4,5,11.46056711715878,6,0.0,0,0.0,0
16975,54.92068083644844,2,6,9.515597010268653,3,0.6412826437176733,0,0.0,0
16976,37.504873798778235,1,3,11.454315810553354,3,0.9999486744382947,0,0.0,0
16977,62.50159405798718,3,6,15.531039010043614,1,1.0038990143549908,0,0.0,0
16978,59.24924073745546,2,6,7.836280169730816,7,0.9999209614662028,0,0.0,0
16979,45.19783069221142,3,3,17.923016394804314,7,1.0003684865081819,0,0.0,0
16980,56.320767167129965,4,1,9.130832607524928,1,1.0000461924864283,0,0.0,0
16981,34.86930041345747,5,1,13.573797946828137,2,0.4104868764116087,0,0.0,0
16982,46.043000502669294,3,6,13.806163427260188,7,0.9996144285419654,0,0.0,0
16983,44.36062439030691,2,3,7.3153949715470565,1,0.5143275309654742,0,0.0,0
16984,58.659407471944434,2,4,12.76378352042602,7,1.0004033911937484,0,0.0,0
16985,33.47165735110559,3,5,7.551658497506109,1,0.8932646832897735,0,0.0,0
16986,34.195010125221934,4,6,15.04312715415739,7,0.9997995236096073,0,0.0,0
16987,36.13457144113374,1,6,7.113959259892722,4,0.8665061920004082,0,0.0,0
16988,23.278878177555228,2,1,9.413817186031958,1,0.9997473798710137,0,0.0,0
16989,47.338934000917696,3,4,14.697380393835697,1,0.5989816584314029,0,0.0,0
16990,53.30075122665566,3,6,10.592949035486537,7,1.0001148013359367,0,0.0,0
16991,25.296541243780045,3,1,13.272883869251496,7,1.0001064211014672,0,0.0,0
16992,17.620943438920648,2,5,11.970144809448795,1,0.5634914373639065,0,0.0,0
16993,34.55263779441735,3,6,14.583621659141121,1,0.31016848197001784,0,0.0,0
16994,26.447937249283147,4,2,7.227897996842835,6,0.3089619969987143,0,0.0,0
16995,50.050983254627035,4,2,16.3737802739698,3,1.0212631144230873,0,0.0,0
16996,44.62252114312037,3,4,11.655078865896323,3,0.9995362717276588,0,0.0,0
16997,41.89697626143182,4,2,7.102668903005732,7,0.5718992970708802,0,0.0,0
16998,32.69078209796638,3,2,12.959458920594543,7,0.9740724993796848,0,0.0,0
16999,26.82462735889824,1,3,2.1557279460379277,3,0.4802979751753808,1,4901.801173683836,1
17000,29.542617580549745,3,6,8.362472179674993,7,0.9997751562750794,0,0.0,0
17001,59.65446690497856,5,1,4.185964920648827,4,0.5314004091773253,0,0.0,0
17002,51.5495230173831,2,6,8.923018708585783,4,0.380667137010268,0,0.0,0
17003,58.244341417526066,3,3,12.861212928647934,4,0.0,0,0.0,0
17004,42.157416650961736,3,3,5.0845173409112165,2,0.9337910195280545,0,0.0,0
17005,63.05002564460234,2,6,10.636191016131335,4,0.872726450517,0,0.0,0
17006,46.823918390223085,3,3,13.811291799764046,3,0.3413031802473261,0,0.0,0
17007,29.97328599589509,3,6,1.5698630874089243,7,0.9383488373624285,1,8261.101731295985,1
17008,42.845039597356894,2,4,20.007981184695385,3,0.9999193468045748,0,0.0,0
17009,34.962695744599245,3,6,14.847961705472219,1,0.9086405844587058,0,0.0,0
17010,18.15535437249043,3,3,15.803882825766536,0,0.49736531974576204,0,0.0,0
17011,51.67187087798762,4,3,11.730617969037173,3,1.000423099547013,0,0.0,0
17012,43.138276085343314,4,1,11.634642538023863,6,1.0002155150258738,0,0.0,0
17013,43.46905681986877,2,2,13.189834792409796,7,0.9609994904170349,0,0.0,0
17014,42.25670066099954,3,3,6.3039304412366315,4,0.9999587233593724,0,0.0,0
17015,56.259568878786716,2,1,0.29157552382261365,4,0.2970024359630298,0,0.0,0
17016,33.10798923565792,3,5,14.027474359110581,3,0.4496475418307753,0,0.0,0
17017,59.56273284642809,4,1,0.0,2,1.0000751950659135,0,0.0,0
17018,30.154029979063285,2,4,9.632092525060894,2,0.4525803136328399,0,0.0,0
17019,13.030629880018498,4,5,18.88224284719315,1,0.9179691948968085,0,0.0,0
17020,51.699881986288425,3,6,2.4023810016033735,1,0.6465040188691388,0,0.0,0
17021,42.773793209321994,3,3,6.6039768422851015,7,1.0001713042210822,0,0.0,0
17022,29.211965195192775,2,6,16.094217504273317,4,0.17608128690154046,0,0.0,0
17023,41.2242096819379,2,5,10.547252974312016,3,0.49624151416711104,0,0.0,0
17024,49.771813308016675,3,3,13.186679997388953,3,1.0003017342186689,0,0.0,0
17025,54.617142430218216,2,4,20.600503772579717,7,1.0002038200866368,0,0.0,0
17026,44.74803078020818,4,3,2.1308827803441925,4,0.5064530481525465,0,0.0,0
17027,46.98723749829537,4,6,14.56641683524329,4,0.029860154598683075,0,0.0,0
17028,66.18256083129239,3,4,14.17711043780533,3,0.9997019415942712,0,0.0,0
17029,43.94622014938527,4,2,14.99059073277575,7,1.0005113208616963,0,0.0,0
17030,54.9646809484962,2,3,1.0048346494948017,7,0.9513665210500931,0,0.0,0
17031,31.361928096144474,4,6,9.088312087481665,6,0.8086115140455126,0,0.0,0
17032,34.92796496201865,3,3,6.758722511933784,3,0.10471465995984408,0,0.0,0
17033,63.10183476570302,3,2,17.456755277433174,4,1.000394195511744,0,0.0,0
17034,60.98638928837292,3,2,13.441354797250654,7,0.9996561407068923,0,0.0,0
17035,23.33320054621651,3,6,4.8404268686272784,4,0.9934488538219848,0,0.0,0
17036,48.81387306139496,4,4,3.8501024711803975,4,0.5004756673697883,0,0.0,0
17037,63.43032666875594,1,6,18.026454053027766,7,1.0000363529316247,0,0.0,0
17038,42.777052487987596,4,5,13.648765974470095,1,0.6819174802471569,0,0.0,0
17039,19.459814055405733,3,2,1.9162120497363286,3,0.9994595936528248,0,0.0,0
17040,49.16839485796244,1,5,13.982126394518094,1,1.120293999778629,0,0.0,0
17041,50.10116354447943,2,4,19.99827822703383,1,0.9998742641538729,0,0.0,0
17042,44.53701796160796,1,4,20.004399705877702,2,1.0000376563954692,0,0.0,0
17043,23.229530545749203,5,2,9.365126915424211,7,0.27571748914558675,0,0.0,0
17044,45.41137073127365,4,3,4.781861503184814,7,0.9997333419214366,0,0.0,0
17045,54.15194137561823,2,3,0.7629872049091109,7,0.9992835954464631,0,0.0,0
17046,65.17639664878139,1,3,15.417813841913741,3,0.5004934034006154,0,0.0,0
17047,44.924227679784806,4,1,14.56252166647601,1,0.7293567702492553,0,0.0,0
17048,29.818965072640005,3,7,0.3135448104670022,7,0.9996917667763561,0,0.0,0
17049,82.43099022524302,3,4,8.092337440124982,3,1.000135372677674,0,0.0,0
17050,36.28885318167441,2,4,7.5131454187135684,7,0.9170359347801786,0,0.0,0
17051,71.90580354542094,3,1,12.089238611244106,7,1.00030626428271,0,0.0,0
17052,56.06864315161101,3,3,4.3919880741805795,7,0.9423506617730191,0,0.0,0
17053,35.84535130955524,2,3,4.447130922853476,7,0.9998312534506271,0,0.0,0
17054,44.08662027244414,3,2,5.71025975171146,7,0.07414956056405786,0,0.0,0
17055,23.398341686462114,4,4,4.466358541241245,4,0.0,0,0.0,0
17056,46.681039080599,4,1,10.45581834250256,2,0.17899297308965412,0,0.0,0
17057,60.040700197698875,4,3,11.947575205947501,2,0.9997229964880456,0,0.0,0
17058,56.16951600954312,3,6,13.580173383364233,5,0.671727789682346,0,0.0,0
17059,29.083946033368285,4,3,18.698925909599215,3,0.5005659086604867,0,0.0,0
17060,18.57436715426195,3,2,3.3001281764784816,1,0.0,0,0.0,0
17061,30.094313449583154,3,3,13.524691145147548,4,1.0007488261253772,0,0.0,0
17062,48.39159361652665,3,3,4.233207254193924,0,0.4685252629081402,0,0.0,0
17063,61.93947577521759,4,3,17.849831663443826,4,0.504162258340471,0,0.0,0
17064,52.96027869236063,2,3,6.584120622344971,3,0.9915231195203305,0,0.0,0
17065,64.97313937897957,4,3,5.900541867260708,5,0.9613061165547145,0,0.0,0
17066,54.25058745604882,1,1,11.862721893917856,4,0.9998291183545129,0,0.0,0
17067,53.14021575705834,4,4,8.87837729026691,7,0.7048807081851803,0,0.0,0
17068,54.89582145079484,4,2,10.184697382815724,7,0.5111875527780936,0,0.0,0
17069,20.0043272426531,4,1,12.957192354928978,1,0.9222714276774896,0,0.0,0
17070,46.5027151723677,4,3,6.9900362934540885,7,0.389399278843631,0,0.0,0
17071,37.10277287079005,3,3,14.006248723600947,1,1.0000969470888443,0,0.0,0
17072,39.41978611930808,2,4,9.9711235168959,4,0.9998694629765938,0,0.0,0
17073,38.56097864807749,4,3,9.227067493054214,4,1.0000176848530395,0,0.0,0
17074,30.07798615980134,3,1,0.0,0,0.14058713154496305,0,0.0,0
17075,53.573360939101725,3,1,13.91533317576513,7,1.0002560879041664,0,0.0,0
17076,56.41650982680774,4,3,11.567508277396495,7,1.000235981075357,0,0.0,0
17077,60.476242139560156,2,3,5.744424670043375,1,0.9999162285253353,0,0.0,0
17078,46.19860205311104,5,2,8.697480022944784,3,0.3311926524388295,0,0.0,0
17079,30.667409325086997,3,1,14.596235506603005,7,0.3268164084465385,0,0.0,0
17080,34.08708245392297,2,7,5.961884415043686,6,0.5230315494352596,0,0.0,0
17081,50.20255457591741,2,1,5.613552194003707,2,0.15694296306740607,0,0.0,0
17082,43.585750383726904,3,3,16.09540968209908,2,0.99994211144214,0,0.0,0
17083,67.9452868575389,2,3,19.685186926189367,2,0.5064656908045218,0,0.0,0
17084,3.1481199905013,2,3,4.067396550300655,8,0.15711430260785875,0,0.0,0
17085,47.670328419073655,4,5,20.203235442357993,7,0.5955884271254536,0,0.0,0
17086,32.32356335648894,3,2,9.8828424639697,2,0.3207378922866364,0,0.0,0
17087,17.78791008568778,3,4,14.857417792768175,2,0.9994374616915811,0,0.0,0
17088,31.200941779869986,8,2,14.105611718329335,7,0.38486376306774944,0,0.0,0
17089,22.75015469763496,3,1,19.998033583406297,2,0.20212993253436373,0,0.0,0
17090,32.634463674000735,4,5,19.575654077383103,1,0.9194442973700475,0,0.0,0
17091,44.4198785074554,5,3,3.001949316582447,1,0.9999985927139772,0,0.0,0
17092,41.254129379735886,4,3,0.05953464965659805,7,0.3120456902719511,0,0.0,0
17093,36.127203930765035,1,1,19.99598442569961,2,0.4967285406727134,0,0.0,0
17094,44.90468061522435,3,2,4.776125117799423,7,0.9996302966855617,0,0.0,0
17095,49.327753081828305,3,3,17.66262843536051,7,0.9993663142074816,1,1284.6003860403423,1
17096,53.15670725525603,3,6,10.958800621887155,5,1.0003473515046972,0,0.0,0
17097,43.10120935371078,4,3,17.808007482570474,3,0.4975861539722842,0,0.0,0
17098,45.686025445425884,4,1,16.807818104156304,2,0.500880314464832,0,0.0,0
17099,56.91690668955031,2,3,9.019473530864559,4,0.9997831453971586,0,0.0,0
17100,53.52013129291113,3,6,14.85762564120192,5,0.9994075678013885,0,0.0,0
17101,48.549974935665716,1,5,21.889961576576127,5,0.1675225226860182,0,0.0,0
17102,36.377518038902906,4,1,13.300807998999463,7,0.9999439048059454,0,0.0,0
17103,42.43284486981474,4,6,15.122127710904639,1,1.0318877724777258,0,0.0,0
17104,42.89718359714141,5,3,4.790845285076844,1,0.8941530583562869,0,0.0,0
17105,14.838428458862793,0,6,4.408975238602324,6,1.000395635117949,0,0.0,0
17106,32.41868669625567,3,2,8.782541329896095,7,1.0001321103540368,0,0.0,0
17107,22.620498027731774,0,2,12.190640314822138,7,0.5157156703868113,0,0.0,0
17108,63.49585830568245,2,4,20.000935226455802,1,1.0000937372666285,0,0.0,0
17109,52.35156402369747,3,3,4.025534173727875,7,0.9999465192117918,0,0.0,0
17110,41.083610641833346,3,6,9.023819631095552,7,0.9990315943141646,0,0.0,0
17111,25.904755317156237,3,6,4.418169783982157,3,0.0,0,0.0,0
17112,39.44156163810905,3,1,20.00656205858243,0,1.0196519136181488,0,0.0,0
17113,49.01899638580829,1,6,10.658630139177927,7,1.0004389380216232,0,0.0,0
17114,57.36484029766996,3,4,19.99594918120078,1,0.508048375934109,0,0.0,0
17115,42.023474778432714,2,2,17.92502077010203,7,0.9999246803356128,0,0.0,0
17116,49.25478187354614,4,1,19.45273721737008,7,0.9997890527697793,0,0.0,0
17117,46.5091372963396,4,2,15.961370664981242,7,1.000436458858933,0,0.0,0
17118,53.42864822240091,2,6,2.386739376857795,7,1.0004092927041577,0,0.0,0
17119,42.746494658499465,2,2,6.722360522794378,7,0.9998211714430258,0,0.0,0
17120,43.81679737343843,2,1,2.304405780383581,2,0.9924849211002217,0,0.0,0
17121,42.06513783832713,3,5,3.575242138618952,5,0.968018342039912,0,0.0,0
17122,59.34892824951655,2,3,10.58332202763033,0,0.9314531946049214,0,0.0,0
17123,43.73880847768242,5,3,15.480547851491126,2,0.5372165137522609,0,0.0,0
17124,23.520468978777426,4,5,17.37465848608565,2,0.9502571994397149,0,0.0,0
17125,61.96374916142958,3,4,20.00078513308494,3,1.0010050554206555,0,0.0,0
17126,30.359417546433896,2,1,15.139348995245971,2,0.49980389661979285,0,0.0,0
17127,28.96763892862797,3,6,18.50036346276249,3,0.28311874399624026,0,0.0,0
17128,40.07640569916644,3,4,0.0,1,0.3646078773429473,0,0.0,0
17129,51.75269098620809,3,2,20.012743451151593,1,1.0000443378347281,0,0.0,0
17130,49.109867006771275,2,6,18.25647190202464,7,0.2643712237402341,0,0.0,0
17131,47.519321870151394,1,3,16.005685216803197,7,0.9998835969326589,0,0.0,0
17132,43.450687616026904,4,2,10.283562804410977,6,0.0,0,0.0,0
17133,59.775205708868285,3,1,22.113284629310748,6,0.4980391998567862,0,0.0,0
17134,57.930001464849624,1,5,2.769845161679033,5,0.7883380314182199,0,0.0,0
17135,37.66048125479796,2,4,20.00763300995135,7,0.9995080305433959,0,0.0,0
17136,38.27763567382464,3,1,6.255705502379481,0,0.956248759333256,0,0.0,0
17137,55.58884387667312,3,6,14.589161319652852,6,0.9999793429959811,0,0.0,0
17138,34.096929750779665,1,3,6.666535062601662,3,0.42966884653946447,0,0.0,0
17139,34.362297048740345,3,0,18.920192815906532,2,0.9997999780973048,0,0.0,0
17140,42.39803868479156,5,1,17.046354887492964,7,0.9999550675065871,0,0.0,0
17141,42.73475383230999,4,1,11.423770479353928,3,0.16330030792051242,0,0.0,0
17142,26.88332001841997,2,1,14.105128634935632,2,0.349393269540587,0,0.0,0
17143,47.550839384734196,1,3,5.612584222552359,2,0.9998926183223328,0,0.0,0
17144,44.22137829180911,4,1,17.791910122930556,6,0.9993635893434348,0,0.0,0
17145,29.582818146762264,4,6,15.906425474784415,2,0.6698751767445664,0,0.0,0
17146,49.033021534860296,3,3,20.00138880052459,5,0.7741338456548227,0,0.0,0
17147,38.33938170918938,6,3,13.435205494332145,1,0.4990963351335452,0,0.0,0
17148,64.54233476824261,3,3,16.597205745925116,2,0.9998207507404622,0,0.0,0
17149,29.18672545384618,2,4,19.99122058018744,3,0.5012128281748167,0,0.0,0
17150,51.778419220186166,4,3,13.803844802272923,3,0.9997777956301745,0,0.0,0
17151,53.807978494647635,3,6,10.84656621010995,7,0.9999668276981988,0,0.0,0
17152,46.65065295754485,3,4,5.8702968993386895,4,0.5435379057451613,0,0.0,0
17153,38.4848861840194,2,6,11.656081289798665,4,0.999672865006725,0,0.0,0
17154,51.12833783222072,3,3,7.315161270071598,4,1.0000307261034536,0,0.0,0
17155,51.55130717553916,4,6,13.40665300568049,7,1.0001706513352797,0,0.0,0
17156,37.520107220124444,3,4,19.99958207328764,2,0.4976514827417765,0,0.0,0
17157,37.858266403637835,5,5,1.0963567233587188,5,0.24975872545911748,0,0.0,0
17158,40.016344209225515,3,4,3.4815626874704977,7,0.8102399359581688,0,0.0,0
17159,27.115190779232925,4,6,13.706902463740072,0,0.267694267785168,0,0.0,0
17160,57.91498952219003,1,6,16.860805457824668,6,1.0003293714897132,0,0.0,0
17161,37.99307791621817,2,3,7.0857626230796935,7,0.2675525494235032,0,0.0,0
17162,36.98118988787921,4,6,16.044220343402287,1,0.9666799607707919,0,0.0,0
17163,39.59436513317499,5,2,3.104374589909403,7,0.9999994154016738,0,0.0,0
17164,68.96624525012518,6,1,15.19178589185745,1,0.9696041321281849,0,0.0,0
17165,39.851633253156834,4,6,7.323072107300577,6,0.8397021618375622,0,0.0,0
17166,50.7092132235119,3,5,6.993587621269698,7,1.0003072504302706,0,0.0,0
17167,58.570211237184665,3,3,8.637395900058218,7,0.9998948243385826,0,0.0,0
17168,51.367484357210834,1,2,5.645646033363448,6,0.6335541514044944,0,0.0,0
17169,36.25409402809086,1,5,13.142263073945783,2,1.0430952796925044,0,0.0,0
17170,42.8668590825083,3,6,22.07780624507152,1,0.9458212226811178,0,0.0,0
17171,63.28150497357101,3,1,19.217665384860425,7,0.9896305239005467,0,0.0,0
17172,30.154418445762342,1,2,7.832139824341125,3,0.9882951413094208,0,0.0,0
17173,45.43763350421172,3,1,16.11107703097513,1,0.8469056054449278,0,0.0,0
17174,52.41585019285407,1,5,7.052949804518276,3,0.4831741021358751,0,0.0,0
17175,46.43348172022552,2,3,0.0,2,1.0009944901080639,0,0.0,0
17176,23.972173969085954,2,6,6.592555255174434,2,0.433050150479039,0,0.0,0
17177,28.598660345036762,4,4,11.384854292306121,7,0.4327215311343033,0,0.0,0
17178,42.724260995516154,4,2,2.471437303429818,7,0.28444224194451134,0,0.0,0
17179,38.444411768868655,4,3,6.894771782502578,7,0.3268065585996053,0,0.0,0
17180,42.38875483012014,3,7,14.352151090626899,6,0.544810930606315,0,0.0,0
17181,31.227304828338433,3,1,11.355312643019351,7,0.38958236926783824,0,0.0,0
17182,41.496889650371806,4,4,17.334359252965577,2,0.147138028206652,0,0.0,0
17183,33.44551502476936,1,4,10.893614870908333,1,1.2253170726635059,0,0.0,0
17184,48.06457160119147,1,6,12.397518815373946,7,0.7862103525361319,0,0.0,0
17185,59.43222600344261,2,1,4.570949472825087,6,1.0000723009702341,0,0.0,0
17186,41.61621315537668,6,3,3.45791322730965,5,0.4972639408560514,0,0.0,0
17187,33.65705205649473,1,5,0.0,3,0.6072236312378977,0,0.0,0
17188,63.44315228079462,2,4,9.421284551385627,7,1.0000075305070406,0,0.0,0
17189,35.92797405108492,3,4,20.011876614189056,1,1.0011909422227494,0,0.0,0
17190,32.38922733900213,3,7,5.742811948398119,6,0.5029627774605562,0,0.0,0
17191,59.06720668577668,2,6,8.312364134761971,3,0.0,0,0.0,0
17192,53.82688222626235,5,3,11.856813511898157,2,0.9996331551321775,0,0.0,0
17193,44.802793272986236,3,4,15.229946188291361,4,0.4097848964817705,0,0.0,0
17194,56.57208110171744,1,6,7.650549724224714,6,0.6992465419563982,0,0.0,0
17195,39.83949196614066,5,3,10.858355668917715,5,0.49808982304963,0,0.0,0
17196,37.31498015778334,3,6,14.93304499682082,7,0.9999915190641191,0,0.0,0
17197,72.53666671251513,0,1,8.95328701739382,2,0.4998876336030965,0,0.0,0
17198,55.3016855984607,2,5,13.823204013752049,7,1.000464703026117,0,0.0,0
17199,65.41154114049931,4,2,10.649496121963812,7,0.9299755342465947,0,0.0,0
17200,48.35821954578736,4,6,15.54578953997514,2,0.2298569493666715,0,0.0,0
17201,30.78290316486437,2,6,13.563586086232261,1,1.026436421960452,0,0.0,0
17202,59.42165653248513,3,3,0.39191798569822467,3,1.0001079355202709,0,0.0,0
17203,52.0491989030747,1,2,7.62179122366032,2,0.46585899780147305,0,0.0,0
17204,37.25156885395076,0,3,5.468371584848168,4,0.1774359520778621,0,0.0,0
17205,32.71171626940969,1,5,14.298297146258998,9,0.38154595324422824,0,0.0,0
17206,60.51888435709024,3,1,16.16768142963472,7,1.0004359740847142,0,0.0,0
17207,45.18638002736758,1,3,12.785709949276052,6,0.8394496416833696,0,0.0,0
17208,50.12673878450482,4,3,12.850220658243657,5,0.3602962117077943,0,0.0,0
17209,37.9834955045685,3,5,12.119161980956973,5,0.6162285465255388,0,0.0,0
17210,47.8795859643847,2,3,2.000904383475241,4,0.9998511449954124,0,0.0,0
17211,54.76359871080153,6,3,7.350174616529586,1,1.2992163951639706,0,0.0,0
17212,41.83924201123145,3,3,1.912714825338444,4,1.0001353680791363,0,0.0,0
17213,27.45365657619005,3,4,0.0,3,0.9418812919018218,0,0.0,0
17214,67.02560751296733,4,5,11.422025938991293,1,0.43322873928135786,0,0.0,0
17215,47.026660798811704,1,3,29.88528456765893,4,1.0002408466229356,0,0.0,0
17216,42.00505201328118,3,6,22.69268698503261,6,0.5627271637586374,0,0.0,0
17217,45.622900804456364,0,6,15.50819536228201,1,0.5560702200817059,0,0.0,0
17218,56.80135028821128,1,2,11.660354461964147,6,0.366925873771588,0,0.0,0
17219,63.75600353842076,6,1,3.119182218140568,1,0.5026922646462041,0,0.0,0
17220,44.94827270941931,3,2,6.792661916925537,7,1.000271211896155,0,0.0,0
17221,42.09645389318313,1,2,10.89109073099907,7,0.40673467352102466,0,0.0,0
17222,55.91019542005884,3,3,8.613781278609794,3,0.924170947808157,0,0.0,0
17223,19.8030134277785,5,5,12.71292519435482,2,0.2883805247694636,0,0.0,0
17224,59.762654383118814,4,3,13.634331219158064,7,0.312341779107895,0,0.0,0
17225,41.713188219697145,3,2,10.326618058418555,6,0.7359194924008249,0,0.0,0
17226,36.81332040351457,1,1,1.228882903208108,2,0.2735034859160799,0,0.0,0
17227,8.533027433590085,5,4,0.0,1,0.6086667636845837,0,0.0,0
17228,52.783818480929234,4,6,0.9139152160981112,2,0.5314713818503755,0,0.0,0
17229,48.15715681388349,2,3,5.2916814728554415,0,0.999625586310254,0,0.0,0
17230,44.72759695452157,4,1,9.980608543622283,2,0.9995639801355031,0,0.0,0
17231,60.41301450004033,3,5,16.517664653873133,7,0.989584566332437,0,0.0,0
17232,34.26141128888811,4,6,16.76664983799961,2,0.4670069354334452,0,0.0,0
17233,27.74344012606803,2,3,19.479215779468483,3,1.0004217727009106,0,0.0,0
17234,39.77453751593226,3,6,22.138591873412516,2,0.9997708794828228,0,0.0,0
17235,47.964713332782495,3,4,11.796231067003328,6,1.0007148999238213,0,0.0,0
17236,57.902146567690316,1,5,15.054015037516477,8,0.47444447589060057,0,0.0,0
17237,54.48525846976286,2,6,17.318475811871572,0,0.8906894550592046,0,0.0,0
17238,51.122926256115186,4,3,12.361586681693197,7,0.7239125000273472,0,0.0,0
17239,68.55583268489569,4,3,7.963257347564915,7,0.9994117087717517,0,0.0,0
17240,35.51906735289663,1,3,10.14001711532394,3,0.548174093530817,0,0.0,0
17241,44.11773865289398,4,1,13.984019108988305,5,1.0000271963878191,0,0.0,0
17242,21.735982235659847,4,6,1.8918667568791552,1,0.3073274787217379,0,0.0,0
17243,42.17445179500174,4,3,23.806713185408306,4,0.4450268852665571,0,0.0,0
17244,58.711582288600404,5,6,6.333233032061026,2,1.0004855168683755,0,0.0,0
17245,48.199228380426156,2,2,14.60695850319756,7,0.9998097056559895,0,0.0,0
17246,20.69957457582622,1,2,7.034337258444284,3,0.6424587049132069,0,0.0,0
17247,33.855328350042335,2,1,16.151707624909026,6,1.0000834313141078,0,0.0,0
17248,29.561564595172115,4,2,9.799960650553224,2,0.051986565640516624,0,0.0,0
17249,47.93538275411727,3,3,4.281689524441689,2,0.9785426571512936,0,0.0,0
17250,52.688519459488646,4,6,17.797837612967673,2,0.20534742480749862,0,0.0,0
17251,35.36570859331873,2,1,8.177642495542319,1,0.25313498611922386,0,0.0,0
17252,20.897657919632593,3,6,7.5019960690015175,2,0.0,0,0.0,0
17253,48.889759476012586,1,1,5.784339382941155,5,0.6602386432339584,0,0.0,0
17254,24.91093957159497,0,6,10.88620987194538,3,0.679234635575892,0,0.0,0
17255,56.01374737281543,2,1,9.273361676034645,4,0.5017581524808986,0,0.0,0
17256,35.31239281271146,3,3,12.850632539936353,2,1.0002792598581463,0,0.0,0
17257,54.6160591090935,2,2,9.55538310259194,1,0.10110716320502477,0,0.0,0
17258,48.88088005525539,2,3,0.25095941433965585,3,0.6686928699838545,0,0.0,0
17259,39.62458249757351,3,3,15.665562382328268,7,0.9596011624457392,0,0.0,0
17260,46.21867648163499,4,2,9.522650738176502,7,0.9999311268897033,0,0.0,0
17261,37.72572954400569,3,4,19.999970085113823,1,0.6882113418686374,0,0.0,0
17262,66.83238296162592,2,6,11.80529390535547,2,0.47901693388201105,0,0.0,0
17263,39.59410070882809,3,6,15.167883127680277,2,0.4529770382817101,0,0.0,0
17264,28.989433720328087,3,3,16.379730250263748,2,0.9998879205853606,0,0.0,0
17265,42.6904244943389,4,6,16.658419777482873,5,0.3489615062633756,0,0.0,0
17266,33.77656453654276,5,1,7.037099333038516,0,0.1275805006091234,0,0.0,0
17267,37.77395259731355,5,1,7.393784921837794,4,0.49751265655774857,0,0.0,0
17268,22.242785372322285,2,3,19.999298161265244,1,1.0001758804010377,0,0.0,0
17269,30.74622275964456,2,3,20.00119704045509,1,0.99979467721969,0,0.0,0
17270,37.757124296600985,2,5,14.700484731240508,2,0.2488437859238235,0,0.0,0
17271,36.571064715294895,2,6,13.305445968756809,7,0.9998895199603438,0,0.0,0
17272,67.79681632057421,2,3,16.105591873055822,7,1.0003286495470864,0,0.0,0
17273,32.84464019998662,3,3,6.741184678141811,4,0.4978205623500957,0,0.0,0
17274,27.935249102962416,1,6,12.51366045315303,2,0.2945150736950479,0,0.0,0
17275,65.86450713684583,3,3,7.877052644470927,2,1.0059065911092506,0,0.0,0
17276,32.47034944646427,6,3,3.6233263583156043,1,0.05575286096115872,0,0.0,0
17277,51.16098331926758,1,3,9.232978687299836,4,0.4267461831711925,0,0.0,0
17278,41.23974882835869,3,1,13.820537945539703,7,1.0003890955581256,0,0.0,0
17279,40.966709531838205,3,3,20.187600404895562,7,0.9660188755333218,0,0.0,0
17280,51.185297118568045,3,6,10.80008273670586,8,1.000356691588363,0,0.0,0
17281,41.98860988306465,1,2,12.339490539892248,6,0.0,0,0.0,0
17282,43.0902629449261,2,2,12.235609864291737,7,1.0003481661033078,0,0.0,0
17283,20.825344728251615,2,5,3.881710166282131,1,0.5157736375655947,0,0.0,0
17284,42.7474024756805,2,2,13.097323297752423,1,0.7765933982624412,0,0.0,0
17285,41.16940220721772,2,4,21.645779089503243,7,0.9656058224692925,0,0.0,0
17286,28.92223086498479,4,3,3.2952853820886086,3,0.45775290005239355,0,0.0,0
17287,29.793620082567962,3,3,19.9987378872342,5,0.7148598384630871,0,0.0,0
17288,44.82688776467406,3,5,19.52027597187095,2,0.9999279774490265,0,0.0,0
17289,44.784648582435636,4,4,8.532522847796717,3,0.4141192033012756,0,0.0,0
17290,53.5976187918821,2,5,20.007830842299,7,0.9689420493224898,0,0.0,0
17291,43.622151241839866,4,8,17.11775780477768,7,0.3161455991282958,0,0.0,0
17292,30.022877335614634,3,2,10.489490981169967,1,0.5406899855962705,0,0.0,0
17293,60.99418886570707,4,5,13.366247437579249,7,0.9072978506042384,0,0.0,0
17294,52.493817592031,5,3,16.347990233513485,7,0.39190933487993457,0,0.0,0
17295,26.57734166786547,4,2,14.769041758176897,1,0.3041703674261751,0,0.0,0
17296,47.531353741641055,2,1,1.1924481487122893,4,0.360755057207459,0,0.0,0
17297,25.455214588799738,1,3,10.242034679915923,6,0.6439262648031304,0,0.0,0
17298,24.817260144395526,1,1,11.956145207786694,2,0.9993658287257989,0,0.0,0
17299,42.50632869999361,2,3,5.7550683382506875,1,0.9998048116554183,0,0.0,0
17300,32.23622252749036,3,5,14.711574076840485,7,0.4896558192211089,0,0.0,0
17301,40.57171364104623,3,3,0.4184727358172342,2,0.5040389893492496,0,0.0,0
17302,24.819620785378223,4,6,4.638123780125984,1,0.5865712202909568,0,0.0,0
17303,36.341671005670385,4,2,8.738501571591527,1,0.6198400272305891,0,0.0,0
17304,30.479050574495602,3,4,12.495569440017212,6,0.670372998561792,0,0.0,0
17305,39.82697531932544,3,4,5.02604721537608,4,0.75439675535944,0,0.0,0
17306,27.154074435614742,3,3,6.795332716898023,4,0.5060566843064778,0,0.0,0
17307,53.551683082221686,4,3,9.570929893713194,5,0.3510263268774084,0,0.0,0
17308,35.25002915076821,2,3,4.3894237795829305,3,0.5868803975849174,0,0.0,0
17309,32.036879578280555,1,1,15.642195231558905,2,0.3854078139676945,0,0.0,0
17310,54.01194970712355,4,6,6.580250486582555,7,0.999927880635878,0,0.0,0
17311,57.546598959916956,1,3,17.149208775299805,7,0.9997571432134646,0,0.0,0
17312,45.608670952158995,2,6,16.033404143759366,6,1.000267686208234,0,0.0,0
17313,35.87620795138392,4,3,4.098426836480816,7,0.30739478452457025,0,0.0,0
17314,38.29638547691018,3,4,8.307051526844194,3,0.47616721620184554,0,0.0,0
17315,38.134884641652924,4,6,6.43049776357446,7,0.4002629077269166,0,0.0,0
17316,50.949310175187144,2,1,2.8643335659861613,7,0.9999916946481768,0,0.0,0
17317,30.448521064725853,3,2,11.273193781792427,4,0.9858386402681595,0,0.0,0
17318,25.288473853077154,2,6,7.515195925292291,6,0.48923913454533985,0,0.0,0
17319,31.08996630630015,4,6,14.766770906329082,4,0.3824930098998077,0,0.0,0
17320,70.07819024269236,5,6,19.788321630247676,2,0.6381156526538045,0,0.0,0
17321,50.54002498603624,3,3,5.456062689842807,3,0.5001929702652217,0,0.0,0
17322,44.48265191994376,5,6,8.87188625357693,7,1.0003999968671449,0,0.0,0
17323,44.597160318878906,4,1,12.339465413940705,3,0.49757849582959146,0,0.0,0
17324,41.14185614969121,1,3,16.256492682281056,6,1.0004192654214499,0,0.0,0
17325,56.853345059950705,3,1,20.802614525967208,4,1.0000020321635472,0,0.0,0
17326,2.271846295373507,3,1,19.997912117884415,6,0.1379998579237014,0,0.0,0
17327,51.68184217277343,4,3,12.754447164996238,4,0.9994248998859336,0,0.0,0
17328,40.48022853836499,4,5,15.55814398672952,7,0.999654601293485,0,0.0,0
17329,43.240004494944735,3,4,20.00543989868023,7,0.7502086199515907,0,0.0,0
17330,15.923310932442138,1,3,11.52912210515265,5,0.1431850640218929,0,0.0,0
17331,55.75725784224581,4,1,18.741593880299554,2,0.9735987578914176,0,0.0,0
17332,50.167114946150285,2,3,18.902026769706456,3,1.0006393098785809,0,0.0,0
17333,72.42222622992459,3,4,4.63025598461775,5,0.702810103222403,0,0.0,0
17334,51.90723239882367,4,3,7.066856847275813,1,0.32422302284528814,0,0.0,0
17335,44.39212544065963,3,3,14.1457231154704,7,1.0003330573525189,0,0.0,0
17336,38.121037837269874,4,3,10.86184443687888,6,0.3570613755363357,0,0.0,0
17337,54.62919780746433,2,2,15.731165072986848,1,1.000121480519911,0,0.0,0
17338,60.56203661372608,4,2,10.057508590711953,7,0.9997841863410161,0,0.0,0
17339,50.123563331608054,4,3,5.186862514035961,2,1.0000438462462455,0,0.0,0
17340,39.83175676301969,4,6,4.27066944094209,4,1.0003417477829257,0,0.0,0
17341,61.27650057205092,2,6,16.85219149996907,7,0.9993002197913863,0,0.0,0
17342,50.206987652024395,3,6,5.196227844010008,3,1.0005375694641672,0,0.0,0
17343,39.68212873835776,4,3,13.672532194259311,2,1.0003566104304789,0,0.0,0
17344,57.949827589280844,5,2,8.950643636070204,5,0.6844540787154664,0,0.0,0
17345,20.67552812376067,3,4,7.308595623979509,1,0.9994272979134191,0,0.0,0
17346,56.38702588885354,3,3,9.094068757318604,7,0.9999988178353674,0,0.0,0
17347,49.886153985939316,3,1,11.240640599513096,7,0.999509499754533,0,0.0,0
17348,9.597539505272735,1,3,16.240376226437345,1,0.967893564984865,0,0.0,0
17349,42.76990862177957,6,3,13.9624417260246,2,0.9997572151178459,0,0.0,0
17350,42.9300246820928,4,6,13.256828784420273,1,0.3138732008092601,0,0.0,0
17351,37.236514237315596,0,3,10.8020387809691,2,0.083403573753137,0,0.0,0
17352,41.920731470583355,4,6,6.79822066046264,3,0.999683669482702,0,0.0,0
17353,53.26943558019707,6,3,14.845350884035696,5,0.9085446603165366,0,0.0,0
17354,41.77082181029919,3,3,22.358886030069378,7,1.0006234727461676,0,0.0,0
17355,37.07731376794202,2,3,8.680634014757839,4,0.9427107756597102,0,0.0,0
17356,30.42810771111582,6,2,13.488493893655262,1,0.5628598580567006,0,0.0,0
17357,41.83260445580067,3,4,5.470771381794851,2,0.18673130988831976,0,0.0,0
17358,24.185209156986787,6,4,17.82531037032356,1,0.11705043849697927,0,0.0,0
17359,42.89638795779295,3,2,19.231357749986408,7,1.0000209028000915,0,0.0,0
17360,61.65468066345575,4,1,5.9181919204273274,7,0.9662619651403961,0,0.0,0
17361,45.21077212674219,6,2,16.651383661760256,7,0.2957011473774075,0,0.0,0
17362,64.39726312855953,3,4,12.884589717617544,7,0.7984749404373067,0,0.0,0
17363,44.93724248571751,3,4,9.397953506792991,7,0.4817990866639634,1,5462.962546154463,1
17364,42.44727808635225,3,4,19.994101822405884,2,0.4954758757384022,0,0.0,0
17365,36.292055452438774,2,6,13.849161227770578,3,1.0002212295966235,0,0.0,0
17366,75.19499450750243,3,7,15.79989995630731,2,1.0001040589368015,0,0.0,0
17367,41.28928500902355,2,2,7.841111877427305,7,0.9711877169356256,0,0.0,0
17368,37.06546095129838,3,3,5.255944108766604,7,0.4571526624790806,0,0.0,0
17369,33.26088632445183,3,4,8.760210849026347,1,0.4980316953516087,0,0.0,0
17370,52.79059953724288,2,3,9.126016424592457,6,0.4397567495076906,0,0.0,0
17371,48.01387300774532,3,1,18.97273640786522,7,0.9884341990503067,0,0.0,0
17372,28.748416598302637,3,3,0.0,1,0.3428297545932502,0,0.0,0
17373,43.45683309599305,3,4,19.99959739956324,1,0.3326410587859072,0,0.0,0
17374,46.6056836816336,3,3,8.760322713773398,3,1.0000112006265462,0,0.0,0
17375,41.32847583836827,0,6,2.8382032683693,3,0.2094475155344077,0,0.0,0
17376,27.916302091593774,4,6,8.327248522328446,2,0.6952367759822276,0,0.0,0
17377,15.437014536846753,4,5,13.993396302395464,1,0.579608807317796,0,0.0,0
17378,58.89740226169205,2,2,5.117554028261179,7,0.10526030380730578,0,0.0,0
17379,40.77392815057982,0,3,8.997119206888623,1,0.4534848324580731,0,0.0,0
17380,38.2981039641483,3,1,14.619325904282993,0,0.5698322415253148,0,0.0,0
17381,35.330672415214316,3,2,13.815437683493627,4,0.6833685747225063,0,0.0,0
17382,32.806045618014316,2,1,1.9483620563613773,4,0.29888847418900955,0,0.0,0
17383,41.6308693773451,3,4,19.99183125430415,1,0.880042153606025,0,0.0,0
17384,69.78474162991857,4,5,7.346748425854128,4,0.4993439476313956,0,0.0,0
17385,37.03125086412248,0,2,9.7784701089127,7,0.9238120878690037,0,0.0,0
17386,56.14204102471057,4,4,19.994651282364554,4,0.399761432252194,0,0.0,0
17387,16.66823471098183,4,1,12.307387067130103,6,0.5556143544131357,0,0.0,0
17388,42.49630049457305,3,4,13.277419957979655,7,0.24889834106298808,0,0.0,0
17389,66.79564170594061,3,5,15.731565775352568,7,0.9999065143408736,0,0.0,0
17390,46.48200185014628,2,6,19.143718502126777,1,1.0841510448250335,0,0.0,0
17391,34.69178070203816,3,5,0.0,2,0.6769902244471816,0,0.0,0
17392,45.35335164046027,2,2,9.897778448506141,7,0.588074170999983,0,0.0,0
17393,45.47286867592266,1,6,6.479429219936686,6,0.7645084143258543,0,0.0,0
17394,45.53163958093969,4,1,13.542691092605022,3,1.000395548967571,0,0.0,0
17395,54.062364104899736,1,6,14.331782133989678,7,0.9998176906526424,0,0.0,0
17396,63.00600544960404,3,4,14.00593439894754,7,1.1282112980136074,0,0.0,0
17397,42.86157375369972,4,3,12.981455707098657,6,0.9996729846217087,0,0.0,0
17398,44.01636880639909,3,1,20.001839758554226,3,0.014110453376599885,0,0.0,0
17399,24.212374636016307,4,6,23.89691148890967,2,0.751916327811367,0,0.0,0
17400,32.70657889457987,3,1,6.756864655995173,2,0.28263905291382924,0,0.0,0
17401,58.115749514885486,4,4,21.215959051868936,1,0.08662746506312402,0,0.0,0
17402,33.049678161432915,3,2,10.454253404519735,1,0.46015954338215714,0,0.0,0
17403,72.20664358352592,2,3,0.0,7,0.8126567643178663,0,0.0,0
17404,37.245454006123495,4,5,3.1877613672408023,1,0.08633317638266391,0,0.0,0
17405,37.03851843342101,1,1,4.324320919281503,7,0.431221247233405,0,0.0,0
17406,48.86583484712979,2,3,26.644206645382635,2,1.0001280423557712,0,0.0,0
17407,37.71501618758606,3,1,15.654329153539349,7,0.999978024982259,0,0.0,0
17408,58.09160029336731,3,6,13.41347545072879,6,0.33359503971709475,0,0.0,0
17409,54.92138995349275,3,7,9.692505434323811,2,0.44830493775845154,1,15557.093700134772,1
17410,30.776569601218768,6,2,5.48827116321329,1,0.6673764711194647,0,0.0,0
17411,52.36682985887109,2,5,16.781372610430857,2,0.5033199922022165,0,0.0,0
17412,41.41789901665935,2,6,15.99099463756854,7,1.0000742559511486,0,0.0,0
17413,33.079255805814284,3,3,16.879290752292153,4,1.0003317647542813,0,0.0,0
17414,49.03150229728919,3,4,16.86981082279441,7,1.0006857611263633,0,0.0,0
17415,57.71708892501792,3,2,19.329691018901975,5,0.9997067812528415,0,0.0,0
17416,42.70803261472004,3,1,3.447021321329297,1,0.31681303954521595,0,0.0,0
17417,51.41153606888152,3,1,11.799898376922812,7,0.9997834856766379,0,0.0,0
17418,37.88574790378869,2,2,13.481348508125578,4,0.9291100562938466,0,0.0,0
17419,61.84919456942077,3,6,13.17325293383207,7,1.0411101307335713,0,0.0,0
17420,22.42574127638823,1,3,3.8363797516774865,2,0.6291830767207375,0,0.0,0
17421,18.212847296835633,4,1,1.7696899605766152,3,0.16701385735542396,0,0.0,0
17422,32.63236965555774,3,6,14.21036357892573,4,0.28962552517829626,0,0.0,0
17423,34.75435142433554,5,3,11.550967035079946,1,0.5840746366621294,0,0.0,0
17424,49.813992471981685,1,3,9.442023038894549,1,1.0003594474071413,0,0.0,0
17425,28.259692103362703,2,7,1.5596558751265004,5,0.0,0,0.0,0
17426,48.26479246971549,3,3,20.000336760672013,2,0.3283083374962707,0,0.0,0
17427,58.513442081693384,1,2,0.0,6,0.6084478805642337,0,0.0,0
17428,41.05083059044086,2,3,18.313194389794212,1,0.0,0,0.0,0
17429,44.25694360906157,6,3,16.0133670701938,7,0.6688643929241957,0,0.0,0
17430,66.39693659808262,4,1,11.955403761084385,2,0.21336490861087154,0,0.0,0
17431,53.644233579958424,4,6,17.721368901662547,1,1.000026810540555,0,0.0,0
17432,33.05903134134314,4,5,4.1628344885938375,7,0.9996526440069256,0,0.0,0
17433,19.522744052604597,3,4,19.55651239883776,3,0.9727400062847046,0,0.0,0
17434,12.569707414746954,3,7,12.776321258852633,2,1.000590699223356,0,0.0,0
17435,55.88535970712992,2,6,4.6639166809486685,3,0.32039318132312744,0,0.0,0
17436,33.40474957424905,2,6,18.705280722034693,5,1.0002921438585366,0,0.0,0
17437,58.74924180294131,4,2,13.740673811737391,7,0.9998904024896437,0,0.0,0
17438,40.91137404926765,1,1,19.990577935474718,2,0.07642654298747098,0,0.0,0
17439,52.17536069568368,5,2,9.560133085071225,1,0.46440326769069445,0,0.0,0
17440,47.8520854797955,1,3,5.019909533821749,7,0.9999009806720585,0,0.0,0
17441,62.4232943082795,5,5,17.25339801061908,1,0.7716661164088419,0,0.0,0
17442,25.843787817916514,2,3,0.0,3,0.5994093378203263,0,0.0,0
17443,43.46240609296487,4,2,9.081994276173354,7,0.9998742903916404,0,0.0,0
17444,34.30194515299745,3,3,14.905902709267563,2,1.0000466658736316,0,0.0,0
17445,60.274907028730766,1,3,7.210073229260127,7,1.0002801900394296,0,0.0,0
17446,61.70688009503739,6,3,16.191978282486808,1,0.8641675482967616,0,0.0,0
17447,56.31285137006373,2,6,18.84255066338626,1,1.010194981558005,0,0.0,0
17448,36.85951566721825,5,2,4.530065018456129,1,0.032729622186444596,0,0.0,0
17449,47.71501898355351,3,3,11.610348464984906,5,0.9690635480427681,0,0.0,0
17450,45.341778769312796,3,2,19.957500743044257,7,1.0000618846448026,0,0.0,0
17451,50.98892733161622,6,3,18.848420539024744,1,0.13373905537016184,0,0.0,0
17452,22.048054425454342,3,6,15.188438728722016,3,0.15443707171478505,0,0.0,0
17453,46.82683647153517,3,6,27.636858630043747,3,1.000413421843537,0,0.0,0
17454,61.86838262405917,3,3,19.999578035887417,6,0.8471880680570394,0,0.0,0
17455,53.703456761836705,0,6,9.330236297468582,7,1.000342712741045,0,0.0,0
17456,49.55436245506128,3,3,17.76631362946833,4,0.18932274995614545,0,0.0,0
17457,35.86615446166907,5,3,7.0801598153380425,0,0.39788611594837026,0,0.0,0
17458,20.176553440815994,3,3,0.0,7,0.9752214870813005,0,0.0,0
17459,54.18486596301619,3,4,13.840015653794776,7,1.0001980529445957,0,0.0,0
17460,32.30577275828835,3,6,8.89470769286625,1,1.0341062300177049,0,0.0,0
17461,33.853574579647045,4,4,10.651884031176657,1,0.09021653028712417,0,0.0,0
17462,31.02387795625629,3,2,8.802345796966566,7,0.0,0,0.0,0
17463,61.99000201525303,3,4,20.00110279426122,5,0.9998641837806457,0,0.0,0
17464,28.507000945908715,3,3,0.0,3,0.44087348967874146,0,0.0,0
17465,33.59115652427191,4,1,10.634187432359216,3,0.3088194575950841,0,0.0,0
17466,51.70037190320926,4,3,7.603322393747844,4,1.0005620491831093,0,0.0,0
17467,36.10911773039985,2,1,7.687462620588335,7,0.3765315762618449,0,0.0,0
17468,37.672577123692896,2,6,14.344779790278785,7,1.0007020844489625,0,0.0,0
17469,61.94664673354234,3,4,19.990775658626642,3,0.9995555939127776,0,0.0,0
17470,42.563995039666224,6,3,1.7333525045663851,7,0.9998487074767491,0,0.0,0
17471,37.233313948619646,2,5,22.562847909981627,1,0.9511665541985999,0,0.0,0
17472,40.51810884618421,4,1,4.096029060494839,0,0.36338825963950433,0,0.0,0
17473,48.21344359013827,3,1,7.478319204065974,7,1.0000287761470203,0,0.0,0
17474,33.309438201884774,0,6,6.987777618209163,7,0.3878995166984315,0,0.0,0
17475,20.373306311958768,0,6,12.36573651928653,1,0.9952730008023634,0,0.0,0
17476,66.62235361934356,3,6,10.578867430246428,7,0.6407399801514018,0,0.0,0
17477,34.08380192668935,0,1,15.630624019763019,7,0.2180652320896861,0,0.0,0
17478,50.392499418152916,0,6,4.902183036971362,7,0.9999175876595288,0,0.0,0
17479,66.17552333861354,3,3,14.642835532239873,1,0.38572059776712353,0,0.0,0
17480,44.53423412875007,2,1,6.518338105478773,2,0.93231562903583,0,0.0,0
17481,36.5662961822377,3,6,6.941656501465907,7,1.000109033782746,0,0.0,0
17482,45.610530298430035,3,5,11.622945367475795,3,0.5009438873417013,0,0.0,0
17483,57.7871318909902,1,3,4.746917714152797,1,0.0,0,0.0,0
17484,37.417406861815465,2,4,10.70359849025883,1,0.9893767144363341,0,0.0,0
17485,46.66628490935291,3,0,0.0,0,0.0,0,0.0,0
17486,39.90649647227734,1,4,20.002650642580477,7,0.9996216987211196,0,0.0,0
17487,29.289037467527475,3,2,8.178800049507547,1,0.9444708817090925,0,0.0,0
17488,51.01276106404364,4,2,15.324433905068666,1,0.9992202182031021,0,0.0,0
17489,41.43602589692809,4,2,20.007935402984195,7,0.9287017094310684,0,0.0,0
17490,56.296151389576224,3,5,12.632350054500922,7,0.9999434492762791,0,0.0,0
17491,41.278306951817854,6,5,2.9938736731561733,7,0.9998546956303567,0,0.0,0
17492,51.240737082282735,4,3,14.293959739188598,7,1.0002806493386163,0,0.0,0
17493,51.186764670044155,3,6,10.093881541141565,6,0.5881995675643453,0,0.0,0
17494,62.42849947996804,3,4,19.995461940489072,3,0.49765486625477895,0,0.0,0
17495,40.791115219123114,3,4,19.99690054302846,1,1.3084182183279474,0,0.0,0
17496,58.11563672324022,3,4,19.99529651684295,4,1.000168156195853,0,0.0,0
17497,43.584645572148496,3,3,3.994789165246112,4,0.9997965309573028,0,0.0,0
17498,38.68993555613099,3,1,3.7527314243254706,4,0.4961320381785531,0,0.0,0
17499,68.7395911600999,3,3,1.6037444873528663,4,0.5001419041013722,0,0.0,0
17500,51.57051000831119,2,6,10.653678711736386,3,0.39544861684294463,0,0.0,0
17501,59.05786061762092,4,4,19.991907680651863,7,1.1214452216818827,0,0.0,0
17502,38.89989916845195,4,4,9.739514870989716,6,0.9996585123090939,0,0.0,0
17503,40.61609218847657,4,2,15.174766868651151,6,0.479425382074517,0,0.0,0
17504,44.86299359583059,0,1,14.632223790047012,4,0.30588133855375127,0,0.0,0
17505,46.131697694457635,2,4,9.682061903532782,1,0.9771387592438424,0,0.0,0
17506,52.40314074603717,3,2,16.610030020227107,2,0.9997052972456331,0,0.0,0
17507,43.67179203865138,4,3,14.264521836333595,7,1.0002802029368112,0,0.0,0
17508,25.84506203501461,2,5,6.998951607911904,6,0.026060892001887548,0,0.0,0
17509,75.69488447258976,2,3,22.63941881273137,4,0.5036962321772532,0,0.0,0
17510,49.490617457997786,2,4,18.463348018908228,3,0.382811039439456,0,0.0,0
17511,36.9418919773955,3,2,11.138411032463948,7,0.9998545442131803,0,0.0,0
17512,31.678193619587326,3,5,1.6089758331170287,3,0.7985431663862999,0,0.0,0
17513,49.889936020852915,2,2,10.966722850725047,5,0.5062137660825348,0,0.0,0
17514,43.79155730782445,2,1,16.41451754121844,1,0.33939212302404065,0,0.0,0
17515,52.8905388849425,5,1,5.1911636824224034,7,0.9860616624655656,0,0.0,0
17516,30.30028597427451,3,3,10.62672763274618,4,0.4834408373180409,0,0.0,0
17517,55.61291113246298,4,3,6.564858049755747,7,0.9998286439029467,0,0.0,0
17518,44.71474662356821,4,6,5.5933317793938,6,0.6347737411128556,0,0.0,0
17519,38.24176355070379,2,2,11.798132831610877,5,0.2865716543395332,0,0.0,0
17520,36.48388868819382,3,6,16.59697963454267,2,0.7552965076559519,0,0.0,0
17521,29.61818237347401,2,1,14.36740952338654,1,0.10471059444676145,0,0.0,0
17522,17.958455953504185,1,4,7.093753120358431,2,0.9997397973969061,0,0.0,0
17523,35.3828694674537,3,4,26.909501846114672,4,0.5692884982219352,0,0.0,0
17524,50.96024674380721,3,5,12.977091314683472,2,0.3082568048830029,0,0.0,0
17525,67.98933690997247,5,6,16.057549171792257,5,0.7400642101072608,0,0.0,0
17526,45.89294626730214,3,6,9.887281913064257,3,0.464549690935643,0,0.0,0
17527,41.69864138253258,3,6,3.3820766127045587,7,0.9999474793907543,0,0.0,0
17528,65.96788791871708,2,2,0.03685053151545503,7,0.7364833690353497,0,0.0,0
17529,35.99699246695435,3,4,12.201541798303461,7,0.36945715227603354,0,0.0,0
17530,57.351886994370005,0,4,20.00607316614011,7,1.0001349836655633,0,0.0,0
17531,39.486950407392555,3,1,11.750025111832786,7,0.9993349932762163,0,0.0,0
17532,35.06792715858159,2,6,9.953917219635974,6,0.49837544188514293,0,0.0,0
17533,61.28300019878551,3,6,12.703873724553905,4,0.49308598249652913,0,0.0,0
17534,47.1562141139792,3,2,11.30616865788273,5,0.04059874375747052,0,0.0,0
17535,50.25944051010239,5,3,8.231152557386228,2,0.2384918463570569,0,0.0,0
17536,38.572269447068514,3,4,12.470689923848104,4,0.22575429691048032,0,0.0,0
17537,34.776526402171356,5,3,5.683932781410187,1,0.9996702925242931,0,0.0,0
17538,21.923666828896284,4,4,19.995892603105183,1,0.23960400159308148,0,0.0,0
17539,60.65458165799603,4,1,20.010008088602873,2,0.7303316830837591,0,0.0,0
17540,42.13647175815655,3,4,20.005783869865404,1,0.9657892629796392,0,0.0,0
17541,52.85287302496618,4,6,13.687986968948344,3,1.0000594121266935,0,0.0,0
17542,48.42322615998208,3,1,8.404180137363038,4,0.5159570879476416,0,0.0,0
17543,35.74194577335538,4,1,3.859898190310923,5,0.9999298295646127,0,0.0,0
17544,35.78711604318255,2,1,11.143516366543876,2,0.5026330167642505,0,0.0,0
17545,28.167546675968254,4,7,2.613146773078409,9,0.0004912619433194987,0,0.0,0
17546,48.79291055588239,3,3,20.001509557521814,3,0.6263921040599041,0,0.0,0
17547,48.36812410280953,5,3,10.968950122949243,7,0.999777637269887,0,0.0,0
17548,45.26017779418903,3,2,9.549938622234,6,1.0002750044264372,0,0.0,0
17549,39.256074650378345,5,2,7.315856712940604,7,0.48533780848945907,0,0.0,0
17550,60.41605296926451,2,1,15.074506376847214,3,0.05510388749722295,0,0.0,0
17551,62.27158834985174,5,6,5.981916606610938,7,0.999531801748487,0,0.0,0
17552,21.853760319020385,3,3,5.220667424483853,1,0.7206108782369276,0,0.0,0
17553,40.86653155719015,4,3,19.989945150144614,7,0.959971724436081,0,0.0,0
17554,41.53920016956537,3,6,9.925408238231475,6,0.6890237837294181,0,0.0,0
17555,47.62070382405291,2,2,0.0,7,0.9998602123681772,0,0.0,0
17556,25.660886477979606,2,2,0.8756281593213711,6,0.07021751995270265,0,0.0,0
17557,47.347184782376004,1,2,13.43407403886557,7,0.5191988883169095,0,0.0,0
17558,41.99434291700323,2,3,19.98830866912664,1,0.20672262243331851,0,0.0,0
17559,64.72405959817817,4,3,0.0,3,0.999694214249744,0,0.0,0
17560,42.758835012487474,3,4,19.98721153366966,2,0.9997441325861458,0,0.0,0
17561,23.286296090230433,3,4,12.92452888078294,1,0.9997286561813545,0,0.0,0
17562,55.02341360677458,4,1,14.636095424807687,1,0.9998648421144165,0,0.0,0
17563,39.97012277699787,3,3,17.12635973622818,2,0.9996614343747504,0,0.0,0
17564,38.79433437460112,4,3,11.123643754068043,4,0.4381636655576757,0,0.0,0
17565,39.63520827319944,4,4,19.99587997502039,7,0.0,0,0.0,0
17566,45.54709709132619,1,5,0.0,5,0.7496383691676352,0,0.0,0
17567,45.6199103410538,2,6,10.360811136369499,7,1.0000999832749862,0,0.0,0
17568,56.77295018717822,6,4,4.250047155890083,4,0.5032421476415547,0,0.0,0
17569,48.177867707509634,4,6,2.0199947378595873,7,0.9306591987727186,0,0.0,0
17570,46.15772685825481,5,6,13.38361199568363,1,1.0007626895566801,0,0.0,0
17571,51.26190032297055,2,2,16.683135590507533,7,1.0002387860466861,0,0.0,0
17572,60.51193431501531,4,3,11.034505719482137,5,0.6142453725189491,0,0.0,0
17573,36.143785839284895,1,1,21.57529984811577,7,0.466725421917807,0,0.0,0
17574,34.14837535536815,4,4,14.173419584119058,1,0.4957302274458648,0,0.0,0
17575,51.34933419677969,2,1,16.690375093027583,3,0.3238355902573889,0,0.0,0
17576,41.46319903536479,5,3,12.814025715628965,3,0.9770957052207919,0,0.0,0
17577,36.68217322429766,2,4,11.248796752487468,7,0.9999339027888194,0,0.0,0
17578,58.62060162642915,3,6,18.14989044321008,6,0.818256711931628,0,0.0,0
17579,37.72205947198421,1,6,14.277638189708203,3,0.08463450972514908,0,0.0,0
17580,48.234308961338506,1,2,17.1693585042618,2,0.9723850350288294,0,0.0,0
17581,33.84439359285826,3,5,12.479875595828423,3,1.0001704205295483,0,0.0,0
17582,30.05327150724016,2,3,7.6527882850585005,3,0.49738968492164215,0,0.0,0
17583,46.57445153408432,4,3,2.142153638467823,2,0.7793406943169195,0,0.0,0
17584,43.32151140225606,5,4,13.910422118024597,1,0.22013642625711383,0,0.0,0
17585,55.1456891902162,3,6,18.14826185710743,7,0.9999815028848137,0,0.0,0
17586,24.605346095239096,2,2,16.75586688330525,5,0.525487747608633,0,0.0,0
17587,45.88674729841621,4,3,12.439353119311233,7,1.0001084580172668,0,0.0,0
17588,36.58689972687953,3,6,20.493867794792113,5,0.9999174399330691,0,0.0,0
17589,31.117389657959023,2,3,17.923703354784063,3,1.0000866433732944,0,0.0,0
17590,38.25868937627457,4,4,19.991744823575303,1,0.5943280526759563,0,0.0,0
17591,44.68799496094371,2,3,12.904532462951078,4,0.4991847214279531,0,0.0,0
17592,22.389322346116288,2,6,14.381213141709118,7,1.0727342853227322,0,0.0,0
17593,53.29561024999985,1,3,11.980567857344345,4,1.0004779469734904,0,0.0,0
17594,55.936867283712616,3,6,21.219175160718798,1,1.0001815732206984,0,0.0,0
17595,46.1752640262109,3,4,20.007074122268804,7,0.5984120354277463,0,0.0,0
17596,47.87727884332383,3,3,2.12390175968587,1,0.6238567497395501,0,0.0,0
17597,28.614575492724008,4,4,4.633009603288183,1,1.0093117793314634,0,0.0,0
17598,60.9872857463961,2,1,16.481082344138265,6,1.00009680348281,0,0.0,0
17599,49.77756416579408,3,5,19.999173153010982,1,0.19428203649396547,0,0.0,0
17600,40.27897391340993,3,6,7.7129578611848375,7,1.0004581744309562,0,0.0,0
17601,45.97389590931781,4,3,6.139070339736583,7,1.0001217195581655,0,0.0,0
17602,36.49931091692706,5,3,9.378211948905316,1,0.0,0,0.0,0
17603,31.908972549299186,4,6,15.154614290673116,1,0.430490250626539,0,0.0,0
17604,42.56950907633646,4,2,7.534366892245747,2,0.5858902234257778,0,0.0,0
17605,17.79029656600727,4,4,6.202384054537799,2,1.0000023258248376,0,0.0,0
17606,49.88657112795944,4,5,15.522858171205279,7,1.0000550483557455,0,0.0,0
17607,42.419897597353206,7,2,7.077876763909136,7,0.8095320942840191,0,0.0,0
17608,24.010310771289177,1,0,10.876447211638975,1,0.7933208328552351,0,0.0,0
17609,39.70456268457741,4,2,8.345805674455432,6,0.7819001821367438,0,0.0,0
17610,55.250361965557886,3,1,20.007564257337506,0,0.10366693365489366,0,0.0,0
17611,21.135637600514908,5,1,20.004867454817514,3,0.4695865800925496,0,0.0,0
17612,42.98597613710734,3,4,19.997798178796728,1,0.263153188489956,0,0.0,0
17613,57.347673411046344,3,4,16.99067143599751,7,0.0,0,0.0,0
17614,48.54504345580284,4,5,12.920109800264441,1,0.4802116626951099,0,0.0,0
17615,34.56315996132414,3,2,13.111022966896627,6,0.9998735795237825,0,0.0,0
17616,61.709868642614886,3,3,18.086160341031427,2,1.0003189850369836,0,0.0,0
17617,46.48440601852579,3,3,20.00772686986832,0,0.9025412044784232,0,0.0,0
17618,61.49620944905055,2,3,4.2359216835599245,5,0.5018565421129769,0,0.0,0
17619,51.86065052270401,4,5,9.511099244628362,3,0.16719702510880785,0,0.0,0
17620,55.94880605377151,3,3,3.4685637680596404,1,0.9678731695636623,0,0.0,0
17621,69.79486844914786,2,4,5.20333457167435,1,0.6267200763841257,0,0.0,0
17622,55.805958984721755,3,4,9.481675937142887,4,1.00012613317057,0,0.0,0
17623,49.65420574937577,1,3,14.885014209382678,7,0.9998947364016576,0,0.0,0
17624,42.367889822969225,4,5,4.766970119063604,6,0.23984600195067196,0,0.0,0
17625,27.45363515352551,5,6,1.3271143741417433,2,0.19705747206801227,0,0.0,0
17626,55.5597905471027,4,6,8.587952775107116,4,0.01884300538076311,0,0.0,0
17627,49.337211923215115,0,3,17.048376751266417,7,1.0003478778459258,0,0.0,0
17628,41.475422876779426,5,1,14.148868434614268,4,0.7059698184548117,0,0.0,0
17629,26.108756548112282,3,4,8.419859666270995,5,0.9363863018401938,0,0.0,0
17630,59.18676488624688,3,5,9.061294733202075,1,0.25335233505725324,0,0.0,0
17631,49.44255168619966,2,5,14.48564413208552,6,0.3670876847523066,0,0.0,0
17632,42.93377924192391,3,4,10.721854738725185,7,0.869700534168755,0,0.0,0
17633,46.48172348025817,3,5,12.050599824145905,7,0.9997782779925483,0,0.0,0
17634,56.859737570001634,5,3,20.001677033953317,1,0.7656649615078015,0,0.0,0
17635,42.95126739035386,3,5,19.108389739238586,3,0.5036341452877877,0,0.0,0
17636,40.017975677045655,3,6,12.828217357454626,1,1.0001276195648034,0,0.0,0
17637,43.20590742614955,4,6,10.281971995147808,7,0.9998410130450912,0,0.0,0
17638,46.93957301340502,4,2,10.715036395966692,6,1.1636239802547836,0,0.0,0
17639,36.15718266585779,2,4,9.849176632833442,1,1.0285882648933418,0,0.0,0
17640,47.96109230159318,3,1,15.364111892695055,0,0.9997924636308033,0,0.0,0
17641,37.497233450911025,3,4,14.407081937136883,2,0.4072915265655368,0,0.0,0
17642,53.93676963396492,3,3,22.28508243682137,2,0.9999703431763363,0,0.0,0
17643,46.20172472189831,2,3,12.5165595759536,3,0.9997015285154127,0,0.0,0
17644,52.36871694478459,4,2,17.24713142513537,5,0.9692931739995403,0,0.0,0
17645,47.382643766190306,4,3,9.861870374979587,3,1.0000800928849753,0,0.0,0
17646,50.783135515492226,5,6,9.004875309431922,0,0.5890040279636889,0,0.0,0
17647,42.74759544217168,3,4,19.99932624618049,1,1.1528245368443595,0,0.0,0
17648,30.56261324861474,2,1,5.734074444215578,3,0.498106469445172,0,0.0,0
17649,32.38977339906856,2,1,20.003279745949627,3,0.4217137939930954,0,0.0,0
17650,31.2726539333902,4,5,19.99786150893923,1,0.6467008040424602,0,0.0,0
17651,22.38366759849244,2,2,10.390975723365889,5,0.10691246306757618,0,0.0,0
17652,38.5226153085989,2,1,15.121993878069173,3,0.4886501324692043,0,0.0,0
17653,60.924904610830836,5,1,12.042086155644503,2,0.301428904332467,0,0.0,0
17654,53.62404654947832,2,6,17.288027539240566,3,0.17713466576535164,0,0.0,0
17655,48.728711898809614,4,1,0.0,6,0.9998951039712172,0,0.0,0
17656,40.42896109358126,1,4,19.99600934619869,1,1.0000372007618747,0,0.0,0
17657,61.02837152163611,2,6,4.278126385020654,1,0.09416534137054022,1,15143.014478341798,1
17658,42.23517932509676,4,6,15.553908997037091,1,0.9334449461437373,0,0.0,0
17659,29.30805410173091,3,6,11.281456231038632,2,0.34835843958629953,0,0.0,0
17660,35.828682766107086,3,2,11.460532770495703,6,0.38771417239216,0,0.0,0
17661,26.45526261801271,4,3,4.46495760926243,1,1.0083257911380015,0,0.0,0
17662,47.21145642570002,3,1,12.6158009134819,7,0.9995799744203154,0,0.0,0
17663,29.831383935337612,1,4,10.684675705650516,8,0.6794293236851348,0,0.0,0
17664,41.855752408013025,3,6,7.605075942018049,0,0.2627758406765655,0,0.0,0
17665,46.076878297447344,3,4,19.99475944276464,1,1.0001310905585816,0,0.0,0
17666,28.949283460469168,1,5,2.550494468562846,4,0.23608514311772805,0,0.0,0
17667,54.95076771562978,4,3,9.403146414989905,3,0.3986915976441774,0,0.0,0
17668,64.68871427926351,3,1,18.54670225108069,3,0.051608400568351476,0,0.0,0
17669,36.68538867732087,3,3,9.36912834468541,2,0.5946936088910928,0,0.0,0
17670,22.369237942968354,1,2,3.0089054306314953,7,1.000797702190935,0,0.0,0
17671,36.25251120486985,2,4,12.232091208281275,3,0.5801754543043033,0,0.0,0
17672,42.24847308687058,5,4,20.00838056166382,5,1.0001929692896647,0,0.0,0
17673,43.17713238914901,4,6,14.142521432532066,7,0.9997995543119891,0,0.0,0
17674,31.67859673077704,1,6,14.02198760430822,2,0.36068118178222675,0,0.0,0
17675,66.36651554735091,2,1,14.515611231134717,4,0.0043621233383789315,0,0.0,0
17676,27.24195856514808,2,1,2.8103247195700103,7,0.3390300685149152,0,0.0,0
17677,43.90819325617738,3,3,17.90641268308707,1,0.9139488025559325,0,0.0,0
17678,53.10057593861519,4,3,6.826835912430672,2,0.6217835407390768,0,0.0,0
17679,26.409667070605302,5,7,7.0820227548986106,3,0.02776427377933799,0,0.0,0
17680,43.18602857040282,3,3,10.85942228233158,7,0.9995251172274536,0,0.0,0
17681,52.85869454345638,4,6,16.079952254472165,1,1.0156620923708632,0,0.0,0
17682,38.29443958084209,1,1,19.995273292422908,2,0.7574356322450195,0,0.0,0
17683,48.01369606131824,4,3,15.731808771828174,7,1.000466872552993,0,0.0,0
17684,40.864267592485334,3,2,16.279402469681283,7,1.0000089740445575,0,0.0,0
17685,19.77523089638354,1,6,26.865994141074484,6,0.2922530729550461,0,0.0,0
17686,29.252213200644285,2,2,7.490405961215404,5,0.5117872763248957,0,0.0,0
17687,48.907762281420176,3,3,12.999625221902981,4,0.5015444030700139,0,0.0,0
17688,43.15060591602433,3,4,19.32895391816602,1,0.999913300845479,0,0.0,0
17689,41.54429236070443,2,3,0.9274104979331028,5,0.2868565684778785,0,0.0,0
17690,35.60494561521018,2,1,1.3751171901809975,7,0.0,0,0.0,0
17691,51.10756405299183,3,5,0.0,1,1.0393820682741808,0,0.0,0
17692,63.28266915385957,3,3,10.056250761471409,4,0.4875305724333308,0,0.0,0
17693,47.890845495174354,2,2,9.012444683202652,6,0.9995583771590283,0,0.0,0
17694,53.604444911268395,4,1,19.998826681446694,3,0.12384622754376762,0,0.0,0
17695,76.60928824596286,2,5,5.609209242242979,1,0.9785229684900478,0,0.0,0
17696,45.10647200735839,3,0,17.222162931269423,1,1.0002320436476184,0,0.0,0
17697,24.10804504165736,2,6,5.521103734212428,3,0.259156888639379,0,0.0,0
17698,51.25806696017919,4,1,14.264329442291086,6,0.7862227825364934,0,0.0,0
17699,44.04254898593805,4,3,4.195027186338239,2,0.260751322711796,0,0.0,0
17700,23.899286910381434,6,2,9.27163802282985,3,0.2922702842477241,0,0.0,0
17701,34.59844058573139,3,6,17.83925768183309,2,0.9314044538783157,0,0.0,0
17702,45.56540000040812,3,2,0.0,7,0.30141843450412736,0,0.0,0
17703,40.48642067148042,4,3,5.679992356922401,7,1.000156751677341,0,0.0,0
17704,46.66318386457108,0,2,4.888427488032162,7,0.0,0,0.0,0
17705,26.285800030075247,6,1,3.890543432560423,2,0.2822927810724417,0,0.0,0
17706,41.09031415175351,2,3,4.74961167556798,7,0.9999530524281208,0,0.0,0
17707,25.464618892738038,1,6,18.449472058299577,1,0.8694710680079212,0,0.0,0
17708,62.62371271166179,5,6,20.668255553768084,7,0.9999329090687079,0,0.0,0
17709,19.940850368465654,3,4,2.8970226133830543,0,0.3481496349945121,0,0.0,0
17710,32.16116744125955,3,4,20.0074230164999,7,0.9995954834220531,0,0.0,0
17711,22.1949549101297,3,1,5.632940559257936,2,0.3892556738221132,0,0.0,0
17712,51.47970810128732,2,3,14.149357194512701,6,0.5009299937398789,0,0.0,0
17713,47.81438998767073,0,3,10.644293035409653,2,0.5013379174697032,0,0.0,0
17714,37.696179697338884,5,6,12.264210370972748,6,0.12710970277959233,0,0.0,0
17715,34.88075279384649,4,1,2.831182923093966,4,0.28300025894594427,0,0.0,0
17716,26.842330991570904,2,1,16.1889145164823,5,0.9999293444412026,0,0.0,0
17717,40.28626887481932,5,5,18.902411365999495,1,0.5713562867150344,0,0.0,0
17718,53.8705259310898,2,2,15.321363759584901,1,1.0832829334933776,0,0.0,0
17719,70.60506050516443,4,3,4.759522715571538,0,0.4968919387420314,0,0.0,0
17720,47.33982727601255,0,3,13.449926768330812,2,1.0003108964419096,0,0.0,0
17721,37.007748430620175,3,5,3.104457483685154,7,0.9996313486047101,0,0.0,0
17722,33.44027728803034,4,3,12.499506044618176,7,0.999941914339951,0,0.0,0
17723,51.69708876717651,3,1,8.977475771972694,4,1.0003933125028395,0,0.0,0
17724,44.31494443860795,3,3,16.768862582986877,2,0.9999416713666912,0,0.0,0
17725,61.43307711043737,4,3,11.375667907146017,1,0.5021472301799316,0,0.0,0
17726,51.138248676437826,0,1,11.566481214935212,4,0.6613807356902311,0,0.0,0
17727,47.769480535352756,4,2,11.135793523802736,6,0.4442115894062465,0,0.0,0
17728,44.53160213035759,1,4,24.38280080122717,1,0.9715912002071484,0,0.0,0
17729,45.25629092562847,5,3,4.797555293051022,7,1.0000163000826396,0,0.0,0
17730,56.33414954195698,4,4,11.411043307476044,3,0.25222866390075604,0,0.0,0
17731,38.504258099168624,3,5,18.47337378857393,4,0.9998109025012326,0,0.0,0
17732,37.02086622340574,1,6,13.936609630658634,7,0.6677217571145506,0,0.0,0
17733,54.689190089016066,2,6,21.694495436303356,7,0.9995197670865811,0,0.0,0
17734,23.42171292078769,3,3,12.225648913110739,6,0.28778893927411053,0,0.0,0
17735,34.976410386504014,4,3,20.974828608601896,3,1.0003052976505413,0,0.0,0
17736,17.42295469944814,3,7,1.9046529293851027,1,0.5412395456179562,0,0.0,0
17737,48.3477023217498,3,1,2.71655448723455,7,1.0004223396300669,0,0.0,0
17738,37.81691991301013,4,1,8.481739193920054,2,0.18091087060756994,0,0.0,0
17739,50.81516296920313,3,1,13.184978978119663,1,0.49415091396912336,0,0.0,0
17740,40.98590323557572,3,3,20.003959903822935,6,0.7608948165747762,0,0.0,0
17741,34.10920124589964,1,1,10.99609734633118,0,0.41065954855861786,0,0.0,0
17742,45.01497061122019,3,1,9.885286900699672,7,0.9319632499168979,0,0.0,0
17743,51.155482162672826,2,3,3.8917619401291814,5,0.9020481749564453,0,0.0,0
17744,56.29917592471753,3,5,12.865801540055209,7,0.9999994197460953,0,0.0,0
17745,50.69297496046467,2,3,16.938140229482226,7,1.0004572206066071,0,0.0,0
17746,37.440839959165054,2,6,13.385879797037315,4,0.3628301724895707,0,0.0,0
17747,26.13999532912142,4,2,16.46576470906551,4,0.6700227620207581,0,0.0,0
17748,37.511442437419426,4,6,8.07226184174068,7,0.9999847556164108,0,0.0,0
17749,69.27896220336918,3,6,15.417840496831744,2,1.000406961104078,0,0.0,0
17750,42.38412347230105,3,2,15.717766293145838,5,1.0006170198540276,0,0.0,0
17751,62.70917066996401,2,3,0.0,2,1.0003166519737414,0,0.0,0
17752,32.22739864062168,3,4,20.00161961573913,2,1.0001748286237284,0,0.0,0
17753,46.95941603667071,1,5,23.073487034619433,2,0.8679559231258953,0,0.0,0
17754,45.54816547051528,3,4,11.97906534090386,1,0.9474726446603087,0,0.0,0
17755,55.10682417766451,4,4,9.734976648031925,2,0.3940121744409131,0,0.0,0
17756,33.07876694831704,3,4,15.327567157948241,2,0.9997220526227383,0,0.0,0
17757,47.17945124437642,6,3,7.22754660752792,4,0.4042105749181828,0,0.0,0
17758,46.74665938443704,3,3,1.8468277428077489,4,0.9779745490552765,0,0.0,0
17759,36.230329554893885,2,5,15.608928001407769,1,0.8527588381575463,0,0.0,0
17760,51.60763543867761,3,3,9.300043125212524,2,1.0007490758411741,0,0.0,0
17761,65.029715617043,3,3,23.049028321032974,7,1.0000614216684154,0,0.0,0
17762,52.8898734826512,3,2,18.24389828028469,5,0.26808051586716847,0,0.0,0
17763,49.202507671882564,1,3,1.024489967395441,2,0.9881152487988183,0,0.0,0
17764,31.04514369843783,1,1,9.224114309191178,6,0.7403675026490721,0,0.0,0
17765,44.86819276996949,3,3,20.077638393813693,0,0.8034388825683922,0,0.0,0
17766,38.96544223678409,1,2,14.402377884518586,7,0.6290389885416025,0,0.0,0
17767,41.625496407216815,3,6,5.515637268857804,4,0.9998349231970298,0,0.0,0
17768,31.221474208240785,2,6,7.67024731603615,1,0.8967814838333583,0,0.0,0
17769,46.58588429286327,3,6,17.618014867705703,3,0.288922344694913,0,0.0,0
17770,31.896635094879365,3,2,12.03123783875263,2,0.9998885571737328,0,0.0,0
17771,54.57413027986728,4,2,20.187647195736076,7,0.8618684875261241,0,0.0,0
17772,47.55896457716261,4,6,12.212140536155031,5,1.0000892300846371,0,0.0,0
17773,46.10652786246885,2,2,10.602846137912548,4,0.29369043650272875,0,0.0,0
17774,36.90964539017568,1,7,0.0,7,0.1615933936371282,0,0.0,0
17775,52.241840633959995,4,3,6.498130130948552,7,0.9999708357440983,0,0.0,0
17776,43.94078058845112,2,1,20.004348254506034,3,0.579400872422705,0,0.0,0
17777,42.322625079037124,4,1,14.093560827233741,1,0.75640548479966,0,0.0,0
17778,39.74904717098429,2,3,10.643377277365687,2,1.0003909276761307,0,0.0,0
17779,72.7438074675745,3,5,14.668408455117715,5,0.5044347687914593,0,0.0,0
17780,48.22452707933127,3,1,12.12653141150228,7,0.9999459454230627,0,0.0,0
17781,37.26731127686135,3,2,7.1080255569938755,5,1.0001010385222384,0,0.0,0
17782,38.09221001429843,3,5,1.8901192853424913,3,0.9999050215452909,0,0.0,0
17783,21.713913542403397,3,3,19.207995400687754,1,0.5038753492518093,0,0.0,0
17784,37.4444936856761,4,6,14.225719500901,6,0.6071742199114084,0,0.0,0
17785,34.0884827924388,0,2,15.997009998471526,1,0.2863827800453613,0,0.0,0
17786,56.341122500670096,3,3,4.282780344630882,4,0.5053542949893441,0,0.0,0
17787,29.62625247445581,2,2,9.289976041777013,7,0.6037355575504242,0,0.0,0
17788,8.399900650981493,3,4,11.774700384466314,6,0.9813153043217249,0,0.0,0
17789,47.671358419273446,2,6,13.589687952440215,4,0.5572011238648951,0,0.0,0
17790,46.23591856393069,2,5,9.811701516629622,7,0.9027055199625938,0,0.0,0
17791,37.47664993277701,3,2,9.68614410995986,4,1.0002630017668872,0,0.0,0
17792,38.82000755250133,3,2,12.08733038586054,1,0.9997090759465477,0,0.0,0
17793,44.8894607883582,3,4,6.862365191164166,2,0.9996803954853378,0,0.0,0
17794,39.73877543047629,3,3,13.435583411805315,7,0.9999236579458385,0,0.0,0
17795,55.22550390253237,2,3,2.1124173883342205,7,0.9999665773025869,0,0.0,0
17796,43.354513719779725,6,4,11.256758538514752,4,0.7464534323012761,0,0.0,0
17797,38.233620488581046,0,3,5.505160466913891,2,1.0000427621930421,0,0.0,0
17798,70.504757255431,2,5,14.100536620177266,3,0.9651955911504235,0,0.0,0
17799,34.8123559749777,2,3,5.005133926616482,1,0.6724529230112746,0,0.0,0
17800,24.234582337789394,3,3,7.739108149005275,2,0.3179455843050358,0,0.0,0
17801,27.82994707176,3,2,2.742563981995552,1,0.26330917910882695,0,0.0,0
17802,32.203514735379066,5,1,0.0,7,0.48081343524389497,0,0.0,0
17803,27.726851947169287,5,1,14.04593637817573,4,0.14168013233674648,0,0.0,0
17804,39.46840891006259,4,1,19.99781226844853,5,0.4664173072618168,0,0.0,0
17805,60.864708137106284,4,4,6.5032929163066635,7,0.6426966991902321,0,0.0,0
17806,60.49744085845316,3,1,10.127161223579416,4,1.000316789026996,0,0.0,0
17807,49.81913454322854,3,3,8.61731335036926,7,0.999422709466117,0,0.0,0
17808,37.809306271272646,1,4,0.0,7,0.47600174970789544,0,0.0,0
17809,28.647224598124854,3,3,13.443821376437944,7,0.9677700458244451,0,0.0,0
17810,41.65622392868551,4,3,8.942500783456499,7,0.43571591737892235,0,0.0,0
17811,63.90379031561268,1,5,9.637338165264142,3,0.643840134882483,0,0.0,0
17812,52.21013983948121,3,6,4.102661885484564,1,0.16316806296779107,0,0.0,0
17813,46.94955944240026,3,3,0.0,7,0.231546862218021,0,0.0,0
17814,40.31455897001503,4,6,15.083855571403255,4,0.7830036414684337,0,0.0,0
17815,45.793144450924984,3,3,9.79453525558834,2,0.49524298746397494,0,0.0,0
17816,27.040225648019643,2,1,4.635042135738828,0,0.0,0,0.0,0
17817,65.97267770138131,3,3,11.442525255227215,4,0.9998848771622126,0,0.0,0
17818,36.32182007376918,1,3,8.77115841127118,7,0.5721211049944288,0,0.0,0
17819,45.376395347154556,2,1,19.078097914594856,7,1.0000473475877918,0,0.0,0
17820,34.43937139437827,4,3,12.246267909284688,7,0.15758220652353272,0,0.0,0
17821,50.02931684395022,1,3,14.428089947273023,5,0.500366386270205,0,0.0,0
17822,47.221641389124684,4,6,20.05613146854561,1,0.2779682231685126,0,0.0,0
17823,23.679461264132602,2,1,16.482120241566083,3,0.0,0,0.0,0
17824,39.31062563325223,2,3,14.258073846720823,4,0.9997232229400417,0,0.0,0
17825,36.228581741159175,4,3,10.376381506464918,7,1.000015082378873,0,0.0,0
17826,44.24401839735214,6,3,13.160520895930052,2,0.27605940817301705,0,0.0,0
17827,25.430261428679145,1,5,16.61847729653282,3,0.964595349577072,0,0.0,0
17828,54.59525234828088,3,4,19.997913323716716,7,0.9996947328441257,0,0.0,0
17829,30.827459779142657,4,6,12.272252374698532,6,0.4036250266077141,0,0.0,0
17830,51.25915550103254,4,3,11.808297631472248,3,1.000579873616669,0,0.0,0
17831,50.34332580511486,3,4,20.000206406629786,1,0.6870869153952442,0,0.0,0
17832,42.82853121959028,4,1,7.151434055680394,7,1.000381744182485,0,0.0,0
17833,45.12509824517782,2,6,12.478053883794757,7,0.2644214533810192,0,0.0,0
17834,45.88050867434166,1,4,4.841989793906282,7,0.9996873737141958,0,0.0,0
17835,58.586272730494045,3,6,15.61959172614608,5,0.9965609464440174,0,0.0,0
17836,36.94112671568799,4,1,8.477539812476353,0,0.999622356910657,0,0.0,0
17837,42.81719972808851,3,2,0.0,7,0.9998064753502626,0,0.0,0
17838,48.27752219952039,5,3,0.0,4,0.3296725129777169,0,0.0,0
17839,61.681377296326104,2,1,12.064104473490115,7,0.988313229296829,0,0.0,0
17840,46.39206184063072,3,3,10.684144272781277,5,0.5258604165165582,0,0.0,0
17841,45.412539410305655,4,6,16.92909614081288,2,0.7333283393587742,0,0.0,0
17842,44.08526671764682,4,6,11.244418251574986,7,1.0001531842894988,0,0.0,0
17843,46.162615739466744,2,2,4.817877798728949,7,1.0004185231186271,0,0.0,0
17844,70.14735792680827,3,3,19.986694213475673,4,0.6034038519266337,0,0.0,0
17845,50.31383299942633,5,3,11.201317546008633,7,1.0003368486927948,0,0.0,0
17846,72.77072856348714,3,3,11.88978327899561,3,0.5049806229489531,0,0.0,0
17847,48.73100502464,3,3,12.284848479666056,4,1.0002541551719644,0,0.0,0
17848,48.43790763571658,2,5,3.5504725641099535,1,0.5374791782926986,0,0.0,0
17849,39.184020715060484,3,3,9.881158266914248,4,0.22219263919252735,0,0.0,0
17850,32.13081402134564,2,5,3.9170389569679873,7,0.9997955283384579,0,0.0,0
17851,47.129320983169485,2,1,6.323412698698886,7,0.9382159469902973,0,0.0,0
17852,15.840002338527228,1,3,17.72256387171729,1,0.6552071225401601,0,0.0,0
17853,29.69261095126363,3,7,1.383068651452275,7,0.0,0,0.0,0
17854,38.640522043049835,4,1,16.664317859822262,3,0.35884940902009166,0,0.0,0
17855,43.40737157731875,3,1,9.878849877861139,1,0.9999375270984543,0,0.0,0
17856,66.24165818517413,4,2,14.671189780238787,3,0.9991467651535875,0,0.0,0
17857,35.76773404400498,4,2,3.1011165753506234,7,0.36583027646176774,0,0.0,0
17858,25.620473390064742,3,6,10.800211795480704,2,0.1700206413746287,0,0.0,0
17859,66.1109121348276,2,1,6.39147682098639,6,1.0002153302492296,0,0.0,0
17860,36.68989749086418,5,3,13.599020293859583,6,0.7129858108662114,0,0.0,0
17861,49.97974577459993,4,3,21.692540809863942,7,0.9999336369939841,0,0.0,0
17862,52.77514103500744,2,2,5.16489908581834,7,0.503804283592123,0,0.0,0
17863,47.28252499724954,3,1,19.99342924849771,6,0.0,0,0.0,0
17864,36.59329266813429,2,2,11.2978274885688,7,0.1445862245495675,0,0.0,0
17865,46.29909261485921,2,5,14.83825742310878,3,0.3260993321786614,0,0.0,0
17866,37.418927708161334,3,3,15.489859538837422,1,0.9387712287065333,0,0.0,0
17867,50.89813086631884,3,1,3.684569198304417,3,0.9561453004331557,0,0.0,0
17868,28.50856530726765,6,6,3.9425840727505994,2,0.6122526912545143,0,0.0,0
17869,27.96442905538091,3,6,12.256913606203081,6,0.8850139409563658,0,0.0,0
17870,50.47053238308212,3,3,12.496672360363135,3,0.9998613927963637,0,0.0,0
17871,24.44563553271635,3,6,1.422640573058711,2,0.3752543149517806,0,0.0,0
17872,56.17406403486482,3,4,0.8919082905519904,6,0.590414311569565,0,0.0,0
17873,47.353649456443804,4,3,16.691135808816313,3,1.0001395892131288,0,0.0,0
17874,44.35851829924888,3,6,2.1102635566161823,2,0.3045083315622616,0,0.0,0
17875,46.03404542874263,3,2,1.751803170076812,7,0.4668027633406322,0,0.0,0
17876,62.27315627920105,4,6,14.19141015194503,7,0.9998961149378485,1,3520.0080603478873,1
17877,64.91226906955431,3,1,6.2610941666084114,4,0.4994108899523052,0,0.0,0
17878,9.134803866829365,3,6,14.502857883740102,3,0.9994048032008869,0,0.0,0
17879,39.666240505596434,6,1,19.999897515427236,1,0.896874396950865,0,0.0,0
17880,48.34190760294126,0,3,6.111425562133967,1,0.5039323242898742,0,0.0,0
17881,49.83802758938049,1,4,0.5633957629223012,1,0.29219983014174833,0,0.0,0
17882,38.74805140290712,4,0,10.301461918044144,6,0.615835939049191,0,0.0,0
17883,44.51268077658396,2,6,24.920068628174924,6,0.4528353924150681,0,0.0,0
17884,25.689347429745276,4,6,15.196560744004355,3,0.5480745895009247,0,0.0,0
17885,30.091411946672274,5,6,1.6925021448224644,7,0.75528433968587,0,0.0,0
17886,27.65209413120143,2,1,6.753741978334179,0,0.9997372260846588,0,0.0,0
17887,49.823436342691515,4,3,14.791519553246097,5,0.40410311011221295,0,0.0,0
17888,49.50027427044676,3,1,15.94367107402127,7,0.999919302887262,0,0.0,0
17889,20.859931139563198,2,6,4.620028913469272,2,0.24296667568394537,0,0.0,0
17890,40.54523855331043,4,4,14.213720970171806,1,1.0002231246440618,0,0.0,0
17891,36.42396080478947,1,1,8.809737017923197,2,1.0001390004023714,0,0.0,0
17892,51.279605636576676,3,4,20.00546848242567,1,0.886096813349265,0,0.0,0
17893,38.10633649000813,4,5,3.516115538388828,7,0.733164622257918,0,0.0,0
17894,32.37589019006854,6,6,15.976146871236637,4,0.3843312432187608,0,0.0,0
17895,50.926544910057466,3,4,21.911197773732972,6,0.1391907768687567,0,0.0,0
17896,23.989147131820513,3,3,13.74155517082903,1,0.19918560141641622,0,0.0,0
17897,24.07858503767509,5,6,9.849262238719936,4,0.4398227394541479,0,0.0,0
17898,47.696396525300436,4,1,10.524219186371532,1,0.9999297595054762,0,0.0,0
17899,47.4865566811223,3,2,16.511800568256056,2,0.9992865405224926,0,0.0,0
17900,56.05273140026598,2,3,14.453686695168155,3,0.9998030021058602,0,0.0,0
17901,63.083818649439266,2,3,9.56110276078972,7,1.0003950350690072,0,0.0,0
17902,37.86517689562788,3,1,11.707394118422615,4,0.9991839120232416,0,0.0,0
17903,21.927631511858447,1,4,1.4686499236902169,3,0.09749370682486092,0,0.0,0
17904,33.799002421567096,3,1,7.6061741095271085,1,0.5305402565242752,0,0.0,0
17905,36.95141038383446,5,2,8.51690445820833,1,0.0,0,0.0,0
17906,49.78188371584214,1,5,20.002069870029715,1,0.9995374146992158,0,0.0,0
17907,23.52872901757631,3,6,12.313526431750603,1,0.126045551992221,0,0.0,0
17908,40.1417899666126,3,1,16.807855350703562,1,1.0006353489796547,0,0.0,0
17909,21.858712592145014,3,6,5.513083245335624,3,0.17929883264348123,0,0.0,0
17910,48.05966239551289,3,2,6.683500120613834,1,0.3772562484013546,0,0.0,0
17911,48.95420159229249,3,6,14.284235823321279,2,0.8311220431172198,1,3144.94333923034,1
17912,18.052097195325803,3,4,6.917812931090047,1,1.0000275592956902,0,0.0,0
17913,45.78809532955018,3,5,16.967561790334138,3,0.4996485695940419,0,0.0,0
17914,19.53694346519281,6,6,18.18764793633157,3,0.446535494796226,0,0.0,0
17915,40.55211200636914,3,4,15.322879803474507,1,0.9815338348819174,0,0.0,0
17916,15.304906884029258,3,4,19.99570575763966,1,0.19886933197003476,0,0.0,0
17917,57.34087816900473,4,6,9.821416350002917,3,0.9998356496381149,0,0.0,0
17918,51.019270098094495,5,6,9.888320404610393,7,0.999581006490246,0,0.0,0
17919,44.1623142348916,4,3,9.281522021764655,3,0.9998341534675027,0,0.0,0
17920,37.76020066870912,3,1,17.32196474088477,2,0.28876291071159604,0,0.0,0
17921,40.322781889050184,4,3,12.618310770494224,5,0.26411747774615724,0,0.0,0
17922,32.20783046787765,2,1,7.578050873721817,7,0.9319186211361689,0,0.0,0
17923,45.17155217614797,3,1,17.398180968505358,7,0.9999693698313439,0,0.0,0
17924,55.07816572362008,4,3,4.62928442889599,2,0.9893716039829124,0,0.0,0
17925,51.034823458784345,5,4,6.528916121722073,4,0.4981877554324634,0,0.0,0
17926,17.86101391717893,3,4,12.517648286039151,1,1.0001765253345378,0,0.0,0
17927,45.691779852518266,3,3,12.553855877358192,8,1.0002013138222854,0,0.0,0
17928,34.54417689724235,2,1,1.0298050927459101,7,0.5262968688106207,0,0.0,0
17929,43.19699240020639,3,4,14.569717708669787,1,1.0001940926775272,0,0.0,0
17930,52.86254491717328,3,2,13.376980146328497,7,1.0008225714916426,0,0.0,0
17931,63.55033973400731,1,1,7.010710766364793,3,0.2060767102678288,0,0.0,0
17932,38.7455478578622,4,6,1.04520126928014,7,0.19126199679894046,0,0.0,0
17933,56.64972665665626,2,6,8.46395983005645,0,0.9997727971689132,0,0.0,0
17934,50.160356948140006,4,3,3.4139539018121,3,0.9641234048497147,0,0.0,0
17935,19.832183358994328,2,2,4.239829834676479,1,0.38751977492470274,0,0.0,0
17936,56.86117447891301,3,5,14.60596921906085,6,0.5020225712903456,0,0.0,0
17937,25.03848184198852,4,6,12.96751291675004,5,0.6266679889222715,0,0.0,0
17938,39.227407587173175,3,1,10.810682408240998,3,0.5025825920488812,0,0.0,0
17939,36.434979424257605,2,4,5.979993844403223,1,0.9131238273122845,0,0.0,0
17940,24.746955944877712,1,1,0.0,2,0.4718049628741595,0,0.0,0
17941,45.77206453476604,3,3,1.6031250680845748,5,0.9512379802751597,0,0.0,0
17942,50.27695805239756,5,4,19.988874806595398,1,0.999701054135805,0,0.0,0
17943,55.16253986108233,3,1,12.04287910986105,7,1.0000873142694586,0,0.0,0
17944,42.24750061266798,4,4,19.99512315692494,1,0.99995407639519,0,0.0,0
17945,35.75231471018806,2,3,13.788735227062709,6,1.0003089075833789,0,0.0,0
17946,37.55699717764115,4,6,13.257581202274737,4,1.0002696872777226,0,0.0,0
17947,52.34893349727491,2,4,19.999040460429946,3,0.9996507228162717,0,0.0,0
17948,52.30771106295775,4,3,6.31433935283863,7,0.9991909381490389,0,0.0,0
17949,47.82586180895501,3,4,10.729329807797189,7,0.9657406840695446,0,0.0,0
17950,46.960751124910004,1,2,9.197349576932266,3,0.6736913549794222,0,0.0,0
17951,53.243339517571066,1,5,5.750342138419847,1,0.2577504416331482,0,0.0,0
17952,17.267038749720594,1,3,2.5727672360690583,4,0.4995287312628461,0,0.0,0
17953,35.22598976491089,6,3,19.992009970555742,1,0.43429751430318797,0,0.0,0
17954,25.61483162688673,3,3,18.29657235101216,1,0.9530906288141691,0,0.0,0
17955,43.83164161343298,4,6,16.709595754403704,7,0.999615374606323,0,0.0,0
17956,34.41660669362147,5,2,1.6822038959679908,7,0.5115039583260037,0,0.0,0
17957,17.65865781082973,2,7,3.6203452647505348,6,0.41045067437333416,0,0.0,0
17958,29.685243551361562,4,3,8.199419810721098,7,0.9998587826989978,0,0.0,0
17959,34.77373341766855,5,3,34.42801405914045,4,0.17567504054828076,0,0.0,0
17960,52.46027961921933,3,2,8.236775343364556,5,0.726329039322423,0,0.0,0
17961,43.640723971643695,1,3,21.709562376488066,1,0.7163169585559803,0,0.0,0
17962,60.55981280171594,0,6,8.320155108216339,2,0.38388256503567664,0,0.0,0
17963,54.21731570042137,3,3,15.178354072148087,7,1.0003945252105793,0,0.0,0
17964,20.95888127703687,1,2,4.750034049153839,7,1.0000701485170933,0,0.0,0
17965,47.95614601420216,4,2,5.0729339980849915,1,0.21161528940100588,0,0.0,0
17966,25.227376595377603,4,1,0.0,6,0.46787843748508207,0,0.0,0
17967,38.45873925384046,5,2,8.44775079007472,1,0.7684063903660079,0,0.0,0
17968,45.520046860845326,2,2,14.752923208045777,6,0.9995142888936974,0,0.0,0
17969,34.502566675076615,2,1,21.122268843908326,7,1.0001702142649533,0,0.0,0
17970,24.089501177480898,4,3,3.27828040004404,2,0.7639705037141475,0,0.0,0
17971,52.584989321406404,3,4,2.4261556604558248,3,0.9997513938415319,0,0.0,0
17972,34.02361593231494,2,6,6.165566546903601,1,0.3400300309457959,0,0.0,0
17973,13.35285393359602,3,1,3.96413166195902,4,0.5047842910804188,0,0.0,0
17974,43.2750070495299,4,5,19.999272101352062,1,0.6631836113368057,0,0.0,0
17975,47.53034419047723,3,2,4.951593655011932,1,0.7410505346765017,0,0.0,0
17976,9.3424524195716,3,1,9.55266120094491,2,0.6501112274349242,0,0.0,0
17977,32.71989620506264,2,2,6.680266746694633,7,1.0000038896536205,0,0.0,0
17978,36.88482294464254,3,6,16.184365731245048,3,1.0002623642155883,0,0.0,0
17979,38.51347654338189,4,2,14.374906239072285,5,0.9442875373232411,0,0.0,0
17980,43.12042954626499,3,4,13.990230071768522,1,0.4052972017174205,0,0.0,0
17981,54.347117804194184,5,1,12.592429542914616,7,0.4657052344891738,0,0.0,0
17982,49.90586182216121,2,4,8.101632360613161,1,0.045008454939113984,0,0.0,0
17983,9.748809978493625,2,3,6.739124027320798,6,0.43734612012086405,0,0.0,0
17984,58.70614969299261,3,6,18.48627235240696,7,0.5363637482332417,0,0.0,0
17985,46.32730729854018,5,3,5.943704447673298,7,0.9999745618427403,0,0.0,0
17986,48.212411883219346,2,6,15.243377537267683,7,0.999983817743522,0,0.0,0
17987,56.15386456464537,1,1,6.416194730780222,2,0.3929061353868451,0,0.0,0
17988,54.18486945698188,1,1,34.89602557711205,7,0.9591664457327522,0,0.0,0
17989,42.372018569268214,3,6,5.287132436271411,0,0.720422219985604,0,0.0,0
17990,47.716746459656676,3,6,8.581375559916516,1,0.34633135674388926,0,0.0,0
17991,26.864757276531755,4,1,17.816946743276215,3,0.9555365863735137,0,0.0,0
17992,53.06113215480514,3,3,4.436702833719639,8,0.24006330468921855,0,0.0,0
17993,55.2992196026334,4,1,0.0,5,0.5020008129132184,0,0.0,0
17994,18.47780542934213,1,4,0.0,3,0.3193465143842265,0,0.0,0
17995,52.22835284445313,3,1,1.4604769206045667,4,0.27631152845591944,0,0.0,0
17996,58.100194095066136,2,4,3.2227530540139337,5,0.5526098132507467,0,0.0,0
17997,23.188366904272133,3,2,10.04587376029958,1,0.999905010322291,0,0.0,0
17998,25.75384350154993,3,3,18.072667264088505,1,0.9667718420270206,0,0.0,0
17999,53.10406095053985,3,4,1.4158596573086228,2,0.377676892105796,0,0.0,0
18000,37.740707637509594,3,5,8.973362051088863,3,0.5472031489907019,0,0.0,0
18001,42.25220529590668,2,2,4.112848678853758,7,1.0000027348516527,0,0.0,0
18002,52.369030392904236,5,3,2.568220369866369,7,0.6859487780672215,0,0.0,0
18003,26.862781207435077,5,6,11.422417305642751,5,0.6467109488144532,0,0.0,0
18004,45.0517566760188,1,5,8.182122757740949,2,0.21995969985491304,0,0.0,0
18005,53.68661242858122,4,1,16.638110201696072,2,0.35424456019180756,0,0.0,0
18006,22.66749506360594,1,1,0.44629629425519113,4,0.5529584957725535,0,0.0,0
18007,51.966471678897165,3,3,19.29098110105573,5,0.9998046742370854,0,0.0,0
18008,50.47434356593574,3,2,22.435003268867156,4,0.9996915922610328,0,0.0,0
18009,49.6676219457084,4,4,19.996911547117215,4,0.4981938296762676,0,0.0,0
18010,43.109310267478975,3,4,20.000741621661497,1,1.290450194846131,0,0.0,0
18011,45.97448921661769,4,6,3.9238557309781283,2,0.43102831558576077,0,0.0,0
18012,35.17769096377548,1,3,13.721649649453578,7,0.8275826695205217,0,0.0,0
18013,37.31206469701184,2,2,9.577401140891439,1,1.0001587923123605,0,0.0,0
18014,48.727186582987464,3,6,18.79801830875364,3,0.999916507584236,0,0.0,0
18015,37.923897694052854,2,4,15.192682521965274,7,1.0002373619245672,0,0.0,0
18016,43.329961725263935,3,1,19.990415305029813,3,0.5985027196807825,0,0.0,0
18017,47.04304765966024,1,3,2.284029357035527,5,1.000350933893536,0,0.0,0
18018,55.15637643751255,3,4,20.00402578552658,1,0.06597042801306807,0,0.0,0
18019,37.35492233712684,4,3,6.954137850474934,4,0.08490383008921465,0,0.0,0
18020,54.55710602523288,3,5,10.57095481152128,2,0.35169143842824574,0,0.0,0
18021,47.339071558516075,0,1,1.11698885365991,3,0.2539338220470205,0,0.0,0
18022,49.87910040587055,3,1,22.54530719111966,0,0.999941003809541,0,0.0,0
18023,35.86355443527504,1,0,2.934324800306996,6,0.4210104758175598,0,0.0,0
18024,45.73497708459438,5,3,15.991094746599785,7,0.4315260640750435,0,0.0,0
18025,59.43222258103631,4,4,19.990817694442654,1,0.9999517760138248,0,0.0,0
18026,61.11384307705982,3,2,16.044552928906526,7,1.0004102073241867,0,0.0,0
18027,21.855660682304606,2,1,9.302904293087455,7,0.1343661122779961,0,0.0,0
18028,41.79037521062448,5,6,3.5116410627476453,7,0.9999407792317865,0,0.0,0
18029,19.829246906631784,4,6,6.808007969349307,2,0.5492212917161323,0,0.0,0
18030,33.68826345026757,4,3,0.0,2,0.0,0,0.0,0
18031,39.22769484802975,3,6,15.048977753045879,7,0.9993726895095796,0,0.0,0
18032,61.24648922090074,2,3,8.041739638971997,4,0.4977857755063678,0,0.0,0
18033,52.5738103557182,1,6,14.132351298193225,6,0.7604776815148001,0,0.0,0
18034,27.465139307731704,3,5,5.125753279800143,1,1.1347514295586676,0,0.0,0
18035,30.42412793746893,6,4,7.1934737940626,7,0.08678089964693747,0,0.0,0
18036,44.415734946910945,3,5,21.14221057482628,1,0.20065356355367192,0,0.0,0
18037,25.62591367864333,0,1,17.179377703521386,2,0.44511866855068105,0,0.0,0
18038,49.37228692529978,2,6,7.961208834740578,7,1.0003341030698607,0,0.0,0
18039,43.99117931022057,3,5,20.001822319992105,7,0.9992381421731076,1,87910.61089951731,1
18040,38.12639973960932,2,3,15.48996191446837,3,0.9999503297020748,0,0.0,0
18041,48.90029745292858,4,3,6.3401593561704015,2,0.49622134798223416,0,0.0,0
18042,35.68461154976092,2,6,8.513551468831183,1,0.38036356178884273,0,0.0,0
18043,27.080729831979383,2,2,11.108872086825654,1,1.0374394821348598,0,0.0,0
18044,38.846894924540926,3,6,7.733225013641653,7,0.9991884804641675,0,0.0,0
18045,37.26455601274548,3,7,7.83121187287848,7,0.9839784102109999,0,0.0,0
18046,37.916616939090886,2,1,7.574707913697715,6,0.9244750382942497,0,0.0,0
18047,28.233991541810767,3,3,0.0,2,0.9992565301758263,0,0.0,0
18048,43.09706475547956,3,3,12.274021673802583,2,1.0003857429958718,0,0.0,0
18049,45.85426506553372,5,2,17.145531743637836,7,0.9997071180183996,0,0.0,0
18050,58.84068978138049,3,3,19.97662278450496,7,1.0000796554878255,0,0.0,0
18051,45.654788875439564,3,3,15.703685115350785,7,1.0003546656831668,0,0.0,0
18052,31.35209790673268,4,6,17.23002592422134,1,1.0380219263090027,0,0.0,0
18053,21.75962477832922,3,4,17.9277756681563,3,0.14711816454604365,0,0.0,0
18054,55.15759552561112,3,1,16.494581929684387,7,0.9997014987358626,0,0.0,0
18055,24.60416919116009,5,5,12.120784071647984,0,0.9998864190585668,0,0.0,0
18056,78.45252673155282,6,6,19.43470646802274,7,0.9567171874831303,0,0.0,0
18057,44.775370857251396,2,6,11.255576332065948,1,0.9492044245882076,0,0.0,0
18058,38.70234511685038,3,3,19.025745144079934,2,1.0002258332559264,0,0.0,0
18059,19.879251465826727,3,4,13.718909237244272,3,0.6498475507355262,0,0.0,0
18060,46.219626514969285,2,3,10.576569809000949,4,0.9999673758269932,0,0.0,0
18061,51.051698276743736,5,6,1.6377665398646855,7,0.48730959765749393,0,0.0,0
18062,17.16450140092821,2,2,6.257043685895695,1,0.5217814563716573,0,0.0,0
18063,30.63921487006945,2,4,14.110931502314747,2,0.2720412052149059,1,7231.562998341874,1
18064,43.721593479064644,2,1,10.518984729464886,4,0.9996524432700538,0,0.0,0
18065,46.04772891973654,5,5,14.974893140036714,3,0.6491822578800428,0,0.0,0
18066,64.30882794427384,1,1,8.356532683377353,6,0.4473852853603246,0,0.0,0
18067,44.295273303845526,2,6,9.537538558465458,7,1.0005120167409365,0,0.0,0
18068,74.39538437227145,4,1,14.987406421677484,3,1.0003576741299414,0,0.0,0
18069,67.38666219756635,2,4,19.993057433160203,1,1.000096277465182,0,0.0,0
18070,46.08969139164376,0,3,15.893163333802223,6,1.0000801509247417,0,0.0,0
18071,22.422207274637344,6,6,11.35651242445081,3,0.27920511852263924,0,0.0,0
18072,38.85374924709294,3,6,18.336867064110375,6,0.49982108360996236,0,0.0,0
18073,30.606567740340232,8,4,0.19783566352672644,6,0.014415524855296291,0,0.0,0
18074,45.89949836000203,4,3,0.0,7,0.22504351788316068,0,0.0,0
18075,50.20609922335216,4,1,19.9930336062514,0,0.32571992516687154,0,0.0,0
18076,33.66673046589628,3,1,14.894361646790097,2,0.027812401016243937,0,0.0,0
18077,33.542705519033916,1,6,1.282959525963408,5,0.0,0,0.0,0
18078,40.50999552647441,2,3,5.186407025127056,5,0.9998669083069096,0,0.0,0
18079,56.377194116536266,4,1,1.7212109932673716,4,0.5958417890934056,0,0.0,0
18080,42.67107422518742,4,1,11.588038226119554,1,0.027488601533501633,0,0.0,0
18081,34.96035323317833,1,3,15.533699085390795,1,0.26868160409612313,0,0.0,0
18082,29.48926992141547,5,3,16.95099895130779,1,0.94434152607871,0,0.0,0
18083,58.961731957201195,2,1,1.6250910873658313,4,0.4721376114884548,0,0.0,0
18084,36.347279446089466,2,3,20.00710312517166,1,1.0724932547937849,0,0.0,0
18085,32.267972136173505,3,3,19.994317107983164,1,0.26937378359782604,0,0.0,0
18086,68.75845395694327,3,5,12.396158573807675,5,0.5843238016517649,0,0.0,0
18087,54.128285909526404,4,3,10.291947535442414,1,1.0001602617757743,0,0.0,0
18088,49.69782135294498,2,3,0.0,2,0.5863247106371281,0,0.0,0
18089,18.133766074839723,4,3,7.629297864196387,1,0.7977583004309055,0,0.0,0
18090,63.89144818938232,3,3,6.876777866251071,4,0.5185504260020013,0,0.0,0
18091,48.34962160303582,3,4,12.131155530971618,3,0.9780657086131554,0,0.0,0
18092,28.97298024509996,2,3,16.662807233315142,3,0.5095319087572198,0,0.0,0
18093,46.88226665189209,3,4,4.94597881871098,4,0.7718135728974669,0,0.0,0
18094,36.823596529547366,3,3,7.299817039520491,3,1.0007138150262154,0,0.0,0
18095,29.42342215621177,4,4,11.893868998335416,1,0.9551814008543613,0,0.0,0
18096,29.03553169485349,6,3,4.003143667083462,2,0.370249780233042,0,0.0,0
18097,64.15077460431456,2,1,1.2087358493069136,7,0.8433601420555054,0,0.0,0
18098,31.343654838120898,1,3,12.02372339381103,3,0.20995729086930282,0,0.0,0
18099,33.26191289499301,1,3,2.828454995189629,7,0.26734153276762457,0,0.0,0
18100,65.0774347586113,2,2,12.809395772955474,7,0.46885643989768755,0,0.0,0
18101,48.63295926520044,2,2,11.02136178984853,7,0.04754523469979499,0,0.0,0
18102,20.186281764757723,2,3,8.511446581260827,1,0.7511742330005208,0,0.0,0
18103,53.40787561376008,3,2,6.990414580596203,5,0.03443653402388647,0,0.0,0
18104,60.211187546430466,3,3,13.249009593852042,4,1.0002817206928394,0,0.0,0
18105,45.63720771719199,3,6,18.407166304479468,3,0.43983420478548263,0,0.0,0
18106,16.59015761074215,3,3,14.512973282309883,2,0.9998352468008173,0,0.0,0
18107,36.98954897582226,3,2,11.00789998168779,1,0.525254268933556,0,0.0,0
18108,42.486921954107665,2,3,0.0,3,0.4978823977796904,0,0.0,0
18109,45.701546215297085,3,5,15.960324181498784,7,0.9998433508508084,0,0.0,0
18110,7.291806370170889,4,3,5.636027268465814,7,0.7681449556233888,0,0.0,0
18111,35.49464183916939,5,5,4.962796998634635,1,0.4889570101639876,0,0.0,0
18112,41.3721767729369,2,4,5.492449492253212,5,0.24292016841040154,0,0.0,0
18113,50.35457480336325,3,4,20.00279873660748,3,0.999597670935864,0,0.0,0
18114,36.59741167469078,3,1,5.519642132953661,0,0.23953611115701995,0,0.0,0
18115,49.0366674174524,1,6,12.150768287096735,3,0.7280226796796875,0,0.0,0
18116,52.58530027590651,3,5,12.505855073517921,2,0.49715306858660874,0,0.0,0
18117,41.16065883056355,2,4,19.989326782483865,7,0.7160592472402867,0,0.0,0
18118,22.178393881366084,1,2,8.629779634947079,5,0.9737159002366347,0,0.0,0
18119,43.78440178282932,3,4,19.99502971958939,1,1.0002525897932806,0,0.0,0
18120,44.695140341006535,3,4,19.040448987656635,4,0.3660093107234064,0,0.0,0
18121,31.574972320959446,3,3,4.816143552957318,7,0.9999540643517741,0,0.0,0
18122,33.078903056394694,4,1,15.800751628745132,3,0.1638484428234689,0,0.0,0
18123,21.414250815631686,6,3,2.7590178409776946,1,0.23031508859996158,0,0.0,0
18124,28.714327445686976,6,5,17.927060960266992,2,0.5694877581234439,0,0.0,0
18125,48.63650378991815,3,4,19.996189749703,7,1.0004654910332151,0,0.0,0
18126,73.49174663229437,3,3,32.63404286026535,4,0.5044220696164061,0,0.0,0
18127,25.124487818027138,4,6,9.518443197905194,0,0.46619659459761864,0,0.0,0
18128,53.22654170443933,2,5,11.917721656857154,1,1.1342778509518825,1,16425.98029716352,1
18129,47.716495654068844,2,3,11.170062747765813,7,0.9649853683371529,0,0.0,0
18130,32.949804372449336,2,3,15.581221051473136,6,0.5488924375640383,0,0.0,0
18131,35.66369437418307,0,2,12.187085299812448,7,0.6084415584841812,0,0.0,0
18132,28.015275081279476,1,1,20.0094149788487,1,0.0,0,0.0,0
18133,32.05482499249518,3,4,19.995656787698586,1,0.8311063385608258,0,0.0,0
18134,39.30740306772038,4,1,7.254815844212493,2,0.9238691465641911,0,0.0,0
18135,44.87896432521285,3,3,10.209384361385784,6,0.3885935233880286,0,0.0,0
18136,22.089334393296006,4,4,16.360936000227625,1,0.9921314664447856,0,0.0,0
18137,35.454292314033594,2,4,19.992342808149708,7,0.956321407105369,0,0.0,0
18138,40.356788382418436,4,6,10.274111328655056,6,0.2928270566664749,0,0.0,0
18139,42.88425535649518,3,2,16.632370819294085,3,0.2926062168434791,0,0.0,0
18140,46.53579028550868,4,3,4.0654436625973505,7,1.0001634080868316,0,0.0,0
18141,74.72972107904116,2,5,5.258445629776935,1,1.000192327188531,0,0.0,0
18142,41.13340190653788,5,3,0.7978984556764726,1,1.0003888474926221,0,0.0,0
18143,54.92801277555368,3,4,1.9207636329963211,7,0.33564256870601916,0,0.0,0
18144,40.84436927916546,2,3,15.44005367800964,7,0.9999560678789209,0,0.0,0
18145,47.76799609008901,3,1,12.378698649264082,7,1.000403099781749,0,0.0,0
18146,46.099816194897755,0,3,12.425441330164405,4,0.49609878482529846,0,0.0,0
18147,49.14280971952201,7,1,2.99192071072887,7,0.9995449784665795,0,0.0,0
18148,48.24462633144472,4,3,5.760806385297266,4,1.0004346115987044,0,0.0,0
18149,48.32691969297544,1,1,9.728159220803303,7,1.0002509820621468,0,0.0,0
18150,24.058980839556096,4,5,11.27847504096392,1,0.6905299201073164,0,0.0,0
18151,39.589928386052655,3,4,16.79164679485238,4,1.0004523235485732,0,0.0,0
18152,33.42879509910101,3,2,13.223943377294152,4,0.9999003132346322,0,0.0,0
18153,49.80702877206437,1,3,11.86397945746658,4,1.0004493838895616,0,0.0,0
18154,52.972635290167354,3,5,11.661139364356503,3,0.5006727863110927,0,0.0,0
18155,75.13437753323018,3,4,17.939171235485144,7,0.923828609545596,0,0.0,0
18156,34.04805541952916,3,3,0.3257849146335108,4,1.000205497863004,0,0.0,0
18157,36.83470883898777,3,6,10.627399535593582,6,0.4997316292907372,0,0.0,0
18158,53.448247980866014,4,3,15.192238601084345,3,0.9999512488337705,0,0.0,0
18159,36.973657327043824,4,2,20.190424180031986,7,1.0003419420032433,0,0.0,0
18160,60.376138212554075,2,4,19.995414696731416,1,1.000474200220958,0,0.0,0
18161,41.45256838656172,4,2,20.000015276264563,7,0.9774525472039897,0,0.0,0
18162,50.49266403049561,3,1,1.0982849676216286,2,0.9991687370628947,0,0.0,0
18163,35.28267749385132,3,6,4.94247578512735,3,1.0000623404841598,0,0.0,0
18164,40.21260212394532,6,4,19.992550626251298,1,1.0002768830567634,0,0.0,0
18165,30.856171589955064,1,6,9.100444204462478,5,1.000352900916973,0,0.0,0
18166,37.201907462597184,3,5,1.0150621908514772,1,0.4772719953874784,0,0.0,0
18167,60.05827606738075,3,6,14.288108717169058,1,0.9542344098492253,0,0.0,0
18168,22.476518107407365,4,2,11.69625425768071,7,0.0,0,0.0,0
18169,37.80354690486981,3,3,7.204940443460753,4,0.9995935936951076,0,0.0,0
18170,49.918873538903085,2,6,14.361515464718531,6,0.7705775018043074,0,0.0,0
18171,71.21716560625168,4,6,12.125709697700731,1,0.6458678341181575,0,0.0,0
18172,27.26284307094623,3,2,5.739370066522229,5,0.5338740644509582,0,0.0,0
18173,51.437852851534814,2,1,9.409031599120384,4,1.0004321511031877,0,0.0,0
18174,61.983253139712254,4,3,10.943440016890094,6,0.49716767609596124,0,0.0,0
18175,29.318565291448557,2,4,8.234953635207642,1,0.9849347602721967,0,0.0,0
18176,45.226278510370385,3,1,14.209960844930844,7,1.0089084617050723,0,0.0,0
18177,31.408608528218473,3,4,19.988868557042114,1,0.40969991355052454,0,0.0,0
18178,21.213244111952275,4,4,7.570425372574501,7,0.08564103211863927,0,0.0,0
18179,19.994412315428452,2,3,4.079457848253667,4,0.45458799332324024,0,0.0,0
18180,17.100697391308888,4,3,0.799963092156613,2,0.9992787456988749,0,0.0,0
18181,37.297691167560714,2,6,15.694377142395044,4,0.681857938458992,0,0.0,0
18182,56.33994903505463,2,1,8.508314170780864,7,0.9999854123201963,0,0.0,0
18183,45.88127701489138,5,3,17.48618662656673,5,0.5038653445507639,0,0.0,0
18184,49.07280644198877,4,5,19.998598053833717,1,0.0,0,0.0,0
18185,38.269372609561636,4,6,10.319057775813134,7,1.0001723112367185,0,0.0,0
18186,60.69484499834295,1,3,0.0,7,0.999626265101219,0,0.0,0
18187,51.99504134999115,2,4,6.681950555367693,7,1.0003071119037537,0,0.0,0
18188,41.09946581641161,4,6,6.533836000098769,7,0.6687943321134964,0,0.0,0
18189,52.72143011774496,4,3,14.866449977153575,6,1.0002121262055865,0,0.0,0
18190,27.361004826813044,4,3,18.47663199249485,0,0.4966066756017311,0,0.0,0
18191,41.05734797350746,3,1,7.877018047058991,7,1.0000317973390769,0,0.0,0
18192,54.69407989481436,4,4,19.994897318785725,1,1.0000562326929425,0,0.0,0
18193,32.001680315463275,3,4,12.627353806553877,1,1.0001214551755169,0,0.0,0
18194,21.24413739527668,4,6,8.62541500164675,2,0.2787020027805606,0,0.0,0
18195,31.81010348971098,2,1,12.670952377162385,7,0.929975197183855,0,0.0,0
18196,42.759967750241834,5,6,15.472229810531257,2,0.26719986060268247,0,0.0,0
18197,41.36383745029592,0,3,3.4972011141525003,0,0.4042195118139074,0,0.0,0
18198,12.955411310328788,1,3,11.092205612042497,5,0.8179661620886423,0,0.0,0
18199,34.45990565108369,2,1,1.9076403943757523,7,1.0034081928868694,0,0.0,0
18200,74.16314207249613,3,5,12.135156118604762,2,1.0002911425863217,0,0.0,0
18201,47.26231702423897,2,1,7.656132493814157,7,0.21145310001694978,0,0.0,0
18202,56.51373526487201,3,3,0.0,5,1.0005758198814314,0,0.0,0
18203,39.07874418567889,3,1,19.99361550488942,2,0.3652241962901879,0,0.0,0
18204,33.537482266516385,4,5,9.753126699066316,2,0.0,0,0.0,0
18205,24.04660697499094,1,6,9.790553339910833,2,0.2475163202251081,0,0.0,0
18206,61.1231673461459,4,5,7.754850073553282,3,1.0001654336088912,0,0.0,0
18207,30.5053196827867,2,2,2.7333316746457257,1,0.42922107262101117,0,0.0,0
18208,46.55356834183766,1,1,14.637413335110233,7,1.0002618638524992,0,0.0,0
18209,42.02299373777214,3,2,4.852645014101224,7,1.000857657381169,0,0.0,0
18210,45.11072772237761,1,3,15.122148240982169,4,0.4058853008865732,0,0.0,0
18211,57.679289034755605,3,4,19.581782682347004,2,1.0001209654411563,0,0.0,0
18212,23.519346812445924,1,6,6.957486859969122,3,0.2110519548765794,0,0.0,0
18213,50.09079234289148,3,1,2.6071821844757057,7,0.18668298529191574,0,0.0,0
18214,50.984598829473384,3,1,17.92192187445008,7,0.1649075815562866,0,0.0,0
18215,51.26083413009857,2,3,8.421030694368739,3,0.9789067065493967,0,0.0,0
18216,51.8747344011778,4,6,7.587817054434139,5,0.999546722159188,0,0.0,0
18217,49.63352859283222,0,3,7.116611264928892,3,0.5002887009851251,0,0.0,0
18218,52.04220763267474,4,3,7.073963065727573,7,1.0612748989205874,0,0.0,0
18219,41.58013227673077,2,5,9.56691604240265,5,0.24936919015924824,0,0.0,0
18220,51.83722902384396,3,5,19.40709175457654,7,0.999965392915733,0,0.0,0
18221,44.37825446553784,5,3,7.235030951484605,2,1.000294207644525,0,0.0,0
18222,27.851323146926386,0,3,12.677423799388487,3,0.0,0,0.0,0
18223,36.38257357974365,2,3,4.7900146815556806,4,0.4746319597722601,0,0.0,0
18224,31.916596691638176,3,4,19.05512868541522,2,1.0002348708201205,0,0.0,0
18225,40.85414512891788,0,1,20.010640322693604,1,0.4052822902895755,0,0.0,0
18226,51.93245253555841,5,1,16.209382306934625,4,0.40208804059138065,0,0.0,0
18227,48.03122943195152,3,0,6.203884715716791,7,0.9817398461556714,0,0.0,0
18228,50.18713542337448,2,6,4.247164813303574,4,0.424997771483188,0,0.0,0
18229,48.17138326623478,4,3,16.02897132106745,1,1.0014501790833215,0,0.0,0
18230,45.18553064941341,3,4,8.245465877624053,1,0.29884996613831055,0,0.0,0
18231,24.709564994009185,2,2,16.972597167517616,1,0.7170070638623082,0,0.0,0
18232,27.83655292954428,1,6,13.95368855745884,4,0.5679025158687249,0,0.0,0
18233,48.585808801208955,3,3,4.704513532338612,5,1.0000836030499636,0,0.0,0
18234,53.92124511105749,0,1,19.184736665721836,4,0.420936280587221,0,0.0,0
18235,42.8358394247175,3,1,12.084206626564868,6,0.9994718494767959,0,0.0,0
18236,38.90326642454778,2,3,24.43061770469903,7,0.05096679203831689,0,0.0,0
18237,63.98007319190199,3,3,4.173191519641761,7,0.9998445001351386,0,0.0,0
18238,26.02774079055777,3,6,14.801149140566485,3,0.3916004610638087,0,0.0,0
18239,22.074442585865572,0,3,9.003338196331072,0,0.1200847565042863,0,0.0,0
18240,62.307063447870625,3,3,20.003218220096123,5,0.37978453514632876,0,0.0,0
18241,42.66484571909159,4,3,15.299366745922633,1,0.30025428575878166,0,0.0,0
18242,34.24276454895805,1,6,17.815273233558134,2,1.0043588711198952,1,10643.274005010926,1
18243,25.33542221009032,3,4,13.985147015786184,2,0.0,0,0.0,0
18244,45.80858570754895,3,4,18.476835581800163,2,0.4561437660228226,0,0.0,0
18245,43.55122843708412,3,3,19.99596320443461,7,0.3114437004950501,0,0.0,0
18246,22.775571738228884,2,3,10.362224766171115,5,1.0022338900009036,0,0.0,0
18247,52.164701855525784,3,3,10.772116493097764,7,0.8868891728529162,0,0.0,0
18248,31.75282595810353,3,4,8.648512982469418,7,0.08757558278656674,0,0.0,0
18249,60.876231768356206,3,3,9.718411689132008,2,0.5055705617859931,0,0.0,0
18250,37.10991628704552,3,4,19.99209078563519,7,0.8490761072154194,0,0.0,0
18251,37.66625053734241,6,3,22.180354227091268,4,0.49784464828257,0,0.0,0
18252,38.30811210764364,2,3,0.0,7,1.088763902608811,0,0.0,0
18253,31.540334407911384,5,3,15.882860819588199,7,0.7081226521124859,0,0.0,0
18254,24.686176772293752,2,6,11.64042592682701,2,0.23807729333141603,0,0.0,0
18255,30.076049853952185,0,2,5.917639238055708,6,0.9816128078355297,0,0.0,0
18256,46.94939956999567,4,5,19.999518479785426,1,0.0,0,0.0,0
18257,70.38340734983255,1,3,20.341673069096693,6,0.5012128741158606,0,0.0,0
18258,51.06242698229808,3,3,12.383185371313015,2,0.5901745928237523,0,0.0,0
18259,53.45757764913027,7,6,6.854023921213444,6,0.0,0,0.0,0
18260,53.62933885597917,2,1,19.99487299073332,4,0.26710487352076245,0,0.0,0
18261,32.392521804396125,4,4,20.00487020443457,3,0.9995105439205986,0,0.0,0
18262,31.683578389713688,2,1,1.745572427963312,7,0.0,0,0.0,0
18263,59.19240873479987,0,3,10.14588598889822,7,0.6636042211970679,0,0.0,0
18264,48.27382727141695,1,3,1.1203798708821928,3,0.9994935329676543,0,0.0,0
18265,55.391814857083475,1,2,10.241145195229933,4,0.9447917105914325,0,0.0,0
18266,51.757775443481705,3,4,6.919542411425773,7,0.614871822803085,0,0.0,0
18267,50.57793937972491,2,7,12.881705969719357,1,0.13477290668682118,0,0.0,0
18268,56.13122645058186,4,3,14.838582450455629,5,0.9998706211288195,0,0.0,0
18269,23.457892910541513,3,6,13.069893717180294,1,0.14002355562334645,0,0.0,0
18270,45.1194244268188,3,7,19.109074119921434,2,0.999830956478746,0,0.0,0
18271,33.86145398986766,3,3,14.697223530058302,1,0.9999593831261859,0,0.0,0
18272,45.58691403984326,3,5,7.477046227521953,7,0.9638995305325424,0,0.0,0
18273,40.420902425712065,4,4,20.004187294990906,1,1.0004373989272264,0,0.0,0
18274,53.49623657875262,3,1,7.413102103903576,7,0.9999885940870968,0,0.0,0
18275,39.71428536472556,2,6,19.307287913555474,1,0.989213250788415,0,0.0,0
18276,47.03981236995142,2,6,3.5616714312886826,3,1.0000563740199762,0,0.0,0
18277,52.125427502269915,3,3,3.1479482793518727,3,0.4966819228376437,0,0.0,0
18278,38.812140077954865,6,1,18.605932252558407,7,0.5416015966005302,0,0.0,0
18279,26.9075894639276,3,5,8.743122462145644,2,0.5009659274019065,0,0.0,0
18280,25.046010192664728,3,2,1.4163471379006634,2,0.5556097482733696,0,0.0,0
18281,51.47930881680159,4,3,14.863252885391374,6,0.7208699666860194,0,0.0,0
18282,38.949677331045464,2,1,4.77066427476356,4,0.0,0,0.0,0
18283,42.67083763649148,4,1,6.8905910902584315,2,0.9250207050209118,0,0.0,0
18284,36.47322944192247,3,1,6.879225253755499,5,1.0007476277043528,0,0.0,0
18285,64.33958844855403,4,4,19.995088153420852,4,0.5026133934549301,0,0.0,0
18286,43.45717387571547,5,5,0.0,1,0.7345248352363638,0,0.0,0
18287,47.693864907600585,3,2,6.205633133844046,1,0.17341037022471484,0,0.0,0
18288,43.63891373540612,1,6,15.2032530835807,1,0.984938450591996,0,0.0,0
18289,62.14441065474349,3,5,19.214086784740523,7,0.9756452714653039,0,0.0,0
18290,27.852659492305612,3,3,11.199508015161111,7,0.21681500304147516,0,0.0,0
18291,52.39188754853751,1,3,13.567242548676028,7,0.25101091455974545,0,0.0,0
18292,40.094691927635274,3,4,9.15414979800122,4,1.0002151191491273,0,0.0,0
18293,26.46079090679726,3,3,9.460475558977267,1,0.9996667840586824,0,0.0,0
18294,50.63147927863713,4,3,27.323528430999648,7,0.9998809124981705,0,0.0,0
18295,47.413011301528,3,3,20.001283389620244,6,0.34023521854005406,0,0.0,0
18296,21.32018709736591,3,4,0.7845535726646276,4,0.3147507611074895,0,0.0,0
18297,45.95711807697181,4,3,6.67536622151319,4,0.5027279519028276,0,0.0,0
18298,66.89235873233,4,3,1.9576357783365914,7,0.793337775908428,0,0.0,0
18299,53.54140757060688,3,3,20.00658243831378,2,0.41958960721258587,0,0.0,0
18300,41.55557422714027,2,4,9.759817561523036,7,0.9907494717278971,0,0.0,0
18301,45.14340817365917,2,3,15.27537095447219,7,1.000808547310152,0,0.0,0
18302,51.61389365456158,4,3,2.323960259357518,5,0.5682967081202014,0,0.0,0
18303,34.74803660389865,3,6,15.551806348739735,7,1.0002350717806285,0,0.0,0
18304,49.13792874697288,5,2,6.495059159528257,1,0.3840549212600493,0,0.0,0
18305,51.70886143473261,3,4,19.995832553144623,7,0.9998353303595329,0,0.0,0
18306,64.99677251690315,2,2,0.13266610709412952,1,0.12803845360389443,0,0.0,0
18307,52.705146349359275,3,6,17.052646713257843,3,1.0008385520703271,0,0.0,0
18308,51.03596138480681,3,6,8.213760334627759,7,0.3908743615839923,0,0.0,0
18309,36.72323802573948,3,5,1.1813937877328886,3,0.0,0,0.0,0
18310,45.213765920578055,1,3,0.0,7,0.9999145126998356,0,0.0,0
18311,31.523558782925598,3,2,16.0221593707411,7,1.0002652129010579,0,0.0,0
18312,45.607321437984105,4,2,6.3030769282034615,6,0.5507556914444934,0,0.0,0
18313,44.457632265937114,1,5,0.0,7,0.5006331249478893,0,0.0,0
18314,43.32744421272587,6,3,23.396120322973374,1,0.3617860221021227,0,0.0,0
18315,35.71909416594373,3,4,15.138931628610084,7,0.57352110351928,0,0.0,0
18316,28.01508904567845,3,1,6.857114504189735,0,0.25019123260703047,0,0.0,0
18317,45.655427516328125,1,2,3.4984236283441996,7,0.5011275019285497,0,0.0,0
18318,59.98195454750916,3,2,6.508837508539639,4,1.0001364466933982,0,0.0,0
18319,48.572734323120685,0,4,20.000629612213892,7,1.213777822648717,0,0.0,0
18320,25.16223039524685,4,2,20.618920854925165,6,0.7681073235516315,0,0.0,0
18321,44.81253535342081,5,6,1.9273251571609258,6,0.36897982115202643,0,0.0,0
18322,64.15839410721591,5,6,3.1410349248956493,7,1.0000283275886,0,0.0,0
18323,63.513595212488624,4,2,5.701683138430442,7,1.0001697538511964,0,0.0,0
18324,28.731859053709655,2,3,9.950772846822945,3,0.9318388978730427,0,0.0,0
18325,50.400959321967974,3,3,19.965119566942704,4,0.7031186893227136,0,0.0,0
18326,42.61194228788265,2,3,9.791860517021458,6,1.0000500477516376,0,0.0,0
18327,29.336033937118913,2,3,13.348781045821244,3,0.28688218859206555,0,0.0,0
18328,37.06706596542047,3,4,18.51807115152588,2,1.0000138438995714,0,0.0,0
18329,45.23025769112941,4,1,10.120258550901202,4,1.000433515390272,0,0.0,0
18330,33.51105674578132,3,4,20.003785593661732,1,0.31042475003713854,0,0.0,0
18331,39.30050612160156,3,6,18.358909216123774,7,1.0004750711361665,0,0.0,0
18332,47.12355476070686,1,6,12.590778366109689,6,0.9999696735993668,0,0.0,0
18333,43.907197484556264,2,6,17.33569082978002,7,0.9996903331806257,0,0.0,0
18334,47.39644246634156,3,1,14.783485437091299,7,0.9999380776783016,0,0.0,0
18335,29.842242456685884,4,3,2.685353361191316,7,0.01113987389589377,0,0.0,0
18336,55.06678476172783,5,3,18.437354157752555,7,0.9998889902276784,0,0.0,0
18337,21.149516366774314,4,1,16.349135323950517,5,0.3917759218856773,0,0.0,0
18338,48.13185939438616,3,1,5.436332765554374,4,0.9994466863940863,0,0.0,0
18339,58.5517189568817,2,6,0.0,7,0.9993952033311042,0,0.0,0
18340,51.78902205058684,3,1,19.995466654793795,3,0.5725660198378459,0,0.0,0
18341,55.09634412283468,4,2,12.763403979766137,7,1.0002141028787255,0,0.0,0
18342,47.070215181670825,3,3,14.000697671427345,1,1.000404234923228,0,0.0,0
18343,37.42159226160203,4,3,10.468621311185881,1,0.9639812539688726,0,0.0,0
18344,37.7962061713755,4,1,3.293265927448176,2,0.01677608232958938,0,0.0,0
18345,54.90409107363847,1,6,12.7704662383351,7,1.0875414422478653,0,0.0,0
18346,61.679729757956395,4,3,5.4629295754616445,3,0.9581090308919591,0,0.0,0
18347,39.7262741829886,2,3,13.240477385097059,1,0.44699295329927313,0,0.0,0
18348,29.777441008755858,3,6,10.455653534231827,2,0.5452539406654103,0,0.0,0
18349,38.696405622873776,2,2,11.333779259056584,4,0.5831028781421812,0,0.0,0
18350,43.0215780467592,3,3,19.99935263183139,1,0.17401934858209545,0,0.0,0
18351,23.825578069519377,4,1,6.664617445194631,2,0.4165750657686997,0,0.0,0
18352,42.33636105392712,4,3,6.072742091795491,6,0.8094131994840671,0,0.0,0
18353,52.82763472205558,2,3,0.0,3,0.4025183664538772,0,0.0,0
18354,50.611472234834814,3,6,13.89354646586941,5,1.0002772584475488,0,0.0,0
18355,56.41001363948173,3,6,8.274606884842147,3,0.8742973067613258,0,0.0,0
18356,42.86140714342312,3,3,10.391449312727886,5,0.9993479756536381,0,0.0,0
18357,32.20213780813528,1,6,14.995755254412234,7,1.0000833675985863,0,0.0,0
18358,34.58121809852104,1,4,13.44836585014083,0,0.4188063124756042,0,0.0,0
18359,29.437772615619743,0,3,10.83924987185494,2,0.5372796591162955,0,0.0,0
18360,39.48962121614799,1,1,4.466838059631351,7,0.9590208524592043,0,0.0,0
18361,44.08563524497879,5,3,13.708547901384893,1,1.0001683024906574,0,0.0,0
18362,24.991808001579994,7,3,19.540156373465116,7,0.07260967392107343,0,0.0,0
18363,25.15295876456276,3,6,0.19009644689952054,1,0.7195949900960613,0,0.0,0
18364,56.11996829251706,2,1,19.1362316388387,7,1.0007146482186677,0,0.0,0
18365,22.72263721877059,3,4,19.996619598659677,1,1.000076249078556,0,0.0,0
18366,49.08415219433988,4,5,6.180187801126807,6,0.46371713988541524,0,0.0,0
18367,54.06487185666365,4,1,7.5325330098051,3,0.40650976074613543,0,0.0,0
18368,31.993014395241783,5,6,9.018856317496349,2,0.3818203606359515,0,0.0,0
18369,39.39454920191299,5,3,10.686039130852883,5,0.4999008558621716,0,0.0,0
18370,30.045150222838817,3,1,3.4683253577834607,7,0.41696076313636266,0,0.0,0
18371,50.17122170622321,5,6,13.662767458616685,6,0.40420575882767357,0,0.0,0
18372,37.48770830766581,3,2,8.359673379579334,7,1.000629394153313,0,0.0,0
18373,45.084637831510314,3,6,13.766910020283976,2,0.39188623442571,0,0.0,0
18374,45.5541011527286,3,3,9.30324027035528,7,0.5879729699755281,0,0.0,0
18375,28.505170508275718,5,1,7.444847909025388,2,0.35838122728718047,0,0.0,0
18376,45.64792947685354,2,2,11.540225814135743,7,0.5809546372612624,0,0.0,0
18377,34.30055626509078,3,3,18.25152800004066,3,1.0005462603251445,0,0.0,0
18378,0.0,3,2,6.332512763417452,1,0.3629793320416453,0,0.0,0
18379,61.873772789058364,3,6,18.237636592956612,6,0.4153507158948804,0,0.0,0
18380,31.547846913800125,5,5,6.8209638209439865,1,0.903391169404961,0,0.0,0
18381,68.19245284215589,5,6,22.000717732519135,7,0.9999342934571717,0,0.0,0
18382,35.6520592245397,4,6,10.266824330912737,6,0.6649593347591589,0,0.0,0
18383,37.21042076521327,4,2,2.7998932814288064,7,1.0000351719340994,0,0.0,0
18384,61.98962500894875,2,3,12.616571213254883,3,0.38780432737047466,0,0.0,0
18385,53.91940207495422,2,2,9.086562962249232,5,1.0207367446909297,0,0.0,0
18386,26.227832777662332,3,3,19.998112971361437,1,0.5973657770491002,0,0.0,0
18387,44.74479816299854,2,3,12.004543073228467,1,1.0001742150729411,0,0.0,0
18388,46.708822264597096,2,6,16.54780270836158,4,1.0001829012797614,0,0.0,0
18389,47.922217500270854,1,3,9.291771984888328,2,1.0003492250659234,0,0.0,0
18390,65.9085000225707,4,4,20.007979470938196,2,0.9999738572577617,0,0.0,0
18391,44.3416514648862,4,5,11.862800596956546,2,0.14519677804714648,0,0.0,0
18392,23.749189249057416,1,3,7.389361999096383,6,0.4168276176376433,0,0.0,0
18393,43.45915002589389,3,4,6.386276082897251,1,0.6240114231595109,0,0.0,0
18394,53.59220660649644,3,2,12.307460227910594,6,0.9997975019202505,0,0.0,0
18395,59.257844219293304,2,3,18.24068108701068,5,0.9170182913981252,0,0.0,0
18396,42.74638460534817,2,3,3.646762043243249,2,0.504814380186877,0,0.0,0
18397,51.307531121376016,3,3,0.5776153672141131,7,0.70227227862857,0,0.0,0
18398,39.23353665510019,4,2,0.0,1,0.08277116907746085,0,0.0,0
18399,39.43660903504044,2,1,8.783447617793165,4,0.9641932330205403,0,0.0,0
18400,28.24417278637397,4,1,12.374362019793338,5,0.398069631991737,0,0.0,0
18401,68.38866278916718,3,7,20.320209610541408,7,1.0000955442730333,0,0.0,0
18402,62.34704045415104,3,2,14.543244009019883,5,0.9999915463554189,0,0.0,0
18403,48.40569423814634,5,5,11.279995255885414,1,0.0016568501476816877,0,0.0,0
18404,25.435182740378877,2,2,4.717881030482464,2,0.9199786450252146,0,0.0,0
18405,44.140691758874375,3,3,5.349491725962417,7,0.8094519411803693,0,0.0,0
18406,30.530489943992205,4,6,1.8287301337069959,7,0.5461879769457616,1,1673.63536286195,1
18407,35.162901635876146,2,6,3.9465251528654663,7,0.9996087776477807,0,0.0,0
18408,43.5057500563227,1,3,10.052334928486003,0,0.9998019538085775,0,0.0,0
18409,48.033679849964706,3,3,5.470915155589439,5,0.9995419403620196,0,0.0,0
18410,31.241600946100952,1,6,7.824882128119773,4,0.5462393782033987,0,0.0,0
18411,39.54633526820677,2,6,14.457740255982545,3,0.3265590018360448,0,0.0,0
18412,62.239290197676496,4,3,12.120309697892234,7,0.5655311153731363,0,0.0,0
18413,34.34958693191151,4,3,17.762677962444155,2,0.42644494538096045,0,0.0,0
18414,52.122295293673375,1,3,6.701130815465525,2,0.3499156296424108,0,0.0,0
18415,39.99019835510563,3,3,4.294220864538267,4,0.13748835719664199,0,0.0,0
18416,10.636949252650009,3,4,7.154714361025344,1,0.5964352197366806,0,0.0,0
18417,44.86005745291388,3,1,7.200597185321316,7,1.0003778035280548,0,0.0,0
18418,40.69611337340143,5,6,10.735829395000524,7,0.9999997097658176,0,0.0,0
18419,24.703802191437777,5,6,15.259187849645524,0,0.2811424113883684,0,0.0,0
18420,28.50998255992721,2,2,11.278188017438046,2,0.48813981298885567,0,0.0,0
18421,10.698131396621037,3,5,17.8364911178371,0,1.0000227595427962,0,0.0,0
18422,43.22214777484487,2,6,16.921940460352495,3,0.3567105362234565,0,0.0,0
18423,54.00426851538225,5,3,9.18888562854301,1,1.000080214399859,0,0.0,0
18424,53.76112949556591,2,2,15.8104024589643,7,0.9994169261385843,0,0.0,0
18425,29.876984445141755,3,4,2.748576503670627,2,0.6530015827630622,0,0.0,0
18426,45.22543242208614,3,2,4.505559664757266,7,0.8713775982395868,0,0.0,0
18427,55.53647175526929,2,6,12.51871672240027,0,0.0,0,0.0,0
18428,39.996932167818734,4,3,28.199989111605547,1,0.5782919676366259,0,0.0,0
18429,58.86233254649342,2,5,8.241769406259596,3,0.9412708448331589,0,0.0,0
18430,29.09740967049431,3,7,1.4523097040842696,5,0.0003736543457720787,0,0.0,0
18431,51.52150933885331,3,4,12.128353330955392,7,0.6251104426511476,0,0.0,0
18432,59.846494702956434,4,5,12.286619442769974,7,0.9994293582499787,0,0.0,0
18433,36.03106641030972,2,4,7.107938144614107,1,0.5250204630138233,0,0.0,0
18434,49.31577297214559,3,1,8.743766613598458,7,0.4546431895302514,0,0.0,0
18435,46.7854192821888,4,2,2.352272806908349,7,1.000061578368204,0,0.0,0
18436,36.537783187828666,2,3,12.162687166663849,3,0.1341936348972752,0,0.0,0
18437,51.818951572954255,4,1,12.556309910553225,7,1.0000389452856975,0,0.0,0
18438,31.43863209545019,3,1,20.00464023717207,0,1.033733651668182,0,0.0,0
18439,55.651603579000245,3,1,13.039006044521166,4,0.9998985692637168,0,0.0,0
18440,49.12677155078998,3,3,20.008230113045276,2,0.5907919455964524,0,0.0,0
18441,41.764751032666695,2,2,9.030684474324048,6,0.999722939545265,0,0.0,0
18442,34.58975944708173,4,3,1.750075643267241,7,1.0003080209872173,0,0.0,0
18443,12.09861265791286,2,2,8.738371164098536,1,0.1859442831810203,0,0.0,0
18444,51.862100640084996,1,3,6.704244592533491,2,0.49844993659667103,0,0.0,0
18445,60.538376676089314,2,6,16.666047885453082,1,0.9997702012314148,0,0.0,0
18446,33.59004397338964,1,1,3.4701741014376175,4,0.40430599396324557,0,0.0,0
18447,41.94507627035211,4,3,8.170171996541693,4,0.4976307094504413,0,0.0,0
18448,20.588798517923376,4,2,9.557970159344663,3,0.7912446541125758,0,0.0,0
18449,55.97803693775387,4,5,28.49116845260742,1,0.7470701736579973,0,0.0,0
18450,32.55285982554874,4,3,0.0,0,0.9331186868171898,0,0.0,0
18451,36.257685241042424,2,6,12.768545216531122,6,0.2581039445651901,1,3227.5189026314983,1
18452,48.61443948996855,2,2,6.620669685262396,2,0.22758265558412394,0,0.0,0
18453,8.462877461512925,3,1,5.5629785711150594,7,0.5174999888128726,0,0.0,0
18454,46.577919589258606,4,6,18.10274159648722,6,0.6459895393153495,0,0.0,0
18455,35.24849002557884,4,4,12.294688539634047,6,0.0,0,0.0,0
18456,38.13080383872228,2,6,9.056109023668137,7,0.2900264774602197,0,0.0,0
18457,43.075154011443615,2,2,3.9681104828188296,1,0.5943248887065822,0,0.0,0
18458,43.038068476705945,3,5,19.990871134412288,1,0.32380785370565723,0,0.0,0
18459,53.29229042813686,1,3,7.868731114992797,3,0.9994491558388812,0,0.0,0
18460,32.548197264884756,1,3,18.778367017951442,3,0.33981182702515383,0,0.0,0
18461,38.68107521907574,2,5,8.246050479839539,7,0.0,0,0.0,0
18462,54.354522606087464,3,7,7.104742864514289,5,0.6695228313756378,0,0.0,0
18463,28.023539577284232,5,6,9.144287152933884,1,0.9620477266520151,0,0.0,0
18464,26.47569203044459,4,2,0.27111815610700596,5,0.7758573619124429,0,0.0,0
18465,26.884430165540298,2,2,9.078450976085993,5,0.5520091686374742,0,0.0,0
18466,40.452617921382085,1,3,2.229988097812999,6,0.9999545263055942,0,0.0,0
18467,27.621775236448123,2,3,0.0,3,0.743313722178458,0,0.0,0
18468,36.813438015389536,4,1,7.848039881284935,7,1.0000329059455604,0,0.0,0
18469,49.19812367354112,5,3,16.431449682362206,7,0.40127398832466177,0,0.0,0
18470,42.4681947872873,3,3,11.971102021397103,4,0.4988480726378299,0,0.0,0
18471,33.49804492600843,3,4,10.332558415677145,5,1.0004125653865854,0,0.0,0
18472,49.64480134826745,3,3,7.303301604474841,5,0.9706158681028636,0,0.0,0
18473,29.542457033697772,3,2,11.932192186893989,5,0.8635683758793923,0,0.0,0
18474,61.37839164282589,7,1,12.623610853434716,7,0.9995815567987636,0,0.0,0
18475,54.03421747272771,4,4,20.001597931765062,0,1.0001461469972872,0,0.0,0
18476,59.907343454441815,4,3,13.3214492330019,7,0.06035772266765049,0,0.0,0
18477,54.7051415621537,3,1,19.997191262822767,3,0.5423072010266605,0,0.0,0
18478,48.719701589824325,3,6,14.675927039332956,7,0.9992507650109643,0,0.0,0
18479,65.80534321697033,2,3,14.95498899449865,7,0.6721743926226367,0,0.0,0
18480,32.30592762935273,1,6,9.784430773106749,0,0.9018556434114935,1,25446.580676097135,1
18481,30.83744292967222,2,3,2.54046431265912,7,0.5077586715288922,0,0.0,0
18482,46.31708138652054,4,2,17.844287244532474,7,0.4083883046674206,0,0.0,0
18483,49.5504841148922,2,2,16.07394188227496,7,0.999723545913757,0,0.0,0
18484,51.176561862315616,3,5,19.663643579934757,1,0.6793867739008098,0,0.0,0
18485,40.34990945607113,4,5,1.902283434929359,1,0.9340382793110986,0,0.0,0
18486,58.33655951649496,6,4,18.569521306736,4,0.5103622755506869,0,0.0,0
18487,31.632893807191557,2,1,19.50589634414732,7,0.3578694498143939,0,0.0,0
18488,58.24951546114684,2,4,12.324605341099787,1,1.00768005251151,0,0.0,0
18489,45.184864144414995,3,3,13.862069198129758,4,0.4075028889826712,0,0.0,0
18490,39.64359301303186,3,5,6.84300172527253,4,0.10659084637027305,0,0.0,0
18491,41.96643639299963,5,6,20.632881258670892,3,0.4970004100660799,0,0.0,0
18492,37.70210237260016,3,4,9.7598144010148,1,0.9834992883296798,0,0.0,0
18493,49.015406207627315,3,4,20.00087099525104,1,0.03044775009290568,0,0.0,0
18494,46.2561581331737,1,5,21.1893650676094,3,0.35457129202532955,0,0.0,0
18495,31.29269925096716,3,1,15.054071425056538,4,0.9996822969756066,0,0.0,0
18496,49.80596086965431,2,3,1.4653843549417154,1,0.5025086938101485,0,0.0,0
18497,39.45357169373412,3,2,12.862910747604353,7,0.9999895480097795,0,0.0,0
18498,43.714914594246785,3,1,15.543029632127839,7,1.0000023635962758,0,0.0,0
18499,48.591066778632744,4,5,1.3383815642706267,2,1.0000959471411817,0,0.0,0
18500,38.65583104674243,3,5,18.611959756138432,4,0.9999565667428119,0,0.0,0
18501,25.917678210050013,1,2,8.714720629534938,4,1.0059657779043807,0,0.0,0
18502,45.33190231099964,1,3,19.99560687874329,7,0.9653569980269532,0,0.0,0
18503,33.1547328874593,1,1,5.753374299496223,0,0.3249084250032461,0,0.0,0
18504,57.49860834278903,6,4,9.713018568226637,0,0.5160445473400055,0,0.0,0
18505,57.09044258499929,2,6,13.753140939822597,7,1.000224358972934,0,0.0,0
18506,55.57364405711071,3,6,11.572219980098437,6,0.2964970951347607,0,0.0,0
18507,39.54073282850791,3,3,1.7253262129046867,3,1.000329014097329,0,0.0,0
18508,46.36234910650649,1,3,14.803996288421486,5,0.499121424512391,0,0.0,0
18509,28.010860660864353,3,4,16.846693006984957,2,0.3119521467607657,0,0.0,0
18510,29.60320626199743,2,2,8.087562047668282,7,0.28532395312769915,0,0.0,0
18511,46.6712730181753,2,3,14.224225049659239,1,0.9821100351226475,0,0.0,0
18512,33.88727869833621,2,3,7.48190955558391,3,0.9685634022130957,0,0.0,0
18513,49.592611263306544,4,1,8.272443422753806,7,1.0002878780282634,0,0.0,0
18514,67.37488024733071,2,3,0.043088351238179,7,0.5328987886198387,1,14779.211907411174,1
18515,34.017586399914435,4,3,13.717777004081817,1,0.6074678359419935,0,0.0,0
18516,33.83253115838573,3,3,0.18552129084581637,2,0.3896197196680296,0,0.0,0
18517,43.62053630945132,5,3,12.757213717178606,5,0.503553918605237,0,0.0,0
18518,41.36050120941515,2,3,14.716533607684772,4,0.9414284662072032,0,0.0,0
18519,34.97019603076569,4,1,15.81611270877994,3,0.6328990284810511,0,0.0,0
18520,36.56232076559859,2,1,26.669097783099822,7,0.4609598540960099,0,0.0,0
18521,42.361705116076706,3,5,7.317329916683339,7,0.695526734859615,0,0.0,0
18522,51.30561486527936,3,3,22.65923767793009,5,1.0000397902829525,0,0.0,0
18523,54.80598633970226,4,2,17.382822113976946,3,0.9904543820335798,0,0.0,0
18524,47.468550432286094,3,2,13.338985719112332,6,0.5934390944342974,0,0.0,0
18525,34.926933950849545,3,6,15.851805683058949,7,0.24238562372609695,0,0.0,0
18526,39.357288474231076,4,6,18.42546963509657,7,1.0000748184202433,0,0.0,0
18527,72.33495407509685,3,6,7.2929378579549065,7,1.0002315987311408,0,0.0,0
18528,57.10238946083734,1,3,8.994234047793583,7,0.9996337771030752,0,0.0,0
18529,55.67367692166124,4,4,4.611668688281312,1,0.637484977933846,0,0.0,0
18530,28.824185521798615,3,4,20.005925333670284,3,0.49944302135073915,0,0.0,0
18531,37.346854365120016,2,1,11.521539520375036,2,0.381985154071573,0,0.0,0
18532,40.23986164826456,7,3,18.3811256389763,2,0.9999267757885799,0,0.0,0
18533,55.04729609141819,3,6,13.35516831182384,4,0.798358215586047,0,0.0,0
18534,43.922900037717795,3,1,16.170084541796665,0,0.9853349730267804,0,0.0,0
18535,64.45571943158788,4,6,0.0,7,0.3522716456895338,0,0.0,0
18536,40.73892531261896,3,3,8.81838452701665,2,0.9997907216997579,0,0.0,0
18537,66.79948669174246,0,2,4.18714690919147,1,0.6072773658448309,0,0.0,0
18538,34.3784367916349,3,3,10.544688704691943,3,0.5004934534688539,0,0.0,0
18539,49.064904590971736,3,1,23.548863499420428,7,1.0003306740280455,0,0.0,0
18540,51.19369397115332,3,2,18.992857093678005,4,0.9589892329393355,0,0.0,0
18541,35.1642046176659,5,5,20.297103268408193,3,0.5023503772885212,0,0.0,0
18542,36.369914819261695,3,6,20.719511453152478,1,0.9576925870346435,0,0.0,0
18543,25.877055295972497,3,3,11.353240599777893,6,1.000048354020267,0,0.0,0
18544,53.18221514152776,3,6,13.87779760762178,3,0.0,0,0.0,0
18545,37.56525276140228,4,1,7.112894155330869,3,1.0000591182212553,0,0.0,0
18546,58.08130696029649,2,1,6.716782722673312,1,0.5015748942744525,0,0.0,0
18547,39.595039223963965,1,4,7.200081509789522,4,0.834779216054031,0,0.0,0
18548,47.699101624449824,4,6,13.290732367554341,4,0.1273875244915592,0,0.0,0
18549,40.84577807595062,2,6,16.943333664720218,3,0.4621619157401502,0,0.0,0
18550,39.96333744191912,3,3,9.3149284326659,2,0.9998599536503583,0,0.0,0
18551,58.23975580347059,5,2,15.911551532395793,3,1.0041149873696482,0,0.0,0
18552,47.47610801913837,2,3,19.999715534194237,1,0.6636251991765642,0,0.0,0
18553,44.41963140410305,4,5,10.551075052320646,7,0.9997495681606393,0,0.0,0
18554,20.497157997943596,4,5,14.28826634496172,1,0.4494796501442826,0,0.0,0
18555,67.36452490387734,5,1,10.839989694665919,2,1.000602574291352,0,0.0,0
18556,34.54975248999946,1,1,15.853338092382439,5,0.9373469228680101,0,0.0,0
18557,59.96340503972201,3,8,19.57941324128881,2,0.9992813768112399,0,0.0,0
18558,41.72135511603091,5,2,15.280134720651972,4,0.7778647175807802,0,0.0,0
18559,0.0,5,1,7.0930227942953294,4,0.5510265761216936,0,0.0,0
18560,45.64323020328516,2,7,4.48285710763153,8,0.0,0,0.0,0
18561,36.12656927653844,1,1,13.264527248050866,7,0.0,0,0.0,0
18562,40.07785852864128,3,2,7.843430248088392,7,1.0003421425812087,0,0.0,0
18563,23.57867535198558,6,2,0.0,3,0.9664977112761199,0,0.0,0
18564,29.30109400949356,4,3,12.67214969068274,3,0.16357194979314116,0,0.0,0
18565,28.191088825860547,1,6,16.56042627059703,6,0.3443710301850591,0,0.0,0
18566,58.103833165281124,2,1,12.866251627495275,4,0.9996001061228273,0,0.0,0
18567,50.76319618082828,3,1,7.052692884643287,5,0.4990214794945418,0,0.0,0
18568,38.46317666947659,5,5,14.752224443016384,1,1.1851377491358268,0,0.0,0
18569,27.97967444971419,4,6,14.589183649500143,1,0.9786803092375473,0,0.0,0
18570,28.623417803447182,2,6,4.082185990778599,4,0.6845946149476567,0,0.0,0
18571,53.62010894260077,2,3,9.044733185557831,7,1.000125227174753,0,0.0,0
18572,37.25962426770839,3,1,0.0,5,0.0,0,0.0,0
18573,55.02755014449424,3,3,3.6564716922203715,6,0.500813351150423,0,0.0,0
18574,44.66451584320855,5,3,1.0360826258266531,2,1.000360199929116,0,0.0,0
18575,45.09818093028297,3,6,11.397634724853619,0,0.8320415046582418,0,0.0,0
18576,49.28474363391508,3,4,8.846044637402153,1,0.05962697496711378,0,0.0,0
18577,49.84326629152048,2,3,23.20911078715053,7,1.0000772571310994,0,0.0,0
18578,14.093016815479697,4,7,14.132095723212075,7,0.0,0,0.0,0
18579,58.182395118207474,4,2,11.933832866188578,2,0.8217341872821553,1,19831.741424902528,1
18580,65.92010281796621,4,1,0.038778930357224795,7,0.9998574204225953,0,0.0,0
18581,41.77823380110859,3,3,4.541070417611626,1,1.0373227890414758,0,0.0,0
18582,39.39880020870549,2,5,7.112924907325916,3,0.5001331384926959,0,0.0,0
18583,47.426849961011825,3,6,12.97927738030663,7,0.9997538127521884,0,0.0,0
18584,32.43576842435556,3,3,5.034804881682077,4,1.000178396137208,0,0.0,0
18585,27.157241891254237,4,1,0.288103991647116,4,0.5122346759437795,0,0.0,0
18586,20.29513997203943,2,3,14.741584407706533,3,1.0003532798816626,0,0.0,0
18587,65.61882416983767,4,6,21.04909726190288,3,1.0000219142441167,0,0.0,0
18588,35.334094169495664,4,3,5.553789897037981,7,0.8825218936365348,0,0.0,0
18589,49.897024774532035,4,6,8.658806194417506,7,0.7010624169994913,0,0.0,0
18590,66.17608418796766,3,3,3.64850487787054,7,1.000008715625177,0,0.0,0
18591,48.269829071130395,4,3,0.0,3,0.9999713403242134,0,0.0,0
18592,46.57923657797501,2,3,15.401044984346193,5,0.5000747968758975,0,0.0,0
18593,55.035623112827416,4,3,12.948981588822669,7,0.9998322525545408,0,0.0,0
18594,52.893429572353234,3,4,7.54424494653834,0,0.32653265573358164,0,0.0,0
18595,56.21481085721861,3,1,11.192764008526636,7,1.000118049039558,0,0.0,0
18596,24.46320245170289,2,5,6.95697446462326,1,0.9806787047262058,0,0.0,0
18597,50.81730772167883,2,4,19.99889184482889,2,1.000136012338813,0,0.0,0
18598,67.24995779844627,3,4,6.070964253414389,7,0.9396163734375285,0,0.0,0
18599,48.82529957982541,3,1,15.023871576243033,4,0.2741938820169044,0,0.0,0
18600,50.559138758703284,3,6,15.280952454956395,2,0.9998972601886753,0,0.0,0
18601,53.280449443259165,3,1,13.842251365935342,3,0.48356263749493805,0,0.0,0
18602,41.36138517776361,4,2,19.532357594237276,7,0.7146418403198918,0,0.0,0
18603,30.1673706320732,2,3,20.000262334143407,1,0.6489851797508964,0,0.0,0
18604,36.97833316420046,2,1,19.99636884183929,1,1.0001105848577687,0,0.0,0
18605,32.11321369791121,3,2,18.83152255062438,1,0.9998434967779739,0,0.0,0
18606,48.17791955438528,2,6,17.914874679546656,7,0.9999439597845745,0,0.0,0
18607,27.5884201283719,2,6,2.0465459853196393,7,0.15810106263303247,0,0.0,0
18608,36.665011418250934,5,3,14.76499602062906,7,0.19079062947145037,0,0.0,0
18609,41.101037801323045,3,3,19.99579507722554,4,0.7691558157391987,0,0.0,0
18610,49.22494032552103,1,3,26.927943370580785,7,1.000036433884802,0,0.0,0
18611,45.623319360221124,3,3,1.7766069154848818,7,0.9544849636007128,0,0.0,0
18612,26.797141462482443,3,3,20.004305846436644,7,0.25833811234126486,0,0.0,0
18613,31.83500921737457,1,1,15.045274241738834,8,0.9950635487246748,0,0.0,0
18614,42.7896050349793,3,5,14.123649383662364,5,0.959039349426608,0,0.0,0
18615,47.222991719245144,1,6,10.922771096900165,3,0.4452317269254966,0,0.0,0
18616,44.8971462413355,3,2,8.330750654765994,7,1.000289352446815,0,0.0,0
18617,31.823959070876406,6,3,8.931995317598778,2,0.5028164167338076,0,0.0,0
18618,54.59423904272445,1,1,18.082891107103116,4,0.9998376531906688,0,0.0,0
18619,27.476523050013462,4,6,19.114901437766,4,0.43269145824561134,0,0.0,0
18620,34.2223678947585,5,6,19.010168771128768,7,0.4580623726356461,0,0.0,0
18621,22.465691688225007,5,6,19.148447383377235,2,0.35783577668972194,0,0.0,0
18622,23.56652031992901,1,1,2.5660492915997395,5,0.29446248175001,0,0.0,0
18623,30.63515111450639,2,2,18.148581284445957,7,1.0001187171061514,0,0.0,0
18624,39.90370842017345,1,4,20.002353916487216,7,0.20567268587101484,0,0.0,0
18625,45.320435898493706,2,3,6.804688220521101,3,0.07832109470559312,0,0.0,0
18626,49.546393615120756,3,3,14.457309432663964,2,0.5881520400458341,0,0.0,0
18627,43.29647458808245,1,3,11.094621068043734,3,1.0001137439373622,0,0.0,0
18628,51.65330268443084,2,6,18.836151250482924,4,0.7670757084858463,0,0.0,0
18629,50.97792882570619,3,2,11.851047363801944,3,0.9699114830227589,0,0.0,0
18630,40.33188785846605,3,3,19.974407043663135,1,0.004533032560607109,0,0.0,0
18631,39.67079865946701,3,4,20.008029025725065,6,0.999568749780476,0,0.0,0
18632,35.050653479748306,1,6,10.061873153570277,7,0.5425528532730357,0,0.0,0
18633,33.40369048894087,1,3,19.99038926500526,1,0.6317711980725371,0,0.0,0
18634,55.362650027429666,3,1,21.474443125533803,7,0.9998280892312896,0,0.0,0
18635,68.12523612411273,3,1,12.966671198554053,5,1.0002162009852755,0,0.0,0
18636,27.773769402878614,3,6,19.98857008814495,1,0.2668363130023232,0,0.0,0
18637,22.256114425071164,5,3,3.3135539168806734,2,0.5667220654572127,0,0.0,0
18638,44.93465794963529,3,2,14.782923197339919,3,0.4628415564615871,0,0.0,0
18639,35.31003533662838,2,3,12.451724104906772,6,1.0001839726092516,0,0.0,0
18640,23.782631140295617,3,6,15.868542196108129,3,0.3728687952065521,0,0.0,0
18641,31.179885928087423,3,3,13.298271959210751,6,1.0001018970650288,0,0.0,0
18642,48.676339134532505,2,2,24.00605289349022,1,1.0971374718730507,0,0.0,0
18643,45.13530957687659,4,6,12.163300438481025,5,0.6305171654816781,0,0.0,0
18644,26.244581732350383,2,6,11.416423995180901,6,0.9997371065666396,0,0.0,0
18645,63.11888985308606,2,3,18.95114072013343,3,1.0005129750582007,0,0.0,0
18646,25.2137227697561,2,2,15.757623148176993,2,0.3434622309204188,0,0.0,0
18647,47.547715249660996,3,3,10.410541147643482,5,0.5687933204872326,0,0.0,0
18648,41.19442305341886,3,1,3.1076078981616515,3,0.5020800451803618,0,0.0,0
18649,24.023426373897088,3,2,13.803136185394209,1,1.0001932356320966,0,0.0,0
18650,35.11162675128327,4,4,21.17200884914093,1,0.9552253025804387,0,0.0,0
18651,47.84934423182757,2,1,28.846443545041396,7,0.9995753650094035,0,0.0,0
18652,19.225225505206087,4,7,2.5596246475876487,2,0.20328071567833267,0,0.0,0
18653,32.710498862802766,5,3,9.550030139681319,3,0.9486803530302799,0,0.0,0
18654,56.55445617820925,2,3,17.13916539984552,2,0.35669039320588486,0,0.0,0
18655,70.44685093032216,1,5,10.5661405950416,7,0.4446100595761096,0,0.0,0
18656,47.353282967758545,2,6,9.492342987428012,1,0.902248517078561,0,0.0,0
18657,49.267115284703024,1,4,20.00073535671667,6,0.9996338105084112,0,0.0,0
18658,25.793339366011782,1,2,10.661070705895206,3,0.022365614161341862,0,0.0,0
18659,12.766885296378078,2,5,4.552516343386124,1,0.3391919032251448,0,0.0,0
18660,31.19320517533482,5,3,7.594555176451548,2,0.9999158919680191,0,0.0,0
18661,37.64419519194597,2,2,0.2877128689696793,7,1.000149682539595,0,0.0,0
18662,36.01187009708499,3,3,9.002930896888447,4,0.502442382392188,0,0.0,0
18663,43.526516822034395,3,6,11.633411305457868,1,0.9181930331308059,0,0.0,0
18664,52.582848411975576,3,2,17.751807797224842,2,0.9997337741667329,0,0.0,0
18665,28.92305487310452,4,2,10.056398021373361,5,0.45608351594330143,0,0.0,0
18666,48.050455278910356,3,5,0.0,3,0.502213009649029,0,0.0,0
18667,26.006324158641842,1,1,0.0073383104269382216,1,0.28241282522943606,1,87697.50926833026,1
18668,25.504810629201707,1,1,9.802356687938538,6,0.41863339798624427,0,0.0,0
18669,53.91179399698576,4,4,19.997200975422594,4,0.9998499225571484,0,0.0,0
18670,21.762376597398646,2,3,7.246297917087455,2,0.5858439424276135,0,0.0,0
18671,27.128568352683203,3,2,16.731234420030187,7,0.999798011648938,0,0.0,0
18672,46.172575067955385,3,1,19.362283917830776,7,0.01581302870720247,0,0.0,0
18673,41.47651356066818,1,3,7.480831433527134,7,1.0000115344544682,0,0.0,0
18674,50.013507352402165,5,3,9.28926725193184,3,0.38716896980290266,0,0.0,0
18675,36.1893847025043,3,1,20.0046642211383,2,0.0,0,0.0,0
18676,54.22761274145208,2,3,11.662280048772601,7,0.9997888448219285,0,0.0,0
18677,44.56934275352103,3,6,15.277959724611177,2,1.000336674814357,0,0.0,0
18678,44.87703474536741,1,3,13.730503148538233,3,0.9999590488440873,0,0.0,0
18679,42.82577373722895,4,1,15.047384667737738,1,0.9773099553734377,0,0.0,0
18680,53.20018903257767,3,3,3.9959691162671582,1,1.0005283935283762,0,0.0,0
18681,40.57041531565034,2,1,19.993344622300967,3,0.8815056019017852,0,0.0,0
18682,40.12287590888606,4,4,13.59556867091592,1,0.962603004357093,0,0.0,0
18683,28.07893120508283,3,3,11.332407932104756,3,1.0001953253498197,0,0.0,0
18684,29.73465411833108,1,1,7.078707310025476,7,0.9998040606539212,0,0.0,0
18685,42.22257099259158,1,6,2.6689757375842618,7,0.6389797954876464,0,0.0,0
18686,55.27554081701763,4,3,6.642005300120499,2,0.9998282413456313,0,0.0,0
18687,21.79161466515113,4,3,0.0,1,0.8503845531732297,0,0.0,0
18688,57.41006555117485,4,2,4.28014981353481,7,1.0002456523017906,0,0.0,0
18689,34.30448544065326,1,5,10.527259210169074,5,0.585490298369728,0,0.0,0
18690,22.546833953620606,3,3,20.002681861405208,1,0.9995550810325222,0,0.0,0
18691,46.2829421781533,3,4,19.99723644525761,1,1.2256321259346201,0,0.0,0
18692,39.64656039969785,2,3,1.7809699505212784,1,0.9420859162230031,0,0.0,0
18693,46.0368762513085,4,3,12.459693970150738,5,0.2994274676575745,0,0.0,0
18694,25.26777916151165,2,4,0.0,5,0.25526484467747645,0,0.0,0
18695,40.88987519598433,1,3,0.8376940976016787,4,0.43032534431118685,0,0.0,0
18696,38.1923499668423,3,3,11.193425228672512,3,0.8936317643066187,0,0.0,0
18697,51.870394609836694,2,1,16.49303663378788,6,1.0001569555716565,0,0.0,0
18698,41.854678398046374,3,3,8.240749601587092,5,1.0000972135905595,0,0.0,0
18699,44.51868332526187,4,2,17.504605615319107,6,0.5390861164597734,0,0.0,0
18700,47.3396508488591,3,4,4.009670136137622,2,0.9997468963442313,0,0.0,0
18701,63.38452588412693,4,2,7.119996717748191,7,0.9998707910826496,0,0.0,0
18702,51.41254919931385,3,4,4.427344890664172,7,0.8065796296820484,0,0.0,0
18703,42.879581888478405,3,1,1.4041280816075155,1,0.8143476489239634,0,0.0,0
18704,57.997940202799924,5,3,0.8997960249283512,6,1.0005691733325128,0,0.0,0
18705,26.95950360188948,3,3,14.667924831918752,2,1.0001094957443082,0,0.0,0
18706,36.60133156562461,2,1,9.79370569518763,7,0.6563126619953683,0,0.0,0
18707,53.11533287590988,4,3,10.500849869853761,1,0.07446870440188491,0,0.0,0
18708,30.66023390413728,2,1,0.003434901269200097,7,0.9997525063441568,0,0.0,0
18709,35.58790855373255,3,1,19.992939777318938,1,0.3365010060438908,0,0.0,0
18710,46.80815326897952,3,1,20.006509483795153,1,0.5907642404164266,0,0.0,0
18711,53.285202862926425,5,6,16.490463433375453,3,0.656904279106102,0,0.0,0
18712,28.134966914115203,4,3,11.935241887210818,2,0.7247698518970626,0,0.0,0
18713,59.779213550852134,6,4,21.869696970879737,3,0.3106696799290553,0,0.0,0
18714,57.104237101212334,6,4,15.28829674811805,2,0.9998816342407757,0,0.0,0
18715,48.6850906229722,3,1,14.27336222860959,2,0.9299517491095475,0,0.0,0
18716,34.80472887112842,2,3,8.199558525618947,7,0.9998990945113462,0,0.0,0
18717,50.606487840688985,4,6,12.602240210255115,4,0.7925970796316927,0,0.0,0
18718,30.449885178794872,0,3,17.30146058564833,7,0.46225477349274174,0,0.0,0
18719,35.37207339284126,4,6,12.89629059986974,7,0.6655905872240347,0,0.0,0
18720,59.282456162391455,3,4,18.50435674401873,4,0.9665468855320019,0,0.0,0
18721,25.560816250273582,2,6,8.113829123087973,7,0.23151201149404294,0,0.0,0
18722,53.649240916629026,1,5,19.510446596756665,3,1.0222520733524285,0,0.0,0
18723,36.016733798479365,4,4,19.990020634778315,0,0.41166919707203103,0,0.0,0
18724,44.35227312190975,3,3,13.282779367059424,3,0.9993386726510158,0,0.0,0
18725,48.26125653152345,4,1,14.110691521251983,6,0.6651221311399049,0,0.0,0
18726,32.260986629899364,4,6,20.378961216597855,7,1.000186547632429,0,0.0,0
18727,39.92329207932042,3,3,2.012437080542405,2,0.760001909284018,0,0.0,0
18728,33.0661222343041,6,4,7.227978452421566,4,1.0080323899637238,0,0.0,0
18729,47.48251136059927,3,3,6.535101976677235,7,0.8812100329207275,0,0.0,0
18730,44.612137685106475,3,5,10.253120137208638,1,1.001066757624008,0,0.0,0
18731,39.752333143668395,2,1,12.147282370637356,1,1.0002705722672207,0,0.0,0
18732,62.73108649715762,3,3,19.996784451661462,2,0.6402370524007128,0,0.0,0
18733,55.073307729216054,3,1,15.674818237245969,3,0.5024817226893687,0,0.0,0
18734,54.75193830656144,2,6,18.033861917783547,3,0.38117208059640617,0,0.0,0
18735,44.31730201824273,4,6,1.7329404526683945,2,0.5341118132105191,0,0.0,0
18736,12.827731917075592,5,3,3.8722464949420345,7,0.3075489539188282,0,0.0,0
18737,58.61080403790082,3,3,0.0,2,0.0,0,0.0,0
18738,59.24617204694462,3,4,20.004272722164572,7,1.0004600899430527,0,0.0,0
18739,22.12328884414755,3,4,19.989142280584375,1,0.997090819579285,0,0.0,0
18740,40.92305047812308,2,3,9.810662328193224,4,1.0006726559679433,0,0.0,0
18741,57.2596765406918,4,6,14.605118125169637,6,0.3425256031079669,0,0.0,0
18742,49.66725920822406,3,3,4.100528925835611,3,1.0000640597347878,0,0.0,0
18743,37.05357753515523,4,2,12.089108399577423,6,1.000008525584855,0,0.0,0
18744,45.210300599664976,4,2,17.777746324386662,7,0.9998983489781725,0,0.0,0
18745,21.96717738904399,2,5,10.953767487943106,4,0.5957338830675406,0,0.0,0
18746,32.40407246820039,3,3,20.000813706315434,3,0.1768476241626885,0,0.0,0
18747,42.611951470219786,5,1,0.0,7,0.9997695615850326,0,0.0,0
18748,25.221743436187467,2,3,16.30257945958811,3,0.37357827097994734,0,0.0,0
18749,51.2533660138847,4,1,0.0,7,1.0000472084032344,0,0.0,0
18750,59.9198941771385,2,4,4.812661436823747,7,0.9885164527784146,0,0.0,0
18751,24.74001165831511,2,2,7.6904043918517395,6,0.010942703239966045,0,0.0,0
18752,48.500727951705414,1,1,18.190961724674487,6,0.0,0,0.0,0
18753,50.22881804643844,1,1,7.346522888151354,7,0.3592310326015002,0,0.0,0
18754,54.36223519001987,2,1,0.0,4,0.9993450912402112,0,0.0,0
18755,39.02003378139666,4,1,17.38761773029134,0,0.999673891543071,0,0.0,0
18756,54.369777985962926,3,4,4.405473571376082,3,0.9997793053032347,0,0.0,0
18757,49.55328923902888,1,1,10.947849053553565,2,0.4469586604571745,0,0.0,0
18758,30.90524193441675,2,3,2.169392175016595,3,0.4089862026147092,0,0.0,0
18759,21.322405885934,3,3,9.75605303805272,1,1.0003210631832717,0,0.0,0
18760,19.1079060214246,1,4,13.263379048978457,0,0.5094370266726436,0,0.0,0
18761,31.539103017121352,3,6,10.194917643676757,5,0.28586671548736053,0,0.0,0
18762,42.3450883919698,5,2,4.684197285511753,7,1.0995556817849121,0,0.0,0
18763,42.15446088261864,4,6,17.6424268526719,5,0.5337440097974828,0,0.0,0
18764,34.113528009943465,3,7,6.1884763400436915,5,0.6353239968002513,0,0.0,0
18765,38.18959751270382,2,1,11.62481285505359,7,0.999722026075569,0,0.0,0
18766,20.588224852308922,3,1,7.99548211267185,3,0.0,0,0.0,0
18767,48.03474020970138,4,5,17.11660194568219,3,0.9195348026860037,0,0.0,0
18768,34.57715997804491,3,1,9.776291685604882,7,0.9342368412197731,0,0.0,0
18769,30.248098369890755,6,3,15.483055114235848,1,0.18348634880975967,0,0.0,0
18770,20.846415646973256,4,3,0.0,4,0.49142067584299287,0,0.0,0
18771,56.21201273325634,3,6,10.891085476153016,3,0.9994794367739688,0,0.0,0
18772,39.693356919998784,2,6,11.307667525634656,4,0.999770577706768,0,0.0,0
18773,33.15347573099752,4,5,16.740499722123477,5,0.2773008320876817,0,0.0,0
18774,58.97638108677056,7,6,22.43911974599608,7,0.5600010715934762,0,0.0,0
18775,43.12369272846752,3,1,11.544517441166109,4,0.5065133422242377,0,0.0,0
18776,53.85747108506972,4,3,15.802506784340405,6,1.0002817290337302,0,0.0,0
18777,26.580699202205523,4,6,8.47828401773551,4,0.43589711736577436,0,0.0,0
18778,58.07238690163241,3,3,13.073365831084196,5,1.0000663032471322,0,0.0,0
18779,24.460712804243887,2,4,13.77825576202368,7,0.937478746107727,0,0.0,0
18780,42.636915315039964,1,5,16.331363484639944,4,0.101463518036085,0,0.0,0
18781,56.19828098897247,4,4,11.121832773948888,4,0.1366262264835888,0,0.0,0
18782,39.333649586912436,2,1,7.409831868460735,7,0.9719166558114896,0,0.0,0
18783,47.87599396505494,2,2,1.6279125448035785,7,0.4540336012498114,0,0.0,0
18784,48.166703366761006,3,4,13.121899982081107,1,0.9995862764279295,0,0.0,0
18785,29.780284587613398,4,2,4.90267321864669,6,0.21372432318531148,0,0.0,0
18786,42.56193576980307,5,3,11.100770267907324,3,0.22756572391941937,0,0.0,0
18787,47.349609003846794,2,6,4.72412486521007,7,1.0004143832829686,0,0.0,0
18788,37.03975019037111,3,2,7.3796980229635984,3,1.000119679400763,0,0.0,0
18789,37.38268536217281,1,6,17.02110083894486,3,0.5809380382919261,0,0.0,0
18790,43.9870255970562,4,4,20.00152599348492,6,1.0001348243693897,0,0.0,0
18791,37.6008632790643,2,1,12.380911908451038,3,0.4937597708923923,0,0.0,0
18792,51.4039429767912,3,1,18.239743845651944,4,1.0002823288134104,0,0.0,0
18793,65.5760687080597,3,2,11.334572333532071,1,1.000010935587629,0,0.0,0
18794,22.33936714064596,3,3,0.0,1,1.0197499892242452,0,0.0,0
18795,55.06755452098405,2,3,15.696299943787853,7,1.0002854237006384,0,0.0,0
18796,44.920479504313825,4,3,11.498895162004278,7,1.021819211285348,0,0.0,0
18797,32.77981750380912,4,3,12.111515526975328,2,0.9999398324060331,0,0.0,0
18798,49.36758443119594,2,6,14.394013657168152,5,0.9998813322475072,0,0.0,0
18799,27.459628863020548,3,3,20.00312116763505,1,0.39932553227249545,0,0.0,0
18800,10.090168426041032,4,6,12.632581597304277,1,0.9682216004016067,0,0.0,0
18801,31.691494068169494,3,6,11.342402649275114,4,1.0002201938282418,0,0.0,0
18802,47.62552488100998,4,6,5.553590159865203,5,1.0001728524101854,0,0.0,0
18803,32.604563748756306,3,4,20.006320297955106,7,0.31954598467898504,0,0.0,0
18804,29.78701036398315,4,2,8.54646417868728,4,0.7502718862893628,0,0.0,0
18805,29.86314938188225,2,1,9.0959877865459,7,0.6246959512300623,0,0.0,0
18806,52.32360693179561,2,1,9.105003816454003,7,0.9999320689239278,0,0.0,0
18807,45.62099349229375,3,5,10.47991891919482,6,0.40887398661124597,0,0.0,0
18808,38.06832668377833,4,2,13.363248528548475,1,0.4975916097183022,0,0.0,0
18809,63.87456339099242,3,6,9.841066037456487,7,0.9995722192460519,0,0.0,0
18810,50.727828208238215,3,2,9.52987123451775,3,1.0140849761750166,0,0.0,0
18811,29.78005027846276,4,2,10.344325543538636,1,1.00023632071789,0,0.0,0
18812,39.90791156571326,4,1,3.0014415981759406,2,0.5013318222600319,0,0.0,0
18813,54.155440170064296,2,3,23.99473968379506,2,0.9996739846309526,0,0.0,0
18814,45.965847800635494,2,5,17.07298196574893,6,0.5224561064675435,0,0.0,0
18815,29.381971267532442,3,6,13.867542629854581,5,0.9997593826947992,0,0.0,0
18816,55.75137493319245,2,2,7.725219737682502,7,0.1701776946686694,0,0.0,0
18817,47.18281612932803,3,3,18.055463614168378,7,0.9996782958885313,0,0.0,0
18818,55.940474474548495,3,5,8.737622504900274,7,0.2766320903921461,0,0.0,0
18819,64.3213897159751,4,1,16.086681008421387,7,1.0002179703426468,0,0.0,0
18820,55.787549802469925,3,4,20.002664439466947,1,0.9977541902150417,0,0.0,0
18821,32.05911218197828,3,3,16.017502220844268,2,0.9999866651834273,0,0.0,0
18822,45.096117637805754,3,5,16.239211266097445,0,1.4420711764451295,1,17136.450079318136,1
18823,63.14023998134288,1,4,19.991290241030327,4,0.9996777313647716,0,0.0,0
18824,37.21093049708418,4,6,13.49883225782761,7,0.6675236728613416,0,0.0,0
18825,24.396952445411767,5,7,10.661976368234308,5,0.3074992641845641,0,0.0,0
18826,54.66462921769339,4,2,16.07697709413213,7,1.054747709415642,0,0.0,0
18827,48.303340221950975,2,2,6.836768279233121,7,0.582889518571621,0,0.0,0
18828,23.089276491068606,2,3,12.025898233221323,2,0.38760773570682405,0,0.0,0
18829,54.73980028191548,3,6,6.359967404277103,2,0.22501507286211564,0,0.0,0
18830,54.86758492759495,4,1,4.529952010908292,0,0.9977232719422537,0,0.0,0
18831,43.90491783593855,5,6,6.444988236949112,7,0.7398079879490957,0,0.0,0
18832,36.24370720903905,4,2,10.767582145277913,7,0.6608894476224847,0,0.0,0
18833,38.61593709850072,3,1,8.747091813876859,3,0.4977669350710938,0,0.0,0
18834,45.87041565106881,1,3,0.4766502273412563,3,0.9170457068549347,0,0.0,0
18835,39.53532276755689,3,5,3.322669439942916,5,0.9599235458776954,0,0.0,0
18836,35.959052438523315,1,3,17.566737655534787,3,1.0003381957773396,0,0.0,0
18837,20.162566549729398,5,6,13.038613045992589,3,0.5594206010374991,0,0.0,0
18838,43.36272586631784,5,2,14.699140846669419,5,0.44736312121364485,0,0.0,0
18839,36.944195718940385,5,2,18.65881017811472,1,1.0002506616654658,0,0.0,0
18840,36.66858892984024,1,3,5.41251848397181,6,0.608798200592816,0,0.0,0
18841,31.531857306794784,4,6,10.012937803596222,7,0.4327552901253895,0,0.0,0
18842,58.56646177417594,5,4,20.010427178850193,7,1.00008041516719,0,0.0,0
18843,35.141225897821165,2,3,6.077710064173791,2,0.5028846294027378,0,0.0,0
18844,55.19895314370658,2,1,16.573306016974634,4,0.9146146931126499,0,0.0,0
18845,21.065818392852805,2,3,5.326834296451464,2,0.5757950470570331,0,0.0,0
18846,38.693088332024914,4,5,0.0,1,0.014853904193338319,0,0.0,0
18847,37.29117303543865,1,4,13.406729346327804,0,0.39537941111190916,0,0.0,0
18848,46.68731389596908,3,6,13.79890929583317,7,0.9998640381331186,0,0.0,0
18849,49.5313743101946,3,3,9.660755697650869,3,1.0002604215194462,0,0.0,0
18850,26.01547986047403,3,3,8.175051366869294,4,0.49980515651031787,0,0.0,0
18851,34.507088328472825,4,3,10.233808210840174,3,0.42070862597001774,0,0.0,0
18852,47.634411057008414,2,1,13.201687898595452,3,0.999986748896583,0,0.0,0
18853,62.41910910317097,4,2,10.691425106731412,2,0.0,0,0.0,0
18854,50.57066098788674,2,3,14.875638793224384,4,0.3508049943474501,0,0.0,0
18855,45.935612841656386,2,3,6.251755373793619,7,1.0003099668374622,0,0.0,0
18856,30.483628771770114,3,1,6.713249709245141,7,0.9998857781359731,0,0.0,0
18857,25.806646527466455,3,3,13.265655945876475,2,0.2630263880446054,0,0.0,0
18858,43.09707732331447,3,2,9.01683749575204,7,1.0001685243504217,0,0.0,0
18859,28.985977155308163,5,3,6.171843413251627,5,0.40036153192025564,0,0.0,0
18860,47.181862515082756,1,3,5.88715383512483,3,0.9996151243122928,0,0.0,0
18861,49.43139322163686,4,1,0.0,3,0.9995477728793218,0,0.0,0
18862,54.15909860050894,2,6,8.5868288358898,3,0.6857738314761694,0,0.0,0
18863,42.30410182878017,6,3,15.470756196741437,4,0.8943022955071777,0,0.0,0
18864,49.16506731211619,4,3,27.403796200242446,7,0.9382914242949958,0,0.0,0
18865,32.07329515231009,1,3,12.429954588781383,1,0.04626433039279876,1,26495.301712559612,1
18866,33.91831297674318,4,3,12.01116993489491,1,1.0003823678161081,0,0.0,0
18867,54.84368164541302,2,6,8.918407282901446,3,0.7711135399086451,0,0.0,0
18868,49.85680466798834,3,3,20.004362568165106,1,0.9994005667122536,0,0.0,0
18869,44.60417836804434,4,6,11.90160045095598,7,0.4946595520876259,0,0.0,0
18870,74.68647666461555,2,6,5.839198975413863,2,0.5291112606339082,0,0.0,0
18871,46.337566845102955,4,3,0.0,7,0.5412004845267583,0,0.0,0
18872,38.66157926885909,4,2,9.845352247563014,1,0.2815117234849758,0,0.0,0
18873,71.28377839971705,4,4,20.00155562247884,7,0.9995971675631858,0,0.0,0
18874,44.28390756538336,4,2,6.160151963715563,7,1.000075763447476,0,0.0,0
18875,27.76366336487129,1,1,9.539798562960955,7,0.32548113260820116,0,0.0,0
18876,36.63878481536657,2,2,13.51368562271497,1,0.24698993554313747,0,0.0,0
18877,60.689291610095054,3,6,3.8410339618033857,7,0.9997863429196328,0,0.0,0
18878,53.82062648076659,5,4,13.263349743023124,5,0.7415480350915183,0,0.0,0
18879,41.56456668849295,1,3,11.771013025277709,2,0.9576412221220225,0,0.0,0
18880,34.86995383432837,4,2,0.4186343888385178,7,0.1177935163859779,0,0.0,0
18881,43.24266479966257,2,1,0.0,5,0.9996862527116647,0,0.0,0
18882,39.709734945866124,2,5,9.20942599167019,4,0.9751982126399708,0,0.0,0
18883,30.18085527822253,2,6,16.517082551380767,5,1.0007911464389008,0,0.0,0
18884,25.157709817989417,4,6,6.366131943618769,1,0.19735861855573023,0,0.0,0
18885,26.393775107691074,3,2,13.671462711479657,5,0.5437069967489938,0,0.0,0
18886,46.493072355717786,1,3,16.735556440597527,1,0.1703036536405954,0,0.0,0
18887,33.745319535844544,2,5,19.99701559022646,1,1.000875211713288,0,0.0,0
18888,70.63378527958537,3,6,2.2626069139343095,7,1.0758882807527024,0,0.0,0
18889,25.81502157453134,2,3,4.8561156570173685,7,1.0000125876322938,0,0.0,0
18890,33.33505074775968,4,6,19.220875401055547,1,0.0,0,0.0,0
18891,49.95491254108122,6,6,14.159131991025609,3,0.6355285382289677,0,0.0,0
18892,34.15348924093559,2,4,0.29222805281858655,8,0.0,0,0.0,0
18893,39.28855702639441,4,1,3.3714349848135186,3,1.0000468860511258,0,0.0,0
18894,63.074476605460134,6,1,10.779755160003708,7,1.0001340629124886,0,0.0,0
18895,40.338745546772316,4,5,11.350340467100292,6,0.5012796758150208,0,0.0,0
18896,36.59128635388609,2,4,10.290094332251607,5,0.8278765474262761,0,0.0,0
18897,42.41830995912957,2,4,6.249060700373146,5,0.5957894753120789,0,0.0,0
18898,52.43220133002235,3,4,3.381267257136808,5,0.7825288226447987,0,0.0,0
18899,42.94286539589996,5,2,0.7470782441071115,7,1.0468348040432636,0,0.0,0
18900,63.21467017999239,4,6,15.574103151785588,7,0.9999018922966508,0,0.0,0
18901,41.364200632643936,4,5,15.41418199541718,1,0.6815510169657676,0,0.0,0
18902,51.37168117917215,4,1,8.165174489372857,7,1.00047874764304,0,0.0,0
18903,38.03861436046485,4,5,2.9014202209828355,7,0.4963921768417422,0,0.0,0
18904,52.99112092067162,2,4,12.693692010781335,2,0.4036383083559437,0,0.0,0
18905,38.67951057010778,3,3,9.338591578756702,4,0.0,0,0.0,0
18906,23.54529978603002,5,6,2.519269742713405,4,0.44321205816600295,0,0.0,0
18907,28.639914965183053,1,2,4.472971141715948,6,0.8744456873449606,0,0.0,0
18908,61.09459645164189,1,3,0.2999134629043656,4,0.4993066580111192,0,0.0,0
18909,13.575355871964994,3,1,13.640545749481436,2,0.4651126775569767,0,0.0,0
18910,48.19153372590297,1,3,4.220817322471757,5,0.8551896310125066,0,0.0,0
18911,50.54374926356033,2,1,12.98837252396227,5,0.6272578689819711,0,0.0,0
18912,42.95941172349,2,6,4.338056407600107,2,0.0,0,0.0,0
18913,47.166413036323156,5,1,9.95709806736043,4,0.9996525101953952,0,0.0,0
18914,43.762633314616124,5,1,7.6618245400147575,1,0.6818869680268819,0,0.0,0
18915,33.748239722642914,1,5,7.501227047703812,4,0.9489739245697515,0,0.0,0
18916,39.639837482954434,1,5,14.950686437970063,4,0.4076768563421457,0,0.0,0
18917,49.75846447598256,1,2,11.751184455858176,2,0.1980245570343953,0,0.0,0
18918,37.453376485108805,3,3,9.113937125929972,7,0.9413947588614692,0,0.0,0
18919,51.1642451856463,3,4,6.90480910834608,5,1.000004169808427,0,0.0,0
18920,66.87703618525205,3,4,6.918394910396782,1,1.0003981581834793,0,0.0,0
18921,59.90224486664476,4,2,8.641686080779442,7,1.0000651826943798,0,0.0,0
18922,21.57779381575749,2,2,13.158905276649904,4,0.05774451962559879,0,0.0,0
18923,10.172744644403927,1,5,11.06583440160769,7,0.20102365973250996,0,0.0,0
18924,58.15763546050816,3,6,16.57453441166003,6,0.7284038237172744,0,0.0,0
18925,38.93337453525819,4,1,8.824243386497379,0,0.99996759835994,0,0.0,0
18926,39.42437444663813,2,3,3.7055652733961013,2,0.49735081860351715,0,0.0,0
18927,61.26974524847974,4,6,15.05468585494786,2,0.3368969205491146,0,0.0,0
18928,8.595088953978902,2,7,7.9445528880342025,2,0.522980422514275,0,0.0,0
18929,67.76038620211564,4,3,12.675495659282438,2,0.7326291800765811,0,0.0,0
18930,16.809097058294583,3,1,11.066180172771857,1,0.9994982597549316,0,0.0,0
18931,40.137529910762424,3,6,7.767251955059477,1,0.9648086353140888,0,0.0,0
18932,20.561727675429772,2,3,9.521564108646972,1,0.5808160662497953,0,0.0,0
18933,48.38441987986687,4,4,20.015701237716577,1,0.9998580636654342,0,0.0,0
18934,61.08037673881725,6,4,7.728238620214216,3,0.9999431386708906,0,0.0,0
18935,31.727430837218854,4,1,18.354778817184958,1,0.4976255285269613,0,0.0,0
18936,29.80494311678188,3,7,6.5217050542754125,7,0.99939679703407,0,0.0,0
18937,45.00851921557623,4,2,8.739353265588605,7,0.8011703790620639,0,0.0,0
18938,25.68808584037644,5,1,16.87895238566812,6,0.504706002806638,0,0.0,0
18939,41.633771280101875,4,3,13.383122878361478,7,0.9997813726795423,0,0.0,0
18940,48.83231777908935,5,6,12.658151472316057,6,0.36844465220067185,0,0.0,0
18941,48.59153375638876,3,3,13.517498715443644,3,1.0006294771520352,0,0.0,0
18942,49.52804727153326,5,2,14.22317186878221,7,1.0000630882011285,0,0.0,0
18943,35.301674694998006,2,1,8.592207752017258,7,0.0,0,0.0,0
18944,60.16521441534863,3,5,10.098345886085347,1,0.8568474279427116,0,0.0,0
18945,56.5365174595539,3,4,10.472879863238191,7,1.120727472041588,0,0.0,0
18946,55.06459223196043,2,6,0.0,7,1.0000749729903158,0,0.0,0
18947,58.55140180885849,3,1,8.584068600414671,6,1.0001845175189918,0,0.0,0
18948,43.068439314793835,1,6,17.709754350499125,4,0.4995365700624735,0,0.0,0
18949,53.20053588861046,4,3,13.882982308751156,7,0.9998172374877499,0,0.0,0
18950,54.49539143145545,1,3,3.8987439267664765,5,1.0000457185597442,0,0.0,0
18951,32.5025208046269,3,6,0.9323433197410029,6,0.8980529692535238,0,0.0,0
18952,58.08716273886347,3,3,13.988869568678435,2,0.7300165724035782,0,0.0,0
18953,41.5227434956889,3,1,19.99736693789106,1,0.5878203478558975,0,0.0,0
18954,47.52804231780963,5,1,15.271386743867374,2,0.2258175570062197,0,0.0,0
18955,50.17146233336038,3,5,17.897295369056888,3,0.6183916750062346,1,3578.234323283751,1
18956,26.81815669077858,1,4,10.595622286848366,6,0.7941348226776455,0,0.0,0
18957,55.97990268449256,4,2,13.311971347469258,4,1.0067465764191466,0,0.0,0
18958,39.61597238954808,2,1,9.63854305523439,1,0.496437987289326,0,0.0,0
18959,77.01730990356562,3,3,0.0012589339245199227,5,1.0000699553490238,0,0.0,0
18960,51.13669351940525,2,1,7.889446753038948,7,1.0005143710846414,0,0.0,0
18961,49.16097462193902,3,6,16.106627366884034,3,0.6304672764066102,0,0.0,0
18962,59.05042977708845,1,6,10.569137851072949,7,0.9999790286127365,0,0.0,0
18963,48.34407577657442,3,2,17.826473859905498,1,0.9998475932451922,0,0.0,0
18964,62.566606564005,0,6,12.263255889587017,3,0.0,0,0.0,0
18965,46.474444460186064,4,4,19.999622789687038,3,0.9996264389998635,0,0.0,0
18966,49.307470852083455,2,6,12.512560995097793,7,0.9999218917202428,0,0.0,0
18967,26.045114339098003,3,6,16.62349568990322,1,0.9791341938515252,0,0.0,0
18968,65.00819347969518,4,1,15.455806465701736,4,0.500887374980896,0,0.0,0
18969,60.95246956641363,3,3,10.887818385849933,3,0.9995291931367338,0,0.0,0
18970,21.690112577210986,4,6,12.741653673961691,2,0.0,0,0.0,0
18971,50.219917393054864,2,1,4.513622071464274,3,0.9996867991134637,0,0.0,0
18972,45.744099106068354,1,3,10.462852928773495,1,0.13173104359562604,0,0.0,0
18973,34.60819214182004,4,5,20.365317596349975,5,0.9996750293502383,0,0.0,0
18974,37.26976511801802,4,3,3.518621084856467,4,0.6365608763035209,0,0.0,0
18975,17.997942506972255,6,2,17.144224649511912,1,0.35030509383941705,0,0.0,0
18976,50.97142793087447,4,5,5.653817451581186,5,0.49952347186838963,0,0.0,0
18977,43.42079959150319,1,4,9.78136833653756,8,0.3839947435941869,0,0.0,0
18978,61.845858697044534,3,4,16.26484242488145,2,1.0001967204401345,0,0.0,0
18979,16.995066679204598,3,3,7.884706311071802,2,1.000372927406495,0,0.0,0
18980,62.97766273568601,4,3,2.062951469797591,3,0.9999051844628644,0,0.0,0
18981,43.163417225896964,3,1,19.993968939469532,6,1.0493918061744396,0,0.0,0
18982,55.407999288602824,3,3,0.0,3,0.9374860646100802,0,0.0,0
18983,55.54960754329993,3,3,6.832223829514632,4,0.5567580548067328,0,0.0,0
18984,52.373568048206806,2,1,19.996215166869323,6,0.7273080887917995,0,0.0,0
18985,45.70973916269142,3,2,11.117748632482632,7,1.0001412674283081,0,0.0,0
18986,52.27649576808196,3,4,14.154060178533001,2,0.9999635888713183,0,0.0,0
18987,53.803317867803536,2,2,7.614768255023746,6,0.14306656291019426,0,0.0,0
18988,37.90483149332302,3,1,1.1906592768877733,3,0.4982569164858567,0,0.0,0
18989,59.945497567181164,3,3,19.99370471047493,4,0.7284205479901321,0,0.0,0
18990,48.33788565431465,3,3,10.974731271095186,7,0.9997571180282625,0,0.0,0
18991,19.984995354186285,3,1,3.525621850545675,7,0.22117554238898068,0,0.0,0
18992,19.708571222483354,4,1,18.255205525801188,3,0.12127074677786354,0,0.0,0
18993,59.09481101299387,2,1,11.717493478987091,2,0.500693525534051,0,0.0,0
18994,18.26006552802388,4,4,10.027729757966583,2,0.9999394989847843,0,0.0,0
18995,29.122337280853117,6,3,2.922795591085361,1,0.28889867528325613,0,0.0,0
18996,16.548442687294312,1,4,11.786838969044414,0,4.8777440829872454e-05,0,0.0,0
18997,45.64356923989196,4,6,0.5325511367585172,3,0.3252985871375813,0,0.0,0
18998,47.66144721129382,5,4,5.439429387064834,5,0.3581793492282938,0,0.0,0
18999,44.724920471227236,3,1,7.233344691310942,3,0.9999028014611158,0,0.0,0
19000,29.37713368871275,4,2,12.1338899017207,1,0.20004018192521184,0,0.0,0
19001,29.99703285225822,3,5,2.2763613344132203,2,0.6097050401918342,0,0.0,0
19002,39.12902683438951,4,2,14.921925870053729,5,0.21818178016670425,0,0.0,0
19003,52.6775890288474,4,6,9.329194920713228,7,0.39489714429981587,0,0.0,0
19004,46.62993703049972,3,3,5.924857794369154,7,1.0003808292964727,0,0.0,0
19005,39.83068171191144,3,1,16.560028541147403,4,0.9553437199565088,0,0.0,0
19006,24.519899712716335,2,5,8.839840684073135,0,0.9890676673479928,0,0.0,0
19007,21.3138879313537,5,1,11.863281963788689,4,0.4419751629476225,0,0.0,0
19008,66.93188433640057,6,4,11.787677320951977,6,0.560423472267679,0,0.0,0
19009,38.145177512276454,4,6,6.154170479594691,4,0.4476869602643667,1,23973.9338419156,1
19010,47.507971661939,3,2,9.970705748120418,3,0.2693605863628237,0,0.0,0
19011,34.24162473742703,3,2,7.951869658901492,1,0.9996692496963452,0,0.0,0
19012,43.48601840989476,3,1,10.976524860615319,7,0.9999290398211889,0,0.0,0
19013,31.67795108708568,2,6,0.4674801627211327,7,0.43949240487565533,0,0.0,0
19014,68.85363490024315,4,6,14.944646108088005,1,0.9937341923897837,0,0.0,0
19015,21.352177599050332,4,2,8.469602822935181,3,0.974657087210582,0,0.0,0
19016,51.67931328024323,3,3,13.501409563119504,7,1.0001388196544063,0,0.0,0
19017,30.75413945676077,2,2,14.73096425523325,5,0.47205356248211783,0,0.0,0
19018,44.37753728840143,2,3,6.176284797320475,3,1.0003331372762185,0,0.0,0
19019,51.09033988898975,3,3,10.987402443600164,1,1.000431671466331,0,0.0,0
19020,41.164651483521816,3,1,5.352041293600045,4,0.3935272132333529,0,0.0,0
19021,29.329866991404607,3,4,17.486928727316663,3,0.538002943656948,0,0.0,0
19022,45.982071382227005,2,3,3.966931272074312,1,0.581356051853693,0,0.0,0
19023,23.73853306942567,4,6,17.693696461473834,2,0.3970396199330236,0,0.0,0
19024,52.85162730439207,4,3,12.286152500513925,2,0.4992578118475699,0,0.0,0
19025,45.50375590937793,5,6,19.540751630048646,7,1.1169110575456132,0,0.0,0
19026,14.319523319245977,2,1,2.154268296327384,3,0.21204586687802113,0,0.0,0
19027,50.381873797654904,4,6,8.776796565232807,2,0.0687746606494436,0,0.0,0
19028,34.620236750844214,1,2,18.125215790725363,7,0.9999596322411217,0,0.0,0
19029,43.211319761931065,5,4,20.000614622135487,3,0.9998681557698961,0,0.0,0
19030,25.348522628165448,3,3,16.031734407373598,7,0.9140157577265388,0,0.0,0
19031,60.763504128076846,5,1,4.528652600620464,7,0.9995370114322398,0,0.0,0
19032,55.68108657629327,3,1,1.689804448183434,7,0.9999529400279179,0,0.0,0
19033,49.08855070224671,3,6,12.912759370590491,3,0.4221400989363342,0,0.0,0
19034,44.293487209436115,3,3,18.45058580911268,4,1.0002205068231018,0,0.0,0
19035,61.637834289324644,1,3,8.832038845888118,6,0.9998162360852347,0,0.0,0
19036,52.58158063848069,4,3,8.65203049758636,2,0.39347270537471646,0,0.0,0
19037,43.15824448504459,2,2,10.58077579673183,1,0.16592450367396616,0,0.0,0
19038,38.885159006180274,2,4,19.999525459777452,1,1.0006083117258058,0,0.0,0
19039,62.890195596865524,3,3,10.925036176944303,5,0.9729377865447767,0,0.0,0
19040,50.040410737865244,2,2,0.5727544448959634,5,0.3676023157405211,0,0.0,0
19041,53.000116485337635,3,1,7.813175386359157,5,0.8750000346876524,0,0.0,0
19042,49.41333549549746,4,6,13.98806547330124,1,1.057031885488774,0,0.0,0
19043,31.39118527224662,3,1,14.378802866215171,3,0.9998574535681823,0,0.0,0
19044,59.86226975628098,1,3,11.028448220916612,4,0.6068948201975799,0,0.0,0
19045,37.56927471366534,3,2,18.44781366760558,4,1.0000174744982935,0,0.0,0
19046,50.75615827629136,4,3,22.597779959355087,3,1.0005552117076126,0,0.0,0
19047,58.28854913953877,3,4,20.00935204281786,1,1.224109513183087,0,0.0,0
19048,29.540619221343697,3,4,12.526485693069603,4,0.0,0,0.0,0
19049,27.83422412299764,4,3,3.666032619099389,4,0.30609714229719703,0,0.0,0
19050,51.756023719707976,4,6,18.491669257709663,6,0.5458288755294487,0,0.0,0
19051,55.86831781973013,1,5,19.994457707797054,1,0.47656256417889276,0,0.0,0
19052,34.72996097207583,1,3,2.0889652792929905,0,1.000014961938808,0,0.0,0
19053,38.472134223390874,2,3,5.0131409451118625,1,0.9864305585267908,0,0.0,0
19054,51.9883448937195,7,6,14.45932435910608,7,0.9372049516645737,0,0.0,0
19055,55.571116971195764,2,2,7.0736597586191134,7,1.0003064325072153,0,0.0,0
19056,46.69753363473863,3,4,20.001481407464475,2,1.000446747595199,0,0.0,0
19057,48.968794251219954,4,3,8.143703418701337,7,1.0004007961543322,0,0.0,0
19058,48.34380635311633,3,4,9.943190796623869,3,0.0851912526344879,0,0.0,0
19059,35.508328070932386,1,3,4.367155697800235,6,0.9998742474909201,0,0.0,0
19060,27.30018723142325,3,1,12.83132064245692,4,0.517211007279212,0,0.0,0
19061,42.55736297167847,2,3,9.565934932943946,3,0.9851165142235813,0,0.0,0
19062,54.03360537762909,4,2,19.997546909733746,1,1.4820243432344056,0,0.0,0
19063,45.30850080695945,3,1,14.489166028402376,7,1.0001057380398746,0,0.0,0
19064,42.47036446924553,3,4,8.401863652146872,1,0.874446680300493,0,0.0,0
19065,25.691350428785036,4,2,9.925526716363388,5,1.0277994693520747,0,0.0,0
19066,14.65837775712507,2,1,2.2693586317985446,3,1.000265778753541,0,0.0,0
19067,47.34134688224424,4,1,14.146889821077005,4,0.5032171184796658,0,0.0,0
19068,39.76894892165637,2,3,9.278155812256028,2,0.5024328781082584,0,0.0,0
19069,46.75118225842731,3,2,14.987771136208629,5,0.1472186157539701,0,0.0,0
19070,26.678055024981894,2,3,1.0814723079264486,3,0.8092297581126939,0,0.0,0
19071,20.558474248352773,3,6,16.046708888789574,0,0.2819484353771496,0,0.0,0
19072,59.48630133841203,3,1,8.045204930860798,7,0.9997552608311873,0,0.0,0
19073,33.37788431099352,3,2,10.081171193140335,7,0.6463208847705268,0,0.0,0
19074,50.296563370080484,5,4,23.486680536951134,2,0.9574039700849952,0,0.0,0
19075,40.523704377385904,2,3,13.976729934861034,2,0.727847705110017,0,0.0,0
19076,55.85061297297959,3,5,19.29378220311127,5,0.7019181378952335,0,0.0,0
19077,22.358726026426016,4,6,12.32608029474473,2,0.4703194911085537,0,0.0,0
19078,23.36552378310471,5,1,13.833964690029802,3,0.2884589085015078,0,0.0,0
19079,30.713499442753523,0,2,7.827433828398629,7,0.404040433367879,0,0.0,0
19080,37.79128305840325,1,3,4.507486631630661,1,0.9998396393196638,0,0.0,0
19081,31.46847616118653,2,5,14.322663194962288,2,0.9718883186266827,0,0.0,0
19082,60.827403223511,4,1,10.989904544725084,4,0.9994160053470624,0,0.0,0
19083,44.65578930796017,1,3,7.8899057685743585,3,0.9685821699658369,0,0.0,0
19084,43.897480361835335,1,3,6.950734850415591,7,1.0003645877559884,0,0.0,0
19085,36.04705777235848,3,3,7.9370117168664756,5,0.5040076228840722,0,0.0,0
19086,43.68407550198585,3,5,12.973237740039709,4,0.501963738063537,0,0.0,0
19087,36.79728550962761,3,1,2.822248217699661,4,0.306574247505178,0,0.0,0
19088,63.36857420557618,3,3,4.628780763294823,2,1.0004662726144473,0,0.0,0
19089,60.297502353504086,0,4,19.98726471659661,2,0.501088056008505,0,0.0,0
19090,53.11499723736817,3,2,14.185633632955112,3,0.9506927432245816,0,0.0,0
19091,60.40254104629606,5,6,13.916831596882124,3,1.0003274908348145,0,0.0,0
19092,19.64613049446065,5,6,4.368282169204683,5,0.0,0,0.0,0
19093,18.739872930557453,4,5,15.620350070467762,1,0.562310269494462,0,0.0,0
19094,46.535698931442475,4,2,9.393590702247762,7,0.9994902947280373,0,0.0,0
19095,42.470738469176766,5,6,7.097179066385398,7,0.9766908939030676,0,0.0,0
19096,39.6596003833014,2,3,8.46069345120288,7,1.0001573829798072,0,0.0,0
19097,44.17008573168377,4,6,16.829455951779885,3,0.712172654982406,0,0.0,0
19098,23.26056051487419,2,6,13.370713521604374,2,0.19846131681934426,0,0.0,0
19099,32.539448715725136,2,6,15.212905914118107,6,0.4119097699221476,0,0.0,0
19100,40.84239234843382,3,2,19.243648460172995,2,0.4306497270013315,0,0.0,0
19101,17.814241516051275,4,6,17.080245187248202,1,0.35062215382236045,0,0.0,0
19102,26.074332750946386,3,3,8.171996647413149,1,1.0004396376170719,0,0.0,0
19103,66.5327552466149,3,4,19.988494424149888,1,0.7517395674300823,0,0.0,0
19104,35.8594970079466,3,2,20.099390820266798,6,0.9999267064405513,0,0.0,0
19105,36.856746993023265,1,4,3.5061015275689646,3,0.08285136305350171,0,0.0,0
19106,32.023388294184855,3,1,6.428186018873827,7,1.0001607666296697,0,0.0,0
19107,51.33420277957993,3,1,20.33412296748154,7,0.9996174193755287,0,0.0,0
19108,27.881260848727145,2,5,0.0,6,0.33592478693433625,0,0.0,0
19109,30.67189485237137,1,1,5.6503837478525,3,0.36389230032394526,0,0.0,0
19110,49.934517704880776,2,2,2.6236871884410213,7,0.99948780630964,0,0.0,0
19111,44.6122312934973,3,6,9.867404701298824,1,0.9993401331110685,0,0.0,0
19112,39.666104008636225,3,6,9.847334793449676,7,0.9998273384363088,0,0.0,0
19113,40.30823704878149,2,3,0.0,1,0.9996349589739832,0,0.0,0
19114,38.51844168888567,4,6,12.553760089080608,7,1.0006775442586509,0,0.0,0
19115,50.73522109511069,3,4,19.99120378846176,1,0.3882037635634779,0,0.0,0
19116,60.34785444116001,3,3,19.99424437547754,2,0.4347992391890215,0,0.0,0
19117,35.28086814605221,2,1,15.20124497571252,1,1.0000862716260392,0,0.0,0
19118,50.36572519135851,3,3,8.382055336544811,7,1.1983443769908053,0,0.0,0
19119,49.02794088990034,4,6,0.0,3,0.4073112679792382,0,0.0,0
19120,48.8010731037301,1,6,9.080290715089363,5,0.06160599483508611,0,0.0,0
19121,50.09898398028997,0,6,16.19266068926737,3,0.8887981136384838,0,0.0,0
19122,51.2840573395403,1,2,6.599218641995066,6,0.3429854608011225,0,0.0,0
19123,34.19078543523126,4,3,3.119372540863285,4,0.08021214296912393,0,0.0,0
19124,52.28380533512442,2,7,1.1216586818583139,1,0.41171885257138296,0,0.0,0
19125,66.29804283750133,1,4,21.408185797411072,1,0.95887014617478,0,0.0,0
19126,36.039423440692424,4,5,13.514476795380746,6,0.4981176928859929,0,0.0,0
19127,48.258545144574896,3,6,6.867473249058105,7,1.0001045898350749,0,0.0,0
19128,35.03690406544455,6,1,13.188048288040406,0,0.4806451378379174,0,0.0,0
19129,38.920069293205,6,3,20.017916984974867,3,0.9998554874533545,0,0.0,0
19130,30.126947242001975,4,3,6.405357656808118,7,0.7816753563364705,0,0.0,0
19131,39.18541540030378,2,1,10.338146887578318,7,0.41786693973512357,0,0.0,0
19132,17.98162229312251,3,4,19.99479764499976,1,0.660704515236149,0,0.0,0
19133,49.242476632434645,3,1,0.0,5,0.9994519400604367,0,0.0,0
19134,33.70502801774935,3,4,6.11860646544954,5,0.08482569328352507,0,0.0,0
19135,54.07225675687593,2,3,14.040177653190177,6,1.0000473481393732,0,0.0,0
19136,28.332704191190253,1,1,3.156483261609738,3,0.431085234951432,0,0.0,0
19137,33.34954366060577,3,4,19.9874756111424,7,1.0002568222002408,0,0.0,0
19138,39.73943428781907,2,6,12.119397072297394,3,1.0001868662853068,0,0.0,0
19139,60.44364645179654,1,1,16.19302762256151,0,0.2766000387674356,0,0.0,0
19140,63.83794914208055,5,1,15.23772365026436,6,1.0005477884800045,0,0.0,0
19141,70.21894156430429,4,6,8.166985493709804,7,0.999938162476911,0,0.0,0
19142,22.755806157593074,4,3,7.091594282843265,7,0.6969856213415728,0,0.0,0
19143,32.084495745088844,4,7,2.854741338747006,5,0.0004775260910138135,0,0.0,0
19144,44.032006099493614,2,5,0.0,2,0.4728523077940341,0,0.0,0
19145,32.70328343772526,3,6,21.793876618239963,7,0.9622766698136791,0,0.0,0
19146,50.70366379853533,2,3,13.527087898934111,7,1.0003385916045682,0,0.0,0
19147,38.91196610781708,3,2,24.40228917536581,6,0.9993757567359425,0,0.0,0
19148,35.08146571048314,3,5,16.957902598350877,5,0.9714675958878727,0,0.0,0
19149,37.643866104498464,4,3,12.82645684276783,0,1.000258253482575,0,0.0,0
19150,38.006440380964214,4,1,10.583238961478491,5,0.999965282516363,0,0.0,0
19151,44.77467930436893,2,3,11.509395728320989,3,0.5701855005363159,0,0.0,0
19152,63.73988311525807,3,6,9.974056688413237,6,0.9166268769483606,0,0.0,0
19153,49.10570018362114,4,2,6.10543464883916,6,1.0002680727415747,0,0.0,0
19154,42.252434633729735,1,1,15.242063374403703,6,0.2612184218166682,0,0.0,0
19155,35.38177445045163,0,3,10.210742234251919,2,0.639376081509657,0,0.0,0
19156,38.505277878291,2,4,13.648942833267421,6,0.0,0,0.0,0
19157,59.72944655742964,4,1,8.350673868723463,7,0.1569541493812986,0,0.0,0
19158,37.46075847581701,4,4,9.825151683437035,6,0.6718947633001544,0,0.0,0
19159,51.141497378307236,2,1,16.016573080088797,7,0.9998290929232238,0,0.0,0
19160,35.359043606091966,3,4,8.936594480856652,7,0.776501327493261,0,0.0,0
19161,38.88080768160563,1,3,20.005656389759032,7,0.9529365909586053,0,0.0,0
19162,37.91768797468734,4,4,7.561223509497864,7,0.4083589486386031,0,0.0,0
19163,59.832256153897184,1,3,7.720266079712382,7,1.0094333492535275,0,0.0,0
19164,22.916814076968176,1,4,5.3165902579032425,3,0.17671345622981782,0,0.0,0
19165,47.40678906855205,3,3,14.277750210599617,2,0.9430422801384354,0,0.0,0
19166,48.24585131350483,5,6,15.079325958418426,3,0.6787450991547217,0,0.0,0
19167,51.36970639619436,3,1,3.7185885012812774,1,0.9994467399073224,0,0.0,0
19168,51.44210888866691,2,6,13.347848592606832,4,0.99957295769895,0,0.0,0
19169,44.0682016737821,4,5,11.06619830793337,3,0.4983713779848241,0,0.0,0
19170,38.996799918081024,1,6,21.729702941510183,7,1.0000737421658523,0,0.0,0
19171,48.684155539248614,4,3,4.6673232389690735,7,1.0003182144696197,0,0.0,0
19172,54.050033917962956,3,5,17.297985904392185,1,0.7030550154851962,0,0.0,0
19173,63.42128805470332,2,3,5.9970808902967585,8,0.014806207624662227,0,0.0,0
19174,23.900713267998167,5,6,12.488449790231273,3,1.0001141369789877,0,0.0,0
19175,59.96613308762869,6,3,10.591641213151277,1,0.6000580112354917,0,0.0,0
19176,71.8268348711216,2,4,20.007285940293585,1,1.0000266396580284,0,0.0,0
19177,55.9785036140524,4,6,11.41656596344504,7,1.0004166955651324,0,0.0,0
19178,58.37558641195783,1,3,15.359566163840064,3,0.9993376468596294,0,0.0,0
19179,43.64818468475245,1,3,0.3929284796705179,4,1.0001197782899394,0,0.0,0
19180,28.38446992935022,5,2,4.836406346457705,5,0.6446423812499004,0,0.0,0
19181,17.298648538215243,3,3,9.735574566858057,1,1.0003167969844289,0,0.0,0
19182,47.86415596628677,1,4,5.793362734524419,2,0.999848594887849,0,0.0,0
19183,62.98227161293828,5,3,30.246971314854314,7,0.8560524451625867,0,0.0,0
19184,55.84437540747738,5,3,17.374633149673382,2,0.49822615318281893,0,0.0,0
19185,49.12869808203014,4,2,13.663279194097171,3,0.9637235958241511,0,0.0,0
19186,36.18712946457784,0,3,3.553569316708524,7,1.20326924231155,0,0.0,0
19187,56.61761206394243,4,3,4.402069671653011,4,0.4851214837518677,0,0.0,0
19188,43.84020995202315,3,2,13.00550125683298,4,1.0003121846886718,0,0.0,0
19189,56.38360079889515,2,3,15.964790647440978,7,1.0004706604329536,0,0.0,0
19190,42.85776886810012,1,1,7.503578281748418,3,0.9992478214411538,0,0.0,0
19191,31.288436659092795,0,3,6.099760327453606,5,0.4111652367484548,0,0.0,0
19192,52.27550865499862,3,3,11.413922606862243,6,0.9996829075229957,0,0.0,0
19193,35.54671113289918,3,6,15.217789921147425,1,0.9996893831302238,0,0.0,0
19194,32.02169966490517,3,1,6.768484642495629,2,0.0006396161038391135,0,0.0,0
19195,47.25534947806187,1,1,8.400828619767907,7,0.9996687232417782,0,0.0,0
19196,40.64921673008154,1,4,20.01309652213388,1,0.18233032347416622,0,0.0,0
19197,14.29169599367783,3,5,11.390534895297394,1,0.26147646088418486,0,0.0,0
19198,50.47048384241732,1,3,12.790828836618433,6,0.8168144786389836,1,1742.6397484420424,1
19199,63.41350709809801,3,4,20.008059397685706,1,0.8416763015806127,0,0.0,0
19200,54.09468341381039,4,5,20.010817718826964,1,0.003874744198510638,0,0.0,0
19201,43.55598087419115,3,4,13.410922241702808,4,0.9998066737970754,0,0.0,0
19202,35.44795718661093,4,6,0.0,7,0.8138264848620165,0,0.0,0
19203,41.646476838480254,3,3,9.043305430943615,7,0.8500859804766842,0,0.0,0
19204,45.849933642608846,4,3,2.2955986907245265,1,0.9998542247432953,0,0.0,0
19205,56.93597375521674,4,3,12.089307410914358,5,1.0003591115827295,0,0.0,0
19206,42.679681832318664,3,1,19.987228511669073,1,0.195327095117163,0,0.0,0
19207,56.46416382549862,3,3,7.273216128535951,7,1.0002201596245472,0,0.0,0
19208,57.55117865368228,2,1,13.299594456025375,5,0.5010042920136232,0,0.0,0
19209,45.88410731453431,3,6,16.424026595159134,5,0.9999338880540947,0,0.0,0
19210,41.36110114330512,3,1,20.004797792602684,1,0.0,0,0.0,0
19211,43.96973064997624,2,6,12.814103258721937,2,0.9995837691948382,0,0.0,0
19212,74.00461330451024,3,4,13.574107786936388,3,0.3005638119796792,0,0.0,0
19213,22.24708305813629,3,2,9.908203980391754,5,0.4774774529905963,0,0.0,0
19214,49.37360933976496,1,4,14.001703696978486,7,0.9993478441683201,0,0.0,0
19215,43.86641000549514,4,1,20.795373576684312,0,1.0004785414806878,0,0.0,0
19216,56.36676001820646,2,1,2.4994428249366223,4,0.6856938212617756,1,3644.6854669917784,1
19217,44.75417095326599,3,7,2.7882284034116154,5,0.49661915244395294,0,0.0,0
19218,41.846085376998175,0,3,0.0,2,0.09661983380147465,0,0.0,0
19219,47.708026893913456,4,2,6.857032429885294,7,0.059103538967563374,0,0.0,0
19220,36.92050566022569,5,2,9.013389069234897,2,0.4556069662623369,0,0.0,0
19221,41.5683982254918,3,2,0.44076652847581244,7,1.0000994114665644,0,0.0,0
19222,24.40311121410831,2,2,4.89392104388124,3,0.6993841269649974,0,0.0,0
19223,36.44046550422174,2,6,9.26927753729658,2,0.9993566796475641,0,0.0,0
19224,29.37989741320508,0,6,19.285503036306515,7,0.0,0,0.0,0
19225,79.99454955550208,3,4,10.325176787335344,5,0.9999865775191862,0,0.0,0
19226,47.51997517544851,3,3,6.662865664088148,2,0.49851873306715316,0,0.0,0
19227,64.18458634866676,4,1,0.0,3,0.9411790456623241,0,0.0,0
19228,29.946964555718694,2,3,8.406999692471334,1,0.5707677819150673,0,0.0,0
19229,45.915679110442255,5,5,20.00116364535588,1,0.40265831069648605,0,0.0,0
19230,35.80447600879154,2,4,9.560151881579392,6,0.2470771487102641,0,0.0,0
19231,28.62191255688694,2,1,20.00024989013989,4,0.0,0,0.0,0
19232,54.85502962425044,4,3,10.98700457533588,3,1.0004545117159271,0,0.0,0
19233,47.965009191568036,4,6,15.350856310908,1,0.5934539845771147,0,0.0,0
19234,48.357292960998684,3,2,7.1472087622041345,1,0.1936501722996385,0,0.0,0
19235,41.27985332882953,4,4,4.4283358600480405,6,0.8697099816550629,0,0.0,0
19236,44.886722183427025,3,3,5.6860548171027,6,0.999710318642365,0,0.0,0
19237,50.42078840240029,4,2,17.631160909818938,4,0.16655570312559054,0,0.0,0
19238,47.16808779058106,5,3,13.200469050658944,7,0.9998257521227525,0,0.0,0
19239,40.58329155637519,1,3,11.372164983069515,6,0.7163627893495146,0,0.0,0
19240,21.99939808804266,3,6,3.178194655380101,2,0.35439388739757055,0,0.0,0
19241,27.356145261884564,3,6,11.543536288533973,3,0.0,0,0.0,0
19242,45.82083224237482,1,2,19.997189571962217,1,0.42959070958972967,0,0.0,0
19243,36.78640641096264,4,3,14.527462314153526,7,0.9996465535050056,0,0.0,0
19244,55.62925323416634,3,3,2.182132596894048,3,1.0000656506657222,0,0.0,0
19245,20.662792742004022,6,5,3.3690123919705366,1,0.7496913990357602,0,0.0,0
19246,35.62866943929514,3,2,12.482059209907922,7,1.000441156410624,0,0.0,0
19247,40.73004159654817,4,3,4.330260553503259,3,0.40333944291420637,0,0.0,0
19248,59.25126719932685,4,6,11.634916774080331,7,0.8767902363402256,0,0.0,0
19249,37.58511199590555,3,3,0.0,2,0.4952601778073316,0,0.0,0
19250,62.61069512426875,4,2,14.161106637546375,7,0.9996029733817219,0,0.0,0
19251,20.21368358071362,4,6,8.7946676419872,6,0.597726276309309,0,0.0,0
19252,15.671496234920994,2,3,13.365826743054864,2,0.9996546467114424,0,0.0,0
19253,47.6360889619201,5,6,13.04927880570927,7,0.9999730672042262,0,0.0,0
19254,37.14099797933349,3,6,14.245809322053498,7,1.00018886659575,0,0.0,0
19255,40.88479962827274,3,3,5.620449851306237,1,0.4256891660607494,0,0.0,0
19256,59.351007473885105,3,2,8.403829629284495,4,0.563877749414584,0,0.0,0
19257,47.62897677606494,3,4,6.210904031512737,3,0.4036771043422489,0,0.0,0
19258,41.97603463708622,4,1,13.173049964672504,7,0.9997497760145284,0,0.0,0
19259,54.6349103642573,5,1,17.099996519284304,3,0.9996665322655094,0,0.0,0
19260,50.69358192353391,0,3,10.403516376102454,3,0.4461537166695636,0,0.0,0
19261,36.16200260010591,4,2,0.0,7,0.20139395348644407,0,0.0,0
19262,30.649032133830218,2,3,1.639699240507447,1,0.38735333484696577,1,69244.69853367488,1
19263,31.407833205612597,0,3,1.4999219927893304,1,1.0000031315112081,0,0.0,0
19264,53.45480710171859,3,6,8.624666946283678,7,0.9996736951609584,0,0.0,0
19265,39.03123856825137,2,2,6.531857551573077,1,0.5533243221092392,0,0.0,0
19266,42.18591258177619,5,1,19.999200405716174,5,0.3194664127511169,0,0.0,0
19267,20.91809048456042,5,1,15.547406539872625,2,0.046668065599374975,0,0.0,0
19268,46.28259016063664,3,4,15.116605267092577,1,1.0002838834944274,0,0.0,0
19269,28.726448704737916,4,6,15.676570242828145,2,0.7986856589079233,0,0.0,0
19270,30.998743109570626,5,2,4.665561197820056,4,0.6952254702142983,0,0.0,0
19271,55.681465400962644,0,2,15.928814263112532,1,0.20416174231804385,0,0.0,0
19272,20.755773343413463,1,3,17.451815872488677,1,0.976399720652908,0,0.0,0
19273,4.395250575741237,4,6,16.571881023718653,1,0.9545935886993433,0,0.0,0
19274,42.821112397453305,5,2,4.165839342966187,7,1.0003145114858012,0,0.0,0
19275,47.020249750040335,2,3,16.259996941195737,7,1.000299024340319,0,0.0,0
19276,24.81301831614824,1,5,11.284075585245114,2,0.11521834161518762,0,0.0,0
19277,11.810300319773113,6,1,14.994944166956323,2,0.3211104913728375,0,0.0,0
19278,44.74667773226375,3,6,17.40423908707558,7,0.9999643165874723,0,0.0,0
19279,46.10189923438696,4,2,16.305138137375497,1,0.5285965219393618,0,0.0,0
19280,23.66598025512297,3,4,19.996440722365385,1,0.538363018212793,0,0.0,0
19281,39.34128060363084,2,2,11.156408884752953,1,0.668419725628306,0,0.0,0
19282,30.005583861193713,1,2,14.756050621250136,3,0.014716861590409969,0,0.0,0
19283,53.06388243900525,3,2,8.027997908901613,4,0.9567134170408204,0,0.0,0
19284,50.85034888535867,4,4,12.092092725821082,6,0.46946896950709516,0,0.0,0
19285,24.824342025383867,2,5,8.20014016326305,2,0.9897461058142313,0,0.0,0
19286,36.880102447511824,4,4,10.67096417511616,7,1.0000792582997153,0,0.0,0
19287,64.36843613142626,3,2,22.758177393572065,1,0.9999835491014752,0,0.0,0
19288,67.12236873558422,4,3,18.255957400992237,4,0.6205024047135865,0,0.0,0
19289,57.83837019006388,2,3,7.127584098931875,7,1.000101927452996,0,0.0,0
19290,22.79386155487692,3,2,4.987095257814657,3,0.3037064040443054,0,0.0,0
19291,49.698902273915294,3,3,0.6563567945245694,5,0.24320039923248876,0,0.0,0
19292,47.52900385926423,3,4,20.002841747750466,7,0.8311255577706085,0,0.0,0
19293,49.259118669901405,4,2,13.05501473206267,5,0.8058331847349797,0,0.0,0
19294,52.36438814309906,4,5,13.076824425086082,7,0.9996999184748068,0,0.0,0
19295,48.34252853143576,4,4,20.003040029718612,1,1.0002273521823557,0,0.0,0
19296,70.24606173726977,3,1,13.036182525251103,6,1.011192193682124,0,0.0,0
19297,57.2893823484275,3,6,19.85795557775432,1,1.0370251269845947,0,0.0,0
19298,35.23007236173777,1,3,3.647091274568772,1,0.9366914246724426,0,0.0,0
19299,21.817509910619915,5,2,6.094668344806425,2,0.06080036924810983,0,0.0,0
19300,36.99521972737866,4,4,19.996527045443983,4,0.619541922020773,0,0.0,0
19301,46.26314179663765,4,1,2.5894958037917473,3,0.9761747289659835,0,0.0,0
19302,59.88990425041132,4,1,21.544175172651656,7,0.9997261735136651,0,0.0,0
19303,24.27834660695316,2,6,16.57223439961418,1,0.9720808431907018,0,0.0,0
19304,33.810592469777596,5,2,16.472776830690723,7,1.0000721997850606,0,0.0,0
19305,58.89870834498258,4,6,8.158264699991093,6,0.6377683856319442,0,0.0,0
19306,50.93050640624165,6,3,3.7584720729730066,1,1.0244481737614175,0,0.0,0
19307,50.64231561328437,1,1,17.677218819965326,4,0.9930507524197245,0,0.0,0
19308,40.03037297792657,3,3,6.435000835641442,5,0.5026452276576646,0,0.0,0
19309,44.163778784377584,2,3,5.657450885716988,2,0.4924048424671206,0,0.0,0
19310,27.99612878321843,5,1,14.78145032361056,7,1.000619189370013,0,0.0,0
19311,43.29920836111518,3,1,5.4723871102194215,7,0.9998584012134805,0,0.0,0
19312,29.2343453398928,2,3,17.949156881237336,1,0.9375059314032972,0,0.0,0
19313,31.258467368719927,4,1,4.581143601164575,3,0.38940916365790657,0,0.0,0
19314,59.95518169856313,3,4,16.38774929766092,2,1.000470361634445,0,0.0,0
19315,27.92068885269972,4,3,19.998728588942598,1,0.6757868087616561,0,0.0,0
19316,53.072870960033484,3,2,14.637974879601908,7,1.0000279072791276,0,0.0,0
19317,46.74436235086105,3,4,14.454148976727275,3,1.1368882849740762,0,0.0,0
19318,37.07972536207305,0,1,16.169929037422797,7,0.5452753620599758,0,0.0,0
19319,41.69141714020348,5,3,8.623378549041394,2,0.9999476026251686,0,0.0,0
19320,67.11289131812757,2,1,13.864023583232449,3,0.999707489750703,0,0.0,0
19321,45.47049196338066,2,1,13.44091291523139,5,0.5033947204395681,0,0.0,0
19322,42.36724550905865,4,2,5.031729614232595,1,0.9288545743993608,0,0.0,0
19323,44.06073884022712,6,6,16.590460144035248,7,0.9681849322621343,0,0.0,0
19324,34.408790741672675,2,4,19.650333789810734,1,1.0004188141115111,0,0.0,0
19325,59.65226318451957,3,3,13.650986254533592,4,0.9999690334390547,0,0.0,0
19326,40.423893635533354,4,1,20.000815732981238,0,0.47297566366406774,0,0.0,0
19327,54.814797111160516,3,3,9.794653805710977,5,0.999970651203217,0,0.0,0
19328,24.987881341081692,5,2,10.56242732075661,6,0.9629516966177514,0,0.0,0
19329,51.74209922186539,4,1,14.560779690336405,2,0.5706638258383345,0,0.0,0
19330,55.437698309152,6,3,7.275312680617393,1,0.45656297020883896,0,0.0,0
19331,23.1080819517004,1,4,14.326664836200083,6,0.0,0,0.0,0
19332,33.05153574086962,4,4,20.000570864759446,1,0.49758523477789196,0,0.0,0
19333,34.766607222480125,3,2,15.414008461969853,7,0.7662253188008336,0,0.0,0
19334,46.435315840270476,4,3,10.131893275473459,3,1.000425585446544,0,0.0,0
19335,64.6780634131911,3,3,0.8931020512505885,4,0.49823481016117827,0,0.0,0
19336,28.143420312765933,5,5,9.302337332410882,0,0.5024387043782657,0,0.0,0
19337,42.16830743162701,3,3,6.621726474273311,5,1.0001005974292185,0,0.0,0
19338,53.3877347571493,2,3,18.92682869790535,7,1.0005227778375838,0,0.0,0
19339,33.58634334822207,3,6,11.791048004928664,1,0.9625878554287426,0,0.0,0
19340,34.91284747389721,3,6,14.774308502234028,7,0.651402024699628,0,0.0,0
19341,37.76199834486371,4,1,9.009375237512774,3,0.9373216770945898,0,0.0,0
19342,41.344260834888225,3,3,10.597071808415361,3,1.0000147755864495,0,0.0,0
19343,50.1701936623586,4,3,2.0033739285091823,3,0.9999875023617607,0,0.0,0
19344,53.332100771209525,2,3,6.782356470441917,6,1.0002376967564153,0,0.0,0
19345,65.62966742749553,2,6,9.531769014408829,3,0.48271605606088763,0,0.0,0
19346,33.840909939801605,2,3,7.350902054841085,5,0.15630259443848915,0,0.0,0
19347,56.12845173583252,4,3,13.81506789900902,1,0.9995473731406893,0,0.0,0
19348,31.80704722153424,3,4,19.5263261819701,2,0.49064983438202164,0,0.0,0
19349,55.95663099866759,3,1,10.649652697451886,5,0.49724223271388657,0,0.0,0
19350,20.37165285656219,6,4,16.068717230750153,7,1.0000750643950194,0,0.0,0
19351,51.993276461166744,1,3,0.9867710465266626,2,1.0002418891629996,1,173004.15027897657,1
19352,22.36080684098647,4,5,10.340538321144342,1,0.6354003724333868,0,0.0,0
19353,61.98110249598578,4,5,4.527831940090674,7,1.4738768592723162,0,0.0,0
19354,46.398322869705076,5,5,20.09806002285041,7,0.5667622232895723,0,0.0,0
19355,44.10015646202482,5,6,12.734683251084581,7,1.0001102666842252,0,0.0,0
19356,46.803868830861376,3,6,8.960119334147844,7,0.7262035739466723,0,0.0,0
19357,25.49215942317763,2,2,5.577021197252772,3,0.9439704873975353,0,0.0,0
19358,37.13796000693622,5,1,11.124242005740262,7,0.9991560670099213,0,0.0,0
19359,34.77263061863498,4,6,15.615120421384532,6,0.636265404470589,0,0.0,0
19360,61.90935292460622,4,3,3.064059846055155,3,0.4963956486374957,0,0.0,0
19361,44.14154392857409,2,3,19.993856025250196,1,0.560397873481139,0,0.0,0
19362,57.101970410990305,3,3,3.0654707641044983,4,0.5007349490994383,0,0.0,0
19363,67.67193512626841,3,3,21.84372411748079,2,0.9325170075405698,0,0.0,0
19364,39.749255352911554,2,3,13.043126384474444,2,0.5009755353101509,0,0.0,0
19365,34.3759827260093,1,6,14.003700918249356,2,0.4971532806408606,0,0.0,0
19366,36.82694564928939,2,1,20.144486037373106,5,0.5026174558818625,0,0.0,0
19367,51.4156259535942,3,3,14.77948028874178,3,1.0003309421681008,0,0.0,0
19368,40.36874223743338,5,1,12.84690648051769,0,0.0,0,0.0,0
19369,55.22932432191929,3,5,14.351200323837315,4,0.498500125035206,0,0.0,0
19370,25.236181050156976,1,3,0.734720358449735,3,0.024100497508524277,0,0.0,0
19371,28.560035745463907,1,6,9.69439828784747,2,0.22243480695611517,0,0.0,0
19372,21.923715249181324,1,2,6.167392036808032,6,0.9571139295442601,0,0.0,0
19373,22.22811933929802,3,2,8.652758125627624,5,1.0005011612099772,0,0.0,0
19374,28.615067394003738,0,1,0.5081999294063788,3,0.9562957247066286,0,0.0,0
19375,34.827250762772195,2,1,0.0,3,0.21583983679889607,0,0.0,0
19376,32.69814436611988,1,4,13.912004084596534,2,0.1489932610376521,0,0.0,0
19377,43.08665709069596,3,1,2.5062351346870813,7,1.0000861143300583,0,0.0,0
19378,51.725860044127096,3,3,12.617824978577303,3,1.0003697567688998,0,0.0,0
19379,27.890994795752285,1,4,12.95543136281064,5,0.14940132733235323,0,0.0,0
19380,54.8151576009859,3,0,19.99722107960691,1,0.9998836517488043,0,0.0,0
19381,46.72997129663858,6,1,9.32196137908145,4,0.49730483418505156,0,0.0,0
19382,22.064547882457138,3,6,5.636624804667225,3,0.8782514257185812,1,2248.1981656101725,1
19383,50.43135808087714,2,5,5.373492568419852,1,0.5416169791996046,0,0.0,0
19384,31.04951064421197,2,3,10.12428069673612,3,0.9363629689713673,0,0.0,0
19385,27.735763396390002,3,2,16.59941720565252,4,0.9998318885152884,0,0.0,0
19386,45.099424753885756,4,6,19.665894628787022,7,1.0001574281973613,0,0.0,0
19387,48.81446062370403,3,4,19.996362169372134,3,0.9997409695205633,0,0.0,0
19388,46.40233237431461,1,3,4.184995187410685,7,1.0000461964225318,0,0.0,0
19389,64.57369455088195,3,5,11.990563091554217,4,0.3133526424415333,0,0.0,0
19390,25.17821058332205,3,3,18.167296810259607,5,0.12085562662707039,0,0.0,0
19391,22.82353796043645,3,1,20.011466177033437,2,0.8727539631042764,0,0.0,0
19392,21.926399895327595,4,6,12.676232675070725,1,0.2863976465551574,0,0.0,0
19393,50.45058589728059,1,3,14.623167183611612,2,1.0005831562827514,0,0.0,0
19394,31.94482457719576,4,4,8.650303217055972,7,0.7824881770227476,0,0.0,0
19395,60.66613821548905,2,2,6.574491999408603,7,0.2954571942786253,0,0.0,0
19396,57.915163128261206,3,4,15.385171465829403,1,1.0004594810436869,0,0.0,0
19397,53.60577274633915,1,6,4.705370374151827,7,0.4826728471121223,0,0.0,0
19398,14.221926289904008,3,2,12.130294280161616,2,0.9993913816127389,0,0.0,0
19399,59.865314183574895,3,3,2.251502333153999,3,1.0004435872561115,0,0.0,0
19400,54.775831267883845,4,3,3.838275660217872,4,0.594796052877145,0,0.0,0
19401,32.98284775351025,1,3,15.534953590870366,6,0.0,0,0.0,0
19402,36.35767686690432,3,3,9.072730393457189,1,1.0009336413943983,0,0.0,0
19403,27.358640925706794,3,7,7.060141767325618,8,0.006634656393480931,0,0.0,0
19404,46.37893813404169,3,4,18.603808319386005,3,0.7719854686556201,0,0.0,0
19405,82.15314141239567,4,3,10.780842575320397,3,0.9998754459415016,0,0.0,0
19406,39.13804359690468,2,1,16.11355054727132,4,0.647416964545702,0,0.0,0
19407,63.211390464829236,4,3,11.823860689566695,4,0.5055858720593989,0,0.0,0
19408,47.42841942427245,3,2,14.714691188542128,6,1.0003425208399999,0,0.0,0
19409,50.17872381090839,2,1,15.637644467338049,5,0.9559674471352442,0,0.0,0
19410,41.09416524746981,2,3,4.330896883824005,3,0.4977002808203381,0,0.0,0
19411,43.03030300416537,3,2,0.3067569210927914,7,0.9995458964587802,0,0.0,0
19412,46.80689771668006,5,2,17.395726564862528,1,1.0002155557233654,0,0.0,0
19413,25.10164909707236,2,2,11.946051296187234,2,0.5643497422028841,0,0.0,0
19414,23.288852149081894,2,2,13.175991720151774,6,0.9998508473378793,0,0.0,0
19415,35.83009938995982,3,3,15.249598060787642,3,0.24320799247757785,0,0.0,0
19416,42.94765658918014,2,3,2.263590437209242,3,1.0000959732180867,1,5070.267970993839,1
19417,54.27684627553798,3,6,16.570589549636196,3,0.9996091355608077,0,0.0,0
19418,22.539233066208627,2,6,12.377191358361113,5,0.7381733228021377,0,0.0,0
19419,28.949346385305027,3,2,9.82256951216898,7,0.4435701910979053,0,0.0,0
19420,51.309129895933744,3,1,0.7719021627548024,0,0.09669038232742133,0,0.0,0
19421,31.394571041653013,1,3,9.145545717814208,1,0.25798375451928646,0,0.0,0
19422,43.56126283619383,1,3,5.8317712649856634,4,0.30494409540472434,0,0.0,0
19423,25.13938628453648,3,6,14.774941351166525,4,0.9995886108305752,0,0.0,0
19424,47.05198817991966,2,1,4.640967574338575,4,0.674081662038614,0,0.0,0
19425,22.664151338001695,3,2,2.0041359052405046,7,0.1854023093858107,0,0.0,0
19426,55.301757930596615,4,4,19.992586617770495,7,0.2563202876397024,0,0.0,0
19427,49.383004060134546,3,3,14.485206007517554,7,0.9996290491577411,0,0.0,0
19428,19.53226383714592,2,1,9.691320523474188,1,0.9997889386858032,0,0.0,0
19429,36.002357593635736,4,1,6.226663800332852,2,1.0005707254573217,0,0.0,0
19430,54.87169057269899,3,2,6.165499641565627,7,0.9998637820656897,0,0.0,0
19431,40.63727347037572,3,5,17.869783990208994,5,0.2638805745634044,0,0.0,0
19432,47.96957660172699,5,5,13.53763872889891,2,1.0004079011070117,0,0.0,0
19433,64.55934769245752,3,4,17.85988862243098,1,0.9875374461211287,0,0.0,0
19434,53.49955667118381,2,6,17.602378661483556,3,0.779678523696294,0,0.0,0
19435,13.678564386056934,1,3,9.603189133991783,3,0.9580333861783692,0,0.0,0
19436,72.9012303330334,3,5,19.49239493374373,2,1.000438242610645,0,0.0,0
19437,67.38585913858192,4,5,13.596305801279467,4,1.0003486761131128,0,0.0,0
19438,27.99658059111188,2,4,13.502274166398202,5,0.18219837184304388,0,0.0,0
19439,57.83558143807745,4,6,19.170538240558166,7,0.723890382488199,0,0.0,0
19440,39.16005365917554,7,2,17.098343859661846,5,0.9933876327555429,0,0.0,0
19441,36.752273567331905,1,6,17.06385774305473,4,1.0000995030010704,0,0.0,0
19442,42.08550231075836,3,4,20.00073964797761,7,0.9761892245339983,0,0.0,0
19443,39.4484290387532,4,5,0.9296571209360387,3,0.09963818004611646,0,0.0,0
19444,39.71826333870927,3,2,18.43791756144777,6,0.9992095478172166,0,0.0,0
19445,46.15981135964075,2,6,3.383741389282852,7,1.0007264681396408,0,0.0,0
19446,50.384523131297904,2,1,12.352129652567942,5,0.49966414935773,0,0.0,0
19447,47.45630454530728,3,4,19.9983598710319,7,0.9998281152701008,0,0.0,0
19448,61.11664211538282,1,3,15.227764807028827,4,1.0005748618979442,0,0.0,0
19449,16.73835816681842,3,3,9.085202218066103,3,0.6983182560878372,0,0.0,0
19450,26.82827524543243,4,6,13.739179445056902,2,0.6868867823702488,0,0.0,0
19451,57.172814235868145,3,4,7.762824948779658,2,0.48897789163214384,0,0.0,0
19452,45.19210382774339,4,3,21.319784071931018,5,0.9996570298552838,0,0.0,0
19453,40.04617243881917,3,1,4.578813423801227,0,0.0,0,0.0,0
19454,26.100574961722725,4,5,19.99122176866709,1,0.43959234333022856,0,0.0,0
19455,37.93639912909386,4,1,5.95999173480874,4,0.5010759363929432,0,0.0,0
19456,50.470479041968964,3,4,6.425316972785782,2,0.18966900652877672,0,0.0,0
19457,37.52698198474014,2,4,20.005959728433044,0,0.4934609798740039,0,0.0,0
19458,35.60188304484464,5,1,5.0320236942689585,7,0.999312520209072,0,0.0,0
19459,26.9980499262242,3,3,8.994088093055248,4,1.0002510210674103,0,0.0,0
19460,69.03014443648559,3,1,18.47083283667761,3,0.39033582131201616,0,0.0,0
19461,35.59516822877563,2,2,5.2733121938975485,1,0.5955322736428782,0,0.0,0
19462,24.64218797766705,4,3,5.7436327952175805,2,0.29415160108243615,0,0.0,0
19463,47.168963099549366,3,1,14.421492629279241,0,0.2215032491932376,0,0.0,0
19464,49.2977601254507,3,4,7.769327174409765,4,0.999782900930649,0,0.0,0
19465,33.20631229244709,4,4,19.997950452212933,1,0.25244430837491905,0,0.0,0
19466,58.883576735953156,3,3,20.743207830590425,0,0.5457575479521437,0,0.0,0
19467,45.18191597514364,1,6,14.991409163094657,5,0.9996098357338888,0,0.0,0
19468,16.37026233153366,4,4,9.40965366849714,4,0.03701285651404085,0,0.0,0
19469,39.11803877680519,2,1,5.4744283068704345,3,0.49488735813589263,0,0.0,0
19470,46.46280083672717,3,6,14.857970362572914,2,0.7465789799401913,0,0.0,0
19471,52.207495691129864,2,1,13.681263972897813,4,0.5001002450571308,0,0.0,0
19472,25.021927288157862,2,3,8.48091216766521,3,0.9998934380958331,0,0.0,0
19473,54.66471495849305,1,1,7.02564975088299,0,0.09653543986130997,0,0.0,0
19474,60.46202103042046,4,3,16.28905117704857,7,1.0564003531328408,0,0.0,0
19475,46.24323184504533,3,2,13.32752968800418,7,0.9998637494024802,0,0.0,0
19476,37.049974769885004,3,5,6.886622644565929,1,0.619177911654328,0,0.0,0
19477,26.897907669395977,2,5,22.00415960493214,1,0.9902454216616834,0,0.0,0
19478,44.7748146335822,4,3,6.508026270641655,7,1.0004654302385045,0,0.0,0
19479,51.96150230500221,2,6,8.417662200924699,7,1.0003223261589547,0,0.0,0
19480,50.30943875338687,3,6,13.469868838950026,7,0.9995758468282228,0,0.0,0
19481,48.534524788946634,3,1,18.840677814763648,7,1.0003974031733949,0,0.0,0
19482,64.32608054112484,1,4,6.70612218446233,1,0.9734473625362585,0,0.0,0
19483,58.28365620403055,0,1,0.9224773715003227,2,0.6525122576915626,0,0.0,0
19484,19.669900553282574,3,7,9.961682140873632,3,0.5972111673135487,0,0.0,0
19485,53.83670678653839,4,2,12.386952200421444,7,0.44259995795224577,0,0.0,0
19486,41.846000356241014,3,6,4.864114710270066,1,0.36610651872335653,0,0.0,0
19487,35.147917382898385,4,2,0.0,7,0.4878161413583133,0,0.0,0
19488,55.790364054713294,4,3,4.257172740483797,0,1.000003736130719,0,0.0,0
19489,15.332729175095423,3,1,11.713829915775808,1,0.21626438510594725,0,0.0,0
19490,35.323024123284384,3,3,7.651362822562026,4,0.0,0,0.0,0
19491,44.56205187554724,4,2,13.06632737559191,1,0.27269776187826805,0,0.0,0
19492,38.902721561481364,3,5,17.21592323918128,1,0.9997629194460445,0,0.0,0
19493,40.31464930776793,2,3,15.532757749919888,4,1.0007441916776085,0,0.0,0
19494,21.19350059300883,2,2,8.179846307013843,3,0.42383370420853167,0,0.0,0
19495,57.530559514676824,2,3,11.564744408280575,5,0.4984310302180309,0,0.0,0
19496,27.516002743790143,2,1,0.0,0,0.3077843615715548,0,0.0,0
19497,38.04881018947921,2,1,6.864387335624688,4,0.18544265814840688,0,0.0,0
19498,46.432572722628144,3,6,3.6136251296454454,1,0.9435629237387695,0,0.0,0
19499,53.80517633178832,5,4,19.99524287861276,7,0.6603032277250293,0,0.0,0
19500,46.914632957062906,2,3,5.971326306810888,7,1.0002557613834397,0,0.0,0
19501,23.270882772326903,4,5,5.5043414083188305,2,0.5372391624395525,0,0.0,0
19502,62.686800442512435,1,4,19.70608205419112,6,1.0925354865665229,0,0.0,0
19503,46.29475633902267,5,3,15.563059474889995,2,0.4212390933037995,0,0.0,0
19504,37.023527130456344,5,5,14.982915973952416,3,0.9999229434318262,0,0.0,0
19505,42.7949419721542,5,6,17.842202597181043,3,0.5473734803921758,0,0.0,0
19506,69.50041069724271,3,3,14.789257100379459,4,0.9998673225813843,0,0.0,0
19507,30.806936061697584,4,3,11.751664844278146,2,0.30574190195536527,0,0.0,0
19508,43.171499104989174,5,1,13.952253187243041,2,0.4274146737696859,0,0.0,0
19509,24.341272021213335,3,1,2.3683441116091544,4,0.9873742619725097,1,3582.0752154443003,1
19510,53.94693937476684,2,3,16.548488405232913,7,1.000076101573092,0,0.0,0
19511,48.616479911286945,1,5,5.920106680983232,5,0.5451960054644807,0,0.0,0
19512,49.44995041044996,3,0,16.2555963948323,7,0.9826246723235781,0,0.0,0
19513,52.85494633736936,4,3,4.482687521247421,3,1.0000234833216546,0,0.0,0
19514,71.45425045040696,1,1,5.175353929185847,7,0.4327029334668817,0,0.0,0
19515,24.886017263897784,1,5,3.4521525177997328,3,0.920839196503052,0,0.0,0
19516,72.577363460645,1,3,4.348623343449975,3,1.0004723583440454,0,0.0,0
19517,33.17733307876597,5,3,14.944490073713643,4,0.999696837355075,0,0.0,0
19518,71.78009266190891,3,3,0.051091537623983996,1,0.2781928397676192,0,0.0,0
19519,41.81135643858379,3,6,10.28041112963569,2,0.08304631581297539,0,0.0,0
19520,37.09137705412921,3,1,6.494064821429978,7,0.20342621560580076,0,0.0,0
19521,28.673585999481997,3,7,11.149603620075673,1,0.0,0,0.0,0
19522,30.37264399423015,3,3,17.035525934509266,3,0.4863152087802949,0,0.0,0
19523,39.551515981892415,3,3,6.336234383952854,7,1.0004518117099122,0,0.0,0
19524,39.4849796070863,3,4,20.003073677415504,1,1.1797917858111844,0,0.0,0
19525,30.353309739885052,5,1,16.853780573344306,4,0.189242503389992,0,0.0,0
19526,55.16711895623074,3,1,14.956977920981375,2,0.5032120568284446,0,0.0,0
19527,32.81615063430566,1,2,6.368979242560596,6,0.7981606264864489,0,0.0,0
19528,40.278379422407745,2,6,4.411028103629294,6,0.8195565114668244,0,0.0,0
19529,46.42039696906973,3,3,0.09852675807877986,2,0.9998872041800985,0,0.0,0
19530,68.82261498780966,3,5,8.140835558100017,7,0.9997268269865824,0,0.0,0
19531,31.91999596306647,3,3,19.998041162875246,3,0.8261123948025249,0,0.0,0
19532,36.27544549756452,4,3,17.378595369922586,7,0.0,0,0.0,0
19533,34.993018958486346,2,6,0.0,6,0.4278930860403923,0,0.0,0
19534,35.52742508034265,3,4,19.997762409948592,4,0.9997305480256958,0,0.0,0
19535,51.2366264423404,3,4,19.205915344533572,7,0.4131449955785835,0,0.0,0
19536,39.94366414398708,1,5,0.0,4,0.365706344950263,0,0.0,0
19537,51.48109297088943,4,3,7.352446743395299,5,0.059838741844242316,0,0.0,0
19538,29.58216301966158,3,3,22.560914304012968,7,0.0,0,0.0,0
19539,25.91554558214973,2,3,12.17526379825629,7,1.000216571165259,0,0.0,0
19540,28.3603649620595,4,6,9.412092273791641,7,0.999536335252228,0,0.0,0
19541,61.328170634836475,1,4,19.991480077933105,1,1.000134184457085,0,0.0,0
19542,38.74813893884862,3,4,19.997775391516555,1,1.2844651255452648,0,0.0,0
19543,40.785874745566254,4,6,3.479713451877095,1,1.0035283614544723,0,0.0,0
19544,40.66467990014818,1,4,3.7570162889456755,4,0.1794716990280849,0,0.0,0
19545,31.7537179760565,3,6,16.931993184940332,3,0.2325388218818829,0,0.0,0
19546,46.227599378947296,1,3,7.094880061604921,0,0.9995474327832916,0,0.0,0
19547,38.191404281253796,2,3,14.923984537020727,7,0.9991860600318102,0,0.0,0
19548,44.8837965386408,1,3,14.24183196261193,4,0.9995786246055346,0,0.0,0
19549,33.52170025997162,4,4,8.323261873876387,6,0.250436250283327,0,0.0,0
19550,22.56939164860857,3,3,0.0,3,0.4981226058670371,0,0.0,0
19551,32.345083155333384,3,3,19.998758686835647,1,0.9999263539959626,0,0.0,0
19552,54.103801506596994,4,1,9.43358592073557,2,0.5011979656272737,0,0.0,0
19553,51.4494292497696,4,6,3.346716832556446,7,1.0001844476305286,0,0.0,0
19554,15.657636846624737,4,2,13.354798064261615,1,0.6946243146552433,0,0.0,0
19555,41.24923450900056,7,5,19.49363725288743,2,0.3240228499051489,0,0.0,0
19556,53.12169232052134,5,4,4.855579049791557,3,1.0001004815460421,0,0.0,0
19557,27.29021351323592,4,6,11.512949163863501,3,0.6838285434155009,0,0.0,0
19558,38.30469829867416,3,3,19.99213688266868,6,0.3442307092573385,0,0.0,0
19559,39.80613629799515,3,5,19.281148911978775,7,0.9998476498910513,0,0.0,0
19560,52.99943828893347,3,4,14.909516403277191,7,0.8461890917905623,0,0.0,0
19561,49.61402691955347,4,3,6.628584470224399,2,0.521481635696808,0,0.0,0
19562,29.36300047740378,4,4,8.40376658638028,6,0.2243740788234041,0,0.0,0
19563,49.21400196173615,5,1,12.402984554487551,3,0.15837837349904693,0,0.0,0
19564,34.77053644315142,5,3,5.182604840842898,5,0.9879664373710901,0,0.0,0
19565,28.703636435245784,3,2,7.72259014985131,5,0.38841087908314975,0,0.0,0
19566,32.54230558699727,2,3,9.196908787194104,7,0.3352883593630874,0,0.0,0
19567,29.62633900930756,4,4,0.5928255483864167,1,1.0095271564212356,0,0.0,0
19568,31.296094730170903,3,3,19.999256899360937,1,0.6381083835337942,0,0.0,0
19569,31.520260771179274,2,2,18.053823564235255,5,0.4313012908777913,0,0.0,0
19570,17.915879681447578,3,4,7.63517568734965,1,1.0002609808855167,0,0.0,0
19571,40.64806270785717,2,6,9.146051916002806,3,0.532100691390084,0,0.0,0
19572,34.60998981571741,5,1,3.8607947446607866,5,0.20058226416492297,0,0.0,0
19573,27.833731754856064,3,1,11.267733992377023,1,0.9999630103375196,0,0.0,0
19574,53.84672500166119,0,1,1.811138436302139,7,1.0003552504313862,0,0.0,0
19575,45.148528937240215,1,6,9.797469940929211,2,0.6714656773200988,0,0.0,0
19576,36.85051201916171,4,1,20.007288320476246,3,0.3046506735177198,0,0.0,0
19577,20.93000188050112,2,3,0.7654460982760121,0,0.36824723554757527,0,0.0,0
19578,39.247245451093015,3,1,14.9291898335122,2,0.14421352171554203,0,0.0,0
19579,30.98494438697157,3,1,9.102555221286655,5,0.49755974924083507,0,0.0,0
19580,37.21012150698889,2,4,7.099042558562269,2,0.3742957888458581,0,0.0,0
19581,56.346929434832845,0,4,20.00456926933657,1,0.9998961088639564,0,0.0,0
19582,60.719725847901316,5,6,12.637701028101336,4,0.1781370436536608,0,0.0,0
19583,45.363576320041645,4,2,5.801554217853673,1,0.5309490500328354,0,0.0,0
19584,44.28592076891423,1,1,7.3455872535878814,5,1.0001511283837452,0,0.0,0
19585,25.065602299982924,2,6,10.375664800707021,3,0.4050317299049145,0,0.0,0
19586,36.94782562895432,3,1,16.67403424586319,4,0.5029602933297335,0,0.0,0
19587,21.038790546323874,3,6,17.814326859200406,3,0.7463436494259608,0,0.0,0
19588,61.02944221468193,5,3,13.465806821248089,1,0.7755683631098362,0,0.0,0
19589,43.251990253296356,5,3,5.488325854479271,7,1.000344347389269,0,0.0,0
19590,28.21339245168339,3,3,9.370582142424135,3,0.8408226639653315,0,0.0,0
19591,50.30290879826491,4,1,10.26409646311531,4,0.6872916787936211,0,0.0,0
19592,68.8765168595932,3,4,11.54803828300035,2,0.9995588627323768,0,0.0,0
19593,44.20324089435706,3,6,3.7806993743143433,7,0.9996845202672306,0,0.0,0
19594,13.488841600204111,4,2,7.858568387942672,1,0.5486472455821473,0,0.0,0
19595,34.349983243196995,2,1,7.827895503642073,4,0.6445784152438883,0,0.0,0
19596,54.50215243877287,2,4,14.127393480962002,4,0.2973079053048377,0,0.0,0
19597,42.137821302110524,2,3,14.52667946410228,2,0.9999054628072586,0,0.0,0
19598,40.7563493735344,4,4,6.367655134228135,1,0.9474412078021407,0,0.0,0
19599,32.148097130560686,2,3,12.269751617566982,3,0.6940659463936465,0,0.0,0
19600,50.70837156517743,3,4,19.98799926457272,7,1.5175773421223342,0,0.0,0
19601,61.45807271155162,2,5,23.48969839796527,6,0.9651588564502154,0,0.0,0
19602,45.04600952703597,3,1,18.571803033653364,1,0.9875646469500007,0,0.0,0
19603,28.90234007203994,6,2,14.060897743637385,7,0.26023858968381613,0,0.0,0
19604,29.892996505907416,2,2,11.16949375048836,7,0.9995639736522836,0,0.0,0
19605,44.11536725334588,3,4,15.708651413698018,3,0.6262871570995548,0,0.0,0
19606,58.137543991547204,3,6,2.2976001029169932,5,0.5735643272983322,0,0.0,0
19607,66.63647366982167,4,1,0.0,2,0.16840862348670227,0,0.0,0
19608,49.65440064152316,3,1,0.0,7,0.9992956610539024,0,0.0,0
19609,56.91344670217086,1,3,5.157472967834862,7,0.2808439033131247,0,0.0,0
19610,21.615858734048288,3,6,18.343313708752838,3,1.0000831666761294,0,0.0,0
19611,38.02443702903472,2,6,10.066428312126238,7,0.9998720070641117,0,0.0,0
19612,42.73932892056505,3,4,20.005140758947192,5,0.5020547381464964,0,0.0,0
19613,29.970111889803462,0,2,4.139724419707603,7,0.5676812594771555,0,0.0,0
19614,29.295426652579323,6,2,3.684699077410385,1,0.733412457456756,0,0.0,0
19615,46.46410631215028,4,6,9.169529005271386,3,1.0001883610360758,0,0.0,0
19616,40.08686768100851,3,3,6.034765134369237,3,0.9998879030304411,0,0.0,0
19617,49.3486197342498,3,1,15.70306470084564,3,0.9483428254141614,0,0.0,0
19618,59.45806996310466,2,3,6.852947085851559,3,0.5018775419367373,0,0.0,0
19619,55.88539392208129,3,1,7.178381249605626,0,0.9131018744953457,0,0.0,0
19620,44.308981473098505,3,5,3.2147748911601015,7,0.42020279585568115,0,0.0,0
19621,45.39745552710761,5,1,3.6421595805909472,3,0.4988974026358679,0,0.0,0
19622,6.270329376436585,2,1,7.233973036019973,4,0.11070388982504298,0,0.0,0
19623,45.460119762045196,1,6,9.754849455450374,1,0.9579497598794127,0,0.0,0
19624,39.05100586268589,3,5,9.891849137236145,7,1.0141951289927729,0,0.0,0
19625,24.38617684948721,4,2,13.578469289291922,3,0.37972470151599835,0,0.0,0
19626,64.3976323968001,3,5,5.653283403341291,4,0.5018361496834014,0,0.0,0
19627,31.121089693032847,2,1,19.995912952761074,3,0.22948411013572045,0,0.0,0
19628,40.92499850350737,3,1,9.076397645146498,3,0.9997877129395526,0,0.0,0
19629,17.625970087652572,7,2,9.52314611544907,1,0.6094238765687572,0,0.0,0
19630,30.693621126734417,3,3,19.996234380192927,1,0.0,0,0.0,0
19631,26.835796039351234,3,6,12.593510323773305,3,0.5027919600945322,0,0.0,0
19632,54.235508229375945,2,1,17.211335823878738,3,1.0002733835771103,0,0.0,0
19633,59.057209794932405,3,5,14.955754039519785,7,1.0000897463722411,0,0.0,0
19634,57.73972163797988,2,1,27.783823663011407,3,0.5013871011625749,0,0.0,0
19635,49.52566892690298,5,4,10.363348336006206,1,0.4788153427999361,0,0.0,0
19636,23.277986797512465,2,2,7.235426460436931,3,0.4921817138254495,0,0.0,0
19637,41.70031427919753,3,6,18.432973963740935,1,1.0580701513430357,0,0.0,0
19638,40.466805886795406,2,2,17.804673449631963,4,0.9882298599577043,0,0.0,0
19639,35.716653708961104,4,1,15.044504617920147,7,1.0004727627696628,0,0.0,0
19640,23.195872527312176,3,6,12.474967844644196,3,0.3894034906047315,0,0.0,0
19641,45.787845783836254,3,6,18.379393085468216,7,0.9996993299109864,0,0.0,0
19642,56.06936001244892,2,6,12.479766211146208,4,1.0001853985033655,0,0.0,0
19643,25.404218174162086,3,6,7.242147933175989,2,0.6773799819432826,0,0.0,0
19644,60.85016920758102,3,4,11.289242532741637,7,1.4926043982415558,0,0.0,0
19645,20.152342633902098,1,3,14.377458437477445,1,0.9520831054495126,0,0.0,0
19646,38.83170983371799,3,1,15.90217643453111,1,0.8229174130289163,0,0.0,0
19647,61.93446841825912,2,4,19.989730067214463,3,0.5006970741273078,0,0.0,0
19648,39.12383948721454,2,2,3.5381800977910496,4,0.5215994605569372,0,0.0,0
19649,35.212441237219714,4,1,6.794064688786492,7,0.5582646881623827,0,0.0,0
19650,41.2545398623243,4,3,13.905056344658172,7,1.000618297497312,0,0.0,0
19651,45.833822110814154,3,2,3.031175552294693,4,0.294213043525875,0,0.0,0
19652,54.49690078393592,2,3,9.795205650846226,7,0.9269442484822752,0,0.0,0
19653,40.52245235411137,5,3,15.172350162425609,7,1.0000125643942441,0,0.0,0
19654,43.540529240329,2,3,13.762880293953346,2,0.5023972136824308,0,0.0,0
19655,52.71163984067973,3,2,4.604600187931136,7,0.9999476097607041,0,0.0,0
19656,47.77564809239649,2,3,4.53889424017864,7,1.0002680649108582,0,0.0,0
19657,37.6088178476752,1,6,2.208482451581755,7,1.049336897742584,0,0.0,0
19658,27.85903064757807,3,3,0.0,0,0.9998814766597641,0,0.0,0
19659,48.86004599860431,2,1,0.0,5,0.0,0,0.0,0
19660,21.563565366772576,1,1,11.51954500670217,7,0.9412739834848651,0,0.0,0
19661,50.734753603672665,4,5,12.392530946876583,3,0.5325933599667922,0,0.0,0
19662,29.128280951114576,1,1,19.998079331645435,2,0.48128826421151094,0,0.0,0
19663,53.23066274462438,2,3,25.784752843379046,5,0.9355491171434935,0,0.0,0
19664,24.44518967268096,4,3,9.35534379643291,7,0.10867894985232818,0,0.0,0
19665,53.18371053720183,0,3,0.0,0,0.9998934078765882,0,0.0,0
19666,50.00500142306318,3,3,15.514866436670207,1,0.9847869607360782,0,0.0,0
19667,29.913329664538836,3,6,22.201999989965817,7,1.0001150344008358,0,0.0,0
19668,35.51129729811231,6,2,11.147456035668524,1,0.8302119199302498,0,0.0,0
19669,44.59802605297436,3,4,20.00362753718929,7,0.9996734748104105,0,0.0,0
19670,47.62415892967516,1,6,11.80256467439642,7,0.7758304472532371,0,0.0,0
19671,36.49601305697505,2,4,9.85161637244741,7,1.0000220916827371,0,0.0,0
19672,43.08618137134978,6,3,21.26751247153053,1,1.0710327183392605,0,0.0,0
19673,64.81698236590572,0,2,11.127583345804915,7,0.5872965736449571,0,0.0,0
19674,31.777922975964366,2,3,3.5018367652940707,3,0.24373392153453066,0,0.0,0
19675,11.683911697305877,7,1,4.704945099844362,7,0.9563100247733131,0,0.0,0
19676,75.970522364262,3,6,18.310701260575527,2,0.3322433131980255,0,0.0,0
19677,56.82104836221696,4,3,5.321010000085927,4,0.49969786567181296,0,0.0,0
19678,55.19590276760806,3,5,15.120019038985886,1,0.9059667674629931,0,0.0,0
19679,53.3181224874858,2,1,15.881994320967387,4,1.0007440328987882,0,0.0,0
19680,45.81112945444877,3,5,12.778116839402957,1,0.99988840131055,0,0.0,0
19681,21.236950807897173,2,3,1.4681235035462166,1,1.0001477003148287,0,0.0,0
19682,38.452808050474616,2,3,11.969768285095505,1,1.0001679173446796,0,0.0,0
19683,23.981798811755265,3,2,16.103053524663636,1,0.39596629904625474,0,0.0,0
19684,42.798977977823,3,3,13.44282075193099,7,1.0002290710957704,0,0.0,0
19685,42.31694839536445,7,2,12.632919475777651,7,0.8071662931589123,0,0.0,0
19686,30.103484906432747,3,6,5.584324976927591,5,0.0,0,0.0,0
19687,39.96512465269861,3,3,3.4334026610431083,7,1.0001604500171717,0,0.0,0
19688,42.661750964669196,2,3,20.79324287400594,3,1.0002484237882636,0,0.0,0
19689,32.98665339418927,3,2,12.641810039319493,6,0.39079483195919557,0,0.0,0
19690,41.883624817689245,2,1,0.0,4,0.0,0,0.0,0
19691,38.39812018334476,1,4,16.829592943564137,4,0.7197935866110786,0,0.0,0
19692,50.11932176522754,6,3,4.325430871528993,1,1.2295335426387737,0,0.0,0
19693,64.31813451132261,3,6,10.415479647583938,7,0.485135745479354,0,0.0,0
19694,40.74300954727314,4,1,27.404144878863566,7,0.18276716351130218,0,0.0,0
19695,54.41168070256504,3,5,9.438302979852036,3,0.4978949304644643,0,0.0,0
19696,57.30302481676886,4,6,16.309598641429425,6,0.697534807494084,0,0.0,0
19697,48.96601783599619,6,3,2.259906711928732,1,0.32529432783828505,0,0.0,0
19698,48.4595039513088,3,1,1.0138223600630596,3,0.6370071189061656,0,0.0,0
19699,55.46191110450862,5,6,7.961102326044668,7,1.0000773630855504,0,0.0,0
19700,43.36736675205241,1,1,16.72411919299566,7,0.38394191604681566,0,0.0,0
19701,54.38785132431226,3,5,6.44669612462128,7,1.0000788957205013,0,0.0,0
19702,28.90169073951422,6,6,15.840540725759318,5,0.08914205547013876,0,0.0,0
19703,28.430229120503405,3,3,2.4337267501211546,1,0.7210170737768785,0,0.0,0
19704,21.63334708569539,6,4,7.823440141541579,3,0.8005039280827043,0,0.0,0
19705,47.13949416911164,3,3,15.097429069158046,7,0.99968269702162,0,0.0,0
19706,32.233211275481835,1,3,17.13494848679154,7,0.5799524525442749,0,0.0,0
19707,39.21783529587761,2,1,3.983841120642614,5,0.38471286112248154,0,0.0,0
19708,33.1121526154108,3,6,0.0,6,0.5389064504476065,0,0.0,0
19709,55.01751845916583,3,3,18.664243761316698,7,0.9995342126089153,0,0.0,0
19710,50.61205201760073,4,4,8.669048337145,7,0.7196287084202226,0,0.0,0
19711,42.08802229676363,5,6,16.935656322515428,2,0.0,0,0.0,0
19712,63.941374095378244,4,3,6.136474279757336,7,0.5665506176725924,0,0.0,0
19713,52.237220848196294,2,6,0.0,5,0.43944475744953376,0,0.0,0
19714,41.365576205449585,4,5,14.332378231212628,2,1.000143391779115,0,0.0,0
19715,46.03954452470656,3,1,1.1941056150183709,7,0.9994222242735893,0,0.0,0
19716,39.60975975054516,3,2,19.995237447015327,1,0.0,0,0.0,0
19717,44.12125412383484,3,3,12.139574852341022,7,1.000182863285331,0,0.0,0
19718,47.583455516444346,4,6,1.9365138675541704,3,0.9998395576499748,0,0.0,0
19719,55.11801169511331,3,6,11.613682549930367,1,0.9936277024730075,0,0.0,0
19720,34.53207961135222,6,1,16.14774475369154,4,0.33155196527033653,0,0.0,0
19721,36.1948784866519,3,1,8.770851111688648,7,0.20632460569018762,0,0.0,0
19722,62.60132969556094,2,6,20.92028391618767,7,0.323082920117371,0,0.0,0
19723,56.80817275314771,3,6,7.173354273796354,3,0.5247224237163086,0,0.0,0
19724,22.87267081485183,1,2,10.512588928725652,5,0.3556153067263972,0,0.0,0
19725,51.549566389860274,4,4,10.754897689459122,6,0.29548198732979075,0,0.0,0
19726,56.149975006126766,2,4,11.06605022706772,2,0.7804356539774944,0,0.0,0
19727,43.37602891566458,4,5,12.028388664374548,2,0.032927166842132705,0,0.0,0
19728,40.079608413449805,2,3,18.024753323356716,2,0.9306428569580182,0,0.0,0
19729,38.43434905476972,2,6,6.192701857725758,7,0.41328043311248963,0,0.0,0
19730,31.001993919853717,3,1,17.09014630542099,2,0.9699536731302041,0,0.0,0
19731,37.80973491880916,4,1,20.00315552539592,4,0.24137279003753215,0,0.0,0
19732,38.07472007193892,4,7,0.6295557945643786,1,0.3702830876884416,0,0.0,0
19733,55.386594182530075,3,3,0.591096448488921,7,0.9995363942012793,0,0.0,0
19734,50.90352642604569,3,3,19.513363110350703,2,0.9996008694591065,0,0.0,0
19735,59.996327877995604,3,4,4.218375346365757,5,0.9998398599107645,0,0.0,0
19736,47.05723881266218,4,1,1.8865716936738526,1,0.5792381288512618,0,0.0,0
19737,46.864764067073004,3,1,8.44039576855751,4,0.3772986976922336,0,0.0,0
19738,53.59270188353789,2,3,12.73414037621219,5,1.0000594124072393,0,0.0,0
19739,53.08050010835378,3,4,13.27391006571703,1,1.0001188791578899,0,0.0,0
19740,45.677524475673074,3,1,4.292095034755071,7,0.999866950131217,0,0.0,0
19741,54.476647713399124,3,5,16.393435129939046,4,0.49925279073986784,0,0.0,0
19742,28.550582974534905,2,1,19.992973741206725,4,0.17266671315142157,0,0.0,0
19743,44.88350995382502,2,2,16.552017736600053,3,0.09522411281597742,0,0.0,0
19744,41.80381988358323,1,6,22.578453327711408,1,0.8950856010212467,0,0.0,0
19745,24.994268672574297,5,6,16.059478969700784,2,0.5054456419743543,0,0.0,0
19746,60.67681134183918,4,2,11.848745400811476,7,0.999762586841352,0,0.0,0
19747,69.31657836737017,3,6,11.478722402027609,6,0.8492944152545362,0,0.0,0
19748,32.928018909748694,1,1,3.521846650081949,4,0.25713328965271015,0,0.0,0
19749,56.97943656255601,4,1,4.942300003133609,1,0.49746251946511094,0,0.0,0
19750,51.74079806675539,5,3,6.352816613835023,1,0.5443169774753165,0,0.0,0
19751,49.48031608836792,1,6,6.784244888414685,3,0.4849593236550752,0,0.0,0
19752,58.62800003171573,0,1,17.094856191171495,3,1.0006058355007588,0,0.0,0
19753,51.46021615973614,4,3,10.255917093048119,0,1.00017747750083,0,0.0,0
19754,54.31439779440288,3,1,8.521261533875407,7,1.000095671506865,0,0.0,0
19755,31.89343777847136,3,3,20.336473014199598,7,1.0009927682536974,0,0.0,0
19756,56.19396470258732,1,6,7.3457055314573125,4,0.5796029011658308,0,0.0,0
19757,35.45216974729708,2,3,12.230504391181308,0,0.9997786430605924,0,0.0,0
19758,20.241842384542206,2,1,9.543438609020532,7,0.27406994720653827,0,0.0,0
19759,63.5881721247393,5,6,12.357791719193349,7,0.3383492326547603,0,0.0,0
19760,29.831729313337714,4,6,9.007312861949638,7,0.22182820226359123,0,0.0,0
19761,45.06653186715319,3,2,11.406158753466702,7,1.000652853877952,0,0.0,0
19762,22.12968813771058,0,3,17.279081202103807,7,0.23291793912523395,0,0.0,0
19763,10.480412106711203,4,1,12.5573787552901,5,0.49921616751252396,0,0.0,0
19764,52.52374890037195,2,6,9.249476424446522,7,0.2905454147279638,0,0.0,0
19765,28.483978878855655,4,2,13.845432993518777,1,1.0000078602870979,0,0.0,0
19766,27.367790665098482,4,6,9.682919972821542,4,0.4358537763713393,0,0.0,0
19767,40.13076963257842,3,3,2.8386302393220877,0,0.5910184271108444,0,0.0,0
19768,50.84471945049063,5,1,13.965858635156525,7,0.5534006231958724,0,0.0,0
19769,33.47892167947465,1,4,24.14793073207042,1,0.0264597295944774,0,0.0,0
19770,63.378940433541146,3,1,15.433060005018163,6,0.795236927361602,0,0.0,0
19771,62.89176189268997,4,3,13.19453339634435,4,0.3364018835083317,0,0.0,0
19772,78.46563197013587,3,4,18.45457575090698,2,0.28865422347743525,0,0.0,0
19773,42.730613064207404,4,1,14.201647491981682,2,0.49420791699977384,0,0.0,0
19774,12.701049964310986,3,4,14.375645771688031,2,0.8582953860861413,0,0.0,0
19775,14.535105029894925,1,5,5.3836724650373995,3,0.2842945983146226,0,0.0,0
19776,30.364763793992672,0,1,14.000301351584167,4,0.0,0,0.0,0
19777,56.628750940510635,3,2,18.165982118998162,7,0.16929814401256227,0,0.0,0
19778,44.60795761920485,2,5,17.482576452388535,2,0.9709499732411837,0,0.0,0
19779,65.36060583169521,4,4,25.736115787051837,1,0.9479497190507313,0,0.0,0
19780,53.292555426288075,3,6,12.07043477682239,6,0.7705243625225616,0,0.0,0
19781,29.2902211676129,4,3,19.525331591615817,1,0.9996916727889318,0,0.0,0
19782,59.684470678147264,3,6,16.770924168047866,6,0.2634511273670445,0,0.0,0
19783,52.7860412567848,3,6,13.55915391556846,3,0.9998440750686208,0,0.0,0
19784,40.661709323319556,4,1,20.005296244158032,2,0.7241002748482064,0,0.0,0
19785,43.79012459985022,6,5,8.69533089676775,7,0.561813437091062,0,0.0,0
19786,60.40841422917923,3,1,13.761956710925025,4,0.9998828262672386,0,0.0,0
19787,24.700774160597536,5,2,5.777986074796714,7,0.5127656541667759,0,0.0,0
19788,51.48230517895239,4,3,23.87024775510019,2,0.99985560963249,0,0.0,0
19789,56.343358424852674,1,3,5.597446308940841,1,0.4337029218479737,0,0.0,0
19790,33.97616736408948,2,6,6.4575592202820955,7,1.0001303117411406,0,0.0,0
19791,30.112664634625112,4,3,10.540257702463668,6,0.4507877060888489,0,0.0,0
19792,53.19883877166606,3,3,23.315694275470012,7,0.999968075225327,0,0.0,0
19793,59.471019988602876,4,6,7.920113212671012,3,0.08155109014726003,0,0.0,0
19794,39.261302415202536,3,3,13.809733217693754,2,0.9991430835860253,0,0.0,0
19795,19.185872403502955,5,2,20.668963016418388,7,0.1873802965352317,0,0.0,0
19796,22.009897676692365,3,1,3.71390467326591,2,0.12514832854908264,0,0.0,0
19797,28.507730001384846,3,6,12.922529447362486,7,0.9997905139806523,0,0.0,0
19798,42.31828394436114,1,3,16.589333639483847,4,0.12287984513679817,0,0.0,0
19799,33.88950698748065,2,2,4.819657436443648,5,0.3326500734235257,0,0.0,0
19800,57.01043520125732,2,6,10.659225032253463,7,1.0001192212465098,0,0.0,0
19801,26.172794825674984,4,7,0.0,6,0.0,0,0.0,0
19802,25.524060678318996,3,2,6.469751941071536,4,0.9683308852560009,0,0.0,0
19803,43.626433658794106,3,1,12.239116233834816,7,0.95659760757778,0,0.0,0
19804,37.21416340176775,4,2,3.5327342350433764,7,0.999863325631646,0,0.0,0
19805,31.01999189037081,4,6,12.494956732529438,1,1.0182184214096348,0,0.0,0
19806,36.20228676107569,2,1,0.0,3,0.9999314989732934,0,0.0,0
19807,59.97439056444382,3,2,3.438562276137053,7,1.0000367756771615,0,0.0,0
19808,35.62673387073951,5,3,8.775066921589339,6,0.5452483547327827,0,0.0,0
19809,53.24165550755447,4,6,12.889060120978977,7,0.99971338292491,0,0.0,0
19810,37.36682921555923,3,3,2.9519736288179637,1,0.9998648934580877,0,0.0,0
19811,29.318677439416064,0,2,7.321124096893142,1,0.3047918694875254,0,0.0,0
19812,53.41039056676991,3,2,7.413890280551724,1,0.28183019181411717,0,0.0,0
19813,36.271110041784496,0,3,1.3848925969996486,5,0.44508084273662696,0,0.0,0
19814,20.971945234875374,2,5,11.249802162051576,3,0.0,0,0.0,0
19815,52.40239338940762,4,3,15.817562484690313,2,0.4014515430210452,0,0.0,0
19816,17.496805989955575,2,3,10.208578233399114,4,0.08875177222751796,0,0.0,0
19817,48.583969433686306,3,6,18.68243170989855,4,1.042230853721077,0,0.0,0
19818,52.063931449565324,3,3,19.879755671416,1,0.4318288324806637,0,0.0,0
19819,9.946669733961414,1,3,0.0,4,0.45891463606750027,0,0.0,0
19820,48.3901393813767,1,1,14.040486975159581,7,0.9725700958752708,0,0.0,0
19821,56.63302202806376,1,3,16.02361968146353,3,0.9996644437241694,0,0.0,0
19822,33.414618650141904,2,1,6.177595202624633,4,0.6120807344730766,0,0.0,0
19823,36.864993274965805,6,2,14.34306108764866,7,0.542542060538777,0,0.0,0
19824,52.322303847793684,4,4,20.000165015176062,7,0.911769787873812,0,0.0,0
19825,30.364518873286478,3,1,22.59701198452302,7,0.9751197822060456,0,0.0,0
19826,50.983111512199486,1,1,0.0,1,0.32006690239907837,0,0.0,0
19827,46.36769764413735,4,6,19.936495827022465,7,0.9999423837748485,0,0.0,0
19828,6.136014568952795,4,1,11.770200342347941,1,0.5341470231523442,0,0.0,0
19829,26.40770258615472,1,3,4.737033031151056,0,0.46091063574304525,0,0.0,0
19830,34.0798829839058,1,2,18.501707127387604,7,1.071787571487445,0,0.0,0
19831,53.89297046377252,3,1,15.539731813519799,7,0.9992357384940871,0,0.0,0
19832,54.676447582191145,3,1,16.548322179918234,7,1.0002628182768656,0,0.0,0
19833,36.39082305609495,4,6,23.917165070816576,7,1.0001936430489038,0,0.0,0
19834,43.26430731590104,5,2,14.72320516344405,7,0.39749313319171387,0,0.0,0
19835,54.20939360779395,3,5,16.43569668109949,5,0.5015991532185232,0,0.0,0
19836,32.53567856806643,3,1,15.65775580956492,7,0.649544802886976,0,0.0,0
19837,21.70865353118158,1,3,0.0,3,0.4991686309723623,0,0.0,0
19838,43.50187472643158,6,3,12.29800588567843,1,0.6832018477691009,0,0.0,0
19839,25.44540477067487,2,7,0.9248310646112969,3,0.00011047506709438437,0,0.0,0
19840,53.66985296374457,3,1,16.348245294443988,2,1.0002400813518992,0,0.0,0
19841,23.274314705255648,1,4,7.646404293125598,1,0.3993203774801785,0,0.0,0
19842,46.9174834245043,4,6,12.716509750323121,6,0.5996711100831167,0,0.0,0
19843,39.21288393855087,3,6,16.98555431632796,0,0.6519854840047966,0,0.0,0
19844,60.620128027655625,2,1,12.234837160517277,0,0.8243872553381653,0,0.0,0
19845,46.41528576310287,4,6,16.82992910744195,4,0.1546674299597558,0,0.0,0
19846,37.284016599740426,3,3,17.271205021191324,3,0.9994834820819025,0,0.0,0
19847,45.63259709715892,4,2,10.179615024198537,4,0.25471648500468086,0,0.0,0
19848,39.994702819825555,4,3,17.22871297024363,7,1.000214279373148,0,0.0,0
19849,40.90186400198461,2,1,20.0002126303824,0,0.2531620868797328,0,0.0,0
19850,28.2049723541442,4,2,4.940391068091668,4,0.5911997814049295,0,0.0,0
19851,29.075788385304747,1,7,0.4942169006474071,5,2.1482669722461267e-05,0,0.0,0
19852,45.23208601510569,1,4,11.188649330766289,5,0.8091571920404821,0,0.0,0
19853,31.200510977990234,2,3,28.625961674950172,7,0.7228986361053295,0,0.0,0
19854,37.83688248161092,4,2,8.639113753037778,7,0.09792751134280098,0,0.0,0
19855,30.643035248855874,4,2,8.227737534356528,7,0.999909046086207,0,0.0,0
19856,61.64303886811996,3,1,2.6856608881720785,1,0.9465993474417658,0,0.0,0
19857,66.86961599271856,3,4,20.43012679663881,2,0.4389256249117609,0,0.0,0
19858,45.74031772003545,5,2,13.876038453788869,2,0.9474370693844988,0,0.0,0
19859,39.25083233287176,7,2,13.182286520061245,7,0.6272487429507981,0,0.0,0
19860,59.38613820108105,2,5,13.26281577012433,7,1.0000389604303919,0,0.0,0
19861,56.12567127846101,3,5,19.156575461988094,6,1.0001332500273952,0,0.0,0
19862,43.63554886436449,4,1,7.225864534939553,7,0.39156374976838826,0,0.0,0
19863,57.79494094479413,3,6,16.059469214820886,2,0.34625573316776814,0,0.0,0
19864,49.695939692022364,5,3,0.0,3,0.501407135397522,0,0.0,0
19865,53.615222574434824,3,2,7.351305934484067,1,1.0003214967814276,0,0.0,0
19866,50.235512585959555,3,6,21.73336366802755,5,1.0004873187100776,0,0.0,0
19867,57.049577465762624,3,0,16.61696704156417,5,0.9974273763227816,0,0.0,0
19868,35.98479259467504,3,5,5.116543946089796,1,0.6998307565903295,0,0.0,0
19869,17.249769311998826,5,2,21.480792939733654,7,0.06545348082386426,0,0.0,0
19870,48.46182463498946,2,4,20.00975376612835,7,0.9999589319796898,0,0.0,0
19871,31.707018402160713,2,6,1.7016424889954394,6,0.7965447286670939,0,0.0,0
19872,39.345719200164666,2,5,16.150959345483777,1,0.8333635584829501,0,0.0,0
19873,37.15694584207774,5,6,16.56121873285948,2,0.6793309812399402,0,0.0,0
19874,44.85922076046149,2,1,8.74314584494463,2,0.5150384204356141,0,0.0,0
19875,28.42144632958586,3,7,2.0584025254772644,6,0.0,0,0.0,0
19876,46.68781971418863,4,4,19.993714352509784,1,1.0003322347392125,0,0.0,0
19877,11.389525927070956,2,3,5.895685415132138,1,0.9999066658634195,0,0.0,0
19878,48.362938765156606,2,3,19.997442729034276,7,0.9633825855500824,0,0.0,0
19879,23.746757639985617,3,3,19.817266763586694,4,1.000127288231361,0,0.0,0
19880,34.661537950954305,2,6,14.28628640103372,2,0.0,0,0.0,0
19881,50.16770446355003,1,6,20.39636113721552,7,0.9996562417527559,0,0.0,0
19882,23.60275983230708,4,3,2.6497292350529023,6,0.6981553586153422,0,0.0,0
19883,34.2284930898532,2,1,14.276538369526202,3,1.0003148050988855,0,0.0,0
19884,46.24561183966281,4,4,19.997938183080574,3,0.501972123639141,0,0.0,0
19885,43.21692461876623,3,6,2.842292675316365,7,0.9999866380637255,0,0.0,0
19886,33.276022531255286,5,3,19.999114414128194,1,0.9998115995635244,0,0.0,0
19887,34.028355820183876,3,6,15.866311139234256,5,0.9995923052683097,0,0.0,0
19888,23.6854973867639,3,1,18.504037729262834,7,1.0001695080659663,0,0.0,0
19889,45.7076206382476,5,1,20.69983764206184,7,1.0004527069888043,0,0.0,0
19890,22.764750878350092,3,3,4.924884929747069,0,1.0004302984875941,0,0.0,0
19891,18.17527302811735,3,4,10.647839476797971,2,1.0004621818837185,0,0.0,0
19892,55.325495179145264,4,2,8.561719031077722,7,1.000123118637998,0,0.0,0
19893,43.59060818782622,2,6,3.91281870234047,2,0.13929877850914207,0,0.0,0
19894,44.94152751736564,2,2,11.356893517023396,5,0.43753501936332734,0,0.0,0
19895,31.763235797683222,0,1,0.0,2,0.3091613217098858,0,0.0,0
19896,37.12069726715913,2,3,11.135505563483186,3,0.20709590801275102,0,0.0,0
19897,64.94809991100601,6,4,14.880637662450386,7,0.9996577738450285,0,0.0,0
19898,58.51250981920513,3,1,12.572884210395461,7,0.9999831426496817,0,0.0,0
19899,38.32563538882734,3,1,5.547409286549839,4,0.9332411472957596,0,0.0,0
19900,26.883214586095548,4,2,7.930276171897006,3,0.6224653524845082,0,0.0,0
19901,31.95351622959766,1,3,11.935116213090746,7,0.4175812452762049,0,0.0,0
19902,17.265934724732137,4,6,12.492643456105501,7,0.6979458212844004,0,0.0,0
19903,58.91776126602787,3,5,14.177793520213068,2,0.8881271500562407,0,0.0,0
19904,28.197902043399477,1,3,1.7171459071280282,6,0.7844627877629569,0,0.0,0
19905,18.845921617054966,4,2,1.836291157786052,7,0.6813862277941648,0,0.0,0
19906,61.94847295583142,3,3,16.88874630603071,3,0.5055601793040261,0,0.0,0
19907,55.659884411758554,2,4,19.99867742178464,7,1.0003188627531014,0,0.0,0
19908,34.96800499094175,4,4,32.180200195042275,2,1.1126244354930415,0,0.0,0
19909,23.461482469062965,1,1,8.34423361666206,7,0.5718425977440624,0,0.0,0
19910,43.371312383790396,1,2,4.282215858054394,7,0.4197244645310374,0,0.0,0
19911,51.87438811948064,3,1,11.534473720159259,1,0.6092731720900446,0,0.0,0
19912,43.90049303158104,6,6,17.742470079697174,7,0.999779946903049,0,0.0,0
19913,42.73549735066332,3,5,7.987680274667934,4,0.9997193082316107,0,0.0,0
19914,31.715321598146225,2,5,15.003476174189348,7,1.0003430484090015,0,0.0,0
19915,38.12035565989237,4,1,4.570204833245847,7,0.9994750040669432,0,0.0,0
19916,18.13975239629857,2,4,26.601737751121256,1,1.0158789437421998,0,0.0,0
19917,27.377325086035096,3,2,0.0,6,0.9999035355526795,0,0.0,0
19918,41.788274080931224,4,2,11.646100360193497,1,0.3492414642091465,0,0.0,0
19919,39.66412689113562,3,5,8.0773885678687,7,0.9996578466062709,0,0.0,0
19920,51.6953540561719,3,5,21.761189238649596,7,0.999945351873524,0,0.0,0
19921,45.11201188256301,4,6,13.887216942283029,7,1.0000550209046897,0,0.0,0
19922,45.81776977344026,3,1,6.566991602482302,3,0.6380727323584555,0,0.0,0
19923,47.13797754113003,5,3,7.143770302853168,7,0.43097070687204475,0,0.0,0
19924,56.8641853581459,4,3,17.646557128777605,7,1.0000571062691623,0,0.0,0
19925,59.45991325082524,4,2,13.47381914994731,6,1.1938917050975109,0,0.0,0
19926,54.18808159374859,3,4,0.0,7,0.9686715562297912,0,0.0,0
19927,20.44804888290551,3,2,0.9204177669779376,4,0.4208295705128067,0,0.0,0
19928,29.487796108003888,2,3,13.567003602362885,3,0.9997616641257592,0,0.0,0
19929,19.28448718660673,2,2,9.591090294355054,7,1.0002504575553508,0,0.0,0
19930,50.94403546139765,0,3,14.758690883076705,3,0.12437539049763002,0,0.0,0
19931,39.543023333462685,3,6,10.471030815000736,1,0.4121233593649295,0,0.0,0
19932,51.899981490195174,5,2,12.599543074011805,5,0.9893878225864983,0,0.0,0
19933,34.77814763740226,3,6,16.59384326030201,1,0.7377693058456057,0,0.0,0
19934,32.97085077624827,2,4,14.72453399923008,6,0.9661578966660876,0,0.0,0
19935,40.19729135439599,2,3,13.326090898089697,7,0.9999241465282253,0,0.0,0
19936,57.421079287456834,3,4,6.232585530280896,7,0.5508599763766568,0,0.0,0
19937,21.90017486051363,2,6,7.699193366198552,5,0.07580365531671651,0,0.0,0
19938,32.26780444788261,2,1,14.370379679816,3,0.9998008441128113,0,0.0,0
19939,37.84404048956646,4,5,4.429414046555147,4,1.000222023455529,0,0.0,0
19940,38.82416315507428,3,3,23.505013328928534,4,1.00003514527552,0,0.0,0
19941,42.369302765270106,2,1,7.840501474813005,4,0.9821358137462308,0,0.0,0
19942,39.16032097079504,4,1,3.717950179163206,2,0.48991086705212594,0,0.0,0
19943,46.441469660218715,2,1,16.436584128843116,4,0.9578718642506678,0,0.0,0
19944,41.84220319948428,3,1,16.479117345399963,5,0.9997677783707126,0,0.0,0
19945,48.49365140522454,3,1,23.00044578988202,0,0.9997625545427633,0,0.0,0
19946,5.128185725186086,5,2,13.612169478446733,7,0.3856839852742384,0,0.0,0
19947,37.345519335388566,4,2,12.37377344360648,7,0.8620701093489456,0,0.0,0
19948,33.36533774056269,4,3,9.260411835203836,7,1.0000505355844922,0,0.0,0
19949,29.463461099889756,2,2,1.9704563715809513,4,0.5203490015839709,0,0.0,0
19950,38.70639100216338,4,6,14.687114820580176,7,0.6928561757896234,0,0.0,0
19951,56.3688095622784,4,7,3.5017093985356462,1,0.2599993731572359,0,0.0,0
19952,34.87556645850473,4,3,2.439955589397295,0,0.9996481746161485,0,0.0,0
19953,52.59174367221371,2,3,13.978916092385951,7,0.6520321217462731,0,0.0,0
19954,52.86081111732202,2,5,11.543156971817227,1,0.6620667292187166,0,0.0,0
19955,28.615701277525815,4,3,0.0,2,0.44022325606936663,0,0.0,0
19956,56.62787184438382,2,2,13.841966388024586,7,0.6535919806576613,0,0.0,0
19957,39.886363069338856,3,3,20.009574202022527,1,0.7208130099619838,0,0.0,0
19958,30.946076911537105,3,6,15.461356136118054,7,0.7771340651784014,0,0.0,0
19959,40.39082531687229,2,6,12.580860327639405,3,0.9996543371861543,0,0.0,0
19960,46.17940856409835,1,6,15.19647462259202,7,1.0001343995141034,0,0.0,0
19961,56.59491528723263,4,3,6.907305031526391,2,0.995838364557281,0,0.0,0
19962,65.07862134836472,3,2,7.056998804225965,7,0.9994787378871355,0,0.0,0
19963,29.821138304376078,3,1,16.591677406729655,7,0.9993819864858732,0,0.0,0
19964,47.77721054664684,2,3,16.288725334443924,3,0.4979849385330223,0,0.0,0
19965,29.54201439110322,3,2,16.62218646108303,6,0.0,0,0.0,0
19966,63.32497370305966,3,1,13.01783295939034,7,0.9993555715566853,0,0.0,0
19967,35.21076109230793,1,6,8.22921734500262,4,0.9997612489199205,0,0.0,0
19968,30.16237836013549,4,1,9.489690312218968,6,0.8527423017293688,0,0.0,0
19969,38.777054314115816,4,6,0.0,6,0.8668069861279568,0,0.0,0
19970,36.56086793117804,4,3,13.30999636140325,6,1.0004219699351549,0,0.0,0
19971,78.86755981713854,5,3,9.655879911954028,4,0.5041393823947592,0,0.0,0
19972,46.01152914233875,3,6,18.647671632738167,4,0.7066082134943636,0,0.0,0
19973,27.061552787507345,3,2,8.760904619203366,6,0.5056861278110445,0,0.0,0
19974,49.8837769134391,3,5,9.340018112834052,7,1.0001402696291675,0,0.0,0
19975,29.22085325305926,2,3,1.304900188732102,2,0.9420466837872947,0,0.0,0
19976,4.345810458051247,7,2,8.870579884115429,7,0.814885819334281,0,0.0,0
19977,27.944936775410625,3,4,9.946122778554283,2,1.0002597873052044,0,0.0,0
19978,57.22559870140662,4,3,10.084999745516079,4,0.6305516217062772,0,0.0,0
19979,40.41978027026648,1,5,5.837109498886049,1,0.857796943743725,0,0.0,0
19980,22.785526876982935,4,5,5.615735672747849,7,0.28405541455603117,0,0.0,0
19981,38.7355146972294,3,3,10.34516290561374,4,0.1751904643268648,0,0.0,0
19982,35.86628850649949,2,5,19.9848731023355,7,0.9449784250139168,0,0.0,0
19983,68.75101089100016,2,3,3.3923580431589606,1,0.33585329117640267,0,0.0,0
19984,35.16115250008339,4,6,14.47518247048734,2,1.000196249346347,0,0.0,0
19985,26.5631673948141,4,6,13.036102562330782,3,0.0,0,0.0,0
19986,38.286385572139295,2,3,10.39366756289124,3,0.5005452573929601,0,0.0,0
19987,27.30160959402703,2,1,9.448134297074066,7,0.6869474366763026,0,0.0,0
19988,64.788257032248,6,3,3.683503084109234,5,0.9998598362824322,0,0.0,0
19989,53.553491608533754,2,6,13.816055134069442,1,0.9833881049979327,0,0.0,0
19990,35.5756660900783,2,6,12.855680886270687,7,0.999754956551473,0,0.0,0
19991,40.4826286526547,2,3,8.40979690764757,7,0.7844878012580389,0,0.0,0
19992,11.338950563267808,3,3,3.4298186780167033,2,0.2707854917040262,0,0.0,0
19993,65.56985901096135,3,2,15.509281904676707,7,0.9998007456909218,0,0.0,0
19994,67.83038833090579,4,3,0.0,2,1.007114968851121,0,0.0,0
19995,48.010023941270276,1,1,12.724499817172646,4,0.6618781106440301,0,0.0,0
19996,56.69950941968388,3,6,3.630238302895153,7,1.0003555971763802,0,0.0,0
19997,45.378091550396576,3,3,19.993981386650123,4,0.17325724129879438,0,0.0,0
19998,33.354430498560106,3,2,19.993440231627936,1,0.5397657492005271,0,0.0,0
19999,41.906354293636866,2,3,7.75306218215382,1,0.0,0,0.0,0
20000,46.39852411263705,3,3,19.997321316950178,2,0.14506897398568153,0,0.0,0
20001,44.77676617120554,3,6,16.725831295663454,3,0.4052611855856978,0,0.0,0
20002,43.61363159339984,5,1,7.764496016105838,7,0.5416453160778814,0,0.0,0
20003,15.872174552559382,4,1,11.043088964950362,7,0.6854880472578683,0,0.0,0
20004,18.278673950764265,4,1,7.526745033790317,3,0.5132250425298813,0,0.0,0
20005,30.226773253710228,3,1,14.219456587514744,7,1.0001686550329003,0,0.0,0
20006,68.30681367989686,2,3,9.807070078333217,7,0.8963168506443797,0,0.0,0
20007,46.01408639619599,3,1,9.062031339848515,7,1.0007010003025307,0,0.0,0
20008,52.767088688707304,4,5,14.437607364927414,7,0.9999184960286452,0,0.0,0
20009,36.6579518414321,1,6,18.544747668101735,4,0.32538382453845505,0,0.0,0
20010,48.29206089700204,6,6,14.25409260444729,3,0.47424224552393607,0,0.0,0
20011,34.184412515157454,2,2,0.5280673992282896,7,1.0001105518725488,0,0.0,0
20012,38.55211309880637,3,2,14.106236178004325,7,1.0000641356928797,0,0.0,0
20013,55.83881821276658,4,2,9.331612573947911,7,0.4204786254844423,0,0.0,0
20014,48.86344676838792,2,3,20.004792884544138,1,0.9996714950247819,0,0.0,0
20015,53.42476142662574,4,6,7.235692775690565,7,1.0003368851871712,0,0.0,0
20016,28.012140466799174,3,1,17.936517256920137,7,0.9709043653728633,0,0.0,0
20017,41.55013625376429,4,2,10.291217235896601,1,0.999978688775655,0,0.0,0
20018,36.135428124169344,2,3,15.499972199326322,7,0.6724083031479995,0,0.0,0
20019,48.233231228197226,2,6,10.059146880979556,7,0.9990124655464854,0,0.0,0
20020,58.404978501092614,2,3,11.66347887976152,3,0.8226211155873342,0,0.0,0
20021,47.61952559842743,0,1,16.81953813375249,4,0.33121598085956366,0,0.0,0
20022,56.091799390210156,4,1,19.998728895527915,2,0.8700013915816236,0,0.0,0
20023,57.3780326887948,1,1,20.010292147279834,1,0.25604197519018856,0,0.0,0
20024,42.94536621841537,5,4,20.002896951923304,1,1.0006119211189148,0,0.0,0
20025,29.25875925980624,5,6,9.404585270898643,3,0.5616450643063715,0,0.0,0
20026,35.04881461395061,1,5,10.834805480089802,2,0.2830297747538239,0,0.0,0
20027,69.35200360770759,5,5,20.040419499986726,7,0.9996109177998138,0,0.0,0
20028,62.860247163020915,4,5,19.99491635343707,1,0.7273013001375602,0,0.0,0
20029,42.25661958573552,4,6,14.382462896413747,3,0.26595527837362837,0,0.0,0
20030,40.224818590104846,3,1,19.212971226621722,7,0.9097467670909269,0,0.0,0
20031,33.86363969826842,3,4,16.356511043886105,1,0.999837754804372,0,0.0,0
20032,52.75977124296553,3,4,7.79304529175007,2,0.36493494718139136,0,0.0,0
20033,73.72944003136773,1,3,10.094240506808637,6,1.0005671471754964,0,0.0,0
20034,20.41745674345804,3,5,13.434340265129105,1,0.23926359338970954,0,0.0,0
20035,36.020106602533176,4,6,15.13609470856056,5,0.2080867760531519,0,0.0,0
20036,54.614385763160364,3,3,9.694479178118662,4,0.9825927012170972,0,0.0,0
20037,63.775959385381384,3,1,0.41806178095393953,1,0.472242974101623,0,0.0,0
20038,42.802805783813355,3,4,9.70960609847637,6,1.0001442904550983,0,0.0,0
20039,25.165689030860232,5,6,4.6952849164624295,1,0.970293370879596,0,0.0,0
20040,40.30275424017567,4,3,13.85447514681805,4,0.5718253397493749,0,0.0,0
20041,66.49781027440451,4,1,8.516015140322022,7,1.0000217233121136,0,0.0,0
20042,60.202583680387036,1,5,0.0,2,0.36469306163951787,0,0.0,0
20043,40.62372682713626,3,3,11.42844209892723,0,0.9998335457974266,0,0.0,0
20044,40.939820585796824,2,1,12.04013302865601,2,0.9999594464943931,0,0.0,0
20045,60.92340200270201,3,3,19.892346307210033,7,0.9999299875712937,0,0.0,0
20046,43.19648272861198,3,2,19.320921471934195,7,1.014925291592039,0,0.0,0
20047,41.41438791588552,1,3,2.7182927959953975,1,0.23967552115452745,0,0.0,0
20048,48.05641588755745,1,1,12.074986720642865,7,0.8431077120172336,0,0.0,0
20049,32.67410509511724,2,3,10.210305497190472,2,0.9994935918879548,0,0.0,0
20050,44.70236750723487,3,3,5.4239709990909954,7,1.0000046822359971,0,0.0,0
20051,45.23258729806539,3,4,9.746758326570948,7,0.3304797185400943,0,0.0,0
20052,57.6923942244304,3,5,12.874003118010222,4,0.3978967791739766,0,0.0,0
20053,35.49806123939468,3,3,2.2109173086438894,3,0.41733765691173336,0,0.0,0
20054,32.94679216608546,3,3,7.885535743873191,7,0.9999297534645167,0,0.0,0
20055,33.88326488890061,3,3,14.255192444389603,1,0.9997749743949397,0,0.0,0
20056,49.85884743985934,3,4,20.00001797171123,7,1.0005084719054456,0,0.0,0
20057,26.889340103040148,1,1,0.388986426460308,2,0.4967987508432915,0,0.0,0
20058,48.354780420589464,4,4,19.992021441228722,1,0.0,0,0.0,0
20059,43.27093101678021,2,6,14.008073709308022,6,0.5292042621229249,0,0.0,0
20060,54.000473690637705,4,1,1.4271116240031319,7,0.941858736670258,2,8203.00815089267,1
20061,53.228313374272744,6,6,17.087233113936676,3,0.3624504652194439,0,0.0,0
20062,39.42641321382656,2,6,21.333702553641523,1,0.9454517700575875,0,0.0,0
20063,41.66921707116094,7,1,4.1093999340382,2,0.49640377866917357,0,0.0,0
20064,23.81961906218051,3,3,2.2041472509846347,6,0.4979979156196396,0,0.0,0
20065,38.729530252302716,2,4,16.21072347317454,7,0.917102493942987,0,0.0,0
20066,56.75358567332028,3,6,17.206633809910407,3,0.5598229191601668,0,0.0,0
20067,48.15523717533122,3,1,11.611792231146298,7,1.0004263632459023,0,0.0,0
20068,64.69581132717667,3,3,5.416198430266961,4,0.2535570117882543,0,0.0,0
20069,33.71588584574219,2,3,12.479465452005064,7,0.0,0,0.0,0
20070,46.12360663684586,2,1,3.4123366218683726,2,0.2986432611890942,0,0.0,0
20071,36.07210512223704,2,2,8.406432159344536,1,0.2808157292540563,0,0.0,0
20072,53.08681626286587,3,1,16.325239946762732,3,0.49750128032155544,0,0.0,0
20073,26.854818187109036,3,3,3.846540887284032,2,0.7201588982247238,0,0.0,0
20074,56.92976133379515,4,5,12.019843403306016,1,1.1913084747575744,0,0.0,0
20075,25.76497591839619,3,2,8.835824802112128,3,0.19882833308434844,0,0.0,0
20076,44.99696344477547,4,1,16.492297984268724,3,1.000092505819314,1,1682.5603539536226,1
20077,57.402303387459554,3,3,12.828331872115513,7,1.0001756898070646,0,0.0,0
20078,48.34555285534132,5,3,10.67068154727951,1,0.9998023176764631,0,0.0,0
20079,55.527002244212255,4,5,20.007729308450266,1,1.000280778574701,0,0.0,0
20080,30.84426759884407,3,4,12.977222363530668,3,0.9998512423938659,0,0.0,0
20081,35.67911255365709,1,3,16.355404866310373,2,0.3242210966030828,0,0.0,0
20082,39.31682267038077,4,6,15.856298644205546,4,1.0004059579378584,0,0.0,0
20083,50.13137054042458,3,3,19.699210918053645,7,1.0002649651897408,0,0.0,0
20084,44.99398747186097,2,1,20.124600505730868,3,0.4990112622907563,0,0.0,0
20085,38.6858281885936,4,5,8.886791790205343,6,0.5914183022566888,0,0.0,0
20086,32.59333015495001,5,3,12.330130070559814,3,1.0005580723958574,0,0.0,0
20087,28.966493809384335,3,2,12.913828547010098,5,0.9995612283946862,0,0.0,0
20088,33.81727576132271,0,6,18.903583056853186,3,0.08531237328491847,0,0.0,0
20089,65.59236517561419,3,4,18.277972681975427,1,1.0001033289846304,0,0.0,0
20090,39.875044439083474,1,3,16.22784572973103,3,0.4920171812224978,0,0.0,0
20091,49.12148547172105,3,3,20.000572988632143,1,0.44928332192879006,0,0.0,0
20092,41.339124921170885,5,1,6.34099398031619,7,1.011754032933345,0,0.0,0
20093,59.9705892400569,2,2,9.61514901747873,2,0.8750668349310678,0,0.0,0
20094,58.48542849256536,1,6,22.036150960291675,7,0.9993595653587775,0,0.0,0
20095,37.02831429887897,3,1,26.127726460469347,7,0.9995438292695801,0,0.0,0
20096,54.22902205827251,4,6,17.86745858939963,4,0.8404817755142953,0,0.0,0
20097,43.22648186364881,4,4,11.574083579542936,1,0.009558408630221615,0,0.0,0
20098,43.594916213472665,2,6,10.219779668726558,3,0.5833245292459323,0,0.0,0
20099,53.26172770095383,3,4,16.389023403468446,7,0.44869875527543746,0,0.0,0
20100,39.60099011428738,4,3,11.589284950111205,7,1.0003074772887912,0,0.0,0
20101,53.916117375015176,3,2,0.0,4,0.5440698364264668,0,0.0,0
20102,36.60718482819674,4,2,12.960927153274632,1,0.07675884276832468,0,0.0,0
20103,21.991972999135204,2,4,25.827603117134245,1,1.0032997342226024,0,0.0,0
20104,19.676602984274,3,6,3.7901490586706412,1,0.6325490649735591,0,0.0,0
20105,45.057532317408636,3,0,13.46481041179922,7,0.9395859682773862,0,0.0,0
20106,26.083453975778447,3,1,16.622489191586446,7,0.9994723279399269,0,0.0,0
20107,49.202390634200434,2,6,10.98596709393553,2,0.23989720998464104,0,0.0,0
20108,59.92854182077107,2,1,6.244678591514237,5,0.499563119978333,0,0.0,0
20109,22.98374516583885,4,2,6.922658611031857,1,0.8011585124758233,0,0.0,0
20110,47.86057825485892,4,3,6.200885241240255,2,0.49807176531252206,0,0.0,0
20111,53.88355937982747,3,3,0.0,7,1.0003812041354008,0,0.0,0
20112,1.3659053258644533,1,3,3.591858540072809,4,0.2055890763003168,0,0.0,0
20113,33.88049561246483,0,3,18.990775902044646,7,1.0006453378106073,0,0.0,0
20114,49.31791158233294,5,6,15.630759269114193,7,0.9308718785144859,0,0.0,0
20115,33.566689859238664,2,4,20.003365053692008,4,1.000186352089029,0,0.0,0
20116,44.678705399349425,2,1,16.227036109012513,1,0.9568190550320428,0,0.0,0
20117,30.36944575513202,1,5,0.5804236080530973,2,0.5819319171326526,0,0.0,0
20118,53.65014355803103,3,6,18.600475486255103,7,0.9464599070685308,0,0.0,0
20119,45.741512023762915,3,6,2.579678724464701,7,1.000234621845802,0,0.0,0
20120,53.92305591820392,2,3,8.93726499770896,2,1.0000366386858575,0,0.0,0
20121,39.42393408527384,2,3,7.049610473666115,7,0.2762508974289068,0,0.0,0
20122,28.88056963217055,2,1,0.0,3,0.5037806640206774,0,0.0,0
20123,28.166235212349928,2,1,7.610275895407091,7,1.0001614008490567,0,0.0,0
20124,37.91790373927893,3,3,0.0,2,0.0034292282306712663,0,0.0,0
20125,37.95063823726682,6,3,9.565650966863325,4,0.49914187978300983,0,0.0,0
20126,47.01945475803195,3,6,3.9726765299933993,7,1.000307564301921,0,0.0,0
20127,25.391242930286335,3,6,23.061652012079747,2,1.0000989807608727,0,0.0,0
20128,40.41497993868945,4,6,20.197157468781615,6,0.27692722253754876,0,0.0,0
20129,48.46064102308125,3,6,11.642335658887266,2,1.0000771774442736,0,0.0,0
20130,31.705434089736194,3,3,6.499577875260424,5,0.9403017605930815,0,0.0,0
20131,47.63557153063505,3,1,21.57888286020589,7,1.000179214553094,0,0.0,0
20132,37.71997072771591,3,7,8.982770037932454,1,0.1889135729192487,0,0.0,0
20133,49.81060212651311,1,1,0.0,7,0.298687029950598,0,0.0,0
20134,20.12360491760089,4,3,6.300671579617752,4,0.1886450427941359,0,0.0,0
20135,26.34884294843883,0,1,19.249402131786468,7,0.5995481840126632,0,0.0,0
20136,46.70255180761076,3,5,16.291546931978388,7,0.4661614330690317,0,0.0,0
20137,31.701002130122877,5,2,5.4739456428969335,7,0.8975028798611107,0,0.0,0
20138,51.199885575395214,3,5,20.003233074280445,1,0.9994791149646813,0,0.0,0
20139,42.37948768542461,4,6,18.810795611341455,2,0.7824041940132048,0,0.0,0
20140,59.46408693323231,3,3,9.522618510830354,5,1.0001728421518874,0,0.0,0
20141,39.48917161929536,2,2,15.932563532199229,1,0.9998128400700304,0,0.0,0
20142,49.638128744329926,1,5,8.478694768552577,4,0.26488323998141766,0,0.0,0
20143,29.37830192179793,4,7,20.002849489710385,1,0.0,0,0.0,0
20144,36.02761973277798,3,5,13.169792827863034,7,0.9997491112200778,0,0.0,0
20145,39.737710658029,3,3,9.236643037185845,2,0.9790787557325547,0,0.0,0
20146,45.054214918462186,2,1,5.7672719868691615,2,1.0003827062426915,0,0.0,0
20147,28.1272173809919,5,1,0.0,5,0.4537685319684945,0,0.0,0
20148,40.461137937732005,2,5,16.85533865461243,7,0.9996759906158916,0,0.0,0
20149,44.24865417932292,4,6,12.0071311401152,7,1.0001798543127944,0,0.0,0
20150,31.578324190195346,2,5,17.211222635459755,2,0.09274098371370798,0,0.0,0
20151,49.10756408263468,4,1,0.0,5,0.9162384461584256,0,0.0,0
20152,38.86794098821031,4,3,4.843556205546067,6,0.9997361781974521,0,0.0,0
20153,52.64877847111807,3,1,2.7837723557536886,4,0.4963071754710389,0,0.0,0
20154,38.44996425359909,2,4,19.99888842004948,3,0.9995202868514421,0,0.0,0
20155,38.07886476012891,3,1,18.695828529447002,7,0.9994381436033737,0,0.0,0
20156,27.39788565334071,1,3,14.300566155647925,2,0.5524121135003006,0,0.0,0
20157,47.02311507212837,2,3,0.5035504879920936,3,0.08192210816005752,0,0.0,0
20158,53.89891204431527,3,2,15.224427090408849,7,0.9642965601066509,0,0.0,0
20159,27.421023494460307,6,3,5.40617300068457,1,0.4886250168848092,0,0.0,0
20160,51.53592689087284,3,7,6.297287061514984,6,0.30286592084781055,0,0.0,0
20161,43.66705315275898,5,3,17.813501902302527,4,0.9994499843889193,0,0.0,0
20162,54.04768179062174,3,7,7.899471172874344,7,0.4917034557085731,0,0.0,0
20163,51.89411905036384,4,3,17.01920019096438,2,0.9998632658903115,0,0.0,0
20164,25.38224754864736,4,3,18.924282900797557,3,0.5138084403474998,0,0.0,0
20165,39.425184106797,3,4,0.0,2,0.48103304879057623,0,0.0,0
20166,55.2620993280136,5,2,0.12083871091513743,7,0.6230610817865596,0,0.0,0
20167,37.81076245015047,2,4,12.059360299866178,3,0.5562684622300166,0,0.0,0
20168,43.564135535512584,5,1,14.14114757104136,7,0.9820753329405414,0,0.0,0
20169,29.62038582026475,4,1,5.171741587538265,1,0.2620797414837204,0,0.0,0
20170,22.711096062519545,3,2,9.095225678227967,3,0.41551854782014713,0,0.0,0
20171,39.88763267081886,3,1,6.977865256431777,4,1.000029860351693,0,0.0,0
20172,22.89464143189965,2,6,0.0,1,0.4662433574928151,0,0.0,0
20173,62.622684634748126,4,3,0.0,2,0.25568479372364517,0,0.0,0
20174,54.43523427173284,4,6,8.246508605479253,7,1.0001721377341635,0,0.0,0
20175,24.20453675673561,1,3,18.21833538941855,3,0.5278302391730382,0,0.0,0
20176,53.768110407006745,6,3,7.877529560528709,1,0.4684259179583477,0,0.0,0
20177,47.926853451586744,3,3,14.037373031780973,7,0.9798614305408346,0,0.0,0
20178,46.112965636821116,4,3,20.071038791015866,7,1.0002063369692211,0,0.0,0
20179,27.063304069824298,5,5,13.615091262780284,1,0.4844873638573567,0,0.0,0
20180,30.89996653906917,2,5,21.871601740296356,7,0.9998840439359045,0,0.0,0
20181,42.8887973266653,3,2,20.009752498096987,1,1.0004716933831563,0,0.0,0
20182,44.383464076118585,3,4,12.270549689834157,6,0.5820072243313421,0,0.0,0
20183,44.86132889966366,3,6,7.03362686541824,7,1.0000760543972695,0,0.0,0
20184,17.292140202971204,2,3,4.333774449980372,1,0.9996961706963692,0,0.0,0
20185,33.775657707472064,2,6,14.400348000378063,4,0.9999736806485776,0,0.0,0
20186,25.8948509926264,5,1,10.738644617913996,2,0.0,0,0.0,0
20187,39.62487275416594,3,3,9.292223921565416,5,1.0001350894647834,0,0.0,0
20188,64.00093058100792,3,3,13.986029317090233,3,1.0001918982693159,0,0.0,0
20189,38.37756352566894,5,2,14.126470937412343,1,1.0002568763177,0,0.0,0
20190,48.6622452698486,2,4,1.3138672141285692,6,0.4032090089804757,0,0.0,0
20191,23.357937134559407,3,6,8.998590894394114,7,0.9996142401823842,0,0.0,0
20192,39.04102434071238,5,5,17.12382468295654,2,0.6612773175133944,0,0.0,0
20193,50.891597301378525,3,6,22.311546653084623,7,0.5756408867599557,0,0.0,0
20194,23.801121972559873,4,3,19.883159147035997,0,0.29082330958200386,0,0.0,0
20195,54.34169568637824,3,3,19.99745040920383,4,0.4443536189511367,0,0.0,0
20196,46.854264900078135,2,1,12.937584234270547,3,0.0,0,0.0,0
20197,61.37398649063124,3,4,0.0,4,0.9086185544268164,0,0.0,0
20198,43.91142239620532,2,4,8.795810324956125,4,0.3564644567411555,0,0.0,0
20199,55.143617434151466,3,6,9.661367507410151,7,0.9997799672062246,0,0.0,0
20200,32.637537092412586,4,1,19.997195695769314,3,0.3169959731241543,0,0.0,0
20201,48.446328995648855,0,3,22.251626932347754,7,1.0000452638042294,0,0.0,0
20202,36.384053292550064,2,3,0.0,5,0.4978684016498254,0,0.0,0
20203,43.899852680766436,3,2,6.939738678878361,7,0.9998023565019456,0,0.0,0
20204,63.317436729644285,3,1,21.473926095632677,7,0.9999067050291501,0,0.0,0
20205,55.78330308508001,3,3,5.624058719655013,4,1.0000374274993051,0,0.0,0
20206,48.260279036154216,3,3,13.78391608035819,7,0.9999940520192736,0,0.0,0
20207,46.41834424853043,2,1,15.64779050464068,7,1.0000632764987294,0,0.0,0
20208,23.577066664461153,1,3,17.022848795167786,3,0.5014762428876999,0,0.0,0
20209,60.276029201308454,3,1,16.48067765543975,7,0.9998301241036452,0,0.0,0
20210,56.42683356019103,5,2,4.329244736224256,1,0.0,0,0.0,0
20211,48.48790841352644,3,6,6.601566734601309,6,0.22627093198225307,0,0.0,0
20212,50.349393118309116,3,6,10.356429406145963,3,0.6142393446872199,0,0.0,0
20213,43.10377251560352,4,6,8.444924779101765,7,0.47037403898448493,0,0.0,0
20214,49.72639013460855,4,3,14.92941007840981,0,0.9614681836591759,0,0.0,0
20215,42.45853985318677,1,6,16.327462299369678,7,1.0001733759878157,0,0.0,0
20216,51.88461456711964,4,2,7.0268132087509425,2,0.4856041332365445,0,0.0,0
20217,28.360373986895443,1,5,18.18866250896956,2,0.34530034274458915,0,0.0,0
20218,42.896934134667056,3,2,11.358130386150942,1,0.18797460135506971,0,0.0,0
20219,51.76480740412832,4,1,12.05209959513536,1,0.9997126126019696,0,0.0,0
20220,61.1180217863691,1,5,15.098365054922093,4,0.9618236840130743,0,0.0,0
20221,40.68264609340669,4,6,17.565132666842945,1,1.0046115298823128,0,0.0,0
20222,59.68849290729692,2,4,20.101851174093472,7,0.9996195690823257,0,0.0,0
20223,64.26298304659953,3,6,15.86984671292901,7,1.0005218214734903,0,0.0,0
20224,54.379849947021505,1,3,5.72108127859982,4,0.49311460502822396,0,0.0,0
20225,57.98780041865377,4,4,9.156844599555548,7,0.7353546550348445,0,0.0,0
20226,22.025714234193114,1,5,4.6417469116645185,1,0.0,0,0.0,0
20227,11.858965304030626,4,3,16.14478715670271,1,1.0007109153176403,0,0.0,0
20228,21.520785766570313,2,1,4.044601763719227,3,0.0,0,0.0,0
20229,49.41693742545609,2,4,19.999273128640063,7,0.1094225667199068,0,0.0,0
20230,68.32321292322607,2,4,19.992298953875583,7,1.0000951039547927,0,0.0,0
20231,41.31995406350908,1,4,15.47981229015393,8,0.9503181416426377,0,0.0,0
20232,34.337417348245424,3,3,15.480076341492778,4,0.5008944679694404,0,0.0,0
20233,43.704346271013165,5,3,2.8045822003039067,2,0.27872459988928483,0,0.0,0
20234,31.91798988074784,4,3,8.379392061084678,2,0.672263583026646,0,0.0,0
20235,38.27193624138827,3,6,8.379655363281815,4,0.9992921055928051,0,0.0,0
20236,52.94843137147665,1,2,18.690632465086143,6,0.9974507728010391,0,0.0,0
20237,51.54647635928207,4,2,6.1572073059531025,7,1.000620096667597,0,0.0,0
20238,20.020022343334002,4,1,12.823755290655951,2,1.0003618927092515,0,0.0,0
20239,47.95950340824246,3,6,9.559379139945147,7,1.0004293958482524,0,0.0,0
20240,31.121384548159938,3,4,2.010266159378121,2,0.3328926025760679,0,0.0,0
20241,44.20533866914017,3,4,20.00608809566794,0,0.9998978856050251,0,0.0,0
20242,22.95369607557453,2,2,8.119217591541341,1,0.26363872337675265,0,0.0,0
20243,53.68730361867902,3,1,7.117541373744832,7,1.0000113807906705,0,0.0,0
20244,33.66965635364905,3,6,15.566837566320885,2,0.9157178731242843,0,0.0,0
20245,58.14766098112395,4,2,11.583042506088145,7,0.9996914029613465,0,0.0,0
20246,35.557894942114544,6,3,8.276924387879784,6,0.10965194620410468,0,0.0,0
20247,44.99445015804156,2,1,1.701883962208404,3,0.49737893559895824,0,0.0,0
20248,72.65237866388773,3,4,17.97416388741103,5,0.9998720202651776,0,0.0,0
20249,39.57899108467139,6,3,12.09009793200579,6,0.5029026206497059,0,0.0,0
20250,26.627971569782083,5,6,10.942949572743496,2,0.6604313570377386,0,0.0,0
20251,42.306448813372356,5,1,3.53726083930922,2,1.0000889765550882,0,0.0,0
20252,37.44424785777477,5,4,0.0,4,0.15143821034479443,0,0.0,0
20253,60.094779211398404,4,2,12.998977357188362,1,0.9999953456188071,0,0.0,0
20254,39.20803099135765,4,2,8.83290680657018,7,1.0001971155896163,0,0.0,0
20255,20.768005814951348,1,5,23.27700125746006,1,1.027831251851362,0,0.0,0
20256,32.94072932959487,3,3,4.476296417098834,3,0.0,0,0.0,0
20257,34.77614143842378,3,2,6.807550548583192,7,0.9846056268012354,0,0.0,0
20258,27.002931286103806,1,2,1.9346941375947484,3,1.0045637596806234,0,0.0,0
20259,49.214925327830514,4,6,14.641469851008825,5,0.2949752601262603,0,0.0,0
20260,31.44656486850735,5,1,4.928077399412696,4,0.3145953968681541,0,0.0,0
20261,34.62370218875603,2,1,4.334336874165597,5,0.7980333607885678,0,0.0,0
20262,42.97532655516036,1,5,20.08298424210561,0,0.14972156039803342,0,0.0,0
20263,35.00987645694417,3,2,7.99337729763581,7,0.999732268403896,1,75002.61031793717,1
20264,37.44461371668743,4,1,8.643419685522915,7,0.9753062141554665,0,0.0,0
20265,18.380956220952122,4,6,15.77424607022598,3,0.45930972476125353,0,0.0,0
20266,13.846060632217657,3,3,19.998924893991067,3,0.4445953335106515,0,0.0,0
20267,35.288949705454414,3,5,2.079060171341812,5,0.12451376310828666,0,0.0,0
20268,41.704832858044405,3,2,5.061698937579582,7,1.0002195210517124,0,0.0,0
20269,43.727836156105674,3,6,22.47645167654839,1,1.0002702899415246,0,0.0,0
20270,54.35794578607394,4,3,19.818562589586996,2,1.0001857711625985,0,0.0,0
20271,36.93728099542586,3,1,16.27065082419471,7,0.9997428698223059,0,0.0,0
20272,40.927301170939465,4,1,10.246797519683856,4,0.2412812872563771,0,0.0,0
20273,32.48616136155276,3,4,6.425516727436771,1,0.41957488819164585,0,0.0,0
20274,60.13612403285086,2,3,15.343186610684835,7,0.9998820188990643,0,0.0,0
20275,45.668561925571886,3,6,23.741213725281646,7,1.0002691315476304,0,0.0,0
20276,46.34452913660074,2,7,6.018815137141498,8,0.02277044275818807,0,0.0,0
20277,26.256869009811556,5,2,8.274814752989,4,0.5231647941905582,0,0.0,0
20278,43.241492212189485,0,1,16.3890393773789,5,0.5010428809193672,0,0.0,0
20279,38.319395504469064,4,4,0.4346360783218657,6,0.19981715169309477,0,0.0,0
20280,29.88031603049367,4,3,11.666686897897387,2,0.49991273402495995,0,0.0,0
20281,55.45187966769161,2,2,2.8560537868787943,7,0.999705868888395,0,0.0,0
20282,41.85326607823243,1,3,0.4637385408513435,2,1.0004254340542023,0,0.0,0
20283,34.92797747473886,4,2,12.744780728071142,1,0.252759184985548,0,0.0,0
20284,59.55499049611286,4,4,20.006484809636838,3,0.5016304569338489,0,0.0,0
20285,40.60227328481231,4,3,9.814490153712937,7,0.652035930558976,0,0.0,0
20286,42.77513045980765,4,4,13.898879252694554,6,0.5510829785896947,0,0.0,0
20287,29.37201986963213,3,2,3.594128974105378,7,0.44236451687173206,0,0.0,0
20288,48.722910864721854,5,1,7.724075787241487,3,0.9998706783309355,0,0.0,0
20289,58.58634856721385,4,5,9.437101165889962,1,0.7392688607505193,0,0.0,0
20290,37.7169961524736,3,3,9.857829227819499,1,0.35066131784455357,0,0.0,0
20291,46.265369392988624,4,1,16.69144573839403,6,0.22107349600922294,0,0.0,0
20292,32.51343096733231,3,4,8.232910179245838,3,1.0001469165766632,0,0.0,0
20293,47.59625121698785,2,3,7.266261620897998,3,1.000755291462064,0,0.0,0
20294,32.105450326070645,3,5,4.67822981665639,7,0.9657589372057122,0,0.0,0
20295,39.113744493552666,4,6,12.178643485862777,2,0.8072840231309149,0,0.0,0
20296,51.34745300596182,3,3,8.9496957169179,6,0.27971870785197506,0,0.0,0
20297,44.92516919176335,4,6,21.73879732402804,3,1.0000473646323969,0,0.0,0
20298,46.96211770087302,4,2,11.54943508435954,7,0.7449438557433452,0,0.0,0
20299,38.254029938347394,3,1,0.0,4,0.4882463732522613,0,0.0,0
20300,45.39188567898813,2,3,12.722269118998069,7,1.0335236930670315,0,0.0,0
20301,51.249785683225596,4,4,19.988216041908473,7,0.8332314555304245,0,0.0,0
20302,47.25165650234578,4,4,12.012795728233602,1,0.4530798843420717,0,0.0,0
20303,38.73631383681313,1,3,5.1439797850552145,2,0.9997980537815618,0,0.0,0
20304,40.82067638803952,2,1,14.360743995023048,3,0.4880666247626603,0,0.0,0
20305,46.80854697652671,5,3,8.02108331652813,1,0.9998523489586071,0,0.0,0
20306,43.03345913172761,3,6,8.566226301668786,4,1.0003091151609795,0,0.0,0
20307,48.39475264291775,5,4,19.999574643862893,1,0.7068841314933803,0,0.0,0
20308,67.36690027085754,2,3,8.421473983508253,4,0.9545853762114106,0,0.0,0
20309,47.131859316117975,5,1,5.336158234831679,7,0.2550662913718197,0,0.0,0
20310,57.34238597069581,2,6,0.11607077678058175,3,0.40704212098829584,0,0.0,0
20311,33.61730598281873,3,2,17.86974764112564,4,1.0002097396990095,0,0.0,0
20312,40.003557665737816,3,3,3.6366169295956654,3,0.5002487962579361,0,0.0,0
20313,38.51632882499779,4,4,14.026509905274446,1,0.3664192278247001,0,0.0,0
20314,35.9889359109208,1,1,12.844337790360692,6,0.4663916552322563,0,0.0,0
20315,47.020982649392685,4,6,7.253655300881157,7,1.0544020350096588,0,0.0,0
20316,54.371833905254825,3,3,6.367321172774193,6,1.0001516580593246,0,0.0,0
20317,45.456244189364305,3,5,5.975090621585849,2,0.49940634450460086,0,0.0,0
20318,31.41106674763422,4,5,15.126384929412708,1,0.7958499458501993,0,0.0,0
20319,47.40058837780818,3,3,19.996231512657786,3,0.6140068414258402,0,0.0,0
20320,56.142292208103775,3,2,8.927716919631367,7,0.999923699154463,0,0.0,0
20321,17.717249718016074,3,3,9.860440521819926,3,0.4981217418668502,0,0.0,0
20322,45.76402997130806,3,3,8.298766219649753,3,0.999587377710733,0,0.0,0
20323,43.50415794858,3,6,5.643044729229615,6,0.3476512545256127,0,0.0,0
20324,48.748190047931374,3,1,5.816001149414777,7,0.4645736870175662,0,0.0,0
20325,51.46451486851845,4,1,15.870238334559616,4,0.7259431540058325,0,0.0,0
20326,45.50481347414298,2,1,8.68417062431925,4,0.9998686560312284,0,0.0,0
20327,54.973013862326056,2,6,11.79065363279793,6,0.9997773951019413,0,0.0,0
20328,53.07860224806414,2,3,0.0,7,0.9804619187237515,0,0.0,0
20329,37.97070680559305,1,3,6.276754110053012,1,0.16705651713528935,0,0.0,0
20330,56.347940836562614,5,3,13.657064568835642,3,0.49521164902336057,0,0.0,0
20331,32.961424895492875,2,3,3.242180398510012,1,0.39141621294356593,0,0.0,0
20332,55.80440977222737,3,2,8.325267977842643,7,1.0000594818342543,0,0.0,0
20333,58.34101002264846,3,6,16.30046389929833,2,0.9554553989655754,0,0.0,0
20334,44.05531075659167,4,6,0.0,7,1.000643044152907,0,0.0,0
20335,37.64236076756828,3,0,15.670100554214741,1,0.9997767631940434,0,0.0,0
20336,38.135977865583044,4,1,20.011674603523748,2,0.4644317577409343,0,0.0,0
20337,64.86847241740186,2,3,0.0,7,0.5161266405490705,0,0.0,0
20338,55.777153946713725,5,1,18.251819466570765,4,0.0,0,0.0,0
20339,24.575101697138514,1,6,8.720145149410303,3,0.5733807324873567,0,0.0,0
20340,52.60415693187097,4,3,9.367658887771773,0,1.000398819507403,0,0.0,0
20341,20.888855045727478,4,7,7.310489213582255,5,0.7887895834205079,0,0.0,0
20342,38.233797416433234,3,3,18.22709951444165,7,0.9852639610659366,0,0.0,0
20343,11.049436508367162,1,2,11.284637624321142,1,0.5027587765114874,0,0.0,0
20344,64.33641156867152,4,3,13.089015964630045,4,1.0001829907936144,0,0.0,0
20345,48.66812850001984,3,4,11.040589980394584,5,0.36067164846559546,0,0.0,0
20346,49.958461980262015,3,3,13.33670579093848,7,0.9995968350148818,0,0.0,0
20347,54.6729862808998,6,2,16.788169445708363,4,0.45718863009471633,0,0.0,0
20348,33.38811619560798,6,3,14.920679194596087,3,0.8992598797911222,0,0.0,0
20349,33.60259893031983,3,1,20.000672796424137,3,0.43598176295477403,0,0.0,0
20350,49.58995517964451,2,3,0.0,5,0.6098309924859634,0,0.0,0
20351,37.601775758423834,1,6,13.26169383352033,6,0.45609085086940515,0,0.0,0
20352,36.63724823466159,4,2,5.932671225850221,7,0.9994539008148746,0,0.0,0
20353,37.66688679898496,4,2,10.381322175242385,7,1.0001628908679088,0,0.0,0
20354,49.620778905409786,2,6,14.731677993637566,7,0.6127300187456768,0,0.0,0
20355,46.59106720322747,4,6,6.477735505919096,6,0.765146359979477,0,0.0,0
20356,22.450147899077493,2,1,0.0,0,0.30130880241941915,0,0.0,0
20357,47.914774100396734,2,3,21.477350361851098,2,1.000068539961218,0,0.0,0
20358,28.469164988387806,3,1,28.964097823463874,4,0.9997951419595801,0,0.0,0
20359,40.63553053741822,3,1,9.668622200665244,4,0.35712233670823196,0,0.0,0
20360,49.86493979675377,1,1,9.521810590432253,7,0.9998191736501866,0,0.0,0
20361,18.089656553561323,3,1,16.052065669585545,2,0.49074906967500886,0,0.0,0
20362,48.26412152659358,3,3,17.6541520449137,7,0.7271177604324321,0,0.0,0
20363,34.646558550983244,5,3,10.27435602762074,7,0.3180852645412535,0,0.0,0
20364,34.79304344234712,3,4,10.50016055871299,5,1.0001761814458359,0,0.0,0
20365,34.28331479292201,5,3,21.212943625892564,7,0.8997137104407156,0,0.0,0
20366,37.49916715814618,3,4,6.184995012397277,1,0.3121735273096988,0,0.0,0
20367,25.756088834922814,3,2,10.686252817296879,1,0.0,0,0.0,0
20368,50.36644097238756,2,1,5.609987319380214,4,0.27197868978221784,0,0.0,0
20369,55.67111436588883,2,2,7.363617705840812,7,0.7383507394042691,0,0.0,0
20370,42.178276149202155,3,3,20.005012551528765,4,0.1521962266942427,0,0.0,0
20371,33.922902987316334,4,1,2.655713851633136,5,0.48294433698432115,0,0.0,0
20372,45.52001249831105,2,1,9.398292714908205,7,0.9581268494096024,0,0.0,0
20373,11.248057164735414,3,3,7.580568916146877,2,0.9998930996556827,0,0.0,0
20374,22.104691167385724,1,6,1.4566812806785396,4,0.43198317465194974,0,0.0,0
20375,25.841429385803153,3,1,0.0,6,0.48972059366687076,0,0.0,0
20376,49.76663177485464,3,3,19.995423828828244,4,0.4208111953495468,0,0.0,0
20377,41.41660764538806,4,1,14.012970026589162,2,1.0000172829958722,0,0.0,0
20378,41.77874844786326,6,6,14.966368327445366,4,0.2802956926045259,0,0.0,0
20379,37.949598658019646,4,3,9.794669832690946,1,0.0035548597715139296,0,0.0,0
20380,47.02739371764214,2,3,14.959371293338567,7,0.9558496993995296,0,0.0,0
20381,39.40033485022243,4,2,5.660967393319811,1,0.9996849140037876,0,0.0,0
20382,36.018933649513066,1,1,19.989027995154046,1,1.000418403381401,0,0.0,0
20383,54.68560819317523,1,3,6.548714996883905,7,0.15515704953777476,0,0.0,0
20384,33.10190846879241,4,5,17.99954179275236,2,0.15470051855541112,0,0.0,0
20385,68.86615130841915,1,3,3.5913018512767927,2,0.46829144226180064,0,0.0,0
20386,39.01193384335442,4,3,10.4656540483509,3,0.7484048045051449,0,0.0,0
20387,19.681099492102206,2,5,6.4417295466885305,3,0.2325320117483739,0,0.0,0
20388,47.654730603658464,5,5,3.0721706748704083,7,0.9502467064400557,0,0.0,0
20389,44.01726167186524,3,6,0.9923584962321712,7,0.769111772285134,0,0.0,0
20390,24.516360244821005,3,2,3.516458658090219,4,0.1692524971388749,0,0.0,0
20391,42.62393816218069,3,2,10.681487965287113,7,1.0001922330253312,0,0.0,0
20392,42.48124025163075,3,3,20.00453618045897,3,0.26238144656366236,0,0.0,0
20393,17.102451815329157,3,1,2.493322997797401,1,0.10446899811229449,1,19820.917346518847,1
20394,46.22297323684075,4,1,8.755814306656921,2,1.000090732420118,0,0.0,0
20395,48.06375119146762,4,5,5.738746215725706,1,0.3384910101091801,0,0.0,0
20396,54.026467439941094,5,1,12.147292589272864,7,0.2668023332109144,0,0.0,0
20397,30.9041313405367,2,2,11.003160114104011,5,0.10128532760549569,0,0.0,0
20398,47.752103000327494,4,4,13.406666067926079,7,1.0003471173472014,0,0.0,0
20399,46.3167890211496,3,4,17.97894719486396,7,0.7760265941753189,0,0.0,0
20400,36.15395714881653,2,6,14.949919333995858,4,1.000526983792504,0,0.0,0
20401,45.05953571174009,1,5,14.405742247941113,5,0.17108618458032476,0,0.0,0
20402,39.976653979899666,2,1,20.008483200807696,2,0.6720932527047733,0,0.0,0
20403,34.746090709283465,3,1,10.615256543364723,7,0.7579946932802348,0,0.0,0
20404,31.532018970150233,3,1,5.528454939194984,3,0.5009828553296265,0,0.0,0
20405,42.71760179801478,4,5,0.9504410439333881,4,0.3667819830392677,0,0.0,0
20406,71.19821018787711,4,5,8.549436053359543,7,0.4349866193573305,0,0.0,0
20407,47.54079007753583,3,3,2.7177473216359633,0,0.6433598192170973,0,0.0,0
20408,43.91110774282142,3,1,10.677887477533812,3,0.9998715111556049,0,0.0,0
20409,43.658413351496755,3,2,14.017514441417081,5,1.0000604992848803,0,0.0,0
20410,45.950026825339364,2,1,21.58430059682696,3,0.9998737942853957,0,0.0,0
20411,18.658849257232685,0,1,20.007112104970826,6,0.8538949177395908,0,0.0,0
20412,45.533527613321,0,1,16.195035901483365,7,1.0004558929419054,0,0.0,0
20413,39.42891177253181,3,1,3.514472052189717,3,0.3576840337657388,0,0.0,0
20414,23.96499150871939,4,5,10.60424840638348,1,0.6117537097793809,0,0.0,0
20415,53.20919494244315,2,5,5.321946737355395,1,0.8459445351472671,0,0.0,0
20416,47.70947816437261,2,6,16.15953223987588,4,0.6618712297785296,0,0.0,0
20417,30.58610529429702,2,1,13.060825063629315,3,0.18548366858048537,0,0.0,0
20418,41.24982763540859,4,6,17.87195198995583,7,1.000470305301278,0,0.0,0
20419,60.210463756511764,3,4,13.498480156689315,3,0.7326545824509522,0,0.0,0
20420,24.743743766696873,3,1,5.347549067517622,2,0.3685478616859143,0,0.0,0
20421,44.83331398366017,2,3,9.884921594211129,4,0.49622661567414394,0,0.0,0
20422,42.95734237165004,3,3,8.581331881508799,7,0.9996412478927877,0,0.0,0
20423,17.093049814251003,4,4,5.215672798042402,1,0.9993831733706597,0,0.0,0
20424,47.260578671860365,4,3,14.740832125331508,7,0.9998403664589663,0,0.0,0
20425,47.32588011496988,2,5,18.874271198823962,2,0.9663319831584883,0,0.0,0
20426,31.81360226605048,2,6,8.78129118157382,2,0.2292201551596144,0,0.0,0
20427,43.543589319292586,7,7,6.183442588000711,8,0.5722892592034325,0,0.0,0
20428,47.65146177026315,3,1,12.765254517005468,3,0.49651675720284216,0,0.0,0
20429,53.06273664853834,3,3,5.93195624935083,2,0.9996271390488651,0,0.0,0
20430,48.532451330448495,2,1,21.65229183558816,7,0.9999537786082588,0,0.0,0
20431,18.502957407726186,4,5,0.7338483163158376,4,1.0138404415588407,0,0.0,0
20432,30.698790822891386,4,3,20.738543180674938,7,0.9992618941902264,0,0.0,0
20433,40.913479365446086,3,4,19.99907006255335,1,0.7560396457919198,0,0.0,0
20434,35.33649764780859,4,4,20.003613883447567,4,1.0003355342640767,0,0.0,0
20435,35.811196518555725,3,4,11.658635030396798,1,0.9996437600346446,0,0.0,0
20436,51.51130550014253,3,6,2.945628919756066,4,0.954958823534563,0,0.0,0
20437,51.371034373661956,4,3,15.780830988100064,6,0.34738883076204646,0,0.0,0
20438,19.348303824039473,2,2,4.775559833332084,7,0.9188929166108346,0,0.0,0
20439,52.657219419294975,3,7,12.72194143444375,7,0.9997111598192334,0,0.0,0
20440,46.99774271465234,1,2,8.626337838584758,7,0.18534263897307257,0,0.0,0
20441,41.839157492279845,1,2,6.683568536462168,4,0.6344490930174362,0,0.0,0
20442,32.08275646165428,2,1,19.996599115015574,2,0.7141210995226264,0,0.0,0
20443,41.388894182957316,5,3,10.400452096587653,3,0.3194204175578341,0,0.0,0
20444,28.745744265453915,5,6,8.619420383772479,2,0.18721315746938438,0,0.0,0
20445,47.5678694859276,2,7,13.850927054273663,7,0.9244767646947493,0,0.0,0
20446,37.28552562991622,3,3,10.76217006656579,7,0.9996727860806938,0,0.0,0
20447,27.870381522100676,2,3,6.697402844932863,7,1.0000019418856407,0,0.0,0
20448,41.49236768793486,2,3,21.43429236594235,3,0.49540928493623204,0,0.0,0
20449,32.48763214506876,4,3,17.446532228076613,3,1.0005291130109955,0,0.0,0
20450,60.011686915103574,3,2,15.852152790063375,2,0.495721280672172,0,0.0,0
20451,57.02880570733264,3,1,0.0,7,0.9998783477410329,0,0.0,0
20452,53.54721709610575,5,5,8.086208964995386,4,1.000222973729413,0,0.0,0
20453,42.36122538149076,4,3,10.833234876260562,2,0.9999142868763209,0,0.0,0
20454,25.66139308318353,3,6,13.703152150115482,3,0.22330041649579824,0,0.0,0
20455,45.86108949738903,4,4,20.2261925083427,1,0.9978250837166738,0,0.0,0
20456,43.807582696945566,5,3,11.250582323143721,2,1.0002633840545923,0,0.0,0
20457,44.81740416658757,3,4,15.09425366418951,5,0.9999361277301658,0,0.0,0
20458,34.602575158847024,3,2,12.90839175242272,4,1.0001401753602264,0,0.0,0
20459,41.55750828937639,6,5,8.04437950752968,7,0.6877374820343695,0,0.0,0
20460,20.632311266521285,2,4,3.0746961096390173,1,0.8526252228099905,0,0.0,0
20461,43.46760289373652,2,1,5.202785870382051,6,1.0645691527807037,0,0.0,0
20462,35.747136189688156,4,1,12.289093391790889,2,0.31724665443229266,0,0.0,0
20463,40.94970115329684,3,3,7.7429417834613155,3,0.1438728788416076,0,0.0,0
20464,34.324959481918114,3,2,19.99997870631006,1,0.9999055770843542,0,0.0,0
20465,34.2659311012833,3,5,10.737447813566133,2,0.49910384454386436,0,0.0,0
20466,52.07111466044526,8,3,8.699863763909882,7,0.7334946182029146,0,0.0,0
20467,32.83387066337956,3,6,2.1560820223269843,6,0.3769760228044825,0,0.0,0
20468,21.022046631510026,2,3,3.6638989912673825,1,0.9333526862339105,0,0.0,0
20469,38.24098815938323,3,1,16.760151597691817,7,1.0000789801041066,0,0.0,0
20470,54.258200008028005,0,4,20.00598875006066,1,1.0001022808139888,0,0.0,0
20471,50.657523570570135,1,1,5.000699342474935,7,0.9997038918915748,0,0.0,0
20472,56.19334457394905,2,3,14.919591591430555,5,0.5010005048296147,0,0.0,0
20473,40.9999121118992,2,1,2.4224301511305413,2,0.3249615396871465,0,0.0,0
20474,23.11423963669076,3,4,9.668313077053718,2,0.0,0,0.0,0
20475,46.38791488272908,1,6,3.5098524645820692,7,0.9999814917124743,0,0.0,0
20476,34.606445680659746,5,3,10.482481387186574,4,0.9186437937157853,0,0.0,0
20477,38.19653554587384,3,3,16.912689201369275,1,1.0000003492423095,0,0.0,0
20478,35.39018253544405,3,1,14.173229188685948,7,0.9999395772527608,0,0.0,0
20479,55.70017797476525,3,2,20.007143862319346,1,1.0006288323876735,0,0.0,0
20480,37.73395149924403,2,5,5.347478880229975,1,0.7363379708621423,0,0.0,0
20481,46.26517814746175,3,3,6.833363213561476,5,1.0000682477716543,0,0.0,0
20482,38.08358486895493,4,1,3.8315720179892656,4,0.9998961615794537,0,0.0,0
20483,43.07922766998381,2,3,6.1694727155585865,1,0.49954512408287277,0,0.0,0
20484,40.80025616830013,2,3,0.8129407344785875,7,0.9996934200082984,0,0.0,0
20485,42.642991061171585,4,6,24.74533877602308,3,0.5017629874918614,0,0.0,0
20486,45.33589454009361,1,1,9.000342027507703,7,1.0001875206345179,0,0.0,0
20487,36.02465658534789,4,6,15.229372085485181,3,0.4642463375053856,0,0.0,0
20488,66.65061844717222,3,1,11.6419539236464,1,1.0004762872245183,0,0.0,0
20489,50.147189647019005,4,5,22.45206374021438,1,0.48889344523960854,0,0.0,0
20490,34.64895369766879,4,5,11.771435489481146,1,0.8779196493550402,0,0.0,0
20491,30.241941460011432,2,3,14.359024386280858,4,1.0005812159068528,0,0.0,0
20492,41.76126616333433,4,4,19.99392879205099,7,0.9999731598624926,0,0.0,0
20493,38.68032703595693,3,5,10.833753258569915,3,0.4980065459687183,0,0.0,0
20494,34.29972911825091,5,4,20.006203026825133,1,0.30859770316046853,0,0.0,0
20495,35.627751954358544,3,2,1.5876019274361397,1,0.03405610992439445,0,0.0,0
20496,53.39131042250915,2,4,20.00203062641323,7,1.0001123355652906,0,0.0,0
20497,60.915857731149856,2,6,9.181225542672006,7,1.0003395348620363,0,0.0,0
20498,58.49224249946472,3,2,12.283653314382015,7,0.42687120326311595,0,0.0,0
20499,21.230217165441243,3,3,2.062055137691843,4,1.0001346768425408,0,0.0,0
20500,54.24519806247659,3,3,12.052273831140408,7,1.0001300010296281,0,0.0,0
20501,49.4907583159142,2,1,9.575750484093016,5,1.0007972106523892,0,0.0,0
20502,24.547231410031465,6,3,9.883430060303239,1,0.47764584129722504,0,0.0,0
20503,64.35755109891232,3,1,13.923861114561188,2,0.2934041223912338,0,0.0,0
20504,56.843154530830915,4,5,12.176776542912783,3,0.26265412504610464,0,0.0,0
20505,33.56930580660444,1,4,11.54224579295901,2,1.037145917756775,0,0.0,0
20506,52.17104893580243,3,3,23.401547881001115,7,0.734209766717747,0,0.0,0
20507,46.74761232227244,3,2,11.111413625812002,4,0.6187630340703962,0,0.0,0
20508,47.10216962701494,5,6,17.576893288881006,6,0.999898383693355,0,0.0,0
20509,20.680044431733453,2,2,8.190001733500255,4,0.23882173972175075,0,0.0,0
20510,32.02008984878432,2,1,13.494836274901367,3,0.7401981493758623,0,0.0,0
20511,58.28306808243464,2,2,19.99894503960799,1,1.000022002650856,0,0.0,0
20512,26.807142146736098,5,1,4.054401014463572,3,0.2686006086483873,0,0.0,0
20513,66.36397417923916,4,5,3.4060299238064218,7,1.0002844728090403,0,0.0,0
20514,44.569223888718895,4,6,7.966980807721434,6,1.0552628173760459,0,0.0,0
20515,34.85257915203947,4,3,0.6248121882856932,1,0.5003454774401555,0,0.0,0
20516,36.68997723080664,1,3,9.356087951741333,2,1.0000868790408532,0,0.0,0
20517,21.416639892308694,3,6,13.741958570283895,1,0.583614122248813,0,0.0,0
20518,51.67237558881062,2,3,6.000538931345635,4,0.6654517155550924,0,0.0,0
20519,47.68897306039239,2,4,10.130087441521637,6,0.6224201726432528,0,0.0,0
20520,56.91798951886024,1,3,0.7291630411138499,7,1.0002941915911863,0,0.0,0
20521,19.333422433214736,6,6,5.929856604072752,3,0.9997483979943294,0,0.0,0
20522,37.04225646527841,4,2,8.950112929594338,7,0.7347910816626554,0,0.0,0
20523,20.513827907239897,2,1,4.6524069668676304,2,0.3146158063874239,0,0.0,0
20524,32.36358969618169,3,1,8.926062118684392,6,1.0003075894799947,0,0.0,0
20525,38.01155492935454,4,1,14.299440025990386,1,0.29011579137431803,0,0.0,0
20526,35.68150374986034,2,0,0.0,7,0.9341648061319417,0,0.0,0
20527,52.50108521612051,4,1,5.409185544262655,7,1.000220787036152,0,0.0,0
20528,21.52393674976142,5,2,9.261298705496849,7,0.9164472700127306,0,0.0,0
20529,30.534344143561555,3,2,8.010227461270224,2,0.9775861564858684,0,0.0,0
20530,44.295530196038115,4,5,16.369262711625964,3,0.9993170636980796,0,0.0,0
20531,46.56885290709405,2,6,10.650913179811921,3,1.0002122645106766,0,0.0,0
20532,46.553769407273805,3,3,15.160220372736699,6,0.9998444975872682,0,0.0,0
20533,22.51849931587457,3,2,4.137327933796133,7,0.7772898082681382,0,0.0,0
20534,61.631926752142064,3,3,13.232832948407049,4,0.9996310908986794,0,0.0,0
20535,43.01174061330127,3,2,14.462879963116709,2,0.1902878821489965,0,0.0,0
20536,19.96666522663015,2,5,13.032725291759718,3,0.5435916552618495,0,0.0,0
20537,50.868548294175774,3,1,11.91339417809625,2,0.28944505968871237,0,0.0,0
20538,56.42048725674253,3,4,15.776718186086157,1,0.9361942860585819,0,0.0,0
20539,54.27711297488409,3,4,9.539687966918125,1,1.0168086094739186,0,0.0,0
20540,62.44564620200426,2,2,18.374431901151283,7,0.8838677027268403,0,0.0,0
20541,30.375279250723047,1,3,5.513179932717856,2,0.43997301560656493,1,5290.736001396505,1
20542,42.46178194150297,3,1,5.192537399922871,3,0.049348299094216674,0,0.0,0
20543,25.264561349546593,2,1,4.625248146508156,3,1.0000066834912873,0,0.0,0
20544,38.93232073570849,3,4,20.076576122679256,7,0.8341667394550891,0,0.0,0
20545,49.635869573223,3,2,6.678783476605569,1,0.0,0,0.0,0
20546,49.04557349949083,6,1,2.321791952679149,7,0.4075936782307539,0,0.0,0
20547,57.282621198388576,4,2,17.70483447005024,5,0.5771366828531191,0,0.0,0
20548,30.738500924666248,2,2,11.840074441404592,6,0.9768307881903466,0,0.0,0
20549,39.43895038230395,3,1,8.856514790231426,7,1.000093573010172,0,0.0,0
20550,63.727467223983695,5,4,20.00441948738149,7,0.8673119098997254,0,0.0,0
20551,37.15541252719385,4,1,3.231426672919877,7,0.16278314475359013,0,0.0,0
20552,36.58180034057751,6,5,10.911558308946946,4,0.9564571089364826,0,0.0,0
20553,61.92652331352383,6,6,4.978647505643318,7,0.25029537252607537,0,0.0,0
20554,14.63113849506328,1,6,20.488138764684436,6,0.0,0,0.0,0
20555,48.642327162298166,2,6,7.031647658352301,7,0.9995436723510203,0,0.0,0
20556,49.78511679193687,3,1,9.156202110165715,7,0.9757411039075328,0,0.0,0
20557,44.50093766113966,4,3,20.052357854997815,3,0.40851586528560857,0,0.0,0
20558,58.70088625940341,4,4,20.00732040607798,7,1.000127117757903,0,0.0,0
20559,37.659108051471044,2,3,9.915249849372374,3,0.9998165557034567,0,0.0,0
20560,42.792966889038524,3,1,10.558503742978509,2,1.0003277131954973,0,0.0,0
20561,43.97727998642745,4,2,4.07276838899956,6,0.3999862618611669,0,0.0,0
20562,56.03506123998908,3,6,23.800543467376734,3,0.9998905957015122,0,0.0,0
20563,39.755079607216764,1,2,7.226746722093942,6,0.6138894522384162,0,0.0,0
20564,41.91406479428738,3,4,19.990023942091838,1,0.6591101306971167,0,0.0,0
20565,50.24619836961502,4,6,4.645287417391047,3,0.5059415552334887,0,0.0,0
20566,34.0759098965506,3,3,6.794675314988911,0,1.0000572201760645,0,0.0,0
20567,38.51050074953297,3,6,8.381939781376769,3,0.9998960758369261,0,0.0,0
20568,44.61191937835187,3,6,3.1028770013138463,7,0.9999770145794703,0,0.0,0
20569,39.889360457879434,3,6,5.528072465724752,6,1.0496112202568613,0,0.0,0
20570,65.23751359933091,4,6,25.547855417934198,4,0.9992872840929022,0,0.0,0
20571,39.96872583767879,5,1,13.214462911833468,3,0.4343491951959683,0,0.0,0
20572,24.300181723869017,3,3,4.194372928800653,0,0.5242960862793152,0,0.0,0
20573,32.24427739804917,4,2,6.758948901413548,3,0.5961421933612886,0,0.0,0
20574,38.11952402454668,3,6,12.270253303098329,7,0.9997841377166918,0,0.0,0
20575,56.24125552834183,3,1,20.544347067839553,7,0.9994559369739691,0,0.0,0
20576,25.410701549502466,4,1,1.50581364133871,5,0.10639605369085825,0,0.0,0
20577,49.705120074594646,2,4,16.14667587557704,2,0.6241939396651498,0,0.0,0
20578,39.62271141705815,2,2,9.493204563832304,6,0.15722675869645408,0,0.0,0
20579,39.079020987785036,2,1,3.491570007547523,2,0.7998254404059849,0,0.0,0
20580,51.2042440039296,3,3,4.163496808191394,3,1.0003352134350978,0,0.0,0
20581,31.98066527161793,3,3,9.081127686058553,3,1.000056558066637,0,0.0,0
20582,25.01923878120211,3,6,4.869918980623238,3,0.24099563451432504,0,0.0,0
20583,44.870904329158805,5,5,4.256473006578633,3,0.5079463831318642,0,0.0,0
20584,40.933237519291275,3,6,13.880417923608018,5,1.000303711729393,0,0.0,0
20585,44.04786809937809,3,4,19.998499871769177,2,0.4999682225487399,0,0.0,0
20586,46.957307699869865,3,3,8.686416474190711,7,0.9996716866768419,0,0.0,0
20587,35.25635776443804,5,2,14.430090373511085,7,0.712016071276862,0,0.0,0
20588,15.390102174576985,3,7,19.423642513057455,0,0.9995872694897632,0,0.0,0
20589,52.97838263558833,4,6,14.727303919088289,7,0.9999880571202062,0,0.0,0
20590,60.17122010622168,4,4,8.77418318008658,7,0.20526893979445676,0,0.0,0
20591,57.6224160495691,2,3,16.508197360531156,2,1.0000139394002858,0,0.0,0
20592,39.71472604648516,4,3,3.988242709087827,1,0.9999062592526405,0,0.0,0
20593,34.772243182420105,5,6,10.134062196814538,4,1.000417663203874,0,0.0,0
20594,47.97864281323675,3,4,11.406247705613564,5,0.9523610331241656,0,0.0,0
20595,41.85421195101664,1,6,3.5224121255541716,3,0.16437473869828467,0,0.0,0
20596,39.57199134941999,3,1,14.53601983258784,2,0.10703910813909678,0,0.0,0
20597,49.336579766391246,5,6,11.755090186731199,7,1.0000218173957522,0,0.0,0
20598,53.35222415666974,3,2,10.378879430391617,1,0.24118197484287662,0,0.0,0
20599,27.67964392492719,3,4,19.982864000046007,7,0.36076600419307847,0,0.0,0
20600,64.24815350191027,2,1,14.681982329682528,5,1.0003554359120352,0,0.0,0
20601,42.81758106489795,3,3,11.455226474362448,7,0.908759979160151,0,0.0,0
20602,54.87429508381422,3,6,17.43902068126939,4,0.4535833124178632,0,0.0,0
20603,32.06106003657908,3,4,19.9954445537049,1,0.5829963987092495,0,0.0,0
20604,67.41586489316094,2,3,3.894176335302862,7,1.0005192604660844,0,0.0,0
20605,29.484524941362828,3,3,12.64305785355732,2,0.3851934798718915,0,0.0,0
20606,55.91395160293464,4,6,0.45098235535877684,2,0.7904042571932008,0,0.0,0
20607,56.47311822675749,3,3,9.88478534962698,7,0.9546195706958198,0,0.0,0
20608,46.86175126044736,5,2,8.819396561409452,1,0.30426884669356935,0,0.0,0
20609,41.866995677214284,3,7,12.229105720965812,7,1.0006458645682597,0,0.0,0
20610,39.89623894603529,3,4,13.281583907985201,1,1.0002203372918594,0,0.0,0
20611,36.761062894139826,3,5,1.5822166335399785,1,0.6548702556822281,0,0.0,0
20612,60.45433479939161,2,3,18.16461725969983,3,0.4961527397779814,0,0.0,0
20613,44.58375458809416,1,6,14.404552094290032,7,0.9997544074308722,0,0.0,0
20614,51.60266519141266,5,3,4.596649097941182,4,0.9993143137125846,0,0.0,0
20615,53.71168282060769,4,1,0.0,6,0.5004445051202443,0,0.0,0
20616,57.204434076703386,5,3,13.73840720960547,7,1.0001907376445662,0,0.0,0
20617,52.57506896634186,1,4,10.856834621776153,7,0.9999973189851326,0,0.0,0
20618,72.7551395955733,4,3,0.08684028397785859,7,1.0000185760087614,0,0.0,0
20619,43.62804966242887,4,6,19.21292470550706,5,0.7855907308517008,0,0.0,0
20620,27.059541183716583,3,7,9.236759529615362,1,0.23211978198498412,0,0.0,0
20621,45.32532995801273,4,3,16.261622703963276,4,0.5102490139555005,0,0.0,0
20622,45.40905048672224,2,3,21.037357134687134,0,1.0000753697846487,0,0.0,0
20623,21.21392585149415,5,1,13.768838338569042,2,0.16809158826745774,0,0.0,0
20624,28.414530771121857,2,7,10.584753005883831,5,0.5664423584773708,0,0.0,0
20625,49.34635511413564,4,1,13.396438279652136,1,0.5682558087952617,0,0.0,0
20626,35.790675212637765,2,6,14.929794921243792,7,1.0001544013860935,0,0.0,0
20627,73.15243698185016,4,4,13.014726843817728,7,1.142623685855241,0,0.0,0
20628,25.633620889814512,3,2,14.501765828551676,2,0.9459176290614584,0,0.0,0
20629,27.181755453164097,1,2,18.409840429331815,6,0.2999318380075411,0,0.0,0
20630,29.1624296079787,5,2,7.035120302115741,3,0.5523698697456257,0,0.0,0
20631,45.365291425146125,4,5,2.5850923487576942,7,0.9996597098354871,0,0.0,0
20632,41.79074010695123,3,2,7.302873323168721,7,0.9997419702713333,0,0.0,0
20633,28.241269870569596,2,2,6.093291796975639,7,1.0000840178404304,0,0.0,0
20634,34.61184718327242,4,3,7.5918642344887814,4,0.49981245964649595,0,0.0,0
20635,33.16326491004764,1,3,12.592200383329184,6,0.4543908520240918,0,0.0,0
20636,54.91451303813291,3,2,10.643493931932177,1,0.4958524520006327,0,0.0,0
20637,25.398046872072744,2,6,10.514521811242988,3,0.13329551066589507,0,0.0,0
20638,53.71072423429197,3,1,15.414378706430346,8,0.23854425141905777,0,0.0,0
20639,65.17483594241837,2,3,0.0,6,0.4891091223592493,0,0.0,0
20640,56.793802298707945,3,3,17.957740942749446,3,0.0,0,0.0,0
20641,44.48512841968694,4,3,8.261122365847886,4,0.9661579919079973,0,0.0,0
20642,25.823791155047818,1,4,15.694813355954572,3,0.0,0,0.0,0
20643,37.7223912232062,4,3,14.543602971597485,7,1.0004137433551752,0,0.0,0
20644,59.33300723703404,3,3,9.04195278148642,7,1.0000807898154092,0,0.0,0
20645,33.51562047270533,3,5,0.0,4,0.38372270819494714,0,0.0,0
20646,32.65529397861899,3,3,0.0,0,0.7061817318211319,0,0.0,0
20647,48.45113410892585,3,4,13.581754987903052,5,0.9991994264762559,0,0.0,0
20648,30.888784982820656,4,1,3.426249829448893,3,0.3993782295292192,0,0.0,0
20649,51.92938010823186,1,5,11.226137126357942,1,1.0177853474044949,0,0.0,0
20650,42.43815377601081,3,2,18.280437879956683,5,0.4609505177449338,0,0.0,0
20651,38.88709779943154,1,3,20.496772894275345,7,1.0000791189107399,0,0.0,0
20652,34.362979192683426,1,2,7.815314144171914,5,0.5333032507403949,0,0.0,0
20653,11.20780353153711,4,1,13.5486189351315,0,0.09637486356209846,0,0.0,0
20654,29.30170193582879,1,1,15.285676158490897,2,0.7371693606726464,0,0.0,0
20655,45.37799232858786,2,3,9.252789616175663,3,0.48938377535609967,0,0.0,0
20656,23.71933098202901,1,6,15.65703291523519,2,0.34119164297578536,0,0.0,0
20657,41.3381588836611,4,5,5.214368359736425,3,0.1770497046765228,0,0.0,0
20658,61.694212431852996,3,3,7.146005904471192,1,0.9104600894257421,0,0.0,0
20659,38.983582265503955,4,3,6.203590677689088,1,0.49672292768067783,0,0.0,0
20660,39.54157963667776,4,1,4.81745901959245,7,0.9999059102757939,0,0.0,0
20661,47.12054589119751,2,2,18.528884939846805,7,0.641624213353942,0,0.0,0
20662,46.838431694205894,3,1,11.046800852340306,3,0.9999876349672399,0,0.0,0
20663,45.19387182263718,3,4,11.67099649662504,7,1.207633604030487,0,0.0,0
20664,47.29073984940915,1,5,13.33782505447487,2,0.12964780168918477,0,0.0,0
20665,42.01457261415445,3,1,25.84602355746014,7,0.10541488105553265,0,0.0,0
20666,37.35509486527833,2,1,14.949972946136217,1,0.54946110481635,0,0.0,0
20667,22.20185629782194,2,1,12.001393493379222,5,0.5425622370593699,0,0.0,0
20668,46.148485931955314,3,5,18.54551883801132,4,0.29895969973110764,0,0.0,0
20669,21.183291715931883,4,4,13.129355325327051,2,0.6727052999222838,0,0.0,0
20670,52.084684006067505,6,3,16.859614632174925,1,0.5888676437023596,0,0.0,0
20671,51.95974234324455,3,4,13.556018297261572,1,0.9995197990301046,0,0.0,0
20672,47.747522669357146,3,1,4.570655457203034,6,0.9700597706009115,0,0.0,0
20673,19.912146467203453,3,2,10.680220098765886,5,0.9144987258621912,0,0.0,0
20674,31.007570070378225,2,1,8.405192455482208,4,1.000171898588739,0,0.0,0
20675,48.322290689705525,4,7,9.169363816263065,7,1.000239976190882,0,0.0,0
20676,34.21026920689509,0,3,10.672564468862204,3,0.4444905230313868,0,0.0,0
20677,52.27637385203492,2,3,4.751886108018316,7,1.0000140929361676,0,0.0,0
20678,51.67561803781706,4,6,18.04524989865185,2,0.5432288726327011,0,0.0,0
20679,36.65705325472632,3,6,2.619612386495495,7,0.9996470300814486,0,0.0,0
20680,50.88741645334388,6,2,2.1158799895139833,7,0.5761666955423768,0,0.0,0
20681,54.47751601102773,2,5,5.783363382379075,7,0.9999420715846976,0,0.0,0
20682,38.82883685537886,4,6,5.905136775749514,7,0.4714282911750254,0,0.0,0
20683,32.52013322169395,1,4,12.609654287367826,6,0.4143048349389281,0,0.0,0
20684,46.53474747190052,3,6,8.516866354640428,2,0.6138748686801356,0,0.0,0
20685,33.06983225304056,3,2,15.67890743336428,4,0.9994139921206229,0,0.0,0
20686,42.67344040486797,1,5,20.000663815376605,1,0.8833519999964549,0,0.0,0
20687,30.439999124280945,4,4,3.8656612399766956,7,0.04679348053845889,0,0.0,0
20688,29.670963221031016,3,3,5.398571389150861,1,0.24777210062949778,0,0.0,0
20689,28.11602953698014,2,2,11.92465851632687,7,0.5825280567348234,0,0.0,0
20690,34.426587788057084,3,4,13.496125128586556,0,0.5292735542274725,0,0.0,0
20691,48.91663844349721,4,3,9.540022501335534,2,0.8832598800331747,0,0.0,0
20692,41.034347769207436,1,3,13.007709508172077,6,0.49590571888681545,0,0.0,0
20693,58.923177446925656,5,3,13.40672073442329,1,0.2537161716178333,0,0.0,0
20694,53.01278329184701,2,4,20.005651058227052,7,0.9999853397787734,0,0.0,0
20695,36.91955549348074,3,4,11.577216327633986,7,0.10854743825734114,0,0.0,0
20696,64.62941970146645,2,3,14.278397748989235,2,0.5014141359316623,0,0.0,0
20697,37.391736046329484,1,3,6.595785091099383,2,0.495933971685764,0,0.0,0
20698,58.30305082815092,5,4,19.997897961403382,7,0.6524447620035939,0,0.0,0
20699,18.90716558770495,3,1,3.547195462519799,2,0.8118521177853755,0,0.0,0
20700,39.06775384127273,3,1,18.407215144251808,7,1.0000348392699894,0,0.0,0
20701,48.01242976320039,4,2,10.177606742350882,6,0.7041483851347524,0,0.0,0
20702,77.07931532106718,3,4,12.170266344241792,2,0.9999273346978588,0,0.0,0
20703,25.410412890037254,4,2,5.139266199771706,7,0.18416896547789008,0,0.0,0
20704,50.38900586883229,3,3,12.777313520423625,7,1.0001990106207423,0,0.0,0
20705,32.82822591558195,5,7,1.8534239974018991,9,0.0,0,0.0,0
20706,44.95813905482679,3,2,11.510328116189077,7,0.3374558396690683,0,0.0,0
20707,54.779235311743676,2,3,12.017010116133862,2,0.9344412238062082,0,0.0,0
20708,37.83067909846199,3,1,2.6050643965926668,4,1.0000938761528653,0,0.0,0
20709,32.07222427130042,3,1,14.244534770108597,3,0.9956914556562622,0,0.0,0
20710,36.91234981081761,3,3,15.668699125098858,3,0.49955819260881645,0,0.0,0
20711,17.046815985707504,3,2,6.428646126226951,7,0.9998241174135281,0,0.0,0
20712,66.19424551063578,3,3,4.177012588155427,6,0.9998222945260455,0,0.0,0
20713,41.03936934788287,4,6,12.784688398565004,2,0.37897466645607275,0,0.0,0
20714,24.04016538911924,0,2,13.758285537568586,1,0.04020288018833773,0,0.0,0
20715,45.60544450562773,2,1,19.99489890018471,1,0.9999000505160278,0,0.0,0
20716,34.11676863347063,5,2,8.99831325994529,1,0.5100726706849945,0,0.0,0
20717,20.513343584124424,2,1,4.854840437868663,7,0.4584388360989211,0,0.0,0
20718,19.711588369058614,3,6,7.148751812970122,2,0.5744899760037401,0,0.0,0
20719,50.18008678861095,3,3,0.0,4,0.5118422821109843,0,0.0,0
20720,56.073125793912816,3,2,4.529078529246151,7,0.41524713983508876,0,0.0,0
20721,47.040552537021014,5,3,19.97791464792504,7,0.45348805858029745,0,0.0,0
20722,35.26883894823067,4,3,15.342925135742046,2,0.9983011342764692,0,0.0,0
20723,55.456862936381306,5,2,16.445402298146327,4,0.9610733735118911,0,0.0,0
20724,38.282414195133185,5,2,6.100693546069925,7,0.9996919342784318,0,0.0,0
20725,19.54018836617121,1,7,0.0,2,0.22850153337588297,0,0.0,0
20726,42.92455251173803,2,1,16.79291574600425,3,0.808415251559701,0,0.0,0
20727,50.10493851332197,3,4,19.984655818655582,1,0.4961642300181822,0,0.0,0
20728,54.69668500429653,2,4,6.895583528684801,7,0.9993926437063619,0,0.0,0
20729,63.07289014686387,2,3,2.731369852321528,7,1.0001050863183734,0,0.0,0
20730,27.599179430615365,2,6,8.533505816956513,6,0.5311862335487989,0,0.0,0
20731,32.65297476652736,3,4,15.796988834038043,5,1.0003682119700157,0,0.0,0
20732,50.40089491326064,2,1,11.776700047438958,0,0.3065680908375589,0,0.0,0
20733,3.965034569917087,3,5,6.888353504355208,1,0.24678740258975462,0,0.0,0
20734,40.5775306836717,3,4,14.609653596449515,7,0.0,0,0.0,0
20735,40.26717048212702,6,1,19.086003795331365,3,0.9321561420555797,0,0.0,0
20736,29.27906485635797,4,3,12.29314806895747,3,1.0001956800170895,0,0.0,0
20737,46.67433539407802,2,4,14.926752195350176,2,0.512082783791691,0,0.0,0
20738,46.51902251626208,3,2,4.084470532656697,7,0.550324550842716,0,0.0,0
20739,24.334572186567613,2,1,14.534650251271879,7,0.2921772866085105,0,0.0,0
20740,34.0810874156291,6,6,19.994463842146658,1,0.37627427016697174,0,0.0,0
20741,25.225816345219368,2,4,19.995957189048703,5,0.5034016894255182,0,0.0,0
20742,39.081331967971664,2,6,4.82973623105656,0,0.11057492375759437,0,0.0,0
20743,41.92812291768404,4,6,20.271716225879565,4,0.9997583474958233,0,0.0,0
20744,40.93071249002646,4,1,26.745386184136795,7,0.9806565720087577,0,0.0,0
20745,61.01344672874821,0,1,14.332330446094705,7,0.9031754052779,0,0.0,0
20746,55.60328088069336,3,6,12.724600195586621,3,0.6931648453867536,0,0.0,0
20747,29.973150819155144,3,1,19.962509895051138,7,0.8324138269489194,0,0.0,0
20748,38.54468817260931,3,6,0.0,6,0.7116875731991801,0,0.0,0
20749,32.473845816370876,4,1,18.32402381881501,7,0.8489464617706447,0,0.0,0
20750,56.71078461946022,4,1,10.17864461523073,7,0.4014211049171159,0,0.0,0
20751,52.10397562607099,3,2,17.014706051255178,7,1.0002494323701001,0,0.0,0
20752,23.92879216067125,5,4,20.00464702909547,1,0.9992524315775149,0,0.0,0
20753,49.5094668417874,3,1,12.046771858236749,3,0.9842414048430901,0,0.0,0
20754,43.468032532093,2,3,7.095723475801227,3,0.9996752379238796,0,0.0,0
20755,33.01735613282001,3,4,14.270624574284842,1,0.2252811612094734,0,0.0,0
20756,39.445705816327674,3,1,20.00451387060345,5,0.48135183955844685,0,0.0,0
20757,53.69020039272749,4,3,13.544421607337654,7,1.000046942306486,0,0.0,0
20758,37.5924352538761,2,2,8.241199227533869,1,0.1237025322216404,0,0.0,0
20759,22.560184876060493,2,1,5.259233986966303,0,0.27717186497114465,0,0.0,0
20760,48.639762924246,3,4,20.008596407915316,7,0.9998973668476769,0,0.0,0
20761,40.20357967071331,2,1,5.831007957254118,2,0.5232985636899337,0,0.0,0
20762,35.18182949544479,4,1,2.3131597489988653,6,0.49713137877277114,0,0.0,0
20763,53.67529267902565,0,4,20.01125169561984,1,0.999615234645675,0,0.0,0
20764,36.66288541953723,4,6,14.54116022427662,3,0.15717562568780186,0,0.0,0
20765,41.75658864436122,4,3,19.99710331295092,1,0.3973979552112579,0,0.0,0
20766,47.38365604805717,4,3,14.510311982662394,0,0.999631244189284,0,0.0,0
20767,21.959496467564108,5,6,17.40960223555842,2,0.43696684815808834,0,0.0,0
20768,50.955218729903464,3,0,34.739770743718985,5,0.9998231479702099,0,0.0,0
20769,24.15555316264125,7,6,9.526635601065843,3,0.480939215901512,0,0.0,0
20770,34.09444917717858,2,1,19.999341404936164,1,0.20476581493482304,0,0.0,0
20771,46.577251007704874,3,3,7.548557243503654,3,1.0003232345800424,0,0.0,0
20772,34.16958908195326,1,4,5.815703481927399,6,0.463563475208934,0,0.0,0
20773,31.32885401494294,3,3,2.4639777399845393,3,1.0000945194544584,0,0.0,0
20774,49.42744933814389,4,5,7.934024105771125,1,0.49296600892209774,0,0.0,0
20775,60.07496783057072,2,1,15.358811241334209,4,0.721634560371448,0,0.0,0
20776,43.61743349481622,2,6,8.792524852312475,6,0.7245241153563015,0,0.0,0
20777,47.54031097111454,3,3,20.006205892375224,2,0.5405558625145275,0,0.0,0
20778,35.51152185923742,2,3,11.204900229400637,2,1.0001741133384412,0,0.0,0
20779,46.35942233464025,3,1,15.454817016893895,2,0.9432312335217967,0,0.0,0
20780,42.43997026341279,3,6,29.971311157967296,5,1.0006861733343477,0,0.0,0
20781,24.12360772512204,4,3,12.511233069199736,3,1.000116658951733,0,0.0,0
20782,62.440796964627964,3,6,8.273608967169054,1,1.0075166139948721,0,0.0,0
20783,47.45312961282635,4,1,3.423939780890305,7,0.9998457645052008,0,0.0,0
20784,37.57945297287664,3,4,12.640010631851728,5,0.9646998057673357,0,0.0,0
20785,41.05979481719357,4,6,16.57082212024713,2,0.9995354775041065,0,0.0,0
20786,49.87388494484535,4,5,14.936167740142476,3,0.8252076781411984,0,0.0,0
20787,43.79733022304512,4,4,7.4077852110810785,6,0.7707018427163219,0,0.0,0
20788,41.69154894242621,3,1,9.155105766801945,7,1.0000604957057324,0,0.0,0
20789,59.59220790994162,3,6,8.56536486500421,0,0.35727275157668825,0,0.0,0
20790,30.169901562801307,3,2,10.250245180735858,1,0.8737018917584108,0,0.0,0
20791,37.763079043541744,3,4,0.9303142686884218,7,1.0268294540082386,0,0.0,0
20792,30.228751455745467,3,6,3.155329638192666,7,0.9995276042067116,0,0.0,0
20793,55.2974650569276,1,3,7.7213225207571305,3,1.0007464980575886,0,0.0,0
20794,30.8809627768617,3,1,0.6173137156319264,0,0.021128323906840496,0,0.0,0
20795,40.84690298712535,5,3,6.567694239089088,1,1.0002657503185186,0,0.0,0
20796,53.02887464549802,3,1,15.781316527036623,5,0.9420927075720208,0,0.0,0
20797,41.67611653658556,4,3,20.64226881783593,2,1.0003932528108892,0,0.0,0
20798,4.364948399320866,4,5,19.263922234733254,1,0.0,0,0.0,0
20799,51.179770558147105,4,5,15.089317659465697,3,0.4968504734614011,0,0.0,0
20800,30.985770323305093,4,3,12.496170054491492,4,1.0005310557686116,0,0.0,0
20801,57.353624799179,1,3,9.376130293219859,7,1.0002331607474715,0,0.0,0
20802,55.93531177178254,3,1,13.974092549090642,2,1.000571057926858,0,0.0,0
20803,34.32034660310359,4,5,12.782293148673443,1,0.4050594231722869,0,0.0,0
20804,21.275713162063592,2,3,26.70892234451249,8,0.07606781090756543,0,0.0,0
20805,46.54267651228074,1,6,7.093648082590859,5,0.8583541796617362,0,0.0,0
20806,45.10889422051006,1,4,24.97172678030271,1,0.0,0,0.0,0
20807,25.148652086642496,2,2,14.717394466576089,5,0.6338757356135662,0,0.0,0
20808,18.635527790758964,3,4,11.562644129629364,3,1.0001398515560789,0,0.0,0
20809,45.363697486159936,1,5,9.363487839573812,5,0.6852526751646787,0,0.0,0
20810,49.34479617110372,5,3,0.0,3,0.9999224639470337,0,0.0,0
20811,46.78828654743707,2,2,0.8491220216593316,7,1.000206790985058,1,3557.1841110951345,1
20812,30.300277145818594,4,3,14.025389422919693,7,0.672278766042804,0,0.0,0
20813,36.45071692932788,3,2,15.704681208664276,2,1.000740646254646,0,0.0,0
20814,67.91244067662636,5,4,7.051796272293114,2,0.9997649140463463,0,0.0,0
20815,21.068959080543145,3,6,0.0,6,0.0,0,0.0,0
20816,51.66115162068418,4,1,20.001218939502877,5,0.3705301341440759,0,0.0,0
20817,39.03452398274723,3,1,10.458139617099722,2,0.9996037160208555,0,0.0,0
20818,23.935152691690643,2,1,0.46670886498670683,0,0.0,0,0.0,0
20819,56.13954783886325,4,2,8.70279771017465,5,0.21928603124528923,0,0.0,0
20820,27.301282668485726,2,6,17.709354329491788,5,0.49167141013650695,0,0.0,0
20821,29.151305057819997,4,3,6.148203040668698,1,1.000547336601934,0,0.0,0
20822,44.30796368107643,2,3,2.6260117740560354,2,0.7956253201004477,0,0.0,0
20823,28.768188955157022,2,7,2.54525734366187,9,0.0005432381483937432,0,0.0,0
20824,30.857016636485596,3,3,23.016161811056797,2,0.9056046727707779,0,0.0,0
20825,48.795186047361106,2,1,5.106985859969535,7,0.9682002963468924,0,0.0,0
20826,28.16958801697016,5,6,13.664773217637146,7,0.6339955353130086,0,0.0,0
20827,47.53812006600715,2,3,14.857311544234129,6,0.9997485838168128,0,0.0,0
20828,51.47420564531946,2,2,14.17565414936325,1,1.0002159923488607,0,0.0,0
20829,19.14188933846726,3,5,16.341246438373624,3,1.000334770524612,0,0.0,0
20830,56.780848563531386,3,6,4.775695371433265,0,0.29348701755312234,0,0.0,0
20831,37.98550416255243,3,1,0.0,4,0.4964181768364131,0,0.0,0
20832,67.44936435350505,2,6,15.911695453118588,1,1.029727591008276,0,0.0,0
20833,37.306243451094964,3,2,10.831761663646514,3,0.6401620331578325,0,0.0,0
20834,42.84229446008941,3,3,11.548097127145546,1,1.0003200269168084,0,0.0,0
20835,27.72205411006115,1,2,8.438516831068835,4,0.020926865017441676,0,0.0,0
20836,31.944039513232582,2,2,10.128333849187811,4,0.18517404306106033,0,0.0,0
20837,37.172663066385724,2,3,10.807721652546187,1,0.5042306125788828,0,0.0,0
20838,38.22348969416474,6,3,17.019410181150395,3,0.9994860060811679,0,0.0,0
20839,35.797831324017736,3,4,10.947134145894665,4,0.053745334052336835,0,0.0,0
20840,34.730981611981896,2,5,4.476717221154703,2,0.9992134253474321,0,0.0,0
20841,14.246507152682184,2,3,16.96154594538186,2,0.4960839300555733,0,0.0,0
20842,25.955525716728214,2,5,13.959489903214092,3,0.986968537290792,0,0.0,0
20843,54.316204721989635,3,6,15.909827747073921,4,0.8074715200464864,0,0.0,0
20844,49.08866271341845,4,1,14.48306694706185,7,0.9997096819750041,0,0.0,0
20845,34.5247369329748,3,3,1.100260205108384,2,0.49718069544542653,0,0.0,0
20846,38.51372012065596,3,6,13.6775731027475,6,0.9997763849354189,0,0.0,0
20847,35.366945971591136,5,3,8.688847642576928,5,0.9764148214256945,0,0.0,0
20848,37.01009736199946,1,3,0.34464406212761567,6,0.12879936579353168,0,0.0,0
20849,46.095422144362665,4,1,5.50619705495425,1,0.2729863185149762,0,0.0,0
20850,55.530204340337264,5,3,3.2896891141217157,6,0.1630844558758756,0,0.0,0
20851,45.01852463609224,2,1,11.345667845873152,5,0.20531528147445283,0,0.0,0
20852,47.518720453293376,1,4,20.00802167909913,1,1.0001810450167823,0,0.0,0
20853,33.43742836447011,4,2,7.6091950529560055,1,1.0004171290375905,0,0.0,0
20854,43.82751323779502,3,1,14.006315476796956,3,0.9995784773450398,0,0.0,0
20855,38.83436734246533,3,1,13.052988491555288,3,0.506067840133877,0,0.0,0
20856,33.83308380117012,2,3,11.735240753688378,3,0.6223239024530967,0,0.0,0
20857,19.12253062970225,3,4,19.986784712190772,1,0.6495730386606651,0,0.0,0
20858,50.76627024053876,1,1,7.526030146340814,5,1.000186048600956,0,0.0,0
20859,31.034858742714516,0,1,0.9788597423952883,0,0.9466593655828475,0,0.0,0
20860,25.01151156986492,3,3,5.406391311121532,3,0.5126141974577751,0,0.0,0
20861,34.98681683353118,2,1,14.698742297868174,2,0.3181020692571221,0,0.0,0
20862,28.38993389699732,4,2,9.785169096061304,4,0.4052212276427335,0,0.0,0
20863,29.186458724082883,1,3,18.415813522910845,1,0.8914514609048065,0,0.0,0
20864,41.154119086351685,2,6,7.799435131717901,3,1.0005853352460452,0,0.0,0
20865,57.58295783667336,4,5,19.556701383057728,7,1.0005637435828172,0,0.0,0
20866,54.779638918040774,1,1,11.297460644961848,7,0.999968958159958,0,0.0,0
20867,46.44856184319199,4,3,10.533404847872694,1,1.0006891755298195,0,0.0,0
20868,38.63487105570813,5,3,19.2941689254981,4,1.0001072340507795,0,0.0,0
20869,28.35689539513423,4,4,12.88912356078281,6,0.36529217599203734,0,0.0,0
20870,21.611912363453907,2,6,6.248365535372728,3,0.3230236443666047,0,0.0,0
20871,23.938762371453404,3,2,13.428314739780024,1,0.9999659483100455,0,0.0,0
20872,31.428341356246264,5,1,2.498319180541385,2,0.294083623679289,0,0.0,0
20873,26.223836026584536,1,1,4.64954775112565,3,0.4931803606419493,1,43643.58356202168,1
20874,31.40257800555896,5,4,15.127529945763339,4,0.3755544369357494,0,0.0,0
20875,35.5209628294383,4,1,15.56512194200496,5,0.30945174329804553,0,0.0,0
20876,40.87161648342829,3,3,13.85671429943069,7,0.9963009683985431,0,0.0,0
20877,34.245187359491624,4,3,10.677142960187714,2,0.9995979101256371,0,0.0,0
20878,55.76235715842558,4,3,0.0,7,0.707082677356603,0,0.0,0
20879,44.882685195680516,0,1,6.9585356272042755,3,0.18071492247148158,0,0.0,0
20880,32.99106829012803,3,4,19.527844424841007,7,0.7989025943960621,0,0.0,0
20881,25.263822798247052,2,1,9.394490597576345,5,0.24914908659891294,0,0.0,0
20882,19.84844660975171,4,4,20.00126365795074,1,0.40337173525164227,0,0.0,0
20883,20.2474462064189,4,5,7.729618840047328,1,0.2791019934685414,0,0.0,0
20884,65.94872277562982,3,3,12.303137719356009,7,0.7697767806195844,0,0.0,0
20885,20.86132185755662,1,2,9.54308029600782,1,0.0,0,0.0,0
20886,47.49749862210731,3,4,0.0,1,0.4986466204986506,0,0.0,0
20887,68.1447199745773,3,1,17.78769112235512,3,0.99991424041537,0,0.0,0
20888,39.77319728852887,2,5,0.0,7,0.9323042744028288,0,0.0,0
20889,43.629279275961856,3,3,3.7845406186681956,1,0.9351372568952024,0,0.0,0
20890,53.783073857081654,4,6,12.840610979927778,7,1.0002667534829266,0,0.0,0
20891,57.62642876401716,5,6,15.009380706795628,5,0.6993012625213084,0,0.0,0
20892,44.30711778292396,4,2,6.039410706834613,7,0.13479213440337523,0,0.0,0
20893,48.146884143473955,2,2,9.630440184920323,7,0.4976119874677447,0,0.0,0
20894,59.67363011225082,2,4,3.9637439103392467,7,0.9072610375083173,0,0.0,0
20895,34.861175524470305,2,1,3.3337259032085544,3,0.5063869772926743,0,0.0,0
20896,49.581062590710644,3,4,20.00093644010733,1,0.5016870172123407,0,0.0,0
20897,46.57119227375472,3,6,7.650894792685395,7,0.9988714611084533,0,0.0,0
20898,57.166547139096,7,2,5.45599271655865,7,0.7237006308509911,0,0.0,0
20899,54.84080553082463,1,4,5.173405703738134,1,0.9024855364635145,0,0.0,0
20900,35.75563094604864,4,6,13.247133181552616,1,0.9861129038267544,0,0.0,0
20901,44.527629413067984,3,2,15.734505613071718,5,0.9998291126112008,0,0.0,0
20902,53.1625145229858,4,1,3.4892503849314753,3,0.40679046394065566,0,0.0,0
20903,61.857598562514426,2,6,16.09620552690486,1,0.7078307070152606,0,0.0,0
20904,19.598294263554696,1,2,0.1970375445090582,3,0.9980420672566543,1,5379.069117592717,1
20905,28.588941518240915,3,6,17.111043730122276,1,0.9506406018242788,0,0.0,0
20906,34.80331486931077,1,5,12.14501307582228,6,0.15226120226096962,0,0.0,0
20907,56.78361019412557,3,6,8.913537978866389,7,0.9998366251102224,0,0.0,0
20908,11.917595823180719,2,5,11.653789427077609,2,1.0118205080901157,0,0.0,0
20909,57.445087596320384,3,1,7.478833501932357,5,1.0003599011936082,0,0.0,0
20910,62.58433760560515,3,6,16.57189398403533,4,1.000166409031977,0,0.0,0
20911,33.36067575744424,3,5,6.563827075303455,7,0.3917427212092049,0,0.0,0
20912,47.36695411454489,3,4,20.011035819057316,1,0.37439472450627886,0,0.0,0
20913,22.35962265998022,2,1,20.000318354108895,5,1.0495310633430883,0,0.0,0
20914,56.1085744193758,5,1,7.643187050252568,3,0.49822200027155095,0,0.0,0
20915,67.3209587314145,2,3,12.669972391002904,4,0.4999661698797584,0,0.0,0
20916,48.98728757389954,2,6,19.34731783514492,5,0.9999565788118887,0,0.0,0
20917,37.95955877883396,5,6,11.29423764625765,7,0.9898677824919808,0,0.0,0
20918,16.32035031728159,5,1,15.711807256748308,1,1.0001320697837073,0,0.0,0
20919,44.67697076959852,3,1,29.7769153854074,7,0.7102504977989567,0,0.0,0
20920,33.353141270061755,2,2,15.795773125384361,1,0.49855270227380144,0,0.0,0
20921,50.21500349958247,4,3,5.99582359793084,1,1.0004984771169005,0,0.0,0
20922,11.465956221207065,4,3,10.029590916341139,4,0.013631012554375044,0,0.0,0
20923,65.39355495685433,4,3,0.06291791542375158,2,0.9356828247149862,0,0.0,0
20924,30.254206134701057,2,7,1.6175621604495536,7,0.413922051740572,0,0.0,0
20925,42.48981771747316,5,6,4.454281558289477,2,0.7372656942915637,0,0.0,0
20926,54.57570301822734,4,3,1.253831769147352,7,0.6563739971055939,0,0.0,0
20927,44.26383515733604,6,2,12.103713280602237,7,0.4680224830065465,0,0.0,0
20928,15.735589914467742,2,2,0.0,7,0.7018729697399193,0,0.0,0
20929,34.593056495986545,3,6,16.257765239406712,4,1.188803033215696,0,0.0,0
20930,51.73223448371971,4,5,10.955542327352244,7,1.0007731110070823,0,0.0,0
20931,52.03609627910626,4,2,9.3699460874012,7,1.2473198871696622,0,0.0,0
20932,50.76055618183409,1,2,21.041558715649817,5,0.2709581453694699,0,0.0,0
20933,42.2888185793338,6,5,20.00360853773838,7,0.9966823678166201,0,0.0,0
20934,25.679816978706455,4,1,19.995015536138073,2,0.5195777462665025,0,0.0,0
20935,45.498423600499464,3,1,6.190895561210219,0,0.17479102067979901,0,0.0,0
20936,44.300243391550076,4,4,20.00670440673273,7,0.9753381349444186,0,0.0,0
20937,41.288785833820405,2,1,20.01447107945488,3,0.5451496524987718,0,0.0,0
20938,19.842219930780136,0,2,9.898927831822707,1,0.5349257094300144,0,0.0,0
20939,17.483588254079375,2,4,11.136168430707814,1,0.0007603581934895187,0,0.0,0
20940,51.49668239813805,3,5,0.0,7,0.44477581737484073,0,0.0,0
20941,47.2829942180896,2,6,6.606239447906435,4,0.9999753707154594,0,0.0,0
20942,25.898831923993615,2,1,7.155638035148525,4,0.25198499665981633,0,0.0,0
20943,30.2844615788917,2,2,7.89854714675031,7,1.0001580105874273,0,0.0,0
20944,19.955607435420504,3,3,27.772677267151106,4,0.44864300540088875,0,0.0,0
20945,25.607272899662494,4,6,24.45242032779018,4,0.43711666410308464,0,0.0,0
20946,59.70926285442728,3,5,18.170241473738887,7,0.9999148328965799,0,0.0,0
20947,49.41814188042518,4,2,14.819445449066343,1,0.7369376580062889,0,0.0,0
20948,60.37609731905036,3,6,19.99766683752756,1,1.0179783400841789,0,0.0,0
20949,47.11253948513836,3,6,11.791722265390998,4,1.0002571616409344,0,0.0,0
20950,27.381121035241243,1,6,14.180504009630143,2,0.44668549176854244,0,0.0,0
20951,29.014651611219698,3,6,13.195271532749054,1,0.5214817100666621,0,0.0,0
20952,45.23509086598459,4,4,4.683322806243921,3,0.4975126824260252,0,0.0,0
20953,58.482099957751196,2,4,10.080122422443,1,0.9047188480527256,0,0.0,0
20954,24.086366996313206,2,1,0.0,7,0.2963371186943309,0,0.0,0
20955,32.19159680118573,4,1,19.99926202776342,0,0.4819129897617195,0,0.0,0
20956,57.378215862615455,3,4,22.040744189352395,2,0.6161529673568052,0,0.0,0
20957,62.23255981335343,2,3,14.242522531035354,7,1.0002713391538949,0,0.0,0
20958,52.512250072089586,3,1,19.999493003363987,5,0.5380231429875377,0,0.0,0
20959,75.56036200141352,2,6,10.703344885954712,2,0.32481931268475894,0,0.0,0
20960,41.75406197236416,2,3,11.036520947595665,4,0.49742506285525334,0,0.0,0
20961,53.23990300913845,3,6,17.00693202834438,6,0.9104695135466607,0,0.0,0
20962,31.203695114468374,0,4,14.948600626248641,1,0.976299438442555,0,0.0,0
20963,57.20645401850867,3,3,7.830574732705755,5,0.9999048683776959,0,0.0,0
20964,28.161978583447993,4,6,22.991873039671987,4,0.5882686874514496,0,0.0,0
20965,43.94543614360385,4,6,11.850305405118863,7,0.6613982765670631,0,0.0,0
20966,19.806950112672467,4,3,0.0,4,0.0,0,0.0,0
20967,27.940614681246508,4,1,20.006585541600217,1,0.9997369745014737,0,0.0,0
20968,40.40801817439571,1,3,7.2226805472333435,1,0.999521210439523,0,0.0,0
20969,37.501701420310255,3,3,2.135108176984522,7,0.9995997586131808,0,0.0,0
20970,59.56081240509819,1,4,17.9949031947136,2,0.8835315643906646,0,0.0,0
20971,73.30125343482008,6,3,8.394472156045886,1,0.8481817428719556,0,0.0,0
20972,38.53448667920115,4,6,12.959553311978521,7,1.0000539206308348,0,0.0,0
20973,47.96121053701546,1,6,12.141331140700283,1,1.0226099240809816,0,0.0,0
20974,38.00617459389323,1,6,11.275425899871218,4,0.10309656565900371,0,0.0,0
20975,48.795845187069524,3,3,4.8339377645251,0,1.0001776736132362,0,0.0,0
20976,11.999249006415965,3,6,18.429100839817917,1,0.9992260055337057,0,0.0,0
20977,59.70901659590819,3,1,20.463221356872154,4,0.5012782009491055,0,0.0,0
20978,64.6863573287167,3,4,20.00030466985529,2,0.4978611496459644,0,0.0,0
20979,49.172476970534746,4,3,11.26061566129,3,0.500556088984716,0,0.0,0
20980,42.77641496345329,2,4,17.36268517694665,6,0.19432074295515928,0,0.0,0
20981,50.138748488757386,2,3,2.548529930670105,0,0.27406356345165206,0,0.0,0
20982,41.250571719251475,6,3,23.975542596889365,7,0.4472257577473509,0,0.0,0
20983,42.855006039053194,4,6,15.309772023360221,1,0.3972566662637608,0,0.0,0
20984,37.56512485390124,2,2,15.30799230499273,5,0.2818430283552855,0,0.0,0
20985,33.45881742105053,5,3,6.290259869586019,7,0.7160045462515366,0,0.0,0
20986,48.39188020557411,2,1,1.3957307479434338,2,1.0003536097842987,0,0.0,0
20987,46.12383525752221,3,2,5.420956150375249,7,0.0,0,0.0,0
20988,21.983347798499246,2,1,6.859183850128889,7,0.3345005680216298,0,0.0,0
20989,39.685790581249094,3,4,22.85727310329112,4,0.0,0,0.0,0
20990,44.6187860465549,2,3,10.61165684760129,3,0.49526520706663707,0,0.0,0
20991,38.580865025659556,4,1,8.054222018540468,7,1.0000431500875908,0,0.0,0
20992,54.110962937942645,5,6,11.10332439409695,2,1.0004437145839393,0,0.0,0
20993,24.72487664430133,1,6,2.763168350006401,3,0.0,0,0.0,0
20994,52.061534539841986,3,1,13.190723204156283,7,0.9219963181763012,0,0.0,0
20995,54.478961846053295,3,3,3.746644665940414,0,1.00018032696995,0,0.0,0
20996,58.35396695560044,2,1,14.123550720261232,7,0.6339829840187813,0,0.0,0
20997,41.35736556942888,3,3,12.236947378078778,4,0.5168237573528981,0,0.0,0
20998,32.607411580671894,4,5,3.171674470851131,1,0.42279485273405026,0,0.0,0
20999,25.334437084299037,4,6,11.023680956881801,6,0.8103477767381126,0,0.0,0
21000,44.13386243271795,1,3,4.204037532952738,1,0.9999540948165062,0,0.0,0
21001,58.135840888541686,4,3,3.070568406080211,1,0.5054495296529864,0,0.0,0
21002,44.33909600312392,3,1,11.00747673542387,1,0.4494347262584466,0,0.0,0
21003,23.166345177485482,3,3,8.57073241907905,3,0.9633631526759865,0,0.0,0
21004,36.44664403852886,4,5,9.13100465452115,1,0.0,0,0.0,0
21005,42.62407507651015,3,3,16.84585699677023,2,1.0033537549892269,0,0.0,0
21006,60.81467895935536,3,2,20.890659131108656,2,1.0008275027685554,0,0.0,0
21007,53.94341526653539,1,5,14.660548180328876,3,0.9533645379990306,0,0.0,0
21008,25.817286247086447,3,1,5.850620775683608,0,0.4782127592318679,0,0.0,0
21009,47.28332133474136,4,4,19.987711714425394,7,0.11007950380665632,0,0.0,0
21010,48.249293494930505,4,6,17.53390379071479,7,0.9994880587307835,0,0.0,0
21011,42.58241670410305,3,3,20.003104919017723,5,0.41044286943294805,0,0.0,0
21012,39.83318013938952,4,2,6.39134065141343,7,0.5590291007515515,0,0.0,0
21013,25.995448810487005,1,1,2.9945691107149237,7,1.000296231068568,1,108801.39704930226,1
21014,58.69406354346657,4,4,0.0,7,0.859876218454865,0,0.0,0
21015,69.33231113513924,3,3,12.304137525732202,3,1.0001629650113866,0,0.0,0
21016,38.55760221780698,5,3,21.17883433453091,3,0.9997540301543957,0,0.0,0
21017,27.77946965269708,6,2,6.974107948472903,4,0.3596955461314057,0,0.0,0
21018,32.83957658903711,3,1,1.5034171312217666,4,0.999755058539323,0,0.0,0
21019,22.008147465951684,1,6,4.001176311388106,1,0.9648216496787377,2,92111.60299621495,1
21020,35.43397793768785,4,5,23.041856447379402,1,0.4250041597539184,0,0.0,0
21021,43.142538151463846,3,3,7.565367843772768,2,0.9995694368141512,0,0.0,0
21022,53.81076216004151,4,5,13.23905694027793,3,0.4968455864224086,0,0.0,0
21023,30.152190217619875,6,3,4.2364368846722265,0,0.4969409708458933,0,0.0,0
21024,34.63843593408741,3,6,19.02266276981677,4,1.0001665066409218,0,0.0,0
21025,48.88384004857865,4,3,16.242986149889084,2,0.9772666515286296,0,0.0,0
21026,32.399838069110004,4,3,22.402802676531504,7,1.0001580798633445,0,0.0,0
21027,68.60871624278556,4,2,4.2002070442124575,5,0.7917717926968566,0,0.0,0
21028,51.095738907693956,3,8,1.7569354372025376,2,0.21129684014670475,0,0.0,0
21029,27.37256986999957,4,2,6.218815342321509,1,0.01415294860151406,0,0.0,0
21030,52.00729071931142,2,6,6.561009241804428,7,0.9997584387158969,0,0.0,0
21031,60.987576667059486,3,6,14.016432092915412,4,0.5588492634991092,0,0.0,0
21032,30.110373733537365,3,3,16.786795293430743,3,0.3429662641397605,0,0.0,0
21033,36.751496793180074,5,3,5.6492918411798065,1,0.9999792885644445,0,0.0,0
21034,52.11012376658983,2,1,11.096839498936443,7,0.3296808769848317,0,0.0,0
21035,38.27607247620673,1,4,11.885563175797014,6,0.6970128132866718,0,0.0,0
21036,37.126274751673975,3,4,7.519319976821482,7,0.542725137039657,0,0.0,0
21037,38.49850092097994,4,6,4.355508656345182,1,0.24989424799973153,0,0.0,0
21038,26.59578599844653,3,4,10.50271615313656,6,0.6170534504724942,0,0.0,0
21039,60.92452205014199,3,4,0.0,1,0.9830851612604299,0,0.0,0
21040,64.06351658054403,3,4,19.99510095711239,7,0.9997937184471095,0,0.0,0
21041,41.12264764719224,4,6,13.36799842277524,7,1.0001302907972949,0,0.0,0
21042,47.79917892167522,2,3,7.77473364102833,7,1.0001569366158034,0,0.0,0
21043,54.462549107027776,3,3,14.214012096702222,1,0.9383864030344597,0,0.0,0
21044,48.59094110072979,3,2,9.800939683507348,4,0.9862687126758829,0,0.0,0
21045,57.37143752325999,5,6,5.2697351809526545,3,0.3754676687887535,0,0.0,0
21046,52.48935639719625,3,7,16.360955825635006,4,1.0016390315957493,0,0.0,0
21047,48.38435037738567,3,1,20.245615725597922,7,0.9998533723697505,0,0.0,0
21048,46.38432256140288,3,3,11.542856438675123,2,0.9996981655676804,0,0.0,0
21049,43.034111666897296,4,6,13.841227766687076,1,0.1930767761520617,0,0.0,0
21050,25.632599285608702,3,3,1.4101500178778537,3,0.7290727336742251,0,0.0,0
21051,31.652002106320012,4,3,12.97445232982817,2,0.10617615282537018,0,0.0,0
21052,61.11489105232539,2,1,10.676781921855563,7,0.7586898284954848,0,0.0,0
21053,45.310845073517854,2,1,10.958116720582302,3,0.5476569780206192,0,0.0,0
21054,73.65190871645973,5,3,7.5169561802987115,1,0.9999988083748732,0,0.0,0
21055,24.17314302469156,2,3,10.39358546678774,2,0.9998744561039361,0,0.0,0
21056,31.310375844089627,4,1,4.193840223416454,2,0.43725084718147805,0,0.0,0
21057,46.38391746331534,3,3,10.414071226013917,2,0.9995969921841414,0,0.0,0
21058,25.254847433219176,6,3,18.56366285436091,1,0.7407432103033522,0,0.0,0
21059,30.880209125450918,4,4,20.01814021042824,1,0.9997685422046753,0,0.0,0
21060,44.52499544130408,3,2,4.4220754680791226,6,1.0006518315549793,0,0.0,0
21061,58.72674533633342,4,0,3.4233162062628075,7,1.0069777768670403,0,0.0,0
21062,25.170437398323525,2,6,6.85368777318758,4,0.8221823938499363,0,0.0,0
21063,55.67088530172183,2,4,20.000535557885506,4,1.0001531830578916,0,0.0,0
21064,52.69300656024116,5,6,7.238442096969596,7,0.43141081565961126,0,0.0,0
21065,41.69660446566968,6,2,11.45159776560177,7,0.7405114574071217,0,0.0,0
21066,27.874772604924885,3,2,16.35291791018441,7,0.7439509285882042,0,0.0,0
21067,25.00786978535809,3,3,13.855409467047476,6,0.9997607718504951,0,0.0,0
21068,42.86525472273266,3,3,16.43515233695401,3,0.4038456317670472,0,0.0,0
21069,66.8129747084986,4,3,12.8053333611497,6,0.9788877960900144,0,0.0,0
21070,20.50354710090861,3,3,13.379863057062948,7,0.4960505439557188,0,0.0,0
21071,42.170982346203594,1,6,8.586160183565317,7,1.0006140638991858,0,0.0,0
21072,31.976103451147917,3,6,12.666887300485744,7,0.5331101401136269,0,0.0,0
21073,58.769947865679704,3,4,15.219514911584637,7,1.285574380439057,0,0.0,0
21074,41.91801266101408,4,6,11.538500636033406,5,0.9997896723710729,0,0.0,0
21075,49.95272457672764,2,1,1.5491725931271816,5,1.0002414988274597,0,0.0,0
21076,25.025570704350773,4,2,20.372178622781696,5,0.7360899635161361,0,0.0,0
21077,24.666156829223052,2,6,14.999298234802733,3,0.8808719998748971,0,0.0,0
21078,51.02501740261799,3,4,20.00404158269665,4,1.0001098230318872,0,0.0,0
21079,37.01390713798794,1,5,10.200281895957273,3,0.5942748891093975,0,0.0,0
21080,45.168923119409676,0,2,12.548857952593867,7,0.9999791781051472,0,0.0,0
21081,24.813428229187732,2,7,1.4104973623342953,3,0.0,0,0.0,0
21082,12.09463277017409,3,1,10.93072591750973,3,0.35417901576536653,0,0.0,0
21083,43.80457227485358,4,5,0.7934818487440438,5,0.9652120417288299,0,0.0,0
21084,40.47748960846487,5,4,4.847733048234503,4,0.28057834916325974,0,0.0,0
21085,53.55665304332611,3,3,0.9766227967392052,1,0.03745264446495766,0,0.0,0
21086,28.33979994569586,4,3,3.8877903280697996,3,1.0001741717459511,0,0.0,0
21087,54.42544367020549,2,6,9.46934124593135,2,0.9997638165217833,0,0.0,0
21088,12.496013024291962,2,1,1.46965926951545,3,0.5601012034832509,0,0.0,0
21089,52.04883902419013,3,4,20.004111015064648,1,1.00054132882861,0,0.0,0
21090,76.05886686321642,3,1,20.029181366877594,1,0.9999612516754124,0,0.0,0
21091,71.12843683841643,3,3,14.236177751997081,2,0.49769505866540154,0,0.0,0
21092,49.4721861429736,2,6,19.988439328591284,1,0.08452736852019116,0,0.0,0
21093,52.80137916998457,3,4,16.787293834681215,6,0.5152200409607828,0,0.0,0
21094,30.648130321156074,3,4,10.598414860647356,3,0.8440505611647791,0,0.0,0
21095,33.45107874047349,3,6,8.70277854052647,5,1.0000674405164562,0,0.0,0
21096,38.61310057025899,4,3,17.275856901479408,3,0.34256422145017823,0,0.0,0
21097,54.0898890740922,3,5,17.652789938789056,7,0.9994496032095899,0,0.0,0
21098,29.018071632089235,1,1,15.006557348189567,3,0.12151949298265785,0,0.0,0
21099,29.79268423070631,3,3,0.0,1,0.37484269157422995,0,0.0,0
21100,31.059977013376347,3,2,7.1167393012916165,3,0.22629330088452598,0,0.0,0
21101,30.394063784969653,2,4,19.99704134091747,1,1.0001938094225202,0,0.0,0
21102,62.45206192269867,2,3,0.0,0,0.9995951249288373,0,0.0,0
21103,46.90498359313596,3,2,14.159792667533502,5,1.0003777786513797,0,0.0,0
21104,27.678166217043326,1,3,7.3128239899350245,4,0.013560552435641582,0,0.0,0
21105,40.997949595060945,2,1,5.347340116771155,3,0.95988328933588,0,0.0,0
21106,54.310622977720996,5,4,17.95290935028565,7,0.9997233073046548,0,0.0,0
21107,46.95676423471732,2,4,12.861311399070674,8,0.0192908886805091,0,0.0,0
21108,31.304203505727358,2,3,7.2798262314875535,3,1.000474797883406,0,0.0,0
21109,31.85398681957589,2,5,5.470912124301741,1,0.6958346947280984,0,0.0,0
21110,46.673858485255195,1,3,8.729460081522873,2,0.7907327922854998,0,0.0,0
21111,52.614886350875196,4,2,10.202436146240885,5,0.9431004972862848,0,0.0,0
21112,52.487699620285994,3,1,3.693466678773542,3,0.351651452614781,0,0.0,0
21113,61.220666686164954,0,6,18.680764227983683,2,0.5568983736936225,0,0.0,0
21114,7.735367976761253,3,4,13.702998624113178,3,0.07179588972005857,0,0.0,0
21115,54.79823474316507,3,2,10.769754399447198,1,0.7111525800834732,0,0.0,0
21116,39.596435093046274,5,1,1.1409186830656495,7,0.6333678785469337,0,0.0,0
21117,31.857502592565712,3,3,0.7603030739285241,2,0.5010779441359097,0,0.0,0
21118,40.58981011282363,2,2,15.593945108575642,7,0.9612971333262968,0,0.0,0
21119,20.0329158638451,3,3,2.0265747817622763,7,0.838161347243788,0,0.0,0
21120,23.590674990985384,2,5,14.2368893226052,1,0.5345513049509074,0,0.0,0
21121,54.095762268352665,2,3,4.317532179730497,2,0.4986759884879225,0,0.0,0
21122,34.24252548386373,4,6,14.396998170330711,7,0.319857377188859,0,0.0,0
21123,25.70896667224341,2,3,8.81152613145535,2,0.9995518178582977,0,0.0,0
21124,50.13848428455513,3,4,1.5344902931136382,2,0.9384314173811006,0,0.0,0
21125,29.60832490141565,3,2,14.657392333909918,3,0.41573281008539975,0,0.0,0
21126,36.28917033778322,2,6,13.527022593929539,2,0.3120242700866685,0,0.0,0
21127,20.265067810177076,4,3,4.294160669204316,3,0.6853509981157614,0,0.0,0
21128,50.43541802644293,5,1,11.58745347564549,2,0.4948607828159698,0,0.0,0
21129,63.116459032295865,1,3,13.148917922509668,2,0.5015356300787599,0,0.0,0
21130,57.511056681183234,2,6,7.0808854282684015,4,0.2880503503286867,0,0.0,0
21131,26.06956964593033,3,6,12.593173489828104,6,1.0003841076475466,0,0.0,0
21132,25.698339512880178,3,6,16.174527751776523,4,0.7181448929334008,0,0.0,0
21133,33.49351880720604,3,6,8.567385690821544,3,0.3557655123682312,0,0.0,0
21134,54.66362956628304,3,4,15.407530397385777,2,0.7164873208100945,0,0.0,0
21135,41.0091568801353,4,6,12.509548284327815,7,0.4747452974853565,0,0.0,0
21136,25.998867949909403,1,1,8.998925568012456,1,0.26864479939863223,0,0.0,0
21137,41.229768613511354,3,4,20.000062733957822,1,1.5485700815958219,0,0.0,0
21138,32.74064729607415,2,3,12.182377216913304,2,1.0006926760020893,0,0.0,0
21139,58.54400416397851,3,3,2.2940914210665024,5,1.0003711012834775,0,0.0,0
21140,49.44799338415768,4,3,3.845680147480773,3,1.0003294188421208,0,0.0,0
21141,45.3287459642383,3,1,14.335789557880318,1,1.0000187418524809,0,0.0,0
21142,36.41408472056011,4,3,5.270514282927365,2,0.4669514669705027,0,0.0,0
21143,48.5621826732176,2,6,6.3139396206303084,1,0.9690997167244741,0,0.0,0
21144,57.26186039091036,4,3,17.03888396731051,1,0.5912504668861688,0,0.0,0
21145,61.39154964697045,1,6,5.536800466053049,7,0.3448959226542848,0,0.0,0
21146,56.490146583428356,3,2,8.227570680152422,7,0.9999329333045173,0,0.0,0
21147,52.88015403365082,3,4,16.96423469447621,4,0.381498103554243,0,0.0,0
21148,45.679042510003576,6,3,13.379135772323728,1,0.4232836275353087,0,0.0,0
21149,55.60649182859078,3,6,14.846494205369073,3,0.35473027904487286,0,0.0,0
21150,52.05489309182035,4,3,15.762145650823554,7,0.999841544452849,0,0.0,0
21151,37.224516874852235,4,6,17.997864663722115,6,0.6371733343079737,0,0.0,0
21152,51.778938355779935,4,1,14.835485583598057,2,0.22596260941604485,0,0.0,0
21153,53.069106213275475,1,3,7.319605811427166,2,0.6536866029727285,0,0.0,0
21154,31.233010187838644,4,3,3.649100162266757,3,0.313424665040781,0,0.0,0
21155,50.72977712236291,3,4,20.000477886166028,1,0.22819763801542248,0,0.0,0
21156,54.87232358558896,3,6,15.510791706237248,2,1.0001323477583348,0,0.0,0
21157,41.383881807210315,3,1,1.5359471603512116,1,0.6929124890302231,0,0.0,0
21158,41.18631187412158,5,3,9.743645479419182,3,0.9998680501991803,0,0.0,0
21159,49.76381911618631,3,4,0.0,3,1.000250068633437,0,0.0,0
21160,47.92321528428457,3,6,1.6607184866650773,1,0.39866187421380855,0,0.0,0
21161,19.547063537722686,4,2,9.75750851300032,1,0.0,0,0.0,0
21162,29.97693754822219,4,1,10.366937606510765,0,0.4647809188172586,0,0.0,0
21163,59.590293920866074,3,1,7.322322757857533,7,1.0002315457731188,0,0.0,0
21164,51.193066462371846,3,4,19.998561157779214,1,0.36466055114988793,0,0.0,0
21165,48.37675799720617,3,6,15.595436069190592,5,0.643145209075,0,0.0,0
21166,48.34476572508742,3,1,0.0,5,0.49340083456210027,0,0.0,0
21167,40.89578545776098,4,3,17.613453060725163,3,1.0000624230541246,0,0.0,0
21168,40.51447347042171,3,3,13.527307728027102,4,0.5014371713682733,0,0.0,0
21169,25.0158332526778,4,6,16.366649011312333,4,0.4808951181373614,0,0.0,0
21170,69.83228198079932,3,4,10.62035489161518,3,1.042220320779571,0,0.0,0
21171,38.41286576331776,5,4,2.9990015400482104,2,0.12950475748450463,0,0.0,0
21172,25.707088582526666,1,1,3.285173702086354,6,0.4581553499651162,0,0.0,0
21173,28.85652375611423,4,7,4.332368381819916,1,0.1732758849372168,0,0.0,0
21174,47.70809910783486,3,3,0.0,3,0.49867020256277345,0,0.0,0
21175,57.60859490510627,2,1,12.996218727742898,5,1.000185711240741,0,0.0,0
21176,34.487996738862826,3,4,13.880553059325642,7,0.191412022351439,0,0.0,0
21177,50.08904485998509,1,3,13.162991215553797,2,0.5580108220476708,0,0.0,0
21178,20.019732449761023,2,1,19.9925815587442,0,0.48460525176272706,0,0.0,0
21179,46.055569737500264,2,1,6.378790383077117,5,0.4912029772037173,0,0.0,0
21180,47.67965283238199,4,5,13.929712826403497,7,1.0008521866378666,0,0.0,0
21181,55.82347303719277,5,4,20.00431334508102,7,0.45120133845606547,0,0.0,0
21182,56.18683080774761,3,3,20.003670223495337,4,0.506010114275849,0,0.0,0
21183,44.51431034657501,4,1,6.332366176210414,7,0.999892536494537,0,0.0,0
21184,29.29699181453173,1,6,12.000031426059369,1,1.0140946801718955,0,0.0,0
21185,62.39664559233101,2,3,7.141159528510129,2,1.0003082332005286,0,0.0,0
21186,61.4341574572869,3,4,20.00105075103866,1,0.5207156660844154,0,0.0,0
21187,39.50311562453467,1,3,15.129942745366588,5,0.9801353625260771,0,0.0,0
21188,24.23302188281638,3,6,8.263333541017474,6,0.26216560030880176,0,0.0,0
21189,53.7756432698589,1,2,6.898119769494654,7,0.33674086206608755,0,0.0,0
21190,29.412927909276956,2,3,17.23189744117081,3,0.29254867719303,0,0.0,0
21191,47.26974964888086,1,6,14.114014090102579,3,1.00042468436507,0,0.0,0
21192,49.143338658356804,4,3,18.764139104036744,4,0.9997739286624194,0,0.0,0
21193,52.494849496204274,2,1,14.160582219161764,3,0.4956941159909243,0,0.0,0
21194,57.19803889851808,4,3,19.997771015945734,1,0.5223792853501849,0,0.0,0
21195,39.678888215039294,6,5,10.332123661577759,1,0.8939424913363935,0,0.0,0
21196,25.606370860219947,3,3,13.378535611790934,2,1.0000334014905756,0,0.0,0
21197,46.88797420116524,4,6,9.611426938989226,6,0.0,0,0.0,0
21198,49.921591285460025,5,3,11.893085622170053,7,0.2750165768426272,0,0.0,0
21199,49.1098092977741,4,1,7.663522994920417,4,0.9996578123097656,0,0.0,0
21200,52.50781626631103,4,3,8.449886005833289,5,0.9999459009029532,0,0.0,0
21201,23.88696690315131,4,1,16.580595740320504,1,0.43483499176595986,0,0.0,0
21202,48.75205293418712,5,2,0.8326321856441545,7,0.14949364088068617,0,0.0,0
21203,60.520235534167725,6,3,6.591423450944254,3,0.9998300055797311,0,0.0,0
21204,48.271787557357285,4,6,14.179053217737332,1,1.0324131548669713,0,0.0,0
21205,25.363225981379887,5,2,9.214693423255524,3,0.5813645090282745,0,0.0,0
21206,34.342848789141485,3,5,20.004062456463174,1,0.0,0,0.0,0
21207,58.10278757702173,2,3,4.542292866441264,4,0.5015741419612916,0,0.0,0
21208,54.299190548289786,3,4,20.004562494454614,7,1.0003454461162145,0,0.0,0
21209,52.94001438282173,3,5,16.591635389623047,7,0.9849855789537125,0,0.0,0
21210,11.283634404133274,3,3,16.653076257076812,3,0.5186110391471838,0,0.0,0
21211,62.40046178999998,4,2,10.605211426060805,4,1.025268210255479,0,0.0,0
21212,27.571633387910072,3,3,10.328564351699598,3,0.499275019124582,0,0.0,0
21213,28.05096344335307,3,2,8.797657932541803,3,0.3676787924961868,0,0.0,0
21214,49.73401282621914,6,3,10.948847003682538,1,0.3844615986323617,0,0.0,0
21215,45.90875894064847,4,3,3.842992070622092,2,0.1407692911037116,0,0.0,0
21216,46.15538930440682,4,6,12.094985438901999,4,0.21045958659357022,0,0.0,0
21217,44.22007135620674,3,6,6.786079042003591,2,1.0000728264672336,0,0.0,0
21218,62.140270318153654,3,3,16.951530280888626,7,0.9999176913000427,0,0.0,0
21219,42.18823158079101,2,2,4.4441140338348735,7,0.9286507323318237,0,0.0,0
21220,55.457743447567005,2,3,9.624483875855454,4,0.37062806795886677,0,0.0,0
21221,41.89813187767092,3,3,5.743910587522707,2,0.9997886884893198,0,0.0,0
21222,21.99758443807459,4,6,14.197477292514947,1,0.9743986992428414,0,0.0,0
21223,29.813904610675415,3,2,2.3523056499744683,4,0.6720191956049737,0,0.0,0
21224,43.74871768576994,3,1,2.0351226958320066,2,0.6355811841411667,0,0.0,0
21225,22.547700245764467,6,3,12.719036080833103,0,1.0001698581152567,0,0.0,0
21226,43.944851396818926,3,1,10.476740197222762,7,0.9999022713946912,0,0.0,0
21227,51.90259127542958,1,3,13.36730538268883,2,0.9999238600167069,0,0.0,0
21228,70.67463146584052,1,1,14.21277325009161,2,0.9582652652796679,0,0.0,0
21229,54.604212146338334,1,4,20.010211588544692,1,0.9991774209973706,0,0.0,0
21230,44.30659352993828,4,1,13.109526249373896,6,0.500430084219757,0,0.0,0
21231,32.65365389488089,1,2,17.0468985062608,6,1.0002429516291556,0,0.0,0
21232,74.11298242016531,3,4,15.771679933419506,3,1.0230742298422792,0,0.0,0
21233,35.45655254240215,3,4,9.692960991276777,7,0.23876377657814446,0,0.0,0
21234,37.25686030223156,3,4,0.0,2,0.24778957314433736,0,0.0,0
21235,50.46702287674148,3,3,14.684220523490565,4,0.9998129533985607,0,0.0,0
21236,59.01110657014661,0,1,21.68380565561455,7,1.000201299819448,0,0.0,0
21237,29.983994966785335,4,6,16.532383518155484,5,0.9998954143742922,0,0.0,0
21238,69.75692773063015,3,6,10.860443163218191,4,0.9997688720448444,0,0.0,0
21239,43.32352588654236,2,2,17.269697887930658,7,0.8931087412337637,0,0.0,0
21240,29.737262079234938,4,3,12.848275358658194,7,0.977733598735764,0,0.0,0
21241,42.55891819126726,3,3,0.0,2,0.0,0,0.0,0
21242,70.07441983519527,3,4,8.46847389499094,7,1.028089864427899,0,0.0,0
21243,46.00003835426027,2,4,20.00042281286274,0,0.49988408387286537,0,0.0,0
21244,48.63700375938209,3,2,14.54858936923173,7,0.48132543362147334,0,0.0,0
21245,33.45564826231461,3,4,20.004964838336488,1,0.6025238601660601,0,0.0,0
21246,25.02633124783786,3,6,5.2916640543795594,3,0.7400572516509885,0,0.0,0
21247,51.19952588355338,4,6,13.740630913760931,3,0.10887793960954673,0,0.0,0
21248,65.37081934024826,3,5,17.158069522304416,7,1.000008443026401,0,0.0,0
21249,56.63780910052031,6,4,2.346289406076803,7,0.9422282303449083,0,0.0,0
21250,41.041626375444295,4,3,5.386035535596277,2,1.0012272688432833,0,0.0,0
21251,27.026326256210687,1,3,13.13695640232769,1,0.9998559084009819,0,0.0,0
21252,23.138396708815804,2,2,3.9440142562045324,1,0.7586452242343931,0,0.0,0
21253,54.484902635672746,4,3,13.68048374682019,2,0.656414096605202,0,0.0,0
21254,71.2508069083234,1,5,7.238450708766031,1,0.3568284191866761,0,0.0,0
21255,24.80543392136828,5,1,10.963352791186802,7,0.4299555214481326,0,0.0,0
21256,44.783610062285035,4,2,3.890789876777079,7,0.0456868031275538,0,0.0,0
21257,52.36516200924118,2,3,6.9909997351514015,1,1.0002790021119115,0,0.0,0
21258,33.58969675259371,1,3,6.891669891043018,7,0.3571677012272885,0,0.0,0
21259,54.63259592779011,3,4,7.616048551238687,0,1.04133106456886,0,0.0,0
21260,52.9007014005342,2,5,21.810719913560526,2,0.5527462768898261,0,0.0,0
21261,23.531617810168836,3,2,7.602313210203885,3,0.7772424820801224,0,0.0,0
21262,40.096102798431524,4,3,4.307046401095956,1,0.8079157377920173,0,0.0,0
21263,27.560480071030092,2,6,2.9196871226437278,7,0.9999804747289566,0,0.0,0
21264,53.39587823631638,0,3,9.420280155487934,1,0.4643720422713469,0,0.0,0
21265,48.1961215264549,4,3,0.539177490585903,2,1.0002538752373715,0,0.0,0
21266,50.562250528194326,4,3,8.387869977062087,7,0.999925769567419,0,0.0,0
21267,30.051251716410633,2,2,4.144657841991117,7,0.999663885384209,0,0.0,0
21268,35.95312253348012,4,6,13.72553424358059,7,1.000345039094587,0,0.0,0
21269,68.2214867788436,3,5,17.915855662630456,5,0.5011619938977285,0,0.0,0
21270,48.285229957629745,6,6,20.68810570965806,7,0.8208270222755369,0,0.0,0
21271,51.668571184271705,0,3,15.65721759343154,7,0.999588860484458,0,0.0,0
21272,58.459497862851194,2,2,9.967413362475193,7,0.9239218199695618,0,0.0,0
21273,39.06764301827943,3,2,12.419712405352179,1,0.9996181287596928,0,0.0,0
21274,41.31977024940267,4,4,19.991359215271764,1,1.0000911871703004,0,0.0,0
21275,33.96769157052034,3,1,10.29627964676746,7,0.2714923001569149,0,0.0,0
21276,50.339104850557824,3,6,15.352320835605838,7,0.8700293777270692,0,0.0,0
21277,32.93031944911458,3,5,2.3025173817137734,1,0.34380838955759835,0,0.0,0
21278,58.34440421955697,3,2,9.674119454523682,6,0.27280802731961873,1,52247.401993667074,1
21279,32.06279935924598,3,4,12.118365961603931,1,0.9999247008053127,0,0.0,0
21280,41.36795060978993,5,2,7.837339276837626,7,0.3612112874889374,0,0.0,0
21281,54.15529869444754,3,4,1.4536587407320418,2,0.3645607447617278,0,0.0,0
21282,24.8872945194455,3,2,0.0,1,0.22167912838407683,0,0.0,0
21283,34.418566346091815,3,3,7.61584226690095,7,0.6921323780921945,0,0.0,0
21284,48.8490743353037,3,4,16.10035374435497,4,0.9998199620743577,0,0.0,0
21285,16.83167919740338,1,3,7.091529971864558,1,0.30651622934650474,0,0.0,0
21286,61.15548678558997,2,4,13.453784359213067,7,1.0001517291697493,0,0.0,0
21287,57.513762815435015,4,6,9.804944690233214,6,0.4171698085626626,0,0.0,0
21288,33.987770013290955,2,5,7.654057224801656,7,0.9996632062833439,0,0.0,0
21289,20.81206838935771,4,1,13.712902860894294,3,0.400386955611391,0,0.0,0
21290,25.229418246943577,3,6,16.190825827042683,1,0.9953092343136271,0,0.0,0
21291,45.78927664958717,2,1,13.19149040621204,1,0.9998847069874407,0,0.0,0
21292,18.471242095833404,4,2,11.924319343582217,3,0.03565187300502137,0,0.0,0
21293,71.65809572965563,4,3,2.993103042313601,1,0.9999145431901142,0,0.0,0
21294,38.49478214716009,3,3,3.953797870858783,0,0.43868003705869846,0,0.0,0
21295,39.60009626539616,5,6,13.555538401278957,5,0.999647386204866,0,0.0,0
21296,38.71981093445686,1,3,5.123817167043565,7,0.9996636225383067,0,0.0,0
21297,55.85018550782538,2,1,14.354065943140624,2,1.0000686056353902,0,0.0,0
21298,43.35788767482312,4,5,10.6456785172508,3,0.2512977332416055,0,0.0,0
21299,45.93969949674278,3,1,14.318748987846352,7,1.0000961730423448,0,0.0,0
21300,26.841375249052142,1,4,12.416987268461936,1,0.9937611504892532,0,0.0,0
21301,51.750592474184046,4,0,2.8023253101992864,6,0.7918349805073922,0,0.0,0
21302,22.525488008620922,4,3,18.789398963244462,3,0.1523575832614582,0,0.0,0
21303,52.02498451298823,1,4,8.734777461044725,4,0.0003022043770309901,0,0.0,0
21304,41.80891852321458,2,1,4.922897989518584,7,0.9999212086187665,0,0.0,0
21305,53.445759199225364,3,6,14.297210065955818,2,0.999617906200628,0,0.0,0
21306,31.047186657912007,2,4,6.749545247917418,6,0.0,0,0.0,0
21307,1.7655192872709762,1,4,18.601253034019425,3,0.32021529963907414,0,0.0,0
21308,47.896018725078214,2,6,6.463582283919047,6,0.8238305600351632,0,0.0,0
21309,15.093337770621606,4,6,0.0,7,0.4319619304882905,0,0.0,0
21310,48.433686873420804,4,4,19.998987457159572,2,0.9996930245426927,0,0.0,0
21311,60.90286108295683,3,7,2.6899068343799737,9,0.11255976745757879,0,0.0,0
21312,49.01331116861229,3,1,0.0,1,0.428407424544443,0,0.0,0
21313,32.45901702540331,3,3,27.428930141185276,3,0.22157592587407043,0,0.0,0
21314,55.79164594207073,3,4,8.651885802957018,1,0.9672254084326797,0,0.0,0
21315,47.03188668206472,1,5,2.901340628609022,4,0.4108365422491647,0,0.0,0
21316,57.664432459965255,1,2,3.610192023696979,6,0.1608814612048124,0,0.0,0
21317,41.003863730684074,3,4,19.99836231273568,1,1.0005019675396616,0,0.0,0
21318,0.0,2,4,16.462988964065367,1,0.1644883970416493,0,0.0,0
21319,41.0207400566045,5,3,17.242310337913302,1,1.0000059292697958,0,0.0,0
21320,52.53864080131363,2,3,15.033285255356517,2,0.49816278889245413,0,0.0,0
21321,43.28772045964133,2,4,22.026610455227278,7,0.16805151437431542,0,0.0,0
21322,31.394012267999628,3,3,11.51082082801448,2,0.3784186799744608,0,0.0,0
21323,58.07040094456935,3,1,6.350836183454599,7,1.000412984457309,0,0.0,0
21324,20.8209065368595,2,3,13.23376259473555,1,0.33613720420739085,0,0.0,0
21325,59.6772792534187,2,5,5.812380504782402,7,1.000085543573518,0,0.0,0
21326,31.688564935977904,3,1,0.5593727811739342,3,0.46014527541705486,0,0.0,0
21327,50.851965730396316,2,2,0.25276341827014015,7,0.9996229066278886,1,9547.534585936775,1
21328,40.178956518811646,3,3,4.630809130276194,1,1.0005298641345344,0,0.0,0
21329,36.92634209227978,3,6,18.542150883298106,6,0.4876719455070923,0,0.0,0
21330,25.603938513887073,3,2,6.493282069495624,5,0.7584972650081939,0,0.0,0
21331,56.664081464400866,3,2,9.987329813533213,7,0.2839485429391557,0,0.0,0
21332,51.170849155918056,2,5,3.247135693052569,5,0.499722443968428,0,0.0,0
21333,26.934768300725082,1,2,13.6601138437733,1,0.5439772018944482,0,0.0,0
21334,28.92638664303352,1,3,13.981353665929749,3,0.2900120446191277,0,0.0,0
21335,39.30512738737197,2,3,1.0296105443764372,2,0.9999793316423744,0,0.0,0
21336,49.10029602466871,3,3,17.902525728040494,3,0.4966962675071642,0,0.0,0
21337,21.4302823780933,1,6,3.4017656355904267,5,0.9999609282319755,0,0.0,0
21338,24.116548425090556,4,7,10.899145066654572,2,0.7502521940290805,0,0.0,0
21339,53.50450212249918,3,6,1.9603603022987421,6,1.1104213106353473,0,0.0,0
21340,29.580698104760014,3,6,15.59724901400448,2,0.07005246686625655,0,0.0,0
21341,18.256638151256272,3,4,24.873989788575138,7,0.644241775143113,0,0.0,0
21342,45.87060527629319,3,5,13.328332403342134,6,0.7899846920646073,0,0.0,0
21343,50.00701481838183,3,3,0.0,5,0.9572337430973255,0,0.0,0
21344,37.50994973026697,4,1,17.947421225394578,4,0.9990568865240634,0,0.0,0
21345,45.25347335928858,4,4,16.00596338769913,6,0.7678083305304525,0,0.0,0
21346,53.881627366797915,4,6,11.71981397759516,4,1.0000211842757283,0,0.0,0
21347,44.50805302623027,3,6,13.555917841632981,5,0.999689413819255,0,0.0,0
21348,70.2710875075604,1,1,19.03617629193966,3,0.8481639062346245,0,0.0,0
21349,60.66784353581633,4,5,0.6873713082431117,2,0.5024359205964367,0,0.0,0
21350,41.3356896182155,3,4,20.654369637211133,7,1.0579016096516929,0,0.0,0
21351,45.341149539276174,3,6,0.0,7,1.0003410262723342,0,0.0,0
21352,46.37035297098421,2,3,7.2899378867645614,5,0.9969589788638509,0,0.0,0
21353,48.48574250274277,3,6,10.111268268644405,2,0.5610300252255168,0,0.0,0
21354,40.14832116769905,3,1,16.034567785967095,7,1.0001434779706053,0,0.0,0
21355,60.45907416143298,4,5,4.137330043479586,1,0.5705607739613449,0,0.0,0
21356,30.02534103630759,0,1,11.77685345984606,7,0.9997059038059358,0,0.0,0
21357,26.10749610156176,4,6,5.394710272246124,4,0.5256414164477163,0,0.0,0
21358,77.28735313805221,6,3,10.042038522218855,7,0.44437597737724976,0,0.0,0
21359,38.492769080135666,3,2,19.99740914187991,1,0.08818299872684132,0,0.0,0
21360,39.19919017572704,2,4,18.599266597932896,5,0.6793808205958058,0,0.0,0
21361,49.30718609830417,2,6,2.720395447643039,2,0.44056565201963926,0,0.0,0
21362,33.61474221679669,5,2,10.416251989150618,7,0.2929946519041968,0,0.0,0
21363,24.522571224668084,0,3,14.125587440233454,1,1.0000142920748343,0,0.0,0
21364,43.43554883972777,1,5,10.848468269277888,7,0.9998835154168267,0,0.0,0
21365,45.01811342715855,4,5,9.269524540959456,7,0.9994773708698713,0,0.0,0
21366,42.35808671243106,3,6,8.816999621066874,7,0.6194873940336006,0,0.0,0
21367,47.322542885930204,3,2,14.807111412870086,4,0.19291403180855354,0,0.0,0
21368,32.849961264481834,4,6,18.309751468081608,7,1.3090635812707967,0,0.0,0
21369,34.3173864944317,3,2,15.462137562385347,5,0.20238572483530826,0,0.0,0
21370,41.39335371278787,3,4,5.667936718121432,1,0.897106122223772,0,0.0,0
21371,38.64425386409238,3,3,0.6338138905037596,1,0.7986222942781169,0,0.0,0
21372,48.88365208219969,5,3,16.89596513377574,7,0.7296085789972822,0,0.0,0
21373,44.76790304823432,4,0,20.002694828833587,1,0.9997675834609421,0,0.0,0
21374,48.22293359894569,4,3,16.796039019959082,7,1.00034093140179,0,0.0,0
21375,58.89726515743162,4,3,12.062119741561332,3,1.0000046617790601,0,0.0,0
21376,44.245714133722686,4,6,9.603167540875319,7,1.0000839846749001,0,0.0,0
21377,51.93051006265681,4,1,16.24584124979959,4,0.49928728158551605,0,0.0,0
21378,40.0058572560435,3,3,8.651488093611537,2,0.4550242159124023,0,0.0,0
21379,51.94631327134434,5,6,15.382514251722853,4,0.9994804573266229,0,0.0,0
21380,26.92019009263627,4,6,10.112248566102945,3,0.5504345712934057,0,0.0,0
21381,41.35702010366035,4,3,19.542570208690954,4,1.0007888123226487,0,0.0,0
21382,45.72947061950701,4,1,4.411318022181532,7,1.000084802403969,0,0.0,0
21383,21.818883322712725,2,6,7.722065115748422,2,0.14619902457748313,0,0.0,0
21384,48.10884220031386,2,3,20.040422656458404,7,0.9996147799559478,0,0.0,0
21385,54.323501435594366,0,3,17.994542360259153,7,0.9998874343600792,0,0.0,0
21386,33.51692059865425,3,3,20.00868334303798,4,0.2635788094533902,0,0.0,0
21387,27.846205849863793,3,4,7.618994435004128,6,0.27634765189378385,0,0.0,0
21388,44.95257215173168,3,3,10.188240294175658,1,0.5031705914187117,0,0.0,0
21389,71.92504793947805,5,4,20.008313874875554,1,0.9998860508575536,0,0.0,0
21390,53.18675176042238,3,2,7.616860327010441,2,0.5306656783896345,0,0.0,0
21391,43.80755697619419,3,3,7.96588657891944,3,0.4973055092523429,0,0.0,0
21392,43.90751917918332,0,3,5.328863773940172,7,1.000074882827712,0,0.0,0
21393,46.40225837766468,6,6,5.632645206972831,7,0.9967071273812602,0,0.0,0
21394,17.930612732441837,1,5,11.878979849415249,2,0.4688576183195713,0,0.0,0
21395,35.32530236488095,3,3,0.0,4,0.5035454776832359,0,0.0,0
21396,50.22898521627134,3,3,14.99464850284864,4,0.9996909177132254,0,0.0,0
21397,0.0,2,1,3.628274060057225,5,0.0,0,0.0,0
21398,42.4027803321422,3,1,20.003376021462813,3,0.23047530499927799,0,0.0,0
21399,39.386824448101606,4,5,16.022625818014422,4,1.0000328322093517,0,0.0,0
21400,18.70165995621186,1,4,4.296648002991675,1,0.0,0,0.0,0
21401,33.48881565711115,3,1,12.30838263757486,2,0.3911961891687301,0,0.0,0
21402,54.99661455135411,4,3,8.340412093189437,4,0.5446525858701019,0,0.0,0
21403,39.97175568075501,3,3,1.6044851077343107,2,0.2117014838875131,0,0.0,0
21404,73.08893268072731,3,6,19.662722718255715,6,0.997773671051857,0,0.0,0
21405,59.86299505119911,0,3,4.211099042191326,7,0.9995807803193658,0,0.0,0
21406,42.09086977307142,3,2,11.233696832074715,1,0.09917331259242668,0,0.0,0
21407,40.73192420649031,5,3,0.9886090616752838,3,0.5767108122360266,0,0.0,0
21408,55.09698729474549,3,6,20.922959833322743,3,0.9999322196757644,0,0.0,0
21409,50.636199428006954,1,1,16.004206452291857,4,0.9727620831222503,0,0.0,0
21410,44.8698522801599,2,3,8.102575706994724,3,0.4986012277021765,0,0.0,0
21411,13.553051510508173,3,4,15.83606841123381,1,0.9999896293925998,0,0.0,0
21412,34.65293360851094,3,1,10.616798958610543,4,1.0000383273518558,0,0.0,0
21413,56.20923945660314,5,1,15.14675616853533,5,0.411403031739067,0,0.0,0
21414,26.523098744844155,4,1,0.0,6,0.6310009396808668,0,0.0,0
21415,85.90826318871426,2,3,26.36539180920677,4,0.49735348965396803,0,0.0,0
21416,38.41729770683636,4,3,16.333473466146657,3,0.49509988080043377,0,0.0,0
21417,32.81779370261337,5,6,0.0,0,0.12810387001642465,0,0.0,0
21418,41.27636831077352,3,1,13.496645432945773,7,0.9999542491469393,0,0.0,0
21419,34.742047689340026,3,3,4.649264932762942,2,0.999803923981889,0,0.0,0
21420,42.634117479748504,3,3,9.387019107394124,5,0.07012685607398705,0,0.0,0
21421,70.87396849124721,4,1,0.0,7,0.5894132358272928,0,0.0,0
21422,60.636915644613055,4,5,21.027300238082848,7,0.9997638043755314,0,0.0,0
21423,39.96623261865396,2,4,19.99487929392035,7,0.20393339025442664,0,0.0,0
21424,54.02433582324012,4,6,4.576638860554078,3,0.6737215254909357,0,0.0,0
21425,44.557094739767855,4,4,11.02194488082792,1,0.9808298621114813,0,0.0,0
21426,77.30163033290684,3,3,3.3600881532299107,7,0.9994219550515284,0,0.0,0
21427,35.49400807519055,4,3,6.702289034477461,3,0.4982270415929232,0,0.0,0
21428,57.724378738363775,4,1,9.170124490693514,7,0.9995465702046832,0,0.0,0
21429,52.379310451696796,2,3,0.0,7,0.675759532219974,0,0.0,0
21430,17.465255207756293,4,4,12.501967912612978,0,0.9998336810750591,0,0.0,0
21431,23.880787235752695,5,3,20.000478997232328,1,0.45307634501568567,0,0.0,0
21432,30.149488527966923,1,5,3.9201942117311734,3,0.03894216196544531,0,0.0,0
21433,32.256340238506,4,1,15.942520993829095,7,1.0003727880627549,0,0.0,0
21434,39.15668178832156,2,1,12.346840176289845,1,0.5000736395287866,0,0.0,0
21435,29.351833958306834,4,6,12.074341425505084,4,0.7860500742935441,0,0.0,0
21436,43.13345444657412,4,6,2.475139903526543,2,0.2671683966011225,0,0.0,0
21437,43.89384585056979,5,3,9.635400245353233,3,0.08358584000527547,0,0.0,0
21438,24.464032184153925,5,2,7.327284844829953,4,0.33355995546797024,0,0.0,0
21439,51.79586193092685,4,2,4.631085688753884,5,0.377421445548733,0,0.0,0
21440,41.687192023575236,2,2,1.8654475856790391,7,0.022700968827212842,0,0.0,0
21441,35.7894823190883,2,3,4.4336057876012305,1,0.9999534318232892,0,0.0,0
21442,38.78657890571977,5,3,9.405653467765362,3,0.9999265212062334,0,0.0,0
21443,34.15776497006473,3,6,15.302293834187576,4,0.6557186781543471,0,0.0,0
21444,54.171951518418865,3,2,11.483868314461299,3,0.53976190643269,0,0.0,0
21445,53.121555357580185,1,6,0.0,7,1.0008021182249902,0,0.0,0
21446,43.440612480671724,4,6,15.125276817342852,3,1.0005460054855915,0,0.0,0
21447,56.45096139689136,3,6,16.98257940628558,7,0.9997682277218503,0,0.0,0
21448,22.48330091965478,1,5,5.876337923334413,2,0.4963925994795618,0,0.0,0
21449,55.27051559959908,2,5,17.77451603168072,4,0.9970173595597085,0,0.0,0
21450,57.75250781362194,3,2,12.361764224675467,5,0.9995320858304882,0,0.0,0
21451,59.792174098726136,2,5,12.95495975371217,7,0.9604780796878201,0,0.0,0
21452,57.61067899512723,6,3,0.0,1,0.672715540176849,0,0.0,0
21453,63.75999023797987,4,4,16.36914383411099,3,0.9995061180528363,0,0.0,0
21454,21.547739136481226,3,4,17.767028163890778,1,0.07831653585463683,0,0.0,0
21455,46.0497016548104,1,1,11.635495273260068,0,0.052780547994842,0,0.0,0
21456,31.88759649999819,2,1,11.497135632387595,6,0.4333821113815393,0,0.0,0
21457,5.609893059548249,2,6,11.84072242521084,6,0.5910550486378238,0,0.0,0
21458,41.74810218986993,3,4,7.5794030996025015,3,0.35437312480299643,0,0.0,0
21459,28.72561033818799,3,7,2.9738165273125095,7,0.39488014855950043,0,0.0,0
21460,52.11713613381481,3,3,8.102965184544818,4,0.9991848132057441,0,0.0,0
21461,48.46729410168251,3,3,4.479472183263248,3,0.9997512180953398,0,0.0,0
21462,64.08030280138877,3,1,13.475144480953398,3,0.5015851363914566,0,0.0,0
21463,36.768859500770134,6,6,16.609890981904698,7,0.9997804655492586,0,0.0,0
21464,49.30889924973921,4,3,15.535650250011619,4,0.49849111974376065,0,0.0,0
21465,52.7472472866615,4,2,15.251753382844056,5,0.1527265779957575,0,0.0,0
21466,41.636288047295395,3,4,20.219097461353606,1,1.0167089833110838,0,0.0,0
21467,24.09021736144052,1,2,14.65573584882644,7,0.9998256246857031,0,0.0,0
21468,18.072222217785814,0,6,6.504634015969223,7,0.17486710098714842,0,0.0,0
21469,68.39595710456356,2,6,18.143628063477852,7,0.9995128896423453,0,0.0,0
21470,37.136880098428136,1,1,3.906897189614927,6,0.2828362353639134,0,0.0,0
21471,34.11239150465972,5,1,9.260243263664707,5,0.4994519158055589,0,0.0,0
21472,29.141492279599234,3,4,3.6915017880728698,2,0.7739464595789622,0,0.0,0
21473,55.58553844103278,4,2,14.06694644605084,6,0.5470352092781297,0,0.0,0
21474,62.54383795242289,3,1,19.996008663190295,2,0.26025884384727854,0,0.0,0
21475,25.312304123380514,2,3,10.827433976658098,2,0.15120776363097144,0,0.0,0
21476,29.59095018504705,6,1,8.006888319049613,1,0.5820282527655914,0,0.0,0
21477,62.53429069252549,5,6,6.570523311227871,7,0.9448768410356161,0,0.0,0
21478,46.720633044077246,4,1,18.99928041039917,7,0.9608916424249188,0,0.0,0
21479,26.71005101512693,5,6,11.960101006277457,2,0.4527777924216186,0,0.0,0
21480,39.41771787842145,4,1,20.003881298786,6,0.5919466748007579,0,0.0,0
21481,61.37774829475411,1,5,4.694436965271803,3,0.41196250554827274,0,0.0,0
21482,62.60149589823216,4,4,20.003763395252925,5,0.506368354494929,0,0.0,0
21483,32.90940825889507,2,7,11.316693743188226,4,0.28112914935634203,0,0.0,0
21484,25.9420967670213,4,2,7.131547518894304,3,0.6507175288480653,0,0.0,0
21485,40.27321124887864,3,5,11.183463595151391,7,0.7205008085417439,0,0.0,0
21486,9.837719905513367,4,5,12.376073562116563,1,0.702819581684027,0,0.0,0
21487,27.399708904492005,4,6,3.3509170826634813,1,0.44028539783055376,0,0.0,0
21488,44.985300761843014,3,5,12.501093867919913,1,0.9996766603851849,0,0.0,0
21489,64.6631824938716,2,5,8.389762647287547,1,1.1598927376659676,0,0.0,0
21490,50.83967342991923,4,6,14.49795380444962,5,1.0005839027746442,0,0.0,0
21491,30.18646335333002,2,4,7.618864154734001,5,0.4844883831966659,0,0.0,0
21492,56.83221103724417,5,4,14.834580190935757,7,0.9999834059251772,0,0.0,0
21493,33.82631428459826,5,1,10.793724909936952,7,0.16213071386509348,0,0.0,0
21494,47.28786442215076,1,1,14.814812514507217,3,0.9692233157574628,0,0.0,0
21495,43.70977999914075,1,3,0.1855696005444134,7,0.3974069082644774,0,0.0,0
21496,50.436187601595655,1,1,12.32421856872126,7,0.9994708579381799,0,0.0,0
21497,50.3110004547874,4,1,9.074690029420804,3,1.0004363495511865,0,0.0,0
21498,61.652005747042,3,1,10.131381238372546,5,0.49994725612640883,0,0.0,0
21499,66.47740366031638,5,6,6.84183613491068,7,1.0003373437349454,0,0.0,0
21500,43.040765890527666,5,3,8.612265722357748,7,1.000223694648229,0,0.0,0
21501,49.05513950194698,4,3,0.0,1,0.9417412654300024,0,0.0,0
21502,54.29071270361881,2,3,10.755903271051006,7,0.9997292158172766,0,0.0,0
21503,59.229607859179275,3,1,20.004100852198043,4,0.06922085665652644,0,0.0,0
21504,39.7725343354009,2,6,24.17878058221929,7,0.9030969285110677,0,0.0,0
21505,34.52161799397978,4,5,24.224851579731848,7,1.0000472589375016,0,0.0,0
21506,51.71503998203835,0,4,19.995104192231288,1,0.4496315674936556,0,0.0,0
21507,41.986896693526816,3,5,20.41937692916084,1,1.0466486667004253,0,0.0,0
21508,45.152622829260196,5,2,15.021717196275837,7,0.3848354030901782,0,0.0,0
21509,23.35790002117487,2,2,4.876686142865832,1,0.05047287430555536,0,0.0,0
21510,42.853516935015094,4,4,4.629866262035586,7,0.9998078072158378,0,0.0,0
21511,54.05248879387879,2,1,13.324519629626003,7,1.0862334062402907,0,0.0,0
21512,27.142355850472683,2,3,14.19524066256316,3,0.2036719159266706,0,0.0,0
21513,22.64620023931648,3,6,17.94824082091688,7,1.1953260891783346,0,0.0,0
21514,41.94960605646754,1,6,9.3435830538905,7,0.4867559301093246,0,0.0,0
21515,47.60776597490053,1,2,7.623831166406363,7,0.0,0,0.0,0
21516,29.624104886215175,5,3,14.20502687673819,1,0.7769899656835492,0,0.0,0
21517,66.80185153503447,5,3,14.345023058567964,6,0.49928009137804485,0,0.0,0
21518,33.74158011464297,2,3,9.119320566554675,2,0.4960346104572372,0,0.0,0
21519,68.6498511666864,3,3,17.31019435338854,3,1.0003070098490534,0,0.0,0
21520,50.045440394592234,3,6,16.727040548823297,5,1.0006347414683354,0,0.0,0
21521,27.110246439905474,1,6,8.998469584142311,0,0.45695669613578593,0,0.0,0
21522,27.71086820450933,3,4,13.150551527121193,7,0.1324683607529531,0,0.0,0
21523,50.108449114690934,2,1,12.355855390751529,5,0.4978225463621395,0,0.0,0
21524,40.86439833239415,2,3,13.88885125957302,4,1.000587677113236,0,0.0,0
21525,35.79277088432342,4,3,8.184881249701444,4,1.000327225190169,0,0.0,0
21526,31.984336558911586,3,4,13.242414656058855,7,0.43625583132844226,0,0.0,0
21527,44.38244847272265,4,2,6.896045537719976,7,0.32154148360776946,0,0.0,0
21528,35.729652177391,0,3,20.664375234290056,7,0.45222911500037555,0,0.0,0
21529,30.27568955535424,4,2,6.811583012130594,4,0.0,0,0.0,0
21530,44.872421002680206,3,4,20.003071221643268,1,0.8583993346062447,0,0.0,0
21531,42.69408430464684,3,3,9.335196899925185,2,0.0,0,0.0,0
21532,52.66116243042288,2,6,0.0,7,0.9996981785610641,0,0.0,0
21533,68.92140017578721,2,3,1.5106660983393745,7,0.32927386215408533,0,0.0,0
21534,53.92825401241812,3,4,19.99959066340491,1,0.999715188420397,0,0.0,0
21535,26.743724158784584,2,4,23.946383233846912,2,1.1019498439917055,0,0.0,0
21536,52.17785893505571,3,1,2.2623158503776946,7,0.9998903299453998,0,0.0,0
21537,42.74620633246062,4,3,15.161013496134242,0,0.5555185307080415,0,0.0,0
21538,32.883231574246395,3,1,17.69551201853863,7,0.9998612928586605,0,0.0,0
21539,33.42892401264677,3,3,4.928833210831108,4,0.981203859191963,0,0.0,0
21540,48.336291942483584,3,4,13.773119171080742,3,0.6256761460969318,0,0.0,0
21541,27.679139787821427,5,3,10.422457655589817,0,0.5290620155780483,0,0.0,0
21542,38.67478852003938,1,1,13.092331299825265,1,0.9700022038429716,0,0.0,0
21543,23.10933861110398,3,2,12.373317753381892,5,0.6377905566881238,0,0.0,0
21544,33.80468326172425,0,3,15.573935809762027,3,0.999756955971894,0,0.0,0
21545,36.84069460090093,3,6,8.601842319656365,7,0.9996246242632484,0,0.0,0
21546,47.14377529377177,3,1,20.56623266139095,3,1.0000774820076406,0,0.0,0
21547,25.475995893801308,4,6,8.497378256520951,2,0.6036719673547404,0,0.0,0
21548,24.671165508752594,3,1,17.089531240603304,7,0.1922399629416205,0,0.0,0
21549,27.939080326849492,3,2,11.48341503509074,4,0.47721527552394305,1,2227.5331201560616,1
21550,50.122593285671066,1,3,19.993303885495962,1,0.999975602185786,0,0.0,0
21551,55.684465804861986,3,1,20.004396777930086,3,0.5688601922219821,0,0.0,0
21552,42.006466023523416,3,2,13.708122012765614,1,0.999715903716434,0,0.0,0
21553,36.37161649659221,4,6,14.133804053419118,5,0.9994694673747193,0,0.0,0
21554,38.61103077744754,4,4,0.777951977593542,2,0.1824710568218869,0,0.0,0
21555,42.66173599056442,2,5,2.360627269793067,2,0.9998673970232008,0,0.0,0
21556,46.049994566460654,4,1,13.785198005361295,6,0.8240655428450715,0,0.0,0
21557,34.16005357191848,2,3,2.8458064163517403,1,0.1556514841632276,0,0.0,0
21558,53.02672672577476,3,3,10.098299363600578,2,0.0,0,0.0,0
21559,62.5540061045323,3,3,5.903259196029906,7,0.9998738735639379,0,0.0,0
21560,36.95875665371006,7,3,12.249669949392361,4,0.49657346221401805,0,0.0,0
21561,39.84844099790413,4,3,1.3599464372126135,2,0.9262708448536584,0,0.0,0
21562,50.76902546124023,3,3,9.459116660075532,6,1.000214007185079,0,0.0,0
21563,33.96819277389703,3,6,17.307565496523267,1,0.9019172007691058,0,0.0,0
21564,72.66652556108453,3,5,26.18098167245531,7,1.0001742432565437,0,0.0,0
21565,50.317233762460255,3,1,9.346023597588463,3,0.49328133410108904,0,0.0,0
21566,37.30469173437589,3,6,11.080594259169771,7,0.9676954582798083,0,0.0,0
21567,38.32418026335052,4,2,0.0,1,0.2752243458377912,0,0.0,0
21568,36.53956793972522,2,3,4.6841299967493315,6,0.4531205864553368,0,0.0,0
21569,24.379005436497813,2,3,7.386526399934521,4,0.3703764507023566,0,0.0,0
21570,26.955727584509226,1,6,16.204388082651487,4,0.1692188509629925,0,0.0,0
21571,68.61849149832584,2,6,18.74396433813358,3,0.4989705882389518,0,0.0,0
21572,53.294129904605015,3,1,3.297462022450654,5,0.9994488720089874,0,0.0,0
21573,39.875088672449095,1,3,11.560653671884138,3,0.9997225451958904,0,0.0,0
21574,23.834134272679357,3,6,15.648983714832749,1,0.5358209369488288,0,0.0,0
21575,55.51224803862368,3,6,21.007997363308668,6,0.9699150464740484,0,0.0,0
21576,45.28034265331929,3,1,6.095037034708646,1,0.39103034172205975,0,0.0,0
21577,50.124839476866256,3,6,16.60958432378385,3,0.47434489281854314,0,0.0,0
21578,28.567050604393884,1,4,7.526009317360687,6,0.2315742577798201,0,0.0,0
21579,38.80285907545146,1,0,24.03619885329347,6,0.5254058552018431,0,0.0,0
21580,64.70125739833648,1,5,18.064509233275437,2,1.0254117665400424,0,0.0,0
21581,35.677364438104966,3,3,20.241089133419457,3,0.5546391839499136,0,0.0,0
21582,42.05045773410287,4,2,6.667547410079127,6,0.5662284297521315,0,0.0,0
21583,8.925328297641364,3,2,18.59040286716299,1,0.3571439102788456,0,0.0,0
21584,50.68526368185719,3,4,19.995273450707543,1,0.7891387532094867,0,0.0,0
21585,60.57962728334165,2,3,8.894677923045382,7,1.0001707914035958,0,0.0,0
21586,49.90022358091321,4,6,12.703094220999242,6,0.9997446420809877,0,0.0,0
21587,57.750411437239705,4,5,0.249881064021805,4,0.9700095022447792,0,0.0,0
21588,44.519781399384065,4,3,7.966727123951787,3,0.0,0,0.0,0
21589,52.8360232936478,2,2,16.628305886825096,7,1.0006079726790502,0,0.0,0
21590,32.711065097545315,5,1,15.300705244866027,1,0.49583766495520165,0,0.0,0
21591,35.64073748870963,2,1,2.255915142864067,4,0.5584479947914956,0,0.0,0
21592,39.18964626809013,2,3,19.199676594985025,3,0.5007978701609507,0,0.0,0
21593,54.11271077705483,4,3,5.985110851342893,2,1.0000235626234817,0,0.0,0
21594,62.161282364928745,3,4,20.003849389281775,3,0.5028772797128165,0,0.0,0
21595,46.49670435823112,4,1,11.61138991969329,2,1.000873623027507,0,0.0,0
21596,57.353691619902406,2,2,4.817115517233055,5,0.17986205309786252,0,0.0,0
21597,46.67823748999807,3,6,4.811463010998516,7,0.4751700318497293,0,0.0,0
21598,48.734935361655914,3,2,16.373770669047296,5,0.6273229270676866,0,0.0,0
21599,20.191126057133985,3,1,4.699076639033153,7,0.999883206094655,0,0.0,0
21600,16.32529512759809,2,5,14.78128717167106,2,0.9922475609045973,0,0.0,0
21601,69.07355622570758,3,4,20.002428629507428,7,0.5529989136156149,0,0.0,0
21602,29.614952225881723,3,3,0.0,1,1.0001279565979584,0,0.0,0
21603,34.21639026055991,2,1,12.457430330129515,7,0.3915518352199021,0,0.0,0
21604,57.090914501353325,4,3,11.006679544717917,4,0.4946121184308059,0,0.0,0
21605,45.74879643154488,4,3,4.129598970125401,1,1.000035570291442,0,0.0,0
21606,27.554190624207372,4,6,13.103034363437962,2,0.43080796070076605,0,0.0,0
21607,54.949642915365644,3,6,6.446763461559649,6,1.0630738904752397,0,0.0,0
21608,52.46809068589923,3,4,19.26990287366427,7,0.7256632076877714,0,0.0,0
21609,41.835298459863054,4,4,10.195501743463453,5,0.9346826459041889,0,0.0,0
21610,55.49278293156287,1,3,6.309923771433785,5,0.2925202733078751,0,0.0,0
21611,31.180645555306107,4,5,6.851464588518393,7,0.7707804111224359,0,0.0,0
21612,38.692856490962534,3,0,15.475837241913345,4,1.0002717808523107,0,0.0,0
21613,28.533404481304274,5,6,12.364089827377251,3,0.3243458579609234,0,0.0,0
21614,39.86243493322711,3,3,11.170512969607602,7,1.000036570624819,0,0.0,0
21615,40.360962099324205,2,7,10.794473852896063,1,0.4426445179930981,0,0.0,0
21616,40.46645387233139,2,4,8.919723795879388,3,0.2656909134463333,0,0.0,0
21617,28.478657525592126,3,3,13.041755830020128,7,0.9999779181247624,0,0.0,0
21618,37.84369894491785,3,1,15.074978783941571,2,0.5009343912857289,0,0.0,0
21619,62.595162061065835,3,6,6.654337560451181,7,1.0001875858065548,0,0.0,0
21620,39.13397426922867,3,4,15.70340620079504,2,1.0004669760115596,0,0.0,0
21621,41.169898216666304,4,2,3.5388126388867605,7,0.5652314932565226,0,0.0,0
21622,35.60903064821026,4,6,18.116823895095184,3,0.0,0,0.0,0
21623,39.52454658990123,2,6,9.425517766000915,1,1.019805232246597,0,0.0,0
21624,44.15697847124285,2,3,3.209390629152903,3,0.919364435427077,0,0.0,0
21625,37.47560854531896,3,3,20.009800184172057,3,0.34084565665070055,0,0.0,0
21626,62.22815085584496,2,3,17.533725417476973,3,1.0006678455588889,0,0.0,0
21627,58.86862629848899,4,4,19.991354245783292,7,1.0000150010343791,0,0.0,0
21628,53.89188656863138,2,3,19.273146320714396,4,1.000207794601912,0,0.0,0
21629,40.45711424223132,1,2,0.6107776447626208,6,0.28770272134711455,0,0.0,0
21630,44.95417333100833,3,3,9.507684793921332,4,0.4990618372290072,0,0.0,0
21631,45.35496915622445,5,6,14.297818399387507,7,0.9999102851531526,0,0.0,0
21632,37.78325042858199,0,3,17.68069684568493,7,0.39939738713209294,0,0.0,0
21633,46.2452736609211,1,5,3.0118899705683013,5,0.9115021008014997,0,0.0,0
21634,56.111248856876436,3,4,19.992850587591914,5,0.5024449046254573,0,0.0,0
21635,41.83791272607611,3,4,19.995498561727178,3,0.9995715237923722,0,0.0,0
21636,27.94182155859543,1,4,16.445993039828743,6,0.9370902900851494,0,0.0,0
21637,52.5333669366089,4,6,11.514366616891321,3,0.44094836738313814,0,0.0,0
21638,39.158516532678114,0,3,7.183157573521198,3,0.9545047574472028,0,0.0,0
21639,64.76842994077533,1,3,7.632667425579842,7,0.6603576227071785,0,0.0,0
21640,54.06457324864354,2,5,15.081063312400236,7,1.000473982127756,0,0.0,0
21641,33.797129130144,3,3,9.12756653447215,4,0.5004515885620586,0,0.0,0
21642,62.404206227458204,5,3,12.188788113874168,3,0.9487037609075675,0,0.0,0
21643,25.77257237216098,3,6,12.737456322858645,6,0.5082009895479538,0,0.0,0
21644,44.15671860379466,2,5,2.7539892175858824,1,0.9742199255483939,0,0.0,0
21645,39.37412429277427,4,3,9.048008771278829,2,0.9999818132063141,0,0.0,0
21646,60.51955122613052,3,2,18.219289579664984,2,0.999906268634566,0,0.0,0
21647,36.32867792102734,2,4,14.12008211772193,7,0.94913434348994,0,0.0,0
21648,58.44553129805495,1,2,19.995834935213892,7,0.9545332327808188,0,0.0,0
21649,38.839292853257874,2,3,10.125630270328426,7,1.0004610856778418,0,0.0,0
21650,13.999690209626529,5,5,8.76203845423469,1,0.8435256206067729,0,0.0,0
21651,34.75260771442181,3,6,8.527576078124666,7,1.0000530424790688,0,0.0,0
21652,46.865204022398416,3,3,12.755475929534622,4,1.0004492637824858,0,0.0,0
21653,42.6446172481771,4,1,2.5616112450691464,1,0.35538667520971323,0,0.0,0
21654,69.21591872975885,2,4,19.996733659305896,7,1.0003548863605185,0,0.0,0
21655,31.55920335703064,4,6,18.489740091451697,7,0.05350072982846532,0,0.0,0
21656,48.6177793128944,3,3,6.6514483044029795,2,0.4547833119454191,0,0.0,0
21657,62.21032427678185,2,5,14.234616215531569,7,0.9998816879041511,0,0.0,0
21658,41.75121856639655,5,1,8.874929340329343,3,0.0,0,0.0,0
21659,41.64152180034203,0,3,12.26600132390161,7,1.0001326612225225,0,0.0,0
21660,60.78341309334478,1,3,6.940316609616323,4,1.000205240618394,0,0.0,0
21661,47.93502071274093,2,3,5.51430989059279,7,0.37714169896827027,0,0.0,0
21662,48.20919119037567,3,6,18.630745224125484,3,0.18785518948695418,0,0.0,0
21663,40.67444145626836,3,4,20.008091326843928,2,1.0003218999966041,0,0.0,0
21664,44.11962607076546,3,5,14.734616206464022,7,0.9998421855090067,0,0.0,0
21665,44.65410664523539,3,3,9.7106387037589,7,1.0003727755464227,0,0.0,0
21666,42.44157083161685,4,1,5.452604879418961,0,0.4278220310091463,0,0.0,0
21667,45.28454067256445,5,6,0.0,6,0.5590062626410832,0,0.0,0
21668,40.18319930700881,3,4,5.202150012241923,1,0.5023887239476611,0,0.0,0
21669,39.361304466659945,1,6,16.370278658127365,3,0.9999607855253394,0,0.0,0
21670,27.735137642261094,3,4,22.131215103398688,2,0.9998402284201862,0,0.0,0
21671,50.85942577389747,3,3,12.3526771000688,1,0.9998839455091613,0,0.0,0
21672,38.465920162439375,5,1,3.0390812879798474,5,0.963880758149577,0,0.0,0
21673,53.52269432628766,2,6,0.8685219884595519,7,1.000383179346293,0,0.0,0
21674,54.889646358865264,4,3,23.231511607012273,7,0.4981245391941117,0,0.0,0
21675,51.656214800848396,4,3,15.34985903026621,1,0.9437524937504153,0,0.0,0
21676,39.99543121993035,1,2,10.332297082930953,7,0.6428184738658951,0,0.0,0
21677,56.176378951964224,2,3,18.50475350060699,4,0.49753239994315857,0,0.0,0
21678,30.109417982388567,2,2,9.704029122890468,3,1.0171918791204757,0,0.0,0
21679,29.207667105763292,3,7,0.5667866287142882,6,0.7482138133230168,0,0.0,0
21680,65.09536472443585,3,6,13.60689292547109,2,0.5156245389872367,0,0.0,0
21681,17.76855973487012,3,4,11.838368179057536,3,0.9305098473447678,0,0.0,0
21682,48.2153986636897,6,2,0.0,1,0.4167375329315497,0,0.0,0
21683,42.01857178972842,2,3,5.096315534303714,2,0.9999444995408449,0,0.0,0
21684,50.47000894051154,3,2,9.331755027633568,2,1.000220002639718,0,0.0,0
21685,59.53485969186329,3,5,6.149637127730473,5,1.0000543463543696,0,0.0,0
21686,38.748373828103816,2,4,1.1234017016283016,7,1.1586169730293263,0,0.0,0
21687,24.896808153577755,4,3,11.608350424262884,5,1.0012431345426756,0,0.0,0
21688,50.67140633014161,3,3,3.359463117982936,7,0.46340719949765824,0,0.0,0
21689,44.705743552725295,3,2,8.243662070822506,6,1.0000838485941244,0,0.0,0
21690,54.15207757632125,6,2,19.52190866667734,4,0.5470590922113072,0,0.0,0
21691,56.8710178205197,3,6,0.0,7,1.0006215621568546,0,0.0,0
21692,41.194739182925254,2,3,8.610362338149251,1,0.24667227758937982,0,0.0,0
21693,2.3524534279013665,3,2,1.4073943585131286,7,0.5859453430107197,0,0.0,0
21694,56.826328470768274,1,2,21.248511737578042,7,1.000051367242739,0,0.0,0
21695,45.16498679597633,4,1,10.258745365505055,7,0.9426411181665693,0,0.0,0
21696,50.21305349506858,2,1,7.435440116579823,7,0.2676193170223562,0,0.0,0
21697,26.52125250699015,2,6,11.547410450738626,0,0.5763766998818882,0,0.0,0
21698,22.028428412769916,1,2,6.562316716257846,2,0.4404455525055945,0,0.0,0
21699,43.28399979268577,2,2,20.00268464679428,1,0.9997230130090786,0,0.0,0
21700,35.61971175616376,1,5,0.0,7,0.9995701227303139,0,0.0,0
21701,33.14860291855835,3,2,6.412110491259087,7,1.0001193262261117,0,0.0,0
21702,56.55923555852054,1,5,16.14950802996541,6,0.9747910595780571,0,0.0,0
21703,27.82343986768143,3,7,1.4652381551888265,6,0.0,0,0.0,0
21704,46.75880810758269,3,5,1.792103800745675,6,0.9095064616693455,0,0.0,0
21705,41.10795389279351,4,3,25.076346093365633,5,0.958405879402392,0,0.0,0
21706,57.24028741231758,2,6,9.581501902496047,3,0.289704001114837,0,0.0,0
21707,59.127848328917395,3,4,18.321347011333486,3,0.03544907695994459,0,0.0,0
21708,72.9917446909109,3,4,21.755113925820964,7,0.7333633529828392,0,0.0,0
21709,60.79819378684019,3,3,0.011714405415979456,4,0.49396106039119403,0,0.0,0
21710,26.199692794908593,3,1,11.855169995963301,3,0.6665427830496815,0,0.0,0
21711,48.0923075640604,2,4,19.997371683967547,1,1.0003276679634063,0,0.0,0
21712,46.15127589721594,2,3,5.058493698576654,6,1.0002226526380622,0,0.0,0
21713,56.92857767238306,3,3,15.754428115859156,1,1.000462382693943,0,0.0,0
21714,67.39749690536162,2,1,14.759165673727628,2,0.9680376820270169,0,0.0,0
21715,35.77142986956836,3,4,14.342442414771646,1,0.9996409498752794,0,0.0,0
21716,45.29120327712846,5,3,10.274450945459305,3,0.7120384654026644,0,0.0,0
21717,30.304994592436657,3,6,13.172176611860191,1,0.24070579920700658,0,0.0,0
21718,9.149459305469392,3,5,7.453055101864612,1,0.62549073423063,0,0.0,0
21719,20.028442907811318,6,6,9.88061694229053,3,0.45270643977964853,0,0.0,0
21720,57.26411932336876,3,4,14.557359420189087,2,1.0004105752792178,0,0.0,0
21721,33.42378240603982,3,3,4.700094040091929,1,0.05081056844198051,0,0.0,0
21722,35.36923485078207,2,5,7.354225257563408,2,0.9632264481600299,0,0.0,0
21723,39.05065094663419,2,3,14.065612277245696,4,0.5012730584899587,0,0.0,0
21724,25.4767489848114,3,7,17.540779639857067,1,0.9994415883004077,0,0.0,0
21725,38.533727211976206,1,3,13.714577757317363,4,0.12801296060916567,0,0.0,0
21726,25.706345248175946,4,6,8.794335366868593,3,0.07754207567340277,0,0.0,0
21727,29.38019285306609,4,5,4.175548485467975,6,0.5594840467911457,0,0.0,0
21728,28.667472496363,2,1,9.00553406573247,7,0.9184361434179397,0,0.0,0
21729,35.21823527724268,1,4,9.82632013534753,1,0.9225889504470958,0,0.0,0
21730,42.69794798877002,2,1,13.25836752372027,4,1.0003342236019228,0,0.0,0
21731,56.179605463954246,3,6,8.916518827897324,2,0.17279875969846425,0,0.0,0
21732,31.352754948536866,1,1,11.179592463047529,1,0.49695087513497566,0,0.0,0
21733,67.98890089625725,3,2,10.021274801676126,3,0.28853689010310635,0,0.0,0
21734,54.96387568965082,5,1,15.129518727648467,7,0.7522125507194913,0,0.0,0
21735,50.62454280223929,4,6,11.962529290433354,3,0.26852730091799437,0,0.0,0
21736,56.48840997687232,1,5,1.669162707085464,6,0.1659759503846816,0,0.0,0
21737,18.46084293121739,2,1,5.785582411334244,3,0.49452474006930547,0,0.0,0
21738,39.223607609554364,4,3,8.793505613173794,2,1.0001195690030553,0,0.0,0
21739,43.97366673981791,1,2,9.964032302917637,7,0.7667966618375516,0,0.0,0
21740,63.65638342844576,4,3,11.110917173691695,1,0.9549246554764488,0,0.0,0
21741,60.50316242749925,3,4,9.800414704938724,6,1.0002897607358712,0,0.0,0
21742,49.27864988362958,3,3,14.934916684921829,3,0.9999974761972583,0,0.0,0
21743,43.46991189846314,2,3,10.64888867555086,7,0.9995666078032515,0,0.0,0
21744,37.06610120132356,3,3,6.915254225325839,7,0.3851145313401891,0,0.0,0
21745,23.39488364584774,4,2,9.936671937007787,1,0.04241499094843848,0,0.0,0
21746,53.658247573324175,3,4,11.713824458050352,5,0.591853538604215,0,0.0,0
21747,59.90560089425988,3,5,17.630867346930813,2,1.0000435277215494,0,0.0,0
21748,36.06997360940877,2,6,9.649412322009216,2,0.9998710813166035,0,0.0,0
21749,35.63672732049535,1,1,0.2714530813219973,3,0.9998753824806051,0,0.0,0
21750,47.97727104917436,4,6,17.19298971184802,3,0.6204552617306461,0,0.0,0
21751,22.54194472496454,5,2,19.99670418481831,1,0.48537420704539547,0,0.0,0
21752,29.588004400862275,1,3,2.8611058763613446,2,1.0003033554023133,0,0.0,0
21753,42.86345057515737,2,2,17.22724406273474,7,0.8676400911059144,0,0.0,0
21754,53.01835069525247,3,4,15.48276682311132,7,0.895341925468672,0,0.0,0
21755,45.56287592955114,4,6,1.6833348620211304,5,0.8364868444574269,0,0.0,0
21756,35.92027970962204,2,3,13.10607605425446,5,0.4978487985121942,0,0.0,0
21757,35.33993188811658,2,1,13.937562267072842,5,0.35522090771037723,0,0.0,0
21758,69.2734273540492,3,2,12.798405868094944,7,1.0000837121735067,0,0.0,0
21759,54.88256651190964,4,6,5.963645077644161,7,1.000618624006237,0,0.0,0
21760,47.622849567514145,4,1,10.037155603190634,7,0.9322040367736676,0,0.0,0
21761,35.118881343876396,5,1,9.560762693657853,7,0.9997225371755494,0,0.0,0
21762,62.55686575308253,4,3,8.133921406024214,2,0.4988243279965583,0,0.0,0
21763,38.29862117630552,2,3,15.038419373451948,7,0.9247061024105852,0,0.0,0
21764,57.77473319409123,3,1,2.7588764052747337,5,0.9469890651286831,0,0.0,0
21765,23.605893870183426,2,1,11.391829610702786,3,0.9992050738492384,0,0.0,0
21766,35.457129881508806,2,4,17.091002936641935,6,0.3345278904237363,0,0.0,0
21767,54.876017104651154,1,4,19.996529798122125,1,0.999797008422988,0,0.0,0
21768,40.97204658839704,2,2,16.13995664075552,7,1.0003495472440491,0,0.0,0
21769,32.79585389396081,3,1,8.008516432620148,3,0.9569076688628633,0,0.0,0
21770,41.55867009651924,3,3,16.875776546978347,1,0.974255453822191,0,0.0,0
21771,52.28056639802399,3,2,3.734391123422875,5,0.6085822405217582,0,0.0,0
21772,38.029201356962986,2,3,14.858519302277184,6,0.0,0,0.0,0
21773,52.85216672425608,4,2,16.047941085602993,7,1.000232131143885,0,0.0,0
21774,32.82670893760774,3,2,12.602941797687341,4,0.9999610093232807,0,0.0,0
21775,66.17093960785016,2,2,12.321685553684588,1,1.000180160928994,0,0.0,0
21776,36.74879910077887,3,2,8.432569864439147,4,1.0003670653509042,0,0.0,0
21777,40.53126078164546,3,6,6.032777972958366,7,1.0005118530338895,0,0.0,0
21778,30.633996400586632,1,3,15.848127781849335,6,0.43707787687206034,0,0.0,0
21779,69.52856861507522,2,4,12.337370257873651,8,0.5685457205014469,0,0.0,0
21780,25.274436394474673,2,3,9.724316770668569,2,0.6330357941891956,0,0.0,0
21781,43.08070560157582,3,1,13.523744625108716,7,0.9996382236880224,0,0.0,0
21782,31.56439069012822,2,3,0.0,1,0.999830292164663,0,0.0,0
21783,47.07636923475135,4,1,0.0,7,0.36375710302957726,0,0.0,0
21784,24.90974539084868,3,5,5.931529208536331,7,0.5329695006113857,0,0.0,0
21785,59.4837369294306,0,3,12.38353594669356,4,0.9995000204447042,0,0.0,0
21786,43.54823575841122,3,3,7.540746331800922,5,0.9993157311417858,0,0.0,0
21787,34.66332900860925,2,3,17.37691643638434,3,0.532678325406735,0,0.0,0
21788,41.36138817588145,2,3,5.1581072991829,7,0.7222814294738262,0,0.0,0
21789,30.021628280680524,2,2,7.7771475993879715,5,0.3147696924716813,0,0.0,0
21790,44.829699731951635,3,3,0.0,0,0.9646256175977324,0,0.0,0
21791,54.06273743763259,3,2,16.159327180903514,7,0.19669451395663273,0,0.0,0
21792,28.919710827318045,3,5,20.010204400453528,1,0.8820906579694021,0,0.0,0
21793,14.701252242515032,3,3,17.469299002372125,1,0.5519504508304519,0,0.0,0
21794,31.78874482128034,3,3,3.313564342916294,5,1.0005548611660358,0,0.0,0
21795,63.714782199411275,0,3,15.883193390681235,0,0.5529036227998562,0,0.0,0
21796,66.00295698128589,3,2,15.916974149360074,3,1.0113139384653,0,0.0,0
21797,21.189186580217005,2,6,17.13988108236832,1,1.0387058258906352,0,0.0,0
21798,41.30544678195254,2,3,11.462733081487112,7,1.000537783050504,0,0.0,0
21799,80.28551328880476,2,3,0.0,7,0.7337138313569168,0,0.0,0
21800,24.873217911514946,3,2,0.0,5,0.41820752712109216,0,0.0,0
21801,44.55364678761477,4,5,12.327583112958123,2,0.29621194995697236,0,0.0,0
21802,35.61911156233346,3,3,9.19553634735756,2,0.0,0,0.0,0
21803,42.13625379361297,0,1,5.381472314669796,7,0.9998269567454018,0,0.0,0
21804,45.27384601566713,4,2,5.934488678550339,1,0.45609311415412146,0,0.0,0
21805,59.28162015050709,2,3,6.690564144726975,3,0.3668416733265541,0,0.0,0
21806,31.605142095526595,2,3,24.252194391510503,3,1.0001289209861541,0,0.0,0
21807,32.779106175271366,2,3,9.487702697230441,2,0.5980149952185154,0,0.0,0
21808,16.24652752963566,3,1,3.054953531736139,0,0.0,0,0.0,0
21809,67.91331042301545,3,3,11.331634084713654,7,1.000190341698466,0,0.0,0
21810,27.40317874434541,4,3,11.07263083066732,2,0.9387435882158293,0,0.0,0
21811,27.594820320624187,5,4,21.690677166691408,2,0.39594840802384096,0,0.0,0
21812,45.66870856084002,4,1,13.72764392032148,5,1.0000541903920188,0,0.0,0
21813,46.507497163954625,2,3,11.995333463368501,7,1.0001776930663886,0,0.0,0
21814,53.758534576200084,1,6,10.720138745574868,7,0.9994826420192695,0,0.0,0
21815,57.8475748903639,4,6,11.386408558399458,1,0.974045801551908,0,0.0,0
21816,50.49251356163228,2,3,6.156722163663742,5,1.0004730784424782,0,0.0,0
21817,33.51971791847447,3,3,23.623073355381308,3,0.38947236337775715,0,0.0,0
21818,27.996932287877197,2,1,14.73782908401592,7,0.4957701188724623,0,0.0,0
21819,40.98043005094367,3,6,20.716573235990893,3,0.858595868638161,0,0.0,0
21820,60.91497973227747,4,1,16.012924306909753,4,0.9269611043972003,0,0.0,0
21821,64.74256030276612,4,5,4.616210766390209,7,0.518306582649315,0,0.0,0
21822,36.26800071368031,3,4,19.999518834404732,1,0.9997994879703135,0,0.0,0
21823,49.81862367626479,1,6,5.83970775523946,7,0.4968481557855816,0,0.0,0
21824,55.14503149019808,2,4,19.996172296631748,4,1.0000355039363793,0,0.0,0
21825,42.89201339508079,1,1,2.84919424504389,2,0.36366117922435776,0,0.0,0
21826,39.160747103111625,6,4,6.644590725277383,2,0.44259801378538843,0,0.0,0
21827,43.83272352957483,1,2,10.139933933532078,7,0.7373615496426748,0,0.0,0
21828,50.8811551642057,2,3,0.5329033387828446,2,1.0000854650046864,0,0.0,0
21829,44.99205263915653,3,3,13.788427557933563,7,1.0000539771563184,0,0.0,0
21830,48.40313092561055,4,6,12.504042113587909,2,1.0002870405703492,0,0.0,0
21831,49.71564126769856,3,7,6.9396515659254945,7,1.0003393665116422,0,0.0,0
21832,40.00885488986564,2,1,7.340014597711173,3,0.3632709620823778,0,0.0,0
21833,62.61631959982477,3,3,11.590077997006981,6,0.9999761083703999,0,0.0,0
21834,21.28595595490217,3,2,0.5789093287498961,7,0.20088868224877893,0,0.0,0
21835,26.972299313898667,2,6,16.92614572755256,1,0.6575579808122441,0,0.0,0
21836,65.40712742537524,3,6,14.023474591199081,1,1.0483342463888987,0,0.0,0
21837,36.89958934664229,2,3,12.865763067490766,5,1.0000556951143453,0,0.0,0
21838,38.97030556630452,3,5,10.205798769476779,7,0.682746901683788,0,0.0,0
21839,37.74886975202989,1,1,0.015647742359027106,3,0.09980566763874044,0,0.0,0
21840,45.02235759920603,1,4,16.033357326298002,5,0.33868585906461807,0,0.0,0
21841,45.16934084848162,2,4,20.000830787236538,5,1.0003117995342485,0,0.0,0
21842,50.82683509955495,4,5,8.721776348961013,4,0.49507056206974676,0,0.0,0
21843,32.29637014443689,2,6,15.657829764804934,3,0.19649460874149027,0,0.0,0
21844,51.421165763148345,4,4,20.003534096926252,4,1.0002958469074146,0,0.0,0
21845,42.763580883206195,2,4,20.13466055577755,6,0.7072720889310351,0,0.0,0
21846,49.898515527285056,5,3,10.180414122411651,2,0.0,0,0.0,0
21847,73.27515021229868,4,3,7.702465393229405,3,1.0000800617292631,0,0.0,0
21848,33.26467629351886,2,6,12.637837296235553,6,0.43637976904193143,0,0.0,0
21849,22.313375012756165,2,7,2.581271130934292,2,0.21074275548785187,0,0.0,0
21850,37.178743721877574,6,3,1.2216372973750431,1,0.6739581745185186,0,0.0,0
21851,35.117382859271416,3,2,5.1408275396255805,7,0.9998508023424165,0,0.0,0
21852,56.48897241898162,2,5,17.589624153203502,1,0.38486258395755046,0,0.0,0
21853,40.65373026734455,2,5,4.165446176045546,3,0.9997833378356795,0,0.0,0
21854,33.7701698129348,2,6,14.089256453792926,7,1.000208023667612,0,0.0,0
21855,31.325922381005338,2,2,8.762761819276612,6,0.34673618477129164,0,0.0,0
21856,23.394480368147235,4,6,12.102144411006856,1,0.013570566637395531,0,0.0,0
21857,58.04013523889466,2,4,19.998054940665558,1,1.0001483151985007,0,0.0,0
21858,56.60163113889151,1,3,4.387931690003356,0,0.34140055080747067,0,0.0,0
21859,51.46868928013534,2,4,19.99804223682468,2,0.5041317941020544,0,0.0,0
21860,49.60286494524535,4,2,11.536339551514933,7,1.0005843301525639,0,0.0,0
21861,38.24435891493476,4,6,7.986703194296275,1,0.9799252310835495,0,0.0,0
21862,22.612080094280145,3,7,5.540155490808829,4,1.0648301348690892,0,0.0,0
21863,32.323470540752474,3,3,10.241935421287181,1,0.500062647051096,0,0.0,0
21864,49.572326838373726,5,3,11.547080429561388,7,0.7999054580714113,0,0.0,0
21865,39.34780902671492,3,5,25.020168280282633,7,1.0004740019802822,0,0.0,0
21866,43.35703808028877,3,2,8.463532697169606,2,0.5949402202510222,0,0.0,0
21867,27.81788478868155,2,6,10.812607533942261,4,0.8289113851810634,0,0.0,0
21868,54.20128359737765,2,1,14.053949046476868,5,0.1175112889295552,0,0.0,0
21869,32.22059770849219,2,5,9.804095601306743,4,0.9887547162821781,0,0.0,0
21870,39.702611875236464,4,1,14.821912263224341,0,0.240532919405743,0,0.0,0
21871,32.02413612451982,4,5,10.27917950082168,1,0.6989419664696976,0,0.0,0
21872,36.386871657713925,2,5,15.790192335680493,4,0.5042919053250897,0,0.0,0
21873,56.22752643669638,3,6,9.564742451725383,2,0.6575787767228896,0,0.0,0
21874,46.328883604969086,3,1,4.358065176380247,7,0.8504383462076631,0,0.0,0
21875,52.276102721421005,1,3,14.050455427046362,7,0.9997463207765489,0,0.0,0
21876,54.88294663681541,2,3,12.299707022861076,2,0.4997302803061301,0,0.0,0
21877,30.70295416051283,3,2,13.628164086423032,7,0.9997882505001318,0,0.0,0
21878,48.26369233006456,2,6,15.422544505854592,7,0.47377096940193497,0,0.0,0
21879,22.3813328372514,3,2,14.94618694640339,5,0.750006136848068,0,0.0,0
21880,38.529805142980095,2,1,1.9778758794138138,1,0.5149638687521889,0,0.0,0
21881,31.70812847159332,2,5,17.884353546940556,1,0.0,0,0.0,0
21882,41.30656453339485,2,1,5.6162705632306995,3,0.45498620496599596,0,0.0,0
21883,32.45471043610668,3,4,15.26788201934264,1,1.0159274359197825,0,0.0,0
21884,37.94173739806032,4,4,19.990158917459,1,0.876983188665794,0,0.0,0
21885,28.10138458476617,3,3,12.755347341440913,7,0.4716571308882723,0,0.0,0
21886,56.32186066599605,5,3,1.605026078176671,7,0.6638365146351045,0,0.0,0
21887,52.731340632475785,2,1,16.75138304034874,1,0.0,0,0.0,0
21888,49.41588133473403,4,2,10.281043320143514,6,0.2663088347848862,0,0.0,0
21889,45.812525757273136,4,6,17.820200117072737,5,0.9997424614911943,0,0.0,0
21890,53.159838325275366,5,3,9.90836859575507,7,0.9997588142404071,0,0.0,0
21891,42.66728765555191,3,6,8.716143334819375,7,0.9490094396408846,0,0.0,0
21892,80.26020720906655,3,4,0.0,7,1.0755870664434788,0,0.0,0
21893,37.820757815120125,3,4,4.414118616533556,5,0.9118736364988683,0,0.0,0
21894,45.17798835948536,3,6,4.196440400394182,4,0.9996990705709499,0,0.0,0
21895,41.976973098609484,4,3,8.654100310101814,7,1.0001147974265334,0,0.0,0
21896,38.797495672920505,2,3,12.150953341656919,5,1.0001945878289615,0,0.0,0
21897,49.08741843413896,2,3,19.370167130700658,3,0.4998256821635146,0,0.0,0
21898,48.35007071861885,2,2,18.995901913969934,2,0.4050938524583024,0,0.0,0
21899,26.578708047279484,2,1,20.00845895877309,5,0.7670586351468056,0,0.0,0
21900,47.47827717180622,3,2,16.013439570362372,2,1.000301543881159,0,0.0,0
21901,58.76738094260987,2,1,0.17920997603084743,4,0.4976316869136399,0,0.0,0
21902,59.62517629053522,1,3,8.865129898723893,3,0.999891109802047,0,0.0,0
21903,56.49678261083733,4,4,20.005854824893554,7,1.0001387650202154,0,0.0,0
21904,24.32800087461789,3,1,12.06157026899468,2,1.0000619885713595,0,0.0,0
21905,47.28106950905134,3,4,20.00371272234677,1,0.826639036261519,0,0.0,0
21906,25.771248809221184,5,2,7.789324256630379,7,0.8281217811252155,0,0.0,0
21907,40.475088113967956,1,4,4.441528716393422,2,0.9955666445157985,0,0.0,0
21908,43.31184573972147,1,6,10.638299869356263,4,0.01182557494668146,0,0.0,0
21909,19.404147904526774,3,4,13.71595229595306,1,0.5540615494659011,0,0.0,0
21910,54.20014335660181,4,5,19.9995454173562,7,0.9407943271967906,0,0.0,0
21911,26.37413167391671,4,1,15.44951791667424,2,0.834545894860601,0,0.0,0
21912,19.238896751889897,3,6,14.64226989767874,1,0.9816906281500772,0,0.0,0
21913,34.82363221565015,4,6,3.281590897133558,7,0.9997932461027546,0,0.0,0
21914,33.76850302511826,2,6,17.368012186277017,2,0.770849152126644,0,0.0,0
21915,49.153803256256516,6,1,16.771475075868924,3,0.9485910027051903,0,0.0,0
21916,43.88248818120294,1,2,5.484917851878189,4,0.24244420527115762,0,0.0,0
21917,55.08117897204123,3,3,1.8951822579088873,7,0.0,0,0.0,0
21918,24.65282658442789,3,4,16.36794644630298,5,0.583208609484765,0,0.0,0
21919,24.391563847248,2,3,6.945237244697359,2,0.35531653877378166,0,0.0,0
21920,51.50433394309633,4,3,13.754321675825357,7,0.9996713610513269,0,0.0,0
21921,42.219897592097176,3,6,23.923622439214505,7,0.999928879293128,0,0.0,0
21922,40.10609333465194,3,3,10.072241425711601,1,0.30217686854575276,0,0.0,0
21923,31.896633967792518,4,3,0.9233013762344964,2,0.9997250786430736,0,0.0,0
21924,58.31293430470992,4,4,20.0088933491078,6,0.9998315594017106,0,0.0,0
21925,27.91098803755367,3,6,12.598623932888872,4,0.3583623169614474,0,0.0,0
21926,39.04348695010834,4,1,20.00637581470669,3,0.4992501041140214,0,0.0,0
21927,41.370746558078324,5,1,19.902191030695967,4,0.0,0,0.0,0
21928,32.73504330452221,5,1,17.137745493661342,3,1.0000586861790275,0,0.0,0
21929,46.116121836094706,4,4,2.6465807749132644,7,1.0006306015782016,0,0.0,0
21930,31.338674319010813,2,1,15.843370998277985,3,0.9796551887907916,0,0.0,0
21931,48.842522349161946,2,1,19.991784475436837,1,0.6953714192789756,0,0.0,0
21932,41.122586012963325,5,2,6.429640098484424,7,0.6031695357458546,0,0.0,0
21933,9.951055049774851,2,3,14.774086743725388,7,0.942942550886553,0,0.0,0
21934,55.95288834950962,2,6,17.101783243954163,7,1.000477896728807,0,0.0,0
21935,69.69366893678185,3,6,2.22685778023032,7,0.4011888453294037,0,0.0,0
21936,26.380063490667382,3,2,13.320319764372442,7,0.9727788031400075,0,0.0,0
21937,51.62408289048727,3,1,19.999550247593262,1,0.9997244373523824,0,0.0,0
21938,53.15704057082043,2,1,0.0,2,0.3192698978086709,0,0.0,0
21939,45.90472284998229,1,2,4.344654079331637,7,0.5493938515297166,0,0.0,0
21940,49.090515251236326,4,6,15.178731425726879,7,0.9258717867572551,0,0.0,0
21941,40.159447951333206,3,1,8.956407271087858,5,0.8905780056557643,0,0.0,0
21942,61.934417730915044,5,1,10.71382468305668,4,0.9997949546874727,0,0.0,0
21943,28.189723085552757,4,2,12.493467487370754,3,0.5791899955841942,0,0.0,0
21944,22.471247531215695,1,6,17.0933264297055,5,0.7591631418770369,0,0.0,0
21945,41.642569954047104,3,5,3.82181819958097,1,1.3575958138791608,0,0.0,0
21946,22.484772923947222,3,2,18.691106659996848,1,0.5073966105261111,0,0.0,0
21947,15.590228605979874,3,4,5.057428895954693,7,0.9306267748282447,0,0.0,0
21948,19.78893210923929,3,3,0.0,1,0.5164860683800039,0,0.0,0
21949,42.204163311119856,5,3,0.0,2,0.4997102957223713,0,0.0,0
21950,28.874979940562397,1,6,12.088181097181515,2,0.8406843130135586,0,0.0,0
21951,27.769382595042543,2,6,4.800725762415397,2,0.9997085044595094,0,0.0,0
21952,48.83910828664803,6,3,19.98909011745586,1,0.05384429183232364,0,0.0,0
21953,25.787964784181273,4,2,7.049830338843924,7,1.0000058197099306,0,0.0,0
21954,51.2846477856523,3,4,8.451718689514825,3,0.9103141543942677,0,0.0,0
21955,47.49759722320533,2,5,7.349939825670505,7,0.9641635868644327,0,0.0,0
21956,43.289988448862275,3,2,2.725492175942854,7,0.6921366540202495,0,0.0,0
21957,56.76881744012876,4,3,6.255425106207089,6,0.5299402476939381,0,0.0,0
21958,49.38690474738118,2,1,20.78496121204148,1,0.49761610773202414,0,0.0,0
21959,43.449593299236675,3,2,13.258005678581428,7,1.0006499540297291,0,0.0,0
21960,30.430116129959565,4,2,13.798604677760174,1,0.40047604507552936,0,0.0,0
21961,40.3337933797719,3,2,9.257433099442666,7,0.5368633995274978,0,0.0,0
21962,35.588256578945,3,4,24.235825066681166,7,0.28051875758361866,0,0.0,0
21963,41.11896032506444,2,1,10.520286318764608,6,1.0003061317250692,0,0.0,0
21964,38.75490071997862,4,2,12.234994584397818,1,0.9999076506032667,0,0.0,0
21965,37.45161453001376,7,6,17.26943882637446,3,0.25824096793838,0,0.0,0
21966,21.619119641616535,1,5,3.450001231983851,3,0.5953995106097276,0,0.0,0
21967,24.400676112157733,5,6,20.511614338678157,6,1.1253565063350282,0,0.0,0
21968,49.43749017115913,3,5,15.45610344813562,3,0.49670828305922987,0,0.0,0
21969,25.849516185677484,3,6,8.763346446319783,4,0.2784482876284603,0,0.0,0
21970,49.74891745775308,3,3,16.900385267810442,7,0.9999355708992148,0,0.0,0
21971,28.694404829652328,2,7,12.950980812454029,4,0.5593593501817138,0,0.0,0
21972,57.1350691145285,4,6,10.78336206041663,4,1.1359169910542364,0,0.0,0
21973,52.85711009374165,3,1,7.940841303040384,7,1.000267058487406,0,0.0,0
21974,32.779645628835205,2,1,19.993675901732942,5,0.4663875773991272,0,0.0,0
21975,29.75093255724653,3,1,1.5931764950984633,2,0.39775230121133553,0,0.0,0
21976,45.03930709447602,2,3,11.465802513818645,3,0.9621673604223018,0,0.0,0
21977,51.84962473440763,3,1,13.943863814233165,3,1.0252124560048668,0,0.0,0
21978,47.64952143899524,2,3,12.85615690592125,4,0.6336428931047047,0,0.0,0
21979,30.995402440468695,1,2,9.426001911351674,6,0.49627405688180914,0,0.0,0
21980,43.68172933813413,0,6,16.404682735169803,1,0.34360000975236593,0,0.0,0
21981,56.36172099584668,2,6,18.173895189179163,5,0.6654050739368658,0,0.0,0
21982,56.88668508453166,5,3,8.816495976923482,7,0.999547832670891,0,0.0,0
21983,13.726150285065696,2,1,9.650671123402493,7,0.3089844802058148,0,0.0,0
21984,50.79075495611965,5,4,6.743099975165325,3,0.15355110949861273,0,0.0,0
21985,42.01524660780682,1,5,12.57987495512857,5,0.11656234194259874,0,0.0,0
21986,23.96258174425143,2,3,14.683303193581349,7,0.30979693010408427,0,0.0,0
21987,52.442988649357716,2,3,14.218633758993812,2,0.3525239717649848,0,0.0,0
21988,47.716446969719165,5,1,16.1719307827558,5,0.17774643286699032,0,0.0,0
21989,61.301307857915674,3,7,4.78663697878599,6,0.6875983956542349,0,0.0,0
21990,40.408677043138056,2,1,15.980812983051475,7,0.4524297095141068,0,0.0,0
21991,27.173278016046307,3,1,3.222047405211674,5,1.0000528467352918,0,0.0,0
21992,56.93712797602487,2,3,11.149166837741229,4,0.9995993182625093,0,0.0,0
21993,25.79530851734836,2,1,16.719857543913974,3,0.501335195873263,0,0.0,0
21994,44.81364345977413,4,1,15.675156599814823,4,0.261403572621876,0,0.0,0
21995,11.17396522310165,2,2,8.394315067490048,1,0.09635581303341245,0,0.0,0
21996,51.08671879701775,6,3,0.0,2,0.9584121200071725,0,0.0,0
21997,62.80737737615124,3,4,20.008242763644784,1,1.023465007681755,0,0.0,0
21998,42.718535460254095,1,3,4.224520987980752,7,1.005521593391809,0,0.0,0
21999,40.8665267770367,2,6,14.558733471297854,7,0.9997488751234218,1,1936.274707523842,1
22000,22.633396384811185,4,4,20.005986414450962,1,0.9993407593665318,0,0.0,0
22001,39.088732895935905,5,1,21.41846502044315,7,1.0004086008244286,0,0.0,0
22002,33.345483741831245,3,3,14.806787571385188,7,0.1233495519649217,0,0.0,0
22003,36.71003689844598,5,1,11.66214203354404,3,0.950577065608593,0,0.0,0
22004,35.73211850874888,4,1,20.001442662766628,3,0.8838341296105153,0,0.0,0
22005,53.27901224972854,2,4,19.98507150230409,7,0.9999228476840409,0,0.0,0
22006,27.10602274849211,3,2,6.124311901807008,2,0.45466671442616124,0,0.0,0
22007,48.79291634062389,3,1,3.0659715914271324,5,0.49770369648552043,0,0.0,0
22008,53.259491563596384,3,4,20.017901430278656,1,1.495236394492124,0,0.0,0
22009,49.91526987292588,5,1,17.513187864877313,5,0.999577345609526,0,0.0,0
22010,57.39958431553249,4,5,26.824800770189583,7,1.000263171784311,0,0.0,0
22011,41.45166226182776,4,3,3.094498516551921,4,0.6828299372328056,0,0.0,0
22012,37.76301653803207,2,3,5.011804832597641,7,0.3979102013925921,0,0.0,0
22013,42.257065894499675,3,2,12.04524068294984,7,0.33355334863020875,0,0.0,0
22014,55.180012021692846,4,3,10.585078210769536,6,1.0000770895553113,0,0.0,0
22015,52.81510093429948,3,3,12.087633208213129,3,0.9997301972181787,0,0.0,0
22016,57.88907168580935,4,1,8.838380311086796,3,0.16021141384984983,0,0.0,0
22017,60.20598879961736,4,2,17.476105577481093,6,0.263162708778909,0,0.0,0
22018,36.34644263897886,4,3,9.125530374971783,3,0.5031573254895834,0,0.0,0
22019,17.33591272948676,2,1,13.603434062860545,1,0.3419252968846707,0,0.0,0
22020,45.437822073671995,1,6,11.805038776916629,0,0.3831995561439928,0,0.0,0
22021,41.30959789129763,6,1,4.8649744968512145,7,0.9700678530474556,0,0.0,0
22022,54.79123673176106,1,3,23.911147593177446,7,1.0002545223573058,0,0.0,0
22023,35.77243827792829,3,5,15.215910586217703,6,0.25228822880614077,0,0.0,0
22024,50.067584620384665,4,6,13.090124503962697,1,1.0038775094451493,0,0.0,0
22025,53.75533360220538,4,2,17.438096259670388,6,0.8236776328231029,0,0.0,0
22026,32.28004014120705,3,1,3.214789637762162,5,0.4383957346986844,0,0.0,0
22027,47.07280229745646,3,1,5.781171195030875,4,0.9993039301591922,0,0.0,0
22028,56.34926220073871,3,3,17.289841446959272,1,0.9993683647955081,0,0.0,0
22029,37.02578404708799,4,2,10.79379634606563,7,0.7407520060322742,0,0.0,0
22030,36.7400614220749,4,2,6.973751556430875,1,0.38739858306349056,0,0.0,0
22031,26.126967125088886,4,2,11.667947950286658,4,0.9799815391367346,0,0.0,0
22032,47.13425009551729,2,6,0.0,7,0.9996926074500676,0,0.0,0
22033,29.163688462146183,2,1,18.84037200500081,7,0.40854747514312023,0,0.0,0
22034,50.571849102295396,4,3,11.022834170495981,7,0.7123068161686569,0,0.0,0
22035,47.50337213049598,3,6,9.004113448168692,3,0.46636789481058116,0,0.0,0
22036,55.41505196484027,2,6,5.973018840909844,3,0.42814376739145027,0,0.0,0
22037,38.42188566825278,3,2,6.021020534857452,7,0.9992896007816146,0,0.0,0
22038,60.097586786122875,4,1,8.58516124125185,7,0.5230505190628851,0,0.0,0
22039,57.72024600093638,3,2,7.326878264184996,7,1.000168220297017,0,0.0,0
22040,38.04852237182152,4,3,9.77060164787386,7,0.058839412473498554,0,0.0,0
22041,34.24729426455584,2,6,15.53502195952468,7,0.17100614031732098,0,0.0,0
22042,41.464523778413934,3,4,20.008617577032247,7,0.894918504198853,0,0.0,0
22043,68.18123287463844,4,2,2.021492606064127,7,1.0007105869948332,0,0.0,0
22044,50.365125186896336,3,3,16.320722239039306,3,0.2865804522330714,0,0.0,0
22045,43.44958301835391,3,3,20.011096694532625,2,0.543698338662197,0,0.0,0
22046,51.31410395092446,3,3,7.980569020687732,1,0.302890271082255,0,0.0,0
22047,37.84853800560015,4,1,1.9488395026299816,7,1.0002183580234987,0,0.0,0
22048,80.68648298595306,4,3,12.61477321028588,3,1.0005663488831134,0,0.0,0
22049,57.234983431256424,3,4,1.565994026011447,2,0.6665500043924948,0,0.0,0
22050,49.49862317914777,5,2,17.575780949248028,7,0.7384489617538368,0,0.0,0
22051,41.26824318049051,3,5,16.1832183402471,6,0.999535791628837,0,0.0,0
22052,33.977856410082325,4,1,15.646566501175911,2,0.9996899408225273,0,0.0,0
22053,53.75707892538446,3,5,0.0,7,0.9999439270357973,0,0.0,0
22054,51.067490233433546,2,1,17.945719515979576,7,0.7187038658830032,0,0.0,0
22055,38.97428480540732,5,5,9.05229765366205,7,1.0001732764382327,0,0.0,0
22056,44.82094773615236,2,5,19.94596618600302,7,0.9996788155061337,0,0.0,0
22057,62.17278655097763,5,2,15.063856223497126,7,1.0001533975273706,0,0.0,0
22058,40.20165424644642,3,3,20.11325951785509,3,0.951873790317001,0,0.0,0
22059,17.670168892441477,4,5,7.86273773920842,2,0.4037076441868721,1,7344.114576633057,1
22060,41.18379836497575,3,4,19.994453552917403,1,0.5246107638680273,0,0.0,0
22061,46.657664523880904,4,6,4.516153936198898,0,0.816840870734852,0,0.0,0
22062,43.56910412006437,2,3,14.359026750997014,1,0.9999306006050082,0,0.0,0
22063,27.56759465811297,3,2,7.538104206501371,3,0.9686475785090232,0,0.0,0
22064,59.461293743930845,3,3,17.677693842851312,6,1.0000528081651108,0,0.0,0
22065,29.440056330698418,2,6,12.636434065473027,2,0.2960368819802616,0,0.0,0
22066,42.92943652412748,4,4,13.336050223319674,1,1.044271015689365,0,0.0,0
22067,22.77812713050003,3,5,13.289780796392801,3,0.33272771977351134,0,0.0,0
22068,35.56686520805268,4,3,14.993769953843564,6,0.9997745000866254,0,0.0,0
22069,31.84616315953953,3,1,17.269923867746765,0,0.40902510642978446,0,0.0,0
22070,22.230863850722034,2,1,1.5693789887799294,1,0.9745377732984617,0,0.0,0
22071,57.3254493897677,3,4,16.65988854743551,6,0.3988528457512561,0,0.0,0
22072,44.685384402355,3,2,3.0373803048690764,7,0.7776784534202442,0,0.0,0
22073,47.90733393743464,5,5,0.0,1,0.9998666206387059,0,0.0,0
22074,30.840092363705878,4,4,12.623756790594667,1,0.9671087952884079,0,0.0,0
22075,49.17275944492034,3,3,4.478215585894249,3,0.9994131314791924,0,0.0,0
22076,40.426155846603514,4,1,12.118582536943658,6,1.000030432333555,0,0.0,0
22077,44.6989994458794,4,3,4.493128483518074,4,0.3384107951957508,0,0.0,0
22078,61.48870347518495,3,3,5.684966849764465,1,0.9260298304746266,0,0.0,0
22079,32.2482739729797,4,2,13.080915422620716,1,1.0002895165667771,0,0.0,0
22080,45.48710770845151,3,1,14.839908174623126,1,1.0001306747552803,0,0.0,0
22081,47.27945559874383,2,3,20.41229203417938,4,0.5034081634726844,0,0.0,0
22082,54.99174505224949,3,3,11.253794720171292,5,1.0000082360227107,0,0.0,0
22083,21.686896259201916,4,2,6.699619586118624,1,1.000266131911759,0,0.0,0
22084,18.288892154604994,2,1,6.434588586207282,5,0.5725652553404964,0,0.0,0
22085,58.58359030501249,4,3,12.495876050484412,4,0.2776257816924655,0,0.0,0
22086,32.83949164957184,3,5,20.744399162987335,3,0.9750995523957839,0,0.0,0
22087,42.79939548590763,3,2,14.855630548113096,4,0.6008073411658724,0,0.0,0
22088,42.23233393169749,4,5,12.844319905572396,3,0.9993853106846902,0,0.0,0
22089,41.02173760337685,3,6,8.73698330256508,5,0.422359027373634,0,0.0,0
22090,55.0893674112524,2,3,9.343107590889876,7,0.999781684231517,0,0.0,0
22091,67.74820598291011,4,3,11.70795026694486,7,0.3669967182053476,0,0.0,0
22092,36.04930711255589,3,3,15.180605737299514,3,0.5971130040550341,0,0.0,0
22093,26.669543386542472,3,6,12.41709680174301,1,0.9992789762035927,0,0.0,0
22094,68.16996743981655,3,3,20.00396579305007,6,0.3871450659476679,0,0.0,0
22095,42.45778065075295,3,1,14.800513699374612,7,0.3295044999573439,0,0.0,0
22096,67.16766383569873,3,6,17.347280162513897,4,0.9991264718166118,0,0.0,0
22097,47.681798901580706,4,2,11.477928316375042,2,0.2945052050928049,0,0.0,0
22098,40.00739534209639,3,4,9.66280772270544,1,0.9910996516491133,0,0.0,0
22099,46.18486586301916,4,3,18.71056681598521,1,0.4458700763538963,0,0.0,0
22100,46.29411649210614,4,1,6.467341730388571,1,0.9999501605340811,0,0.0,0
22101,44.46525621871672,3,3,18.667652409437586,7,0.9999384015284264,0,0.0,0
22102,48.64288555599217,1,6,13.899802253541694,2,0.5032131487934097,0,0.0,0
22103,29.220824598220723,4,5,10.844706044167385,7,0.43711623156123885,0,0.0,0
22104,58.22937071917278,3,2,3.383421839495182,7,0.9999243780454881,0,0.0,0
22105,57.45673858757665,1,3,20.005797337431503,1,1.0268231957356704,0,0.0,0
22106,25.223571484928904,3,2,9.70660577186359,7,1.0000338213338693,0,0.0,0
22107,34.709165744552564,2,1,14.284760593923142,4,0.5003342958227551,0,0.0,0
22108,44.62495435359938,5,4,19.995248700791365,1,0.9996712811244739,0,0.0,0
22109,62.047423523873036,3,5,15.922072846162855,1,0.21464115193390265,0,0.0,0
22110,49.04732471740654,3,3,8.3147579010497,7,0.9998448548553435,0,0.0,0
22111,52.93926311599098,5,6,16.672056652853723,4,0.5522324917772181,0,0.0,0
22112,43.677145916400576,2,3,12.929303593392328,0,0.9999588716775313,0,0.0,0
22113,44.662596134501875,4,8,4.188729826437884,7,0.4089764769684582,0,0.0,0
22114,59.92913248638835,3,4,9.921784654876031,2,0.9996341746483897,0,0.0,0
22115,36.86645264608939,2,1,12.455445323041378,5,0.5002701922940336,0,0.0,0
22116,45.51666470108994,2,2,16.22440117126479,3,0.6329458688429981,0,0.0,0
22117,34.51821942291086,3,3,0.0,2,0.9998680297737396,0,0.0,0
22118,37.35646609799682,1,3,1.7343745350519733,7,0.3481316192371207,0,0.0,0
22119,39.28098182001579,3,5,1.256884607810317,1,1.1195424992518106,0,0.0,0
22120,52.67365547325988,2,1,4.1640859416252765,4,0.6338881152658694,0,0.0,0
22121,36.14521080793792,2,2,16.386929499431076,7,0.20259909924909142,0,0.0,0
22122,39.052252189304305,3,5,19.80281559121605,6,0.4628369829695551,0,0.0,0
22123,43.78610405585719,2,4,19.993582553021668,4,0.49979878955604917,0,0.0,0
22124,61.40106986434091,3,4,19.990870209733508,1,0.6225037212273296,0,0.0,0
22125,43.304689545913945,1,2,15.298298526898652,5,0.21143037538627912,0,0.0,0
22126,43.60444760437992,5,6,18.595035870457263,3,0.9995581742101389,0,0.0,0
22127,42.37599886413949,3,4,22.48983785810298,2,0.46671290337693433,0,0.0,0
22128,37.39904158616107,3,3,0.0,4,0.08781199818690877,0,0.0,0
22129,36.7994735688978,2,1,14.058462021058793,7,0.2744570731820414,0,0.0,0
22130,27.329426451663494,1,2,14.013163404484988,4,1.0266345925135432,0,0.0,0
22131,54.25042165391758,5,6,8.062517171842766,7,1.0001282883555722,0,0.0,0
22132,55.972872913883684,4,6,9.201170160330063,1,0.3320603535825312,0,0.0,0
22133,22.02618959445332,3,1,4.077431563892886,0,0.9999695711528551,0,0.0,0
22134,54.801781508484645,5,6,14.918053281263793,1,1.050635569459069,0,0.0,0
22135,47.662781751100894,1,4,4.559204868712283,1,0.9780545886275758,0,0.0,0
22136,53.5939967147121,4,1,6.158811929790112,1,0.49957860414685973,0,0.0,0
22137,26.479409046158235,3,3,13.382401323819195,1,0.999455679981025,0,0.0,0
22138,55.302996446281846,3,4,10.934198789442016,7,0.8754815274008101,0,0.0,0
22139,32.15073233840262,1,5,2.663315829402059,7,0.5273106287176107,0,0.0,0
22140,34.7583079533455,4,6,17.41577635188502,5,1.0002344099939648,0,0.0,0
22141,35.31412885041598,2,4,0.0,5,0.2275514200430624,0,0.0,0
22142,22.892630236859528,4,3,1.279108527386759,7,0.39646143536613937,0,0.0,0
22143,39.65127617721023,3,1,21.235865267698575,7,1.0001418926933372,0,0.0,0
22144,66.10007850812192,3,2,5.964335843894233,7,1.0004117115470614,0,0.0,0
22145,25.025567537626188,4,3,14.860865804271494,0,0.9377340360200023,0,0.0,0
22146,52.69555331167197,4,3,5.633743525630142,5,0.9889297801402797,0,0.0,0
22147,33.94230274012023,4,4,19.99127814594697,6,0.4643341175550185,0,0.0,0
22148,59.695950353959574,2,3,1.6457142640606701,3,1.0003277838296027,0,0.0,0
22149,16.8357233888829,4,1,14.803026788619507,4,0.9996578818802921,0,0.0,0
22150,44.73703020813108,5,3,6.078976744793147,7,0.5318897041536896,0,0.0,0
22151,38.68260668825152,2,6,8.085965516528029,5,0.40591351674231796,0,0.0,0
22152,29.100173669111975,1,3,9.438864383024047,3,0.0,0,0.0,0
22153,52.21185489587198,4,6,15.890743565658848,3,0.4335572269029316,0,0.0,0
22154,73.05170028491303,1,4,19.992769050573983,7,1.0003077398321893,0,0.0,0
22155,36.86123653383697,2,3,12.180881383092006,3,0.5468446794864731,0,0.0,0
22156,57.5049832271764,3,4,23.24734684744807,4,0.39179037006903056,0,0.0,0
22157,46.871757992313036,2,4,19.99688578440228,1,1.0002672739291014,0,0.0,0
22158,33.07054045556602,1,2,7.806692950063097,3,0.011541014906175096,0,0.0,0
22159,56.9025764179766,3,3,1.528320907074809,7,1.0000314895943359,0,0.0,0
22160,48.26024660343172,0,1,13.55420227899183,7,0.19283234344525457,0,0.0,0
22161,54.537726184305654,3,1,10.91893205678287,3,0.9997307523828607,0,0.0,0
22162,37.29048106858075,4,6,9.87287705293628,4,1.0001771531460024,0,0.0,0
22163,39.87835631749955,2,1,0.0,7,1.0002253375727155,0,0.0,0
22164,39.2379780074319,1,2,7.293297648150515,7,1.0001817620744866,0,0.0,0
22165,57.53717712320145,3,4,8.334011797704134,7,0.6185217018767982,0,0.0,0
22166,45.52369778645582,2,2,12.572517035175071,7,1.0000692097741648,0,0.0,0
22167,39.12385101775343,1,1,10.79910856409063,4,1.000390615473988,0,0.0,0
22168,61.82679694026817,2,3,9.142781334964155,4,0.9998356650474745,0,0.0,0
22169,43.10682424338726,2,6,12.806087396542765,2,0.5923799450017148,0,0.0,0
22170,33.78579595198807,1,3,13.913635023319191,7,0.5016821272456922,0,0.0,0
22171,33.68685165917194,5,3,0.0,7,1.0002100652279475,0,0.0,0
22172,43.225726065354905,3,4,13.505909846712475,2,0.34303839450509543,0,0.0,0
22173,52.50516942350541,1,2,5.421235614435341,3,0.9578323884239848,0,0.0,0
22174,51.3086811454654,4,2,8.629874419581611,5,0.21405929521185768,0,0.0,0
22175,32.509168868724295,0,3,0.0,2,0.21953323409160036,0,0.0,0
22176,45.515987344153636,5,3,18.27117532134677,3,0.5001625846451189,0,0.0,0
22177,32.747720896934766,5,4,16.13079612760194,2,0.006177604855320262,0,0.0,0
22178,52.87224720132027,3,4,9.427124751633366,4,0.2740573285841657,0,0.0,0
22179,58.29107044556824,2,4,10.762164346605713,1,0.0,0,0.0,0
22180,46.46392679886597,4,1,21.526718392437452,7,0.9999109876410293,1,14734.162873123854,1
22181,54.66853668316884,3,4,3.2654862420191746,4,1.0000923164046156,0,0.0,0
22182,48.54586503828933,1,1,7.0921814512791475,7,0.4093457721801962,0,0.0,0
22183,29.65245543298116,3,6,18.797273047755738,2,0.5207914677308972,0,0.0,0
22184,29.901337246380933,1,3,2.63589307742253,2,0.4992365629189315,0,0.0,0
22185,28.657141065274295,1,3,0.0,7,0.9004863129092218,0,0.0,0
22186,61.500123988994446,5,3,9.020453244532419,7,0.9997182310495127,0,0.0,0
22187,42.9463705044678,5,3,8.331355241823454,4,1.0000530206988172,0,0.0,0
22188,40.363931047201795,3,3,0.0,6,0.49936137881405535,0,0.0,0
22189,41.197407979779825,2,3,10.551282527506233,3,0.3813341606087724,0,0.0,0
22190,47.038752953187775,3,3,19.99367549787982,3,0.3996132025853116,0,0.0,0
22191,47.426842962132795,2,6,4.736353966427089,6,1.0005663412364347,0,0.0,0
22192,43.988967316017906,5,3,5.251689601700909,2,1.0001078795286156,0,0.0,0
22193,22.395747440091075,2,3,8.08847817469014,6,0.9222992256923299,0,0.0,0
22194,25.299296843363724,2,3,12.427113912333287,0,1.0003492987960898,0,0.0,0
22195,42.56806563460556,4,3,10.275386223227148,7,1.0001284696916504,0,0.0,0
22196,30.57565060711886,4,1,13.75433541599289,2,1.003168004089643,0,0.0,0
22197,40.19079665611605,3,3,3.946077133438785,2,0.5914611041826269,0,0.0,0
22198,23.73943297263842,4,6,14.219423615623791,7,0.3592965954077981,0,0.0,0
22199,53.83501197932894,3,5,2.180651687019383,7,0.9998159322851481,0,0.0,0
22200,38.29838950871206,3,3,0.0,5,1.0000725702187836,0,0.0,0
22201,29.51319223670535,4,7,11.460942483718263,1,0.0,0,0.0,0
22202,48.0940018442174,4,6,7.682343810301576,6,0.999353051153437,0,0.0,0
22203,40.96827390574418,4,6,12.890998312992238,3,1.0003691799086998,0,0.0,0
22204,59.49049494538342,2,6,6.546554217529527,4,0.020570360827407264,0,0.0,0
22205,36.38005897640615,3,3,18.678672304643595,4,0.9999106818938541,0,0.0,0
22206,41.381708786644325,2,1,17.82142165761126,1,0.2504922554790082,0,0.0,0
22207,57.885939953100234,4,1,7.197707485572131,7,0.9997972549201408,0,0.0,0
22208,31.3382662902877,1,3,23.35767736747394,7,0.7722313887940675,0,0.0,0
22209,28.994987942436225,2,6,17.056923775963,5,0.003405532219659224,0,0.0,0
22210,31.83391680146655,2,1,20.002353578447934,1,0.5457019274013113,0,0.0,0
22211,35.42364438781909,2,3,8.45308252521337,7,1.0002964921511666,0,0.0,0
22212,37.63276382208255,2,2,12.22670302403772,5,0.9585381757382252,0,0.0,0
22213,60.34816596740889,2,6,8.852861895410175,5,1.0000600140464122,0,0.0,0
22214,44.74339430441442,4,3,1.052721685474232,7,0.999106737810292,0,0.0,0
22215,25.019571529239908,5,6,6.8933155654625216,2,0.06844841566185145,0,0.0,0
22216,49.23300867107223,2,3,12.75429716214743,3,1.0002965065104472,0,0.0,0
22217,49.83131360127794,1,5,6.4147586237826895,6,0.3238532990360257,0,0.0,0
22218,54.931942687129165,1,5,0.0,6,0.0,0,0.0,0
22219,50.43520761805593,5,6,11.573841362431281,3,0.6370618794748969,0,0.0,0
22220,43.21839099945728,5,3,3.5515221280414337,2,0.500001638968832,0,0.0,0
22221,35.23740755898187,1,3,0.0,1,0.386279054575984,0,0.0,0
22222,55.1745529644433,1,2,5.1251213679547964,7,1.0000719581246034,0,0.0,0
22223,37.34986453514115,7,4,20.22072793253385,6,1.0002881072030627,0,0.0,0
22224,56.22282939430255,3,4,17.506679143356106,2,0.9995857317028208,0,0.0,0
22225,36.63745380725887,2,6,16.05324129345351,2,0.9998430774067659,0,0.0,0
22226,41.577743814362364,3,3,15.343106630150912,2,1.0001140731755531,0,0.0,0
22227,46.809449213163106,3,3,17.099206797391115,1,0.463025683770823,0,0.0,0
22228,61.02897288496497,1,6,15.684146338821703,1,0.32979593896422443,0,0.0,0
22229,48.79704293798277,3,4,20.53266998967149,7,1.5210945712494972,0,0.0,0
22230,59.05099878047682,4,6,10.006379100700299,1,1.0068732518775587,0,0.0,0
22231,39.64424592218749,3,2,11.201139015166355,7,0.20854568118110878,0,0.0,0
22232,45.24168563083602,3,6,25.096534531826492,1,0.9422981557314513,0,0.0,0
22233,52.417400868075035,3,3,9.5900883928867,7,1.0003991905249585,0,0.0,0
22234,44.908212678326706,4,5,13.677557709446882,4,0.4972605257483025,0,0.0,0
22235,46.30679917852121,3,1,19.996294975194015,2,0.28773536260439575,0,0.0,0
22236,31.106931377381088,3,3,22.265165941435967,7,0.45831664132831174,0,0.0,0
22237,27.441039420734057,5,1,6.543330690393559,7,0.7918899965767848,0,0.0,0
22238,32.92633274289934,2,3,22.517553218113356,2,0.38886952996649865,0,0.0,0
22239,58.614592276970455,4,4,13.192785976111683,4,0.6127962378097495,0,0.0,0
22240,39.257676119450174,5,6,15.157448077353429,2,0.5261909633079437,0,0.0,0
22241,30.94788808929581,1,1,13.108141735963276,2,0.20271992828876256,0,0.0,0
22242,28.647489771652683,3,5,19.334025826396825,1,1.000334414966139,0,0.0,0
22243,34.246026140284705,4,2,5.318823598305404,1,0.26560101804246083,0,0.0,0
22244,31.64334806400901,4,3,2.647846172644499,1,1.0001330940337911,0,0.0,0
22245,54.17244731828548,3,4,4.356364867656044,1,1.007718482657635,0,0.0,0
22246,28.401868620651804,0,6,9.942885432120299,3,0.2486017652522554,0,0.0,0
22247,67.96922267445993,1,3,7.364926690313743,7,0.5789577090790912,0,0.0,0
22248,50.67346037609265,4,5,17.92382387298268,3,0.5022369131564709,0,0.0,0
22249,62.09010545300145,6,2,12.976499654702387,5,0.22550214412562442,0,0.0,0
22250,49.08386989171929,4,3,21.934169541184772,7,1.0000906636201745,0,0.0,0
22251,36.966372535668626,3,6,9.424796734250851,7,0.7198994349981622,0,0.0,0
22252,34.88765807558422,4,4,7.054969879456216,6,0.35901231159295527,0,0.0,0
22253,45.47672330501911,3,4,20.0078417467683,7,0.9997487441520001,0,0.0,0
22254,53.1562761135371,5,1,7.9488460861295795,7,0.9664898568710841,0,0.0,0
22255,72.4529574382808,3,4,1.9803873646776147,6,0.27001178608463,0,0.0,0
22256,36.87594716043007,2,2,12.061957618179058,7,0.36722847102749456,0,0.0,0
22257,42.407749730687044,2,5,3.038429615511589,1,0.6106813175217928,0,0.0,0
22258,23.523184788983702,3,2,2.8820504815882266,4,0.48436946744728804,0,0.0,0
22259,27.652181664431957,4,2,5.895627377957079,4,0.4369090699232313,0,0.0,0
22260,69.61388681347108,3,4,15.213607319214699,7,1.023320388893818,0,0.0,0
22261,60.13940270577761,3,1,13.619112320423852,4,0.15744400703607275,0,0.0,0
22262,58.152295503447874,1,6,16.711978428567484,7,0.9998386186335411,0,0.0,0
22263,47.17933987766237,2,2,12.739716953441347,7,0.40131597116532786,0,0.0,0
22264,45.079662710160406,2,2,3.813494931185132,7,0.493624667515169,0,0.0,0
22265,26.939476249687935,3,2,0.0,2,0.0,0,0.0,0
22266,52.45943003078901,3,4,10.812779937823512,6,0.9996587619292578,0,0.0,0
22267,41.70990750584376,2,3,13.498584290702006,7,1.0000471738784367,0,0.0,0
22268,37.79947227084872,3,6,11.731109356218765,2,0.834577382760157,0,0.0,0
22269,47.246891542803084,4,3,11.684344254452519,3,0.2671469094812631,0,0.0,0
22270,52.240215341657226,5,1,7.360201430718404,3,0.9999667036832792,0,0.0,0
22271,36.53581228908106,5,3,2.1900908816951983,1,0.9681732704041868,0,0.0,0
22272,54.65369365484105,4,3,13.57916847562463,7,1.0003099719956787,0,0.0,0
22273,50.35464667527363,2,3,17.9037657339931,7,0.9996912090341856,0,0.0,0
22274,48.40688710872394,3,2,14.039574574041456,1,1.0001773800229465,0,0.0,0
22275,20.973367379022214,3,1,8.210602357382292,1,0.8394852026908703,0,0.0,0
22276,22.155962958542315,1,1,8.174706413510187,4,0.4986431424559763,0,0.0,0
22277,46.6673449044078,2,3,13.824418232499603,7,1.0000684570272513,0,0.0,0
22278,44.51140329419614,4,1,12.193489985434683,6,0.5937268628943,0,0.0,0
22279,31.877745110609343,2,6,17.089244125204,3,1.0001269940437012,0,0.0,0
22280,67.919196728309,3,4,19.992181187874877,7,0.600598284726022,0,0.0,0
22281,32.94940865113546,3,1,10.017948737833912,3,0.32116772940857097,0,0.0,0
22282,48.72194082385048,3,5,17.523553221054076,7,0.9724702320692484,0,0.0,0
22283,20.454188889760363,2,1,2.6905153185310233,2,0.9998071950764317,0,0.0,0
22284,15.006365567441847,2,6,3.2037660700227404,1,1.0704442644954932,0,0.0,0
22285,43.550911225434,4,3,3.529377143947296,7,1.0006357289472647,0,0.0,0
22286,44.55409806423448,3,6,16.926455057035675,1,0.3233394280027339,0,0.0,0
22287,26.57007657640544,4,3,8.8819840825681,1,0.9998203317953397,0,0.0,0
22288,53.280137057141445,4,3,0.0,2,0.9503975585431006,0,0.0,0
22289,28.027808500146605,1,6,19.996868037685864,1,0.43535374818914935,0,0.0,0
22290,23.885375152022835,2,1,8.821352520702014,3,0.4649655160542761,0,0.0,0
22291,24.51604595583139,4,3,15.79791821480441,6,0.36076483927478453,0,0.0,0
22292,48.795532890800374,3,8,22.096979292373163,4,0.947281008838609,0,0.0,0
22293,61.15054548894991,3,6,8.265205560795842,3,0.39656809491011397,0,0.0,0
22294,22.631132862790523,5,6,8.995022325554682,4,0.765500255364325,0,0.0,0
22295,43.21092702930324,4,6,13.20711253452039,1,0.9577052831668025,0,0.0,0
22296,38.37734766861195,1,6,15.750459093672319,6,0.6790124023309513,0,0.0,0
22297,53.25837914252071,3,3,15.164638496593929,7,0.2662490885243196,0,0.0,0
22298,43.362079411703405,3,2,9.622264941562236,7,0.625598633096233,0,0.0,0
22299,43.094123156135225,4,4,2.5596921476299546,2,0.9995230995750278,0,0.0,0
22300,35.952424614318424,5,4,4.961448905843564,3,0.29263928555011703,0,0.0,0
22301,28.845793265368613,1,5,22.19166272616637,5,0.0,0,0.0,0
22302,25.26715305442027,0,1,6.602749849658603,7,0.896212118691758,0,0.0,0
22303,37.055733183155326,1,4,20.007780396295033,7,0.4275240769502456,0,0.0,0
22304,36.93290196377282,3,6,0.0,7,0.864106940085725,0,0.0,0
22305,48.64800782418543,4,5,17.349953660857995,1,1.0860589686706579,0,0.0,0
22306,38.36140000550644,4,3,18.169281077364204,6,1.0000169582645873,0,0.0,0
22307,32.09102075476267,2,3,0.8318361593412202,4,0.49663188266504765,0,0.0,0
22308,27.11981709327015,2,4,13.109885859504363,5,0.29830597830047484,0,0.0,0
22309,51.10915958589276,3,5,2.2630679608913233,7,0.05810721300893962,0,0.0,0
22310,28.971319978931852,5,1,6.786689248726413,3,0.7884425333339197,0,0.0,0
22311,58.1165915780284,4,6,6.535305275899604,7,0.9992510224523699,0,0.0,0
22312,38.523437664988556,2,1,2.1260302712884567,2,0.49978146274364,0,0.0,0
22313,33.44808093936198,2,3,5.454292603391727,4,1.0000939366452235,0,0.0,0
22314,51.96727838098168,4,6,5.098944269956009,3,0.3976981603905986,0,0.0,0
22315,46.59547984952552,3,6,18.816200640928898,7,0.8280013781438538,0,0.0,0
22316,37.91145727692522,6,5,8.315468832804815,3,0.9721211464614559,0,0.0,0
22317,36.42714646497173,4,1,12.283177465961472,7,0.9657826967612033,0,0.0,0
22318,59.8437586086036,3,1,2.8959959007926717,3,0.42067400955445866,0,0.0,0
22319,34.57890101416111,2,3,15.14706958017165,4,0.9998291538459159,0,0.0,0
22320,46.71060346627411,4,3,0.0,4,0.156725702879984,0,0.0,0
22321,75.33265703312128,3,3,14.875206224839307,3,0.9994729463240393,0,0.0,0
22322,45.401388028494424,1,3,3.5692096650255216,0,0.9222631708787314,0,0.0,0
22323,40.54086422498018,3,5,9.71013939077311,7,0.9999334970606972,0,0.0,0
22324,33.08138441091723,2,1,3.663755051298952,3,0.9737718462170901,0,0.0,0
22325,17.519664636790512,2,6,8.885205936364958,2,0.319492950473842,0,0.0,0
22326,39.58277177535169,0,6,5.191862324984275,7,1.0003040824398528,0,0.0,0
22327,39.73992735926019,4,1,4.772478237582273,2,0.3071521245437684,0,0.0,0
22328,32.138896341102466,7,4,20.020081514438445,1,0.0,0,0.0,0
22329,55.562886649318386,4,3,2.3803271112210194,6,0.38262181077574453,0,0.0,0
22330,64.09803980502379,4,6,5.2948943889647255,2,0.7938645034756455,0,0.0,0
22331,57.28978104554871,3,3,13.1314265438678,7,0.9999831499503689,0,0.0,0
22332,35.087305744201366,4,5,5.460751785459836,7,0.0,0,0.0,0
22333,44.05102485197996,3,5,5.793471947395213,7,1.0000801628675577,0,0.0,0
22334,33.69553533425195,3,3,17.44468359589492,4,0.9652451047303938,0,0.0,0
22335,48.45619535876261,3,3,8.60653735562893,5,0.8858731967459473,0,0.0,0
22336,59.3066296331544,0,3,14.069864753364488,6,0.9483889657419684,0,0.0,0
22337,53.625199400876596,3,6,10.351523619682004,2,0.29520300386284487,0,0.0,0
22338,36.24566364009609,3,3,21.556381869915185,7,0.8306689605064455,0,0.0,0
22339,47.25768628504475,1,4,3.4887968945063275,7,1.0002431862389654,0,0.0,0
22340,52.096719577655215,3,3,3.09545122010187,2,0.3481044975967372,0,0.0,0
22341,26.25611900791529,2,6,14.182968449296343,2,0.45284024930282085,0,0.0,0
22342,28.95204848911343,4,3,0.0,2,0.3209477479063477,0,0.0,0
22343,63.67185008547139,2,4,20.001505095909092,4,1.000219345610346,0,0.0,0
22344,32.74984434021174,3,3,14.281817824800962,4,1.0001794185660544,0,0.0,0
22345,56.46383596986157,3,1,1.2922850361453602,5,0.0,0,0.0,0
22346,38.15189798858007,3,3,3.32605989969192,3,0.44605892470009734,0,0.0,0
22347,28.079504990334144,4,6,10.53458003458514,4,0.5855920715027383,0,0.0,0
22348,35.2184281254707,1,5,9.556330852760237,8,0.28408996319742175,0,0.0,0
22349,38.203551324336495,3,1,14.354669009689548,1,0.9997773688125411,0,0.0,0
22350,42.25793838427012,4,1,16.18276928582936,1,1.0002655452793277,0,0.0,0
22351,60.425429255963365,2,3,10.051527631484571,4,1.0007429776562922,0,0.0,0
22352,51.848347975425966,1,3,12.663659222276435,1,0.999747310620366,0,0.0,0
22353,66.85475563016203,2,4,12.711011921988097,2,0.9151662862357839,0,0.0,0
22354,49.90214664383652,4,3,4.664775263904455,7,1.0006144080925314,0,0.0,0
22355,37.55872612709889,5,1,7.100323435040717,7,0.9996502053108758,0,0.0,0
22356,59.05504155937398,4,4,19.99755723134637,3,0.4946538778118649,0,0.0,0
22357,39.54494764019972,2,3,14.765027259097977,3,0.9952709454746793,0,0.0,0
22358,23.81851146001526,3,3,6.695245774011397,7,0.7493774604427751,0,0.0,0
22359,39.93580969531454,3,6,11.257945200413033,3,0.9910445022147467,0,0.0,0
22360,43.693016579116254,3,1,20.009319361616065,1,0.7629359569059635,0,0.0,0
22361,39.90947509372076,5,5,5.542951667728796,4,0.4960003758831183,0,0.0,0
22362,42.43329465902191,4,5,13.40970886483421,1,0.227986794459263,0,0.0,0
22363,46.861685312099425,0,3,6.106938131232759,7,0.7116439386124485,0,0.0,0
22364,44.16676595871163,2,3,26.294423708511253,7,0.9996943228947761,0,0.0,0
22365,48.516199375284906,2,5,22.51112894685948,7,1.0002216168611149,0,0.0,0
22366,15.730865005594776,3,1,19.998181872617252,7,0.34332409844522543,0,0.0,0
22367,31.258469785712684,4,3,16.11591721958765,1,0.9707906648303468,0,0.0,0
22368,35.68204799015222,1,4,19.994929103408786,4,0.5011014198106803,0,0.0,0
22369,53.5636224291504,2,4,20.006933914247487,7,0.7670777997101231,0,0.0,0
22370,34.896338791131164,5,1,20.00852930032056,5,1.1695960404800432,0,0.0,0
22371,49.778133401884574,3,2,8.495048416566258,7,1.000022065381144,0,0.0,0
22372,52.71087418102799,3,6,19.56000038666037,1,0.9731008602594509,0,0.0,0
22373,55.63894583283648,3,6,16.912480502982575,5,0.7701781784770847,0,0.0,0
22374,0.0,2,6,7.036451280967859,1,1.0460622569733538,0,0.0,0
22375,42.90350758870771,1,3,15.560737232402479,5,0.03175456616451944,0,0.0,0
22376,29.28986766938047,1,3,32.766533119564116,2,0.9999089822218918,0,0.0,0
22377,49.064905492866515,4,5,3.705798203952396,1,0.40213557125533544,0,0.0,0
22378,28.99168322584987,3,5,4.122529250704299,1,0.380009499330371,0,0.0,0
22379,47.40206734542425,4,1,2.9874884545330094,4,1.0002601364190729,0,0.0,0
22380,23.69468087862197,3,3,0.0,5,1.000215850402349,0,0.0,0
22381,40.53548732385474,5,1,16.713598165080924,2,0.9999674055543724,0,0.0,0
22382,49.29460255790564,1,4,20.010731741674412,2,0.4967993836466149,0,0.0,0
22383,44.69082506117722,3,2,15.367630906494949,2,0.3468897017218472,1,3344.516131762625,1
22384,46.822074070140744,6,3,6.172580833431485,4,0.9827952554697028,0,0.0,0
22385,66.03812908051364,3,3,5.006806009895582,7,0.9998486925877388,0,0.0,0
22386,60.65839971233903,3,2,1.7956603352034204,2,0.6951799671503659,0,0.0,0
22387,29.0645953798791,3,3,19.99210508694506,7,0.2513093395583084,0,0.0,0
22388,24.290126334028688,4,3,15.405143810485608,3,0.49821149010963295,0,0.0,0
22389,48.78403004550806,2,1,20.008879132188625,7,0.4831913150112318,0,0.0,0
22390,30.85919842966875,2,3,20.016330524318064,1,1.0001075884665431,0,0.0,0
22391,32.29604574002066,2,6,14.95840697115781,3,0.35451488882238574,0,0.0,0
22392,39.74757421307807,2,6,4.563382895515445,7,0.9999675169404691,0,0.0,0
22393,36.21337627904196,5,6,11.660630446932032,1,0.9681797786437686,0,0.0,0
22394,29.82118225156715,5,2,11.087860795038461,7,1.0101250442863443,0,0.0,0
22395,54.0127689849157,2,3,7.609761318757201,7,0.9996188760058284,0,0.0,0
22396,51.11358615301998,3,1,0.5974358902842507,7,1.0002626073389924,0,0.0,0
22397,48.84903112474989,1,5,2.891991274636755,2,1.000168505422998,0,0.0,0
22398,66.65621364516775,2,2,10.539695571748062,6,0.6308118213709164,0,0.0,0
22399,53.42568970785561,1,5,12.491918908766,7,0.9996518135147465,0,0.0,0
22400,44.77526436770436,2,3,23.434434092193484,7,1.000225135397688,0,0.0,0
22401,36.88746616280025,2,3,17.30773987871615,0,0.9999058618945228,0,0.0,0
22402,25.56635680658491,5,2,14.97705360607201,5,0.8998531533772867,0,0.0,0
22403,55.8322547040772,3,3,7.499750237143468,7,0.999597993748996,0,0.0,0
22404,53.4477527312759,6,1,15.365195645671058,7,1.0003027334600476,0,0.0,0
22405,33.77103967891697,1,6,1.7652277638273475,7,0.28996984831146033,0,0.0,0
22406,37.97605582263386,3,3,9.43818394345541,6,0.9995627672122616,0,0.0,0
22407,34.56145815297037,3,1,15.03617413521056,5,0.49708758133475683,0,0.0,0
22408,45.675366457015166,4,1,20.001245614989983,4,0.33404745496732824,0,0.0,0
22409,18.435437312365696,3,6,4.167190201291843,1,0.6906305143716371,0,0.0,0
22410,32.97233040699744,2,3,14.21515003350139,3,0.4604885263859175,0,0.0,0
22411,18.30979289030115,2,4,7.347408527962015,1,0.9457471888744944,0,0.0,0
22412,57.23542773103619,2,6,9.997305600699235,7,1.0001538583850615,0,0.0,0
22413,42.61371555093126,4,3,5.71278841007762,7,0.9996455136538085,0,0.0,0
22414,42.98996744569449,4,2,4.543315517889501,7,0.0,0,0.0,0
22415,61.36606192154616,1,3,17.035338666835163,3,0.48349099274977775,0,0.0,0
22416,39.94626250727471,3,3,6.4309265193992085,5,0.9996551698520504,0,0.0,0
22417,46.18202166299904,4,3,2.928039947877286,4,0.4984039550043803,0,0.0,0
22418,40.38392413342252,0,3,0.0,1,0.618259177423677,0,0.0,0
22419,60.41001012840212,2,3,18.39965097760793,7,1.0001442749104528,0,0.0,0
22420,17.04856849203887,2,4,4.959240548941379,1,0.39559103487984565,0,0.0,0
22421,28.117489808698934,4,3,1.8190900114787283,2,1.0000873337933227,0,0.0,0
22422,19.618799059190952,0,3,4.403091918248308,5,0.3803535950698103,0,0.0,0
22423,49.76481006781117,3,6,0.0,7,0.9997321320952914,0,0.0,0
22424,40.13450861064687,3,6,13.768951047929232,4,0.5425332727866778,0,0.0,0
22425,38.61178760297119,3,3,17.41690849498196,1,0.9991029387239853,0,0.0,0
22426,49.954478163321,3,1,10.430657001273836,1,0.634730513790669,0,0.0,0
22427,63.586955953076895,3,6,15.881482858638098,4,0.7465876825237041,0,0.0,0
22428,59.62060213706954,3,3,0.9796455322067601,7,1.0001619199258074,0,0.0,0
22429,41.914437230837976,3,2,13.06687557102565,1,0.10502587950522235,0,0.0,0
22430,37.69344618663476,3,1,9.222830872991873,7,1.0006682333568648,0,0.0,0
22431,32.68124494553005,4,1,20.004814648794817,1,0.6939800690505294,0,0.0,0
22432,59.3122149296468,4,1,10.743204581195652,1,1.0000294296320325,0,0.0,0
22433,46.49074437798531,4,2,12.49420946637361,1,0.9994939604241293,0,0.0,0
22434,42.9609795873866,6,3,7.366752114414153,0,0.0,0,0.0,0
22435,27.1723461309263,4,3,0.0,1,0.49786275697500604,0,0.0,0
22436,51.79340316918204,5,3,11.550994589151957,7,0.7157767257570966,0,0.0,0
22437,26.279877757187638,3,6,5.117500272207894,6,0.6138837783660502,0,0.0,0
22438,35.47210248152823,3,5,2.2007174505902416,7,0.9781872743101427,0,0.0,0
22439,40.980588383693586,1,3,2.9796504785807123,1,0.999734978154352,0,0.0,0
22440,53.67087971069593,3,3,11.114803023272696,1,1.0001919871540605,0,0.0,0
22441,46.97562264368738,3,3,9.856946166099206,7,0.9998501437662877,0,0.0,0
22442,34.39547851437757,4,4,20.002671512705263,2,0.4942212200274766,0,0.0,0
22443,34.365089304789805,2,5,17.470437759015187,1,0.9956671218651889,0,0.0,0
22444,48.105378726678914,4,4,19.992392354060513,5,0.5005138443763191,0,0.0,0
22445,37.05198470301372,3,3,20.00046460809741,1,1.0000541281386903,0,0.0,0
22446,56.93206574456536,6,1,17.69034395357361,4,0.5004355827750346,0,0.0,0
22447,42.69337536299324,2,1,1.9271346305134731,3,0.5028904383871199,0,0.0,0
22448,55.181715899324445,4,5,19.996024496088317,1,0.14085284183627034,0,0.0,0
22449,37.81645854593756,4,1,19.99866079759734,4,0.6623894957759049,0,0.0,0
22450,45.99382511901964,4,3,12.819633637829845,4,0.5033880592324378,0,0.0,0
22451,45.73122167915541,2,3,21.742533797730125,2,0.9420169472076696,0,0.0,0
22452,49.90746061863572,4,6,15.403622310642785,7,0.9997745579117963,0,0.0,0
22453,30.607986818966893,3,3,18.00126912339462,2,1.0057641207695114,0,0.0,0
22454,6.313534009637394,3,6,17.780185682694867,1,1.0565360456917943,0,0.0,0
22455,26.42170855942166,3,6,13.346881368825523,3,0.579489238089725,0,0.0,0
22456,25.7897764917017,4,3,9.17020623081793,7,0.9998016948964806,0,0.0,0
22457,50.85892761480787,3,3,9.660620921305792,1,1.000449849330839,0,0.0,0
22458,37.38739267185456,3,2,8.453558057809754,5,1.0005991018400286,0,0.0,0
22459,47.27404872813278,4,1,3.473347329238475,2,0.9809080178949369,0,0.0,0
22460,44.08094604522401,2,1,11.45102869803716,0,0.5857394259154071,0,0.0,0
22461,35.475424620319174,5,6,11.229106762658672,2,0.47117391229019956,0,0.0,0
22462,50.606805536369905,4,6,14.774397529494507,1,0.28356074468593967,0,0.0,0
22463,35.29042842096642,1,2,11.815957549890067,7,0.8358717971542272,0,0.0,0
22464,37.30297329117484,4,6,15.946643774276872,5,0.9997640084410911,0,0.0,0
22465,26.816221512797366,6,2,7.475543338274629,4,0.24270232264153646,0,0.0,0
22466,35.60901769560779,1,3,0.0,5,0.14787530878402233,0,0.0,0
22467,15.820004243440838,3,6,21.633789540030016,6,0.8031471075318407,0,0.0,0
22468,34.29281894068485,4,3,7.74984110022285,3,0.2758060385192973,0,0.0,0
22469,22.244050904419332,1,2,21.207831851315348,7,0.9997677781438489,0,0.0,0
22470,56.15435019762771,3,4,10.333079480805832,2,1.0001391784934437,0,0.0,0
22471,45.41827116346499,0,3,12.360231182236154,2,0.5062571231388825,0,0.0,0
22472,58.3505191643042,3,6,13.237826195783992,7,0.38306722941310156,0,0.0,0
22473,52.28023253093701,3,4,11.63167385873502,2,0.5671295315484007,0,0.0,0
22474,38.064490222676774,3,3,2.2340526677889123,2,0.5873834274941834,0,0.0,0
22475,37.46312353389071,4,3,0.0,7,0.999686422884087,0,0.0,0
22476,42.30959042890147,1,5,0.0,3,0.9778031694539195,0,0.0,0
22477,56.12417474663382,3,1,8.44086509339514,7,0.9999377326156025,0,0.0,0
22478,54.70180353253019,3,3,2.705001974204203,5,0.9448902183498565,0,0.0,0
22479,32.22549938191215,4,4,8.720035461327836,6,0.4507482889041926,0,0.0,0
22480,29.94328418060351,2,2,15.713053553056817,3,0.3348203963140712,0,0.0,0
22481,36.56016568961068,5,3,15.1917523083203,1,0.9568735788620755,0,0.0,0
22482,40.787012365466104,4,6,23.59798041646198,7,0.9999654925496937,0,0.0,0
22483,26.761447837377954,3,1,14.163515899791214,3,0.9500650829313002,0,0.0,0
22484,52.213144961253555,3,7,17.804534710669017,2,1.0002090515228192,0,0.0,0
22485,24.464399919554257,2,6,2.7252351035839766,4,0.10767703654914829,0,0.0,0
22486,52.58176345794697,4,3,0.0,5,0.5601817196923906,0,0.0,0
22487,53.67078752968368,3,5,7.942734657395759,1,0.48420049743879146,0,0.0,0
22488,17.293395574694266,4,4,6.943881875992014,1,1.0384244607762598,1,10056.489736989957,1
22489,44.797868086402595,1,3,12.261945567653738,5,0.13547129854403794,0,0.0,0
22490,47.20713196390012,5,1,18.10316438066472,7,0.8204578088473179,0,0.0,0
22491,27.15774571975446,4,4,19.999428140586254,3,0.33578410008417114,0,0.0,0
22492,57.36317371554311,3,6,15.34979697583486,5,0.9844389715849141,0,0.0,0
22493,46.178714290033184,1,3,13.770942558548558,1,0.16798955195958243,0,0.0,0
22494,51.31102906335748,2,4,7.732588184010185,3,0.7630787386226596,0,0.0,0
22495,56.396277292745964,1,3,10.24883184779931,4,0.30229837008256627,0,0.0,0
22496,16.683349261183043,3,3,11.79848815187897,3,0.3750525909762054,0,0.0,0
22497,42.08228763984191,2,4,20.01371311114621,7,0.8879434741571031,0,0.0,0
22498,39.69030804739026,3,2,9.012053222425953,6,0.33526270405208597,0,0.0,0
22499,23.22497275318644,3,4,20.001612009331822,1,0.9994329614436184,0,0.0,0
22500,60.456065703198675,1,3,6.143528020889987,4,1.000114784744194,0,0.0,0
22501,57.5338343713959,3,1,3.731334449422646,3,1.0001802209404684,0,0.0,0
22502,48.237359562297,4,3,13.252878088305655,7,0.9998639257867621,0,0.0,0
22503,17.730817139557583,3,5,11.067328365953585,1,0.6554178792592423,0,0.0,0
22504,42.18136417195061,3,6,16.28659179544898,1,0.38098864802905125,0,0.0,0
22505,40.016565767429476,6,1,11.786839936070535,2,0.999494426799518,0,0.0,0
22506,44.54771348888702,2,4,19.99580549853451,7,1.0094064075388114,0,0.0,0
22507,16.875126149127862,4,5,4.206937956425815,2,0.5585177087427731,0,0.0,0
22508,24.626472385513917,1,3,13.721677726476948,2,0.9342119241981349,0,0.0,0
22509,54.22401756744583,2,2,7.017892342979706,7,0.7027571444895173,0,0.0,0
22510,35.73009247262775,3,5,17.07346621281043,5,0.498485847331147,0,0.0,0
22511,26.22338553725655,4,2,15.260205902618964,6,0.7494904053578174,0,0.0,0
22512,43.36356523475309,2,1,10.62262672196914,7,0.9995648728075801,0,0.0,0
22513,58.09411191385968,1,4,23.470165374934574,4,0.09541020855100679,0,0.0,0
22514,49.55438101656558,3,6,12.875471588567013,3,0.32414851878243384,0,0.0,0
22515,42.19343360662056,2,2,9.074045283854042,2,0.0908555375291189,0,0.0,0
22516,45.45928492553322,3,1,8.362397866922262,2,0.5030976142734551,0,0.0,0
22517,52.43610640501639,3,1,4.121093182999984,3,0.9997820407655731,0,0.0,0
22518,33.558854496783574,5,6,13.289762936294736,3,0.578077296508646,0,0.0,0
22519,66.94430633631293,4,3,0.0,3,1.0004259835917146,0,0.0,0
22520,36.44418113012923,3,1,18.60266395087746,1,0.9289106573957334,0,0.0,0
22521,44.906347600731934,0,3,7.412887502058095,7,0.7623312381548839,0,0.0,0
22522,40.43331456802993,1,3,9.020786441909978,7,1.0003423393036843,0,0.0,0
22523,40.03377373771794,2,6,8.858871775909176,7,0.3627515490101321,0,0.0,0
22524,25.332263650789987,5,2,1.3730453160688825,5,0.23006607362318277,0,0.0,0
22525,48.3893125717419,4,2,14.586862100788288,7,0.49025303806088294,0,0.0,0
22526,45.7680171674275,2,5,15.983263698954445,6,0.5894884006242738,0,0.0,0
22527,52.21484555902752,2,6,19.99860713860083,1,0.28531142059354386,0,0.0,0
22528,35.30754154525241,5,2,13.023483272628814,6,0.7745636881133795,0,0.0,0
22529,63.71019527250674,0,3,11.669485176225365,7,1.0004771783638573,0,0.0,0
22530,44.30675140704189,2,2,9.324239989814023,7,1.0002474490525113,0,0.0,0
22531,53.008908230334214,4,6,4.9490434160055745,7,1.000202074752548,0,0.0,0
22532,48.340763062762704,0,3,23.82844473832992,4,0.5004050429322544,0,0.0,0
22533,28.916938709676067,4,1,6.043880391904351,2,0.9997523352354643,0,0.0,0
22534,61.6168412258335,2,3,10.166736221595677,3,0.9569106662164547,0,0.0,0
22535,26.05830737354869,2,4,8.7716043527815,2,0.09164205775436607,0,0.0,0
22536,33.021566531218575,1,2,13.891763880509645,6,0.7051227940287026,0,0.0,0
22537,31.256998790193578,1,3,0.0,4,0.49741291718755837,0,0.0,0
22538,45.692017010817665,3,4,14.622745429873444,2,0.999598764570168,0,0.0,0
22539,63.00423151757204,2,1,5.930748728561431,4,0.9331558289978932,0,0.0,0
22540,38.72226602319925,3,3,12.761937695376647,4,0.999764076313211,0,0.0,0
22541,26.781858924172877,7,2,7.565071766865257,4,0.20792828964925492,0,0.0,0
22542,49.98724686781877,2,2,12.706736696682578,5,0.4589160087440439,0,0.0,0
22543,41.936584818680075,2,3,8.528048309382985,3,0.24658914931155068,0,0.0,0
22544,18.77605777860247,0,3,2.397899845584332,3,0.23460662341296334,0,0.0,0
22545,54.02272976855021,2,3,22.558196111212528,7,0.9993463361123627,0,0.0,0
22546,49.204264445327695,2,3,6.851417493933355,7,0.9957047822347926,0,0.0,0
22547,44.87528547040864,3,5,9.485423252143411,1,0.8567464625218711,0,0.0,0
22548,67.30715734441938,2,1,2.04262330469237,2,0.5028306692054347,0,0.0,0
22549,47.45660104523162,3,1,15.594775863639029,7,0.9998550501239414,0,0.0,0
22550,42.87959083854567,3,1,12.022016843506535,4,0.526989008649429,0,0.0,0
22551,41.39324411768595,4,2,8.39788203615182,7,0.891089369983043,0,0.0,0
22552,4.655282621437571,1,2,7.317806934257282,1,0.6703015400230251,0,0.0,0
22553,30.62583866039246,2,2,14.609381980484724,7,0.9997151175725658,0,0.0,0
22554,30.16598380571559,1,2,11.123353131513571,3,0.3310435127536457,1,4394.414165165323,1
22555,51.638720687753946,3,2,12.32992271867995,1,0.12028053549259687,0,0.0,0
22556,51.762140348643044,3,3,9.69773622981466,2,0.999959804359932,0,0.0,0
22557,29.557434336785825,3,2,3.2450237979953283,4,0.9280000998232252,0,0.0,0
22558,24.904311042353903,2,2,5.181712843585312,3,0.44086730053947876,0,0.0,0
22559,27.759669007216402,3,1,2.8369919848296625,0,1.0098121645183826,0,0.0,0
22560,61.05720069265416,4,3,10.319490783091384,7,0.9997716679819451,0,0.0,0
22561,34.34423807606437,3,5,19.451060978667655,6,0.9981770458147624,0,0.0,0
22562,44.79214494457257,4,2,15.253114321020135,6,0.7450619637204373,0,0.0,0
22563,29.088219708664333,1,7,2.3761017029286613,6,0.00028528095123014907,0,0.0,0
22564,47.317849474054285,3,6,16.69625020791096,4,0.9998470414734668,0,0.0,0
22565,68.40354461845754,3,4,19.999749957737155,1,0.9728800112784051,0,0.0,0
22566,30.52979354321861,3,5,6.73986129077045,1,0.62255765330493,0,0.0,0
22567,46.93027633533944,4,4,14.932684351340875,7,0.33342889818327937,0,0.0,0
22568,34.401896936197346,3,3,15.283299106833097,3,0.3927999634472172,0,0.0,0
22569,37.495366027776655,4,1,16.26430400318044,0,0.6166203245906096,0,0.0,0
22570,31.066326097799397,4,2,15.786191741425643,6,0.521284336369451,0,0.0,0
22571,34.83196133056548,2,5,7.102693763169907,1,1.0159301442128987,0,0.0,0
22572,66.7850228066534,4,1,7.1020902833290425,7,0.9995247983921951,0,0.0,0
22573,33.96530859506601,3,2,8.33244597170459,7,1.0002527550199984,0,0.0,0
22574,49.57913994463621,4,1,10.295230458025685,1,0.5000268643874398,0,0.0,0
22575,34.94671188346526,3,1,20.006785920119498,0,0.37499936207105544,0,0.0,0
22576,32.43795778265422,2,3,12.21705319761313,2,0.9995138186453574,0,0.0,0
22577,38.144994623229,3,6,17.47974588388786,1,0.740091755876913,0,0.0,0
22578,59.746198301059486,5,6,19.3789609749669,7,0.9997035898643196,0,0.0,0
22579,44.07803149877163,4,6,15.257425600617854,7,0.501491725927811,0,0.0,0
22580,45.92062131882058,2,1,4.5452493855625535,7,1.0006352534772311,0,0.0,0
22581,47.33860352539304,2,1,3.2846632297929954,3,0.582516202327596,0,0.0,0
22582,47.48806870407389,2,1,9.360259100380784,5,0.9998606377236494,0,0.0,0
22583,34.64043903669737,2,3,8.40052964376112,4,0.4951963766245893,0,0.0,0
22584,50.26423829121111,5,5,11.378231968461096,7,1.0000223055498827,0,0.0,0
22585,52.263539674529355,3,6,9.576314340576518,6,0.6123672150234623,0,0.0,0
22586,46.93806216303538,3,3,0.0,7,0.43033904868742634,0,0.0,0
22587,36.86356084756564,3,3,11.087381498496997,2,0.9997938722620145,0,0.0,0
22588,42.5457570611473,1,2,7.500368798111662,6,0.9999932693933355,0,0.0,0
22589,18.134982343981996,2,1,9.821393111700818,2,1.0000098923517546,0,0.0,0
22590,32.70273227685274,3,3,0.738236348178555,7,1.0001132131736896,0,0.0,0
22591,33.580506695128406,3,5,1.527416491888781,4,0.8817897785617025,0,0.0,0
22592,29.571227166867885,3,1,3.413084296820511,6,0.316220454835742,0,0.0,0
22593,33.68804974305629,2,7,9.610602704132084,7,0.27620935710078254,0,0.0,0
22594,44.41993598746351,5,2,12.320312890250815,4,0.9768880139868212,0,0.0,0
22595,52.815230159982335,1,6,6.359112989406225,4,0.5112640699564301,0,0.0,0
22596,38.93554151083053,3,2,10.036035398636535,2,1.000113434036706,0,0.0,0
22597,27.230839455531672,2,6,0.0,3,0.0,0,0.0,0
22598,69.23990759008689,2,4,16.904817095924606,5,0.9535942692984669,0,0.0,0
22599,40.958067262488406,4,6,21.35754790053491,1,0.9749399720927898,0,0.0,0
22600,53.51146714631424,2,3,12.476016723803767,4,0.4882956144388847,0,0.0,0
22601,50.64212436381408,5,4,14.052182597178676,4,0.9994175469189276,0,0.0,0
22602,29.393846436471758,4,1,4.274061537188217,1,0.9196871536398671,0,0.0,0
22603,36.37782502141242,3,5,10.595478345819528,7,0.4795585695444003,0,0.0,0
22604,45.58054099680268,3,1,7.596614990136638,7,1.0000434633027164,0,0.0,0
22605,55.80845863748739,2,2,23.124147156123072,7,0.9186934546796618,0,0.0,0
22606,36.78078941815313,5,2,8.830492426976582,2,0.9271355998191525,0,0.0,0
22607,22.94200959344356,3,5,4.361307118922896,7,0.9998332229675719,0,0.0,0
22608,47.99924553654281,1,2,8.726102664751604,7,1.0002297784521752,0,0.0,0
22609,50.12520302883694,3,2,14.327229409680823,7,0.9998965419098447,1,6012.947336663576,1
22610,26.742607494994914,4,1,8.525636204737854,2,0.4991208891286966,0,0.0,0
22611,14.162344156550791,1,5,11.102433910148342,5,0.2723490631991923,0,0.0,0
22612,40.00685789684491,4,6,21.518793607123,5,0.9999064643385468,0,0.0,0
22613,29.0887119494435,4,1,8.354951347521656,2,0.9410757310674194,0,0.0,0
22614,47.47131376362704,3,6,12.048949961362595,7,0.4677009009898212,0,0.0,0
22615,40.82701054686235,2,4,20.004300406395412,1,0.9993557353350644,0,0.0,0
22616,49.650711316881974,3,2,14.117535766810896,2,0.9999147586702755,0,0.0,0
22617,50.224765751486466,4,4,19.984875343613545,1,0.999778441806763,0,0.0,0
22618,56.29132408789193,3,6,19.338677202222897,6,0.6779387621328901,0,0.0,0
22619,27.901770616265843,2,4,19.99944081542026,1,0.0,0,0.0,0
22620,44.19314988690772,3,3,2.63343415530567,0,0.7520190212084545,0,0.0,0
22621,30.131547052405683,3,3,0.12438977047055566,2,0.5249277770738168,0,0.0,0
22622,71.92961038806334,3,1,8.822676885079936,7,0.9994918630304348,0,0.0,0
22623,46.157315275002695,3,5,0.0,1,0.6589713279169557,0,0.0,0
22624,40.138926312444326,3,3,16.304559643669922,1,0.9753217437614643,0,0.0,0
22625,18.14981095719356,1,5,16.170787048854073,1,0.13052429636534546,0,0.0,0
22626,35.01772892480225,4,5,6.256886044945003,5,0.5261904977764127,0,0.0,0
22627,33.45447596720945,5,1,6.0227751254289155,2,0.38032984632729727,0,0.0,0
22628,28.836655540843545,2,1,6.6767277433667305,7,0.09734197640265274,0,0.0,0
22629,23.472047588444212,2,7,14.951903771848759,1,0.4367234340490735,0,0.0,0
22630,0.0,1,3,13.723394089880125,0,0.7736629154824767,0,0.0,0
22631,52.37439311211071,4,5,11.285433353097618,3,0.37018596371393114,0,0.0,0
22632,24.57047386234127,4,3,9.085245023701981,3,0.5011059080141331,0,0.0,0
22633,22.397970596957716,0,5,8.118817903268157,3,0.2541289924014298,0,0.0,0
22634,38.1432815398717,1,5,1.987828605055423,6,0.5021955289044934,0,0.0,0
22635,31.55123788671869,5,2,6.588557565090607,1,0.24098857600221224,0,0.0,0
22636,58.80795610001401,3,1,20.00125931632676,2,0.8993717995031352,0,0.0,0
22637,47.45305229130972,7,4,20.004982902725125,7,0.9758380914062723,0,0.0,0
22638,25.89082998459475,3,1,8.67046974261663,3,0.9999505460721201,0,0.0,0
22639,42.101461712471206,3,6,14.708542584190413,5,0.999891161498988,0,0.0,0
22640,45.78025924049635,3,3,11.8486002516084,2,0.9995007399239273,0,0.0,0
22641,40.8113000554198,3,1,10.38986778488264,1,1.000129279081108,0,0.0,0
22642,26.576569429936942,2,5,6.999171765998022,6,0.03384286109153922,0,0.0,0
22643,26.555138177510315,3,5,16.22914525950174,3,0.02898087135998484,0,0.0,0
22644,45.563102005551414,4,3,6.401066180785445,6,0.9996807933606243,0,0.0,0
22645,28.419456851216104,5,3,0.044051056691658985,3,0.9999703197497525,0,0.0,0
22646,54.54741105611722,3,3,26.865913989536615,3,0.817435123042098,0,0.0,0
22647,24.777811315961582,3,6,14.524712425302285,6,0.783383846577475,0,0.0,0
22648,51.070843752783034,2,1,13.594962559171123,4,0.49538899199037434,0,0.0,0
22649,23.39690557864071,3,6,23.152120880522503,2,0.4435003271399673,0,0.0,0
22650,51.315906741912514,3,5,18.617006758178864,5,0.46682624198011413,0,0.0,0
22651,49.479408133535806,3,6,22.49471570634255,3,0.9998869311290197,0,0.0,0
22652,46.49763212316816,3,5,0.33207839155939745,7,1.000571471224179,0,0.0,0
22653,29.002235619202196,5,6,7.061474506697811,7,1.0000486373641047,0,0.0,0
22654,43.15183400830209,2,2,1.2213340916930164,1,0.6875658652641503,0,0.0,0
22655,45.568159200979885,4,6,15.630676365287059,3,0.9999518197855264,0,0.0,0
22656,46.94673911655932,2,1,14.541246613361784,7,0.5039600543785947,0,0.0,0
22657,58.479915224640344,1,1,13.760185977506344,6,0.0,0,0.0,0
22658,56.33201599795435,3,6,16.055266125549895,6,1.0703188549772116,0,0.0,0
22659,44.23580527839695,2,6,0.6807700692186138,7,0.9999850112770603,0,0.0,0
22660,58.851929767926535,6,1,20.003490034576814,1,0.30110645304174616,0,0.0,0
22661,48.824184503950626,4,1,4.209102203826227,7,1.0007811000738729,0,0.0,0
22662,33.90741741960103,3,6,7.712569344909813,3,1.0005425331462208,0,0.0,0
22663,52.84165691433265,1,3,0.0,7,1.0002076121016616,0,0.0,0
22664,25.66291536748033,4,3,8.039791767407367,7,0.06698365271449003,0,0.0,0
22665,40.90864978241557,4,4,20.00559748809159,1,1.0001051122468283,0,0.0,0
22666,42.04076914581759,2,3,8.79835846402657,7,0.9374131718359067,0,0.0,0
22667,36.55622405686789,3,1,17.67859623928853,1,1.000129197691333,0,0.0,0
22668,57.25589611609016,4,7,11.564544914416468,7,0.7088601889587075,0,0.0,0
22669,35.262161550591685,2,2,10.859227056488207,7,0.9997119637812408,0,0.0,0
22670,68.30935701866096,2,4,20.00994999991529,3,0.9995845082719129,0,0.0,0
22671,44.492770406477696,2,2,8.77655204194688,1,0.30785545500495504,0,0.0,0
22672,47.66976186632685,5,3,11.169610277314876,1,1.0000548639098639,0,0.0,0
22673,32.99083107983993,4,2,5.79468693989553,7,0.9996593607671918,0,0.0,0
22674,76.8279424828064,3,5,8.745899054352208,5,0.5010379303508251,0,0.0,0
22675,41.78767832470313,5,3,1.2358210593089005,3,0.44016475634791313,0,0.0,0
22676,43.2078056916726,3,4,7.964829140950005,4,1.0004720898229467,0,0.0,0
22677,29.370865117204637,2,5,8.511433164493138,3,1.001613301038131,0,0.0,0
22678,50.677016143524746,3,1,16.235171787063848,5,1.0002599730348358,0,0.0,0
22679,54.41934137172029,3,2,19.79758782546834,7,1.0001073165818477,0,0.0,0
22680,26.58158187372187,1,7,2.984450651599847,6,0.0,0,0.0,0
22681,20.844182028920553,5,6,8.270747518808891,2,0.5957061190418791,0,0.0,0
22682,28.63746171628906,4,4,7.431194552666581,7,0.6418767524890749,0,0.0,0
22683,25.95006234123314,3,6,0.0,7,0.0,0,0.0,0
22684,43.02561770674834,2,3,14.013951017410964,7,0.7945476389279857,0,0.0,0
22685,54.858723130677845,5,4,2.3072373970261975,4,0.5062178877617048,0,0.0,0
22686,29.444117545422817,5,1,1.6599935168520208,7,0.38400503926910384,0,0.0,0
22687,51.724485039409885,5,6,3.9507397809740006,7,0.7632453697181731,0,0.0,0
22688,36.46329431570127,4,6,9.621376263851474,3,0.9996027463356357,0,0.0,0
22689,40.54369750339003,3,4,11.73520726709639,2,0.7071141616084742,0,0.0,0
22690,33.997486478680585,2,6,9.285255084986234,1,0.9941321651196542,0,0.0,0
22691,58.00252462948627,2,6,15.925561522889096,7,0.6891232862440152,0,0.0,0
22692,52.27326933935946,3,3,8.517086931428313,7,0.9996304096086108,0,0.0,0
22693,37.515627759101406,3,1,16.5364710723622,1,0.9998276285000989,0,0.0,0
22694,22.279663175230525,7,6,11.495229266842143,7,0.5032405454388267,0,0.0,0
22695,40.8574529129192,2,1,12.774065833265166,6,0.999591427036228,0,0.0,0
22696,41.44360731425687,3,6,10.480025642716253,7,0.9996371876551493,0,0.0,0
22697,47.427497798597344,3,2,11.72922350500092,7,0.6395434538295577,0,0.0,0
22698,35.15931620139809,3,1,4.9975967191715345,3,0.978966642764163,0,0.0,0
22699,27.298733051266133,2,3,16.691960422455697,1,1.0044861342971227,0,0.0,0
22700,43.803492730429376,3,2,13.901168967529077,7,1.000531913697022,0,0.0,0
22701,42.92630278209953,1,3,9.579389993690773,2,1.0008939903782392,0,0.0,0
22702,15.740026891087435,4,3,17.682639659028972,1,0.9933770748819968,0,0.0,0
22703,43.27717329651084,2,3,8.862286039841695,3,0.9998227750291304,0,0.0,0
22704,35.541250335631354,3,5,22.759456012081422,1,0.13645203440389464,0,0.0,0
22705,54.429338359784474,4,4,2.6468087255021366,4,0.6861823281901461,0,0.0,0
22706,30.255172430459513,4,4,5.315911962686729,3,0.12781930366613714,0,0.0,0
22707,44.50880314073405,3,6,15.555476813873945,7,1.0004320687436317,0,0.0,0
22708,25.061030737822012,4,4,19.99470795909577,2,0.2504140074785602,0,0.0,0
22709,53.298191858546986,2,2,8.723270901200278,1,0.9995733306134874,0,0.0,0
22710,45.86114891898137,4,3,5.30554840864377,3,0.5006463942207492,0,0.0,0
22711,44.63997438969826,1,6,5.349854308391994,7,0.060998050404660664,0,0.0,0
22712,28.465136736428697,5,4,17.635794381531746,1,0.6721019696450824,0,0.0,0
22713,51.53546863139617,1,6,19.46296868409319,7,1.3547808172014943,0,0.0,0
22714,50.183917548047035,6,3,2.096395603752212,7,1.000279537187371,0,0.0,0
22715,59.34046045939962,4,3,13.861056878667597,4,1.000131509779748,0,0.0,0
22716,45.5898570306206,5,3,14.68400069448111,4,0.5003849169972558,0,0.0,0
22717,66.44891684579568,4,5,0.16198155977450845,7,1.3428752330900648,0,0.0,0
22718,39.692543519244566,5,4,20.008454240888454,1,0.9993162312155984,0,0.0,0
22719,49.1757817874804,3,3,12.590957048245475,7,1.0006247318084636,0,0.0,0
22720,21.91589396936,2,6,5.995325008456195,3,0.690296775518946,0,0.0,0
22721,52.30194262889701,1,6,8.835785139472295,4,0.299323967059108,0,0.0,0
22722,37.65809928338766,4,1,12.379653643799058,0,0.9998423243773256,0,0.0,0
22723,66.9805952229988,2,6,20.194589751485065,7,0.6807286119442526,0,0.0,0
22724,45.80415306454809,1,1,0.765635184890666,7,0.9441842920458783,0,0.0,0
22725,58.563807439409196,3,2,17.164066954995185,4,1.0001940682862709,0,0.0,0
22726,44.41095496757682,2,3,8.07703958942989,7,1.000136761574141,0,0.0,0
22727,29.072385045005372,3,3,5.5602333647746764,3,1.000230773365512,0,0.0,0
22728,23.031088264281795,4,2,19.99766542487624,1,0.3040255232584856,0,0.0,0
22729,41.22602449456726,2,3,12.23649213481506,4,0.942264062267952,0,0.0,0
22730,51.348891796147015,3,6,5.325575726834949,6,0.6378288984159911,0,0.0,0
22731,45.75190063349241,3,1,5.22158250113815,0,0.4972539087539618,0,0.0,0
22732,48.72831002849301,2,2,9.307110796694891,1,0.36099767334285504,0,0.0,0
22733,52.42091887885141,4,2,5.956007124368391,7,1.0002252174306328,0,0.0,0
22734,49.153490928974904,3,3,12.102178050276349,2,1.0005079045598984,0,0.0,0
22735,61.199296589931954,2,1,3.7166752648948096,2,0.06131488695037879,0,0.0,0
22736,50.74528741853844,3,6,14.626015046803241,1,0.6407721115862994,0,0.0,0
22737,40.92468202881629,3,5,16.753092781231356,2,1.000047167849732,0,0.0,0
22738,31.1336054556025,3,2,13.64672706419471,3,0.5307578635595279,0,0.0,0
22739,34.95146433908652,3,1,9.662324887521956,7,1.000168504884965,0,0.0,0
22740,55.2398345189402,4,5,3.8084145014831803,1,0.9994722910814628,0,0.0,0
22741,54.27334489031979,3,4,0.7579870170374114,3,0.19392032740407827,0,0.0,0
22742,52.02287445332613,2,6,15.119943167960079,7,0.5267693077010973,0,0.0,0
22743,60.2865095518268,0,1,1.7151898085794084,7,1.0000385841194226,0,0.0,0
22744,44.35164558496704,3,2,14.39964109116206,7,0.9997015660335569,0,0.0,0
22745,44.074256290947424,2,6,23.53116342480923,7,0.9998384934797886,0,0.0,0
22746,41.030755480889596,5,4,3.282577861561692,1,0.9703301781578544,0,0.0,0
22747,36.21080101968463,3,6,7.32874166123846,1,0.47033175714445696,0,0.0,0
22748,67.68811408013221,3,4,12.610868477487154,4,1.0004474156123995,0,0.0,0
22749,60.10042549704605,1,3,0.0,7,1.0000856778786351,0,0.0,0
22750,41.66141092009735,3,2,11.177000714729118,4,0.47585453369296504,0,0.0,0
22751,35.60934185595,2,4,10.144160445689593,3,0.47954311635771585,0,0.0,0
22752,46.95243200938876,3,6,10.78486532928549,5,0.9999752297844768,0,0.0,0
22753,53.222494201290715,1,3,11.387363891460422,5,1.000418033423872,0,0.0,0
22754,46.853881892762466,2,3,10.044622012891745,7,1.0000408846600601,0,0.0,0
22755,66.09266933586193,2,3,9.68009365492231,7,1.0005045563463923,0,0.0,0
22756,65.32463857150844,1,4,20.002687520939382,7,1.00012485759698,0,0.0,0
22757,44.058804816941205,1,1,11.557051353401643,1,0.9997708815387136,0,0.0,0
22758,34.86192410106031,6,4,19.997072799154996,7,0.956208147616504,0,0.0,0
22759,29.018459292186208,3,2,4.70946646737336,5,0.3889463857417385,0,0.0,0
22760,45.55624641245503,3,2,5.6085163459419585,5,0.9396673655610848,0,0.0,0
22761,44.3426114536953,4,6,9.987049498990594,7,0.9996118691344293,0,0.0,0
22762,29.208740913367464,3,5,16.72292762727249,3,0.5025045453513515,0,0.0,0
22763,56.06200034033455,4,6,5.226930517751434,7,0.09539615335602358,0,0.0,0
22764,47.198084006287885,1,6,10.757191922167975,4,1.0003737931618626,0,0.0,0
22765,34.08762139207532,3,3,15.453581796874413,2,1.0001083438565512,0,0.0,0
22766,62.2090146962428,4,5,10.543866005222725,7,1.0004244370423963,0,0.0,0
22767,19.019428336980337,4,3,4.288592883741614,5,0.9362354024093968,0,0.0,0
22768,44.88948493091473,1,1,17.304386781421254,2,0.5025148466209522,0,0.0,0
22769,31.483416027193854,5,1,17.089562016709806,1,0.8002521896170055,0,0.0,0
22770,25.747378437093147,4,4,15.281323232492658,1,0.6520725128972742,0,0.0,0
22771,45.49161210538236,3,6,19.536291000995536,5,0.6956775410421052,0,0.0,0
22772,64.27384745732316,3,7,19.340886687132127,3,0.9994563648171462,0,0.0,0
22773,56.717778190051256,2,1,5.442179808149237,3,0.9999512800911889,0,0.0,0
22774,61.37778351859285,3,2,1.9970860537372506,7,0.9248320026146136,0,0.0,0
22775,21.67914844183119,2,2,13.511961169677486,5,0.4572625508276143,0,0.0,0
22776,43.09085380698763,5,4,11.164338044300612,5,1.0000287701601676,0,0.0,0
22777,55.63655133181917,2,4,0.0,7,0.7386098965394997,0,0.0,0
22778,30.096332470001105,2,2,3.410874132514813,1,0.0,0,0.0,0
22779,51.517377756159576,4,3,15.448392491164292,4,0.5182438342048343,0,0.0,0
22780,37.43882496161326,5,3,0.0,4,0.3675840416643286,0,0.0,0
22781,36.35737409293981,5,6,11.983800977157456,1,0.9886303311373578,0,0.0,0
22782,40.97944303349786,2,6,19.12553623379654,1,0.9701861840475249,0,0.0,0
22783,43.741618428551824,3,1,7.812810309540467,5,0.49907271007322485,0,0.0,0
22784,37.392315939838774,4,2,6.437271700334612,7,0.9999703595310802,0,0.0,0
22785,17.203236999002424,3,6,15.472899509417887,0,0.38729983997976414,0,0.0,0
22786,27.957994977942796,3,3,19.99773756890967,3,0.6626940146070683,0,0.0,0
22787,59.62206876598483,4,3,1.9977003015471748,1,0.0,0,0.0,0
22788,24.65546465205127,1,6,8.4549801218021,4,0.7449473079506735,0,0.0,0
22789,55.52999081332362,2,5,15.37163611930243,4,0.495696225759951,0,0.0,0
22790,47.10911278428277,3,4,10.763429586393286,7,0.9712254072200532,0,0.0,0
22791,47.17337218591538,3,2,16.466045989520225,1,0.856738407508908,0,0.0,0
22792,53.79750022558728,4,1,7.791486167184095,4,0.9659786827472456,0,0.0,0
22793,29.03587884334724,4,3,20.327115250248916,7,0.9996882811338184,0,0.0,0
22794,59.76810834342847,2,3,4.687638932290995,7,0.9419667641315801,0,0.0,0
22795,38.249974744075786,4,3,20.0076264671032,1,0.2202207733664327,0,0.0,0
22796,65.91838188061651,4,2,12.27469798652066,7,0.9998552713817487,0,0.0,0
22797,41.6214802722901,4,2,4.867719101668748,3,0.36396834874319123,0,0.0,0
22798,42.71713358837679,5,7,9.548651538543059,6,0.1289853781602751,0,0.0,0
22799,44.239418940497764,4,6,16.288818441739686,2,0.9102946326630049,0,0.0,0
22800,33.58330769847119,3,3,19.994217915938044,6,0.6781984185778847,0,0.0,0
22801,34.46422338218333,3,3,14.06671437004228,0,0.3865294915804864,0,0.0,0
22802,59.12714143660528,3,3,21.409184732538648,3,0.49915020173971714,0,0.0,0
22803,68.33909891777581,4,6,19.90817213128227,3,0.3444464754659789,0,0.0,0
22804,33.945007844372356,1,3,9.103255028890317,4,0.4968901091986583,0,0.0,0
22805,27.371705668604278,1,1,10.623474267357658,7,0.40947695339916035,0,0.0,0
22806,12.146736090008414,2,6,8.464712859503575,1,0.9789530879281081,0,0.0,0
22807,46.5266768424211,5,3,11.739755952216209,1,0.49642898267403196,0,0.0,0
22808,41.83147787647455,1,3,3.828180548812141,6,0.0,0,0.0,0
22809,46.56385902494998,3,3,23.477190132060695,4,0.0,0,0.0,0
22810,28.497208721744634,2,2,13.806689629036386,2,0.06309887768147582,0,0.0,0
22811,30.747469914226215,4,1,13.374244004836639,1,0.3205146653265255,0,0.0,0
22812,40.43641330496012,3,2,10.711020383452322,4,0.7888451209716643,0,0.0,0
22813,33.89602115497744,4,3,0.0,2,1.0000115683698128,0,0.0,0
22814,44.437940752391256,2,1,6.819558943861619,7,1.0003984265812336,0,0.0,0
22815,52.482245810380306,2,1,16.818438418348293,7,0.47763413946878974,0,0.0,0
22816,38.00698135767462,4,5,18.652011641657534,4,0.5874309770255457,0,0.0,0
22817,37.89397139258461,3,1,3.1037015133775867,4,0.8074665013088647,0,0.0,0
22818,48.624600933688995,3,3,13.282795839035723,0,0.9529339525982841,0,0.0,0
22819,35.258469161935714,3,1,15.97471301903493,0,0.9998531604369647,0,0.0,0
22820,42.456003573672724,4,2,16.80597263506681,6,0.7144956415053177,0,0.0,0
22821,11.847088971898927,1,5,8.203278641452624,1,0.9679091218860439,0,0.0,0
22822,45.10604561114515,3,5,11.10209848244499,4,0.29771264026080924,0,0.0,0
22823,42.154522271957504,2,3,5.41185156671826,7,1.0003698357948574,0,0.0,0
22824,36.504122240559795,2,3,13.083889863035642,7,0.961429487318473,0,0.0,0
22825,54.61723421996519,3,5,4.844912248628667,3,0.5037223241238672,0,0.0,0
22826,50.083550209064626,2,1,15.237694472912608,3,0.07689406443645053,0,0.0,0
22827,46.674128053134574,2,5,10.725558512978925,7,0.9997254362816244,0,0.0,0
22828,29.023522168479317,2,1,8.581154075987337,4,0.3892799370591044,0,0.0,0
22829,39.85495663471176,4,1,11.432033132514615,5,0.3229674784340097,0,0.0,0
22830,35.14926427467739,3,6,17.860285297273922,3,0.9868592389120905,0,0.0,0
22831,47.73387413361209,4,3,12.159526698753304,3,0.9997646266249209,0,0.0,0
22832,52.34018143377226,2,5,14.448308539565506,7,1.0000258746380903,0,0.0,0
22833,54.38505370476474,3,6,2.3364808560771664,7,0.9999979604582392,0,0.0,0
22834,20.010796907727176,3,2,5.440000541748071,4,0.1894798519317003,0,0.0,0
22835,40.36535532803766,1,1,5.575422176395651,3,0.5631361895693895,0,0.0,0
22836,58.8436670878731,2,1,5.141814566503993,4,0.9993911897610666,0,0.0,0
22837,45.434094418697256,4,1,14.726176687281757,0,0.0,0,0.0,0
22838,42.512642894789636,2,5,20.607283593906082,7,0.999563183687812,1,260.4345830589876,1
22839,60.458420637332885,2,5,7.189936909540796,2,0.23574934910868078,0,0.0,0
22840,23.511723520823317,3,6,16.68237172448999,1,0.4507553148852089,0,0.0,0
22841,42.08746033264867,2,5,19.140911834637166,7,1.00047275390764,0,0.0,0
22842,61.3487397558022,4,2,16.717711441774515,1,0.46509764844544976,0,0.0,0
22843,33.179767388589156,2,6,19.999592225363827,1,1.000448862562791,0,0.0,0
22844,70.52011766195082,2,1,1.1274895387804023,4,0.943096113388117,0,0.0,0
22845,18.007272690416592,4,6,9.34583088569918,3,0.18078978057387107,0,0.0,0
22846,15.077202932513568,3,3,16.13729907905349,3,0.9998773130135793,0,0.0,0
22847,18.80772609195162,3,3,11.038787201858186,2,0.12313712919072639,0,0.0,0
22848,59.231566481548725,3,3,17.576967420514137,3,0.5014364231660693,0,0.0,0
22849,46.54466049041062,4,6,8.82470186775272,4,1.0003598596907064,0,0.0,0
22850,25.7242401130528,1,6,16.38428997377859,4,0.6928769725560511,0,0.0,0
22851,44.78202295527374,1,2,18.53884630436516,6,0.71579895450378,0,0.0,0
22852,38.83273268672646,3,1,19.98750397180678,5,0.5435373894110092,0,0.0,0
22853,52.170698247406676,4,3,5.854359929105075,5,0.6376792070025078,0,0.0,0
22854,39.33503440518605,1,3,15.439259043433239,4,1.0001406870262852,0,0.0,0
22855,38.474494890486156,3,5,15.706193109179782,4,0.2785703775283374,0,0.0,0
22856,44.80210914558075,3,3,13.84087511688917,2,1.0002607953004354,0,0.0,0
22857,49.1855350431261,3,5,13.19868538025057,2,0.9998981807059611,0,0.0,0
22858,35.3537895333446,2,1,5.002082756314792,8,0.5013386403302218,0,0.0,0
22859,34.06649678869843,5,5,8.622871810490032,2,0.5053246237284791,0,0.0,0
22860,53.704642271504106,3,4,14.767145830428532,7,0.3183511633981977,0,0.0,0
22861,47.674362811455715,3,5,11.726257471063828,7,0.9993916214227592,0,0.0,0
22862,51.562941456837905,2,1,19.999597593247735,7,0.9927603485549312,0,0.0,0
22863,20.34651796287057,4,4,13.756847257041814,2,0.9996360926034179,0,0.0,0
22864,51.775223430406115,4,7,11.003296793017949,3,0.5472191603753064,0,0.0,0
22865,28.0595772786794,2,3,11.87903664933705,4,0.9995669023127064,0,0.0,0
22866,51.5137960100046,1,3,5.059266804456852,1,0.9269627941050081,0,0.0,0
22867,36.55569192177836,3,3,2.404260107457368,1,1.000016980189603,0,0.0,0
22868,27.685039266500915,5,5,8.35153031928542,1,0.3624193914518435,0,0.0,0
22869,45.34265747334502,2,3,1.6974703507855562,2,0.9998404842942301,0,0.0,0
22870,43.09391440596574,1,3,4.872685379237264,5,0.44697724148766466,0,0.0,0
22871,48.13612604087673,3,3,19.994209095874915,3,1.0064482803591022,0,0.0,0
22872,35.89597287170553,2,4,11.949818819976704,4,0.0,0,0.0,0
22873,42.84579942124128,2,6,6.118124392254435,7,0.7927497750822959,0,0.0,0
22874,38.562887840120474,5,3,7.238785256754097,1,0.4986813252592568,0,0.0,0
22875,30.11785765089279,4,2,10.904043195593754,1,0.09450869382960547,0,0.0,0
22876,26.726947274315677,4,2,7.029297662145285,4,0.2300977451827762,0,0.0,0
22877,23.051496148870644,2,5,13.483599526060246,2,0.0,0,0.0,0
22878,39.86321827861955,3,1,19.990783844109735,4,0.8536776175006885,0,0.0,0
22879,52.06929248106429,1,5,6.138579988214216,4,0.05688227735463314,0,0.0,0
22880,66.32153478381463,4,3,18.927319334486576,4,0.9996749669747098,0,0.0,0
22881,33.15400375627428,2,1,18.07966855667566,7,0.9203715145814104,0,0.0,0
22882,37.73696341125795,3,7,5.738628641626398,1,0.6077747633100739,0,0.0,0
22883,65.25330099953753,3,4,8.867255521945458,7,0.9271827869361567,0,0.0,0
22884,61.3921828975553,4,4,1.5249001837503204,7,0.9999774305126838,0,0.0,0
22885,23.232108918542043,2,1,0.0,2,0.5003353162014641,0,0.0,0
22886,31.917621282735524,4,5,15.626172907162285,1,0.43973975386602515,0,0.0,0
22887,35.00093272317724,3,6,8.742452552098719,1,0.7520752357350389,0,0.0,0
22888,43.66962726879539,2,3,0.0,7,0.33394793203536743,0,0.0,0
22889,57.51158869482119,2,5,14.671424225988524,7,1.0000496692561194,0,0.0,0
22890,30.484490426307467,3,6,10.441656923955675,1,0.9552942104770205,0,0.0,0
22891,27.029594213783966,2,3,0.0,0,0.9999811261999421,0,0.0,0
22892,61.097793119280055,2,6,15.774469993255035,3,1.0246255964055797,0,0.0,0
22893,38.49802229200187,3,1,11.921341994927689,1,1.0004895556088695,0,0.0,0
22894,59.56256718768679,4,6,15.81929550273173,1,1.0517658763080378,0,0.0,0
22895,46.41344919400217,2,3,1.462495413551446,7,1.0000934019262828,1,82931.42565245721,1
22896,58.79449990368742,5,6,8.93043383662899,2,0.35169234426722473,0,0.0,0
22897,43.34454513397998,7,1,6.967731866311338,3,0.9015486006833069,0,0.0,0
22898,33.09207819483901,1,1,9.728394830937766,1,0.6219205297850435,0,0.0,0
22899,13.595081995286481,0,3,4.750374349724206,5,0.4634862013028709,0,0.0,0
22900,42.774586176808064,3,2,17.523752936815395,1,0.0,0,0.0,0
22901,53.35098685400131,4,4,15.61231908301889,4,0.1939471071439693,0,0.0,0
22902,63.65144472127048,4,1,3.063669112808567,2,0.5033040069937996,0,0.0,0
22903,28.312750275060985,3,1,15.320089051719211,7,1.0004709115765562,0,0.0,0
22904,40.60246908129137,1,3,17.18247262748792,3,0.6642938859404204,0,0.0,0
22905,48.39981763233407,4,5,13.365091603454182,2,0.06380434326938034,0,0.0,0
22906,47.28764683751403,1,5,11.614522583963744,2,0.2750243573540821,0,0.0,0
22907,39.64040561517442,4,3,10.963110567697855,2,0.9997241713058189,0,0.0,0
22908,42.97394592633434,3,1,18.218293935082823,7,1.0003937474562052,0,0.0,0
22909,41.807208930301144,4,1,0.0,6,0.5054994769641707,0,0.0,0
22910,45.70110115384087,0,3,2.1877488128088665,7,0.7716137091956022,0,0.0,0
22911,56.93525787597964,4,1,14.337043135449838,6,0.618806421756492,0,0.0,0
22912,45.166796788612814,3,1,17.461810535422238,7,1.0005475500556569,0,0.0,0
22913,42.40255901558447,3,2,14.20013139894423,7,0.9999902351637772,0,0.0,0
22914,34.67528257881606,3,3,6.237048136682224,4,0.9996725210720249,0,0.0,0
22915,71.25963203848283,2,2,15.34499403005658,7,0.9620921374819218,0,0.0,0
22916,26.462726667532493,2,7,5.992484768430588,2,0.710895788282544,0,0.0,0
22917,50.59943951781171,1,5,15.588711970497753,2,0.5549187698501975,0,0.0,0
22918,45.18867379129351,4,7,13.311129180894614,5,0.32336346861353354,0,0.0,0
22919,32.87036374321235,3,3,10.379570514517551,3,0.09300236996982625,0,0.0,0
22920,43.38083778647996,2,3,10.223044656846668,2,0.5293370093392313,0,0.0,0
22921,54.91815217044711,4,1,15.953581518458211,7,0.9995357071070707,0,0.0,0
22922,78.25995336826875,4,5,2.676264764935043,1,0.8831740481260524,0,0.0,0
22923,48.20820125656303,2,3,7.905307868472962,2,0.502013603276161,0,0.0,0
22924,44.61739789178869,3,6,13.908479121869656,4,0.38905172505642877,0,0.0,0
22925,67.93604264949641,1,6,10.510776958028375,5,0.5339036059839708,0,0.0,0
22926,48.35237784938019,3,6,9.398662266332359,7,0.9998063675861062,0,0.0,0
22927,31.57712985171863,1,6,12.500714969696332,4,1.0000340219134345,0,0.0,0
22928,18.106867142347944,3,2,13.883916754160566,1,1.000013295223003,0,0.0,0
22929,59.19010682165381,2,3,13.298117962760447,2,1.0001988364109378,0,0.0,0
22930,44.76853220566997,1,1,4.169933368882461,6,0.7248996725374645,0,0.0,0
22931,51.23738376459454,2,7,3.864559420893266,1,0.0,0,0.0,0
22932,34.915285848784656,3,2,20.157823126050154,7,1.0003357329788862,0,0.0,0
22933,32.34269264127892,3,4,19.99075001758117,5,0.37274362988124093,0,0.0,0
22934,34.48258779172858,3,2,20.007311493754266,1,0.6606370642618073,0,0.0,0
22935,38.64525449024508,3,5,8.765611440769455,7,1.0001651404159628,0,0.0,0
22936,54.90946506041905,4,2,16.271855686891914,7,0.8555173336487037,0,0.0,0
22937,53.87421127700645,5,3,9.7351574069503,7,1.0006186978841396,0,0.0,0
22938,30.59793610912257,4,6,12.045799898204281,7,1.0004663035768118,0,0.0,0
22939,23.768544728648838,3,2,13.310684138706922,4,0.9915990651585695,0,0.0,0
22940,46.888561862221685,3,4,11.682374889061455,7,0.9293490410889054,0,0.0,0
22941,81.43377540638733,1,4,8.809392869908239,5,0.9892709199957463,0,0.0,0
22942,31.236796038764204,3,3,8.8539194271499,7,1.0003772745060255,0,0.0,0
22943,39.562017905583005,4,3,8.469815812534783,3,0.5245765037362714,0,0.0,0
22944,58.46358353773962,5,6,4.275036809218159,3,0.7085581850572291,0,0.0,0
22945,29.464908615300097,4,4,4.585418184405063,1,0.20668761989308543,0,0.0,0
22946,50.82981105409171,3,2,11.143352704332269,3,0.2171883534284364,0,0.0,0
22947,49.27631153628535,2,2,8.35982155526533,5,0.13907830839696889,1,3726.242266903067,1
22948,40.97368968663629,3,1,13.012082627406656,7,0.030734768276808544,0,0.0,0
22949,43.09626698578615,3,6,1.3142080353454695,3,0.38707068827550317,0,0.0,0
22950,73.95374932458236,5,3,1.7782918183034564,7,1.000032637842581,0,0.0,0
22951,38.909924560726914,1,3,12.77186505807072,1,0.4619953356670424,0,0.0,0
22952,25.547400573493974,4,6,8.613179554122969,0,0.8776304114279783,0,0.0,0
22953,51.48219950266962,2,3,13.874709144915032,7,0.4852460522680675,0,0.0,0
22954,30.955330499740924,3,1,18.768294800726515,4,0.9515994046619995,0,0.0,0
22955,36.70511349780986,2,2,10.609009141934212,7,0.9996406141825671,0,0.0,0
22956,47.55733477938293,3,6,11.531534081155637,7,0.1729910079100928,0,0.0,0
22957,45.06738084074381,3,6,13.24364998056628,7,0.7594494366269774,0,0.0,0
22958,43.076860655998345,3,1,20.00655944934718,1,0.999575792789372,0,0.0,0
22959,51.87422098272635,4,3,7.283028962309695,4,0.9378925620121837,0,0.0,0
22960,46.593341863137255,3,6,16.450851239452568,7,0.9999409152303015,0,0.0,0
22961,43.776354527267785,4,3,1.7301112000084888,5,0.0,0,0.0,0
22962,58.30205827595068,2,4,19.99056719182412,3,0.4994147787486516,0,0.0,0
22963,37.91075533688717,3,6,2.0078530894892452,3,0.5339731098612548,0,0.0,0
22964,25.246780754269473,2,1,8.175965966389477,1,0.6714087541022052,0,0.0,0
22965,49.203424213334024,1,1,14.699808885172612,4,0.4986364492062509,0,0.0,0
22966,24.698383003098584,0,6,11.733583816282003,2,0.3465154336677999,0,0.0,0
22967,55.35161164847897,3,2,11.21016693254895,4,1.0005303002697927,0,0.0,0
22968,58.89450856273071,2,6,3.4998095282920154,6,1.0005074899806201,0,0.0,0
22969,36.4830094388387,3,5,19.992367525471515,1,0.32216081200989644,0,0.0,0
22970,53.456686770469524,2,6,15.714235116092926,5,0.8638981212812076,0,0.0,0
22971,45.33217677769868,4,2,0.2998553089323135,7,1.0000455217311157,0,0.0,0
22972,59.40244334525444,3,5,10.80823067883695,2,0.34527305598224656,0,0.0,0
22973,42.946439750537024,1,3,13.496454936565183,6,0.0,0,0.0,0
22974,39.939843178378496,5,2,16.438149131994713,7,0.9995725028124194,0,0.0,0
22975,52.5602574114195,1,3,7.123142378533946,5,0.2652942501407526,0,0.0,0
22976,43.989129213183006,5,4,19.997181087168023,7,0.5774920814370795,0,0.0,0
22977,35.25308914328294,3,6,7.099910052130381,7,1.00005136546746,0,0.0,0
22978,29.225825649120292,3,2,6.6992783799370486,3,0.4337867325115991,0,0.0,0
22979,64.72488190938563,3,4,17.082518901094595,1,1.0001924988519766,0,0.0,0
22980,47.5429263771674,2,3,11.727431330605297,5,0.8760528828221674,0,0.0,0
22981,48.460177481083186,2,3,5.178059189256421,0,0.45624563232962956,0,0.0,0
22982,53.53754094294471,3,4,10.27927466253911,7,0.8701051807146158,0,0.0,0
22983,26.59173930415459,2,3,10.630702268175972,6,0.9995691067699786,0,0.0,0
22984,40.80575419155768,4,5,13.045658501464208,7,0.9999862736132223,0,0.0,0
22985,45.63352674698458,2,6,0.2751323687845968,2,0.058372763484317525,0,0.0,0
22986,55.249943254526954,3,2,8.546440948996452,2,0.5918821995792827,0,0.0,0
22987,49.11029942554172,7,2,12.696482043734145,7,0.5676677679049025,0,0.0,0
22988,58.7552965309776,4,2,8.506897601549257,7,0.9327330889188752,0,0.0,0
22989,24.00222997326484,3,6,7.055029292385219,4,0.01563411632924916,0,0.0,0
22990,50.56430019173867,4,2,15.834659797659766,4,0.36696608564550365,0,0.0,0
22991,53.27259599419311,5,3,6.307765322803865,3,0.9997534531384202,0,0.0,0
22992,29.067626519286673,4,6,0.0,4,0.7375724145323354,0,0.0,0
22993,33.68235365057004,1,4,4.935590400304462,1,0.42107374359705224,0,0.0,0
22994,48.085261472950194,1,3,11.478840011112702,3,0.9268874232947818,0,0.0,0
22995,43.765826991316885,1,6,8.58360244607261,5,0.999858670581173,0,0.0,0
22996,41.82471483998601,4,4,19.992566450821805,1,0.9999296037468943,0,0.0,0
22997,31.429606145865602,1,1,14.167490783581682,6,0.5045380440457488,0,0.0,0
22998,37.13669519841851,1,3,0.0,2,0.971133686097374,0,0.0,0
22999,26.541505685583175,5,6,18.528685728953597,3,0.44082811678624584,0,0.0,0
23000,48.39905439137837,2,1,20.00570524143002,4,0.705877451247137,0,0.0,0
23001,31.632889405984923,2,3,8.736824716070846,3,0.5791796215176634,0,0.0,0
23002,54.05074845724098,2,4,20.012909458460733,7,0.9996661035721416,0,0.0,0
23003,29.113227341527256,2,2,8.285871995471833,5,0.2563643195409866,0,0.0,0
23004,32.96752807386083,4,3,15.15636746148816,1,0.9580638316460761,0,0.0,0
23005,22.441511197009646,3,2,7.252692370367878,4,0.9417545811327102,0,0.0,0
23006,39.959381646446865,2,3,10.303249481470408,4,0.5013295879232051,0,0.0,0
23007,57.81344238206522,3,3,13.019577014796582,7,1.0002573737731502,0,0.0,0
23008,31.538123526580705,2,3,1.07799784323511,3,1.0004953417677935,0,0.0,0
23009,20.081465828176448,1,4,12.483992860928854,4,0.33682846590960025,0,0.0,0
23010,22.434181486129564,3,6,0.8835921922764403,3,0.713273647547483,0,0.0,0
23011,42.10856973415886,3,6,5.3796408237727915,7,1.0000027320510578,0,0.0,0
23012,66.03522563382435,3,6,14.261807636990879,5,0.2729690159624953,0,0.0,0
23013,32.90451642985195,2,6,6.258098775848897,1,0.9349032522853326,0,0.0,0
23014,32.68588809431806,3,4,20.003390670791994,1,0.7322336434898838,0,0.0,0
23015,38.59632702300761,1,3,10.864653559709499,3,0.9407243696149621,0,0.0,0
23016,41.458760575087574,3,6,18.96340125150321,5,0.3814522501769319,0,0.0,0
23017,20.720565272446805,2,2,12.245183576723797,3,0.4784855775492778,0,0.0,0
23018,26.696200889852715,4,1,15.83527570390487,0,0.9695790098503034,0,0.0,0
23019,52.35617616740422,4,4,4.717123625290567,1,0.13217207276879628,0,0.0,0
23020,21.296137119236835,3,2,16.31857314758728,4,0.9999280626872508,0,0.0,0
23021,45.151011755697986,2,4,5.804339312030944,2,0.0635372811617626,0,0.0,0
23022,43.098974201432405,2,1,20.005805322168715,4,0.386056270220208,0,0.0,0
23023,32.17264011705793,0,3,10.49847031706497,2,1.000264445162808,0,0.0,0
23024,45.887943731848516,2,5,18.417279159847407,1,0.2568966886264177,0,0.0,0
23025,28.492785813744263,2,6,6.503828776886561,3,0.6678696518552691,0,0.0,0
23026,22.08408357031477,5,1,13.604522347576932,0,0.9999661961765731,0,0.0,0
23027,18.956995668968013,3,1,12.968339834862277,1,0.36133102489993474,0,0.0,0
23028,56.15470038969433,4,1,1.0006281346730699,4,0.043758771998118395,0,0.0,0
23029,70.9617706590009,3,4,8.8184510663168,3,0.7651930605238609,0,0.0,0
23030,52.871503779307695,4,1,6.6640065781394116,3,0.9461525175059222,0,0.0,0
23031,52.2817504306135,6,6,9.95570716211796,7,0.1084323295136772,0,0.0,0
23032,23.088676314514334,2,2,8.46736892288298,1,0.19251475457706002,0,0.0,0
23033,27.418530649332816,3,3,15.69612440763555,1,0.942250701522644,0,0.0,0
23034,35.23902383436377,3,5,8.306953186068199,1,0.711166035280792,0,0.0,0
23035,50.50200558748434,5,2,0.0,7,1.1133838099357323,0,0.0,0
23036,20.12575379304083,1,3,10.479235801859561,3,0.4957966397208067,0,0.0,0
23037,45.23809511465232,3,6,15.569943177850414,7,0.803477977497314,0,0.0,0
23038,48.40005765077032,4,1,19.997908100929763,4,0.3321821154194528,0,0.0,0
23039,33.53289675783241,3,5,14.53537415779047,1,0.9999407869409926,0,0.0,0
23040,49.72321913524226,4,6,13.467465213513833,4,1.0001513429835425,0,0.0,0
23041,44.31791868524924,1,1,3.079106876314265,7,0.8950233742837377,1,20689.738564750198,1
23042,51.562962873971635,2,5,6.060764733607698,1,0.4442744194882161,0,0.0,0
23043,36.18554850163326,1,6,10.110308672486177,7,1.0006696714179721,0,0.0,0
23044,37.42330881102501,4,6,4.808219471395143,2,0.14586390887283462,0,0.0,0
23045,38.67339870646673,4,3,2.4372926609156487,4,0.5006269796547763,0,0.0,0
23046,34.080378844694636,4,4,25.303029486407056,6,0.8474546370589713,0,0.0,0
23047,45.453040232095475,4,2,11.361714641421738,7,0.3656481541654612,0,0.0,0
23048,50.65961414253411,1,6,1.3643382889945048,4,0.5260424493255947,0,0.0,0
23049,50.37336314194561,2,3,1.7072007267827374,7,0.999707202219563,0,0.0,0
23050,40.46368888544065,3,6,9.326204507666153,4,0.8351993250857166,0,0.0,0
23051,46.663697761671,3,3,0.30182384188505296,6,1.0000160661761528,0,0.0,0
23052,38.06297605651305,4,1,6.88178013210408,1,0.9494682593043277,0,0.0,0
23053,45.94316961655992,4,6,11.058629478504816,7,1.000153511777139,0,0.0,0
23054,49.747344985730365,3,2,9.378285440288643,4,1.0037545173535052,0,0.0,0
23055,34.90905568088555,6,1,2.571000696481903,4,0.20890348951886317,0,0.0,0
23056,47.640147019678196,3,1,10.726267721087689,7,1.0011842894838567,0,0.0,0
23057,23.984123984444334,1,1,12.502537786134925,5,0.7731059284131647,0,0.0,0
23058,57.49412558627344,3,3,3.394040209590478,4,0.5011717023013288,0,0.0,0
23059,67.92074768351893,3,4,26.3578141976562,2,0.5740506166241272,0,0.0,0
23060,16.360979239398176,4,4,7.766068125576918,1,0.999831416327407,0,0.0,0
23061,53.188379580635086,3,6,11.332665240201472,7,1.0001461146542385,0,0.0,0
23062,30.69830558816584,2,6,0.0,7,0.5894861910553554,0,0.0,0
23063,39.116117291874886,4,5,19.994356013935473,1,0.4788557308305483,0,0.0,0
23064,42.96472409819633,1,3,4.975537750126297,1,1.000048071652233,0,0.0,0
23065,33.554426941002404,4,1,9.3867513885826,4,0.2500124810389042,0,0.0,0
23066,40.34780339500617,1,3,0.0,3,0.49947015330862743,0,0.0,0
23067,52.98866444923638,1,6,16.002878084803243,7,0.2048142809915101,0,0.0,0
23068,57.54119278201321,3,6,1.140895302894526,7,0.9997345420342588,0,0.0,0
23069,49.94964716646114,6,3,8.292777268403437,1,0.18909027189936456,0,0.0,0
23070,60.87440391338688,4,6,16.09115605881825,2,0.5853907324967569,0,0.0,0
23071,24.226000068306245,4,6,14.119777059660638,0,0.32192220841984737,0,0.0,0
23072,51.255859727345324,1,5,0.0,5,0.7405186630855551,0,0.0,0
23073,28.96310689219918,3,7,10.902423537244816,5,0.2937137277106463,0,0.0,0
23074,38.475611719909665,4,3,4.177183699628868,4,0.9996964206100081,0,0.0,0
23075,47.223109845350315,4,4,20.00303357241657,1,0.6063406829005878,0,0.0,0
23076,53.07173157913476,4,3,20.05251896135833,6,0.7652870782503283,0,0.0,0
23077,29.798049562245673,0,3,21.83542873710453,3,0.9995044356567351,0,0.0,0
23078,55.424288878462804,5,4,16.997997921575696,3,0.0009558111446690276,0,0.0,0
23079,41.18470552571105,3,1,10.86149771485846,5,0.4959876842789701,0,0.0,0
23080,24.25141207025999,3,2,12.324513538638644,6,1.000483084970912,0,0.0,0
23081,25.133721585768455,5,4,5.264972446610645,1,0.18053332315909953,0,0.0,0
23082,39.4623734914652,4,6,10.501614774744604,2,0.9995908649249337,0,0.0,0
23083,46.643453851297295,3,3,10.041990971014993,0,1.0000330882732062,0,0.0,0
23084,21.297561947416295,3,2,7.386987629100102,4,0.5476899606100107,0,0.0,0
23085,30.961288506228136,3,4,20.006399964339465,2,1.0001028625344217,0,0.0,0
23086,58.13587473499774,4,4,6.80580140282125,7,0.9067005335834186,0,0.0,0
23087,40.5756321956953,3,1,20.005196954913604,3,0.46318715031238245,0,0.0,0
23088,41.21461570663268,2,2,15.084481446501782,7,1.0000303108662707,0,0.0,0
23089,29.99928546236204,3,3,0.0,1,1.0002092819040347,0,0.0,0
23090,49.40959819430181,2,6,9.490539543693366,3,0.6750476520378162,0,0.0,0
23091,31.04419961794455,1,3,0.8337689002424682,1,0.0,0,0.0,0
23092,57.19313816077906,2,3,5.17534293364307,7,0.9996888367322612,0,0.0,0
23093,52.48089799867074,6,2,16.013441385111342,7,0.36366027056373806,0,0.0,0
23094,14.93749043682072,3,3,1.0882752306027221,4,1.0003668705136108,0,0.0,0
23095,26.609735105642613,2,2,13.029218358767805,7,0.09255577723436481,0,0.0,0
23096,20.421963106633928,3,6,14.533990606067029,6,0.26921647438820984,0,0.0,0
23097,60.21775211229466,2,6,12.300077492095872,4,0.3558006281437328,0,0.0,0
23098,37.17260564747857,4,3,0.0,7,0.3461925324038498,0,0.0,0
23099,48.78856425854023,3,3,8.815334619400646,7,0.9874069596686001,0,0.0,0
23100,33.96423715897462,6,6,14.946692715141277,2,0.8859793072040747,0,0.0,0
23101,26.994224453273667,1,1,16.56409177149358,4,0.5079647299935912,0,0.0,0
23102,34.121227295686175,3,6,23.333358711817812,7,1.0001414063522662,0,0.0,0
23103,22.19684940402044,1,5,6.711603606038236,5,0.20687993236012486,0,0.0,0
23104,35.93085823626438,4,4,19.99987818970331,7,0.0,0,0.0,0
23105,52.05211799302559,3,6,10.010865991994372,4,0.9994303807149675,0,0.0,0
23106,68.1172407282064,3,1,3.8147877993780837,7,0.9998030385960068,0,0.0,0
23107,55.811793390884226,3,3,14.324048020196093,7,0.9998545120443175,0,0.0,0
23108,40.52385322145934,6,4,20.006054242695534,5,0.9996147190348009,0,0.0,0
23109,38.6921026496557,3,4,19.99767987622506,1,0.41845632267285504,0,0.0,0
23110,27.433388065633768,3,2,7.201912395925337,3,0.2900040778252475,0,0.0,0
23111,44.283460149083844,2,4,20.01437675680586,1,0.2213319417232512,0,0.0,0
23112,60.0711274737701,2,2,4.983524615729859,7,1.0006885713700802,0,0.0,0
23113,51.1199227820413,1,3,17.515382722232292,5,0.49799454516335484,0,0.0,0
23114,80.02803776040304,3,1,14.831597583158493,2,1.0002739297644088,0,0.0,0
23115,25.274906689143684,3,6,6.908454642980873,2,0.3217975650130336,0,0.0,0
23116,42.16660598888241,5,3,12.701884447638752,7,0.7416511192756265,0,0.0,0
23117,24.07134707975986,1,6,20.443187558750544,2,0.4760118351304019,0,0.0,0
23118,35.0921755339882,3,3,13.871956458011727,1,0.9550689884508977,0,0.0,0
23119,34.91463236722888,4,6,9.433849539896368,0,1.0000722750758482,0,0.0,0
23120,55.83929126770804,1,5,0.0,6,0.19480055661888457,0,0.0,0
23121,50.698970995766786,3,3,5.84398636865199,3,1.000149484440374,0,0.0,0
23122,45.70331792432897,3,1,13.757230016512398,2,0.2845509688313039,0,0.0,0
23123,66.18880062676438,3,6,9.593685068703026,7,0.9996816921100081,0,0.0,0
23124,40.48686166967637,3,7,19.99704816690543,1,0.556700655653989,0,0.0,0
23125,43.13152276118484,3,2,10.778714959504827,7,1.0004366633475743,0,0.0,0
23126,35.76864037464604,3,1,14.240466540541327,3,0.7514646443076669,0,0.0,0
23127,48.27022628997216,0,6,0.0,7,0.4629433886492913,0,0.0,0
23128,53.66571436812422,3,3,13.356608739597217,2,1.0000446616958418,0,0.0,0
23129,45.13889553131423,3,2,7.602641457249872,3,0.9753269520077963,0,0.0,0
23130,47.46987643873149,3,1,0.0,7,0.9991016715004173,0,0.0,0
23131,43.455466022218395,3,2,6.201586874106835,1,1.000163756767498,0,0.0,0
23132,36.06533029015369,2,3,1.1804322455074345,4,0.3155935114863384,0,0.0,0
23133,42.95690714273936,4,3,3.3420764246984964,3,0.9998333964939157,0,0.0,0
23134,38.87689262931699,1,3,15.060834104279413,1,0.21301454265628272,0,0.0,0
23135,36.64991014219083,1,3,13.638825478735136,2,0.49537223320891544,0,0.0,0
23136,61.127944071557536,2,6,25.688532023203084,7,0.9999921385151818,0,0.0,0
23137,20.078092810970773,7,1,1.0789029270272863,2,0.4307477003494849,0,0.0,0
23138,19.319131312307235,3,2,3.0961313270395703,1,0.4866308065193683,0,0.0,0
23139,34.54481568946483,4,1,8.185330596789544,5,0.9995069911367104,0,0.0,0
23140,46.434639532496774,3,6,8.359299772113545,4,0.6293870428461559,0,0.0,0
23141,67.46240820067133,0,3,2.446375090616428,5,0.4937955658235519,0,0.0,0
23142,50.85543490927125,2,3,7.705773652275148,7,1.0001864425131821,0,0.0,0
23143,52.67932579895779,3,2,13.461590997404194,7,0.9994413690154498,0,0.0,0
23144,36.30542725964873,3,6,12.1259087647893,1,0.9522655248938519,0,0.0,0
23145,45.96692721199072,2,6,0.0,7,0.9999669285936728,0,0.0,0
23146,45.069877705615916,4,3,0.0,3,1.0001083079122104,0,0.0,0
23147,42.6986236644469,1,2,4.995879497609697,6,0.9997262000886746,0,0.0,0
23148,26.66681157015978,1,6,7.374310240376326,1,0.9765797200196231,0,0.0,0
23149,55.59940263997309,2,6,6.807517509665148,7,0.2627307169604887,0,0.0,0
23150,42.02200005782725,5,2,8.522853407832963,3,0.3300728389496408,0,0.0,0
23151,54.6840403524311,3,3,15.107646643725232,4,0.9836780651825541,0,0.0,0
23152,37.921016723699154,3,4,21.55293633037001,2,0.21986860076998072,0,0.0,0
23153,37.18883962828251,4,5,5.204878076433711,2,1.0004427578226571,0,0.0,0
23154,42.84187704802619,3,1,11.389306979725513,4,0.05145862903575471,0,0.0,0
23155,27.13039169528762,3,2,6.701040136041966,1,0.9997431867656728,0,0.0,0
23156,50.374370514691456,3,6,10.185480574123826,4,1.0003109479337589,0,0.0,0
23157,18.971871772903267,2,2,10.409685746212046,1,0.9256508861873166,0,0.0,0
23158,19.513852022245555,6,3,1.7642489333430316,3,0.9522508833792211,0,0.0,0
23159,39.516139779784886,4,5,12.558645481382786,1,0.6181581905611685,0,0.0,0
23160,44.148277526679095,3,6,5.301621873357601,4,0.3553958136872579,0,0.0,0
23161,29.50880340650935,5,4,0.44717885494926257,4,0.008611430434191214,0,0.0,0
23162,55.68377242097267,4,3,10.372110612323109,3,0.44551496431022947,0,0.0,0
23163,30.805403955319356,4,2,7.919197518378043,7,1.00027582193774,0,0.0,0
23164,24.197921062634915,2,7,0.8752918718708731,7,0.0,0,0.0,0
23165,39.71820087097639,5,4,4.596280994718416,7,0.05864843075633208,0,0.0,0
23166,39.38420569973837,1,1,19.785188063814996,4,0.42499236502655124,0,0.0,0
23167,45.22315615303674,4,3,9.261325223747896,4,0.980843941189768,0,0.0,0
23168,36.88659696367325,3,4,13.820477421328196,7,0.5907464829473036,0,0.0,0
23169,46.62472233398454,3,5,10.989100639458332,6,1.0001784473964666,0,0.0,0
23170,52.464484450307104,3,4,24.023080438886034,7,0.6868862562268503,0,0.0,0
23171,24.38356320968302,2,6,15.514490904033252,2,0.5597439856858625,0,0.0,0
23172,49.416471735967946,5,6,7.333316750431186,4,0.7859504606999097,0,0.0,0
23173,31.403013332746028,4,3,14.708666697985908,5,0.4960983553143343,0,0.0,0
23174,36.93570489625937,4,3,14.300772204907888,2,0.9192356827414296,0,0.0,0
23175,53.462562486037804,3,6,10.235543149703854,1,0.9732412170255655,0,0.0,0
23176,48.322902208282876,4,3,13.127017778826279,7,1.000090145834916,0,0.0,0
23177,25.792069996680766,2,6,7.131924546335055,3,0.8091895918739872,0,0.0,0
23178,65.94314666633966,2,1,10.011376505277454,3,0.5024518222671321,0,0.0,0
23179,45.32632947135982,3,6,7.421027625780173,0,0.2625021889206929,0,0.0,0
23180,40.36477979665102,3,4,4.855394354366225,1,1.029582643801278,0,0.0,0
23181,44.94489101374444,3,1,9.797157283721837,7,1.0002741614534383,0,0.0,0
23182,49.38342724346004,4,6,8.4654599130673,7,1.0001992572714782,0,0.0,0
23183,52.6498318298738,6,6,14.869060259122236,7,0.9995723172449662,0,0.0,0
23184,28.785389166939385,2,3,7.792367728581832,7,0.7632941853491797,0,0.0,0
23185,45.36899113992841,4,5,9.096571582972505,1,0.443872444137826,0,0.0,0
23186,42.165690712919634,5,6,19.035583705869875,4,1.0000736278487865,0,0.0,0
23187,34.68905024615202,3,2,4.840716558368421,1,0.1279003024438966,0,0.0,0
23188,70.8664363685725,4,3,10.536757103219294,1,0.07369110611092033,0,0.0,0
23189,45.17227665182829,1,1,10.62842572223449,3,0.5014106962757225,0,0.0,0
23190,42.728226622049846,5,1,20.001299775179238,1,0.9016203576578634,0,0.0,0
23191,18.858059012439764,2,6,5.665202337421454,2,0.4520140451364789,0,0.0,0
23192,59.047378346198144,3,6,16.242737950540523,7,1.0002762262763172,0,0.0,0
23193,52.076700439955694,4,6,11.187717687889123,7,0.5812133904761605,0,0.0,0
23194,31.312947603166897,4,4,12.902570644892162,2,0.24565108539633856,0,0.0,0
23195,39.56945472962602,5,1,22.66236909544407,7,0.9994585569064953,0,0.0,0
23196,28.585465091049116,3,2,10.940209291789255,2,1.0000978445273108,0,0.0,0
23197,56.07093571073127,4,4,0.0,6,0.7868746422748274,0,0.0,0
23198,56.061414343680454,3,1,11.504953016682984,4,0.9997992125137676,0,0.0,0
23199,51.29730098931836,2,4,4.899253893374314,7,0.3439371179122313,0,0.0,0
23200,23.15990537972841,3,3,9.571557335466816,3,0.0,0,0.0,0
23201,49.17035728172367,5,5,7.854878218314113,5,0.9998315232693009,0,0.0,0
23202,44.71671546380258,1,2,10.12610517293183,2,0.41115488451165166,0,0.0,0
23203,48.476737380441996,3,3,3.6330099771333595,7,0.3072959159597877,0,0.0,0
23204,33.93474803528334,3,3,20.002888920080178,1,0.3537649801946643,0,0.0,0
23205,48.1960335817173,3,6,5.104197968353015,2,0.6588732529661118,0,0.0,0
23206,40.81852038326276,3,3,8.937655714126485,3,1.0001176697171394,0,0.0,0
23207,27.337686702299408,3,4,19.997976462954696,1,1.0006357480051316,0,0.0,0
23208,40.36198927051064,4,4,9.412910324497082,1,0.5980231022734883,0,0.0,0
23209,48.78386114975274,3,6,6.034343222340009,7,1.0000477533145118,0,0.0,0
23210,54.9034539232447,5,6,6.002755382289654,2,0.051482453567840536,0,0.0,0
23211,58.177237171807434,4,1,2.8086144505585953,1,0.9995080598994189,0,0.0,0
23212,52.860086961914405,1,3,22.97836540300211,7,1.0000550032667472,0,0.0,0
23213,53.00013947966788,3,3,6.212255865661792,3,0.22381961870660955,0,0.0,0
23214,42.722001941805594,1,2,8.228560729665702,7,0.45945384115917587,0,0.0,0
23215,52.16886819926168,2,7,9.003639604997703,5,0.661546955095024,0,0.0,0
23216,32.615694673525326,3,3,11.536451641576877,3,0.49967640657964335,0,0.0,0
23217,48.027425599031424,2,1,8.88065124741344,4,0.9997173200397198,0,0.0,0
23218,50.36796271842985,2,3,2.5690906982318573,7,0.9999478021227752,0,0.0,0
23219,27.935828905221946,5,1,0.0,3,0.6915230198893337,0,0.0,0
23220,65.60928627978095,4,4,13.29232210329574,6,0.32330304674180416,0,0.0,0
23221,66.13721854810333,1,3,11.766277210736632,7,0.5030522691853216,0,0.0,0
23222,41.35278658467458,4,1,15.771506452225086,3,1.0000828325668358,0,0.0,0
23223,22.06173005227331,2,2,10.9998481257163,3,0.23761807801916168,0,0.0,0
23224,54.60343884077389,2,2,9.841771030996368,7,1.0005803109536426,0,0.0,0
23225,23.9094816270614,4,6,9.814525405811247,0,0.3042160482389974,0,0.0,0
23226,50.67482969749392,1,1,1.7989789880488178,1,0.4991244503460699,0,0.0,0
23227,20.989884228272153,4,6,0.6637867075979411,7,0.3892949922054669,0,0.0,0
23228,48.431085357164264,3,2,14.9448238948319,7,1.0008804795406838,0,0.0,0
23229,26.98575943154932,2,3,3.1506494904708884,3,0.3086738718442532,0,0.0,0
23230,47.63102427190748,3,3,6.436316345702755,7,1.0003137672223277,0,0.0,0
23231,48.604467716304384,3,6,5.085229464008261,3,0.207407430236833,0,0.0,0
23232,43.21695571643312,2,3,16.031948455435405,3,0.9997036241824677,0,0.0,0
23233,31.387377624632023,4,2,9.946812529763882,7,0.3545241707540893,0,0.0,0
23234,42.94193207041306,6,3,21.137732585828406,1,0.6251862593737001,0,0.0,0
23235,62.80476138012811,6,2,16.257384087591813,7,0.7699179828006266,0,0.0,0
23236,57.32438020405387,2,6,8.607500034431204,3,0.23904377363299545,0,0.0,0
23237,15.781595112578369,4,1,0.1575369325174094,3,0.053977371665882456,0,0.0,0
23238,38.047461421780326,4,3,17.949828296567684,2,0.3129878941221465,0,0.0,0
23239,72.95180981301915,3,2,18.43544197322196,2,0.9999790341155028,0,0.0,0
23240,29.82637784373874,1,2,6.41238344744839,6,0.3013602791196701,0,0.0,0
23241,58.23663659440655,4,3,17.434034883915174,6,0.9999853324277437,0,0.0,0
23242,72.36038166706734,2,6,10.527213828668124,7,0.9998555337718678,0,0.0,0
23243,35.99627108115567,1,2,7.978905770440802,3,0.26685088293413955,0,0.0,0
23244,29.292182265609235,3,3,14.37741660407779,1,0.4648181372254563,0,0.0,0
23245,18.323612701823937,4,1,9.808431066244085,0,0.4962448698448491,0,0.0,0
23246,43.680005139587536,4,1,0.0,3,0.5023226436258188,0,0.0,0
23247,46.92507547610605,3,1,16.827580923519566,7,0.9998210003358532,0,0.0,0
23248,26.091963417654313,3,6,18.182905121169604,2,1.0002870009536524,0,0.0,0
23249,60.80240715210594,3,4,12.57684544697953,6,0.9727172504500354,0,0.0,0
23250,49.36870094902636,3,3,11.367109738470068,0,0.9997363369886236,0,0.0,0
23251,26.79649230576497,1,6,13.986239265035259,1,0.9407755033378136,0,0.0,0
23252,48.17091967248078,4,3,20.00215148540542,1,0.6389784290311432,0,0.0,0
23253,41.43290282438445,1,3,9.288324047039517,2,0.09435352502647332,0,0.0,0
23254,43.78390488843105,4,3,0.0,3,0.45883409523821367,0,0.0,0
23255,40.71105657690938,2,6,12.183824730293358,5,1.0004559215939997,0,0.0,0
23256,52.56136386107465,3,1,18.13077949955398,7,1.0003057893315175,0,0.0,0
23257,49.25259073612241,3,6,1.6312886480110116,7,0.9999420730004718,0,0.0,0
23258,44.91750596088626,4,6,11.388953868999842,7,0.9999062225961668,0,0.0,0
23259,52.710579438520085,3,4,12.861592174628553,5,0.9379433056109705,0,0.0,0
23260,56.92047822235799,3,5,7.23072794280732,5,0.9999870265716078,0,0.0,0
23261,30.81617490083212,5,6,10.447833188996809,1,0.9461749219667884,0,0.0,0
23262,48.655600624089345,3,2,11.62752574648317,7,0.9995481475635317,0,0.0,0
23263,41.20933888384743,4,1,12.930295505397197,2,0.6718450237353522,0,0.0,0
23264,26.274359471488527,3,2,9.361079434876208,6,0.23481768711688983,0,0.0,0
23265,38.709625821123964,3,2,5.979137339079447,7,0.999957015122398,0,0.0,0
23266,23.044913697287907,3,5,6.538933910453405,3,0.7172392137679937,0,0.0,0
23267,31.73963529025655,4,1,8.83368915344677,2,0.9999387079874276,0,0.0,0
23268,29.461960107091826,2,2,12.943092480015029,1,0.9999903063578786,0,0.0,0
23269,42.92980386981891,3,3,8.469065909858456,4,0.4988813583713834,0,0.0,0
23270,70.84052769145288,4,1,14.295718757761106,4,0.9070735415479285,0,0.0,0
23271,39.09068786564532,2,3,10.663523201866187,5,0.9439258114479765,0,0.0,0
23272,47.57257419242541,3,5,17.160398981035275,1,0.9997921411485666,0,0.0,0
23273,25.01329649744034,4,2,4.947068870149927,3,0.13096447791044485,0,0.0,0
23274,59.015895368453414,2,3,14.658410825767376,7,0.9998257131433858,0,0.0,0
23275,70.28447292543596,6,6,4.936710571268423,7,0.2576686000888099,0,0.0,0
23276,57.2546914686462,4,3,19.68466464241643,5,0.4940548316660941,0,0.0,0
23277,47.83794615718624,2,1,8.177268033020066,7,0.9571810087006563,0,0.0,0
23278,40.88948782206098,2,5,11.047279874130881,6,0.4983304093038784,0,0.0,0
23279,28.401743553339585,1,1,17.692490723863163,3,0.6024832689256232,0,0.0,0
23280,47.33405771242785,4,4,0.0,3,0.1379165113754509,0,0.0,0
23281,20.637976914816623,2,5,8.782252408265531,1,0.06152584390744131,0,0.0,0
23282,51.731870171231265,4,4,7.815015102793776,1,0.7221180990865884,0,0.0,0
23283,42.761585520484985,3,1,2.8420857643454003,7,0.3047529073994754,0,0.0,0
23284,38.37147312809596,4,5,2.9726505501365317,2,0.9999864400756442,0,0.0,0
23285,48.66566211485031,1,1,22.413494451907024,6,0.46608616091661575,0,0.0,0
23286,43.68198480401303,2,2,10.079951502041165,7,0.9996220909709047,0,0.0,0
23287,38.14248227196771,1,3,9.269307903155756,6,0.4471076791607839,0,0.0,0
23288,37.571812114467086,3,2,11.317131241712548,4,0.9505329384017429,0,0.0,0
23289,36.80853054636315,2,3,0.32770446244281004,2,0.9186151696037645,0,0.0,0
23290,52.34155763165092,4,1,3.7736624558880703,1,0.9994921864567384,0,0.0,0
23291,57.554609885633624,3,5,16.328758635335518,7,1.0002387134921074,0,0.0,0
23292,42.88854578964578,4,2,15.603133348439794,2,0.46396124068993017,0,0.0,0
23293,38.854220837387395,3,7,13.063717692063173,6,0.4361296685659934,0,0.0,0
23294,41.951574069932676,3,1,10.405321822293248,2,0.999493199156229,0,0.0,0
23295,46.35510653500653,4,2,16.845857863296054,3,0.6004871884382945,0,0.0,0
23296,60.77853278983207,4,1,15.938290107336663,7,0.6098030089739769,0,0.0,0
23297,47.84285903261754,3,5,20.44860439424169,1,0.6019065485591513,0,0.0,0
23298,48.07492307517513,4,5,7.270800257690841,7,0.5012684079586864,0,0.0,0
23299,27.129557004485058,3,2,6.424089515469576,4,0.9405772681871427,0,0.0,0
23300,14.207940237412693,3,3,20.018018605022213,1,0.41467530464764946,0,0.0,0
23301,60.76020688832085,1,1,13.232747737778755,4,0.0,0,0.0,0
23302,34.7714020985586,1,2,0.0,7,0.01805053423494052,0,0.0,0
23303,25.993913180794298,4,1,2.515725611378304,3,0.9999395857860423,0,0.0,0
23304,51.00205010048134,4,5,10.901219886259742,1,0.7463041075520955,0,0.0,0
23305,37.431673927707465,4,1,2.4452823694475097,5,0.4110164188714972,0,0.0,0
23306,49.69957975710293,3,6,11.236041155151934,4,0.615146595117936,0,0.0,0
23307,49.01558535596919,2,3,13.692155791639037,2,0.5008207401807652,0,0.0,0
23308,44.91471808554477,2,4,7.640936505825131,1,1.000180045126649,0,0.0,0
23309,38.844553286233165,3,1,4.579798160888932,4,0.6599055731788289,0,0.0,0
23310,17.4266966484472,4,1,5.247073201289295,4,0.528977969870504,0,0.0,0
23311,26.83369575420769,2,7,0.5275334574379897,3,0.0,0,0.0,0
23312,19.547856078054316,2,3,5.487243911369449,4,0.2767663811625101,0,0.0,0
23313,30.71634127968718,3,1,16.400826406618492,0,0.9801236393416193,0,0.0,0
23314,60.29271104070655,3,3,0.7026759405235268,1,0.5499697249775662,0,0.0,0
23315,34.348692041828286,1,1,9.582920296176926,6,0.42504512456013555,0,0.0,0
23316,43.99611106142783,3,3,1.1105018669265991,6,0.9399697804713706,0,0.0,0
23317,48.337253035708976,3,1,12.687088481731768,7,0.9999749433169118,0,0.0,0
23318,35.56109762264957,6,2,6.2919476805199475,7,0.08099557234877452,0,0.0,0
23319,20.9616373557759,3,6,1.3575484690804078,0,0.4767845825323995,0,0.0,0
23320,47.092755116506275,4,3,6.4863716504306455,3,0.510183986887578,0,0.0,0
23321,23.35894583342743,5,2,10.742152197954766,1,0.3701458980932659,0,0.0,0
23322,40.928992004527885,1,2,13.728729775966364,1,1.0003804275673596,0,0.0,0
23323,25.608497638181248,0,6,5.753490561896293,1,0.4580539837100184,0,0.0,0
23324,39.098330636028734,4,3,12.856204409015843,7,0.6151332567821719,0,0.0,0
23325,31.987393286432084,5,4,2.7268240102828507,1,1.0114550312822748,0,0.0,0
23326,32.21990812235312,3,1,22.81360891342014,4,0.6303856158912412,0,0.0,0
23327,57.38498839744936,6,4,14.218548760046342,7,0.9997212775625433,0,0.0,0
23328,44.05566245166876,3,4,14.231420698243626,2,0.8499220215151155,0,0.0,0
23329,38.022023281356894,3,6,7.317095121036594,1,0.9239201478983474,0,0.0,0
23330,37.76028489224671,3,2,8.069352587061394,7,0.9999343265573624,0,0.0,0
23331,62.86071384619535,4,2,10.234557950075594,1,0.0,0,0.0,0
23332,42.10448447749088,3,1,19.998576664842126,2,0.9607518701783737,0,0.0,0
23333,59.61333427135824,3,4,19.630336456509117,1,1.0080144232201436,0,0.0,0
23334,45.84759746930373,3,4,20.003045381848242,7,0.9837625928192728,0,0.0,0
23335,49.14899001690177,3,1,9.636621327750433,7,1.0000727422655153,0,0.0,0
23336,55.28148699579153,3,3,18.4077569307072,4,0.999958238805243,0,0.0,0
23337,52.99390775824375,4,5,18.82936222612449,7,0.9995871967205214,0,0.0,0
23338,28.137713790786087,2,3,9.639035044095293,2,0.2095073762401165,0,0.0,0
23339,54.02278794280343,3,1,15.1496422140238,5,0.49680072045058854,0,0.0,0
23340,51.66336344154939,2,4,13.359366303769544,7,0.9592206703617456,0,0.0,0
23341,25.026936086956812,2,5,4.2916237385372,5,0.4841065664673365,1,56955.94747228394,1
23342,50.955930876724985,3,6,16.045913326788753,7,0.9310964127657313,0,0.0,0
23343,41.15081828449213,4,6,13.20131697045186,1,0.9010117203997822,0,0.0,0
23344,60.444734093798274,4,6,5.0684710366791546,4,0.6379309511783728,0,0.0,0
23345,29.41186805974697,4,3,3.93678272610913,2,0.3168780655752074,0,0.0,0
23346,19.44559560095391,4,2,11.95273173416755,2,0.4421827261194219,0,0.0,0
23347,58.10801570539776,3,6,9.43089389889749,7,0.9999498264723571,0,0.0,0
23348,48.20028632010478,2,4,13.592247096552637,4,0.29457197548446795,0,0.0,0
23349,59.85631846053086,6,3,3.976012912566273,1,0.5030562226643974,0,0.0,0
23350,41.270827334719144,3,5,20.278553714718214,5,0.4327898092279549,0,0.0,0
23351,39.764873539749374,1,1,3.28405082381688,4,0.6048531933591849,0,0.0,0
23352,41.59123661230291,1,4,4.206924501561151,3,0.9889000636989755,0,0.0,0
23353,63.87839383488455,5,5,15.057313057594056,3,1.0001736466880078,0,0.0,0
23354,23.93755180873616,2,7,2.4200429060920428,7,7.838021684447583e-05,0,0.0,0
23355,51.82239172927129,4,3,12.300810490883116,5,0.5933549581541997,0,0.0,0
23356,31.89504473746686,1,1,2.6488802030469714,4,0.20237684498533776,0,0.0,0
23357,47.570371529003125,3,6,14.200392983112843,4,0.9998739342487013,0,0.0,0
23358,21.218394949137757,2,6,7.214593564742895,2,0.5675415085952566,0,0.0,0
23359,46.40883439693392,3,5,7.746024140786687,1,0.8468718848774712,0,0.0,0
23360,53.324574796516735,2,6,1.382382587241981,3,1.000084745387874,0,0.0,0
23361,48.776660820664446,5,3,10.10695424686735,7,0.5454008363449694,0,0.0,0
23362,41.33155698522439,4,4,14.884129964877044,6,0.29549722429493963,0,0.0,0
23363,56.119603519496465,3,5,15.56666291666418,7,0.2722754472075802,0,0.0,0
23364,55.96230092992457,3,1,4.877083072477238,7,0.9998766043110244,0,0.0,0
23365,30.773189305033604,3,2,6.81300514461625,6,0.9999226139125346,0,0.0,0
23366,62.912280185371166,2,6,4.604761926640758,6,0.8429660903034419,0,0.0,0
23367,33.617416610588094,2,1,10.608139006785308,1,0.12598445372973088,0,0.0,0
23368,35.18327484190167,2,3,2.541690073219593,3,0.3889018575367437,0,0.0,0
23369,61.362242572347945,5,1,12.731633326262376,4,1.000401090685997,0,0.0,0
23370,39.12542919607853,3,3,11.19595509754401,3,0.5007130926422436,0,0.0,0
23371,61.95794312868874,5,4,12.190676939376825,7,1.00011875796827,0,0.0,0
23372,8.022470411895696,3,3,11.592465433552924,2,1.0002529853458582,0,0.0,0
23373,51.56633010076464,2,2,11.993695995425949,7,0.999711180275861,0,0.0,0
23374,25.67816087784817,3,3,9.049022335580926,2,0.5002334263448792,0,0.0,0
23375,41.91899019775779,2,5,13.87154659572368,7,1.000271757007462,0,0.0,0
23376,64.65286189242637,2,2,10.134640271470767,7,0.9999909243349165,0,0.0,0
23377,51.302943802702174,3,1,3.1930883450728755,5,0.5032777279540647,0,0.0,0
23378,67.5136309352394,3,3,19.993416785821623,1,0.9996351361447672,0,0.0,0
23379,26.171995102565383,6,2,7.656664891751927,3,0.5693677391002145,0,0.0,0
23380,55.692339235167765,3,4,20.698527660300755,3,1.0001019347611038,0,0.0,0
23381,38.45009529233574,4,6,21.93542033686062,7,0.9998608210201294,0,0.0,0
23382,36.568207700655904,3,6,9.227418435768527,6,0.596853939097655,0,0.0,0
23383,46.3999849161696,4,1,14.033704578520476,5,0.9996479938258179,0,0.0,0
23384,30.998485071479998,2,7,9.166820723142829,5,0.24050950526253256,0,0.0,0
23385,34.65584914343543,4,3,0.0,0,0.9478867628564989,0,0.0,0
23386,31.641848456863848,1,1,14.664392071472127,7,0.4994897770675475,0,0.0,0
23387,30.076123138990816,4,6,8.063728323885648,6,0.4788607136139317,0,0.0,0
23388,30.94777490972048,0,1,13.580091870192632,4,0.6268983263615299,0,0.0,0
23389,59.55039900033749,3,6,6.471736557881847,7,1.0000107474380846,0,0.0,0
23390,33.55329241529058,2,6,12.52792625560338,1,0.9514632154796958,0,0.0,0
23391,38.695378611401814,1,5,11.028513645318785,0,0.10106165581154225,0,0.0,0
23392,30.64980273265971,3,3,18.657593914443805,2,1.0000209105726188,0,0.0,0
23393,35.08188797769181,6,3,11.155490062823185,1,0.42454381167274685,0,0.0,0
23394,60.88639151786188,4,1,8.114817333222865,7,0.2842224004310132,0,0.0,0
23395,45.03803711422661,1,4,13.864387023851918,0,0.0,0,0.0,0
23396,49.39136050962079,2,6,15.698177906557088,6,0.1494409879442754,0,0.0,0
23397,16.261112654112427,4,4,19.071316543658867,1,0.9922960395877869,0,0.0,0
23398,29.12117923894438,1,2,18.16249443187272,7,1.0002985020810318,0,0.0,0
23399,64.59998212773206,2,4,4.808047190944087,5,0.9997437092506916,0,0.0,0
23400,12.699622941827226,3,3,17.345101257714745,2,1.000289939333541,0,0.0,0
23401,41.567670395614265,3,6,9.757890035461992,1,1.0072945220600935,0,0.0,0
23402,35.239191849841404,0,1,0.25427996614813075,4,0.2538228564003469,0,0.0,0
23403,43.82738464988023,3,1,3.319670834390756,1,0.9997069975284429,0,0.0,0
23404,28.322361685745257,3,4,11.175190409451789,1,0.9599092446804112,0,0.0,0
23405,30.432808311252117,2,6,11.769883258760458,7,0.9998314234496138,0,0.0,0
23406,54.23248152759141,1,6,9.06467467660425,7,0.9997985826644643,0,0.0,0
23407,19.968968211007546,6,3,10.774679498153189,2,0.9998104075042755,0,0.0,0
23408,56.40889073554631,3,3,2.558937275962762,1,0.7224144053930771,0,0.0,0
23409,35.790744252129464,4,1,6.3206302864618955,3,0.2053300003620681,0,0.0,0
23410,21.23712773532159,4,6,7.218627654461436,4,1.2572234539792482,0,0.0,0
23411,33.68777573952462,2,6,9.923769987014868,1,0.9545533440580809,0,0.0,0
23412,20.990165644825726,3,6,9.2190961663521,1,1.0005536415818126,0,0.0,0
23413,46.757662212659554,0,3,10.734694557994022,3,0.30741652465176506,0,0.0,0
23414,40.82918512842565,5,3,12.985113869928925,7,1.0003891596553212,0,0.0,0
23415,42.51334075451021,5,6,2.6360532696070216,5,0.9999985986221149,0,0.0,0
23416,51.27874779814878,5,3,0.0,7,0.9993919079322677,0,0.0,0
23417,60.228202534726705,2,2,17.79340464842966,6,0.9990661563317424,0,0.0,0
23418,37.799774172104776,3,4,16.343076066184498,1,0.9830608061593038,0,0.0,0
23419,61.508778378071185,4,1,16.29896008975543,7,1.0000500795853104,0,0.0,0
23420,38.98608082642388,1,3,10.252409151472166,5,0.3828287370085813,0,0.0,0
23421,30.95196049160537,2,1,1.2092118099084441,4,0.3829956840642613,0,0.0,0
23422,35.82403194386968,1,2,2.899072979013418,7,0.16205066152803083,0,0.0,0
23423,43.37634752690007,2,3,20.027500496137165,2,0.9997468499249229,0,0.0,0
23424,59.8590604754917,2,3,0.6293695921925977,1,0.3011423183691838,0,0.0,0
23425,29.86382608494889,4,2,10.84227897378667,4,0.7765676460841324,0,0.0,0
23426,24.30987912423537,1,2,7.600062949706902,1,0.3084741348288165,1,59769.03516845215,1
23427,53.30044756961969,1,3,17.485564594750212,0,0.09075738004175504,0,0.0,0
23428,31.307818336734897,3,6,11.053186920171276,1,0.964664783236979,0,0.0,0
23429,39.20525561836859,5,1,2.7193386558153545,2,0.49840617407937315,0,0.0,0
23430,59.379637893269404,4,3,2.75286162332967,6,0.5015781588379675,0,0.0,0
23431,67.31594734043374,3,1,12.440530914737725,3,0.9995768883423661,0,0.0,0
23432,43.15375552918874,3,5,5.565464280638045,1,0.7344518929026321,0,0.0,0
23433,23.577699502987535,5,3,15.78120894028303,1,0.4914709006855668,0,0.0,0
23434,53.963939594957935,5,3,11.111306408620683,1,0.5017594775515675,0,0.0,0
23435,50.85982175929934,2,3,12.90511958323091,4,0.23943896233709222,0,0.0,0
23436,27.980015689778853,2,1,8.905863475937718,3,0.189014017349715,0,0.0,0
23437,52.90077279628436,5,6,14.260592108930812,2,0.0,0,0.0,0
23438,48.2383633454935,3,4,6.595987444073322,7,0.8461336413562706,0,0.0,0
23439,62.472359298475396,3,6,9.240538069865028,4,0.7553910429178711,0,0.0,0
23440,31.67282460362108,0,3,11.41611908333784,3,0.34549936036559953,0,0.0,0
23441,23.193939284121292,4,4,4.99986945700441,6,0.3590522403900636,0,0.0,0
23442,31.82953260293361,2,3,9.755995804398646,7,1.0001203778287904,0,0.0,0
23443,34.59790214578881,2,1,18.205392508943657,2,0.9994195671504361,0,0.0,0
23444,40.084056497048174,4,5,5.687071672139689,7,0.45114306495716155,0,0.0,0
23445,38.730356892108006,1,1,11.165202083706825,7,0.4296618790514127,0,0.0,0
23446,32.43447686270689,3,2,8.480989246216396,5,0.999905898765858,0,0.0,0
23447,69.15743528306186,3,7,4.670629726383775,1,0.5911214255969366,0,0.0,0
23448,10.824099258379054,2,7,6.1590769878591916,5,0.2955503911978848,0,0.0,0
23449,38.36579632481753,3,6,11.926654538778179,6,0.45174332019455554,0,0.0,0
23450,35.16769149237316,3,6,16.03572876091961,7,0.999589558880767,0,0.0,0
23451,47.73075368084813,4,6,14.86445887154622,3,0.6962842788797505,0,0.0,0
23452,48.396066504748944,1,3,1.9960069777907368,7,0.8446990448097468,1,754.191865269813,1
23453,53.73700779052151,2,4,20.00083294042461,7,0.36821366440982267,0,0.0,0
23454,17.91265346223572,1,7,6.905706805104726,1,0.19900050589441892,0,0.0,0
23455,52.003322331546535,3,3,14.330161559518942,5,0.500092206191407,0,0.0,0
23456,34.13620430084278,3,3,8.559681495341156,7,0.9995057748515386,0,0.0,0
23457,27.506410813426477,1,2,0.1774037087282565,4,0.058486113718258625,0,0.0,0
23458,50.91834962367043,4,2,3.0231155250660766,6,0.9998964110269157,0,0.0,0
23459,49.911308346675014,1,1,5.1536784050415,6,0.6737195975919755,0,0.0,0
23460,32.68223162433173,4,5,0.0,1,0.32328024709042263,0,0.0,0
23461,19.77327401953545,4,2,4.596823378585425,5,0.0,0,0.0,0
23462,48.38346380512717,4,1,15.712382865934671,3,0.9596291311229475,0,0.0,0
23463,33.462539574383996,3,3,8.766737051837426,6,0.5008674454562937,0,0.0,0
23464,32.521627060805066,0,1,20.008220021484142,0,0.1096128625770173,0,0.0,0
23465,28.117273623325918,1,3,6.37492424356261,0,0.30443804822560644,0,0.0,0
23466,38.30454576404594,4,2,19.999658514835065,1,1.0004085824955018,0,0.0,0
23467,35.62740483125257,3,3,5.624287904995755,4,0.9254976113638589,0,0.0,0
23468,36.884426756045535,2,3,0.0,4,0.9305774927536914,0,0.0,0
23469,46.81318538716948,3,6,6.427276737881387,5,0.7187959137233739,0,0.0,0
23470,25.430994415616066,2,5,7.030271628471289,2,0.23591973748361245,0,0.0,0
23471,67.27159376883066,4,6,7.471874856053722,5,0.999427059763399,0,0.0,0
23472,45.828029298774126,4,1,4.468839391746939,7,0.6632132737401079,0,0.0,0
23473,55.42726405249367,3,1,1.6204077310600766,7,0.9076203873821249,0,0.0,0
23474,60.00309147803924,3,4,20.012603570893546,7,1.0001137311440758,0,0.0,0
23475,49.68968956138163,3,3,2.8861413067339807,7,0.6898637677099598,0,0.0,0
23476,26.9937602870437,3,3,17.01182483629069,1,0.9599867243770128,0,0.0,0
23477,39.80188760313091,3,6,17.80341152129158,7,0.9998631024614937,0,0.0,0
23478,57.332470572777076,2,3,21.993769560600875,5,1.0001537410081651,0,0.0,0
23479,55.62364444652509,0,3,11.956071711935111,2,0.9999591170964394,0,0.0,0
23480,41.45142706977386,4,6,14.384628948354491,2,0.38469792136999864,0,0.0,0
23481,39.29110431253061,1,1,17.27767979464903,1,1.0132814567926893,0,0.0,0
23482,34.763077278644076,5,1,6.598791121432299,4,0.999711637549795,0,0.0,0
23483,28.32511885260532,5,2,14.26168769581385,4,0.531536565169235,0,0.0,0
23484,63.79073857188223,3,4,19.833232220889286,4,0.09116879317220516,0,0.0,0
23485,57.08873522109938,3,1,5.410538443005827,2,0.9343581614698527,0,0.0,0
23486,50.55928872691565,2,6,17.54750523654849,7,0.9998406042171366,0,0.0,0
23487,57.33557429871412,5,5,16.605180139560932,7,0.9999118155403515,0,0.0,0
23488,28.282404748575388,2,1,14.228212267698487,7,0.9999288794848177,0,0.0,0
23489,53.83940252966839,3,4,19.94306560937917,7,0.9957326016240353,0,0.0,0
23490,40.49218511184168,3,6,4.2405680012535845,5,0.4400473635321096,0,0.0,0
23491,60.12830681303087,3,0,14.519595679730386,7,0.9728629172835027,0,0.0,0
23492,49.8726160531396,3,6,9.897965154354756,0,0.3943121477939566,0,0.0,0
23493,53.41285577809507,0,1,9.07845606567642,7,0.9508802396543281,0,0.0,0
23494,40.34051380453732,3,4,11.93631724394239,1,1.00069592984531,0,0.0,0
23495,26.48995304780331,6,6,14.339350914882267,3,1.047291719520293,0,0.0,0
23496,38.75727352373228,0,6,4.0656183813090285,7,0.5913866560892429,0,0.0,0
23497,37.32197245898051,1,4,20.000336927690157,3,0.5043707302086656,0,0.0,0
23498,47.7342666507632,3,3,15.971656923615237,2,0.9997639762444901,0,0.0,0
23499,47.101705361281034,4,1,0.7456204521127621,3,1.0003003333824854,0,0.0,0
23500,43.65280158543284,6,7,4.2233403591467455,6,0.12176449804847467,0,0.0,0
23501,54.40410909151326,3,3,13.607110500317068,5,0.4986747513184302,0,0.0,0
23502,44.29132988797326,2,3,0.0,2,0.24902171726460176,0,0.0,0
23503,49.626764524557956,5,3,1.9589782598389807,5,0.49830074677761194,0,0.0,0
23504,23.161958764020024,3,2,4.035447221243177,4,0.0,0,0.0,0
23505,30.50133133306677,5,1,6.47275778811654,2,0.21978721082416292,0,0.0,0
23506,54.72680161126138,3,2,4.281410634885247,8,0.7710405310354091,1,19469.774206396087,1
23507,37.94840600258173,4,5,4.108952715187257,2,1.0006585735423097,0,0.0,0
23508,55.15574605936265,3,1,11.404914163098924,7,1.000045220715244,0,0.0,0
23509,39.25781847874571,4,6,15.713587146006464,4,1.0005975826974054,0,0.0,0
23510,72.24473880547204,3,4,5.056802137652758,1,0.5959386481542396,0,0.0,0
23511,60.79931300692631,2,3,15.990854466432328,7,1.0054543450873743,0,0.0,0
23512,43.31388365366834,3,2,7.7746499255595065,2,0.24887777070162775,0,0.0,0
23513,54.18372393297853,4,4,8.310565949831066,1,0.761648880985836,0,0.0,0
23514,52.16548529114995,3,3,8.865649222166914,3,0.5004287449410414,0,0.0,0
23515,53.98687737448841,3,4,0.0,7,0.7374287393543927,0,0.0,0
23516,32.292832570785365,5,1,13.37611802848247,7,0.5674445570585935,0,0.0,0
23517,66.71538728025097,3,4,20.470987887675765,3,0.7678120945167451,0,0.0,0
23518,52.46185397840539,3,4,20.00526350067628,1,0.4251304886844558,0,0.0,0
23519,56.65599836879362,3,3,20.008153484045422,1,1.0821875495717725,0,0.0,0
23520,29.323914933311293,3,2,10.078031890739446,2,0.9997791746746494,0,0.0,0
23521,34.93760823713619,4,4,16.842253751405924,4,0.84907565652467,0,0.0,0
23522,44.021697053068216,5,3,18.56962384687342,7,0.3789582886640634,0,0.0,0
23523,65.14264131436535,2,3,6.374295401816858,7,1.000442548936107,0,0.0,0
23524,56.70193094405225,4,6,21.346793029188355,7,1.0000020702057097,0,0.0,0
23525,34.84967074246053,3,6,12.710779236680658,4,0.8953978918327957,0,0.0,0
23526,51.666922267082505,4,6,0.4033439626558266,3,0.559082367936469,0,0.0,0
23527,58.089418492901856,4,5,3.7421154784847266,3,1.0001095650704521,0,0.0,0
23528,34.313094500437764,4,6,20.009142771049042,1,1.0000022332654852,0,0.0,0
23529,23.6604354978287,1,7,2.1173839358354165,1,0.0007242023275974008,0,0.0,0
23530,62.01971974412051,2,1,17.221759680732795,7,1.0002435569866008,0,0.0,0
23531,19.92912802362805,3,5,19.425846035969062,2,0.20921442949203034,0,0.0,0
23532,48.84817991524267,4,1,19.99151190687317,0,0.27347930420325967,0,0.0,0
23533,68.20364275319363,5,6,15.619488580755554,7,0.9997682337443415,0,0.0,0
23534,43.97578060877565,1,2,13.833952297662844,6,0.49030733308468233,0,0.0,0
23535,41.996856105181294,3,4,2.4349455475174686,6,1.000553639350432,0,0.0,0
23536,54.685719213211705,4,6,1.0639285702201136,7,1.0002784542752174,0,0.0,0
23537,40.233825366693054,5,2,7.668199747740293,7,1.0001785828776883,0,0.0,0
23538,44.79385017681539,2,4,9.628926959063495,1,0.4978479084462757,0,0.0,0
23539,50.64873072231809,2,1,13.402603304598937,2,0.1093903588847227,0,0.0,0
23540,50.80044617236197,3,6,11.731415663416564,7,1.000330273985643,0,0.0,0
23541,24.527438211411116,1,3,0.0,6,0.4340979086326514,0,0.0,0
23542,50.772308624399926,2,6,3.6218964833058234,2,0.3608602049890285,0,0.0,0
23543,67.1544133939036,2,5,19.74753712760222,1,0.7155027264814797,0,0.0,0
23544,52.46866066298077,3,6,18.343597348861707,5,0.6157432955900816,0,0.0,0
23545,62.58837243129043,3,5,17.00694470126329,1,0.43921344273034724,0,0.0,0
23546,39.52451847417751,1,2,9.841966768725666,7,1.0000842036308686,0,0.0,0
23547,29.195230362536822,1,6,0.2204514839750189,3,0.5267553149769405,0,0.0,0
23548,51.33941390897424,4,2,9.650349936381296,1,0.0,0,0.0,0
23549,49.718619462371386,1,1,3.5599915290564876,3,0.11591077597771027,0,0.0,0
23550,39.0081199534298,2,1,4.221539630622759,0,0.9997631234847693,0,0.0,0
23551,56.384601683906034,3,3,13.89662882119103,4,0.7413827237796072,0,0.0,0
23552,60.32566160224781,4,1,14.815773273412253,2,0.3254202151208921,0,0.0,0
23553,64.17136678496013,4,5,20.00614314064385,1,0.5022503992359508,0,0.0,0
23554,48.31586186887582,3,6,0.0,7,1.0004274887187983,0,0.0,0
23555,39.16066378135751,3,4,19.9977883830462,1,0.6230342880918929,0,0.0,0
23556,43.426561939160976,3,4,19.24877505134714,2,0.9995806821761819,0,0.0,0
23557,41.560852257209724,1,1,12.452172374808693,3,0.2806627757080601,0,0.0,0
23558,53.56897342166593,3,5,10.235025136973395,1,0.15697356693970366,0,0.0,0
23559,48.8136942355974,4,5,6.958366934384196,2,0.4952292617395244,0,0.0,0
23560,43.958924169200316,4,4,18.751321534159757,7,0.9999008985157728,0,0.0,0
23561,41.41183002854677,5,3,8.931833761707002,3,0.5030475413399941,0,0.0,0
23562,49.25514025401038,3,1,2.6081980104401783,3,0.5414275787568484,0,0.0,0
23563,26.841394305899193,3,1,13.219057069578817,2,0.1872441551038917,0,0.0,0
23564,45.56031017388094,5,6,16.120915534217307,7,0.6275325830190478,0,0.0,0
23565,37.66583063301011,3,6,18.597481084451243,1,0.9856816245856848,0,0.0,0
23566,31.89220492922382,2,3,6.824676261117578,3,0.0812087204500418,0,0.0,0
23567,60.8274301898595,2,6,13.632022592170827,5,0.999843790096365,0,0.0,0
23568,38.260191236755006,2,6,7.539286707815343,6,0.5742979234657837,0,0.0,0
23569,36.060851172586936,4,2,3.335099201765548,7,0.9996657759301264,0,0.0,0
23570,57.92413643687419,4,6,20.069715041217236,7,0.6983716152547209,0,0.0,0
23571,50.28656719002693,4,1,13.192763934831955,7,0.07664651089980745,0,0.0,0
23572,46.707846541134565,2,3,0.43133995293967686,3,0.5013519134736306,0,0.0,0
23573,52.45489215279538,3,4,15.208252409633936,5,0.8018502843957304,0,0.0,0
23574,52.76709880899212,5,1,2.313597305864281,7,0.9584049361966294,0,0.0,0
23575,58.68145463302616,4,2,16.471917295557937,7,0.9999281593695228,0,0.0,0
23576,33.357245528067466,3,2,16.576217937969783,2,0.9999173774274452,0,0.0,0
23577,68.39354729073555,3,1,7.065121134632315,7,0.9999360781254859,0,0.0,0
23578,45.09280196112551,5,6,3.9887839626847876,7,1.0001393288536948,0,0.0,0
23579,57.836553574240696,4,3,15.874201052067734,4,0.800600021075809,0,0.0,0
23580,23.182570822442248,4,0,4.286974727184681,6,0.633382901345236,0,0.0,0
23581,72.13912338798656,5,3,3.5683399093982837,4,1.00003030349152,0,0.0,0
23582,47.0875263401006,4,5,15.151288315347461,6,0.42592711326033267,0,0.0,0
23583,28.457523332960704,4,1,11.285442935823818,6,0.8122039093311612,0,0.0,0
23584,42.81285138762664,3,1,4.1766267344117445,2,0.99994722163836,0,0.0,0
23585,49.986481537977,1,1,5.344794182588902,4,0.24644583736383935,0,0.0,0
23586,33.513142742349345,1,1,20.00012145349936,2,0.9674423171887775,0,0.0,0
23587,41.95144967343719,3,2,6.198609144633657,1,0.5006199944037711,0,0.0,0
23588,34.857092781178636,3,6,12.254896369867835,4,0.17551067992400693,0,0.0,0
23589,29.071137679225217,1,5,10.069772973053011,1,0.9877491277279304,0,0.0,0
23590,26.899542991684854,5,3,13.385416044435885,2,0.9999942257521266,0,0.0,0
23591,27.322386268629806,4,1,9.725119986872054,7,0.2725895870569747,0,0.0,0
23592,34.07023068401275,3,6,3.2457671642815358,6,0.6000381717742043,0,0.0,0
23593,66.90161076865245,3,2,10.319895541448904,7,0.6930614356651578,0,0.0,0
23594,57.89476787026736,4,1,7.00284670536378,4,0.1954815313116386,0,0.0,0
23595,15.236055644880341,2,3,17.11971269273225,0,0.4353786285727033,0,0.0,0
23596,42.236211855072824,7,3,18.18861870132535,1,0.9586420103689652,0,0.0,0
23597,36.38109816332584,4,1,18.93481163232437,7,0.9997468451859124,0,0.0,0
23598,23.520074328446857,3,2,1.3197346577859488,3,0.5759414224322081,0,0.0,0
23599,60.58527784877988,2,4,14.133554967280913,2,0.633238952379904,0,0.0,0
23600,60.66171146053851,3,6,10.281842581465991,4,0.5984991544712015,0,0.0,0
23601,40.35061596520631,3,1,1.8089324637719368,2,0.9999393591204407,0,0.0,0
23602,50.06600567512987,2,5,12.009058245589568,5,0.4976035550873922,0,0.0,0
23603,57.484136320827034,5,3,0.7707002471642745,7,0.9997714897636822,0,0.0,0
23604,54.13190691682367,4,4,20.00631496125351,1,1.0002513270244775,0,0.0,0
23605,51.0862062433715,3,5,19.535790015843165,7,1.0000639636429152,0,0.0,0
23606,54.307282571895534,2,2,12.266563629987806,3,0.16825740701073433,0,0.0,0
23607,33.243939154514514,3,1,8.320241756180991,1,0.13150399770391463,0,0.0,0
23608,40.83323426583206,4,3,6.608147573945261,2,1.0005179563785371,0,0.0,0
23609,31.48793047459145,2,1,13.67929264378126,4,0.1807578038568215,0,0.0,0
23610,18.330480770085394,2,4,19.99886898794502,3,0.5003755264961365,0,0.0,0
23611,46.56221198078155,2,5,20.00051718231917,1,0.43016746656347526,0,0.0,0
23612,56.89428046528866,3,4,20.00246334440311,7,0.5048901077250498,0,0.0,0
23613,51.32476844764081,3,6,14.844283766786907,2,0.9999737466062714,0,0.0,0
23614,41.37461004680685,4,6,15.506119423241909,7,1.108296308025221,0,0.0,0
23615,55.13887227641641,3,2,8.175867403488319,7,0.9998087821024233,0,0.0,0
23616,39.598177169912525,2,3,8.387323945874492,4,1.000101706944363,0,0.0,0
23617,34.97473157443552,2,1,0.0,2,0.4296323502302905,0,0.0,0
23618,38.48642284568559,5,4,17.54785754728711,1,0.989740225687886,0,0.0,0
23619,51.94098083520944,4,6,5.1349842504741385,3,0.16391959733714268,0,0.0,0
23620,24.53174228885643,3,6,7.024014637362567,2,0.07874122728762034,0,0.0,0
23621,55.072593300976536,4,3,16.344877151051985,7,1.000120704071736,0,0.0,0
23622,30.812156415233822,4,1,4.567252278942987,2,0.0010747411434394172,0,0.0,0
23623,48.645559784310976,3,3,3.262208226595958,2,0.9995557897386573,0,0.0,0
23624,32.76624854987584,1,6,7.910648181599163,5,0.639515665736068,0,0.0,0
23625,54.34336559000656,2,5,17.133139699113993,1,0.536632315350758,0,0.0,0
23626,19.2555826207704,2,5,11.368458294622554,3,0.1791213005557749,0,0.0,0
23627,52.73773054585176,0,2,6.638767539540458,7,0.9993978157747638,0,0.0,0
23628,42.6822804515439,2,1,5.578980558422876,7,0.12929010837630261,0,0.0,0
23629,35.36849133269255,1,6,12.327142007567334,7,0.783910678246662,1,9220.832554887942,1
23630,50.996538264256735,4,4,12.705505872424949,2,0.9996507810368034,0,0.0,0
23631,53.35765058068216,3,4,7.096186741051448,7,0.7138453048154034,0,0.0,0
23632,33.50595987721736,1,1,13.122653758369953,1,0.49862169424478275,0,0.0,0
23633,27.558392471893484,3,6,17.292635194755352,2,0.4815761045708327,0,0.0,0
23634,64.19392338039034,3,1,19.334943922789975,7,0.9998907761897993,0,0.0,0
23635,27.535927744552744,4,6,7.17605580688919,1,0.9489586020764187,0,0.0,0
23636,37.12718271071327,2,1,13.73262306579231,2,0.10937707692469323,0,0.0,0
23637,31.168068853904927,3,4,19.99193416863467,1,0.9999403651846537,0,0.0,0
23638,65.43417695557305,6,3,11.846031650107902,0,0.2678764475363078,0,0.0,0
23639,29.972987957133878,2,1,2.7685859301208584,0,0.3833653998634861,0,0.0,0
23640,25.517755924513384,3,2,7.5086707735106675,4,0.9850654843346454,0,0.0,0
23641,28.758704739560763,4,1,5.45744355232771,5,0.5014255507139911,0,0.0,0
23642,65.40932226261918,4,5,6.506191765190369,3,0.9998710820690433,0,0.0,0
23643,58.059954807895465,3,1,3.770099210254574,6,0.49421301245490434,0,0.0,0
23644,42.54072501040536,3,3,18.483330592962623,6,1.0005714206886094,0,0.0,0
23645,52.30196317171688,4,6,10.682542401435514,2,0.9994387764057504,0,0.0,0
23646,23.838827198815746,3,2,7.8027513289846215,6,1.0007276098085907,0,0.0,0
23647,10.677137755346397,3,2,12.328552538396494,7,0.9999648598709344,0,0.0,0
23648,31.01651867628027,2,2,2.2491139198135954,7,0.9235476462257561,0,0.0,0
23649,30.91812389198551,3,6,9.768877190420023,1,0.9837723809633534,0,0.0,0
23650,33.93286276386822,3,3,20.000638746193474,3,0.6285805340965445,0,0.0,0
23651,48.0087639738276,3,6,16.110580148545907,2,0.9998067747009254,0,0.0,0
23652,31.474410879137096,3,1,9.588221905451697,3,1.000476004138464,0,0.0,0
23653,55.579803020743064,3,3,11.8982763502094,7,0.9998377199668529,0,0.0,0
23654,34.323749895236496,3,3,15.984819975038873,1,0.9837293400579497,0,0.0,0
23655,48.433114218179504,3,6,11.16955884836617,1,0.19726202813276206,0,0.0,0
23656,53.30653151359655,4,2,11.762352730606544,7,0.9997223702207151,0,0.0,0
23657,23.085532382775938,1,2,9.496870311259956,3,0.510566693615909,0,0.0,0
23658,44.17833000915391,3,3,20.00054355447587,1,0.7069098396772514,0,0.0,0
23659,30.111192029195422,4,1,18.678384656762738,4,0.4972080758335388,0,0.0,0
23660,9.821482859554713,2,5,9.083680900365406,1,0.9489190489791972,0,0.0,0
23661,21.433906168307953,3,1,11.729897453639877,3,0.9996177845349545,0,0.0,0
23662,43.29426485853742,2,3,21.4174733141326,7,0.9360311296704505,0,0.0,0
23663,55.18325708318861,4,1,0.0,7,0.4711577222750782,0,0.0,0
23664,44.49252116131464,3,3,14.2524444753413,3,0.2523577899906784,0,0.0,0
23665,35.191931958118744,3,6,17.564691204534277,7,1.000006438981436,0,0.0,0
23666,26.3746070460865,4,2,11.554950572860141,6,0.5615271862984372,0,0.0,0
23667,30.06821500442115,2,1,3.1816416187866174,7,0.5297685921710117,0,0.0,0
23668,29.337303617940226,2,3,4.996968664714184,2,0.0527507714960902,0,0.0,0
23669,56.30149994163787,0,3,10.534130245784493,3,0.4089942893950506,0,0.0,0
23670,40.016020780427475,3,6,17.01984178988012,7,0.9997682382980166,0,0.0,0
23671,46.98417642276523,4,5,16.547487549330047,7,1.0000338191642362,0,0.0,0
23672,44.440037376359285,3,4,4.451569064937537,7,0.951255301010612,0,0.0,0
23673,35.800725184306515,3,4,20.00116889307959,1,0.1016272823917228,0,0.0,0
23674,29.283599992209407,4,6,11.373017058089685,3,0.6255412939106064,0,0.0,0
23675,41.424357748333996,3,1,19.988539807779105,3,0.7958393502039186,0,0.0,0
23676,40.40535391733868,2,4,15.045661790821722,1,0.45684369888348925,1,1392.494361375397,1
23677,28.232700380619313,2,2,7.956325882603322,5,0.052177754469070914,0,0.0,0
23678,42.2787204493729,4,3,11.877659756912776,1,1.0001210998338141,0,0.0,0
23679,39.43271872804718,3,5,8.297635741769508,1,0.7108458770715574,0,0.0,0
23680,40.61795176913194,4,3,9.671909827925377,7,0.14824339260547326,0,0.0,0
23681,19.7474165414083,3,5,15.565142801878572,1,0.22959987069900112,0,0.0,0
23682,33.55603085983098,2,1,5.492220168954943,3,0.0,0,0.0,0
23683,43.429206331828965,1,4,18.17293587890329,5,0.4222749152731809,0,0.0,0
23684,38.01845179621601,1,1,7.393608848346899,4,0.22595658077044017,0,0.0,0
23685,44.17178098961416,2,1,9.06799367347037,7,0.9235303057783948,0,0.0,0
23686,46.741737435643635,3,3,11.676698963231923,5,1.000600356703813,0,0.0,0
23687,65.80528876647766,1,1,3.6101436106566105,3,0.9997935936819666,0,0.0,0
23688,55.86520306160568,3,5,18.208063775578463,3,0.999415956899643,0,0.0,0
23689,27.45037395037768,4,5,0.0,6,0.17805507229719186,0,0.0,0
23690,43.70641337028472,4,6,0.0,4,0.8245400716479434,0,0.0,0
23691,42.8274661370984,4,1,19.996265532684646,3,0.3461864176168086,0,0.0,0
23692,48.26742432861545,3,6,14.863547401491525,6,0.4876812960199906,0,0.0,0
23693,56.933970486994994,4,5,17.635029964637383,1,0.8683923870717432,0,0.0,0
23694,49.447701320276515,4,3,5.821522168451562,5,0.2647018154043587,0,0.0,0
23695,33.27616063853069,4,6,20.08435692633303,4,0.21529862979686776,0,0.0,0
23696,52.45869451882316,3,3,14.084687734756207,7,0.45332286997331533,0,0.0,0
23697,48.504121733575666,3,3,5.062335706759947,3,0.20100362790238407,0,0.0,0
23698,51.901455109492,3,4,11.64410416057637,5,1.0143628502104791,0,0.0,0
23699,62.71468676388862,3,4,13.850315204902817,7,0.9555597408920098,0,0.0,0
23700,19.790221438368352,3,4,4.913749805241344,7,0.5590117474381067,0,0.0,0
23701,28.055710666799385,3,6,17.76722375206198,1,1.0521846083685369,0,0.0,0
23702,46.33963525229719,3,1,5.144243224353009,1,0.9760025988981273,0,0.0,0
23703,33.15853533694241,3,1,14.034981279182489,7,0.9998649922448377,0,0.0,0
23704,28.267570615345726,3,1,19.001347053882256,2,0.9996165022204254,0,0.0,0
23705,52.92811784285249,4,2,10.46834137800463,3,0.2213038809309964,0,0.0,0
23706,41.75701806728854,1,6,13.465733624069255,3,0.9999794940330182,0,0.0,0
23707,21.182250906225324,2,6,16.173829194662645,6,1.191479165511112,0,0.0,0
23708,54.182133497943866,3,3,7.332931137108069,4,0.6047442942642027,0,0.0,0
23709,62.020285654071955,4,1,3.1899239284742205,1,0.51826263091872,0,0.0,0
23710,52.259077336671176,3,6,16.518879174713636,7,1.0003672577032243,0,0.0,0
23711,62.85860822763087,3,3,9.062810526857387,4,0.9996496616484902,0,0.0,0
23712,46.48805179835087,3,4,7.754436590495123,7,0.9602149322613613,0,0.0,0
23713,45.59769966570673,3,1,17.026882530206528,7,0.21804011242247712,0,0.0,0
23714,17.38039425587447,4,3,13.402540123191512,4,0.4972658400107455,0,0.0,0
23715,54.256888378596415,3,1,21.06485430781611,2,0.49870864585707925,0,0.0,0
23716,60.3138882024395,4,5,3.8674386306302475,4,0.4984313609487428,0,0.0,0
23717,27.670555213634806,4,4,15.487461439167813,4,0.5322510965442464,0,0.0,0
23718,55.465493638257215,1,3,9.04760495368889,0,1.0003814824872905,0,0.0,0
23719,63.99614666743415,3,2,6.627013728096958,7,0.9994888243872377,0,0.0,0
23720,63.52138795053061,3,3,15.215031736766987,1,0.985832650494481,0,0.0,0
23721,46.81362759561109,3,6,17.325634330058204,2,0.41295569956683015,0,0.0,0
23722,49.44577187424402,4,3,7.354684313475725,6,1.0002613389472563,0,0.0,0
23723,32.332194669767574,5,4,20.000388138634456,1,1.0000874447456631,0,0.0,0
23724,30.833655169015174,4,2,5.786259555515153,7,0.8388912915428275,0,0.0,0
23725,29.764772309109915,3,1,17.703592323013414,2,0.31183376749489183,0,0.0,0
23726,46.46487592258067,4,6,14.417433778925803,4,0.0,0,0.0,0
23727,46.26450480982206,2,3,2.131180888019328,0,0.9996166805552591,0,0.0,0
23728,57.92395909354887,3,3,20.73127167240373,1,0.4943681846225721,0,0.0,0
23729,25.68373655801112,3,3,5.810602887611607,4,0.4996242344404697,0,0.0,0
23730,55.55556269508494,3,5,12.79064948606675,8,0.4007214560257828,0,0.0,0
23731,48.587663914183025,3,1,0.6225986675180604,4,0.2751849401407292,0,0.0,0
23732,39.17209106098017,5,6,18.804825006320478,0,0.29790525217483477,0,0.0,0
23733,18.440869968020596,5,3,21.637713801428703,2,0.26618259795160704,0,0.0,0
23734,65.10631767113546,3,4,19.997897254709113,1,1.2477172628143562,0,0.0,0
23735,44.15505661266221,3,2,18.464102205654093,4,0.40198378560753834,0,0.0,0
23736,36.38042839247433,3,3,19.46810826919713,5,0.4624694755218106,0,0.0,0
23737,47.320247194540016,3,4,6.749641723980447,2,0.6790173163867818,0,0.0,0
23738,45.870374693574334,3,6,10.897479736483756,6,0.28301266783184775,0,0.0,0
23739,44.99748558286525,3,3,20.000345841944657,4,0.8048917197741277,0,0.0,0
23740,20.713687479206374,3,2,6.922295462661447,4,0.07286349218492949,0,0.0,0
23741,54.36397721968439,3,4,13.501987370286155,7,0.0,0,0.0,0
23742,49.92327246640056,2,3,10.062744630942703,2,0.6906313740816779,0,0.0,0
23743,29.416376409191507,3,6,16.23697170963881,2,0.5555207492900769,0,0.0,0
23744,32.56780796734728,3,2,12.954085388731896,7,1.0001497317348897,0,0.0,0
23745,37.61249201982243,1,3,2.150314370584793,1,0.999717270565309,0,0.0,0
23746,28.843150884388336,3,3,12.30525635791115,7,0.9996669263198898,0,0.0,0
23747,49.28407864823068,2,5,5.354577982821098,1,0.0,0,0.0,0
23748,61.61029145145453,3,4,20.00215906074098,7,1.0002687548193185,0,0.0,0
23749,25.665451179436875,5,2,11.920303591670372,5,1.014865175504692,0,0.0,0
23750,57.985783998899045,1,4,2.349696696528902,1,1.1031946252716918,0,0.0,0
23751,39.145478507339604,2,3,4.092354896815431,3,0.9991788609275745,0,0.0,0
23752,25.50979356425197,3,3,15.847825395899761,3,0.0798012936925192,0,0.0,0
23753,52.97801397513205,3,2,12.198999797105975,1,0.17583549339461402,0,0.0,0
23754,26.48862244543143,4,2,6.709057723976667,1,0.9395256262947012,0,0.0,0
23755,65.57218481741728,1,4,19.989270520337257,2,1.0002841576330632,0,0.0,0
23756,50.90507948359199,4,1,11.675517970061323,4,1.0001541982581852,0,0.0,0
23757,37.80453029830444,4,6,17.12302083207993,7,0.39844817770053864,0,0.0,0
23758,39.19644328327127,4,1,12.362429913259813,7,0.46997041682691176,0,0.0,0
23759,54.233412593033236,3,5,12.23175675522057,1,0.8650857196987599,0,0.0,0
23760,58.61470467217988,3,1,17.141215100547882,3,0.5380191874831983,0,0.0,0
23761,46.2766093616567,2,1,15.09997239086921,4,0.34017921692096115,0,0.0,0
23762,44.61631403247014,4,4,20.008936003252238,1,0.9995861413790204,0,0.0,0
23763,39.54850698029124,7,6,18.80760618849125,2,0.1967211180253109,0,0.0,0
23764,50.39688504167637,1,6,4.058341845652797,7,0.4017961551140441,0,0.0,0
23765,39.0344687259219,3,3,6.399341740368409,4,1.000072816464201,0,0.0,0
23766,23.55928440200291,2,4,10.85653697621713,5,0.044702056567898274,0,0.0,0
23767,53.32236533941696,5,6,7.849619272196716,2,0.8192627844312015,0,0.0,0
23768,54.29229646393097,4,6,3.0082993767374724,7,0.8550361283827465,0,0.0,0
23769,63.275682263581416,5,4,11.96158582869458,7,1.0002852135021274,0,0.0,0
23770,26.10456803830148,2,1,3.561540348807899,2,0.0,0,0.0,0
23771,40.234442117371565,7,4,17.174849103923396,1,0.5934294230121676,0,0.0,0
23772,75.40162520153832,3,3,23.67022932079972,2,0.9994556687427516,0,0.0,0
23773,47.08433129023494,3,3,15.071693074083953,7,1.0000690104128178,0,0.0,0
23774,17.06497676349634,3,3,8.214255663152493,5,0.24011754120266016,0,0.0,0
23775,35.28148140292919,3,3,7.392041697467274,3,0.9414200682362255,0,0.0,0
23776,27.032416605978423,6,2,12.991034690164307,4,0.27019103165896363,0,0.0,0
23777,32.84287382154736,1,2,6.702107025524104,4,1.017216754080969,0,0.0,0
23778,41.84272729225541,3,1,16.62144902830514,2,0.999812997461113,0,0.0,0
23779,24.235836665348813,3,5,10.760498198395782,1,0.5179515914258022,0,0.0,0
23780,37.40636470935837,5,6,11.42908160897104,6,0.632018641360697,0,0.0,0
23781,50.08382521892126,2,1,15.686837456255482,2,0.9997492419653458,0,0.0,0
23782,41.95582571655765,3,4,20.00169635709977,1,0.4981596031967006,0,0.0,0
23783,45.04241854236592,2,6,13.611957571646185,7,1.0000185091969995,0,0.0,0
23784,51.9077863538776,6,3,4.008659967984968,5,0.2973987778710025,0,0.0,0
23785,45.617124541466566,3,1,9.39845186497226,7,0.9997024886219043,0,0.0,0
23786,24.681047887508797,4,4,20.00922886697866,1,0.26687078378238793,0,0.0,0
23787,36.70547600611978,5,1,14.252060520760052,0,0.957769255581052,0,0.0,0
23788,42.5696158306065,3,5,18.914724645215692,2,0.9997931494700192,0,0.0,0
23789,44.81564991471772,3,2,9.056975056796993,1,0.17037808513559405,0,0.0,0
23790,39.80776156678618,1,3,13.037601964411557,5,0.9995003296756668,0,0.0,0
23791,65.2327842962163,5,3,19.553317097499438,3,1.000352359184387,0,0.0,0
23792,45.360395966076666,3,5,9.584633344966097,4,0.28301111532838885,0,0.0,0
23793,57.74326373020935,2,3,12.727871179991348,7,0.9663071947258602,0,0.0,0
23794,43.71066631099935,3,6,15.50854375928835,7,0.9993831063793955,0,0.0,0
23795,36.63168511405499,3,3,7.665248983814298,1,0.9997844358146442,0,0.0,0
23796,38.70988787606337,2,1,6.805844699620396,2,1.0000778643998558,0,0.0,0
23797,41.30474207858534,1,1,20.009659343048007,4,0.6841496899984019,0,0.0,0
23798,26.88050932906436,2,1,7.717821203462243,2,0.25462855973507986,0,0.0,0
23799,36.731492562709306,5,3,6.899641257400445,2,0.3048303163950963,0,0.0,0
23800,20.676953147227533,2,3,11.257698729591446,3,0.9453802077677567,0,0.0,0
23801,38.4516130596332,4,4,20.00429944347844,7,0.767127472759823,0,0.0,0
23802,23.58376910021737,3,2,16.81610747536001,2,0.9538297525517723,0,0.0,0
23803,25.676467593436346,5,2,7.8203056172906855,4,0.27987702767349126,0,0.0,0
23804,34.59201162196939,4,5,3.7539161196106043,4,1.0014715025408214,0,0.0,0
23805,43.12980524827641,2,2,7.601367468161134,5,0.3923432162020237,0,0.0,0
23806,33.679280792844885,3,2,6.393441873829161,4,1.0002358223718846,0,0.0,0
23807,38.78520794659238,4,2,2.6182602529457455,7,0.36042256495954206,0,0.0,0
23808,41.86453018120738,4,3,8.237306410198784,4,0.9997388653447359,0,0.0,0
23809,47.45068937720115,4,4,20.004771849360644,1,1.0001484796969886,0,0.0,0
23810,41.350545779421516,1,6,6.565846643009484,7,1.0004847036804183,0,0.0,0
23811,57.50988720243336,2,6,16.177559619187534,2,0.1280368364999358,0,0.0,0
23812,62.06763867297632,1,3,13.604993704006658,8,0.4989540267799411,0,0.0,0
23813,30.048573454381774,2,2,9.617917340421283,3,0.9872242099692587,0,0.0,0
23814,46.05352077766112,2,3,8.225694185209086,7,0.9999226987339778,0,0.0,0
23815,41.390280504778914,0,2,4.999029938052068,7,0.49875738103823963,0,0.0,0
23816,61.21403849344575,3,4,18.92467123810213,3,0.579373588836736,0,0.0,0
23817,33.501282837354765,2,1,19.996706440803187,4,0.5768306726082859,0,0.0,0
23818,35.364361750397094,3,3,7.929479751348964,3,1.0001048956197716,0,0.0,0
23819,51.186455770204766,4,1,19.99873633730605,3,0.2828734980655689,0,0.0,0
23820,41.087680705083315,4,1,0.0,3,0.6132011428553436,0,0.0,0
23821,16.44411619989457,3,4,9.15331483410875,1,1.0001626528270324,0,0.0,0
23822,29.43870011979189,3,2,12.413767821502228,1,0.0747140151012834,0,0.0,0
23823,53.87841246754615,3,6,10.552183076389305,3,0.9999410049007372,0,0.0,0
23824,41.13788094884037,4,3,9.697622504985782,7,1.0002069605377994,0,0.0,0
23825,40.62246877834725,3,6,13.429834828428927,3,0.48356562768287575,0,0.0,0
23826,58.1960837308491,3,3,10.099073489297224,7,0.9999642526769044,0,0.0,0
23827,53.36134081486071,3,6,13.91415966610215,3,1.0005274706703444,0,0.0,0
23828,63.955393832872545,3,5,7.444852135958204,1,1.2678622893131257,0,0.0,0
23829,30.1994873220032,3,4,8.372535987777633,2,0.17315474443853873,0,0.0,0
23830,30.59021336455286,5,3,10.000925979611958,5,1.0000412247196084,0,0.0,0
23831,48.46949163645562,5,3,10.674272591076104,4,0.9996066121224552,0,0.0,0
23832,12.905241933990997,3,4,12.62652968894082,2,0.7727089119530633,0,0.0,0
23833,27.83498391461362,5,4,10.309010470439182,2,0.4324989344870419,0,0.0,0
23834,36.70097108196584,3,1,6.551455251629729,4,1.0001127548088444,0,0.0,0
23835,58.951644945448685,5,1,17.856860521633642,2,0.41970520940959793,0,0.0,0
23836,62.242848041570056,2,3,0.5248852121476695,7,0.28269947586548144,0,0.0,0
23837,18.961218738210405,4,6,14.96644019818428,4,1.000017782435321,0,0.0,0
23838,41.332673430466905,6,4,18.699591997243797,7,0.3124935720592008,0,0.0,0
23839,41.9806240059837,3,3,0.0,3,0.9998534981322706,0,0.0,0
23840,44.73218706688264,4,6,9.77853358535489,7,0.9743301965284723,0,0.0,0
23841,45.493440115529665,2,6,15.152271291087569,1,0.5332905660914012,0,0.0,0
23842,44.17734660505858,3,6,0.0,7,0.6372860597367787,0,0.0,0
23843,35.72556604439502,5,6,12.873403126884202,7,0.9998419605223181,0,0.0,0
23844,46.39220571068517,6,6,21.06035449511794,7,0.916887382717049,0,0.0,0
23845,58.512533365206146,2,3,22.772356018855625,7,0.999531510749322,0,0.0,0
23846,28.318044361520705,3,4,12.405679088385302,7,0.04502431410700658,0,0.0,0
23847,41.08245713947771,5,3,27.227606082070476,6,1.0001176461029875,0,0.0,0
23848,29.41877087662981,2,3,16.069075481524106,0,0.9994670558677886,0,0.0,0
23849,25.967152193727582,3,2,16.800020492914307,2,0.9995546799293247,0,0.0,0
23850,28.536724662110544,5,6,13.241202697675954,3,0.35819962278187223,0,0.0,0
23851,44.56370862606728,4,6,10.722173103088108,3,0.3791803623682446,0,0.0,0
23852,34.66483385210411,4,3,0.0,7,0.361082257450328,0,0.0,0
23853,60.598802003808544,7,4,20.00584654100025,5,0.4943648488211182,0,0.0,0
23854,48.85866315897552,3,2,16.05117518346308,5,0.41890667189862646,0,0.0,0
23855,34.05799866948075,4,7,7.333056658050092,5,0.5166003258439766,0,0.0,0
23856,45.541115801119105,3,2,13.753593132474647,7,0.9998696057202757,0,0.0,0
23857,60.32253136611925,3,1,15.473595677383024,3,0.9552467430087108,0,0.0,0
23858,58.066589812166775,3,1,16.085594376061398,7,1.0001671299086279,0,0.0,0
23859,17.853590161968,2,6,17.04362291514803,1,0.2571802714633536,0,0.0,0
23860,34.07085447599071,3,3,2.3218949538413067,7,1.0004341504642142,0,0.0,0
23861,43.67336120953217,2,6,6.149333369776699,6,0.4103782175746022,0,0.0,0
23862,50.54897324985413,6,3,6.948407796024471,1,0.5610014688653427,0,0.0,0
23863,50.970872780698706,2,3,5.138995964770728,7,1.000068913626477,0,0.0,0
23864,50.479356491173235,4,6,18.43472536778682,2,0.41607484490324115,0,0.0,0
23865,56.89424865805225,3,3,2.071112894894311,7,0.775407628668376,0,0.0,0
23866,12.696379794060416,4,1,5.415744932421619,2,0.1035200551258052,0,0.0,0
23867,57.45869648726813,3,3,26.225441433923756,7,1.000263849954514,0,0.0,0
23868,52.871087723563754,1,3,11.415782027971385,7,0.41860345815786987,0,0.0,0
23869,41.06900676998666,5,1,6.613477167016173,2,0.0,0,0.0,0
23870,44.84591213784234,5,1,12.549622868318524,7,0.28597341103684804,0,0.0,0
23871,34.891038105466514,4,3,14.549813263710766,1,0.5758236841582249,0,0.0,0
23872,29.579683075523487,2,5,11.846413289092748,4,1.0537194451112615,0,0.0,0
23873,41.48245021254417,1,1,13.240826785253958,6,0.401870530460996,0,0.0,0
23874,39.0791882783988,2,4,20.00539585294713,1,0.9996716025900199,0,0.0,0
23875,37.10067197293291,6,1,0.0,5,0.5569208526326902,0,0.0,0
23876,55.05586460587731,2,2,9.329789784077617,3,0.0004079088204679282,0,0.0,0
23877,52.91123929815835,1,3,19.98888231988453,1,0.024697239476060617,0,0.0,0
23878,22.962268826968202,2,2,3.0650700246829885,5,0.5952894140696504,0,0.0,0
23879,40.86769950408583,3,4,11.666753492867691,2,1.07351250989114,0,0.0,0
23880,43.7716707388848,3,3,5.099043797022175,7,0.9999354217429541,0,0.0,0
23881,53.07980571416204,3,4,17.27356087607821,3,0.5895637854448811,0,0.0,0
23882,46.42164291402805,2,3,9.245322755926109,2,0.7811418986585319,0,0.0,0
23883,56.01713223625609,6,5,6.997149305812473,7,0.43525118023941506,1,14674.389990687805,1
23884,47.00891045651356,0,3,1.2074808263704018,7,0.9999523444588478,0,0.0,0
23885,33.47100050143037,2,2,13.54259566662092,4,0.11189513912961746,0,0.0,0
23886,61.13566315277458,3,4,13.061412482657875,2,1.0000721212219745,0,0.0,0
23887,41.141667342213424,4,1,6.623368344161934,3,0.5015987766451483,0,0.0,0
23888,38.30771685912112,1,3,12.750073152468838,7,0.3421790931404284,0,0.0,0
23889,22.971061015475005,2,3,11.525652423312366,3,0.9996740581100105,0,0.0,0
23890,57.184832863515,3,1,16.993132318134172,7,1.0045148514134294,0,0.0,0
23891,61.568885514811825,2,6,10.742957476511062,2,0.4701561165999547,0,0.0,0
23892,51.72793652853598,3,3,13.880634584384714,2,0.999751161968482,0,0.0,0
23893,44.46211400541998,4,2,14.90577706552195,6,0.5818653634142981,0,0.0,0
23894,24.9890642261185,2,5,2.243018889558737,6,1.105233287256505,1,6189.135739849333,1
23895,59.7130912921574,3,3,17.320687903805037,7,0.9998925218661845,0,0.0,0
23896,18.098641135089313,1,1,8.192342968777265,1,0.011740249531637104,0,0.0,0
23897,41.242317127403055,3,1,11.936473774272603,7,0.9999111610075968,0,0.0,0
23898,48.97549079196344,5,3,12.706087929964504,2,0.4970950426346932,0,0.0,0
23899,33.53290666692696,4,6,0.0,6,0.6855974140647876,0,0.0,0
23900,38.88371576074806,1,4,6.3145834801817164,7,1.0002609097470014,0,0.0,0
23901,49.77180024473635,3,4,13.116746359305269,3,1.0078133296822278,0,0.0,0
23902,79.76298973336472,3,5,16.665009872960432,4,0.4677220665050099,0,0.0,0
23903,24.49983540517113,4,2,9.569764902498443,1,1.000196009161018,0,0.0,0
23904,45.75346026703052,4,6,15.941649922668972,6,0.5646673625891107,0,0.0,0
23905,61.035104057977904,3,8,9.065186557820565,7,0.9462389299004232,0,0.0,0
23906,60.574244242445545,3,2,5.872999844980062,7,0.5265670926303646,0,0.0,0
23907,54.89527386735551,3,4,19.999986168752926,4,0.5000734394511814,0,0.0,0
23908,33.815653237687684,4,2,14.858695085602578,7,0.9999893340611985,0,0.0,0
23909,33.75655312216861,3,4,14.642092162026309,3,0.1947845741734059,0,0.0,0
23910,54.9790333407535,3,2,5.1951350691698615,5,0.1230798975651487,0,0.0,0
23911,48.714682201080365,3,1,20.001579175281776,1,0.8570894205390871,0,0.0,0
23912,52.57952503118716,2,3,15.520479790336724,7,0.9999930813350926,0,0.0,0
23913,50.55515574716114,1,2,1.9582590411818686,6,0.6547261893151917,0,0.0,0
23914,55.42817993186344,4,6,9.567396011471113,7,0.6961072705068181,0,0.0,0
23915,23.636801714806396,3,2,7.5794280978035875,4,0.27407680705279547,0,0.0,0
23916,50.49261567855948,6,3,10.329532485601305,2,0.49995216241862145,0,0.0,0
23917,24.74810311103613,2,3,8.640989135320257,2,0.49902780818255443,0,0.0,0
23918,17.245968835143493,1,3,19.985635519592144,1,1.00023360866049,0,0.0,0
23919,53.76230360820095,3,2,17.062355817859046,2,1.0000030078086426,0,0.0,0
23920,52.29082466239807,3,2,4.8285038006284235,7,0.5992207744610926,0,0.0,0
23921,40.29455245088979,2,2,9.852037949581081,1,0.42889584982198337,0,0.0,0
23922,2.315646543542236,2,5,14.471259915965462,0,1.0200193719181696,0,0.0,0
23923,22.99433824424896,1,6,1.0080726712761656,1,0.15379244333797404,1,47841.434208759325,1
23924,25.338674859312928,2,4,4.716162820543604,3,0.04100496953672439,0,0.0,0
23925,54.4189614046631,3,1,7.402408460527299,7,0.9849701023427673,0,0.0,0
23926,69.14422871986434,4,5,21.207901709997195,1,1.1817077953215471,0,0.0,0
23927,25.875847809549413,4,2,9.395109437346962,7,0.8414138724229033,1,49424.35631038825,1
23928,38.30662245707538,3,3,22.015292988237128,6,0.37066007527718975,0,0.0,0
23929,44.462106412870874,2,4,19.998061802992197,4,1.0003881394985972,0,0.0,0
23930,76.81649068015798,3,8,33.27817530557893,7,0.9218455431004104,0,0.0,0
23931,27.908934415297203,6,3,12.82855164029718,1,0.7308948131197243,0,0.0,0
23932,57.57904993560503,3,6,15.028473054625413,1,0.8779924449418773,0,0.0,0
23933,51.027094321840714,2,4,21.46130581392961,5,0.49000348240465863,0,0.0,0
23934,60.709340112191825,3,1,12.248705321596624,2,0.502280471617951,0,0.0,0
23935,51.60022128803681,3,4,21.718663444367955,7,0.9998810833446894,0,0.0,0
23936,47.381815083665145,6,3,14.11936386515616,5,0.3785140281583574,0,0.0,0
23937,46.24874756771451,2,4,3.19093682480342,8,0.26842836662734265,0,0.0,0
23938,35.208391521128476,3,6,12.149860474226447,2,0.4155972357841687,0,0.0,0
23939,26.34891851819959,4,2,10.419915521637577,3,0.6881469825160339,0,0.0,0
23940,44.855442887578796,2,6,8.48370046408364,1,1.0179242009155445,0,0.0,0
23941,28.70714186596083,2,3,11.945305640538706,3,0.1407614030633535,0,0.0,0
23942,66.07667119294575,5,6,9.506499029310653,7,0.8313471142891402,0,0.0,0
23943,32.33822899125151,5,1,14.185852316547019,3,0.9999840489685716,0,0.0,0
23944,71.17302476106548,4,5,9.8640447498532,4,0.4993333200706647,0,0.0,0
23945,43.78230394068422,2,2,19.994159942699312,2,0.6506588578232524,0,0.0,0
23946,45.514541890898464,3,3,7.590893147381092,7,0.9999554765523289,0,0.0,0
23947,59.656295190825816,3,6,12.90145642916908,3,0.07454288002366793,0,0.0,0
23948,62.17969164233257,3,3,12.352656976952122,6,0.49799231975668523,0,0.0,0
23949,42.036268060515916,4,3,12.44201966973871,1,0.6668140502203461,0,0.0,0
23950,25.37087964058655,2,6,3.7302977560334103,7,0.781726009560369,0,0.0,0
23951,31.160585778894625,2,4,6.666278342971281,1,0.31945383074727624,0,0.0,0
23952,30.24920415953889,3,4,18.039086845154515,4,0.7171214033594756,0,0.0,0
23953,55.04110420899736,2,6,8.702600282847012,7,1.0005472340397048,0,0.0,0
23954,47.24692046485002,4,3,12.868519129316384,1,0.9999666762397774,0,0.0,0
23955,39.996570134327484,4,1,20.649621045219,7,1.000404347064658,0,0.0,0
23956,38.82594713551278,1,5,12.928169078151363,1,0.9597271364065936,0,0.0,0
23957,45.3386223753903,3,1,11.305895319977045,7,0.9995002078438384,0,0.0,0
23958,57.95686265156622,1,6,0.7998044944490061,6,0.4402552551768032,0,0.0,0
23959,38.05722025348539,1,3,7.744417959011726,1,0.4980660004879924,0,0.0,0
23960,32.600259922519605,3,5,16.724977587913074,4,0.27309626736470977,0,0.0,0
23961,38.91534479777253,3,4,19.998815274401146,1,0.8633335484206867,0,0.0,0
23962,31.64629000379261,3,3,7.254157308898817,3,0.8165013884282528,0,0.0,0
23963,45.14269249479684,1,6,13.913323217812035,4,1.0001692735725956,0,0.0,0
23964,37.614872577014225,3,3,19.64018097740263,5,0.9999537254435078,0,0.0,0
23965,51.20803780951614,4,3,7.086861962644393,6,0.4916931482993655,0,0.0,0
23966,59.01446181161692,5,6,15.275934115998654,1,0.9986037912244927,0,0.0,0
23967,58.73351823097231,5,3,7.902504594611491,3,1.000054014534554,0,0.0,0
23968,43.58880902836295,3,6,10.07867547914855,4,0.9997080575420298,0,0.0,0
23969,35.33641521723941,4,2,12.279990497286333,3,0.2868367520409733,0,0.0,0
23970,52.797074654332306,3,4,14.137567212615277,4,0.8811260737931976,0,0.0,0
23971,55.14526844873114,0,3,0.7692932515489268,1,0.9647637463527603,0,0.0,0
23972,37.10556705280418,0,3,17.39230457790297,2,1.000039999152048,0,0.0,0
23973,0.6197212402239742,2,3,3.8734464796021033,2,0.24202308033785314,0,0.0,0
23974,39.65563654976877,4,1,14.735017767480816,4,0.9600101577997499,0,0.0,0
23975,25.373202468414746,2,6,15.396361600399567,1,0.575695847318062,0,0.0,0
23976,39.246713043610384,4,3,12.404185223494233,1,0.9625814512347121,0,0.0,0
23977,51.068497030068144,4,4,7.803169160272624,1,0.9860789493620359,0,0.0,0
23978,31.37071744247145,0,3,8.131198178446278,7,0.999773841537329,0,0.0,0
23979,44.179079833024545,4,6,6.205541750291909,7,1.000286377051741,0,0.0,0
23980,55.28326832570871,4,3,17.06284592152889,3,1.0001656109888726,0,0.0,0
23981,35.24134703132173,2,6,15.841034452683045,3,0.733860038736654,0,0.0,0
23982,53.7176022398902,1,4,0.0,2,0.0,0,0.0,0
23983,48.21390828177054,3,3,2.542766265255789,7,0.9996706635607091,0,0.0,0
23984,55.09502533136569,2,3,12.260061937636191,7,0.5292418400129053,0,0.0,0
23985,26.63022254362741,5,1,1.9490695722832303,1,0.2608351871342902,0,0.0,0
23986,25.02188646125311,3,6,3.5790901234392143,6,0.4218427206458936,0,0.0,0
23987,26.42286067566803,2,2,14.899485144135616,7,1.000625410193063,0,0.0,0
23988,43.35225146338377,1,2,5.815636102272331,1,0.24985088437546427,0,0.0,0
23989,26.178483979582232,1,2,13.22828955873743,7,1.0002605556408937,0,0.0,0
23990,27.844901095282925,4,6,21.36538181502742,7,0.8132268560365226,0,0.0,0
23991,62.745005264319246,2,3,10.162723149421648,4,0.999843318922762,0,0.0,0
23992,54.583487062224044,3,2,8.718049610722943,7,0.9999315437004423,0,0.0,0
23993,46.19574397329721,5,4,20.002391466867024,2,1.0004078761897635,0,0.0,0
23994,49.41887941303757,3,2,16.013901390870604,1,1.0003037974967952,0,0.0,0
23995,44.37793558938242,3,3,0.0,0,1.0002763525374858,0,0.0,0
23996,57.22459854996529,5,3,18.21687327106964,4,0.15843764920988657,0,0.0,0
23997,29.9297707955528,3,4,19.989314246736967,1,0.4913258595411646,0,0.0,0
23998,54.56882937507209,3,3,1.2867060253997682,2,0.32462529303638316,0,0.0,0
23999,35.891535176215356,3,1,6.612768355690548,7,0.9999205611367588,0,0.0,0
24000,21.326858560120066,3,5,4.817412180668741,7,0.9801474590770987,0,0.0,0
24001,52.78934043460621,6,3,18.378850698761838,1,0.49701790958909986,0,0.0,0
24002,26.668551633719638,2,3,1.7363834885780847,1,0.999885915512925,0,0.0,0
24003,41.09639185396425,3,1,3.013940213503581,7,0.9997802457417647,0,0.0,0
24004,48.35684565524413,4,6,10.321879611175175,7,0.3653819189409456,0,0.0,0
24005,52.76430333748778,4,2,2.755416160957658,6,0.1011625934440663,0,0.0,0
24006,36.67337059040076,1,4,15.000674182762996,1,0.3540420698872779,1,8645.905736456034,1
24007,27.52531843989984,3,6,12.82928986671056,3,0.4791666203254624,0,0.0,0
24008,52.81044431108762,3,6,13.715892683918797,5,0.1895673085675158,0,0.0,0
24009,47.45430494803744,2,3,5.960022894168152,2,0.605931724395854,0,0.0,0
24010,31.256825107508625,3,2,0.4915359868991551,7,0.5548404456588263,0,0.0,0
24011,47.07391276295171,3,6,4.817998569257009,3,1.0004853879676514,0,0.0,0
24012,64.97129825061583,3,3,20.077120190323882,1,0.9999312711125365,0,0.0,0
24013,30.39675350304482,5,1,11.377338738357112,4,0.47816243959143534,0,0.0,0
24014,69.0180655765747,3,3,7.0679917594536334,7,1.0001767929290661,0,0.0,0
24015,47.11120494043593,3,6,6.929087764906498,7,1.0002005612015483,0,0.0,0
24016,57.89719714608198,1,6,2.334549497074244,1,0.6805109283391155,0,0.0,0
24017,32.72160711444602,3,1,4.396692107586088,3,0.27259861645834704,0,0.0,0
24018,49.117723379471,3,6,15.358976240883036,1,1.0289809196750088,0,0.0,0
24019,67.45424728813722,2,4,9.274646159731812,6,0.37087857109682165,0,0.0,0
24020,24.41972235974682,2,6,16.72135776028397,7,0.5209544968160307,0,0.0,0
24021,52.756312072720334,4,1,2.702516161899254,5,0.7464410059730974,0,0.0,0
24022,41.64185230805299,3,6,11.736348411792376,1,0.9641008951953113,0,0.0,0
24023,41.56146935460878,3,1,13.520283070004325,4,0.4990028841663464,0,0.0,0
24024,37.55370356718964,3,3,7.346597650566698,7,1.0001867384812204,0,0.0,0
24025,42.53165898308236,3,6,0.386019762222384,3,1.0694737574002788,0,0.0,0
24026,32.891131499574314,2,3,3.3502104732790325,3,0.999992748989795,0,0.0,0
24027,39.15925973145646,4,4,19.98825596923335,2,1.0001399787000698,0,0.0,0
24028,32.90050122141891,4,6,20.64747069842743,3,0.12917496633710468,0,0.0,0
24029,48.11809388770527,1,3,11.651356801606546,7,1.000106952610504,0,0.0,0
24030,44.07839167840715,2,1,8.51046661490724,0,1.00012482244822,0,0.0,0
24031,41.241543514650175,2,6,17.147990697243255,7,1.0001121263812622,0,0.0,0
24032,52.29275801900068,4,2,16.16159148233063,7,0.9998626098780737,0,0.0,0
24033,31.184734153900596,2,1,3.504377879264629,4,0.0,0,0.0,0
24034,60.361701860818194,4,3,7.478284202671524,7,0.9999743719314063,0,0.0,0
24035,46.35179930619138,1,1,12.234114495928273,2,0.9999003434867646,0,0.0,0
24036,48.3878430035882,5,1,7.107314021501464,7,0.36746037019786465,0,0.0,0
24037,46.213455301008864,3,3,16.62840994985801,4,0.9996620932129138,0,0.0,0
24038,56.08555091348916,2,3,1.7031103535223053,3,0.9993953752718763,0,0.0,0
24039,47.94336615303692,2,1,4.889225047990989,3,1.000797111422727,0,0.0,0
24040,58.815785138033036,4,1,7.953920960186823,2,0.9465982352662069,0,0.0,0
24041,27.733338836177833,3,2,15.392688365726636,2,1.0004044065524602,0,0.0,0
24042,36.94330806997628,2,2,6.3087222451080915,7,0.2308975196467562,0,0.0,0
24043,33.718853789675755,4,1,10.560052656521195,2,0.9992355657204777,0,0.0,0
24044,59.45559452160778,2,1,20.062781832122283,3,0.0,0,0.0,0
24045,68.11423548185186,2,3,11.306848578638565,0,0.5023734073383479,0,0.0,0
24046,41.49590801052972,3,4,6.371965770611859,1,1.0053270163448067,0,0.0,0
24047,60.407105367616936,3,6,3.818177982983917,7,1.0000213897910688,0,0.0,0
24048,34.6792451937428,3,2,6.817454147123858,7,0.9995792872881593,0,0.0,0
24049,48.72946517987266,3,6,13.674901702850537,7,1.0002988737889222,0,0.0,0
24050,47.7851939212845,1,6,8.736668801541201,7,0.9999888177848573,0,0.0,0
24051,44.79659489017546,1,3,0.0,6,0.9997230111987305,0,0.0,0
24052,25.063050650266398,2,1,15.486205246871155,1,1.0047860648007974,0,0.0,0
24053,34.75208069326269,2,6,8.357193562449972,7,0.9996216154772486,0,0.0,0
24054,55.73421514038755,1,3,10.728926140875593,7,0.5499960325318584,0,0.0,0
24055,51.54016427277482,5,6,9.626283061078656,7,0.9998479278780212,0,0.0,0
24056,40.17960935473817,4,4,19.99180886114569,1,0.9998132673248974,0,0.0,0
24057,21.43982473817969,4,2,11.005274506702062,5,0.15190538997723024,0,0.0,0
24058,47.3279432621605,3,6,19.10946917492502,7,0.8381253501096714,0,0.0,0
24059,59.20912973025192,3,6,18.141858697795435,3,1.0001146453501089,0,0.0,0
24060,59.305225461362745,3,3,21.146477571207733,2,0.9995314207929877,0,0.0,0
24061,48.63607400613542,2,2,0.8534739302280006,7,1.0000300732855048,0,0.0,0
24062,28.263620727934125,3,3,10.867401247904214,2,0.9999630053702382,0,0.0,0
24063,46.017941028832006,4,3,10.720973181685023,6,0.3322806848454497,0,0.0,0
24064,32.46787232499124,3,2,5.3609579111847045,4,0.9350970556793037,0,0.0,0
24065,52.34024150579132,3,2,12.467275941570904,6,1.0002415348503526,0,0.0,0
24066,58.802241505598886,4,1,34.30469359789977,7,0.6597705253794603,0,0.0,0
24067,50.97800112565585,3,3,14.487110386398781,7,1.237255957209757,0,0.0,0
24068,67.59529205589016,5,3,9.072195784102295,5,0.9434393735314801,0,0.0,0
24069,49.55414531107671,3,2,7.755430985822108,1,0.10658548529673462,0,0.0,0
24070,28.99135152599616,3,6,12.398407909527823,3,0.46841173860847807,0,0.0,0
24071,37.098219526322914,0,2,11.74944167275263,1,0.36282298191205425,0,0.0,0
24072,73.50281738692826,1,1,5.942150377594326,5,1.0003415941604603,0,0.0,0
24073,58.77359308389573,4,1,12.149826183362377,6,0.19641868348742253,0,0.0,0
24074,55.03166884794613,2,6,15.538172828127728,1,0.270057626942797,0,0.0,0
24075,71.17486245716051,2,5,18.23553533680321,5,0.5003314238133467,0,0.0,0
24076,24.39216555744181,3,3,11.621152232396156,7,0.0,0,0.0,0
24077,53.18676139598949,5,6,12.436980986677568,7,0.9999520159926485,0,0.0,0
24078,23.92043009274973,3,2,1.5937178318726044,5,0.3439435461339753,0,0.0,0
24079,51.12662108707786,3,1,6.585238919451067,7,0.19136779029259354,0,0.0,0
24080,30.919284078122484,2,3,1.9153560019130396,1,0.3747426803454082,1,68991.30375361184,1
24081,35.22172187361972,2,6,9.603120989610819,1,0.5477494382015757,0,0.0,0
24082,29.59298315081416,5,6,21.07596840347174,7,0.573202255853041,0,0.0,0
24083,65.34914589907444,4,3,22.25267608400104,2,1.000117960111414,0,0.0,0
24084,51.6372056989367,2,3,9.018272410921032,4,0.9201022144421938,0,0.0,0
24085,40.49424569464298,2,3,16.447430005328115,1,0.4198174335813015,0,0.0,0
24086,70.94930679154453,3,3,4.933398033976223,7,0.9995401867313647,0,0.0,0
24087,45.97433211805732,3,5,13.509241811038208,3,0.500304702642982,0,0.0,0
24088,47.392727840069455,3,6,14.333639356981438,4,0.7059734613938596,0,0.0,0
24089,54.83023741217122,4,6,17.545995696186367,7,0.9997080025606733,0,0.0,0
24090,35.462931696878165,4,4,5.734075581495764,1,0.9947853599581955,0,0.0,0
24091,24.027120670441757,4,2,25.151859712721592,7,1.000131605442796,0,0.0,0
24092,41.43351271215268,4,2,15.0795998164851,1,1.0001179108055702,0,0.0,0
24093,47.55565023977383,2,1,13.049176152731974,7,0.9999482121394709,0,0.0,0
24094,47.94267240586474,3,2,16.751944150526995,4,0.4340505679095825,0,0.0,0
24095,41.67309413013564,1,5,1.1385344486350526,6,0.554460055448756,0,0.0,0
24096,58.39235984716238,2,5,7.356419868121508,1,0.9538787670250859,0,0.0,0
24097,56.36106998589294,4,2,9.703194860898266,3,0.267597220869337,0,0.0,0
24098,41.91483849079295,3,4,19.321386850271075,5,0.3655595270722737,0,0.0,0
24099,45.47564248957835,4,2,19.829382239870846,7,1.000329373522422,0,0.0,0
24100,53.459760506878084,1,3,5.330500786703506,4,1.0002705164246684,0,0.0,0
24101,41.085881013160574,3,6,16.84013361098437,2,0.7584209177371278,0,0.0,0
24102,44.44998873297987,3,1,31.80591650125344,7,0.4118181342434727,0,0.0,0
24103,37.718867786590735,3,6,1.7463765524967716,0,0.3723032212714939,0,0.0,0
24104,32.20658456415192,5,6,17.934400303819743,3,0.6544948508640565,0,0.0,0
24105,62.27200385586168,2,4,20.006542077563445,1,0.999642655518646,0,0.0,0
24106,34.88096385912741,5,6,12.23760463045455,6,0.9395471610658896,0,0.0,0
24107,33.828954927132045,4,2,15.962668955287914,7,1.000280402420024,0,0.0,0
24108,23.67818371279706,2,2,5.995817932847819,7,1.0002237540422594,0,0.0,0
24109,59.03479462323538,2,3,0.0,2,0.4981636418472554,0,0.0,0
24110,33.94543336558985,6,2,13.524467312583015,1,0.5535432942782886,0,0.0,0
24111,47.7806240114141,3,5,6.383089802840106,2,0.4958975036872991,0,0.0,0
24112,63.786018695421475,1,3,8.705748798609504,4,0.9999523947318653,0,0.0,0
24113,39.17395366458765,3,1,28.20167270542559,7,0.5813914812618779,0,0.0,0
24114,47.45658826153272,4,2,23.356781541844352,7,0.7106144948325743,0,0.0,0
24115,51.54729961887231,2,3,3.125682268688971,7,1.0003164218328355,0,0.0,0
24116,44.84562578242367,1,1,5.352577602635294,3,0.9312375338087885,0,0.0,0
24117,54.97297403883802,2,4,20.00555069111426,3,0.9999877235209007,0,0.0,0
24118,35.016449545438164,1,3,3.074449842719586,7,0.38100856385554627,0,0.0,0
24119,48.14389222608113,3,3,5.498806043938917,6,0.5046096319190463,0,0.0,0
24120,0.49088021345926336,2,5,1.6065217559145086,1,0.23304111079900836,0,0.0,0
24121,48.94581225256748,3,3,10.246583774596122,0,0.9559223263700083,0,0.0,0
24122,46.26062967474321,3,3,14.805573529789365,7,0.9999089423624088,0,0.0,0
24123,34.4417581587385,1,5,8.903801617297498,7,1.0002465058131533,0,0.0,0
24124,38.881404908579036,4,6,13.005815111545402,3,0.5843021388671321,0,0.0,0
24125,52.63433210833685,2,3,16.971186055367983,7,1.0003808342943907,0,0.0,0
24126,9.989599465742756,4,3,15.288586260225319,2,0.5475433978630099,0,0.0,0
24127,45.28853379674115,4,3,10.565405817080997,2,0.9992083984991689,0,0.0,0
24128,25.87232058830274,3,1,19.998858747385054,0,0.9049349457440575,0,0.0,0
24129,50.985307186737415,2,3,11.757981061950384,4,0.9997009950040392,0,0.0,0
24130,40.83662926432766,2,6,6.620532889709426,2,0.44979296370445787,0,0.0,0
24131,25.669619622508183,2,6,18.235941131069726,2,0.21694621091310584,0,0.0,0
24132,43.863520362361335,1,4,17.172368842271936,2,0.9243586851274528,0,0.0,0
24133,45.33980186692048,5,6,12.917761004003252,4,0.494626092626574,0,0.0,0
24134,39.90859759587967,4,1,9.701426658269247,7,0.986915404817573,0,0.0,0
24135,41.67941855938458,2,4,12.926805177965552,7,1.0002949174999454,0,0.0,0
24136,68.26493910672413,3,4,7.266972637309258,7,0.5500861051206541,0,0.0,0
24137,54.23558577348801,3,5,18.73771241431491,1,0.25709103155599483,0,0.0,0
24138,28.062645399597173,3,4,19.987859766492267,1,0.21022872193041725,0,0.0,0
24139,24.63007053808157,4,2,2.2296717355864413,4,0.652323329715407,0,0.0,0
24140,48.093518965108714,3,1,7.7714728362446195,7,1.0005263929123376,0,0.0,0
24141,38.811573760888706,1,4,4.141146024642775,7,1.0000741800071202,0,0.0,0
24142,35.20054781268596,2,1,0.0,7,1.0041392209966074,0,0.0,0
24143,34.039716747342574,1,3,10.40540798705347,4,0.5045129930484726,0,0.0,0
24144,29.712178389148725,3,3,10.763398097726576,1,0.7787814072169227,0,0.0,0
24145,32.92878408641083,4,6,14.76656477436555,2,0.4026829863356592,0,0.0,0
24146,20.209367427165716,3,5,21.84378947393256,3,0.09235143578004601,0,0.0,0
24147,42.756385272897255,3,4,20.004323996401727,7,0.3931503751045442,0,0.0,0
24148,38.46750346843166,3,3,7.896694082195156,2,0.9528438956778924,0,0.0,0
24149,41.75846212416352,3,3,4.652921835785768,4,0.329385673225026,0,0.0,0
24150,45.046632242613086,4,6,9.268162502883007,7,0.5649774052076579,0,0.0,0
24151,53.42459573435328,5,1,6.713144167628195,7,0.974328735033428,0,0.0,0
24152,37.21129578832808,3,4,12.507895801602956,4,0.9694534690032348,0,0.0,0
24153,20.676344853816367,3,6,2.7412346611556337,7,0.008224360407995346,0,0.0,0
24154,39.60446709340431,5,2,10.684604640493944,7,0.9998348645685646,0,0.0,0
24155,49.69476226979032,3,2,17.71068775682891,7,0.9993553936064865,0,0.0,0
24156,43.185615887663076,4,1,1.5998520243348615,4,0.49927990317112464,0,0.0,0
24157,48.43485353455371,3,3,25.92863548086126,3,0.3445166665601403,0,0.0,0
24158,64.12765434054634,4,1,19.99069816791817,1,0.83579698686322,0,0.0,0
24159,31.895321286239753,3,1,5.811161784279986,4,0.022985246700891748,0,0.0,0
24160,41.98065243263592,4,3,8.015977873600109,7,1.0000245151584042,0,0.0,0
24161,46.528119591077285,3,3,2.3404128219081137,2,1.0001772946197698,0,0.0,0
24162,15.554598430443974,3,1,13.914021552609608,2,0.29046034854071956,0,0.0,0
24163,53.61240689081982,5,3,3.81198932212909,2,1.0000566477522639,0,0.0,0
24164,25.449982625745605,3,6,0.07401638417332634,4,0.431797930770006,0,0.0,0
24165,43.69277239044819,1,2,13.35166296325792,7,0.1836313998579171,0,0.0,0
24166,20.108093506110826,4,2,11.479678689631507,7,0.9999951819538548,0,0.0,0
24167,0.0,4,7,10.158584308009859,1,0.3997096049341183,0,0.0,0
24168,35.247572890357084,4,3,4.017986477420489,1,0.49842078596438555,0,0.0,0
24169,53.146935875284605,3,3,6.160220941429176,5,0.6897411925865423,0,0.0,0
24170,31.68886818677059,1,4,12.778082545129902,4,0.3152151624582834,0,0.0,0
24171,47.73447317280998,1,5,0.0,4,0.3743184030247185,0,0.0,0
24172,45.24620554894704,3,2,15.358081397756289,7,0.6637992927723013,0,0.0,0
24173,14.245058231292063,3,3,11.684053265660756,1,0.3181167874617357,0,0.0,0
24174,34.22448702561323,2,1,4.59575757957186,0,0.3129796646707122,0,0.0,0
24175,57.546128988069675,3,4,8.42955845395861,4,0.9997548845770655,0,0.0,0
24176,35.673644689895774,2,6,6.504018158006424,7,0.9999411693478086,0,0.0,0
24177,42.46023799839898,1,3,9.737608294480289,0,0.6778020739416626,0,0.0,0
24178,55.64798509573217,1,2,12.209526986897917,4,0.994315302808369,0,0.0,0
24179,44.81676363266986,2,3,2.00436886714812,7,0.9999856403151539,0,0.0,0
24180,58.50852867427339,3,4,16.310457383198642,2,0.999858503193737,0,0.0,0
24181,36.406441851068756,2,3,8.927966849446989,2,0.496691342711693,0,0.0,0
24182,51.4333062045164,3,1,6.380593560504783,7,0.9998140718262691,0,0.0,0
24183,51.72527113229991,3,2,22.929290732817698,7,0.9995203392435497,0,0.0,0
24184,35.55960815449352,2,1,13.587101667064113,3,0.08527109481889084,0,0.0,0
24185,53.2067757526164,2,3,3.914413592834058,5,0.3400957260232662,0,0.0,0
24186,43.549416658355305,3,7,9.76000028133192,4,0.3024315252932267,0,0.0,0
24187,52.95483347361471,2,4,19.99424561203856,1,1.0000823166011958,0,0.0,0
24188,27.2703083996017,4,3,6.139013613278225,3,0.5244811289241749,0,0.0,0
24189,28.453723317696593,4,5,2.9125805385950514,7,0.39382325293801185,0,0.0,0
24190,28.193419343342544,3,2,8.131502826712502,4,0.4180723821724896,0,0.0,0
24191,67.5354862556202,3,3,14.38726062681793,2,1.0002171884113236,0,0.0,0
24192,42.823575696638784,3,2,10.619662281146939,7,1.0002184183193623,0,0.0,0
24193,45.85482533437057,2,3,19.937329713853103,2,1.0000532246671143,0,0.0,0
24194,34.1567162972641,3,3,20.008046950828987,1,0.9999312919230305,0,0.0,0
24195,33.134541343618245,6,1,10.764622275901495,3,1.0001131991977323,0,0.0,0
24196,23.090561972766547,2,4,11.900216893020827,3,0.16499532702492525,0,0.0,0
24197,56.40592974189521,3,5,5.336391078670984,1,1.000278167382831,0,0.0,0
24198,43.89214247628908,2,6,13.858815995830087,5,0.3797318878207989,0,0.0,0
24199,34.13071668213316,3,2,15.075526783422049,1,0.9998669187931861,0,0.0,0
24200,25.775533571857284,5,6,9.794403696188626,1,0.343200035021957,0,0.0,0
24201,38.44800812496781,4,4,4.077975652795847,7,0.6782247811119435,0,0.0,0
24202,48.86208019773929,3,1,10.38180412178296,7,0.9997282905827655,0,0.0,0
24203,27.80874111513907,4,2,12.501068647368141,3,0.032895121715408204,0,0.0,0
24204,37.33914295936653,5,5,9.51995667267077,1,0.06123058138587556,0,0.0,0
24205,29.829663507657358,2,4,11.21173552811673,7,1.0000718944051874,0,0.0,0
24206,54.59401537863181,7,5,7.741595225675596,7,0.4220977400715524,0,0.0,0
24207,38.14146903744315,3,1,1.0448775447499,1,0.43323632250503924,0,0.0,0
24208,34.07553855892044,3,3,11.579737423060624,7,0.5868501500824077,0,0.0,0
24209,61.83624801477682,6,1,11.396296361880417,3,1.000250031297208,0,0.0,0
24210,47.46261411799795,4,6,18.986624000029764,5,0.580684273817471,0,0.0,0
24211,63.33187920344197,4,1,5.171356901755446,1,0.9509190299617631,0,0.0,0
24212,50.35114279725801,2,2,10.24617709061921,7,0.6470552183903157,0,0.0,0
24213,53.88563127980132,2,6,12.197122618423114,3,0.999685205179771,0,0.0,0
24214,47.44498014120079,3,6,22.80085843493356,4,0.999537949166408,0,0.0,0
24215,55.89979340638125,1,1,13.82750268591434,3,0.9992694639830159,0,0.0,0
24216,51.19316379933433,2,6,17.326746009050478,3,0.43717464245329385,0,0.0,0
24217,36.45476717637176,3,5,10.22566225546202,2,0.3130059827695818,0,0.0,0
24218,51.92808069005726,3,4,20.004478110437372,7,0.6067872516936598,0,0.0,0
24219,31.629188108302728,4,4,12.251895123953902,1,0.37867061948747727,0,0.0,0
24220,56.68307525758628,1,2,15.681241084885876,7,1.0000073680104038,0,0.0,0
24221,45.130364844963864,4,1,16.773178572319836,5,1.000247091530687,0,0.0,0
24222,82.49606413954669,1,3,10.959869298143422,7,0.9998326916559271,0,0.0,0
24223,42.9574967488103,3,6,18.63332244791461,1,1.0154033652847023,0,0.0,0
24224,25.303065500892682,3,2,11.073234870640233,2,0.8356183836720091,0,0.0,0
24225,51.480105646896526,2,4,16.24638298540016,8,0.5511621818697412,0,0.0,0
24226,28.1056946670286,3,6,10.988135454442515,1,0.9205738337502755,0,0.0,0
24227,20.408294284351204,2,2,6.038916478243076,7,0.9998848441224794,0,0.0,0
24228,59.241176664608176,2,4,19.999050032266528,7,0.49137914274035016,0,0.0,0
24229,41.928963805514,3,4,8.410662773980269,7,0.8149951252478363,0,0.0,0
24230,53.587785574520815,4,3,3.380755038684069,1,0.9997919751378619,0,0.0,0
24231,43.31140344918292,0,1,14.100700691109791,7,0.99881046097212,0,0.0,0
24232,42.82849632225446,3,1,12.823109934574028,7,0.5724748429085929,0,0.0,0
24233,65.98678415144182,4,1,0.0,7,0.6721431644692775,0,0.0,0
24234,36.75998536870254,5,1,11.323656849282026,2,1.0004259901635346,0,0.0,0
24235,44.345232372375285,4,3,13.165387985820864,6,1.0000895511930483,0,0.0,0
24236,24.982136360891307,5,6,8.586497153151427,1,0.9794418824581943,0,0.0,0
24237,44.74808428942771,1,0,11.552952404476546,6,0.03167507040380624,0,0.0,0
24238,39.25302584765284,3,1,15.533940006304746,3,0.9227028424066261,0,0.0,0
24239,37.49125982388873,6,3,12.965413457925509,3,0.15007996644673327,0,0.0,0
24240,9.090180436586245,2,3,0.0,7,0.38956947860514257,0,0.0,0
24241,57.79813943149891,2,2,15.317545394663995,7,0.9997849437310993,0,0.0,0
24242,28.465809922899545,5,4,16.21967945070653,5,0.5406582295111896,0,0.0,0
24243,45.2372091420345,3,3,4.071313357147018,2,1.0007074144148562,0,0.0,0
24244,59.10852646848913,3,4,3.7579456173301367,6,0.8966213363296214,0,0.0,0
24245,34.702720309751605,3,6,10.687253753484057,1,0.9594718305377448,0,0.0,0
24246,42.585919661513636,4,6,19.035668762192756,7,0.7248840230029849,0,0.0,0
24247,48.51719717625468,2,3,18.976773748550173,7,0.561218807766527,0,0.0,0
24248,67.28250773202707,5,4,20.00994800858644,1,0.9998966961376446,0,0.0,0
24249,28.224675763352792,4,3,11.672688000521706,7,0.5811584759528531,0,0.0,0
24250,53.52745530702142,3,6,13.258495270554457,2,0.3837590557487232,0,0.0,0
24251,49.75720672341593,4,3,9.467308607540451,2,0.999817787607583,0,0.0,0
24252,27.970203607280112,1,2,11.935542307760075,7,0.999996464670752,0,0.0,0
24253,23.17323156935562,2,4,14.83774994167258,3,0.5317231556979597,0,0.0,0
24254,21.539588600997327,5,4,11.451351722558298,2,0.0,0,0.0,0
24255,54.533470400651176,3,1,24.90573669366313,7,0.9997843131500049,0,0.0,0
24256,40.66209258412115,3,1,15.391092519294443,3,1.0006910876126498,0,0.0,0
24257,62.16506728813921,3,1,11.55535135118182,7,0.9995362787122981,0,0.0,0
24258,41.93060802250691,5,1,0.0,1,0.497945920416265,0,0.0,0
24259,31.081863542243745,2,3,17.095366036027436,1,0.46414677462683496,0,0.0,0
24260,23.748115249969306,4,4,12.071087105977055,1,0.6570363458513884,0,0.0,0
24261,29.574631751112772,4,3,10.063026352560264,4,0.4771570107759503,0,0.0,0
24262,31.815996802123426,6,4,16.62881103239809,7,0.1404400093289183,0,0.0,0
24263,51.49306062578458,2,1,20.011411591773687,3,0.1480644258278846,0,0.0,0
24264,29.55722161017625,2,1,12.137047228948159,6,0.47785512984154704,0,0.0,0
24265,11.563105468227132,1,1,16.711737412660277,6,0.4803708192590639,0,0.0,0
24266,10.562418940082498,4,4,19.99819742572116,2,0.6233659343043659,0,0.0,0
24267,54.13036571848055,2,3,1.8383546196749307,7,0.2897859581054231,0,0.0,0
24268,41.96106683722345,3,5,16.417212316593417,3,0.9998421063874627,0,0.0,0
24269,45.723695459705766,3,3,13.815728990811472,7,0.9999115600504545,0,0.0,0
24270,49.45616802040518,5,3,0.0,5,0.12335980885899822,0,0.0,0
24271,40.112069132883796,3,5,25.281316699403323,7,0.9999085865539269,0,0.0,0
24272,59.430622876653345,4,5,10.55859384525911,1,0.7100087363410627,0,0.0,0
24273,55.617539383657245,2,6,22.97369298460079,7,1.0002723759705832,0,0.0,0
24274,25.05116153378094,2,6,13.00775046203537,4,0.8738257133981516,0,0.0,0
24275,57.10199491100136,3,1,11.546685864824292,6,0.49757413294696706,0,0.0,0
24276,24.90938073202867,3,2,4.971372797538584,4,0.0,0,0.0,0
24277,51.52485856811975,3,4,20.002838983650022,1,0.9633920514624434,0,0.0,0
24278,51.39711994808303,3,4,11.399980193174866,1,0.9185711525414676,0,0.0,0
24279,52.45840460657644,5,1,3.8610483000616744,1,0.06337547146630484,0,0.0,0
24280,67.74505428964835,1,6,13.625621514116153,7,1.0004275051987714,0,0.0,0
24281,53.22569024666528,3,1,16.62242979461618,1,0.20608970195749843,0,0.0,0
24282,51.850962813357974,3,6,14.67566471553899,7,0.9998159133361391,0,0.0,0
24283,63.26489145475665,2,2,10.257914058420834,4,0.9822914516706563,0,0.0,0
24284,44.288257899045476,3,6,12.378037275831648,7,1.0000147819431113,0,0.0,0
24285,30.654223997798567,1,6,9.5185407127002,7,0.3919995627993887,0,0.0,0
24286,42.418256551847776,5,3,0.8776691353790014,7,0.7583099381510369,0,0.0,0
24287,49.9973844125329,3,3,10.017838099812671,6,0.99994621191832,0,0.0,0
24288,36.727844364744385,1,6,11.398210421508562,1,0.9552569969178175,0,0.0,0
24289,44.43921361926132,1,4,20.00927791796608,7,0.32620454292510276,0,0.0,0
24290,43.143061536369686,3,2,16.99657582671627,5,1.0005314905915412,0,0.0,0
24291,43.47049666980728,3,3,13.323739257931695,4,1.000382217647276,0,0.0,0
24292,42.9399547017131,2,3,28.062862380732984,7,0.9291415294843737,0,0.0,0
24293,41.299979201676095,3,1,18.75371703247928,5,1.000309833327167,0,0.0,0
24294,24.27117520300127,4,6,8.717856374542016,3,0.3966489010080555,0,0.0,0
24295,42.53980409619584,2,5,14.74142485448884,2,0.9699803535430112,0,0.0,0
24296,35.97682704383266,2,1,16.914504426348927,2,0.9998686760210915,0,0.0,0
24297,39.50086429060716,5,3,14.596937680196682,7,1.000015193005244,0,0.0,0
24298,27.86877316995966,3,4,16.685445862043398,7,0.8696432438458662,0,0.0,0
24299,37.27683349067198,4,3,13.2662425499818,4,0.494589736560234,0,0.0,0
24300,35.55206263555703,2,1,10.731150364109016,3,0.3393748528192987,0,0.0,0
24301,30.420711314975847,3,7,4.611976589813189,1,0.22694765447824072,0,0.0,0
24302,30.835455790188735,3,6,15.830641487194365,3,0.7140890824552171,0,0.0,0
24303,24.654248244788523,1,6,17.85938829034224,2,0.4633328052200376,0,0.0,0
24304,18.275134576962472,2,4,7.0409356943357695,2,0.9999607158962065,0,0.0,0
24305,23.238622576112853,2,4,13.138737806441293,5,0.5515310072620481,0,0.0,0
24306,35.24861498775063,3,2,8.49328690370241,1,0.34217327362500666,0,0.0,0
24307,45.91562073109656,2,6,6.362338379124373,2,0.2789804578436084,0,0.0,0
24308,20.560848656088396,1,7,19.9981656351697,1,0.9995231857071447,0,0.0,0
24309,12.731580588448292,5,6,12.314274768844063,2,0.45284905989706925,0,0.0,0
24310,36.11470667156955,3,2,6.417765527033796,5,1.000529839026584,0,0.0,0
24311,39.29081996737103,3,6,11.308110744368118,7,1.0002333840221609,0,0.0,0
24312,51.02323683814347,3,1,19.263809652958564,7,0.9997167835954466,0,0.0,0
24313,45.552516972885975,4,3,8.420816008022982,4,0.4997671374540334,0,0.0,0
24314,58.41810409806551,2,4,19.991457034984915,7,1.0001684703806886,0,0.0,0
24315,35.033902927049546,2,5,9.655495983293562,3,1.007912110465368,0,0.0,0
24316,58.41573917698794,2,3,4.2258928454462446,4,0.9996936014962445,0,0.0,0
24317,48.319752989941904,3,4,20.004252222828384,1,0.22526120652175513,0,0.0,0
24318,34.4044490843277,3,4,14.593484284118158,1,1.0150789044093194,0,0.0,0
24319,25.400865079530195,4,6,4.411131202648008,6,0.6210660766986942,0,0.0,0
24320,40.54395408418258,5,3,19.891944437625604,7,0.5885692598095078,0,0.0,0
24321,51.687998264318,2,4,13.915455876804405,7,1.0001517473578971,0,0.0,0
24322,46.320262846974686,1,4,19.996188817148834,7,0.6605327904048374,0,0.0,0
24323,52.01212820130197,3,4,20.00078537557667,3,1.000160709774587,0,0.0,0
24324,45.27145718432707,2,5,19.007207445327513,7,1.0002312239512667,0,0.0,0
24325,26.26714695865552,3,7,2.6147339941829255,6,0.0,0,0.0,0
24326,25.342719880821026,3,2,3.3601158032335983,4,0.5802151131822989,0,0.0,0
24327,52.37099980524851,2,3,14.011796282708143,3,0.9608394679101486,0,0.0,0
24328,48.369824811108664,3,2,15.647518653800734,6,1.0000993217346619,0,0.0,0
24329,43.33282314997313,3,4,0.0,1,0.9645150939938487,0,0.0,0
24330,43.335894865245976,2,6,6.0123367595201,3,0.6550733403821603,0,0.0,0
24331,47.452388496841934,2,3,8.419766709835564,7,0.9999658563327523,0,0.0,0
24332,66.7519332985412,2,3,9.41048897361915,3,1.0002564713353408,0,0.0,0
24333,44.039831181542745,4,2,17.236322468928904,6,0.39831813947353756,0,0.0,0
24334,45.25966069053636,0,1,15.53568746911964,4,0.2876747896088087,0,0.0,0
24335,76.03404049045716,3,3,15.501206804266841,4,0.5020918393073939,0,0.0,0
24336,61.64867909306298,3,4,17.303667276929787,2,0.6025181524716612,0,0.0,0
24337,27.29819073667708,3,3,0.0,2,0.37641773049146565,0,0.0,0
24338,29.998562309298677,2,3,11.048650355185195,4,0.8121628929814978,0,0.0,0
24339,40.249053731719385,3,1,18.611493330161718,3,0.9999321180645979,0,0.0,0
24340,42.55794452910678,2,2,9.120963353989142,1,0.07347821675699673,0,0.0,0
24341,26.189390959870778,3,4,8.41160821797276,6,0.7554220682408364,0,0.0,0
24342,30.126476542395928,3,4,26.433867428830986,3,0.5460350167311221,0,0.0,0
24343,45.79874416922753,3,3,20.533695884245397,7,0.8228753534656885,0,0.0,0
24344,42.45089163069413,2,3,21.58226291515933,7,0.9999462384243145,0,0.0,0
24345,32.286090333171884,4,4,13.220862138607659,6,1.0862062439546123,0,0.0,0
24346,31.40002867406963,4,1,14.665321553800005,3,0.5667985635481426,0,0.0,0
24347,37.051245182483036,3,5,18.998194518518368,2,0.15751874126730692,0,0.0,0
24348,39.179797316503425,4,2,15.259086097975691,1,0.0,0,0.0,0
24349,44.458514951575104,4,6,15.111193338357522,7,0.999538517658421,0,0.0,0
24350,49.083861897018394,4,5,9.082335810470353,7,0.999710210063061,0,0.0,0
24351,40.06674805230093,4,3,2.299418862928418,7,0.40408215619120175,0,0.0,0
24352,34.53377769452878,3,6,16.44672407710658,1,0.9999924708588208,0,0.0,0
24353,24.782839897145344,3,1,24.57195365323319,7,0.999856101812457,0,0.0,0
24354,39.138303524685114,4,6,14.03006134815917,0,1.0000434014347745,0,0.0,0
24355,38.179753816021126,3,6,14.108257299057941,7,0.54520421088696,0,0.0,0
24356,22.17007987357476,4,2,10.259592174233022,7,0.8246467427085302,0,0.0,0
24357,52.15431583862743,4,6,4.364992011363998,0,0.6994822508707326,0,0.0,0
24358,48.33831604282986,3,6,20.008959610290702,1,0.9998558567042877,0,0.0,0
24359,26.313820456422395,3,4,16.21525693142306,5,0.5542014624906981,0,0.0,0
24360,44.9909302347379,3,6,15.791245315389673,3,0.20901948391542569,0,0.0,0
24361,45.944063818179885,3,2,16.645139865742514,7,0.41354716629444427,0,0.0,0
24362,64.51243924001898,3,2,8.36430959660574,4,1.0003517583641004,0,0.0,0
24363,42.37827807571724,2,6,5.698138584679541,4,0.9999452713173478,0,0.0,0
24364,26.474160729549027,2,6,8.422082403351313,6,0.6412664673334177,0,0.0,0
24365,28.353640361592127,4,6,17.545156420572475,0,0.4733814847167596,0,0.0,0
24366,33.35591466779388,5,3,4.460910534688515,7,1.0004730194857465,0,0.0,0
24367,43.90809191809179,3,1,8.216899039226245,7,0.6345585552504825,0,0.0,0
24368,49.816859379636696,2,4,7.443142796795424,4,0.9996744336086756,0,0.0,0
24369,43.751575484226706,6,3,21.11225146639449,7,1.000652432863372,0,0.0,0
24370,36.38459751221811,4,4,3.395305678861865,3,0.21882192078028,0,0.0,0
24371,64.00710824998328,3,1,4.052821366578472,3,0.44893648335264863,0,0.0,0
24372,31.977334376674314,4,4,6.8662966824670155,7,0.4974778928816602,0,0.0,0
24373,58.30760233451136,3,3,16.221059693555354,2,1.0007185664483536,0,0.0,0
24374,8.684781566921934,5,6,13.000270948498985,1,1.0025148303003648,0,0.0,0
24375,47.36208836123635,4,1,15.390555153146362,2,1.0000801304507525,0,0.0,0
24376,39.79844656958989,0,1,11.488051459969597,7,0.3603428208218206,0,0.0,0
24377,22.190057725039857,5,2,2.4238143808537735,7,0.03100960736165803,0,0.0,0
24378,37.27867675711847,5,3,18.144706142323884,7,0.9566324400450184,0,0.0,0
24379,49.580490543879556,5,2,12.745871603554894,7,0.5551646642988256,0,0.0,0
24380,63.453424318112596,3,3,0.5779628190272934,1,0.0,0,0.0,0
24381,33.73764311099282,3,6,17.765612540768494,5,0.36765635483496373,0,0.0,0
24382,52.445351418195415,5,6,4.26412462137777,3,0.25325149654055534,0,0.0,0
24383,40.82465385416529,4,3,19.05526185924986,5,0.4981873874200207,0,0.0,0
24384,22.574660363531784,2,3,4.772576151368382,1,0.9996965006746334,1,12348.499447480199,1
24385,42.18682505775866,5,1,11.172051763720416,3,0.26264838985645306,0,0.0,0
24386,31.153225976989372,4,6,14.715488599478663,7,1.2591225820850065,0,0.0,0
24387,36.935327460746635,2,5,20.000563434604373,1,0.5150620352978661,0,0.0,0
24388,56.50265443112716,4,3,15.935484584488169,7,0.20019353901882703,0,0.0,0
24389,40.97053030627368,0,3,8.251085518323027,0,0.9147955365665368,0,0.0,0
24390,69.83431691839003,3,4,21.40475363614204,2,0.5712511164119104,0,0.0,0
24391,40.06638501488734,3,1,6.374582457137115,3,0.947824541434487,0,0.0,0
24392,42.08224054342931,3,1,0.0,7,0.8956641845315062,0,0.0,0
24393,53.540228539351496,4,6,6.142710384093568,7,0.7942849136658252,0,0.0,0
24394,44.65279949519155,3,5,13.989593042188762,4,0.4988449989463374,0,0.0,0
24395,48.25740317531325,2,4,7.610653695093083,7,0.9996729691755493,0,0.0,0
24396,50.59013950668704,3,3,19.956172080185983,7,0.9572501003988549,0,0.0,0
24397,43.52136539391341,1,4,12.02699557483608,7,0.999777670624399,0,0.0,0
24398,41.82197977064776,3,6,10.09161626590268,2,0.3669568870784259,0,0.0,0
24399,54.56949904116816,7,5,1.6002236946702144,4,0.40589954685103824,0,0.0,0
24400,31.075077796534384,3,1,5.376832307581274,4,0.2208129649148935,0,0.0,0
24401,44.452291721988566,3,3,8.257076251328707,1,1.0005004979034429,0,0.0,0
24402,52.90715248037827,2,4,0.4300212996510204,9,0.4573774936145273,0,0.0,0
24403,1.9763115578174322,3,3,9.879519952276441,2,0.9999205767107296,0,0.0,0
24404,47.2086071955767,1,6,16.20327787951684,3,0.08122526123222851,0,0.0,0
24405,24.82687076480246,4,5,11.65712301627857,1,0.7880810437507876,0,0.0,0
24406,64.2063331518817,5,6,11.234412022870753,1,0.9994726653366337,0,0.0,0
24407,51.38154443298663,1,3,0.923440523912511,7,1.0000809863867317,0,0.0,0
24408,53.44886664837706,3,5,16.647660270866805,3,0.9998784702181365,0,0.0,0
24409,51.22788316084997,2,5,29.377829240868135,3,0.9534541573892339,0,0.0,0
24410,63.98137194668128,1,5,6.7994429302443855,3,0.377449352525187,0,0.0,0
24411,36.12845168766681,4,1,15.506378416055925,3,0.5022619451664905,0,0.0,0
24412,22.363335045852423,2,3,0.0,6,0.4517074516543328,0,0.0,0
24413,41.895047319572626,3,6,8.654038190678738,3,0.6268657192051952,0,0.0,0
24414,64.2768701736456,3,6,19.675302798549403,7,0.9999407003792434,0,0.0,0
24415,55.528440324901,4,1,14.724429609652642,7,0.9997709885461648,0,0.0,0
24416,51.62548739980704,0,1,1.4123416355829885,3,0.7616170048639532,0,0.0,0
24417,59.71410450982923,3,2,17.29506629501317,1,1.0002492585219573,0,0.0,0
24418,36.04958783265345,4,4,7.1617922695547325,1,0.8391768027062877,0,0.0,0
24419,49.433327003794346,5,1,15.855989916186957,7,1.0003077510479812,0,0.0,0
24420,50.281618208828014,1,3,6.373030754804951,5,0.4992186821266553,0,0.0,0
24421,35.599504443552455,4,5,0.13676991935280292,2,0.3221399367919148,0,0.0,0
24422,54.90337459481345,3,5,11.530274331774235,7,0.0,0,0.0,0
24423,41.49193359583471,2,5,16.542974197412896,1,0.9885414557241146,0,0.0,0
24424,46.67043481672484,3,1,5.486203679803382,7,0.9998872906507175,0,0.0,0
24425,14.422548801829056,3,2,8.89104567441537,5,1.000471742479988,0,0.0,0
24426,39.908228982956054,3,5,3.781639526905791,1,0.7060151562759197,0,0.0,0
24427,27.791583849213687,2,1,11.08202216235787,2,0.4999448317519758,0,0.0,0
24428,58.23829825725166,2,4,12.726930360381767,1,1.0214861866499851,0,0.0,0
24429,29.420769246142005,2,6,11.693615343367924,2,0.435481971898527,0,0.0,0
24430,26.311486791003716,3,3,19.99909793201992,0,0.2983332788129856,0,0.0,0
24431,21.22052887195728,7,4,10.538297641868372,2,0.7811856930151326,0,0.0,0
24432,29.16995180453002,4,3,0.0,7,0.541967262613918,0,0.0,0
24433,59.63646121935112,1,6,10.268149520499229,7,0.5724313039434447,0,0.0,0
24434,19.09447117058625,4,5,9.671050509427683,2,0.2350758543338778,0,0.0,0
24435,40.59581016587233,2,3,9.275151992402904,2,0.9999500042546039,0,0.0,0
24436,38.31039913535803,1,3,11.791859494813341,3,1.000038751265322,0,0.0,0
24437,47.143963783519915,4,3,11.074467138577598,1,0.9997628506179291,0,0.0,0
24438,49.83621342273762,3,4,6.624469197307528,3,0.9823111723704403,0,0.0,0
24439,52.76625224595328,4,6,14.735544941631339,4,1.0000708387233375,0,0.0,0
24440,43.72975453758209,2,6,6.279256218833356,2,0.4169588547955072,0,0.0,0
24441,38.76754560547174,4,3,12.274277739001445,7,1.0000894009473982,0,0.0,0
24442,34.00021728191653,3,1,8.155955422024755,1,0.05101218650492578,0,0.0,0
24443,48.71530882892582,2,1,20.00052398194637,4,0.9739489807560576,0,0.0,0
24444,39.54458846330136,2,3,6.269889594940522,2,1.0000284397916548,0,0.0,0
24445,48.82595743679332,4,5,19.990742318944736,1,0.28597589874503115,0,0.0,0
24446,45.43640723871056,4,1,9.682972878758338,7,0.9998161034743868,0,0.0,0
24447,52.10358917943185,3,2,11.03513608589051,5,0.49611760955796647,0,0.0,0
24448,46.934272370495165,3,2,10.727308939376423,5,0.253696155032575,0,0.0,0
24449,22.886941444174116,3,3,20.00030516682707,2,0.37451707426748415,0,0.0,0
24450,29.185541836744463,2,3,1.623824480545908,5,0.5034929538516375,0,0.0,0
24451,35.64494587898555,3,1,21.01061432521572,7,1.0000378166382489,0,0.0,0
24452,53.19702546062911,1,3,5.18390289347765,2,0.998544115502568,0,0.0,0
24453,39.91322558929704,3,1,11.66685317435608,4,1.0005139692902527,0,0.0,0
24454,40.11912596583457,3,5,0.5005888781578793,5,0.4954455558806834,0,0.0,0
24455,29.590770696217994,5,2,1.0898586546803024,7,1.0001074302067017,0,0.0,0
24456,48.43762225868663,1,3,3.5474637543952756,2,0.04653488153246377,0,0.0,0
24457,55.37141216150397,3,3,16.14565784211697,4,0.5035494032578826,0,0.0,0
24458,61.3099420324666,2,6,1.8893874124521872,7,0.9103410038146919,0,0.0,0
24459,29.627177119665102,3,3,9.302229347800221,7,1.0000075103804513,0,0.0,0
24460,38.930072037371346,7,7,2.873749225354082,8,0.16758259076080795,0,0.0,0
24461,33.80642596679681,3,6,13.93805658683975,4,0.4168117415691402,0,0.0,0
24462,39.88473327533926,3,2,14.299647248170086,6,1.0000849576664095,0,0.0,0
24463,58.11647623451542,4,6,16.701494576341744,7,0.7634178803493176,0,0.0,0
24464,37.94197259404304,3,1,8.301799182528772,7,0.5005322181866274,0,0.0,0
24465,32.486648882450694,3,6,0.0,2,0.3170721473351777,0,0.0,0
24466,52.2117157816314,3,3,5.171432298151909,2,0.7083598211843929,0,0.0,0
24467,30.194134262552787,3,3,19.14115310445965,7,0.1542818344938538,0,0.0,0
24468,45.86599845094557,1,3,13.066991322332742,4,0.2555392908628532,0,0.0,0
24469,30.420173624542898,1,2,1.1118294767039067,6,0.05086947283684096,0,0.0,0
24470,54.24754403158363,4,6,13.197476150018637,5,0.999569606057892,0,0.0,0
24471,54.77840743180382,0,2,5.082159857327929,7,1.0005020151295725,0,0.0,0
24472,45.75924889499696,3,3,11.008853092066433,3,0.7315093245096783,0,0.0,0
24473,39.12792633452434,3,1,13.050247467855288,2,0.9998193381275466,0,0.0,0
24474,20.682559667925084,5,4,5.2675310482073785,7,0.0017168076193329052,0,0.0,0
24475,29.82225343676394,4,3,11.068613356009708,7,1.000111185062543,0,0.0,0
24476,31.666697188415775,3,2,18.643722494041267,4,0.9998218739870133,0,0.0,0
24477,31.419585772164318,1,3,1.3354102795014278,4,0.9652269918760426,0,0.0,0
24478,48.66414674966726,3,3,5.240202050379745,3,1.0008871520687717,0,0.0,0
24479,38.011146903885596,4,4,8.738195582262783,6,0.1868772051969635,0,0.0,0
24480,29.571305371664018,4,6,21.90843790581498,1,0.9987821689681713,0,0.0,0
24481,37.414772839097985,2,3,7.311175295246989,7,0.2566162158766628,0,0.0,0
24482,21.43895584407644,4,4,7.798205892946196,4,0.4518806836236359,0,0.0,0
24483,15.134246197819444,3,1,15.266145520450142,4,0.793502223774141,0,0.0,0
24484,34.23368112895139,1,1,7.838959772958797,6,0.9396725283360724,0,0.0,0
24485,47.63478566735581,4,1,20.00421833005346,7,0.9544567413471401,0,0.0,0
24486,10.953750587376753,4,1,5.868642017639981,5,0.1536127868167363,0,0.0,0
24487,59.29006474491183,2,1,18.710100851150592,7,0.25762705396619806,0,0.0,0
24488,45.24969881702787,2,3,8.107219374699262,7,1.0001851477051864,0,0.0,0
24489,38.444827727937465,2,3,19.993947838376975,1,0.9997012661811071,0,0.0,0
24490,37.091367031490705,1,2,20.492861068779472,1,0.9423274680534752,0,0.0,0
24491,45.77417006340608,1,1,10.159773433173248,4,0.4979570054118666,0,0.0,0
24492,45.394445697567974,3,6,9.185320622094213,6,1.0001045106734432,0,0.0,0
24493,45.41721036093315,3,1,16.2757884520085,2,1.0000131392015843,0,0.0,0
24494,26.30429100026021,0,6,6.76508841923456,2,0.5093545370297494,0,0.0,0
24495,52.17897287378183,6,1,22.748576177124797,5,1.0001012143490342,0,0.0,0
24496,47.973593814857615,1,3,6.1062196393029335,7,0.48956432545813366,0,0.0,0
24497,16.165134788192205,0,3,7.310551625347775,0,0.31757164672132565,0,0.0,0
24498,49.987055031111424,5,5,15.336577433886417,1,0.6184278621151514,0,0.0,0
24499,34.82203014704968,3,1,8.163499824192169,1,0.43592322756989593,0,0.0,0
24500,46.19654071236487,2,3,6.2764322301787345,7,0.9993317184086095,0,0.0,0
24501,35.85516797537035,1,6,6.493723975254667,2,0.0,0,0.0,0
24502,27.903419484402434,4,1,15.28944502611871,4,0.498446808537068,0,0.0,0
24503,26.80782615142582,6,3,13.439830355774397,3,0.7989894863135634,0,0.0,0
24504,47.74205969355236,5,1,13.050643709447648,7,0.4154130404226141,0,0.0,0
24505,56.211458029422076,2,5,10.19684866470873,7,0.9998253573156749,0,0.0,0
24506,23.41178274700803,2,1,3.4873849558213,2,0.3291970284323794,0,0.0,0
24507,30.991272596829774,5,6,17.865976277444712,3,0.36686897688360937,0,0.0,0
24508,42.05424788317732,4,1,0.9434211360926028,7,0.5567375765952964,0,0.0,0
24509,58.00038553083578,3,5,0.5757780265210126,6,0.9639328508480978,0,0.0,0
24510,26.621225782326285,2,6,26.122216147340765,7,0.062464387023703716,0,0.0,0
24511,28.81737065619741,3,2,10.191240439500206,7,1.0000127623898734,0,0.0,0
24512,57.8659354028769,5,3,5.1647895312626195,2,1.0005490452006003,0,0.0,0
24513,33.31213715130917,3,5,17.159916762589756,7,0.9958500868563361,0,0.0,0
24514,57.9557922547972,2,3,7.884126641829615,7,0.9998873924864904,0,0.0,0
24515,26.268647597578358,3,6,11.470615205408754,7,1.0002673009913652,0,0.0,0
24516,37.91611647664992,4,6,14.819175582613113,2,0.3271628111201232,0,0.0,0
24517,42.31470358141267,3,3,14.748049920569448,2,1.0001506687356407,0,0.0,0
24518,34.22794010650416,2,3,3.5819198715255958,2,0.42333972998600844,0,0.0,0
24519,25.212538400395427,1,2,0.0,6,0.3202402383172487,0,0.0,0
24520,26.565121434425766,1,6,13.584992767111737,3,0.809171472327185,0,0.0,0
24521,46.93911718749221,3,2,7.750818198737424,5,0.9996991203910239,0,0.0,0
24522,47.92926774426263,4,3,0.0,7,0.9996775044114219,1,9265.172046859188,1
24523,49.9658255513732,3,6,4.0282677479426985,1,0.19521269315857076,0,0.0,0
24524,49.95824278026206,4,4,20.009077239058463,7,0.4553708913337939,0,0.0,0
24525,51.66529853677927,3,3,8.72643162386754,5,1.0000065342802797,0,0.0,0
24526,26.59704498526657,5,1,6.145129575845,1,0.09214046938281995,0,0.0,0
24527,35.926797659258455,5,2,5.550010978344538,7,0.4225682755848432,0,0.0,0
24528,73.10274253362628,2,3,16.42049956007712,7,1.0078574683628525,0,0.0,0
24529,28.9499589564107,3,5,15.8939495711511,5,0.49832496129892845,0,0.0,0
24530,45.45204465223161,2,3,5.86949215055245,3,0.9782946044505245,0,0.0,0
24531,54.06663155169413,4,6,11.434012820981382,3,1.000221446374667,0,0.0,0
24532,59.18135102020608,3,2,23.377398943539887,6,0.9996968719879754,0,0.0,0
24533,32.39283273135805,3,3,20.002616262959094,4,0.9965183959432797,0,0.0,0
24534,51.96215859656235,4,1,16.46643477257507,0,0.26260161882639743,0,0.0,0
24535,52.363574315960264,4,2,2.4934011853917273,7,0.6404528639240022,0,0.0,0
24536,38.56366462919698,1,1,8.223680068272174,6,1.007643916002056,0,0.0,0
24537,48.914149425845416,3,6,11.37551592507691,2,0.3603377322855399,0,0.0,0
24538,26.551428683827172,2,3,19.014510848955155,3,0.425596279124393,0,0.0,0
24539,32.81160365881961,3,1,13.68468203788239,5,0.9997764535469454,0,0.0,0
24540,33.82157655213685,3,3,10.458248407493487,4,0.38853105280474287,0,0.0,0
24541,42.985877366678,5,6,16.75256419152172,4,0.436629675309743,0,0.0,0
24542,36.04865523286215,3,3,4.419817613321982,2,0.9650840720675606,0,0.0,0
24543,51.055781501638876,3,3,16.12696736393866,3,0.10840643122014049,0,0.0,0
24544,45.49393659406686,2,4,19.99847255825079,7,0.999896744696789,0,0.0,0
24545,29.902267326662333,3,5,14.135668099276614,7,0.9132647960426713,0,0.0,0
24546,45.60551024635486,3,4,14.230237686203948,6,1.000104215554048,0,0.0,0
24547,54.02531245061009,3,4,16.65847914735501,2,0.9997388476014193,0,0.0,0
24548,8.295516280617015,1,4,5.704762313833961,7,0.8686073131322195,0,0.0,0
24549,36.41021146456101,3,1,6.064742655455777,4,0.9994864823066483,0,0.0,0
24550,22.968834489639306,3,6,4.990921846405609,4,0.10284458289864395,0,0.0,0
24551,25.682472362877938,1,2,9.895553418708438,4,0.8410373901707948,0,0.0,0
24552,57.29884123236436,1,0,3.110101768743025,6,0.0,0,0.0,0
24553,12.077479737833485,1,3,0.0,4,0.15690179839977436,0,0.0,0
24554,70.99350724574771,2,1,1.5714055793133035,3,0.5018877637802758,0,0.0,0
24555,23.972663623503497,5,6,13.346056649549856,3,0.6427039190281774,0,0.0,0
24556,62.81466518855893,3,6,13.631431326947588,5,1.0009468415782932,0,0.0,0
24557,29.844239715868476,3,3,3.91506099207177,4,1.000113582304008,0,0.0,0
24558,43.94559814745951,4,4,16.52642916390642,2,0.5499828716875499,0,0.0,0
24559,48.01563091805511,4,3,6.907613681837227,3,1.000529372745535,0,0.0,0
24560,32.411525932483826,2,3,4.3633907957333955,5,0.0,0,0.0,0
24561,28.089167385492615,4,2,19.88201335953984,7,1.000183318759397,0,0.0,0
24562,67.07320249522624,3,2,7.042577471167708,7,0.9994080631003528,0,0.0,0
24563,30.60303296872241,3,1,18.876479804769822,4,0.9407648865242397,0,0.0,0
24564,59.65341440016874,3,3,10.379394178189486,6,0.4963854849852454,0,0.0,0
24565,46.517733558186954,4,2,10.41341107818095,5,0.2452374124822253,0,0.0,0
24566,35.6641487110104,3,2,16.91513550207007,1,1.0005396985928585,0,0.0,0
24567,32.76408115746965,2,4,11.108991153058813,5,0.7777736341338726,0,0.0,0
24568,47.92879597678952,4,4,5.852254425986031,5,0.498146013160338,0,0.0,0
24569,25.019996192649455,3,3,14.243379182203954,0,0.9996291541914825,0,0.0,0
24570,49.837963243768144,5,6,13.552785822659338,4,0.9995758830778737,0,0.0,0
24571,57.37321890257863,3,3,4.62845663034213,5,1.0005345744965657,0,0.0,0
24572,28.92578724080947,3,3,8.579935839839067,5,0.22974795271486365,0,0.0,0
24573,33.081344485646206,1,1,20.278840179886174,3,0.49780516096222605,0,0.0,0
24574,56.35746149454947,3,6,0.0,7,1.0003336062106123,0,0.0,0
24575,48.91906577942195,3,2,0.7804003367943455,7,0.7742890331993385,0,0.0,0
24576,57.989209043779255,3,1,9.564157633530774,3,1.0000826576493242,0,0.0,0
24577,55.82478682424338,4,3,1.6105826624424697,4,0.7641407547104754,0,0.0,0
24578,65.04936733106243,5,5,16.094039228034834,1,0.5031796384835333,0,0.0,0
24579,49.793311189723894,3,3,9.963655320932512,7,0.6723128553607477,0,0.0,0
24580,51.48555826806225,3,6,14.529524266524346,2,1.000041521440055,0,0.0,0
24581,34.571101674431524,1,5,21.043937409559533,3,0.9887913676044022,0,0.0,0
24582,55.040419075201484,2,3,0.0,3,0.49926169671688125,0,0.0,0
24583,59.48728008765035,4,1,15.2913371542497,7,0.6762441605591686,0,0.0,0
24584,34.137757058973506,3,6,6.0889602461979075,5,1.0003415857922182,0,0.0,0
24585,21.63669564909859,2,5,18.911079026326966,7,0.979552537727385,0,0.0,0
24586,50.23738478159965,3,6,13.687341820489412,0,0.3013747172270704,0,0.0,0
24587,37.79475496603728,2,3,20.008724839711086,1,0.9995836061547108,0,0.0,0
24588,37.843907702262364,3,5,23.764903017980135,7,0.9566906017750114,0,0.0,0
24589,41.05348067950722,3,3,18.971354791618374,3,0.4278426433166239,0,0.0,0
24590,42.54796210069132,3,6,19.16893829711269,4,0.24252841680967757,0,0.0,0
24591,47.93926371182087,5,2,8.915943305051261,7,0.6724228540848904,0,0.0,0
24592,33.415156151249136,0,6,3.8850963804530547,7,0.38903865544272126,0,0.0,0
24593,34.29515126193253,4,2,13.265571313814977,1,0.7061662049088635,0,0.0,0
24594,43.10441454820912,3,6,10.445954210689377,6,0.32730887190958907,0,0.0,0
24595,20.98982201008554,3,3,3.111477827540341,4,0.0716481588517136,0,0.0,0
24596,52.23318777058658,3,4,25.304715232382744,2,0.6028081706407616,0,0.0,0
24597,63.531001048928445,1,5,3.3020119720294874,6,0.9523885256523006,0,0.0,0
24598,61.880601382247974,4,3,11.647506336413096,4,0.5022175121571969,0,0.0,0
24599,46.38536918073042,3,3,6.717880018951592,3,1.0005012842129448,0,0.0,0
24600,30.883327982207092,3,5,2.675269177056837,5,0.5276001112603192,0,0.0,0
24601,50.03264584191502,3,6,7.054107715609877,7,1.0005435407536423,0,0.0,0
24602,43.73874805098473,3,1,15.654325391796345,4,0.9998223591455071,0,0.0,0
24603,51.09417801152636,3,1,13.432913397376279,1,0.6381588871639408,0,0.0,0
24604,47.84335034466993,2,1,12.915127634820031,4,0.584867239279191,0,0.0,0
24605,21.041600116164872,3,1,4.052743248558886,7,0.5986543315376819,0,0.0,0
24606,38.86126277261358,4,3,1.7318148863065002,7,1.0002455300143458,0,0.0,0
24607,33.577864339557834,1,3,0.0,0,0.17642164025360285,0,0.0,0
24608,29.736876554716602,4,6,16.31065754270047,7,1.0000429097014163,0,0.0,0
24609,45.0101193967391,1,1,5.023905478744485,5,0.42275504321449825,0,0.0,0
24610,55.110464809845794,5,5,14.344158394407371,7,1.0001997125546531,0,0.0,0
24611,45.421676862593074,4,1,8.487629287867007,1,0.6870109395708003,0,0.0,0
24612,39.28272537702936,3,1,22.891013869882073,5,0.9998885589264574,0,0.0,0
24613,48.637239224375975,3,2,6.15335723805985,3,0.0,0,0.0,0
24614,39.50038966192858,3,1,14.907502932379245,1,0.45666561748795265,0,0.0,0
24615,55.55972311124568,2,3,8.885416641808993,3,1.0002689843312702,0,0.0,0
24616,51.84853055929221,2,3,26.59975498495769,7,0.9997818254822086,0,0.0,0
24617,53.46609665452071,3,1,8.034866376439847,7,0.9993733722454738,0,0.0,0
24618,31.612475108997863,4,5,22.122371093080936,7,0.9996765168038405,0,0.0,0
24619,62.490605121551084,4,6,8.565907567836303,7,0.17180432569266557,0,0.0,0
24620,46.170095064784014,3,1,20.000381713293788,2,0.587072165170858,0,0.0,0
24621,28.86326552534633,5,3,7.946409549377443,3,0.35296461726033934,0,0.0,0
24622,24.009699977496943,2,1,12.803959885189265,7,0.5425691164742155,0,0.0,0
24623,29.694043702403633,4,6,3.92898538355898,3,0.41830701770077233,0,0.0,0
24624,42.9652378076387,3,3,0.0,4,0.3240712833630406,0,0.0,0
24625,35.394283803486395,2,3,0.0,0,0.9997177368482693,0,0.0,0
24626,29.075816444460113,3,1,8.077056858040821,0,0.7325995555909031,0,0.0,0
24627,53.441278298042626,3,6,12.169899990046464,3,0.055146390120876077,0,0.0,0
24628,46.74832363314468,2,1,16.940060697392923,7,1.0003881427573293,0,0.0,0
24629,40.39571978177334,2,4,6.58793486294784,3,0.8616329836494627,0,0.0,0
24630,47.99670935697357,2,6,10.932020732923661,6,0.810757736664614,0,0.0,0
24631,21.323001233598234,3,6,12.981868897002167,6,1.0005939256516665,0,0.0,0
24632,41.27682982699986,4,1,2.6269171653696954,7,0.4500359245615249,0,0.0,0
24633,30.726267401413935,5,6,10.56696882713883,7,0.5722683734272314,0,0.0,0
24634,35.49681644607175,3,5,14.436706214360498,2,1.00041669314326,0,0.0,0
24635,50.857814765583285,2,2,2.6433461701996155,7,0.4716191089170171,0,0.0,0
24636,38.63525174145056,3,4,0.0,7,0.30362407341165404,0,0.0,0
24637,48.32992937233434,4,4,10.997737616915645,7,0.9998256831606323,0,0.0,0
24638,53.75727431874468,2,1,6.239279138438565,4,0.38411976075576226,0,0.0,0
24639,49.30325803719368,4,4,7.606929958504155,3,0.9441997094426866,0,0.0,0
24640,53.041651597120946,4,5,23.606433868719158,5,0.5015862005686628,0,0.0,0
24641,36.59327619027897,2,6,17.884143768601003,2,0.6029882275277245,0,0.0,0
24642,53.28275995266106,4,3,11.59446277002992,6,1.3540133618224823,0,0.0,0
24643,19.21258898732024,3,1,12.204855873095267,6,0.27478454487360904,0,0.0,0
24644,51.97374413386988,4,1,3.78099052002272,6,0.34807125489269203,0,0.0,0
24645,27.7409865991208,5,6,7.181155404291925,5,0.7139515687890381,0,0.0,0
24646,52.390256205450264,0,1,24.99385136549175,7,0.9849944871852128,0,0.0,0
24647,39.030995685897956,1,2,13.03956889356754,6,0.6429471291489932,0,0.0,0
24648,33.87493094015571,2,1,19.99006994470338,2,0.741856602805395,0,0.0,0
24649,54.798874705152684,2,3,11.81237746151096,3,0.499560453200843,0,0.0,0
24650,58.85925795863507,2,3,8.418268408826055,0,0.9997267009339816,0,0.0,0
24651,27.17839778691002,4,2,13.135405456293116,7,0.5815622593418392,0,0.0,0
24652,26.635574760350607,2,2,7.263841445698068,5,0.9852154022547226,0,0.0,0
24653,39.11062780360673,2,6,20.612484459045355,7,1.000128607141214,0,0.0,0
24654,47.96037068000589,2,1,4.9224808302193965,7,0.5716766469062736,0,0.0,0
24655,31.989880877689068,1,6,9.302294401672492,4,1.0001429601314462,0,0.0,0
24656,52.927003869565425,2,6,11.754935961978106,7,1.0003439068859226,0,0.0,0
24657,50.44413312238747,2,6,10.31725046650587,3,0.45345219485752725,0,0.0,0
24658,13.123020845683804,3,3,9.719303593569489,2,0.6079759031632955,0,0.0,0
24659,39.074989303351174,2,2,17.517389817507212,7,0.9997871600646581,0,0.0,0
24660,63.89987602381203,1,5,6.856895681167328,7,0.8023174626839098,0,0.0,0
24661,0.0,4,3,16.383658220549247,7,0.9093593025898894,0,0.0,0
24662,51.77656448809229,4,3,6.134990166206685,1,0.999816458965817,0,0.0,0
24663,48.77133878031721,4,6,5.347291709143847,1,0.4495927986645126,0,0.0,0
24664,46.37984424964898,5,3,12.68518188261155,2,0.49836277857395006,0,0.0,0
24665,29.900048925977906,3,6,17.582070818146416,2,0.3342032884073973,0,0.0,0
24666,44.107559412759805,5,3,13.887048587056825,3,1.0000846731056794,0,0.0,0
24667,20.46518616145842,4,2,8.658101302688625,4,0.0,0,0.0,0
24668,69.17666342240815,3,4,4.626215065863925,7,1.425159625410691,0,0.0,0
24669,44.26669805633251,4,3,9.267397371408194,6,0.0696906887517339,0,0.0,0
24670,23.42051970348675,4,3,7.68684948854382,3,0.050579780325189394,0,0.0,0
24671,57.241532450769625,1,5,15.230982528917998,4,0.9339284233398527,0,0.0,0
24672,75.77215536599337,3,3,10.556808220857125,5,0.9997350206774431,0,0.0,0
24673,53.17206615418715,5,3,7.561002790488351,0,0.4657696803144773,0,0.0,0
24674,50.97881539895016,3,2,10.639657358687225,5,0.9980055295628752,0,0.0,0
24675,70.0973433145317,3,4,8.476820564309612,7,1.0239438104072502,0,0.0,0
24676,15.432570431581535,3,4,10.451266837494238,2,1.0003344349207244,0,0.0,0
24677,48.36454890028894,3,1,10.07012384422051,2,0.15278698947614255,0,0.0,0
24678,44.084387728760724,4,6,13.229306392494099,3,0.6860755551697761,0,0.0,0
24679,14.098910850079594,3,5,0.0,6,0.44726937476007705,0,0.0,0
24680,58.32733024827438,1,4,1.9045181587043825,7,1.1129233824286269,1,260.4345830589876,1
24681,40.89483657358606,3,1,9.300870992044118,7,1.000055719571108,0,0.0,0
24682,30.7355357165673,1,1,20.000296448501892,1,0.38810450653535816,0,0.0,0
24683,61.872832025480534,2,3,7.9949921290302495,2,0.2831839478044872,0,0.0,0
24684,47.15703040720223,3,6,16.59612724996381,2,0.6595117759372013,0,0.0,0
24685,36.78064961765746,1,3,4.71514199070035,0,1.0000937906832248,0,0.0,0
24686,42.6393933263912,4,4,20.005587442393566,7,1.000043812139557,0,0.0,0
24687,67.74972120485045,4,6,15.802998418996385,1,0.3219953274921772,0,0.0,0
24688,52.387580539794776,3,4,14.064819174792923,7,0.4416612870634783,0,0.0,0
24689,44.309160377506664,5,3,7.622121953245141,7,0.999685920534076,0,0.0,0
24690,45.712738015351846,2,2,10.39627588432765,6,1.000255698944271,0,0.0,0
24691,6.931976212946694,3,3,12.671881010571079,5,0.7108000798039713,0,0.0,0
24692,27.657191636045276,0,3,0.0,4,0.7215839044628255,0,0.0,0
24693,59.39506621689429,7,6,7.053031884615892,7,0.5408351348577908,0,0.0,0
24694,51.324670843782876,2,4,19.99820784913807,7,1.0004209482010595,0,0.0,0
24695,41.30944602585986,3,3,20.008835459878448,1,0.4873234415588761,0,0.0,0
24696,38.815309149815036,5,1,17.674890460439695,2,0.06582771762587303,0,0.0,0
24697,37.149884345855014,3,6,8.695460931972839,7,0.9328914129262194,0,0.0,0
24698,56.48217306865148,2,6,23.338556257688783,7,0.999976478837127,0,0.0,0
24699,49.034958186799,3,3,19.19506631177446,2,1.0005344674402101,0,0.0,0
24700,48.67312816959585,5,1,11.941029526655711,7,1.0000883020364792,0,0.0,0
24701,24.46172961044251,5,2,5.595639973143756,2,0.012761898072054856,0,0.0,0
24702,50.49675669311143,0,3,13.760190089259197,5,0.44375874527082443,0,0.0,0
24703,48.00104773689365,2,2,0.0,7,0.8618914210127263,0,0.0,0
24704,54.68489815791784,2,2,11.221965072150924,5,0.2192431301982753,0,0.0,0
24705,28.488596964304026,0,2,7.9361100971149,2,0.9799710563895836,0,0.0,0
24706,30.1049193267393,3,3,0.0,0,1.0003321193469803,0,0.0,0
24707,29.18206224040948,5,2,11.684778467002282,5,0.2512747294661187,0,0.0,0
24708,54.876723591968435,3,3,6.818973455658539,7,0.9996021234358168,0,0.0,0
24709,29.562962911688455,3,6,13.449794557014567,1,0.9189676654454793,0,0.0,0
24710,41.101282197112134,6,3,0.0,1,0.6673548339315585,0,0.0,0
24711,47.85175427695678,3,3,15.921913039295221,0,0.9994626183332754,0,0.0,0
24712,74.61288140189134,3,2,14.782637839596422,6,0.9996739084089328,0,0.0,0
24713,54.70215626104444,3,6,17.08840384488146,2,0.5248618016000629,0,0.0,0
24714,17.00862659228822,4,4,12.824547579546316,1,0.9999797643325525,0,0.0,0
24715,50.62427551827062,3,1,3.2844062026162772,7,0.9646590547464633,0,0.0,0
24716,12.175108492295198,1,1,2.8836551970358304,1,0.0,0,0.0,0
24717,44.7366366574761,2,3,5.432727409489785,7,0.8925018940930238,0,0.0,0
24718,28.733074601130085,1,2,8.682947423730786,4,0.9621402651106572,0,0.0,0
24719,61.96858542069653,4,5,13.502085595937714,2,0.4984460193198632,0,0.0,0
24720,23.93870861377484,2,2,2.6131846966525227,4,0.2371726440957182,0,0.0,0
24721,51.81805314472522,3,3,16.041327610887905,2,0.9996602769097204,0,0.0,0
24722,59.06660123272413,3,3,0.0,5,1.0000743424970606,0,0.0,0
24723,36.466106858111004,3,7,20.0034556607068,1,1.0004276568990718,0,0.0,0
24724,67.63278476424192,3,3,11.689305117534031,3,1.0004136027436765,0,0.0,0
24725,39.19220743247549,4,2,13.458146568003672,5,0.9755521381124422,0,0.0,0
24726,45.438660039147194,4,2,15.98223637695793,4,0.9978184342377467,0,0.0,0
24727,32.60970937089869,4,0,9.437821135960753,6,0.4155581180864112,0,0.0,0
24728,23.77759030534091,4,3,9.025922140183466,2,0.3492853606503892,0,0.0,0
24729,51.35942623612188,4,1,15.648580798571235,2,0.0,0,0.0,0
24730,51.064857783553975,0,1,3.635731190235795,3,0.6274114138019176,0,0.0,0
24731,45.98506476873918,4,2,20.19671779998695,7,0.4749966086944224,0,0.0,0
24732,47.51507387878682,1,4,11.067419257524259,7,0.9998301755093042,0,0.0,0
24733,24.84181770400387,1,6,9.58286236000828,0,0.7768247956204002,0,0.0,0
24734,19.55023910086006,2,1,10.1591955708998,2,0.9995986108973017,0,0.0,0
24735,37.673512893535836,4,6,21.85216898877804,4,0.3084183151305035,0,0.0,0
24736,31.866499690116232,5,1,4.409301412089215,8,0.684946338778977,0,0.0,0
24737,37.697453898148,3,7,5.246258047725868,6,0.4256234377192312,0,0.0,0
24738,50.741758745445196,4,3,5.679158262897807,3,0.9998155241042479,0,0.0,0
24739,10.823746848183141,4,2,12.909046307388781,1,0.24641117430731901,0,0.0,0
24740,53.07655843027928,2,4,11.829413252985947,2,0.03806133483162333,0,0.0,0
24741,36.65742040468697,5,2,14.681996735152891,7,0.8023605365994585,0,0.0,0
24742,47.44434338453353,2,6,19.890590963767703,4,1.00055908440339,0,0.0,0
24743,55.002296756537476,2,3,1.239184238054582,3,0.4261232536344126,0,0.0,0
24744,54.46161637501365,4,1,3.0550521092539196,4,0.28391561740761395,0,0.0,0
24745,32.855073772295334,1,1,14.550382212072122,7,0.01562168413977727,0,0.0,0
24746,26.04420954519188,3,3,4.62084153920071,4,0.11404358541572579,0,0.0,0
24747,34.467765502447826,4,3,10.257227821908199,3,0.4788594482967009,0,0.0,0
24748,37.51189950288336,3,3,19.994512664057147,3,0.7366710251004923,0,0.0,0
24749,46.2112357368343,2,3,12.550614728763561,4,0.5005608961679292,0,0.0,0
24750,37.575813806119086,2,4,9.395367837521228,5,0.7131328248049396,0,0.0,0
24751,26.47524887003795,3,3,11.222468344122,7,0.9515161995395679,0,0.0,0
24752,40.81932381579828,3,3,14.73074906688365,2,1.0002011640621626,0,0.0,0
24753,29.48583651572814,5,3,12.975074980845466,5,0.294417151155024,0,0.0,0
24754,24.009666713141428,3,3,0.07835656047186568,3,1.0003080831875244,0,0.0,0
24755,54.81989641087604,3,1,11.905777457597273,4,0.9996683826089456,0,0.0,0
24756,50.493986439996576,3,6,27.504133874932407,7,1.0004153638655273,0,0.0,0
24757,46.42836253793149,3,3,8.651465008216178,7,1.0007180969936516,0,0.0,0
24758,61.59952634219927,2,1,11.605688564091743,2,0.3129992041826937,0,0.0,0
24759,55.89904948201778,3,6,20.051660800467346,4,1.0007224728894502,0,0.0,0
24760,44.72596745853866,3,1,5.9726543797909795,3,0.0,0,0.0,0
24761,52.63208036326803,4,1,2.831678477044239,7,0.6057827650780129,0,0.0,0
24762,35.792298978017,3,5,15.802619926753682,7,1.000192873142437,0,0.0,0
24763,16.413808330014774,2,3,3.9455044789169644,5,0.36609038581121167,0,0.0,0
24764,38.52627690809775,0,1,14.279173383711955,7,0.9721728758652386,0,0.0,0
24765,51.302706924168156,5,4,18.28230600314329,7,0.46047005123686857,0,0.0,0
24766,53.57516660038175,2,6,11.307678046831297,1,0.7749895405628122,0,0.0,0
24767,35.333728081253696,3,1,8.398293582215558,1,0.4009278861885381,0,0.0,0
24768,41.754539526747045,2,1,19.558807306057844,7,1.0002001517697339,0,0.0,0
24769,46.45254750068827,3,1,12.459425255182863,4,1.0002445974883163,0,0.0,0
24770,43.55566330239724,3,2,10.186818840601354,3,0.6292384093858587,0,0.0,0
24771,46.11338141202814,4,6,14.748449283391,6,0.7716994923976422,0,0.0,0
24772,66.93484941128152,2,6,8.010501553028936,7,1.000038766010579,0,0.0,0
24773,40.83507790436776,2,1,13.707803716758947,4,0.7104847863749204,0,0.0,0
24774,46.54145257965484,2,3,3.7178152888332407,7,0.4760464084865338,0,0.0,0
24775,26.079451852228242,4,0,20.899241019858696,6,0.7236454357737703,0,0.0,0
24776,59.16903534388952,0,1,18.562286519689458,7,0.22571464187543672,0,0.0,0
24777,22.985197570813206,3,5,0.6694808980563636,4,0.9642573261283456,0,0.0,0
24778,41.94382382578323,3,4,17.000672499937018,2,0.9999942865722655,0,0.0,0
24779,33.064432419806266,7,3,15.19404063243768,4,0.003303753041850599,0,0.0,0
24780,54.45206921728574,2,4,20.538566613328435,5,0.8095183885389384,0,0.0,0
24781,51.17566258362463,3,2,2.374787112053662,7,1.0000292548690979,0,0.0,0
24782,56.54735834524951,4,3,13.358004859027377,4,0.5440718223060083,0,0.0,0
24783,12.274817978157465,2,3,11.845076408050092,6,0.2811230429576846,0,0.0,0
24784,48.5025088257605,5,2,19.99567328852922,1,1.0003139405170272,0,0.0,0
24785,30.38252927827601,4,2,8.335800604237129,7,0.1848295325954381,0,0.0,0
24786,54.78903886987635,1,2,10.94972409248978,1,0.0060537885706621886,0,0.0,0
24787,33.00783206833953,3,4,25.357004321113575,2,0.054955941884357595,0,0.0,0
24788,23.748796300221574,2,4,16.719432846914273,5,0.2534989425350209,0,0.0,0
24789,39.786057870244925,0,1,17.633426800663614,7,0.6956943709105464,0,0.0,0
24790,41.363338121344725,5,5,12.440179085057501,1,0.4409245387398436,0,0.0,0
24791,38.87611399129455,4,1,4.428840484148071,3,0.26032325463385575,0,0.0,0
24792,48.927481874669056,3,3,14.616353427348443,3,1.0003662300933536,0,0.0,0
24793,24.674822514422196,3,3,0.0,5,0.9299230149779256,0,0.0,0
24794,62.29414035950121,2,3,9.005332535466929,7,0.3179036593348738,0,0.0,0
24795,50.028861660934766,1,4,19.993060790105957,1,1.0000640476668674,0,0.0,0
24796,32.0661224381931,3,3,17.02058515253265,2,0.6364134725811662,0,0.0,0
24797,21.18898395831451,3,1,12.367114736527796,7,0.5015166267442129,0,0.0,0
24798,76.30377008332403,3,4,20.00198338362873,7,1.0007151203793203,0,0.0,0
24799,30.488993099426924,2,7,0.0,1,0.20952641594127464,0,0.0,0
24800,42.129597558436465,2,1,20.002181412032414,3,0.3731739688925884,0,0.0,0
24801,45.299604799425396,3,3,1.1842630098434217,1,0.8985787734188599,0,0.0,0
24802,38.21337921186186,2,2,0.20276593015360156,1,0.0,0,0.0,0
24803,51.86055412744349,3,1,21.849428052841958,7,1.0003987734087536,0,0.0,0
24804,43.336876669497855,2,3,3.23463536149639,5,0.5015456215000932,0,0.0,0
24805,36.686014129440245,4,3,12.294888576757817,7,1.0001020689430486,0,0.0,0
24806,45.87299446394367,3,1,17.06540318287387,7,0.9996557696416841,0,0.0,0
24807,37.88058475765307,6,3,12.485692859990603,1,0.1718235904290072,0,0.0,0
24808,26.17970434338999,2,1,4.053960214814055,3,0.1351821597362589,0,0.0,0
24809,47.835508451561715,2,3,19.999554808734857,1,0.8041312091509142,0,0.0,0
24810,39.58760845839251,3,4,1.6935586934183924,2,0.4890548567732068,0,0.0,0
24811,26.531780293941146,3,6,9.055551141414865,2,0.5090365765105083,0,0.0,0
24812,30.428619725998068,2,6,17.28571331072162,2,0.057853287362754635,0,0.0,0
24813,60.091900525447855,3,6,10.735940078962917,3,1.0002876993661203,0,0.0,0
24814,39.20836397400769,2,2,2.586564455082181,1,0.43224490791972486,0,0.0,0
24815,33.43366164863101,3,1,14.056186295453287,0,0.6597614045575693,0,0.0,0
24816,26.019873791985535,2,2,6.011185251219019,1,0.8300362054899535,0,0.0,0
24817,51.57290306974449,3,2,15.33964197401204,5,0.602493683691191,0,0.0,0
24818,35.241165138052565,1,3,11.810745785291932,7,0.552690477419271,0,0.0,0
24819,51.07396147267296,2,1,10.372758886314152,2,0.2871393144615579,0,0.0,0
24820,53.419996454299735,2,3,8.990415145286034,4,0.9996643537174752,0,0.0,0
24821,64.20570313388204,6,4,14.62777277794749,5,0.670868524287777,0,0.0,0
24822,27.23017123299328,3,1,12.003401246002754,4,0.5021218839809845,0,0.0,0
24823,25.155409310616065,3,6,10.826524746903916,3,0.1817012488916857,0,0.0,0
24824,21.291732751272644,4,5,13.140057013271909,3,0.0,0,0.0,0
24825,26.60409006717545,3,6,0.0,4,0.04471068516911736,0,0.0,0
24826,34.89127821442932,1,3,1.7929581030045192,6,0.3859213662017844,0,0.0,0
24827,61.70039843931787,5,4,20.002700843471196,3,0.5005748094136685,0,0.0,0
24828,54.55250658770133,4,4,19.999579410415457,1,0.9998642381859,0,0.0,0
24829,30.67483065515256,2,6,20.45030484567682,1,0.9824964889795382,0,0.0,0
24830,48.03859786251631,5,4,4.341332664952006,3,0.5011869136982551,0,0.0,0
24831,21.395644742889605,3,4,7.246605849223741,1,0.107497682097343,0,0.0,0
24832,54.13297560210499,4,6,11.754534567550335,7,1.000103630086031,0,0.0,0
24833,44.02150265433475,1,3,9.109595082456277,7,0.9999219018627431,0,0.0,0
24834,37.331260525121266,3,3,2.081039550264247,2,0.9997834177925922,0,0.0,0
24835,34.71551950766248,3,4,16.7115865788752,1,0.9996102286755089,0,0.0,0
24836,48.167470873041125,3,6,16.89704078383512,7,0.4894859042751529,0,0.0,0
24837,20.17238970908008,5,6,14.817868658672047,3,0.5731181667512377,0,0.0,0
24838,40.74293687456928,4,3,14.718311584665788,4,0.976998055925921,0,0.0,0
24839,43.69921655208424,5,3,11.248065911573208,1,1.0001143473910852,0,0.0,0
24840,38.08276770632334,4,3,10.865708288378187,7,1.000027264946856,0,0.0,0
24841,39.31368626698356,3,2,10.621068862423853,1,0.9993011520262558,0,0.0,0
24842,44.74020383561486,4,3,13.150800835150205,2,0.9996505808010768,0,0.0,0
24843,57.69801280420045,3,1,1.726385051394999,7,1.0000531697911224,0,0.0,0
24844,47.56927943289146,4,3,6.78947570427166,6,0.20756999257020026,0,0.0,0
24845,42.10198691995137,3,4,20.006483473376143,1,0.2790385305984344,0,0.0,0
24846,52.10272451045796,4,3,7.5780955545332525,2,0.9998701502586358,0,0.0,0
24847,53.593306251834846,3,1,6.815409074147386,7,0.9999787152656938,0,0.0,0
24848,21.76797349928669,3,1,15.254499933385233,7,1.000174971683821,0,0.0,0
24849,39.78558763430293,0,2,12.71873507664466,7,0.6125726502659345,0,0.0,0
24850,27.342999563995043,6,2,15.34927921213817,2,0.9040522441892842,0,0.0,0
24851,36.41669389061819,0,6,13.716103551867775,3,0.9994605392162588,0,0.0,0
24852,36.992553688321685,0,3,6.187982605089755,5,0.5905762508630301,0,0.0,0
24853,63.938864021959105,3,4,19.996315668979875,7,0.9995839734377057,0,0.0,0
24854,58.1658485023662,4,1,3.632791423134144,4,0.3551353934884147,0,0.0,0
24855,44.37044122617033,0,3,12.616888079296718,7,0.53021331252775,0,0.0,0
24856,42.05124373780652,6,3,20.57247906324242,1,0.7220793216714246,0,0.0,0
24857,55.48503413999732,6,2,8.627758454809062,7,0.5670610336818196,0,0.0,0
24858,33.11217806114581,3,3,10.161747759038505,4,1.000260946424896,0,0.0,0
24859,29.28379201359269,2,1,7.808630500535193,7,1.0005127729658796,0,0.0,0
24860,30.736892941123457,2,6,4.822100200878277,1,0.99860736576212,0,0.0,0
24861,17.242321842209662,5,4,7.289770533925074,3,0.6476717113343606,0,0.0,0
24862,21.485305594359914,4,2,13.675645113240888,5,0.5824758344345657,0,0.0,0
24863,26.200982671272353,4,6,19.658708886831988,1,0.9994371026591081,0,0.0,0
24864,38.64905182819902,4,4,5.209938296864994,7,0.15295897497508082,0,0.0,0
24865,49.53128578743976,3,2,14.979353094442923,7,1.0001241064471524,0,0.0,0
24866,21.483942207868225,1,5,8.324309777877579,3,0.7482982412733733,0,0.0,0
24867,31.985431742677175,4,3,15.69248709558523,2,0.45545354531675153,0,0.0,0
24868,48.89288393313178,4,4,5.126253233879035,1,0.9653376488356273,0,0.0,0
24869,30.44534449182328,4,1,19.996865798014483,1,0.21586543687222598,0,0.0,0
24870,20.466913047194186,2,1,6.089869462422017,2,0.13727737956191854,0,0.0,0
24871,29.536020530526763,4,2,8.072546518736234,7,0.3817815170673021,0,0.0,0
24872,58.806420305032276,4,1,11.306202885030178,7,0.9998907028209572,0,0.0,0
24873,27.17722766162438,4,2,8.051360259902312,7,0.4906911228509505,0,0.0,0
24874,49.425180335579284,3,6,0.7082004383843774,2,0.1036260975557537,0,0.0,0
24875,40.75260385391818,3,1,14.923030483819108,1,0.37046967214233467,0,0.0,0
24876,19.106576617041785,5,4,19.98971261463951,1,1.0000236002823717,0,0.0,0
24877,23.33948707895942,3,6,7.195471080536942,4,0.8649382961911785,0,0.0,0
24878,37.706718833067164,2,4,19.993780955898558,1,0.8414444371152299,0,0.0,0
24879,54.02894207727926,4,7,7.870410712288177,1,0.7660147805756881,0,0.0,0
24880,42.738221862387846,3,2,12.253159873971919,4,0.9869856188034856,0,0.0,0
24881,27.25267326956827,4,1,13.619754130119672,7,0.5511277491510402,0,0.0,0
24882,47.861671886944286,4,5,19.999860317303792,1,1.0003750069214496,0,0.0,0
24883,12.77010668916542,3,7,5.941194884736944,6,0.0,0,0.0,0
24884,62.113703898793375,2,6,2.3748006527199603,4,0.6879863175880614,0,0.0,0
24885,40.23651034838254,3,2,0.2025688682215101,5,0.9646987147575514,0,0.0,0
24886,56.01319988601391,3,7,8.595412349432678,1,0.44301526340970565,0,0.0,0
24887,42.471532350759716,3,3,14.642286163149825,1,0.8015167584736417,0,0.0,0
24888,46.97694684753268,3,1,11.180957563118227,7,0.6292220820625336,0,0.0,0
24889,55.1496326077499,5,3,8.168688850934364,5,1.0005148577235956,0,0.0,0
24890,45.31076607999365,5,6,12.67776884454539,7,0.45335255668977026,0,0.0,0
24891,59.233666082806494,0,3,9.07625453281507,3,0.5021595476270165,0,0.0,0
24892,55.75331695785718,3,1,15.479461890772143,1,0.6834327484113272,0,0.0,0
24893,46.79131578947511,2,6,17.62602519727777,2,0.7791537377865246,0,0.0,0
24894,44.55519876428167,4,5,15.651061718759742,7,1.000035615566678,0,0.0,0
24895,43.04311725720152,3,3,12.522284897779604,3,0.42926183500585424,0,0.0,0
24896,61.05927727525369,3,6,13.072877436559391,7,0.6872535540232305,0,0.0,0
24897,27.390917522696515,2,3,1.2103387506653842,7,1.000337171502444,0,0.0,0
24898,49.97664409251796,2,1,15.218448951376782,1,0.6136884559192872,0,0.0,0
24899,47.06359620942122,3,3,20.256737186592048,0,0.37567831284653713,0,0.0,0
24900,18.491652484333247,3,3,4.671078593820887,0,0.32803841709282466,0,0.0,0
24901,44.158641060857,4,3,8.443434123212626,7,0.6840545007759503,0,0.0,0
24902,40.83987481922537,3,1,16.603916455092662,4,0.7157889468360474,0,0.0,0
24903,22.164661578858446,2,2,7.220530402824588,3,0.5686380025324003,0,0.0,0
24904,53.67922777740119,3,1,3.6072947497577452,7,0.9677744875756111,0,0.0,0
24905,52.587596577425344,4,3,14.856407272095197,0,1.000075286471013,0,0.0,0
24906,54.771123900393114,4,6,12.209522275869118,7,0.9996831102292201,0,0.0,0
24907,31.32895414918449,3,3,4.8858930019288005,3,0.3941852238031608,0,0.0,0
24908,50.90035411933089,3,1,7.940305325641129,4,0.9659744790865001,0,0.0,0
24909,25.280655102344458,5,4,16.877230694489484,1,0.9778078134537462,0,0.0,0
24910,39.63105393432316,3,3,31.164682218785487,3,0.16940483982451582,0,0.0,0
24911,48.5554036468122,6,3,3.7415358612643823,3,0.49957121014818573,0,0.0,0
24912,38.23341195482743,4,5,8.975964985796232,1,0.2832526181583823,0,0.0,0
24913,48.22716993014231,3,4,20.00567198166211,6,1.0002389739775852,0,0.0,0
24914,38.29387854764468,5,1,12.96739424808379,3,0.21668321311054467,0,0.0,0
24915,71.98552421691895,3,1,20.00343140226597,3,0.6964057992574331,0,0.0,0
24916,31.31928833668449,4,3,12.594133091821563,7,0.6621621851660761,0,0.0,0
24917,62.601678247811435,4,3,9.438758081323797,1,0.4995002811864384,0,0.0,0
24918,29.654557261597162,2,5,1.2516724944776332,3,0.8413840742569946,0,0.0,0
24919,24.598786078343245,2,1,8.419895661335456,6,0.5978763867542634,0,0.0,0
24920,25.1826548201317,3,3,11.145585829763222,7,0.5788143801975871,0,0.0,0
24921,58.144992670159645,4,1,15.32073567847155,1,0.9283503416905715,0,0.0,0
24922,52.88868635951593,2,5,0.0,7,1.0001134938648497,0,0.0,0
24923,57.07340924553944,4,3,11.219458455673754,7,0.5567203579925605,0,0.0,0
24924,54.30047496907039,3,3,15.511154191674787,7,0.9997542879550428,0,0.0,0
24925,50.16642964373289,3,1,12.260618580331183,7,1.0000712363755326,0,0.0,0
24926,20.4517702950718,2,2,12.613024417358085,2,0.260308056306352,1,24084.42103470119,1
24927,34.529990638377875,4,2,2.176789001275111,7,0.9134368280154512,1,10517.6004843855,1
24928,26.944303559359433,3,2,6.213735344214211,1,0.2255915158695898,0,0.0,0
24929,26.395105849353808,3,1,11.312875092528072,2,0.49392437622902435,0,0.0,0
24930,40.72885674101923,2,3,17.01127605431222,2,1.0000524870960303,0,0.0,0
24931,28.292165286317555,5,1,0.3222157179488878,2,0.4262436156943392,0,0.0,0
24932,63.00838366177089,3,6,12.520415558832712,5,0.31293496651015096,0,0.0,0
24933,49.06789377973632,4,5,27.650214735755526,6,0.5020558986812406,0,0.0,0
24934,4.765371217851282,3,2,10.100574843490335,1,1.0004645949059299,0,0.0,0
24935,26.82200687032519,4,3,7.554546439692276,7,1.0005820279698376,0,0.0,0
24936,43.0861772983634,2,1,13.117862428311538,4,0.4167591578248991,0,0.0,0
24937,18.211107905012742,2,6,8.46475797735532,7,0.5360053113066554,0,0.0,0
24938,32.84004933071222,2,1,19.994022628065014,4,0.6817569367583318,0,0.0,0
24939,48.977186601332384,4,2,4.1508712743711875,7,1.0002241623515828,0,0.0,0
24940,36.46591232376277,3,3,12.673726401079017,5,0.9999026487556564,0,0.0,0
24941,39.34451920405459,5,5,3.0561148499901716,2,0.9994421502286146,0,0.0,0
24942,28.352519133157962,1,3,0.0,2,0.7086140452397819,0,0.0,0
24943,43.27592997628902,0,1,10.93217657599789,7,1.0002888060309174,0,0.0,0
24944,37.39129993161368,6,3,9.78248825095532,7,0.7015052804370497,0,0.0,0
24945,25.28568676195177,1,1,12.672806829014961,4,0.39554901180116536,0,0.0,0
24946,33.080728874850855,2,1,14.838282070093342,2,0.599186059818236,0,0.0,0
24947,45.29404902985746,3,3,20.657521162586267,7,1.000492715948938,0,0.0,0
24948,64.2065088394967,2,6,4.831871373367653,7,0.44944584747569993,0,0.0,0
24949,42.63655342467822,4,6,0.6637456415389167,7,0.9997635906623178,0,0.0,0
24950,32.43406499272427,2,3,5.626775351383827,2,1.0003080410887086,0,0.0,0
24951,33.70130242565434,2,1,10.616607120259234,0,0.9998734430391556,0,0.0,0
24952,41.74464694515859,3,1,20.450033142184566,4,0.9998299820678578,0,0.0,0
24953,18.92531363752525,2,2,14.040857707037649,7,0.08344698144013074,0,0.0,0
24954,51.65776381176947,1,6,17.490297580136485,7,0.9993689349888173,0,0.0,0
24955,57.54922323324258,1,1,19.98756147955794,4,0.49772668183204116,0,0.0,0
24956,25.21559905259841,2,5,8.186051349260776,2,0.3084353907827517,0,0.0,0
24957,50.00842714582281,2,3,8.221976087401615,2,0.4994913858412028,0,0.0,0
24958,43.31831725809171,3,3,8.653641672831995,2,0.22049617683246958,0,0.0,0
24959,27.882097836897653,4,2,8.790059356239645,5,0.9623684502011125,0,0.0,0
24960,53.663731279640295,0,4,19.99791673998024,7,0.2870880627001099,0,0.0,0
24961,59.20953623171101,2,1,5.7794517993342165,7,1.0004858340880034,0,0.0,0
24962,43.528389381981235,5,5,20.001735516985008,1,0.27687262785425565,0,0.0,0
24963,48.34967848858841,3,3,0.0,1,0.9998090285135846,0,0.0,0
24964,53.47695367465694,3,3,8.15417018120164,1,1.0002471402192523,0,0.0,0
24965,75.60019459710011,2,6,16.136695098080445,5,0.9995914344304324,0,0.0,0
24966,32.63865948691294,6,3,0.0,2,0.5019418402258986,0,0.0,0
24967,54.76934519560774,3,2,17.3218527237959,7,0.9995902453803165,0,0.0,0
24968,56.808359513466286,4,1,9.007715576662946,3,0.9128103761870652,0,0.0,0
24969,54.18952644611196,3,5,7.669184319694563,3,0.2646407733512452,0,0.0,0
24970,47.64499609833379,2,6,3.4678125696756457,4,0.36338328297757694,0,0.0,0
24971,28.326682855492344,3,1,8.650228364356803,7,0.9437238573564102,0,0.0,0
24972,26.847894496906026,3,6,16.746495724064644,3,0.27869736638265097,0,0.0,0
24973,26.88822698489507,3,1,0.0,3,0.43390300629505796,0,0.0,0
24974,31.853421191516528,1,4,7.3566228889542735,7,1.0002350330466752,0,0.0,0
24975,25.761980143800063,6,6,0.0,4,0.1446027727572654,0,0.0,0
24976,46.04078860567699,3,1,12.01692270463087,1,0.9999999342959962,0,0.0,0
24977,44.97653583069447,3,1,0.0,0,0.9380811530853816,0,0.0,0
24978,37.15124168682659,2,3,8.826537447933635,3,0.6732546319017992,0,0.0,0
24979,36.56843353988877,2,1,8.992476816514808,7,1.0003907832701828,0,0.0,0
24980,62.244335790719795,3,2,6.057305198375574,7,0.4772188545137511,0,0.0,0
24981,58.38415105405768,2,4,12.585034115256136,7,0.9364202063362993,0,0.0,0
24982,53.52020025119481,3,2,9.79542631153089,5,0.7117499592057558,0,0.0,0
24983,16.483793103034078,4,3,7.995343778724018,3,0.9117401619606563,0,0.0,0
24984,46.40064695049016,3,3,15.378794556781433,2,0.5028837872479048,0,0.0,0
24985,54.49533528262077,2,1,0.7004034404128436,1,0.0,0,0.0,0
24986,53.48587722558245,3,2,10.532020302757699,7,0.9992631291511964,0,0.0,0
24987,50.8330243763443,4,2,9.92751964406127,2,0.6156266153235552,0,0.0,0
24988,46.404075836756675,6,4,14.218745187388365,1,0.28708893639465655,0,0.0,0
24989,49.87792343667159,3,1,10.723474864041135,5,1.0006462023577536,0,0.0,0
24990,57.52264895281337,2,1,13.33939780941278,7,0.9996421439708633,0,0.0,0
24991,53.29229233127925,2,2,13.402313563011337,1,0.7730081409831322,0,0.0,0
24992,32.31804800856562,4,6,0.8094060989976182,7,0.19793159765324475,0,0.0,0
24993,30.201479213973087,5,6,8.857428878869111,6,0.968381175288367,0,0.0,0
24994,30.495596407349073,2,3,13.114124963024114,7,1.0004872305817,0,0.0,0
24995,49.65825642400677,3,1,17.93635279194418,1,1.0000449325428789,0,0.0,0
24996,41.767453362931334,4,4,19.995512103380715,2,0.9997768866488563,0,0.0,0
24997,55.15138304496178,3,1,9.912320450230622,5,0.9318753862018567,0,0.0,0
24998,20.592265436419463,2,6,10.757611222221938,4,0.6955355516723085,0,0.0,0
24999,49.62175930819829,1,3,24.354552024974566,7,0.28707960476382655,0,0.0,0
25000,52.66285492416165,2,2,17.951873640096032,1,1.000046156846226,0,0.0,0
25001,41.95070986706143,1,1,12.605632662972798,2,0.3788815097590473,0,0.0,0
25002,45.06667224588818,4,2,4.557373631163962,2,0.24384324643142102,0,0.0,0
25003,39.4810443971839,1,6,17.42358816791388,2,0.00021885311106184524,0,0.0,0
25004,55.466577314698434,2,3,6.693928083965978,7,1.0001991405522355,0,0.0,0
25005,32.21643328801386,1,1,5.77097945129755,0,0.49749756354708363,0,0.0,0
25006,37.59616711958399,3,4,19.993358826361586,7,1.0002761184426363,0,0.0,0
25007,46.89514405698553,2,1,10.014679191917192,3,1.0001593783802416,0,0.0,0
25008,49.9588064138601,4,1,11.217508470496877,7,0.17898630576117058,0,0.0,0
25009,56.193026216497294,2,1,17.0189067609629,5,0.9992266468097688,0,0.0,0
25010,54.132893443542336,3,3,10.122748288742889,7,1.0002652844476432,0,0.0,0
25011,31.575464635494527,0,3,10.962479876575392,2,0.1559133985747274,0,0.0,0
25012,23.900830317571856,2,4,17.75534199426886,5,0.17174224007898398,0,0.0,0
25013,34.09711807470394,4,4,20.00254781197689,1,1.0002502066802252,0,0.0,0
25014,21.637109312646015,3,3,1.5892800456175902,0,0.6975582786927274,0,0.0,0
25015,45.311280814024094,2,6,7.959932647854794,7,0.9999591025776458,0,0.0,0
25016,41.639053858365465,4,5,4.247075634224615,6,0.614676286192197,0,0.0,0
25017,43.344751212002606,6,1,13.721704066113762,7,0.5816937720263229,0,0.0,0
25018,30.13568434784167,2,2,9.679873368511998,1,0.27955887240708344,0,0.0,0
25019,64.0872123221674,3,1,10.967887207620668,6,0.6984232559013483,0,0.0,0
25020,51.424672039018645,3,3,0.6004597258479869,5,0.8515003018061473,0,0.0,0
25021,53.62505552968996,2,1,16.223233844029295,7,1.0005014578026246,0,0.0,0
25022,32.2044798849508,3,8,9.116134674578667,7,0.9275304497503052,0,0.0,0
25023,24.740733446861437,4,2,9.708801248990467,6,0.6892088488692988,0,0.0,0
25024,34.809268060256116,2,1,2.3175190297482455,4,1.000199887066835,0,0.0,0
25025,63.1958971196533,3,1,17.02862157930813,7,1.0002024287952729,0,0.0,0
25026,44.211215857668314,4,6,10.56500302136611,7,0.9998807925139682,0,0.0,0
25027,42.105455979811325,3,3,13.577448266448094,3,0.9999119338622594,0,0.0,0
25028,37.25750239698317,2,3,13.179642801391594,2,0.9993959203351851,0,0.0,0
25029,31.362483052523558,2,1,2.8219016514530413,5,0.15288715749495851,0,0.0,0
25030,43.264818561384516,4,1,14.192033376872217,7,0.9996076869189838,0,0.0,0
25031,33.96142973866036,2,1,5.209664951442067,4,0.9995032112696471,0,0.0,0
25032,49.282571276705646,2,3,0.0,4,0.4966355108581762,0,0.0,0
25033,31.48920258225648,0,6,16.1289068771776,3,0.735167230094094,0,0.0,0
25034,38.83467570431723,3,6,13.428745859080841,4,1.0005033126024858,0,0.0,0
25035,65.01470831205523,3,3,13.34814949474879,2,0.4971938492936541,0,0.0,0
25036,39.45372000429759,3,4,9.601594954401971,4,0.9777930545890324,0,0.0,0
25037,39.21599024742662,5,3,1.009465421544375,1,1.0003282094684995,0,0.0,0
25038,39.804225976685245,2,2,11.32720092562482,7,0.9996655483226726,0,0.0,0
25039,43.95877483285457,6,1,7.55578024687617,7,1.0002539358194404,0,0.0,0
25040,39.6412953837325,2,7,13.361061616472384,7,0.31814849917447685,0,0.0,0
25041,46.08894797341442,3,2,19.99791096411908,1,0.9997157450068495,0,0.0,0
25042,37.6429986442304,1,6,5.320162293116945,7,0.2000272743156994,0,0.0,0
25043,47.88804312281753,1,6,2.949126364836742,4,0.2913795954674068,0,0.0,0
25044,38.71785889948346,3,4,13.493253153146972,4,0.11692992483256204,0,0.0,0
25045,35.68845321118898,1,3,17.088085502998133,3,0.49774732372204805,0,0.0,0
25046,52.4438840992873,3,7,8.096604577394773,8,0.7533824287889274,0,0.0,0
25047,62.79014033788141,4,1,19.816458764077808,4,0.9998694608577967,0,0.0,0
25048,50.129423005940396,4,0,0.0,7,0.9997379754877838,0,0.0,0
25049,27.820983736732387,2,3,15.307483666097088,7,0.5115243601638022,0,0.0,0
25050,53.47585291712572,4,1,13.451818315108147,5,0.9998316530638269,0,0.0,0
25051,63.90699531613544,4,2,11.525387724171141,7,0.9997526079739141,0,0.0,0
25052,59.4399557248382,6,1,0.09434497206982861,7,0.9999729333624887,0,0.0,0
25053,47.514206845158505,2,3,15.09625983303377,3,0.5068767385865348,0,0.0,0
25054,38.19692826599069,4,3,8.746594403867055,7,0.23467577148384267,0,0.0,0
25055,8.09403422538172,3,1,14.788050863474176,7,0.28656203940811037,0,0.0,0
25056,40.17942113502876,3,4,12.407886489691235,3,0.4086919466567365,0,0.0,0
25057,45.86505286853016,2,3,17.11715279401408,1,1.0131832051520362,0,0.0,0
25058,62.12077673365579,2,2,8.132718925109668,6,1.0005667378564946,0,0.0,0
25059,64.59627163351337,3,6,7.337186758533096,4,0.4019314939718945,0,0.0,0
25060,17.583278424721758,3,4,0.0,2,1.0002493923901503,0,0.0,0
25061,62.113933260994756,3,5,10.158398655936091,7,0.9997118924125294,0,0.0,0
25062,27.40028773042919,3,2,21.98789688171466,7,0.4101503467889666,0,0.0,0
25063,57.57883876993038,4,3,23.75856668974161,2,0.5259277240944868,0,0.0,0
25064,55.52670546861641,3,5,14.632428277885326,2,0.9998342399818859,0,0.0,0
25065,25.48545026245969,1,5,5.3171060548603455,0,0.35335539625644813,0,0.0,0
25066,32.97306722950657,4,6,21.913762759714253,7,0.9999845156298275,0,0.0,0
25067,34.97805740565855,0,3,4.2781276569644815,5,0.5034813012886648,0,0.0,0
25068,69.30626552703853,4,3,0.0,3,0.9835331402196967,0,0.0,0
25069,49.63407915097061,1,3,2.532978853682941,1,1.0003843842727596,0,0.0,0
25070,41.7415977366442,2,1,15.49153036575698,2,0.485726654800178,0,0.0,0
25071,46.875855088246084,0,1,8.051920989870514,7,0.5144925450658353,0,0.0,0
25072,33.93555778655343,5,5,8.900806714650491,7,0.999888295263479,0,0.0,0
25073,47.05608311533962,5,1,11.329834986125649,3,1.0002165005490429,0,0.0,0
25074,56.49311026903331,2,6,7.651830452992453,2,1.0000844974608885,0,0.0,0
25075,43.18836293453271,3,6,16.179283850242808,7,1.0003176568069079,0,0.0,0
25076,20.46629652209563,3,5,7.958079080564417,3,0.06020510340116825,1,14681.210193616025,1
25077,63.692952432587056,4,3,29.459017200295058,4,1.0001180013647142,0,0.0,0
25078,35.24077263694937,3,1,8.359980292102636,0,0.49884369669186024,0,0.0,0
25079,19.95377640726889,3,5,10.771598975236191,1,0.32886667707868256,0,0.0,0
25080,34.546822780953185,3,3,11.939815757533484,1,0.7645987047713967,0,0.0,0
25081,38.90063153164705,2,1,14.901363254158355,3,0.49760111948989294,0,0.0,0
25082,60.87866411615937,3,1,13.479906619604694,7,0.9996553970941834,0,0.0,0
25083,48.370372675274595,4,6,11.602264840439922,7,1.0001558820660366,0,0.0,0
25084,15.914571482554976,2,4,20.470451824008173,6,0.18914019343681837,0,0.0,0
25085,50.13270240666539,3,3,0.0,4,0.647361065539164,0,0.0,0
25086,47.11072391748385,4,2,15.375221295595235,7,0.9997821799771689,0,0.0,0
25087,42.00089252807172,4,1,15.062698391799552,0,0.029882056085193898,0,0.0,0
25088,33.3814903811771,2,4,18.930677831582603,1,0.21192456418556638,0,0.0,0
25089,56.04034150684096,4,3,10.357374667447564,3,0.15672221688514787,0,0.0,0
25090,50.016433881817676,2,4,20.00462169385324,1,1.0001558794228842,0,0.0,0
25091,30.407033924093753,4,6,8.734659032947919,4,0.7609563930440961,0,0.0,0
25092,60.74556311657975,4,1,14.192241310848303,1,0.9999020284509288,0,0.0,0
25093,58.990824103734106,4,6,12.14091498208429,4,0.9997015574656027,0,0.0,0
25094,33.25031332170339,3,3,1.2915767058957979,3,0.6979448924277931,0,0.0,0
25095,32.386504825943,3,6,6.587646939632369,1,0.9852700877302916,0,0.0,0
25096,47.555158225817635,4,3,13.731556791737606,3,0.6377963695655644,0,0.0,0
25097,25.486339096088923,4,2,8.034871508735101,4,0.9463836229460987,0,0.0,0
25098,36.98340147705028,2,1,15.297232594503534,0,0.10363329364322627,0,0.0,0
25099,51.42576986198731,3,6,25.628209660953544,2,1.0007801216450962,0,0.0,0
25100,63.169936035969954,3,4,19.996856598194768,1,0.5152111106535724,0,0.0,0
25101,28.416675627925457,5,3,20.006474770151073,1,0.4715539439038614,0,0.0,0
25102,29.300348790947282,4,5,14.5121301293856,2,0.9998360183404638,0,0.0,0
25103,37.39655936013731,2,6,17.76414087856483,6,0.9998099604611074,0,0.0,0
25104,30.25906180766382,4,3,17.54620541977098,4,0.4402037951973017,0,0.0,0
25105,50.54341009293898,3,1,8.26826342498794,6,1.0001566310179308,0,0.0,0
25106,40.138635176318715,2,6,8.717620998040022,5,0.47757112282630987,0,0.0,0
25107,43.152826396471994,2,2,11.939853749329831,1,0.0,0,0.0,0
25108,43.50168529854144,3,1,8.354024038751284,7,1.0001890824252189,0,0.0,0
25109,41.04049884581468,5,2,6.610562752324168,7,0.9996530054692503,0,0.0,0
25110,35.660020584799454,1,4,15.487770338082033,4,0.5536117939600921,0,0.0,0
25111,34.51367872423886,2,1,13.409912578005056,7,0.9999342901828272,0,0.0,0
25112,23.967334859195365,3,3,19.992502509540607,3,0.5560368837146396,0,0.0,0
25113,39.397810349797076,5,5,7.957262097197834,1,0.8518713550733762,0,0.0,0
25114,20.73613164798288,3,3,6.492702323463768,6,0.37859616383705397,0,0.0,0
25115,54.66358867831448,3,6,13.420091299592126,7,0.9998703433344014,0,0.0,0
25116,28.723385020037476,3,1,15.471888186978376,4,0.5826489160763267,0,0.0,0
25117,52.37197430940837,4,6,25.353983511772647,7,0.9998928392298636,0,0.0,0
25118,42.5356690784421,2,2,17.892534781204457,3,1.005148520396375,0,0.0,0
25119,50.506933588386204,3,3,11.293200609970077,6,1.0001661139502602,0,0.0,0
25120,40.618939963655556,1,2,20.0097197192855,1,1.013325746464352,0,0.0,0
25121,41.81050463280888,4,3,16.86073297320415,4,0.4987228136435882,0,0.0,0
25122,31.079453285800508,4,6,5.630624748108401,3,0.0,0,0.0,0
25123,40.09065790869694,4,5,15.633201950284446,3,0.6514299379873748,0,0.0,0
25124,38.53370127571132,6,1,15.249484372733223,3,0.009978164811974555,0,0.0,0
25125,37.88816603166505,4,6,17.29331042329043,7,0.8910073691422498,0,0.0,0
25126,46.62828399329068,1,3,8.664761630210336,4,0.9998407209305322,0,0.0,0
25127,45.06360401045628,2,1,11.398387310981013,7,1.0002962732686251,0,0.0,0
25128,32.54848729687279,1,4,11.165145780219223,4,0.5670905587807963,0,0.0,0
25129,39.90046445887879,3,6,12.440501080355396,1,0.9574220614208496,0,0.0,0
25130,32.53449841305469,4,6,10.918723362277378,7,0.9998629499072447,0,0.0,0
25131,45.471394768335045,5,6,9.231804502358946,7,0.5116659847128021,0,0.0,0
25132,19.065353643639884,3,7,10.927566766907107,1,0.9997711442296491,0,0.0,0
25133,71.61799540862654,4,3,9.9568249193743,2,0.9999153809307271,0,0.0,0
25134,35.816873048122275,4,3,15.164623773069357,7,1.0010893606355804,0,0.0,0
25135,73.16447190641912,4,5,0.34794926814878835,2,0.500641450973351,0,0.0,0
25136,37.89855144504124,2,4,10.1996372922074,3,0.7953087234821249,0,0.0,0
25137,56.509906752541795,2,3,16.808857351060883,4,0.24296459592438574,0,0.0,0
25138,24.65536282691524,2,2,4.31145336076187,1,0.1652775275672994,0,0.0,0
25139,22.568384358656104,2,2,8.56298429387511,5,0.03138473466631431,0,0.0,0
25140,59.7923973865485,3,6,13.590549659346625,5,0.8226587417168791,0,0.0,0
25141,34.17235645476869,3,2,7.902846432072061,7,1.000071692137817,0,0.0,0
25142,30.025419686071903,2,3,12.873618500839031,3,0.4971562127516,0,0.0,0
25143,27.274510632444848,4,3,4.641591763596162,7,0.25137472095335633,0,0.0,0
25144,35.47975517342153,4,3,8.83819874094232,7,0.5364738152308199,0,0.0,0
25145,39.25513508641017,5,6,23.516009458663106,7,0.48008733270674053,0,0.0,0
25146,44.379022594001015,3,3,15.446313565520333,3,0.49841599420025773,0,0.0,0
25147,35.414866608970534,0,3,0.0,4,0.9465081429834601,0,0.0,0
25148,8.485264349469823,3,2,14.238980890087554,1,0.469464243461872,0,0.0,0
25149,52.066525509197874,3,4,20.004337853814935,7,1.0002908922480058,0,0.0,0
25150,23.952196792998823,1,3,11.695033583075984,3,0.3551337601448442,0,0.0,0
25151,23.88232245237184,2,2,9.137701351784859,4,0.8093123116356875,0,0.0,0
25152,51.936123215545116,4,2,12.853320681529405,7,1.000102008266735,0,0.0,0
25153,33.546009335332705,3,3,12.34629049970527,6,0.3604305073456278,0,0.0,0
25154,50.457951971560036,6,3,4.33373389608125,5,1.0003055267614944,0,0.0,0
25155,31.07344194631305,3,7,10.12454902503781,2,0.9998634766900909,0,0.0,0
25156,35.14445275174742,5,6,28.060147292624958,7,0.4593066787492607,0,0.0,0
25157,39.03984875020677,3,3,8.814808813833984,0,0.9993135049390456,0,0.0,0
25158,51.47200462212494,1,4,11.065013287740197,3,1.0005977230336254,0,0.0,0
25159,36.161546058161356,3,2,4.814561300843427,7,0.005095479822117999,0,0.0,0
25160,34.26617703530576,2,1,13.651250891827706,3,0.0,0,0.0,0
25161,32.919843272207395,3,2,1.6089244561054254,1,0.29243886449280837,0,0.0,0
25162,47.7147577152124,5,6,12.832526006116261,7,0.9998693572517752,0,0.0,0
25163,46.512947179641166,0,3,9.584504100679569,6,0.49805113856735916,0,0.0,0
25164,43.21510888995698,0,3,6.181319404213556,5,0.5460985606855505,0,0.0,0
25165,49.234006246678405,4,3,8.174943177866028,4,0.4195469012672036,0,0.0,0
25166,51.73299710780894,7,1,8.509478575685574,1,0.3259736583334096,0,0.0,0
25167,47.56260284608166,3,2,14.51175941003864,1,0.9998632394815374,0,0.0,0
25168,33.71030199555585,4,3,11.262716509480661,6,0.5504476138713672,0,0.0,0
25169,64.08619511390268,3,4,11.247847894058205,7,0.6860845108720668,0,0.0,0
25170,62.64925658513074,2,1,11.875214696031554,3,1.0001674445615811,0,0.0,0
25171,60.59927109387084,3,3,7.222064098139828,2,0.34804822141425823,0,0.0,0
25172,42.05747965764915,1,4,10.7164514807086,3,0.667865916788885,0,0.0,0
25173,35.01326279059442,3,3,20.00557539008672,6,0.2289100990402126,0,0.0,0
25174,21.820346362807655,2,2,7.37899542754492,2,0.717176564505288,0,0.0,0
25175,49.57281565758245,4,3,0.0,7,0.7512757813055105,0,0.0,0
25176,52.867618805635196,1,1,6.406811470349352,3,0.0,0,0.0,0
25177,33.14538799120036,2,6,15.70827409041064,4,0.46359393310118663,0,0.0,0
25178,36.20562141321364,3,2,0.0,7,0.9998831885919686,0,0.0,0
25179,33.11208068143878,2,1,15.782080128928781,3,0.44880614036342004,0,0.0,0
25180,41.7216758192758,0,6,7.8585823330708395,1,0.9606303686404949,0,0.0,0
25181,37.86909055863056,4,0,2.0164494734366762,7,1.0005893374877082,0,0.0,0
25182,58.22861621724072,2,2,4.73259406307546,7,0.8447691487511968,0,0.0,0
25183,43.30804312827443,3,6,12.088547082874976,7,1.0002716864915466,0,0.0,0
25184,43.31517100326981,3,6,12.698567689887483,1,0.9872132095636953,0,0.0,0
25185,36.82895379288687,3,1,13.899263624892916,1,1.0004047794328341,0,0.0,0
25186,16.372915795781243,3,1,7.660143455913984,1,0.19079267753886908,0,0.0,0
25187,47.40856168125728,5,6,1.3016438952896152,3,0.47428495598019516,0,0.0,0
25188,44.365632748090846,2,3,3.083948606754804,2,1.0000057195816283,0,0.0,0
25189,49.40293554858037,3,4,19.99695783529502,4,0.9997925933604799,0,0.0,0
25190,45.54635925604552,2,4,15.668301311237048,5,0.7703963842330084,0,0.0,0
25191,49.659143868283145,3,6,3.291052634657074,7,0.9993374434164333,0,0.0,0
25192,36.87696959234672,3,4,20.003719965121427,1,0.714203485151447,0,0.0,0
25193,43.75509977512761,1,1,10.652024141064642,7,0.9999327152419895,0,0.0,0
25194,59.799138745292254,3,6,11.340000864993039,2,0.9996732928111074,0,0.0,0
25195,53.37115189355511,5,6,15.760269122639468,7,1.0000036413539943,0,0.0,0
25196,55.85942790936274,5,2,9.56886164433691,7,0.43135193506297403,0,0.0,0
25197,29.49917918740384,2,1,5.764721517895258,1,0.9495678200296157,0,0.0,0
25198,38.87806425168142,3,7,6.2273880369768655,1,0.26981647258296354,0,0.0,0
25199,35.25875644667756,4,1,17.829742381449805,2,1.000126910815395,0,0.0,0
25200,23.504373272487882,4,4,0.0,6,0.24604208188492754,0,0.0,0
25201,47.45366351001435,3,2,20.001300795328987,1,1.0003568114677328,0,0.0,0
25202,63.628439336219415,2,4,19.99403136760742,4,0.9996874999872223,0,0.0,0
25203,42.55174032163392,5,5,1.7806216272939661,2,0.9998729451508948,0,0.0,0
25204,47.334860784422226,4,1,14.105298522186876,7,0.999905644213597,0,0.0,0
25205,40.800425885508204,3,3,5.883362923501555,7,0.9996071893469622,0,0.0,0
25206,48.84361464834733,4,3,10.434361909048722,3,1.0000264645625179,0,0.0,0
25207,40.34563036065893,6,5,10.054857489585007,4,0.9784817275920141,0,0.0,0
25208,54.10288549118251,3,3,12.505316422424402,3,1.000058139676758,0,0.0,0
25209,32.051452003729125,4,6,3.542590955764389,7,0.9992432625127867,0,0.0,0
25210,53.441479004879355,3,3,10.153676709153245,7,1.0000786632489618,0,0.0,0
25211,42.71305263634217,3,2,1.1161330614125884,3,0.8511085081618166,0,0.0,0
25212,47.33002488370319,3,1,20.006846217660836,4,0.5182285546875246,0,0.0,0
25213,18.9041456484289,1,6,7.57310854064402,7,0.3277384047816996,0,0.0,0
25214,49.050518875235724,3,2,14.420406004434218,7,0.35274839459902174,0,0.0,0
25215,33.39085706273893,5,3,0.5920199298306237,7,0.4571554865792483,0,0.0,0
25216,39.91852967146338,2,6,0.0,7,0.7096610183867506,0,0.0,0
25217,34.06379979268817,4,2,9.044118336609056,6,0.8000171996396853,0,0.0,0
25218,47.8130442203899,4,5,15.722577241612527,4,0.99927232878898,0,0.0,0
25219,15.74591504882303,1,3,15.827439475555968,7,0.537563799485713,0,0.0,0
25220,35.677536422814214,3,2,6.649713207027138,2,0.5510281189981976,0,0.0,0
25221,20.76221896482053,5,1,14.81414065746094,0,0.3548553824906924,0,0.0,0
25222,66.3183268626856,3,3,5.338610926271519,7,0.9999419692969518,0,0.0,0
25223,44.87189314962179,6,7,6.152018140373623,6,0.10063030063394562,0,0.0,0
25224,30.103639131001913,2,3,3.9957059921111213,2,0.512456673134983,0,0.0,0
25225,45.87117170855781,3,6,12.137363239619605,6,0.8276429940440722,0,0.0,0
25226,49.62162520504252,6,3,14.455616172867256,2,0.9719685705168164,0,0.0,0
25227,88.25547031122474,5,5,7.832971804645171,7,0.5802530651304469,0,0.0,0
25228,68.4376330394937,3,3,14.57434655590118,7,0.5051819457340179,0,0.0,0
25229,29.408203308652077,5,7,9.939065327444236,6,0.9290125352186945,0,0.0,0
25230,54.34556804982518,3,2,19.717281714981524,5,0.9999736456642924,0,0.0,0
25231,50.78740739055912,2,3,14.220834474956902,7,1.0002531940457087,0,0.0,0
25232,40.19034100792654,3,4,20.003063312064768,1,0.9995715408502848,0,0.0,0
25233,30.933675775783467,2,1,10.887252324719157,5,1.0003124435067017,0,0.0,0
25234,61.5194015521474,2,3,4.108670528900715,7,0.05218568940057711,0,0.0,0
25235,30.500547195885744,4,6,18.252689967955074,6,0.4806011850085774,0,0.0,0
25236,36.14080444138557,3,1,0.0,0,0.4962288368069838,0,0.0,0
25237,28.30204289535449,2,3,6.139231382674517,7,0.9450063061543135,0,0.0,0
25238,49.42867021786637,3,3,19.997543592301927,1,0.7637036478151034,0,0.0,0
25239,51.80853327055888,5,3,14.136262546781326,7,0.9302634034065498,0,0.0,0
25240,53.88065305338244,4,3,0.0,7,0.7431808158316089,0,0.0,0
25241,38.12111139455046,2,1,6.723037863047603,5,0.34958485461238764,0,0.0,0
25242,31.257322305343457,3,6,0.0,7,0.9750802405903591,0,0.0,0
25243,34.22514019204815,1,3,7.234714252693447,2,0.4989659894761298,0,0.0,0
25244,24.118176548265108,4,6,11.059195031399945,6,0.3583863739584258,0,0.0,0
25245,47.12184302532164,1,4,5.881608441083116,7,0.9995995305734824,0,0.0,0
25246,42.252441623591686,3,6,11.391524960605215,7,0.9730072110960679,0,0.0,0
25247,21.716112454227435,4,1,6.40372745087644,3,0.8476800572759918,0,0.0,0
25248,49.58580499530346,1,4,19.991935141158308,7,0.06380200562832883,0,0.0,0
25249,15.131401873598758,4,2,11.050199697171779,1,0.17667378750194485,0,0.0,0
25250,49.08200656758601,3,6,12.363569663217081,3,0.39661799273274595,0,0.0,0
25251,18.535838505422227,3,1,3.56887651757667,0,0.07096622504437589,0,0.0,0
25252,27.89671172924543,4,6,8.796229135974288,2,0.29730160929793864,0,0.0,0
25253,58.490856965463024,2,5,4.7348959060046765,3,0.49735221391369905,0,0.0,0
25254,52.27061270387502,4,6,19.41827095849356,5,0.6855859627378098,0,0.0,0
25255,25.248499080255108,3,6,2.725612084795591,3,0.0,0,0.0,0
25256,34.36221044576414,4,6,15.48029949233086,6,0.313402030284567,0,0.0,0
25257,24.476115417151522,4,6,15.34244769599282,7,0.025810808305131827,0,0.0,0
25258,39.59761326049938,3,6,13.84582834442329,6,0.4674244443135003,0,0.0,0
25259,50.070560096947766,4,6,3.54366280629642,7,0.9996524702639478,0,0.0,0
25260,44.965728873272276,4,1,0.5715239040547608,7,0.8501982151945123,0,0.0,0
25261,52.46817830174601,4,6,10.726442090220646,7,0.9991852005004762,0,0.0,0
25262,51.30206882192947,4,3,20.391307708873043,7,0.999636770418014,0,0.0,0
25263,41.70763156867226,3,3,1.6788394113670915,3,0.2709740988016092,0,0.0,0
25264,28.03228283084777,3,4,11.280826725080228,2,0.2976716711565102,0,0.0,0
25265,67.97090285016932,4,0,0.008728677875970092,3,1.0001022457087143,1,62555.1807197326,1
25266,46.75871226750906,3,3,6.560509585166241,3,0.49946807148071254,0,0.0,0
25267,35.14822343826515,5,4,15.00334802513728,3,0.9999227714742831,0,0.0,0
25268,45.604969046733466,2,1,0.8028779926521139,7,0.9630483812453591,0,0.0,0
25269,45.73758147252852,3,6,0.0,7,0.48163124180677197,0,0.0,0
25270,36.15878161805804,0,1,17.794350441546754,5,0.9690095555202314,0,0.0,0
25271,46.31199376216835,3,1,6.092317829410429,7,0.9997274811004275,0,0.0,0
25272,45.834678062079895,4,2,3.5545692344980946,7,1.0000290226471207,0,0.0,0
25273,25.22560211886232,4,4,20.001968252018514,2,0.4230515153125624,0,0.0,0
25274,30.15283679006711,5,2,10.343129641632368,4,0.6462939380714465,0,0.0,0
25275,37.90076700963063,1,5,14.573710835389418,1,0.9938568680981024,0,0.0,0
25276,36.86121764940951,1,2,23.201679226200667,7,0.6375416804534556,0,0.0,0
25277,58.14676554036493,2,1,2.1750180779156096,3,0.2985558172742756,0,0.0,0
25278,67.1883290693313,1,3,6.457003895133722,3,1.0000481389956044,0,0.0,0
25279,49.6744199050863,3,5,13.234034239596507,5,0.983104982818013,0,0.0,0
25280,64.0728544895234,4,3,0.0,7,1.0007688242782709,0,0.0,0
25281,43.71679251303309,3,1,13.816926072904309,4,0.5028573415890859,0,0.0,0
25282,28.397297137435913,4,1,5.051053990918784,3,1.0004087430216904,0,0.0,0
25283,18.642099493637925,3,1,17.855759888132816,1,1.0002197452742356,0,0.0,0
25284,27.13808934986981,3,6,18.201156047342987,3,0.46716859893556595,0,0.0,0
25285,65.39172318836663,2,3,0.0,7,0.5832115091516529,0,0.0,0
25286,29.48631892875376,3,3,9.304891284712681,3,1.000257076447102,0,0.0,0
25287,35.687354777200376,4,3,5.755284323966012,7,0.722196005202316,0,0.0,0
25288,38.78265179734681,4,6,16.26690905540275,4,1.0005029044494018,0,0.0,0
25289,57.37141641616287,3,3,9.751341957356818,2,0.9996227179641985,0,0.0,0
25290,40.1606748774468,3,6,12.806356076875053,3,1.0002147781531265,0,0.0,0
25291,50.154416764928996,4,3,8.396644187144066,7,0.37865356384221005,0,0.0,0
25292,50.16145227438242,7,5,18.36218419916515,7,0.9107123949440895,0,0.0,0
25293,44.3358291877808,2,5,10.769710576722803,1,0.5756970996785744,0,0.0,0
25294,46.84962307965401,1,4,9.5088347792593,6,0.10963161635191476,0,0.0,0
25295,23.049523473011885,4,5,10.018133136865451,3,0.14067218759127964,0,0.0,0
25296,28.920752668983532,3,6,11.331704085035371,6,1.0001567661043989,0,0.0,0
25297,65.28252787668609,5,6,9.727675349016959,7,0.9999487942548182,0,0.0,0
25298,19.36136984614096,3,2,5.003978523406802,4,0.5265578228944181,0,0.0,0
25299,33.85392082757572,4,4,16.503671186982693,1,1.0080449747027664,0,0.0,0
25300,45.25458244773003,3,1,18.07640580172689,3,0.698397280317644,0,0.0,0
25301,45.946459579470066,3,1,14.018613596970429,3,0.9998249963363576,0,0.0,0
25302,46.78238945064086,6,1,7.7156164305868185,0,0.11742087767800224,0,0.0,0
25303,47.8321447958621,2,2,0.0,7,1.00014465571166,0,0.0,0
25304,49.16165727489348,2,1,10.414884149325333,5,0.3317573559478088,0,0.0,0
25305,49.20939091920718,3,3,17.833322233513762,2,0.9815324757216985,0,0.0,0
25306,56.58115544699906,3,1,15.155049891876214,7,0.4494804572074116,0,0.0,0
25307,38.757513296876326,5,6,5.3627239057578455,7,1.0001503089756034,0,0.0,0
25308,48.59760518339242,3,3,13.090376857237088,2,0.9998414633785151,0,0.0,0
25309,51.06249933620881,3,1,7.643075889066218,4,0.9681597186367485,0,0.0,0
25310,46.64579851778729,2,5,0.0,1,0.0,0,0.0,0
25311,55.922224870646346,3,1,3.6366500352264417,1,0.38239246132970034,0,0.0,0
25312,20.362646393758265,1,6,9.413605524170933,1,0.7818830643892706,0,0.0,0
25313,28.851184847795512,1,3,14.420865015506553,5,0.9996348133572275,0,0.0,0
25314,46.19966315089734,3,6,0.0,4,0.6262181153806194,0,0.0,0
25315,38.49488048716445,3,3,8.639522970415175,3,0.9994861401170239,0,0.0,0
25316,51.79665834030164,3,3,0.0,3,0.9999529435096548,0,0.0,0
25317,45.77848671239206,3,3,0.4786150710304611,3,1.000542459677277,0,0.0,0
25318,36.786252479984476,4,1,6.637994714585564,6,0.20207703213743738,0,0.0,0
25319,46.78167833161969,3,6,13.258136675488723,1,1.0001882838452967,0,0.0,0
25320,61.505830467963335,1,1,19.081570806082265,1,0.4918268670027971,0,0.0,0
25321,49.20655484502125,3,4,20.87972037219449,7,0.8923437578033564,0,0.0,0
25322,62.249333300709495,0,3,10.296200289711999,1,0.37943333974649895,0,0.0,0
25323,44.4194860167353,3,6,19.451454607131048,1,0.991947673787632,0,0.0,0
25324,34.124319290541614,1,2,0.0,7,0.6137527099494742,0,0.0,0
25325,51.449503426020115,1,3,9.861566073374444,7,1.0001189630556424,0,0.0,0
25326,43.09513564616498,2,3,0.0,2,1.0001261192185273,0,0.0,0
25327,55.628596009560155,4,3,9.947201091020638,3,0.28653308493261787,0,0.0,0
25328,35.01010845759566,2,2,15.706498899776804,1,0.5985800384518051,0,0.0,0
25329,36.817543793521786,3,3,11.97352675501634,3,0.49825434568512084,0,0.0,0
25330,45.96378959818081,3,1,10.814651838501645,7,1.000174492882293,0,0.0,0
25331,24.222300790320357,4,6,9.434657217867827,7,0.8574099700007132,0,0.0,0
25332,48.50316862988636,3,6,12.850434575954957,2,0.4765457817719999,0,0.0,0
25333,41.85354182551258,4,1,10.323876201168575,7,0.2095365529624466,0,0.0,0
25334,51.44135002240731,3,1,19.08817543142812,7,0.9997279412178914,0,0.0,0
25335,50.28859167473874,3,3,2.199315859785038,2,0.7650233815608241,0,0.0,0
25336,21.1872411441754,5,1,4.24479473990353,2,0.0,0,0.0,0
25337,53.4620219313221,6,4,9.130472181638964,7,1.000581517473979,0,0.0,0
25338,48.39870100824366,2,6,14.733478273904694,2,0.7431819092790388,0,0.0,0
25339,57.49964246388184,3,5,7.478288621884573,7,0.34177097227925685,0,0.0,0
25340,36.43032568684123,2,3,14.728682396249928,4,0.5013908125956568,0,0.0,0
25341,59.887709872686415,3,2,16.004549161688253,5,0.4015468524474554,0,0.0,0
25342,47.212676799090744,3,1,3.3919054465705534,5,0.3648843398477793,0,0.0,0
25343,73.9680563621774,5,4,19.992798502481136,7,1.0004068189357167,0,0.0,0
25344,40.33584304457611,4,2,10.83352140912766,2,0.0,0,0.0,0
25345,40.875596823581354,2,2,13.995374321165826,7,1.000031811201743,0,0.0,0
25346,51.74173373885628,2,3,15.365936944760206,5,1.0000903102617198,0,0.0,0
25347,49.832285112926904,3,6,15.158183063801818,7,1.0005724187171658,1,11710.555001085231,1
25348,25.55984475730303,3,2,9.303769884218035,3,0.137489660532239,0,0.0,0
25349,55.84095315346161,3,5,18.57455253416792,5,0.6161413817116084,0,0.0,0
25350,36.25548288721137,3,3,6.883100759274365,2,0.9995788805858163,0,0.0,0
25351,31.816064785723594,2,3,2.7679444767841606,3,0.2515950845032984,0,0.0,0
25352,48.64846563186998,3,6,9.261733879835194,7,0.5880710449130844,0,0.0,0
25353,44.74310313940221,2,3,7.90767678910431,5,0.9687088472681125,0,0.0,0
25354,58.8984564189347,5,6,16.197792154752563,2,0.6420543987346522,0,0.0,0
25355,48.07698162951539,2,1,10.463090458977252,7,0.24241168251803652,0,0.0,0
25356,44.437046960339174,4,1,12.570277604211427,5,0.9995501132036227,0,0.0,0
25357,15.288386232193222,0,1,2.704013118802772,1,0.39713760429518447,0,0.0,0
25358,34.84049094729796,4,6,11.954021469380212,1,0.9460053876578295,0,0.0,0
25359,35.5956008334138,2,1,14.499678533435638,7,0.5169084768116756,0,0.0,0
25360,47.15910084151746,3,3,19.999326954637453,7,0.9675521717975024,0,0.0,0
25361,36.62063342800749,3,5,17.40005954018078,5,0.9997535449243327,0,0.0,0
25362,43.39996514158472,3,6,9.070010986828782,3,0.9994977739036155,0,0.0,0
25363,43.94072692822786,2,1,11.266792684694643,7,0.9999847072043209,0,0.0,0
25364,43.568341743771946,3,1,23.755971710390174,1,1.0003037442551368,0,0.0,0
25365,59.81854441348152,3,3,13.910077053195174,4,1.0000469546898718,0,0.0,0
25366,39.37519770075549,1,1,4.36877478099787,3,0.453858028976341,0,0.0,0
25367,62.43573947608287,3,1,7.0425655326843755,7,1.0003183141065284,0,0.0,0
25368,67.8942455176549,3,6,8.13413907682942,7,1.0001633460543555,0,0.0,0
25369,36.15338362113763,2,1,7.330760213515365,2,0.9343201633212491,0,0.0,0
25370,57.2475340230191,5,6,4.994830970661727,5,0.9996596418439657,0,0.0,0
25371,11.029197172743064,0,6,1.7730039608366202,6,0.8656489452026673,0,0.0,0
25372,43.17584582313955,3,3,2.1714675095245184,7,1.0001894370912643,0,0.0,0
25373,49.64096508505027,4,6,18.55200879778136,2,0.7296605689433842,0,0.0,0
25374,53.104899163407154,3,4,17.8501382137024,1,0.0,0,0.0,0
25375,36.413059422579444,3,4,7.985702006392106,2,0.1978451875456072,0,0.0,0
25376,44.602678686046104,4,1,9.751954790782005,4,0.25336649961667723,0,0.0,0
25377,53.010669871140756,5,1,4.155689741804306,5,0.946738216149821,0,0.0,0
25378,44.83196381388232,5,3,9.36448558484958,1,0.0,0,0.0,0
25379,46.73508345768092,3,4,19.99485828846765,1,0.7110409527250127,0,0.0,0
25380,22.15195757513718,4,6,16.391897678212484,7,0.4892623723351679,0,0.0,0
25381,29.199740247270583,5,2,14.102541682564615,3,0.37407026694941675,0,0.0,0
25382,27.951391213754327,4,3,7.235288877722237,7,0.7354689293131512,0,0.0,0
25383,32.01658633268144,4,6,11.726336606116762,7,0.9998290355867048,0,0.0,0
25384,28.730743919882933,3,3,11.419444089016208,2,0.2537447874646557,0,0.0,0
25385,44.12331198837103,1,1,19.997798618563625,6,0.726338782385123,0,0.0,0
25386,39.12853997512905,3,6,2.581363953513234,7,0.9529453589340805,0,0.0,0
25387,48.91289433503443,3,3,13.234228535891235,3,1.0006746698825824,0,0.0,0
25388,37.94285885650578,2,4,19.996335698600696,1,0.9999809007473703,0,0.0,0
25389,49.42064264395671,4,3,13.630413417346947,1,0.9994829252561006,0,0.0,0
25390,37.22429622284213,1,5,20.013485683010757,7,0.9463407171802545,0,0.0,0
25391,30.335529397328365,4,2,7.335612081935553,7,0.23602041186170342,0,0.0,0
25392,57.266272246636476,1,2,8.463329091329717,7,1.00038208973517,0,0.0,0
25393,46.247471163665814,1,3,10.002485735561882,6,0.9324070206195394,0,0.0,0
25394,41.28242030074091,5,2,10.631822915995116,7,0.4686309782962481,0,0.0,0
25395,36.23137828885933,3,7,11.269216021108358,1,0.1902616485718983,0,0.0,0
25396,46.18055889161847,2,5,8.72677390198552,2,1.0121595836547526,0,0.0,0
25397,57.73293117004029,3,6,15.940147927294134,4,0.6615727156739921,0,0.0,0
25398,30.406820485781417,3,4,6.70890094029778,4,0.5791740587085974,0,0.0,0
25399,45.577069303422995,4,3,0.8795360631327434,7,0.7696856245763769,0,0.0,0
25400,39.652599998471146,3,3,23.28417839268085,0,0.5725600582147427,0,0.0,0
25401,12.38277114252222,3,6,8.828947538138328,0,0.9998219524534682,0,0.0,0
25402,32.573057337320535,2,1,13.788912964702073,3,0.9998812308933491,0,0.0,0
25403,53.963888788788346,2,6,0.0,0,0.3296545154416806,0,0.0,0
25404,44.177036781021656,2,4,0.0,8,0.34568963576683265,0,0.0,0
25405,41.719552905654844,3,3,0.0,3,0.6607592556173577,0,0.0,0
25406,50.33284088946836,4,1,17.752290110700603,3,0.9440057369497101,0,0.0,0
25407,31.586294603876812,3,1,20.32584973697864,7,1.0007577353335693,0,0.0,0
25408,41.264138077388075,3,4,15.149243418321326,4,0.0,0,0.0,0
25409,64.2569166528195,3,5,15.385511421879036,7,0.9995724350646573,0,0.0,0
25410,49.57827576781457,3,2,4.437282699494982,7,0.9856761846622892,0,0.0,0
25411,57.926330339488665,3,4,20.012405751633967,1,0.9997837180258824,0,0.0,0
25412,46.65533592795644,3,3,6.0465702819094265,4,0.9998565047536718,0,0.0,0
25413,31.619571374589434,1,2,19.41584917210328,7,0.24126513261888788,0,0.0,0
25414,50.65857075464449,4,3,9.207004711034994,6,0.41701249233992993,0,0.0,0
25415,25.18261161694119,2,6,17.0025965695407,4,0.5591963285537209,0,0.0,0
25416,21.169082894143834,3,1,13.906704437285882,1,0.25381724715936604,0,0.0,0
25417,64.71394799568662,3,3,0.8897895687069983,3,0.949283180569952,0,0.0,0
25418,49.8324343874072,5,3,8.760941703734998,7,0.9996486358624368,0,0.0,0
25419,49.746124407059355,5,5,4.910112166803665,1,0.45228922937360616,0,0.0,0
25420,63.36804264303237,3,2,0.0,7,0.3919028919893748,0,0.0,0
25421,48.78387957549251,5,3,4.935783227468763,2,0.9998734058318519,0,0.0,0
25422,45.73789486622593,6,3,15.981113195723406,1,0.8165356435401269,0,0.0,0
25423,38.651944978484586,5,2,15.765908465427028,1,0.37298727670994447,0,0.0,0
25424,61.067582396850995,5,2,7.710813700904147,3,0.6412891442266965,0,0.0,0
25425,55.60288772217876,2,3,12.410795594694642,4,0.9992683313862195,0,0.0,0
25426,26.57602350545382,3,2,3.5750571281176127,7,0.08303154941548696,0,0.0,0
25427,38.510036939878354,0,1,10.168811338113613,7,0.9999699751400848,0,0.0,0
25428,58.655129959221355,3,6,12.329865720774347,3,0.5077489275959683,0,0.0,0
25429,43.83411519488651,2,3,13.205154002747557,5,0.9469199227992531,0,0.0,0
25430,38.092308961941136,2,6,13.454008466813619,5,1.000079554150419,0,0.0,0
25431,32.18499915427534,1,4,11.07110975849642,7,0.6659070962191852,0,0.0,0
25432,41.513601318410224,2,2,5.396306481558472,3,0.53791272197572,0,0.0,0
25433,19.82413744657557,2,6,15.117369676357058,2,0.7561593163376941,0,0.0,0
25434,40.82609809162268,2,6,10.482154679269865,6,0.5910031604978843,0,0.0,0
25435,49.126868133763445,4,1,16.01666319108292,5,1.0000948241646377,0,0.0,0
25436,58.924032093706046,1,3,3.51993377521888,4,0.9801537394080551,0,0.0,0
25437,56.20129648532357,3,4,1.6389057625772416,5,0.9999601562537688,0,0.0,0
25438,45.26732281723378,3,3,15.368149209452532,1,0.5000374047424636,0,0.0,0
25439,49.771878321940385,4,4,20.01014127504711,1,1.000195400023481,0,0.0,0
25440,44.43700169545249,2,1,12.676922654736611,4,0.275207329913572,0,0.0,0
25441,45.913435153762904,4,4,5.34990496012669,3,0.4965595041774308,0,0.0,0
25442,61.12076302353992,1,5,4.779144109287491,7,0.9607965431435612,0,0.0,0
25443,35.83730133695786,0,3,12.27267462133299,5,0.9611531701948026,0,0.0,0
25444,50.917497959741695,3,6,1.8463989312112066,6,0.853689361722116,0,0.0,0
25445,38.680325684065906,2,4,20.006076814098513,7,0.8711361972445555,0,0.0,0
25446,20.434389742430465,1,3,3.396399574524702,2,0.8118308769630428,1,4278.7470202824725,1
25447,57.17222078450275,3,4,20.005135967062966,7,0.9996951010707917,0,0.0,0
25448,52.09830776210612,1,5,6.426009973059064,4,0.7082385825989544,0,0.0,0
25449,47.19456383650251,4,4,14.475814364629295,6,0.6118761862850329,0,0.0,0
25450,21.73425704272275,1,5,6.877120898070801,1,0.48525827948029465,0,0.0,0
25451,52.61924982725783,4,3,0.0,7,1.0004618844170685,0,0.0,0
25452,51.12636463251616,3,3,3.1486101553838486,6,0.9999635493479301,0,0.0,0
25453,46.49000397106314,1,2,6.072093092877395,5,0.5017724443792821,0,0.0,0
25454,44.66419501324448,3,2,15.711651546716103,4,0.9701961632399072,0,0.0,0
25455,60.942990260630154,2,4,20.004437072104245,7,0.6600184468580196,0,0.0,0
25456,59.15682884612809,3,3,20.001039966418745,7,0.8035929500618154,0,0.0,0
25457,54.2447646305081,3,4,17.415685998517645,1,0.9997013129685912,0,0.0,0
25458,51.70332826652903,2,1,16.339637196493985,3,0.9688946708448711,0,0.0,0
25459,65.96557504414437,2,3,3.825736116853993,3,0.5073399103426427,0,0.0,0
25460,50.34120525355554,3,4,20.00549070938773,4,1.0003901540123101,0,0.0,0
25461,47.14537757463735,5,2,10.989650509507685,3,0.12949253169735375,0,0.0,0
25462,37.126383753075615,3,1,20.003204515604885,1,0.7955473761620224,0,0.0,0
25463,25.55081159030897,3,1,6.415796013696395,6,0.8694514218700176,0,0.0,0
25464,45.623637770987195,3,1,12.17978090791392,4,0.7038821526941124,0,0.0,0
25465,61.79838461960881,3,6,13.365159521826582,5,1.000742078936182,0,0.0,0
25466,37.60793092537946,4,2,8.592607711188675,7,1.000285833705168,0,0.0,0
25467,62.02757835121262,3,1,14.324038795449109,4,0.15632747307738215,0,0.0,0
25468,44.47593034951323,1,5,8.342589332047794,3,0.34212199177215974,0,0.0,0
25469,51.508194630031596,4,1,10.09996184403844,6,1.00009920041088,0,0.0,0
25470,66.05105813753923,3,5,0.0,1,0.612353449660114,0,0.0,0
25471,59.982174425889276,6,1,16.79680546535609,7,0.9997451616714867,0,0.0,0
25472,51.10600374231419,3,6,6.156921092348286,7,0.9994748396590709,0,0.0,0
25473,47.069861545964564,2,2,15.421482839212274,7,0.999882935208801,0,0.0,0
25474,30.20304187219854,2,1,10.397187736996667,7,0.599337343163815,0,0.0,0
25475,50.69653242242782,3,4,19.005757966531174,2,1.000119600350821,0,0.0,0
25476,52.51943143519876,3,2,11.194952638426757,2,0.2414816328209507,0,0.0,0
25477,39.944799297633196,1,3,0.0,7,0.0922615879605223,0,0.0,0
25478,22.10645211983221,3,4,16.638965333136458,3,0.1441310622715607,0,0.0,0
25479,45.90473442333906,1,5,6.345158020933793,5,0.9680151191313955,0,0.0,0
25480,30.111835703545385,2,1,3.5741312186098533,1,0.17886349438128724,0,0.0,0
25481,26.451727212053136,4,3,10.160622840048545,2,1.0002246888338966,0,0.0,0
25482,48.50776249565996,3,3,3.7529336685826076,2,0.9997310782880802,0,0.0,0
25483,23.782414916280967,1,3,5.677444970287188,5,0.07367481638357087,0,0.0,0
25484,53.19479203981503,4,3,6.9459763093177544,3,0.134185955570727,0,0.0,0
25485,11.570728024482484,3,3,12.222182228027288,1,1.0000659761007178,0,0.0,0
25486,34.00562919662226,1,3,5.756232244473451,3,0.566657620193399,0,0.0,0
25487,17.993868427392705,2,1,11.492635510535766,5,0.21859046232565915,0,0.0,0
25488,40.59971905679079,3,2,9.54344797039546,3,0.9997612655068759,0,0.0,0
25489,33.9755133179957,3,3,0.0,7,0.9638256525034039,0,0.0,0
25490,36.314256741305506,0,1,9.31260603626866,7,0.18423858419749017,0,0.0,0
25491,64.60979698342508,4,4,19.992368787793367,5,0.5048932447640297,0,0.0,0
25492,34.4804613283402,3,1,15.893435821643724,3,0.23862936926266448,0,0.0,0
25493,42.90956695664936,4,5,5.158002512068998,7,0.5307612527684653,0,0.0,0
25494,54.9061198509578,4,5,17.131515829392505,7,1.0003113691918124,0,0.0,0
25495,53.30426529936734,2,3,11.589668485835663,4,0.5023040655786658,0,0.0,0
25496,35.65330529115263,6,3,11.47339988885245,3,0.22959824334155426,0,0.0,0
25497,34.13666367061847,2,3,8.732334814813571,3,0.23136781445118848,0,0.0,0
25498,58.59409872058101,3,3,19.997082829224826,6,0.6569932567393129,0,0.0,0
25499,45.628470183631265,3,1,0.0,3,1.0002239967861917,0,0.0,0
25500,44.34447100500475,3,3,19.99276430709576,3,1.0532238471555027,0,0.0,0
25501,42.19375725563402,3,3,19.996927586827525,1,1.0002077103981613,0,0.0,0
25502,21.619933312178947,4,3,12.110364490362628,4,0.2766426765627723,0,0.0,0
25503,55.488701400158696,1,1,3.050018203037615,5,0.2707332956547326,0,0.0,0
25504,24.287989179289703,2,3,11.329172274583826,2,0.6717409710781327,0,0.0,0
25505,48.19107694820708,2,3,12.519867702432924,7,1.0002229083908931,0,0.0,0
25506,26.44658161688944,2,6,8.14795343043096,2,0.5853643461855523,1,19683.906946600848,1
25507,8.22106308339363,4,3,5.799551354097347,4,0.017141249815618376,0,0.0,0
25508,30.01919970991401,5,4,19.996545946190253,1,1.0002304014017978,0,0.0,0
25509,64.28416895659092,3,5,14.523773796999796,1,1.0002434712787691,0,0.0,0
25510,43.76605215054449,2,4,13.449272319204912,7,0.9308973257268769,0,0.0,0
25511,62.74044599198551,4,6,13.31659992707317,5,0.9999576121359456,0,0.0,0
25512,31.11377202161365,3,6,7.936822728360843,7,1.000031461122394,0,0.0,0
25513,51.5744556610046,4,1,1.2168083017215725,4,0.49799535783225146,0,0.0,0
25514,25.82794493652684,5,5,11.307626356848171,1,0.5960578080218651,0,0.0,0
25515,41.575243572795145,4,2,13.719010257194222,6,0.7540452166295315,0,0.0,0
25516,36.2108199230279,2,4,11.308831989851095,1,0.998554871625353,0,0.0,0
25517,49.97678371887523,4,3,16.715665999819855,7,1.0004870647816178,0,0.0,0
25518,54.04287648171293,3,3,23.63864932729735,3,0.5340712699747314,0,0.0,0
25519,45.11215686504299,5,6,7.2701143480305035,7,1.0002012151354889,0,0.0,0
25520,43.46345931323779,3,1,5.287753832092515,3,0.2851091481130782,0,0.0,0
25521,24.460815901250538,3,6,7.596918200322372,3,0.5420491189880223,0,0.0,0
25522,49.302079817155246,6,4,14.33182838985006,7,0.9995346820366031,0,0.0,0
25523,48.328277611985854,1,6,11.432951872693968,7,0.4503917887365452,0,0.0,0
25524,59.0988231452063,0,6,10.907410393742753,7,0.724014537393894,0,0.0,0
25525,17.588775043740238,3,7,7.642499257904449,5,0.48252813308137266,0,0.0,0
25526,51.70961500641717,3,3,14.062933658601898,3,0.9569545306975338,0,0.0,0
25527,45.77578793937086,4,2,7.14434570854826,7,0.9999743068483751,0,0.0,0
25528,39.756917660361516,2,3,12.235199991449893,3,0.7928821256300517,0,0.0,0
25529,51.008725727714115,4,6,13.639589759441048,4,0.4135995794604602,0,0.0,0
25530,60.43043552296404,1,3,20.360501601742513,0,0.9999156591513472,0,0.0,0
25531,42.36109201956066,3,3,5.637763431145883,3,0.38141831626518924,0,0.0,0
25532,19.217818288284093,4,3,20.011814246902805,2,0.9993200728703817,0,0.0,0
25533,43.67513658929822,5,1,19.99669297422645,3,0.1832477779250823,0,0.0,0
25534,37.3700902993026,5,3,18.610874769141294,2,0.9996383833850311,0,0.0,0
25535,38.1897794190556,3,2,16.43631405797946,2,1.0004361683188718,0,0.0,0
25536,26.750579285491867,1,2,5.161295610486543,6,0.4819168531606989,0,0.0,0
25537,40.83362440539131,6,1,11.418515620390929,7,0.043256775292170535,0,0.0,0
25538,29.12224338478508,2,1,12.992697592128854,7,1.0001166493292872,0,0.0,0
25539,44.1186097857269,3,6,17.743287128927857,1,1.0023869769551668,0,0.0,0
25540,53.80890528172526,3,1,16.124061879206582,7,0.9997594539187621,0,0.0,0
25541,40.21426103714687,3,3,13.905073769140317,7,1.1669715393194486,0,0.0,0
25542,39.23881337226995,2,6,15.947198667261667,1,0.3472234254760727,0,0.0,0
25543,52.287913703996566,4,1,4.062620135113839,4,0.18573160262213906,0,0.0,0
25544,35.0916013910671,2,3,8.25955247172341,2,0.4983800086526041,0,0.0,0
25545,44.545013666092736,4,1,14.4552792130284,2,0.5022553555485869,0,0.0,0
25546,40.369736180952096,3,5,14.924432454846134,2,0.9994979543770932,0,0.0,0
25547,26.968346910356658,5,6,17.46457028220521,4,0.57963827591477,0,0.0,0
25548,38.80677347193975,1,3,19.378279335313408,0,1.0000827274481132,0,0.0,0
25549,22.545849244405908,2,6,13.327162904406114,7,0.5360609011380267,0,0.0,0
25550,35.763467260250366,2,6,13.770598045898492,3,0.5846972216367636,0,0.0,0
25551,52.855716724240644,2,2,11.908336238289305,1,0.35858524913066475,0,0.0,0
25552,38.00504146649133,3,3,18.646113244142224,5,1.107635866380918,0,0.0,0
25553,41.025201172999644,4,1,7.050573525817963,7,0.4448168340609887,0,0.0,0
25554,44.3795578873997,4,2,9.183235280900325,7,1.0886786804499051,0,0.0,0
25555,47.691219628083964,3,4,19.994704765866725,1,0.999995856426708,0,0.0,0
25556,57.62608298590868,5,6,16.22133069847876,6,1.0002590738408579,0,0.0,0
25557,50.25813547756029,4,6,10.67061637004725,7,0.9995317943239989,0,0.0,0
25558,30.78319577624601,3,2,0.0,7,0.36481339182441447,0,0.0,0
25559,46.05755048651616,5,6,16.85714149848025,3,1.0001842035803385,0,0.0,0
25560,55.72478896913629,3,5,23.011638855544522,7,0.9996805928088377,0,0.0,0
25561,26.241808198415704,1,2,6.46025059503896,4,0.022832173080594154,0,0.0,0
25562,44.7884254569458,3,5,20.004664513291143,1,1.0006996861435888,0,0.0,0
25563,45.829991017220124,7,1,16.309817082470204,7,0.9529908432367464,0,0.0,0
25564,41.657834270330326,3,6,10.460849371127779,3,1.000383179168172,0,0.0,0
25565,42.52690583204458,3,3,14.451191319239998,2,0.9998687286726118,0,0.0,0
25566,41.076298709964846,4,0,11.883703268195077,6,0.3315322758203457,0,0.0,0
25567,29.523654303075467,7,3,12.097387645300069,7,0.6804914790999919,0,0.0,0
25568,42.45895623288908,3,2,3.297590885916051,7,1.0003039844293882,0,0.0,0
25569,43.84474876528564,3,6,3.0623842593223394,3,0.6596205172354418,0,0.0,0
25570,35.56388197482464,3,2,4.608703467049796,7,0.262829701568455,0,0.0,0
25571,50.33455846329786,2,3,4.067963665725015,3,1.0001930090796276,0,0.0,0
25572,40.76073661241174,1,6,10.438233640271667,1,0.9592572360689853,0,0.0,0
25573,56.80859276849425,2,1,11.624809794212391,7,0.9466754704659829,0,0.0,0
25574,56.00852549602179,1,6,4.586511232244784,5,0.43462290171600515,0,0.0,0
25575,23.06732679035138,3,6,8.966685258091008,3,0.9151109299605167,1,2673.482922310141,1
25576,56.634316053911164,2,6,16.64400137550846,5,0.18949700293376825,0,0.0,0
25577,49.119941149071956,2,3,19.471858318115597,7,0.5510650789708011,0,0.0,0
25578,62.17381630640806,4,4,20.01498426235679,3,0.5004970517822324,0,0.0,0
25579,60.21148406003556,4,6,0.0,7,0.999825334951536,0,0.0,0
25580,18.507310057219534,1,3,19.208933294254237,3,0.5728671024412176,0,0.0,0
25581,56.748711012651825,5,2,10.724140379842495,4,1.007086758160425,0,0.0,0
25582,52.46117821925118,3,4,10.381111698988077,1,1.0004659015734607,0,0.0,0
25583,35.57880560821041,3,1,19.98796607349859,1,0.25141737439894807,0,0.0,0
25584,33.354283990472815,3,0,13.810674547731374,7,1.0001557890778743,0,0.0,0
25585,27.240501146990056,2,2,0.31744552009799776,7,0.16470537399361684,0,0.0,0
25586,56.38271970238023,4,6,16.158281023264873,6,0.8010224386366839,0,0.0,0
25587,34.89972806835364,4,4,14.611204061733424,5,0.3341287320252559,0,0.0,0
25588,53.581828034344895,2,2,4.89927369959461,7,0.3302024972764118,0,0.0,0
25589,66.63227184905342,3,4,16.674637442253037,1,1.0003917222217662,0,0.0,0
25590,31.073522339341366,4,4,20.005184116140605,7,1.0000122907912417,0,0.0,0
25591,70.18117822635111,2,3,15.405398504537306,2,0.49943579557276174,0,0.0,0
25592,55.891506160841196,1,3,0.0,3,0.49610402918103896,0,0.0,0
25593,48.014017577885355,3,6,18.56635828686417,6,0.9999864380668853,0,0.0,0
25594,24.789726900578426,2,6,11.939574103053818,3,0.6362188524354102,0,0.0,0
25595,45.49187480009086,1,3,13.336400954314861,6,1.0003712323470204,0,0.0,0
25596,47.07515376551519,4,5,2.792981046964867,7,1.0001484389695738,0,0.0,0
25597,49.820784920988864,5,3,16.78024028247078,7,0.6211569605035923,0,0.0,0
25598,27.842280934200502,2,2,6.256089471218656,7,0.27279183730974454,0,0.0,0
25599,16.914956732134872,3,7,6.859502410773937,2,0.3131524796929429,0,0.0,0
25600,46.20746952126962,4,6,14.418534587522652,2,0.224707334386194,0,0.0,0
25601,26.258415152343712,3,3,15.119463746898045,7,0.3139380474107809,0,0.0,0
25602,41.28604660901368,2,7,10.791311522640513,4,0.6002423078155267,0,0.0,0
25603,58.535234745089156,3,3,8.412803219567245,6,0.9997374155997397,0,0.0,0
25604,44.386772125029395,4,5,20.00075838674993,1,0.17966500159315102,0,0.0,0
25605,71.37652271528474,3,4,13.763291990953988,4,0.599131963783968,0,0.0,0
25606,29.102892743400623,3,3,10.084807631587793,0,1.0000042168425836,0,0.0,0
25607,45.20738143050025,1,6,8.978947362132594,7,0.9999223816150684,0,0.0,0
25608,64.53456137288205,3,6,19.850701410366533,1,0.9997421671036965,0,0.0,0
25609,58.14414621627666,4,6,6.4033151787296685,3,0.06245090554587507,0,0.0,0
25610,38.06158123632462,4,1,17.545061241114308,2,0.9698992748675521,0,0.0,0
25611,31.721059083286463,2,2,20.00753298806557,1,0.999782521517087,0,0.0,0
25612,44.248513348643804,3,1,8.881924455484747,7,1.0002155053673334,0,0.0,0
25613,46.43727056529151,3,3,0.5172851748754361,3,1.0003083392879089,0,0.0,0
25614,52.603044106911064,4,1,12.934866534842648,4,1.000046252600593,0,0.0,0
25615,45.103857392539766,2,4,10.445258974069136,1,0.9999162392132462,0,0.0,0
25616,43.84346809162535,4,1,3.6060967388403933,2,0.9191396500576665,0,0.0,0
25617,58.28232646599949,1,3,15.810365761679233,4,0.49470238804255273,0,0.0,0
25618,42.91466338567197,3,3,4.8024552175798645,7,1.000146432571525,0,0.0,0
25619,52.432077146939484,3,2,5.517235225693385,7,0.5887579397403455,0,0.0,0
25620,53.3376795952334,1,6,11.77974955636935,7,0.9995711638189492,0,0.0,0
25621,27.16395238637655,2,1,0.0,7,0.5026139100588483,0,0.0,0
25622,32.30280047579534,3,3,17.95307761004868,2,0.9487918216856696,0,0.0,0
25623,34.94156901872884,2,2,10.386587559862877,7,1.0007789630377206,0,0.0,0
25624,41.208258303388114,4,1,19.997807823350456,4,0.6487686580594251,0,0.0,0
25625,47.973607069431594,3,4,20.00403861185852,0,0.5027781418242752,0,0.0,0
25626,46.940281298984004,4,6,8.545124416124146,4,0.9996417215342334,0,0.0,0
25627,33.443097445549725,1,3,0.0,3,0.49735033553236735,0,0.0,0
25628,55.088145287402185,3,3,4.076611087566498,3,0.5006885838249686,0,0.0,0
25629,62.090944338128615,0,3,4.265198706998012,7,0.6098620848728211,0,0.0,0
25630,44.183343762827185,2,2,15.654444965472642,1,1.0005046275597582,0,0.0,0
25631,41.18845059195774,3,2,17.291655271271463,2,0.9992943214284554,0,0.0,0
25632,52.62105569814955,1,5,15.804283537082426,4,0.9380529106953872,0,0.0,0
25633,48.70846011733174,5,6,11.293047653634453,7,0.9997573750621098,0,0.0,0
25634,45.01717839546514,4,4,1.8245682972870405,1,0.9750109621909144,0,0.0,0
25635,33.2642357067351,2,3,0.0,3,1.0001200323869588,0,0.0,0
25636,58.831222323196,2,1,16.163834210449586,2,0.6537881269139673,0,0.0,0
25637,26.227376368482943,4,6,4.264934363636085,2,0.07844526890134662,0,0.0,0
25638,29.53619959597793,2,4,11.034582033250375,7,1.0000481532587773,0,0.0,0
25639,26.321929950922545,0,6,7.17818043265469,1,0.7986787426988763,0,0.0,0
25640,41.1952796170492,3,3,10.431531584684002,3,0.5007792211831888,0,0.0,0
25641,40.33470922014431,2,1,1.6103870499788115,3,0.6602972621885238,0,0.0,0
25642,14.984775951860229,2,3,6.867136929374356,3,0.6265942725963838,0,0.0,0
25643,28.092447581886837,0,1,8.682983434973517,3,0.499076821472509,0,0.0,0
25644,30.2698372163411,3,2,1.418291470392166,5,0.16603928634594356,0,0.0,0
25645,45.77383284730225,3,4,16.685835439614806,7,1.0094895747682142,0,0.0,0
25646,48.87725765975497,2,6,19.99656609186109,1,0.1833419919646786,0,0.0,0
25647,44.37532119937651,3,1,19.246752706493986,7,1.0004466594970758,0,0.0,0
25648,50.38097148761075,3,6,16.5793802446774,3,1.0001586300291032,0,0.0,0
25649,28.684849858522547,3,4,10.172919456292723,1,0.9772762933320247,0,0.0,0
25650,38.84956469381662,2,1,2.5628139905455765,4,0.22691771112471354,0,0.0,0
25651,66.23591766506671,5,6,16.81899257094776,5,0.4704832028345828,0,0.0,0
25652,33.71863042671527,3,3,8.796126470526008,5,0.4795399602381533,0,0.0,0
25653,51.32993166109732,5,3,11.924921114678485,2,0.5037467910049791,0,0.0,0
25654,38.89248698434464,5,3,9.38052979784403,5,0.3321579436310053,0,0.0,0
25655,20.339799657852726,4,6,6.987156241263211,1,0.8473042973063813,0,0.0,0
25656,42.484934376522915,3,6,18.178565344116528,1,1.0482222036043156,0,0.0,0
25657,44.48564516089614,3,6,7.4392840729317955,2,0.6047977665472746,0,0.0,0
25658,55.30979360364554,2,4,19.997957879160033,7,0.7956517456112773,0,0.0,0
25659,38.78976975977174,1,3,20.002809219179674,1,1.000118029864217,0,0.0,0
25660,60.24440917297431,3,2,11.056880793938252,1,0.23723591353177564,0,0.0,0
25661,50.59714081669563,2,3,10.393335414324948,7,0.5356715421446626,0,0.0,0
25662,30.64714375419092,3,1,4.755477708487492,1,1.0003186013108771,0,0.0,0
25663,42.81626851386751,6,3,18.711952048804896,2,0.9996371707820474,0,0.0,0
25664,27.988429086975067,3,2,13.082811827917462,3,0.6453704490568806,0,0.0,0
25665,26.41639464227245,3,6,11.846339629771332,2,0.18251387446980094,0,0.0,0
25666,53.66305399441325,4,1,20.283353670610804,7,0.9302449637507741,0,0.0,0
25667,41.63818094702173,1,3,6.066931283860284,7,0.0,0,0.0,0
25668,46.386559377020056,3,6,15.18851432256457,1,1.0765011203582335,0,0.0,0
25669,55.80984143274365,3,1,0.0,0,0.0,0,0.0,0
25670,31.446428438272314,3,6,2.7214546661772303,7,0.2294958510468546,0,0.0,0
25671,63.224113464814124,3,3,11.896071769973236,5,0.498984737226124,0,0.0,0
25672,38.484544680086735,4,3,5.046615428813189,3,0.5008246276787662,0,0.0,0
25673,28.643219293769093,2,7,3.15737655091632,6,0.0,0,0.0,0
25674,28.06097680951909,3,2,1.9860600888512625,4,0.5128827916590033,0,0.0,0
25675,45.45167784522192,5,6,15.254237795967736,7,1.0001683641769543,0,0.0,0
25676,43.684348577731065,4,6,2.8420346910194514,4,0.702145763410331,0,0.0,0
25677,46.22279464074775,2,4,4.116351627917811,8,0.18455987193707823,0,0.0,0
25678,34.717313306948654,1,1,2.8374131887522864,7,0.23254902605540773,0,0.0,0
25679,53.49113384055303,3,2,3.7330649527385544,7,1.0003902576482682,0,0.0,0
25680,58.527702838742165,3,0,7.799311349408384,7,0.956976269898309,0,0.0,0
25681,31.12233362213778,4,1,0.0,7,0.5860788706453661,0,0.0,0
25682,54.27516899127365,3,2,10.218847451005265,4,1.0002177671077688,0,0.0,0
25683,25.852375914096395,5,3,13.706984591052002,7,0.22475882128615754,0,0.0,0
25684,39.51760693373847,4,2,4.00677700250047,7,0.9998628694019016,0,0.0,0
25685,65.55175877425766,3,2,13.092551338214383,6,0.3182425051263086,0,0.0,0
25686,47.54870980761687,2,3,23.863528636320364,2,1.0002599670572319,0,0.0,0
25687,41.82571079383748,3,4,12.347644577319137,7,0.48102188406479535,0,0.0,0
25688,27.97951477153502,3,1,7.275858858977406,3,0.4968659735079388,0,0.0,0
25689,58.73090621025969,4,2,9.115717738104605,3,0.37033783789937086,0,0.0,0
25690,49.435778277696706,3,2,2.2986613450258844,7,0.19416587087332215,0,0.0,0
25691,37.35087523949091,4,4,19.995430987225625,7,0.9712716209269563,0,0.0,0
25692,55.39144696076482,2,1,6.2233963442712,6,0.22630757456523543,0,0.0,0
25693,58.1221952078182,3,3,20.66772889931216,1,1.0000982377258665,0,0.0,0
25694,60.06240579325041,2,3,18.859547970525682,7,0.9998543215653984,0,0.0,0
25695,35.73274930047989,3,1,16.15142980161786,2,0.7390698622306012,0,0.0,0
25696,37.61085382608964,3,4,7.243382001154114,7,0.13621765365677319,0,0.0,0
25697,57.780613221998934,2,5,18.441560117798122,2,0.9356586175639945,0,0.0,0
25698,52.747049560890524,3,1,5.721131461680962,7,1.0003754105268285,0,0.0,0
25699,34.5918287270977,4,6,14.411375114751014,6,0.3655777288100474,0,0.0,0
25700,31.085046104552422,2,7,10.442366307619565,2,0.8919798152667704,0,0.0,0
25701,44.248115252088574,3,5,10.212553372331717,2,0.49669795734298416,0,0.0,0
25702,33.61887018550032,3,2,19.916841226483196,5,1.0003523108596089,0,0.0,0
25703,51.88614219646705,3,6,16.127109032361375,3,0.9998951921787325,0,0.0,0
25704,50.18874919846114,6,2,10.747258271950463,7,0.891921636268481,0,0.0,0
25705,48.111934443368924,1,3,15.514258642654207,7,0.9997250483416336,0,0.0,0
25706,53.380006014909675,3,5,9.00081305077231,1,0.7242291089697075,0,0.0,0
25707,43.23856663008925,2,5,19.994386510371946,1,0.8353850857409149,0,0.0,0
25708,70.45903055412236,3,3,27.77224690458391,7,0.9745460541763421,0,0.0,0
25709,54.750037626510576,4,3,19.997178951838436,1,0.9999438323511487,0,0.0,0
25710,49.480161188872806,2,1,6.200647305956356,7,0.9993661138863033,0,0.0,0
25711,55.33533782583404,2,6,12.708088553832082,7,1.0004560488396799,0,0.0,0
25712,46.963286717732785,4,3,23.882470499271,2,1.0003776388452579,0,0.0,0
25713,38.07864316806065,1,4,3.7178455333766944,4,0.993416757940139,0,0.0,0
25714,19.931428137479084,1,4,7.726409779601413,0,0.00018284024250114772,0,0.0,0
25715,50.019552692922765,3,2,17.534234048053417,1,0.99955259885564,0,0.0,0
25716,37.69330985532228,3,5,18.68892498759144,1,1.0004520449697751,0,0.0,0
25717,34.02312979991429,3,2,4.072795644171014,5,1.0004893039724374,0,0.0,0
25718,22.21158075159744,4,2,9.205166787574669,6,0.5723245045852609,1,19835.51498562834,1
25719,27.042584775747653,4,6,12.066932624730097,4,0.1404117015135854,0,0.0,0
25720,62.09352141188171,2,2,12.434383825157997,1,1.000276699560115,0,0.0,0
25721,60.877479791611094,1,3,19.608175846184515,5,0.9998975706917519,0,0.0,0
25722,33.439002197786934,3,1,1.2260910605371738,1,0.3790463660273877,0,0.0,0
25723,48.14392716525764,3,1,11.548112336722072,3,0.47027644606576535,0,0.0,0
25724,37.569060012112516,4,6,16.5375430579334,4,0.40003270770519556,0,0.0,0
25725,61.557782527714295,1,6,2.013250383721507,7,0.9998099093962602,0,0.0,0
25726,21.63809127607929,4,5,3.7780845216771377,1,0.7746652715758756,0,0.0,0
25727,23.25245786720049,3,6,2.9615190268032574,4,0.9991875122589837,0,0.0,0
25728,68.17544452213151,4,3,10.854485999506108,3,0.9448764176227022,0,0.0,0
25729,40.059077941375286,1,3,3.2628529195266367,7,1.0001630194803246,0,0.0,0
25730,38.90496300172343,3,2,19.17620003964386,7,1.0007181921176467,0,0.0,0
25731,36.62475643683452,3,7,8.659144347781794,1,0.37115949613462157,0,0.0,0
25732,25.11877747752782,4,1,11.963963562534232,7,0.636351663730916,0,0.0,0
25733,57.39236377473052,3,1,1.370269162279584,1,0.5025845904738077,0,0.0,0
25734,41.24649099426812,2,4,20.00755556618171,1,0.9995815137103696,0,0.0,0
25735,21.950309669352755,1,1,3.6717146636432556,1,0.5034966342914462,0,0.0,0
25736,27.505088915919835,5,2,3.9096872720242333,1,0.3908760703293443,0,0.0,0
25737,28.041156874249136,2,1,19.994771395356892,0,3.856612710029239e-05,0,0.0,0
25738,58.876668675534006,0,2,15.559126335809534,6,0.40183721108649684,0,0.0,0
25739,28.705353602512933,3,3,11.280756361920929,6,0.5559240097421275,0,0.0,0
25740,36.37192698321721,3,1,4.91011298576716,0,0.653520641376942,0,0.0,0
25741,29.51252750189302,2,6,10.583772910686958,0,0.9999631436869373,0,0.0,0
25742,43.390682439654164,1,1,9.82430458210193,7,0.24009425941276308,0,0.0,0
25743,21.369458020989484,2,5,12.477881879912108,7,0.9681012380519414,0,0.0,0
25744,50.34916827592178,3,4,20.003310881673357,1,0.9997274871316406,0,0.0,0
25745,41.94480784348615,0,3,4.706492467103316,5,0.0,0,0.0,0
25746,37.360557306303434,3,7,2.0332191114124623,5,0.5652841598573595,0,0.0,0
25747,47.282494743711496,3,3,19.99734837856486,2,0.7855293521386942,0,0.0,0
25748,27.64162129848198,4,6,11.34154126382483,6,0.8687578343551022,0,0.0,0
25749,48.873655679248316,3,4,11.76903299511841,3,0.34337190003562956,0,0.0,0
25750,45.788517966595585,3,3,17.664481615922725,3,1.000588949471205,0,0.0,0
25751,63.005897583833146,3,5,12.4269098123764,7,1.0002599393206533,0,0.0,0
25752,43.37891275689812,5,1,3.8993049220742373,1,0.15027623276417224,0,0.0,0
25753,46.11908737777946,3,4,6.654673339021833,6,0.9752271160793795,0,0.0,0
25754,34.311036483899585,3,4,12.209912396648694,1,0.9999094829195017,0,0.0,0
25755,47.60465535923714,4,5,6.574064913749558,7,0.23309180757559428,0,0.0,0
25756,37.16721676749397,4,3,4.114554692000701,1,0.9995407206799258,0,0.0,0
25757,28.148017168694764,4,2,10.324766640536742,1,0.8616531885053627,0,0.0,0
25758,22.016642391609775,1,6,4.004094993343548,1,0.9647515163131486,2,92117.44774330306,1
25759,41.778090638505184,2,6,10.55248784606547,1,1.0184872051019445,0,0.0,0
25760,47.34124089652799,1,3,8.981681127458936,4,0.9614953754930533,0,0.0,0
25761,45.2293952947972,1,2,14.078334755619096,5,0.6544778680644625,0,0.0,0
25762,68.06679104894471,4,3,13.173711602278832,4,0.08727982081590802,0,0.0,0
25763,48.62400703161821,3,3,10.391254144348387,3,0.5025045622057817,0,0.0,0
25764,39.32975369035573,2,1,18.31440184869436,1,1.0000071521161407,0,0.0,0
25765,49.30938113808554,3,4,19.98684738954224,1,0.9997904471556507,0,0.0,0
25766,48.985908617761076,4,3,5.3515273419844425,3,0.9999996760285401,0,0.0,0
25767,34.59140668751063,4,3,5.736056850433846,1,0.31971885488116375,0,0.0,0
25768,35.934589628306874,6,3,12.156794294498825,2,0.49906271973297545,0,0.0,0
25769,46.70501986340244,4,5,13.207996882349306,1,0.3150444511042248,0,0.0,0
25770,69.52383893205247,3,1,6.102374096041003,7,0.6695997366986394,0,0.0,0
25771,56.458419158037835,1,3,13.063128265207123,1,0.9636652105629099,0,0.0,0
25772,33.637360914164255,1,1,19.063676018447076,3,0.149671352801517,0,0.0,0
25773,27.641560824766966,2,4,20.002692067569875,7,0.9997808117879776,0,0.0,0
25774,58.63500702077802,2,5,17.383116547923468,7,1.0000929699308523,0,0.0,0
25775,63.61970692061935,4,4,2.2081368530148566,2,0.4539335420428152,0,0.0,0
25776,52.98707867777388,3,2,6.111835162833552,7,1.000350563927806,0,0.0,0
25777,40.0364750909247,2,5,6.891830323911438,1,0.3615609526911964,0,0.0,0
25778,30.864366710405353,1,1,5.8356604785609605,7,0.6634695357513821,0,0.0,0
25779,30.1612941418855,1,3,16.296444840429487,3,0.23710402221302834,0,0.0,0
25780,21.91546788910763,5,1,0.0,2,0.35741775700526124,0,0.0,0
25781,22.298722642419282,6,6,0.0,0,0.3145152515728841,0,0.0,0
25782,23.036853799784918,3,2,14.078742273945707,5,1.0001203845192932,0,0.0,0
25783,48.69299103531449,3,6,0.0,4,0.19496211664439822,0,0.0,0
25784,26.69126459028207,2,6,3.892962075343891,3,0.17458428934618964,0,0.0,0
25785,23.915393857595625,3,1,9.808242760657915,1,0.20941001451139296,0,0.0,0
25786,45.56719555405305,3,2,7.027945908693186,1,0.001281236246958084,0,0.0,0
25787,36.71708936370908,3,5,12.849935063817686,7,1.0000449746681035,0,0.0,0
25788,23.493163294582146,1,2,9.952123352095114,2,0.36951690860289105,0,0.0,0
25789,38.35316393502424,3,5,1.7953233713586414,1,0.8214433946290585,0,0.0,0
25790,57.36595055507523,4,5,16.181187092238847,7,0.9998350085873051,0,0.0,0
25791,39.42675302044263,4,2,9.59057953276465,6,0.265666373606469,0,0.0,0
25792,18.28264416350566,1,4,13.236285401279025,3,0.0,0,0.0,0
25793,35.962435559532054,0,1,5.490052847727987,4,0.4335751582677289,0,0.0,0
25794,51.8727916122768,4,3,9.414829786669486,4,1.000127253226062,0,0.0,0
25795,21.75670368735826,2,3,4.823603548276999,1,0.6110244420417683,0,0.0,0
25796,43.34023803370192,4,2,11.11102764999221,7,0.999748978512951,0,0.0,0
25797,46.909925528952584,3,3,19.237758733369887,2,1.0003309747201743,0,0.0,0
25798,49.66696839755486,4,3,3.611977651698939,7,0.9996943664786264,0,0.0,0
25799,69.16981313029856,2,6,18.62254999962674,1,0.9389124135432938,0,0.0,0
25800,61.70399718946187,4,3,6.088444404006658,3,0.49727201506387675,0,0.0,0
25801,37.558099500655324,3,2,14.733186031260956,1,0.8595395495828693,0,0.0,0
25802,23.86292489181497,5,6,13.580967950045537,7,0.3462909044730294,0,0.0,0
25803,52.567767557201506,1,3,18.15552183203083,7,0.9554482497052654,0,0.0,0
25804,38.9505840244618,5,1,10.755022788190901,7,0.38731961003655885,0,0.0,0
25805,48.89516673957902,1,5,2.7257175017614887,5,0.0,0,0.0,0
25806,38.58155168677571,3,6,0.8684713101100723,7,0.9997983306977707,0,0.0,0
25807,38.41442281138857,4,4,6.4445295221007095,6,0.726911951897283,0,0.0,0
25808,55.97673003915603,4,3,6.204186912010409,7,0.9997771883359323,0,0.0,0
25809,28.86687446443269,4,3,9.591911821482885,4,0.9997718455229829,0,0.0,0
25810,35.03240829152895,2,2,0.0,2,0.7989263884452051,0,0.0,0
25811,73.02584712941842,2,5,16.548034652316268,7,0.9998291154059273,0,0.0,0
25812,62.13357219967407,1,5,6.822173947724549,5,0.6432909826493647,0,0.0,0
25813,61.0164959767859,3,1,19.30708643036879,2,0.5152679997393188,0,0.0,0
25814,24.04501297032118,1,5,4.812927478625744,2,0.6445580020937707,0,0.0,0
25815,34.48489405324476,3,3,10.042384082432399,3,0.4468981239652484,0,0.0,0
25816,38.07917129780803,3,5,3.1514506844131853,7,0.9244864417404518,0,0.0,0
25817,38.629300165034884,2,1,7.022124803294888,2,0.12434788976227018,0,0.0,0
25818,48.838825070576675,4,6,1.0909606641107956,7,0.5910669209681614,0,0.0,0
25819,49.906260625341574,4,4,10.937137775688289,6,0.4259187309427397,0,0.0,0
25820,43.08211655225697,3,4,2.2191358510950288,2,0.45742295618060047,0,0.0,0
25821,58.190066788251315,3,4,19.985321603328888,1,0.4974279672403662,0,0.0,0
25822,51.67718986701306,3,3,10.671118796460316,4,0.4240862966904404,0,0.0,0
25823,45.03918847995021,3,3,7.223671189198189,7,0.8054008129188627,0,0.0,0
25824,40.41233822429896,3,5,19.99755057398051,1,0.8368578843770631,0,0.0,0
25825,31.18925090156018,3,6,4.258919885866773,7,1.0001569686219636,0,0.0,0
25826,42.583356265064765,2,6,15.094034578199594,2,0.2887807978095016,0,0.0,0
25827,37.785799407061795,2,6,7.801793236587067,7,0.3909788722035778,0,0.0,0
25828,43.425257689334764,3,3,15.138736938570826,7,1.0002928716099584,0,0.0,0
25829,41.55191384504994,5,3,12.961166782611649,2,0.45067931104986536,0,0.0,0
25830,42.48557562206172,4,2,15.5420944794526,3,0.4097827704121524,0,0.0,0
25831,32.91401632925352,3,3,19.999666732276363,2,0.2650955150985913,0,0.0,0
25832,50.88890747431997,3,3,29.192833945812037,7,0.2143974269637935,0,0.0,0
25833,49.15716821496856,4,5,15.204183646511446,7,0.8195653307491181,0,0.0,0
25834,31.783401940351688,4,2,8.665688200369342,6,0.47555327321679797,0,0.0,0
25835,46.19527349957912,4,3,9.883660190332197,2,0.9869134117399303,0,0.0,0
25836,40.221293791436125,3,7,15.797776995875667,3,1.0005452907951988,0,0.0,0
25837,29.281629977297293,3,3,7.240013319193578,1,0.9489713707721326,0,0.0,0
25838,60.52060876555486,2,5,16.676200990573385,6,0.9997176117608251,0,0.0,0
25839,36.04892218858459,3,1,15.725969268547896,3,0.3391518730134981,0,0.0,0
25840,35.333488106325525,4,3,12.270507312628366,0,0.6689315519021855,0,0.0,0
25841,47.40838469414342,3,3,4.453185827140281,4,1.0002250623766844,0,0.0,0
25842,27.203465585759275,4,1,15.005156583597678,3,0.7161272486058119,0,0.0,0
25843,34.86415186125684,6,1,5.84215936526856,2,0.4759752804582005,0,0.0,0
25844,62.45078582358336,3,1,10.808314189814713,5,0.5033508524409652,0,0.0,0
25845,52.776395797847194,3,1,9.069016422465374,6,0.9993575606334409,0,0.0,0
25846,37.55026752409852,3,6,12.13449108566529,4,0.9997818121369856,0,0.0,0
25847,43.71495541080596,5,3,19.997209520958236,1,0.49310481205897094,0,0.0,0
25848,34.580275734185804,3,3,8.716837819796167,5,1.0000041086460423,0,0.0,0
25849,69.52837493282762,2,1,3.2842501765128915,2,0.4417151516032723,0,0.0,0
25850,30.6749795362146,3,2,0.6353764882664255,5,0.9994293331555759,0,0.0,0
25851,27.87361504942609,3,6,13.319098559268307,1,0.10355175290825491,0,0.0,0
25852,45.72993484260283,3,1,4.232916657429284,7,0.9999617193018854,0,0.0,0
25853,24.998538795893662,2,3,8.274454535752383,7,0.5024327117356018,0,0.0,0
25854,27.84146471244771,3,7,0.7502823811345696,7,0.0,0,0.0,0
25855,39.28781916070706,3,3,5.977132481450337,7,0.9999301003747079,0,0.0,0
25856,46.546356422877196,5,3,7.1683727250296805,3,0.9998099558799064,0,0.0,0
25857,55.4460306222866,3,3,4.659142532397287,3,0.3969622827064705,0,0.0,0
25858,62.80294972173176,0,1,10.90252917653688,7,1.0004698001872379,0,0.0,0
25859,37.10773944777529,3,3,5.908992064478146,5,0.03589895688370759,0,0.0,0
25860,46.17040017994269,3,4,17.29046280971354,1,1.0002806020164985,0,0.0,0
25861,32.08524445166606,2,5,7.946553569953599,1,0.6463317402058613,0,0.0,0
25862,67.49740734333967,3,6,0.0,3,0.3846286095736145,0,0.0,0
25863,70.90974774502168,0,3,10.896678620895388,6,0.4964086280069995,0,0.0,0
25864,39.291611042491084,3,2,17.041138378512745,7,0.9998545364575886,0,0.0,0
25865,51.593743676087826,2,6,22.279839906816964,5,0.9999698040811787,0,0.0,0
25866,43.02085793457222,2,3,17.92337058644633,5,0.9997570643283037,0,0.0,0
25867,56.57047179925118,1,2,3.3357176012208685,3,0.9692124695490674,0,0.0,0
25868,47.53380699400396,4,6,11.736729370878551,7,0.26352950769929245,0,0.0,0
25869,50.31354847705985,4,6,7.781865091116544,7,1.0000458443589058,0,0.0,0
25870,35.89843168944238,4,6,12.666472213283624,4,1.0001298869310937,0,0.0,0
25871,54.8643848738393,4,6,8.331732976858152,5,0.9997201171282186,0,0.0,0
25872,42.45374054592057,4,3,10.850070455137391,1,0.9998868037249711,0,0.0,0
25873,60.01381026037269,3,1,6.284452010383696,1,0.9346301472724113,0,0.0,0
25874,44.725101863625646,4,1,2.858044976172879,0,0.20722981939557944,0,0.0,0
25875,34.039933239604075,3,6,12.758513832081135,5,1.0002862443501157,0,0.0,0
25876,35.159731982727706,1,3,11.981406789321838,7,0.2367293710068517,0,0.0,0
25877,27.457838423225283,2,2,15.614298440298896,7,0.3935449448321532,0,0.0,0
25878,50.804185608851725,2,4,19.99923879317482,1,0.32234338468172047,0,0.0,0
25879,53.37449247077714,6,1,9.19583264689745,7,0.9552284366437348,0,0.0,0
25880,49.17128340888416,3,3,10.76870489273238,3,0.4996017272654155,0,0.0,0
25881,47.06404085727177,3,3,7.119687058781553,4,1.0001518582058588,0,0.0,0
25882,39.67335283529398,2,1,19.99633504567798,3,0.38917223768592,0,0.0,0
25883,26.512387555477332,2,3,10.117508190403845,1,0.5220057695702804,0,0.0,0
25884,39.303794883426235,5,1,3.482909126688348,6,0.49915532409306773,0,0.0,0
25885,30.424331138729855,3,3,19.992612738767924,1,0.9998226332480715,0,0.0,0
25886,36.090481651983566,4,3,7.055385151514961,4,0.9999607706400598,0,0.0,0
25887,44.050442391912355,3,3,9.873776556898619,1,0.9993809935694906,0,0.0,0
25888,50.251276404743805,5,6,13.785455274735316,6,0.9999735739318478,0,0.0,0
25889,61.50995375258847,4,4,19.999055812881103,7,0.5450341482413487,0,0.0,0
25890,50.051464956088445,4,6,13.882462053791222,1,1.0341014055581412,0,0.0,0
25891,20.377427529941887,2,1,8.372529073128913,0,0.5061120461726633,0,0.0,0
25892,65.70215633959519,4,3,15.114907453651092,4,0.49750463561129943,0,0.0,0
25893,43.330176075679596,0,1,17.652626445921168,2,0.9997520371402455,0,0.0,0
25894,53.960529726541196,3,4,15.04862513087255,2,0.6651024130556256,0,0.0,0
25895,28.791904600527186,3,5,17.240384370259157,3,0.9997149618716079,0,0.0,0
25896,56.543270388370175,6,3,16.081759579959005,1,0.4157700825787691,0,0.0,0
25897,40.68501202661673,3,2,3.853764407507019,6,1.0001637194324369,0,0.0,0
25898,32.077997840594705,0,2,11.599711904623494,2,1.0025432868678805,0,0.0,0
25899,59.18985652100362,4,2,16.42797979476201,7,0.9997575868157951,0,0.0,0
25900,34.440852535512484,3,1,10.800314742723787,4,0.49822891745706765,0,0.0,0
25901,42.016177520083126,3,1,20.0052860207821,7,0.9548356705780365,0,0.0,0
25902,46.387897945927214,3,4,19.999145984114676,1,0.9998912153375077,0,0.0,0
25903,40.4578985643874,4,7,0.0,7,0.3646808238229759,0,0.0,0
25904,50.933584357841035,1,6,11.827936586018863,6,0.8379597617502403,0,0.0,0
25905,42.05716942151888,2,4,9.582442431853554,1,0.610551566099941,0,0.0,0
25906,35.552152437630824,2,3,11.147833540813986,2,1.0008019172763254,0,0.0,0
25907,38.336422410278516,4,6,14.219141113979255,5,0.6753096048333251,0,0.0,0
25908,45.12048554626753,5,3,6.874943275756541,3,0.49885657613556983,0,0.0,0
25909,39.92476226599369,3,1,11.032311225843985,7,1.0003973142817089,0,0.0,0
25910,35.582231231389294,4,7,13.729850774118441,1,0.4083684780745385,0,0.0,0
25911,32.03924010668155,2,4,19.998581397731883,1,0.9998393744214045,0,0.0,0
25912,56.86664847301269,4,1,5.451259672150389,7,0.9996904058255449,0,0.0,0
25913,50.739259552234756,6,1,16.438969208271466,0,0.9307383218239393,0,0.0,0
25914,35.60406628530622,3,2,10.92093579946298,3,0.9997848481600939,0,0.0,0
25915,41.8117916475185,1,4,8.140864751685335,6,0.5798312521908509,0,0.0,0
25916,34.856414533606554,4,5,10.566201188361394,3,0.21519811158371133,0,0.0,0
25917,18.99432064487375,2,4,14.989662218299397,5,0.24172794041207152,0,0.0,0
25918,40.339950851992455,5,4,15.655055335110312,7,1.0002964123932665,0,0.0,0
25919,56.95829664279199,3,3,4.693466187156414,5,0.9997642069610808,0,0.0,0
25920,41.88399031751325,3,2,13.270817474687805,7,1.0002532330694776,0,0.0,0
25921,25.86036954999737,2,6,10.574694026885512,3,0.49188408597077554,0,0.0,0
25922,23.167846854564175,3,2,8.272753280952635,1,0.2516305065170049,0,0.0,0
25923,51.67072285255218,2,6,10.801244351245234,7,1.0001092374831486,0,0.0,0
25924,57.86198043386982,3,4,18.157717007506083,1,0.9999983924568381,0,0.0,0
25925,81.25888179024537,0,2,8.365523205249543,7,0.6995217020159064,0,0.0,0
25926,48.20073653523957,3,5,15.830081194616639,2,1.0004263040023462,0,0.0,0
25927,51.125266501836904,3,1,19.99313574131873,3,0.7626700918255505,0,0.0,0
25928,39.282186201998535,3,2,8.380517524059098,7,1.000289139501471,0,0.0,0
25929,51.84827532868909,1,1,8.14193896832694,7,0.9799053287548843,0,0.0,0
25930,39.7665480504934,2,1,9.88867008753185,7,0.6698919270816975,0,0.0,0
25931,42.00586336053488,3,5,18.706785509687037,2,0.5998404988212584,0,0.0,0
25932,57.50491925059042,1,6,1.8782804370615533,7,1.0000372292671098,0,0.0,0
25933,45.73833191854223,4,1,4.020692251998915,7,0.9995154934774098,0,0.0,0
25934,36.329750021997945,1,3,11.600830583853009,1,0.9998815139168272,0,0.0,0
25935,21.90248484621077,3,4,7.070366636169102,4,0.45805739218745634,0,0.0,0
25936,50.92111291818132,3,5,13.194448138604375,1,0.4990360614884912,0,0.0,0
25937,53.87008577410087,2,1,2.583728253427024,5,0.05205353978978711,0,0.0,0
25938,29.9926997135097,6,6,15.734583869103563,6,0.24232508139947206,0,0.0,0
25939,33.31778726921475,3,3,14.227066116889404,1,0.973312984550224,0,0.0,0
25940,39.920813490374854,1,1,0.0,4,0.4971546351121068,0,0.0,0
25941,50.95753933430303,5,2,11.395916019272468,3,0.4617117136838479,0,0.0,0
25942,46.24590496420345,4,5,7.768562670098831,2,1.0000862404169522,0,0.0,0
25943,46.85465780011663,1,5,15.748138114652,6,0.19051562795805588,0,0.0,0
25944,38.470470417527096,3,4,11.654409115781768,4,0.30845095954692586,0,0.0,0
25945,18.198322466031513,3,5,1.1750102552685568,2,0.5141149932644348,0,0.0,0
25946,30.237090451773497,4,2,1.6496122923919678,7,0.1570408910238531,0,0.0,0
25947,69.25841377965392,4,3,4.026200244071349,2,0.4984882795838084,0,0.0,0
25948,33.6530624027013,4,2,2.390033943434375,6,0.8126767489307073,0,0.0,0
25949,51.506703017623565,2,3,10.428450982090819,7,1.0006827377681276,0,0.0,0
25950,28.189729375310932,3,3,10.155544743195009,3,0.49898084815513766,0,0.0,0
25951,34.493943811418504,3,2,7.6222196462129155,2,0.29338861725603427,0,0.0,0
25952,38.41444845303899,1,1,2.692925880854034,2,0.9997450321680663,0,0.0,0
25953,27.76755256502051,2,3,4.4112065504664715,4,0.627090949653338,0,0.0,0
25954,55.662133524443476,2,3,11.798764173928681,0,0.4446338347703052,0,0.0,0
25955,14.067749420694973,2,6,6.203190301303896,1,1.0029103775331563,0,0.0,0
25956,59.839718400426506,0,1,0.0,4,0.9994002447471266,0,0.0,0
25957,46.56521008730265,2,1,17.060602343409855,5,0.9999808406375525,0,0.0,0
25958,27.78395986568504,3,4,5.41264240866441,7,0.9457844445414744,0,0.0,0
25959,33.03503971481308,3,6,29.897780519285764,7,0.5960040286372761,0,0.0,0
25960,52.59243518142241,2,4,19.998656749564333,7,0.8045452144642093,0,0.0,0
25961,67.2059613559604,3,6,1.0935851206796752,2,0.10120662300495187,0,0.0,0
25962,30.63406938096275,2,6,14.725211450790617,5,1.0001879596193206,0,0.0,0
25963,28.072914813843894,2,3,5.256633380522377,4,0.9961909705520681,0,0.0,0
25964,39.96904448201128,2,3,11.607577656969632,1,0.3474162883236875,0,0.0,0
25965,35.118273697566366,1,1,4.79620084251376,7,0.9999023632022155,0,0.0,0
25966,52.356363134133474,5,3,0.0,4,1.1523688755443628,0,0.0,0
25967,22.53057832524334,4,1,13.897159113624461,3,0.2752005783771371,0,0.0,0
25968,31.521344466036354,1,1,20.00522486127187,6,0.7645812629302355,0,0.0,0
25969,41.448465208891406,3,6,13.544305632695252,3,0.11917428689704057,0,0.0,0
25970,52.24911301177718,2,3,16.47684299198794,2,0.272170425353368,0,0.0,0
25971,30.83169203277846,4,3,0.9897029964988242,4,0.4956291052121314,0,0.0,0
25972,45.83503493189975,4,4,19.990034539558195,3,0.4976667204889593,0,0.0,0
25973,21.77495944367656,2,6,7.006433287038072,3,0.9998942966565909,0,0.0,0
25974,19.20967633638161,3,4,20.001581094629685,1,0.005117450301066473,0,0.0,0
25975,22.935141096234414,3,2,9.545911014518781,4,0.3914743037692393,0,0.0,0
25976,45.5482617074066,4,6,11.665554059934346,6,0.9996219574132389,0,0.0,0
25977,55.416287525736934,3,4,5.072063838837101,2,0.191252568463126,0,0.0,0
25978,21.55161472822767,3,3,10.111133926278589,3,0.9999789498477605,0,0.0,0
25979,37.02637643431837,5,5,5.1701684002686985,1,0.6607457807570507,0,0.0,0
25980,30.129036457552285,3,3,19.99124722162923,1,0.0,0,0.0,0
25981,55.69016869650231,3,1,8.005131365699606,5,0.9995593049337346,0,0.0,0
25982,28.129887116054526,2,2,7.940529765239448,4,0.4641191921354878,0,0.0,0
25983,26.016134793132167,3,6,17.88560639129222,2,0.0,0,0.0,0
25984,28.70703314649237,2,7,10.358696113914478,2,0.9303031284941403,0,0.0,0
25985,24.88035369453882,1,1,19.982945399619073,2,0.11526928592238717,0,0.0,0
25986,70.32722621989235,2,2,13.347321983590508,7,0.7860279489534194,0,0.0,0
25987,31.842620581668115,1,5,4.116558570391621,3,0.9686094068708314,0,0.0,0
25988,49.082526438516325,3,3,9.793758985181412,6,0.4011631078010767,0,0.0,0
25989,52.99534084047748,3,4,20.00177232919478,4,1.0000712278087287,0,0.0,0
25990,42.539359766284726,3,2,17.360697102802455,7,0.9437390900320723,0,0.0,0
25991,45.08652466771289,1,3,8.738953966526454,7,0.9998103450692598,0,0.0,0
25992,42.92487921120258,4,3,8.0040535671578,4,0.5008580920279078,0,0.0,0
25993,32.342463395070155,3,4,21.6908903264212,1,0.9959401465712179,0,0.0,0
25994,45.0623670942163,5,5,12.024409847016159,3,0.5060586107958187,0,0.0,0
25995,32.5810054110338,4,3,16.301586627582008,5,0.3541907905037181,0,0.0,0
25996,46.485736832743626,3,3,19.99887748523743,4,0.8983814818943148,0,0.0,0
25997,44.7101478594437,3,3,9.85173668942794,3,1.0006392745784376,0,0.0,0
25998,46.65139105832188,3,4,20.005531337478892,1,0.2745975721577118,0,0.0,0
25999,32.79899071215641,1,4,12.148123159026701,4,0.7556601655228584,0,0.0,0
26000,60.56547044972899,3,3,10.977559544875893,1,0.9996615518841669,0,0.0,0
26001,29.33283115522791,3,3,4.301933225176257,2,0.746668567088697,0,0.0,0
26002,40.32791398678707,5,6,14.759215932390438,6,0.8931440149271958,0,0.0,0
26003,15.133549912172388,0,3,4.018108545278059,7,0.0,0,0.0,0
26004,54.66075704948697,4,1,9.728248742755095,1,0.999921891224206,0,0.0,0
26005,34.94708087658194,4,3,0.0,4,0.9997088206546292,0,0.0,0
26006,54.313034818835064,3,1,15.421621094349444,3,0.9998695315849783,0,0.0,0
26007,35.74562478448624,1,4,8.309739785740533,5,0.40953442631199627,0,0.0,0
26008,44.63356655428697,4,1,15.638946709879205,7,0.3282626063505324,0,0.0,0
26009,38.55431066088185,4,3,13.172783132278116,5,0.3412225805318937,0,0.0,0
26010,34.71325253233193,5,3,20.5992637159763,4,0.1646792562888456,0,0.0,0
26011,23.496960646537442,3,4,17.710130909360945,5,1.0018338748775044,0,0.0,0
26012,47.31730571798124,3,1,7.465274316383545,7,0.9997047984908976,0,0.0,0
26013,45.58760473737662,4,6,13.96105736214449,7,0.9999748390992476,0,0.0,0
26014,38.156737152909244,3,4,19.98857951819002,1,0.39794157162253385,0,0.0,0
26015,39.96199206569038,3,6,6.3932867287144415,1,0.9807840933986192,0,0.0,0
26016,36.26301494939456,2,0,14.598033925616157,7,0.9248306076101717,0,0.0,0
26017,48.81321953966513,1,1,12.863792958364428,7,0.9994816387114321,0,0.0,0
26018,31.44240207455966,2,3,13.237385898807036,4,0.6294008143980262,0,0.0,0
26019,29.86568779382494,4,1,1.4426887505364334,2,0.2839534759029823,0,0.0,0
26020,20.583241731899882,7,2,4.359537062368164,3,0.2504327590562218,0,0.0,0
26021,42.47200186973472,2,3,9.297793475929963,4,0.37994781184765514,0,0.0,0
26022,29.414584846580652,3,2,5.928048252477668,7,0.9997430642674552,0,0.0,0
26023,33.37999990020526,3,3,14.862271680465325,4,0.999866395128385,0,0.0,0
26024,51.98104925355336,3,2,10.543089602902796,7,0.7286033423000177,0,0.0,0
26025,57.04439373002747,4,4,20.011043934039066,7,1.000083964180401,0,0.0,0
26026,58.90591680964823,4,1,20.015645230628216,3,0.38469459654912996,0,0.0,0
26027,42.62560732242575,4,5,1.6529754998828743,7,1.018872472422554,0,0.0,0
26028,50.32615124478387,4,4,9.432453053156413,7,0.4594884667349085,0,0.0,0
26029,41.90364321522749,3,6,7.499696257824269,1,0.8891775166996914,0,0.0,0
26030,48.79113621622061,2,2,5.96639366347634,7,0.9996568303798727,0,0.0,0
26031,34.198473310729014,3,3,18.540987580919296,6,0.4951928561198346,0,0.0,0
26032,21.62811599322392,2,3,10.873935139818862,3,0.8019633319723357,0,0.0,0
26033,49.46360853720577,1,6,4.155278976063481,2,1.1870338050777558,0,0.0,0
26034,56.752830530663616,3,1,8.355164385935971,7,0.9998369868578363,0,0.0,0
26035,45.296525543586085,2,2,16.831116947913774,7,1.0005101653706,0,0.0,0
26036,44.85853893643218,1,5,3.3119921385976507,2,0.149879656801296,0,0.0,0
26037,36.16439929092442,3,3,4.771644955049184,7,0.9998724202777969,0,0.0,0
26038,40.535929974631514,3,6,17.896396232806534,2,0.3309894638106838,0,0.0,0
26039,23.83675921618567,1,6,19.356155970881062,3,0.22242912526257957,0,0.0,0
26040,46.36849476431907,4,1,7.1477498493686,1,0.9999712259459826,0,0.0,0
26041,27.096592520087107,3,3,20.01107297359527,2,0.4939393175442441,0,0.0,0
26042,59.31882779994535,3,3,0.0,3,0.9999657570644471,0,0.0,0
26043,51.548787440245874,1,5,5.969002213918171,3,0.937424733242964,0,0.0,0
26044,46.21121123445309,2,1,9.636648981652387,7,0.9999114658474476,0,0.0,0
26045,27.799783412273015,3,2,8.56635754194573,1,1.0001481087150017,0,0.0,0
26046,58.51912448935896,2,3,10.823706409895461,4,1.0002051706684194,0,0.0,0
26047,30.968401736856578,3,1,9.5954188803035,2,0.9996560196312267,0,0.0,0
26048,40.00787825641918,6,3,15.914305157059518,4,1.000406983052943,0,0.0,0
26049,27.74664375535089,5,3,6.868915449090358,1,1.000482645789957,0,0.0,0
26050,21.293760054323446,2,3,8.213846981697003,4,0.31218607287263567,0,0.0,0
26051,59.451150782227906,3,2,19.846120494318285,1,0.9996747479541174,0,0.0,0
26052,49.3330316003896,3,5,13.800508243823094,1,1.0001398919566802,0,0.0,0
26053,41.68633575933441,7,6,12.538853005123897,7,1.0005673154848067,0,0.0,0
26054,71.98502785833853,3,3,18.579588917635014,3,1.0002792058479457,0,0.0,0
26055,58.139166148166666,4,1,1.8041482667726658,6,0.828774452206254,0,0.0,0
26056,64.04324995036943,2,4,13.945517291415594,3,0.18289781556872553,0,0.0,0
26057,34.177490353063995,3,3,5.43277303581879,5,1.0000264945005601,0,0.0,0
26058,39.71239278489329,5,2,18.914194418356825,3,0.21683520297589826,0,0.0,0
26059,51.37826894843064,3,3,6.06000710000117,5,0.5686757268754858,0,0.0,0
26060,26.558184222812102,2,2,14.888500016240858,5,0.6185203200262261,0,0.0,0
26061,32.51052886534701,4,2,6.956993377631449,5,0.14036961342630871,0,0.0,0
26062,35.47670634407375,3,5,21.14098302375027,3,0.5673122419035036,0,0.0,0
26063,51.32128097586863,4,6,8.565123500271788,3,0.5277617715873479,0,0.0,0
26064,51.81116468931413,3,3,20.003593193064695,1,0.576961975643427,0,0.0,0
26065,47.243931110750296,3,4,13.26772600240436,2,1.0004437047716601,0,0.0,0
26066,46.03977968114122,3,6,6.235866726213027,3,0.27135789180322717,0,0.0,0
26067,51.26627112085311,4,4,4.841065214669834,7,0.3175369783371918,0,0.0,0
26068,26.882385139424727,4,3,0.0,6,0.220435170936577,0,0.0,0
26069,30.41325641409979,3,6,11.964845935240634,5,1.0001743350470524,0,0.0,0
26070,38.762609352840684,4,2,12.76314802883884,7,0.48488398229332186,0,0.0,0
26071,29.158437647684302,3,3,8.026116363845544,5,0.36813618986960667,0,0.0,0
26072,63.915344670506,2,4,20.433060973354667,2,1.2355470489834823,0,0.0,0
26073,39.38781342707508,3,1,12.082267239218057,2,0.9999205401120628,0,0.0,0
26074,15.484563460072469,3,4,8.883750966339154,1,0.9619274387720247,0,0.0,0
26075,53.710543562670466,3,4,13.525096307352822,7,0.26953019799566336,0,0.0,0
26076,44.08215777362061,3,6,17.124686865933466,1,0.9313967350783725,0,0.0,0
26077,49.795221189975294,4,6,15.474640410606671,4,0.5397938667375521,0,0.0,0
26078,57.160108179919675,6,3,1.7892371569627397,3,0.5024016028976229,0,0.0,0
26079,50.82206192175893,3,3,3.9026783138011485,1,0.9115491005823484,0,0.0,0
26080,32.26424610192732,3,1,4.610629083359568,2,1.0002752917632876,0,0.0,0
26081,47.232218200283384,3,3,14.677607713659974,7,1.0000724018577114,0,0.0,0
26082,34.65573353452157,2,3,0.0,2,0.9641181752017303,0,0.0,0
26083,65.27289527213509,3,1,23.933609573607505,2,0.5023895637493966,0,0.0,0
26084,54.8588616772959,2,6,18.02064703485832,7,1.000390181911179,0,0.0,0
26085,38.02381316939482,3,4,15.154640487310266,7,0.5151945208762733,0,0.0,0
26086,42.78040316593318,2,6,7.365553536803952,7,0.29956909865540116,0,0.0,0
26087,43.83871842127357,3,3,13.432952374361612,7,0.6636058824522943,0,0.0,0
26088,37.910496571307156,4,2,4.059523628422193,1,0.34396631004662015,0,0.0,0
26089,34.497783695691425,4,4,20.000157844946195,1,1.0003186989861168,0,0.0,0
26090,23.966465662528297,3,6,13.2550608402506,2,1.000052694464482,0,0.0,0
26091,38.80385636074893,2,2,6.676053254574957,4,0.40406455749518305,0,0.0,0
26092,37.13140689986409,2,3,12.066632343049632,2,0.5531961825025385,0,0.0,0
26093,44.23671017333355,4,6,14.903652053428114,0,0.7716413719572757,0,0.0,0
26094,24.123576894884142,2,1,10.401522027679494,3,0.055549257824137666,0,0.0,0
26095,57.064455020160025,4,6,1.4836398469822605,7,0.025945334865905334,0,0.0,0
26096,46.903484588317255,2,6,7.902689011156006,4,0.20149680642052226,0,0.0,0
26097,48.23110353943521,4,4,4.538604664008703,4,0.4985734713517772,0,0.0,0
26098,51.018191080238694,5,4,14.145424626945623,2,0.24471088168430122,0,0.0,0
26099,39.329059955795245,2,2,11.083611540212667,1,0.999601936195032,0,0.0,0
26100,33.29833335818671,0,3,23.609180621003734,7,0.0948415638070792,0,0.0,0
26101,30.324123363341343,3,2,16.406008947499394,1,0.4592800612478236,0,0.0,0
26102,37.8684648657,3,6,10.68329967640041,2,1.0000659942253685,0,0.0,0
26103,46.95131839112895,4,3,17.217360916139537,7,1.0001378925117765,0,0.0,0
26104,50.972924092015795,0,6,2.9019984831895584,4,0.2332569085607214,0,0.0,0
26105,25.00783047178613,4,6,15.996520370072298,4,0.999709949361062,1,4185.434808375603,1
26106,44.05450613987033,4,6,14.730888336295918,3,1.0001245045609557,0,0.0,0
26107,46.06170677781705,3,2,9.34160548795429,5,0.6070498083333923,0,0.0,0
26108,28.896868102588293,1,6,10.791585406722906,1,0.9832543370367561,0,0.0,0
26109,32.285899432770925,4,5,14.603426871770901,5,0.0,0,0.0,0
26110,46.689894317226226,2,6,12.340259753743311,7,0.09000663632137895,0,0.0,0
26111,55.77023709925787,3,1,15.114769116305688,6,0.6528707568602741,0,0.0,0
26112,12.248356517248371,2,2,10.407505638857721,1,1.0005371841627533,0,0.0,0
26113,36.22163963979806,3,2,20.777241361651402,6,0.999544252492895,0,0.0,0
26114,46.92530187038842,4,6,6.723174390897843,1,1.0029472287523127,0,0.0,0
26115,63.60219864772385,5,6,5.768429514910677,7,0.8721994390890089,0,0.0,0
26116,31.15039547853473,3,2,16.728920983018874,3,1.0000095505426652,0,0.0,0
26117,55.73930562553858,4,3,19.286220057494937,7,0.9999597399133844,0,0.0,0
26118,52.720065552868626,1,2,22.979851067197444,3,1.0743482419941346,0,0.0,0
26119,50.5479609951264,4,6,6.134228845676532,2,0.43459033465939917,0,0.0,0
26120,39.574544377486134,3,2,8.641490584263021,1,0.767959829422827,0,0.0,0
26121,33.40464249979437,4,2,6.536955619242561,1,0.1784608840189822,0,0.0,0
26122,28.10800117238046,1,3,8.134462658281187,2,0.0,0,0.0,0
26123,24.488136529285573,3,2,6.945609587368062,7,1.0001921739038715,0,0.0,0
26124,36.102705092623474,2,6,7.733616491896505,5,1.0004757651414573,0,0.0,0
26125,59.07686390411237,4,5,15.522967884487691,1,0.36006266082544125,0,0.0,0
26126,27.154495957872953,5,1,19.994084724302276,3,0.5356023113664135,0,0.0,0
26127,19.117633206363962,1,2,17.686902241169317,5,0.5845760474939888,0,0.0,0
26128,42.89570372179211,3,3,21.11618942905117,2,1.000223008018866,0,0.0,0
26129,54.81817419374923,4,4,10.240179406984916,7,1.0000799548958683,0,0.0,0
26130,41.36860093836851,3,2,3.5148867768793295,7,0.9995600224738668,0,0.0,0
26131,39.636798091598,4,6,5.12610681955891,3,0.6843213381801858,0,0.0,0
26132,49.723627755401616,3,4,16.49171217021809,7,1.1552006902221024,0,0.0,0
26133,34.90071513875075,3,3,14.252787018988105,1,0.6065073129787887,0,0.0,0
26134,60.245137446381094,3,6,17.19662712130765,7,1.0000785780969679,0,0.0,0
26135,51.20421532204952,3,1,7.652206140670445,7,0.99973191310575,0,0.0,0
26136,35.59800446551823,3,1,14.963571057633468,4,0.9998028387481319,0,0.0,0
26137,37.712913807881634,3,2,9.056819936461572,1,0.28396843377907605,0,0.0,0
26138,48.60832016975653,4,6,9.502525912380307,2,0.32256868212108303,0,0.0,0
26139,15.89125159809663,3,7,8.919824935062003,7,0.16341938327117633,0,0.0,0
26140,32.66978074617931,3,2,7.290961623344192,4,0.8993957813002881,0,0.0,0
26141,37.776589937620635,4,6,14.823835989110957,7,0.9997852768930144,0,0.0,0
26142,16.739128441315344,2,1,9.171676853167902,3,0.14998097634639063,0,0.0,0
26143,51.952621470755695,3,5,0.42143747680428767,5,0.9998618551388974,0,0.0,0
26144,39.97360301934977,3,3,11.821365451946004,3,0.9753330279767521,0,0.0,0
26145,38.61317319949041,1,2,12.469784070004255,7,0.9999197328419029,0,0.0,0
26146,16.430811010813944,2,3,0.0,3,0.680324887652038,0,0.0,0
26147,56.330566611393316,2,6,19.02507264098065,3,0.7314383523916985,0,0.0,0
26148,60.08115697757469,3,2,2.93964422097023,4,0.5679287831652927,0,0.0,0
26149,38.7901398582635,2,2,16.06384403208969,1,0.964573527638119,0,0.0,0
26150,47.7071006151304,2,3,23.237510733702,7,1.000304956804344,0,0.0,0
26151,30.508453093598536,3,6,15.528329940957526,6,0.6761534276129476,0,0.0,0
26152,47.09593892474037,4,2,13.967887371865077,1,0.35086890388532904,1,4238.2589235279365,1
26153,35.17759865315175,4,4,20.00185978192954,5,0.9995371128744923,0,0.0,0
26154,39.76683850752317,3,3,0.0,1,0.9994580096944051,0,0.0,0
26155,23.534091632091148,1,2,11.042023731183402,1,0.1782448039991028,0,0.0,0
26156,54.291465405849024,3,2,8.721189308113381,7,1.0004185223412034,0,0.0,0
26157,18.77741357346546,5,5,14.269089672407457,1,0.23201902052953272,0,0.0,0
26158,35.25067673710039,2,1,1.2163971179041315,3,0.4989102310654313,0,0.0,0
26159,22.62663727080263,4,1,10.329220239136454,6,0.49576124922151066,0,0.0,0
26160,45.28120004258498,4,6,2.9058972126084512,5,0.3802418276913969,0,0.0,0
26161,29.59646738101202,4,6,4.925187122531499,5,1.000085383419231,0,0.0,0
26162,17.32344682143166,4,2,7.598194999166761,7,0.9995129516105848,0,0.0,0
26163,55.577400542692445,4,3,8.917395902802332,7,0.0,0,0.0,0
26164,37.89281388004828,2,5,3.6659962553043135,6,0.951014036075087,0,0.0,0
26165,42.735390736067764,2,3,11.415614830243907,4,0.08241704421996887,0,0.0,0
26166,49.653509021928016,5,4,19.99775449606767,1,0.9998335076680738,0,0.0,0
26167,63.42628121975977,2,5,13.984708643083486,1,0.29978570957796646,0,0.0,0
26168,47.893209243009046,5,3,14.091560452090341,7,1.0000146960142784,0,0.0,0
26169,59.414613772341795,2,6,6.051058936030424,1,0.22642455593750727,0,0.0,0
26170,33.30565435876174,5,3,10.273034479868652,3,0.9996161827756644,0,0.0,0
26171,45.49804965058844,3,4,13.516342642931756,6,0.4648884720475309,0,0.0,0
26172,60.87002341096832,4,3,6.738670960576022,2,1.000327014818212,0,0.0,0
26173,19.399760536840922,4,7,5.98118048981109,5,0.42286160396352307,0,0.0,0
26174,22.743628537922845,4,6,11.552809419547001,2,0.4604446469778046,0,0.0,0
26175,48.407019078262806,4,5,20.01000549807078,3,0.1937439712886347,0,0.0,0
26176,53.4204342248531,2,5,14.914424280277405,5,0.501542851261239,0,0.0,0
26177,36.28089548281635,3,6,15.869748823947909,1,1.0005754910475895,0,0.0,0
26178,39.213633787451755,3,2,12.651898968822941,5,1.0002664568398894,0,0.0,0
26179,26.169451667888584,1,5,6.163804703487554,3,0.48370001570341037,0,0.0,0
26180,23.9121377668194,5,1,11.815435914431001,1,0.45380964482494335,0,0.0,0
26181,44.36584412568841,4,6,8.999990806821092,7,0.999994878803804,0,0.0,0
26182,33.150749260504384,2,4,20.00463138539905,3,0.9997238876943372,0,0.0,0
26183,42.79653972673127,1,3,0.4429291899609904,7,1.0004449558954485,0,0.0,0
26184,58.55918908249909,3,3,15.43811469998603,5,1.0002978730275147,0,0.0,0
26185,26.334199832249475,2,3,9.518441794365911,5,0.9752883552721978,0,0.0,0
26186,36.19250709528117,1,1,2.6340394970095975,7,1.0562191706863073,1,20725.55075919491,1
26187,32.19515469206975,3,1,15.913036860667738,1,0.909434749632442,0,0.0,0
26188,50.28195508435251,3,2,12.472133036071378,6,0.0,0,0.0,0
26189,33.46598557409635,3,1,10.74019789560395,1,0.5038759159465614,0,0.0,0
26190,35.40992549021702,2,2,7.885520190475006,5,0.21505737516159779,0,0.0,0
26191,29.248961989783886,3,5,19.137722161161776,2,0.9999436567423106,0,0.0,0
26192,49.42278913071429,4,1,7.1946371868364345,2,0.21695456411680336,0,0.0,0
26193,35.47491316713541,4,2,13.390253945724472,1,1.0001313965013665,0,0.0,0
26194,21.572862142929097,2,6,2.9675576098461267,4,0.27871756295826494,0,0.0,0
26195,27.1647280435837,3,2,5.116053155834552,4,0.28515187352744126,0,0.0,0
26196,44.203232346854335,3,3,16.875106052760657,2,0.0,0,0.0,0
26197,50.81747633104938,3,4,19.99317408952727,7,0.9526207670434728,0,0.0,0
26198,63.79839107394155,3,2,18.041346692623698,7,0.9847685693391774,0,0.0,0
26199,35.997553048902176,2,3,0.7124580246100454,3,0.9998903908621775,0,0.0,0
26200,47.22818965510582,3,4,17.401512201580875,3,0.9993743803618165,0,0.0,0
26201,66.99941029626044,4,6,12.843485852542837,3,0.646002604472756,0,0.0,0
26202,44.765257728200034,0,3,11.33920421579633,4,0.9361968807491237,0,0.0,0
26203,29.8256724643552,3,3,1.2521883011452637,4,0.29105979106888297,0,0.0,0
26204,39.647442539254854,3,4,12.456133745605923,1,0.9516937296055812,0,0.0,0
26205,49.206536866886296,4,3,9.41912294908556,4,0.4981370620738408,0,0.0,0
26206,34.47117241760929,4,1,12.685222512016042,3,0.9997586481829759,0,0.0,0
26207,46.470407259829344,3,6,10.069466580375755,5,0.9997803675624084,0,0.0,0
26208,22.417457853743283,2,1,2.316833874667113,2,0.42873488947292077,0,0.0,0
26209,28.008075890264656,4,2,9.689524495494815,3,0.8674972934850915,0,0.0,0
26210,56.49805787614232,4,4,17.45815542142715,7,0.7388796462454671,0,0.0,0
26211,34.467814735519156,2,3,8.51617282326952,1,0.7496124967697078,0,0.0,0
26212,51.53287100338967,4,3,18.03415611637155,7,1.0004615373610195,0,0.0,0
26213,15.775967126310928,4,3,5.503853421717495,2,0.5580005808048698,0,0.0,0
26214,10.950555311797263,6,4,10.446752969002453,1,0.9701482264562772,0,0.0,0
26215,54.47841263162171,3,1,16.133593269996204,7,1.0002859988719492,0,0.0,0
26216,42.09027246328584,3,2,11.738535794546126,1,0.1328641674778822,0,0.0,0
26217,40.03783108870874,2,4,17.523737808821107,1,0.5633622735399009,0,0.0,0
26218,56.713192929055516,2,4,12.804344858501644,2,0.6031304349967747,0,0.0,0
26219,47.00916873287893,3,3,24.95305665662821,4,0.49917480783855495,0,0.0,0
26220,17.351768401314594,3,2,10.337850692444073,4,1.000380297066862,0,0.0,0
26221,56.51937821269516,3,1,0.0,7,1.000225994293963,0,0.0,0
26222,41.18045674970812,3,2,16.089390621288242,7,1.0001610476772955,0,0.0,0
26223,51.262318114432645,5,3,8.515858969884235,1,0.5015850690585131,0,0.0,0
26224,40.99318744792964,2,3,7.689099508842227,3,0.9998369393886386,0,0.0,0
26225,46.22200614394727,4,3,15.898376586302561,6,0.9998318799724981,0,0.0,0
26226,41.5000802294409,4,3,14.848288828128881,7,0.9995017193604889,0,0.0,0
26227,45.06376367492276,3,1,11.679833309040054,7,0.9999224048051047,0,0.0,0
26228,53.016861744886725,5,1,15.58136792430582,2,0.3459166037271095,0,0.0,0
26229,51.090910351481305,2,3,5.375435386567995,1,0.46529909489627574,0,0.0,0
26230,35.31793521628559,3,2,7.501216497685597,7,1.0001788544904926,0,0.0,0
26231,32.388143323803234,4,6,0.09458534773188099,7,0.27572636441322845,0,0.0,0
26232,47.114716983226245,3,6,13.505900091211323,7,0.9996105000048319,0,0.0,0
26233,44.832612689827386,3,6,19.535970652850096,5,1.0250630726109606,0,0.0,0
26234,50.849064221291854,3,3,6.385555211370556,3,0.04611337445295227,0,0.0,0
26235,40.222318814105975,3,3,5.414126235453611,1,0.5663297512454716,0,0.0,0
26236,42.57108557468904,2,5,15.345832695899801,1,0.44531240675501826,0,0.0,0
26237,37.30259539428823,2,6,17.175844417547367,7,1.0004146506844716,0,0.0,0
26238,22.98127458777886,3,7,2.4585031054370976,3,5.052076229605795e-05,0,0.0,0
26239,24.580692889527935,4,3,0.0,7,1.0000453933684939,0,0.0,0
26240,24.009351856099997,2,3,9.497860293965118,3,0.10184769983883302,0,0.0,0
26241,52.851110626733956,3,2,9.37776859114945,7,0.7966677869144836,0,0.0,0
26242,52.50957133690405,4,1,14.13512376202752,1,0.34602007878786467,0,0.0,0
26243,39.3059206040175,3,1,15.547093888714802,5,1.00075404066018,0,0.0,0
26244,49.05998618460594,3,1,6.366066175648793,1,0.4961023873045831,0,0.0,0
26245,28.493043238029852,3,2,18.47974200987368,0,1.0001627489822054,0,0.0,0
26246,36.40399549601812,3,3,9.102255193611136,5,0.9997461983145299,0,0.0,0
26247,47.11307109516605,3,5,17.953056663168834,4,0.5021624423264903,0,0.0,0
26248,42.68601985168468,4,6,14.108948086341863,7,1.0002613007947028,0,0.0,0
26249,57.35932625564551,2,6,19.42968514352345,7,0.9993779626851897,0,0.0,0
26250,39.390634561960816,2,1,13.43982735348804,7,0.4854035877232514,0,0.0,0
26251,23.298147981924288,1,1,10.88680473332766,4,0.999892120657082,0,0.0,0
26252,67.72648144584883,3,2,14.801705540178103,6,0.9998705988863552,0,0.0,0
26253,52.14303672184981,5,6,6.4621101815141415,7,0.565845187602978,0,0.0,0
26254,45.54971405816098,4,4,3.6217761408941334,2,0.49891567402526643,0,0.0,0
26255,48.14784191283737,4,3,4.306247072049699,7,0.9997472345952461,0,0.0,0
26256,63.354178801535284,3,4,0.9429681279276476,3,0.38667260151720767,0,0.0,0
26257,25.529440428126485,2,6,7.61558333139837,2,0.6172580324660442,0,0.0,0
26258,52.533426047106865,3,6,7.260528674425571,7,1.0002359288359703,0,0.0,0
26259,34.72486600059812,5,3,19.243744380647897,7,0.8357425723873413,0,0.0,0
26260,44.74062027509712,3,1,20.004351396593105,6,0.015439656902691001,0,0.0,0
26261,33.944791209870736,2,1,8.405464812535975,1,1.0002622830556338,0,0.0,0
26262,21.01194536099962,2,2,9.95757078210561,1,0.6526061473372289,0,0.0,0
26263,51.251109721537986,1,2,4.6730434624872,7,0.9999936526562351,0,0.0,0
26264,34.49240307017886,3,1,6.423388180588006,5,0.4181735746890271,0,0.0,0
26265,41.413968413954066,4,6,2.1041638489024486,7,0.9993641634065978,1,3814.792281690508,1
26266,41.26453344746927,3,3,8.55571908368127,0,0.4639483372356932,0,0.0,0
26267,50.82022380233805,4,3,20.004307876082464,1,0.6858450508904236,0,0.0,0
26268,23.83531816490002,7,6,10.515010760787744,7,0.9922140973995586,0,0.0,0
26269,67.79617914061387,3,3,9.391143561174987,5,0.9997997428827218,0,0.0,0
26270,55.00705106497139,3,6,5.904453120475643,4,0.48271450049676445,0,0.0,0
26271,50.13021190151028,2,4,8.301986070649182,3,0.9995634904954538,0,0.0,0
26272,50.62189676294181,5,2,17.312545294947835,2,0.9776500940558965,0,0.0,0
26273,35.31047687482222,4,3,8.933531292567231,7,0.11259448121463889,0,0.0,0
26274,53.393345481204065,7,6,18.046523975242224,7,1.0002520020613979,0,0.0,0
26275,51.50809055757972,4,6,1.4944261346259218,7,0.806148637173541,0,0.0,0
26276,39.91601668250081,3,1,20.008457978861962,4,0.317791160137556,0,0.0,0
26277,38.95917405887999,2,6,9.997572442867199,3,0.865731635786382,0,0.0,0
26278,41.446865018458425,3,3,7.569484538936929,5,0.9994776981473291,0,0.0,0
26279,32.31467804006214,4,3,11.217930637902775,5,0.4298223972014761,0,0.0,0
26280,57.524236318507604,5,3,0.35125651047466633,1,0.492592353966289,0,0.0,0
26281,54.720121047263284,4,6,19.688832293411394,7,0.7315277848275602,0,0.0,0
26282,32.901261735177854,2,2,13.550618870100086,7,0.32124258956944424,0,0.0,0
26283,28.234825285450093,3,0,19.541827916897702,0,0.9995943282554547,0,0.0,0
26284,49.28414563753044,4,6,14.560618375515872,7,0.15280298745141707,0,0.0,0
26285,49.72934382175536,3,6,13.926555585229398,4,0.5113446537721515,0,0.0,0
26286,44.98671178577417,3,3,20.862294932467655,7,1.0002291964296852,0,0.0,0
26287,61.759765538130196,5,4,19.990120682028287,7,1.0003217511911116,0,0.0,0
26288,44.253134016566214,4,5,19.26973078604755,1,0.4989905117896053,0,0.0,0
26289,19.169141658099154,2,3,12.188886387237899,3,0.9999828225450178,0,0.0,0
26290,40.616124208838684,1,6,2.7435662594818275,7,1.0000789467972422,0,0.0,0
26291,43.436379214032264,2,1,5.163633087965189,7,0.9230027340349911,0,0.0,0
26292,20.123126111127394,3,2,9.231359557925314,1,0.017645402353070327,0,0.0,0
26293,43.972724350439265,4,2,8.427798121572884,1,0.4014261954945418,0,0.0,0
26294,40.16838288069806,4,2,4.766877154596622,1,0.0,0,0.0,0
26295,46.526644285710155,3,2,11.989335732885731,3,0.45529404737971724,0,0.0,0
26296,24.141414548711463,2,6,7.7845526005582375,6,0.23477339135491976,0,0.0,0
26297,35.92961130947367,3,1,17.121162746573823,7,0.9940468987984301,0,0.0,0
26298,64.32802514841876,3,3,0.0,3,0.5012460430148188,0,0.0,0
26299,14.143033014683144,4,6,0.0,0,0.12593959813608924,0,0.0,0
26300,41.113934133924396,3,3,11.308716333676758,1,0.9995727991060643,0,0.0,0
26301,27.815754325303033,4,6,11.750822237775552,1,0.5534213762942676,0,0.0,0
26302,35.775041148063046,3,1,20.006590665210034,0,0.5618530405747106,0,0.0,0
26303,67.88850582959948,3,4,19.989967201320653,1,1.4775035464378172,0,0.0,0
26304,56.68723964965646,3,4,6.25764790261195,5,1.0000876482844685,0,0.0,0
26305,17.286325565646816,3,2,15.09248075346948,7,0.30518961137760725,0,0.0,0
26306,34.59535612661456,3,1,15.488006266000047,7,0.9998827779513495,0,0.0,0
26307,34.64281703895144,3,3,16.309307458657536,3,0.49721933089457626,0,0.0,0
26308,45.33707711360847,4,3,0.0,5,0.9998913548890829,0,0.0,0
26309,34.02818261815506,5,3,10.707797584947262,2,1.0002194789581988,0,0.0,0
26310,20.703406347805746,1,5,8.965766050066101,1,0.6073453108666352,0,0.0,0
26311,42.41378215907542,4,2,15.25291862807093,6,0.5024458427338682,0,0.0,0
26312,31.22487453093983,3,6,0.24200849417850812,7,0.0,0,0.0,0
26313,51.297098486315264,4,6,12.36759112409457,6,1.1085671948068658,0,0.0,0
26314,23.378868879692007,2,1,10.008615247762368,2,0.49683865376670455,0,0.0,0
26315,34.407425509443925,5,6,6.816682813698287,7,0.9994021968484743,0,0.0,0
26316,48.01855597941075,5,1,15.944175709702815,2,0.9692493484959692,0,0.0,0
26317,50.60700718463815,1,3,9.33707153830043,3,0.9999092140081294,0,0.0,0
26318,61.93960420613837,5,4,19.26069876599753,3,0.9671914305438655,0,0.0,0
26319,29.88663483122631,2,2,7.890882221105034,4,0.8461621150462312,0,0.0,0
26320,42.723760955239534,3,1,8.268366547159854,2,0.6539130820772359,0,0.0,0
26321,35.837355366645795,5,4,19.996869633809197,3,1.0001511954835374,0,0.0,0
26322,47.38579056098429,5,3,13.662525316084144,1,0.3879895176745267,0,0.0,0
26323,50.294551242349144,2,3,9.272209847034215,3,0.9474336330170792,0,0.0,0
26324,43.33154062867496,3,6,11.307275354595891,3,0.5489587299460059,0,0.0,0
26325,53.20604093347518,3,6,20.08998163976473,7,0.9999656262939851,0,0.0,0
26326,21.378568900901133,4,3,11.750103314471811,7,0.12086967257920878,0,0.0,0
26327,22.1690935090816,4,4,7.853880911025678,7,0.378840976385878,0,0.0,0
26328,10.339936428652493,3,4,18.26010704570357,2,0.6171104387619699,0,0.0,0
26329,52.52146208528586,4,2,22.288787279038893,2,0.295187041892333,0,0.0,0
26330,23.475483694232075,6,2,5.602142854180193,3,0.5673574950176495,0,0.0,0
26331,36.99995314702529,2,6,8.49876407116928,7,0.9994372137830936,0,0.0,0
26332,46.71166070534851,3,1,12.989892514933363,4,1.0000290717822522,0,0.0,0
26333,29.05734039564566,3,4,12.6477101442986,6,0.6868805037162155,0,0.0,0
26334,50.40682608747497,1,1,1.3146590006730339,0,0.26641194590930667,0,0.0,0
26335,56.58295305022578,2,2,20.005586795720664,5,0.8835041490982809,0,0.0,0
26336,31.966086256595762,3,3,13.83543935577435,7,0.453842587946268,0,0.0,0
26337,36.48809035867496,2,5,17.499719581390746,3,0.4982766195251832,0,0.0,0
26338,24.394957550811068,3,1,0.0,3,0.5581202539845493,0,0.0,0
26339,52.18633434147008,0,3,0.5872848175277046,7,1.0000429010051954,0,0.0,0
26340,20.503154206869855,4,5,17.386367557447077,3,0.6007645246687093,0,0.0,0
26341,48.67314221010073,4,2,11.213445293629086,1,0.0,0,0.0,0
26342,46.82874636329714,3,2,16.171572439835824,1,0.653566379892306,0,0.0,0
26343,29.46247645081526,6,3,13.432693459606481,4,0.3269265390658882,0,0.0,0
26344,62.45052416401492,4,1,10.101242504245015,7,0.48469114171461114,0,0.0,0
26345,46.73062146900365,4,6,8.183958092711203,7,0.5675168450944951,0,0.0,0
26346,46.60390825628031,3,3,20.005076980746246,3,0.4402168617835555,0,0.0,0
26347,76.9681811150314,2,3,22.144505574574467,2,0.48690017268977615,0,0.0,0
26348,47.53788532443833,4,7,10.736500546258167,1,0.5384765720094781,0,0.0,0
26349,35.12527697610569,3,2,9.46480751814433,6,1.0004491233327077,0,0.0,0
26350,21.927808544750764,4,3,16.27657981653325,3,0.0,0,0.0,0
26351,35.05785028555868,3,2,12.59407210475225,1,0.6106216213251657,0,0.0,0
26352,31.52360885294801,3,1,9.113919465636453,6,1.0001127682488555,0,0.0,0
26353,51.64450246873914,3,3,15.926688039579219,1,0.5033463633921199,0,0.0,0
26354,47.14270588716292,0,1,19.98390840806477,0,0.9629047294157583,0,0.0,0
26355,47.570076754695,3,3,14.646153092290273,7,0.6841905020237115,0,0.0,0
26356,54.028094395595126,3,3,10.38561492026815,0,0.5021263409349626,0,0.0,0
26357,52.046299328939284,3,1,13.557739907304171,7,0.9996857946575197,0,0.0,0
26358,35.59925302157921,1,3,6.015827742614999,2,0.3337327202662462,0,0.0,0
26359,43.706769416727695,3,6,12.380925898602806,7,1.0006178908021581,0,0.0,0
26360,43.66113894576251,3,3,11.742472555528618,5,0.9997885795011454,0,0.0,0
26361,41.48068045959344,4,6,15.705297666816769,7,0.3068834757673081,0,0.0,0
26362,39.15898420615875,6,3,8.213765112947312,3,0.20103553987157713,0,0.0,0
26363,64.95563990093032,3,3,17.447410584786155,7,1.0003141903370385,0,0.0,0
26364,18.43176027282985,3,2,3.9253540400610536,1,0.29230723597859803,0,0.0,0
26365,34.66931245074925,3,7,7.44216979478283,7,1.0001249166458672,0,0.0,0
26366,54.395619198784445,4,1,13.244212581704014,7,0.9999677729299159,0,0.0,0
26367,46.5711683198972,0,6,11.585465984089177,7,1.0000918440708602,0,0.0,0
26368,28.63962746736482,0,2,3.9385883302796953,7,0.8841092605178982,0,0.0,0
26369,30.31219800082183,1,5,13.298787061635656,3,0.9967330120255208,0,0.0,0
26370,38.11182333306135,2,4,13.86336581166279,1,0.962546828626586,0,0.0,0
26371,70.6174147864427,5,4,8.68524771844936,4,1.0002747091329636,0,0.0,0
26372,41.83886097461823,5,3,28.74902429600563,7,0.9997783311670887,0,0.0,0
26373,26.879605011309984,3,3,19.54962861795365,2,0.16718107645964642,0,0.0,0
26374,35.29660770298848,3,3,12.031993425386252,4,0.9961442169973351,0,0.0,0
26375,43.12884994055611,2,3,14.312804195687313,4,0.9995765385246723,0,0.0,0
26376,38.97922215448352,2,1,9.26223331491416,1,0.9993865531288117,0,0.0,0
26377,41.8406480539644,3,7,2.8600194791567937,1,0.16156096257455788,0,0.0,0
26378,52.77934749445285,3,2,6.976739097920814,5,1.0000734659501482,0,0.0,0
26379,58.562867572804045,2,4,19.986964741526528,1,0.9999033440861311,0,0.0,0
26380,30.660421149821524,4,6,11.666228676854827,7,1.0000780099159703,0,0.0,0
26381,27.697732988668324,2,7,0.7204833328340374,6,0.2571416636146435,0,0.0,0
26382,41.710798458150194,3,4,10.74152668389222,4,0.6356873688301754,0,0.0,0
26383,50.77203232382856,3,3,8.250581677079952,7,0.9996435205302894,0,0.0,0
26384,23.617725301950482,2,6,20.21261125708746,4,1.0004524776181947,0,0.0,0
26385,47.822015377487354,3,5,7.0406830138233145,7,0.9999353481376737,0,0.0,0
26386,54.38718478678145,4,3,15.94132818922981,4,0.9393740304893397,0,0.0,0
26387,49.31507758289561,2,3,10.052011647825093,7,1.00013093481614,0,0.0,0
26388,26.26999905665112,3,1,4.446794436765607,0,0.597919306465895,0,0.0,0
26389,32.75924162298101,0,6,19.628048398856286,3,1.000358223949517,0,0.0,0
26390,39.89517431994469,2,1,1.1005512012715393,6,0.5029146567049583,0,0.0,0
26391,48.759896376865406,1,3,10.697889690974405,7,0.999551470496956,0,0.0,0
26392,54.46359801938365,3,4,14.18317102859793,5,0.9991047796597341,0,0.0,0
26393,30.117356531165306,3,5,5.114892836687204,1,0.3192841587398156,0,0.0,0
26394,72.70126954695567,5,1,10.437611681258815,1,1.0004226642125056,0,0.0,0
26395,51.57916132682357,3,6,15.67643034278419,6,0.4709299972991949,0,0.0,0
26396,49.50359834002269,2,5,12.42911705892093,1,0.3218458256853524,0,0.0,0
26397,58.27097208873815,4,6,7.731568607678932,7,1.0003455497614677,0,0.0,0
26398,41.46553984408923,3,1,11.155500384119103,5,0.5026182035214636,0,0.0,0
26399,57.6567436314826,3,5,11.284973700733605,3,0.497192605648914,0,0.0,0
26400,24.17765589617329,2,7,5.408924988293094,2,0.461592266958252,1,9166.39015059368,1
26401,53.20004210166949,3,1,8.86912068983008,7,1.0001612584828588,0,0.0,0
26402,26.88685676082783,2,2,5.650753208337342,3,0.22734904432122277,0,0.0,0
26403,46.581627671132594,2,4,19.99224143467466,1,0.9997839273121385,0,0.0,0
26404,52.172249815711375,4,3,18.89498940295455,2,0.9531267817834455,0,0.0,0
26405,36.9434028919581,1,3,4.92420250334556,3,0.499386702621199,0,0.0,0
26406,34.07437756599306,0,6,3.1530726970585086,7,0.9992663347082749,0,0.0,0
26407,53.87402786315057,2,1,3.895173972725159,2,0.9880599054886932,0,0.0,0
26408,46.23703158278353,2,3,13.044693288048826,7,1.000548411853379,0,0.0,0
26409,47.23706039278615,4,5,5.488581119551937,1,0.5614025048224467,0,0.0,0
26410,35.41420076252288,3,2,14.42017608026123,3,0.5441469357425852,0,0.0,0
26411,56.03084570866471,4,3,8.171006439646721,4,1.0005566005466338,0,0.0,0
26412,41.44998637771862,2,2,22.0615801323954,7,0.9994862500061861,0,0.0,0
26413,23.069960430894028,2,2,0.6896634480706254,1,0.5100819271378054,0,0.0,0
26414,42.97452961896395,3,3,26.740881944248898,7,1.0004105488479726,0,0.0,0
26415,46.42983770391547,3,3,12.94739410563087,3,0.23446128222209822,0,0.0,0
26416,44.01940143642036,3,3,0.8230165967470562,4,0.4006099438830762,0,0.0,0
26417,37.553459134226,4,1,4.569171268595227,2,0.9361688147578378,0,0.0,0
26418,49.68341190061902,1,3,12.054989227722796,5,0.5471145426352997,0,0.0,0
26419,37.114868266312534,3,1,14.25954628161667,3,0.40347960801546556,0,0.0,0
26420,39.14481861096164,3,3,13.0854372224277,1,1.000361456940778,0,0.0,0
26421,39.51516700577862,4,2,10.123098595571832,6,0.9793448350685139,0,0.0,0
26422,22.94299688466244,5,2,6.240706200312198,1,0.18834157553776765,0,0.0,0
26423,23.04428128002724,5,4,19.994245412755074,1,1.0000615677627973,0,0.0,0
26424,44.331913468584546,3,3,14.299680046027314,7,0.06230579800828584,0,0.0,0
26425,59.35582336373318,3,3,11.004365665613028,2,0.9858761243854649,0,0.0,0
26426,51.48522697117851,3,1,19.186256311491455,7,1.0000187648705325,0,0.0,0
26427,17.120745059680544,1,3,9.184740866119306,1,0.473281555607198,0,0.0,0
26428,33.3276439371844,3,3,11.348915577428857,3,1.0001832680476563,0,0.0,0
26429,27.241080179357034,5,2,14.035683915759224,4,0.9637173535021695,0,0.0,0
26430,35.70004146416736,4,6,7.106872254640378,7,0.9999779590191189,0,0.0,0
26431,59.27242933400244,5,3,10.558748553022085,3,0.8030196182339978,0,0.0,0
26432,28.915029923547635,2,6,13.821561454853741,4,0.5304451786846784,0,0.0,0
26433,37.69996379608938,3,1,0.0,3,0.4998555782647229,0,0.0,0
26434,24.831143394611207,2,2,9.245727237287975,6,0.9997272030306046,0,0.0,0
26435,19.264917359713856,1,1,1.3111483900361023,2,0.10517297573872741,1,49583.99447245425,1
26436,32.615710207290704,2,2,0.0,7,0.02565534695518268,0,0.0,0
26437,55.38747883134407,4,3,8.97655439031307,4,0.5002004661992037,0,0.0,0
26438,47.345396028898456,3,5,4.190155968825158,2,0.9997721374324327,0,0.0,0
26439,29.30090846409059,4,3,5.271864615577915,1,0.17940444784312726,0,0.0,0
26440,52.68541646786477,2,3,0.22057999205776824,7,1.0003125518364324,0,0.0,0
26441,53.44177269296349,3,2,7.957938743019851,5,0.39087605137881143,0,0.0,0
26442,59.224305634006896,3,2,16.433012826353206,1,0.9995282994679235,0,0.0,0
26443,43.336624912355106,3,4,19.993948035492288,5,1.000064527472733,0,0.0,0
26444,47.691793733585506,2,1,8.950228814460807,3,0.9541177795838653,0,0.0,0
26445,34.63554225825686,3,1,11.482197425191941,7,0.29037070555109346,0,0.0,0
26446,39.72489826681105,2,6,14.047802179004238,7,1.0000181155586176,0,0.0,0
26447,39.327930354940115,3,3,5.734968509965728,3,0.14705178499774285,0,0.0,0
26448,26.40296681144105,0,6,0.6543091333251496,3,0.35826074126252255,0,0.0,0
26449,49.155015347995544,2,3,7.373713364657851,1,0.3754209488772979,0,0.0,0
26450,32.9858822817676,2,6,14.396497281555678,3,0.28940616292690924,0,0.0,0
26451,33.89503744536809,3,5,10.417025609666553,1,0.9997455046192245,0,0.0,0
26452,48.90569090134638,2,6,2.130378454885056,2,0.6943538971872499,0,0.0,0
26453,38.59931422834735,2,1,14.723296625608716,1,0.698453317785416,0,0.0,0
26454,43.69277171262625,2,2,11.066277719296558,7,1.0001473384596309,0,0.0,0
26455,44.149029969262486,5,1,8.15242911378019,7,0.5288822110862161,0,0.0,0
26456,26.605071004253922,1,1,4.840568075713036,0,0.0,0,0.0,0
26457,34.77198046828863,6,5,7.981109065135983,4,0.19576339162731804,0,0.0,0
26458,27.36943978218831,3,2,15.10574775498734,1,1.0000001130877627,0,0.0,0
26459,15.144020265769285,5,1,6.597010317581969,1,0.0,0,0.0,0
26460,50.62027479275049,5,3,0.0,2,0.5000291690534598,0,0.0,0
26461,58.21048633563557,4,3,9.954169301538984,6,0.5541525524961632,0,0.0,0
26462,25.126456826518652,2,1,0.0,3,0.2239832344847824,0,0.0,0
26463,64.21279813610244,1,6,6.089878624364937,3,0.18196456274950823,0,0.0,0
26464,43.306877966929385,2,6,11.065752105370736,5,1.000105294120348,0,0.0,0
26465,48.55167175755448,3,3,14.369348196527675,3,0.5394823135911833,0,0.0,0
26466,26.18596824456049,3,2,13.534675445393162,1,0.8653642961086958,0,0.0,0
26467,59.713509669248225,3,3,9.857149229855136,3,0.3594266963220097,0,0.0,0
26468,50.71811801507222,4,5,4.649610071871583,6,0.8895459332035799,0,0.0,0
26469,15.898887388984324,2,4,15.352263304007701,3,1.1792666511398235,0,0.0,0
26470,50.43499431042981,1,3,10.7077052391089,7,0.0,0,0.0,0
26471,45.06711163352156,4,3,4.502461292475481,3,0.9623660082825722,0,0.0,0
26472,48.114071535867055,2,3,11.33390349167011,2,1.0005789273812038,0,0.0,0
26473,32.17592384532476,4,5,20.012844002735036,1,0.9999009441212954,0,0.0,0
26474,54.46479619684961,3,4,20.00670368780787,7,0.7832794075286623,0,0.0,0
26475,44.62547603834631,1,6,14.222608714929118,3,0.37831879035110294,0,0.0,0
26476,37.15007104356156,3,1,16.32796484952544,7,1.0000683926835259,0,0.0,0
26477,23.74144901758023,2,6,19.217433870184642,1,0.8965618115960051,0,0.0,0
26478,32.10130664667977,3,3,6.714329614738296,7,0.4191984173418822,0,0.0,0
26479,26.537499968105543,5,3,13.927668593373612,3,0.522001483938964,0,0.0,0
26480,37.777095297947824,4,2,9.771969531929583,7,0.4842168197763731,0,0.0,0
26481,38.3136261212332,3,4,18.28231997932057,7,0.43358557433893413,0,0.0,0
26482,26.599775434958293,3,3,11.674537589650502,7,0.9998676274534616,0,0.0,0
26483,41.12676759285199,3,3,9.81820026572055,4,1.0003007402013084,0,0.0,0
26484,21.84128553810747,5,6,0.0,4,0.47511901209879315,0,0.0,0
26485,61.78404760193651,4,1,23.651847561695575,7,1.0001771434325328,0,0.0,0
26486,29.79532925781293,5,3,1.5756949185749765,1,0.9998865719554594,0,0.0,0
26487,36.300385295669834,2,2,1.1414511402181589,7,0.8671290554175297,0,0.0,0
26488,41.94760093470173,6,2,15.610399571793526,3,0.7384312243264293,0,0.0,0
26489,26.569089427084453,2,6,19.62547598173996,3,0.7309774473357907,0,0.0,0
26490,58.550260040152615,3,3,4.758311634762409,7,1.0005286680436267,0,0.0,0
26491,41.89119337186986,4,6,11.68131333518725,2,0.2729041951968212,0,0.0,0
26492,43.15161727070967,2,2,14.948667264898479,7,0.9509298614015353,0,0.0,0
26493,48.7153352997813,2,5,7.601207985562976,3,0.4981599744823783,0,0.0,0
26494,37.29541036584571,3,6,14.607049575699483,7,1.0001005818857314,0,0.0,0
26495,41.94480240202066,3,6,8.790361755617955,6,0.4188116642137191,0,0.0,0
26496,53.393872841787854,3,3,14.438966340685077,7,0.54153754763434,0,0.0,0
26497,51.261467728670276,2,3,21.13589015116729,3,0.49623468795755277,0,0.0,0
26498,38.804097241509226,2,1,14.889849801396245,7,0.9995715083490448,0,0.0,0
26499,30.573259823742845,4,6,9.41059328225846,2,0.3576644438221225,0,0.0,0
26500,44.48895575825733,4,3,0.0,7,0.43939574307246143,0,0.0,0
26501,44.30404172816876,3,3,20.0007296854857,1,1.0000776040562531,0,0.0,0
26502,32.95102587867752,3,3,19.655746865461488,0,0.2654058937173409,0,0.0,0
26503,37.88719132836321,3,2,19.99282242670234,1,0.10453008944076936,0,0.0,0
26504,47.84638499304572,2,1,19.996971287156903,4,0.9997290203085774,0,0.0,0
26505,57.68794918378619,1,4,5.003819970857498,5,0.3831160759854469,0,0.0,0
26506,29.68457638475504,3,6,7.601396488276251,3,0.9999030464785759,0,0.0,0
26507,62.02268825398014,2,3,16.015483704308753,3,0.9999680695026013,0,0.0,0
26508,38.077894167626525,4,4,6.470766916387838,7,0.9999217838380123,0,0.0,0
26509,46.6146662418685,3,2,18.1805797949396,6,0.6057371389060355,0,0.0,0
26510,69.76069313019708,0,3,18.479429546002606,4,0.49651285365017517,0,0.0,0
26511,69.97568622048732,4,4,5.508112084379556,7,0.9999992149488848,0,0.0,0
26512,56.75490901842619,3,4,4.261330394141543,5,0.24257743512377156,0,0.0,0
26513,33.76838697925697,4,5,16.963698645971377,1,1.3808354219756813,0,0.0,0
26514,63.242448345049944,1,1,8.630268916520569,7,0.7289962517442156,0,0.0,0
26515,57.45072890861111,3,3,0.0,2,0.0,0,0.0,0
26516,39.54452383970369,4,3,27.849883472559572,1,1.0002372674013724,0,0.0,0
26517,53.890092097845326,3,2,5.379864337747573,7,0.9999076377107474,0,0.0,0
26518,57.71466518702529,4,1,19.367487278755974,2,1.000209288232818,0,0.0,0
26519,47.844627322689306,5,1,15.484239544391386,4,0.999480063542918,0,0.0,0
26520,63.720452822745315,3,7,12.806337823122432,9,0.46994868961769165,0,0.0,0
26521,61.48046322656148,2,4,4.969246562902282,4,0.6246626849250486,0,0.0,0
26522,52.44698196714325,1,2,12.046598204625447,6,0.5850950360474291,0,0.0,0
26523,56.897474614997975,3,3,7.873226920121128,2,1.000177024384974,0,0.0,0
26524,38.611294249991865,4,3,17.292773151602503,2,0.8048790049463135,0,0.0,0
26525,28.90230052122783,3,4,19.996641359665293,7,0.41209581983339955,0,0.0,0
26526,73.39228147464772,0,1,4.141903601399767,7,0.989268277454602,0,0.0,0
26527,33.66396350304357,5,6,15.323246395868468,6,1.0000214577506488,0,0.0,0
26528,55.10028062020565,4,6,11.105601388635195,5,1.0004193378987951,0,0.0,0
26529,47.98025113450326,2,2,16.022120713088306,5,0.6182125995406874,0,0.0,0
26530,28.048410560987897,2,4,6.251611955366201,5,0.9181971767540077,0,0.0,0
26531,50.46671671318731,3,3,0.6986655960934645,3,0.4975543476218229,0,0.0,0
26532,44.30911725039467,2,6,5.100908458261392,7,0.1987939732133882,0,0.0,0
26533,66.83254141165634,3,3,9.328711206389983,4,0.5032477632058447,0,0.0,0
26534,31.410071236749545,3,3,8.641599272035805,4,0.9998722057884372,0,0.0,0
26535,53.0909514838982,3,5,13.365294436491906,2,1.0003592512075112,0,0.0,0
26536,35.14912939558819,1,2,11.93109029574971,4,0.3995794786524469,0,0.0,0
26537,46.74657706591462,2,3,19.727741731277725,2,0.49973632911398846,0,0.0,0
26538,57.20505330679426,3,3,16.36077694610102,2,0.9998920144929311,0,0.0,0
26539,58.634990486175326,3,5,11.354243651335793,7,0.9994907757615038,0,0.0,0
26540,49.685489333145775,5,1,14.612845903579398,5,0.8936144174363573,0,0.0,0
26541,52.058917747299716,6,3,12.580243362028929,1,0.17332327818105153,0,0.0,0
26542,56.242245239307586,3,3,13.069351566716641,3,0.9997655512239709,0,0.0,0
26543,34.75557634179602,3,6,8.503596409088685,7,1.000356753937816,0,0.0,0
26544,45.7267059631824,3,6,12.783307219539665,7,1.0002576555343627,0,0.0,0
26545,38.194009233060505,1,2,19.000193151470793,6,0.5948471457962539,0,0.0,0
26546,47.52742042176131,0,3,13.893394872532662,2,0.5006830742027095,0,0.0,0
26547,54.31760541344764,2,3,16.969910204169274,3,0.9998981584463024,0,0.0,0
26548,26.842316544485435,1,6,4.127185554334262,3,0.0038815231654584226,0,0.0,0
26549,44.95109943114841,3,4,6.0298350147230515,1,0.0,0,0.0,0
26550,14.403394660647738,1,7,4.827267266624336,1,0.10319472992373824,0,0.0,0
26551,53.706960644539194,5,6,20.600247807912975,3,0.3362908990696531,0,0.0,0
26552,38.43902952124623,2,1,19.99355821354751,3,0.128279649526584,0,0.0,0
26553,48.21435705064847,3,3,20.911550043637824,4,0.19965079697895521,0,0.0,0
26554,23.91783514189156,4,5,19.991454319706946,1,0.47014837985256314,0,0.0,0
26555,22.576544463112175,3,4,19.99769811074819,1,0.7417167385355077,0,0.0,0
26556,14.374140228247768,4,6,15.598849781285338,2,1.0005026181318435,0,0.0,0
26557,35.495490603448495,4,2,12.306155013278238,7,1.0003298486599057,0,0.0,0
26558,44.40308934517,4,0,12.2116338071721,6,0.8783443834476663,0,0.0,0
26559,48.56222071412073,2,2,10.717908945917014,6,0.5726124602995896,0,0.0,0
26560,37.56948223970084,2,1,16.43619852974914,1,0.9524870671535449,0,0.0,0
26561,35.82567891539494,3,4,21.802657301616485,7,0.8758993189058335,0,0.0,0
26562,24.58700979204523,2,1,10.418754957501598,3,0.16746327685469597,0,0.0,0
26563,38.68232700866654,5,1,17.35741552754645,3,0.9989504692329907,0,0.0,0
26564,45.31355584023018,3,1,20.636739420314015,3,1.000039107780487,0,0.0,0
26565,53.87160550547574,3,3,19.68025330837846,7,1.0000227630939187,0,0.0,0
26566,61.550083445914254,5,1,17.53050521976493,1,0.9305233888150655,0,0.0,0
26567,60.269609769954855,4,2,10.012086239239018,3,0.9921413432881246,0,0.0,0
26568,57.94726024174524,2,3,0.0,2,0.5504858431323592,0,0.0,0
26569,21.66233139230441,3,6,11.21720560646387,5,0.8421965479821721,0,0.0,0
26570,33.750768393663265,3,3,8.118251820361554,7,0.9991688567635582,0,0.0,0
26571,51.7924215219164,3,5,22.986394715006888,7,1.000207340327045,0,0.0,0
26572,26.708626309823416,3,3,8.118151432554209,4,0.33650447138883655,0,0.0,0
26573,54.482678998314924,3,1,4.542863790036995,2,0.5037046895449414,0,0.0,0
26574,37.729303286337014,4,2,8.820628613132712,7,0.37879774641198266,0,0.0,0
26575,37.804507722266514,5,2,6.128311375334746,6,0.9999688526467412,0,0.0,0
26576,49.50069865372663,3,6,6.577360355600923,2,0.7331741794901544,0,0.0,0
26577,40.75133186272155,3,6,5.376924625358132,5,1.0003975451524154,0,0.0,0
26578,41.20060609647173,2,6,9.975503864863812,7,1.000396113952879,0,0.0,0
26579,17.306112811282325,5,4,7.9658307712371075,1,0.99961377595768,0,0.0,0
26580,33.74160712911492,2,6,14.56595364578966,1,1.000113212254262,0,0.0,0
26581,47.250746331235426,0,3,14.292800173010546,4,0.49803512190905386,0,0.0,0
26582,27.63678568209935,3,1,3.8523029908207143,2,0.9997628401264862,0,0.0,0
26583,32.8260664409366,3,6,5.721090477810867,6,1.1199989112008981,0,0.0,0
26584,36.924652812425464,3,4,8.211811710978747,7,0.19356992332657708,0,0.0,0
26585,36.22931942679599,1,1,15.644468602960778,4,0.19835028941845234,0,0.0,0
26586,64.69328354252076,4,6,16.544367191236297,2,0.576037368574343,0,0.0,0
26587,29.189452268638625,0,6,12.861184517835932,1,0.195210465495552,0,0.0,0
26588,45.63585071680787,3,5,15.05619382576775,2,0.999579850877939,0,0.0,0
26589,40.566399716930036,3,3,18.898166365313223,4,0.4994109114561936,0,0.0,0
26590,24.727411811519534,2,1,4.605832945554405,3,1.0003885083975375,0,0.0,0
26591,52.21386537189498,3,1,5.054363894223993,4,0.5383386294150594,0,0.0,0
26592,25.882764799561805,3,6,6.667889829674032,7,0.7417419134088161,0,0.0,0
26593,54.6293690801123,3,1,11.19118606605562,7,1.0001483231719595,0,0.0,0
26594,44.60468051662095,5,3,7.798355553471584,1,1.0000384760686423,0,0.0,0
26595,48.22345471156858,1,5,5.256854062504248,4,0.39032895745980617,0,0.0,0
26596,54.44159977493668,4,3,10.285051153386595,4,0.4957086707357883,0,0.0,0
26597,23.94888332894869,1,3,12.786941850831525,1,0.45758714266372114,0,0.0,0
26598,27.519171383605563,3,1,15.146728562504624,1,1.000223006624101,0,0.0,0
26599,35.395736200827095,3,6,2.681533369590367,7,0.5057649337983255,0,0.0,0
26600,41.37950846754884,2,1,13.726585637067233,2,0.46695789134965693,0,0.0,0
26601,45.53317545983737,4,2,11.565138309452573,7,1.0001906112506391,0,0.0,0
26602,54.983998041742495,4,3,3.3675832859993777,6,0.4170393298927162,0,0.0,0
26603,33.24962069379275,2,6,20.62125611438897,1,1.0004709897137072,0,0.0,0
26604,56.912675559484754,4,2,14.942715627829484,7,0.9997187968801639,0,0.0,0
26605,55.399754924395566,5,6,0.0,7,0.9999665289506594,0,0.0,0
26606,65.18338819532728,3,4,20.004039456375132,3,1.0001543052507271,0,0.0,0
26607,23.162219227035575,4,6,17.257419892265613,4,0.6038646375664289,0,0.0,0
26608,32.059485506166894,3,3,0.0,3,0.39271174335516595,0,0.0,0
26609,63.224335821172865,2,7,19.172442008250336,7,0.0,0,0.0,0
26610,32.538548275804565,1,4,4.365801569142792,6,0.3747977932527315,0,0.0,0
26611,48.45390435500878,3,3,10.123693608571132,4,1.0005012294117357,0,0.0,0
26612,48.9057637665208,6,3,10.424362051893999,2,0.999629257508371,0,0.0,0
26613,24.349308218678004,2,2,10.190221722058782,4,0.1267247117569733,0,0.0,0
26614,58.29830733169407,2,2,10.687991676630393,7,0.6122939363057737,0,0.0,0
26615,48.337383207499585,4,1,6.241446522244172,4,0.4962843612495873,0,0.0,0
26616,36.06981585687947,6,3,10.418809243797037,6,0.49331127492969346,0,0.0,0
26617,52.46682505127774,3,3,19.941338890944124,3,0.9999053997899499,0,0.0,0
26618,43.7270777661171,2,3,0.0,4,0.1776337379969668,0,0.0,0
26619,26.81184741927513,5,2,13.731898058200157,3,0.9632674551049534,0,0.0,0
26620,28.816911736227333,2,2,13.511430414136118,4,0.9971440295987529,0,0.0,0
26621,32.538633403470484,1,2,8.721686789921655,1,0.15271983267047295,0,0.0,0
26622,66.12746251495649,3,1,8.629521351178074,7,1.000005462210721,0,0.0,0
26623,51.0486892017888,4,2,12.539373979433616,2,0.5223359532271531,0,0.0,0
26624,70.30980892989987,4,3,15.174546098189504,7,0.20718713345184014,0,0.0,0
26625,24.710024489594456,3,1,13.056617978737105,4,0.6033493658522506,0,0.0,0
26626,35.10758114122706,3,4,9.614755934030104,1,0.9993293531522958,0,0.0,0
26627,39.08123998409957,2,4,14.793623062239211,1,0.5192636749433887,0,0.0,0
26628,44.73219158128954,4,3,12.192528716826043,2,1.0003500865367334,0,0.0,0
26629,50.95682577082647,2,6,15.038968255358126,7,0.9995274124154181,0,0.0,0
26630,14.161124088462973,3,6,15.51229098097178,6,1.0001854684244986,0,0.0,0
26631,53.986834065898385,3,5,0.0,7,0.3523595041226204,0,0.0,0
26632,19.919811484504603,3,5,15.123138011656556,3,0.07771299069077175,0,0.0,0
26633,17.580337894795623,0,2,13.2149304125278,7,1.0000593337165165,0,0.0,0
26634,37.844680542102346,4,6,8.947443411861258,2,0.9995882121260996,0,0.0,0
26635,22.6094089153779,2,2,3.737230017787958,1,1.0567202631312194,0,0.0,0
26636,41.312462006845756,5,6,5.443800388838759,8,0.9998386370597002,0,0.0,0
26637,32.33945291312086,3,3,6.387475071008455,4,0.5685846540407621,0,0.0,0
26638,16.204884684876546,4,1,17.781808616517317,1,1.0000797213466786,0,0.0,0
26639,34.1705448127014,3,5,14.03377474182128,3,0.9999771719488642,0,0.0,0
26640,40.653233738717915,5,6,16.349692982142468,3,0.5471507383775234,0,0.0,0
26641,41.11724315646631,1,4,3.7801072367216504,2,0.9920279642837122,0,0.0,0
26642,51.85214322728168,3,3,3.176220286062062,7,1.0002944807289644,0,0.0,0
26643,33.681172445782394,4,2,0.7012709978383693,1,0.18655371162129242,0,0.0,0
26644,51.600121616756745,0,6,8.482028386025227,7,1.000098019032242,0,0.0,0
26645,63.49222619002933,1,4,20.00005100146275,7,1.0003710857977097,0,0.0,0
26646,38.69927091942246,3,1,19.99664288185537,6,0.36012858034451145,0,0.0,0
26647,0.0,3,1,4.849439247410666,4,0.6443089915064404,0,0.0,0
26648,53.30963568049738,4,3,5.143476754049344,1,0.21251794011445568,0,0.0,0
26649,37.133009499459185,5,6,16.32911558830348,1,0.9870399244065282,0,0.0,0
26650,37.299651039987324,4,2,4.334223904398747,7,0.7345816760437442,0,0.0,0
26651,37.42363752849768,4,4,19.993619440334435,4,0.4780504040027147,0,0.0,0
26652,51.06094613297344,3,2,18.127846262700974,1,0.9993487321350747,0,0.0,0
26653,79.81452798453518,3,0,0.04966282248170728,1,0.42947851798277514,0,0.0,0
26654,45.17919862702865,2,6,12.245205183785966,2,1.000332980811027,0,0.0,0
26655,30.498493218299323,1,4,19.99290111633007,7,0.8806236317310155,0,0.0,0
26656,59.61544831000388,2,3,14.595666098733311,7,0.877800973273517,0,0.0,0
26657,53.357802420010856,4,1,14.738600456137247,0,0.10775782912689968,0,0.0,0
26658,28.074680560016667,3,2,10.94044733452585,5,0.9781189955791402,0,0.0,0
26659,41.73614953717067,2,1,19.992172012429528,4,0.481609589759739,0,0.0,0
26660,56.34090036534231,5,1,20.766831851049147,7,1.000121390438942,0,0.0,0
26661,64.85861056613243,3,3,3.4804133231134635,1,0.6472513417929897,0,0.0,0
26662,50.33661865715925,0,1,7.573819804926385,6,0.5054921362409949,0,0.0,0
26663,39.4203113012395,1,3,6.259861495179753,5,1.000270585180716,0,0.0,0
26664,49.601677164665446,3,2,13.616533848194956,6,0.9353911072202428,0,0.0,0
26665,51.394906999310614,3,4,22.30238963601552,2,0.6429502519818767,0,0.0,0
26666,36.94884595093185,3,3,9.88465968362723,1,1.0005238033621655,0,0.0,0
26667,38.22031300017679,6,4,4.7624806677535325,7,0.9413229805519643,0,0.0,0
26668,40.111451223147384,4,2,16.241858217961564,1,0.8794771859848544,0,0.0,0
26669,0.809051891377436,1,2,6.561115911887222,1,0.16676949700665222,0,0.0,0
26670,63.837288569456476,5,1,0.801350012061123,7,0.9997385441249766,0,0.0,0
26671,42.44497551752627,2,2,19.97682255918729,7,0.9846553043850281,0,0.0,0
26672,39.128048304545935,3,1,10.147868799304447,7,0.9998110906151566,0,0.0,0
26673,70.31200243979998,1,3,11.913199362307717,2,0.20442757350723068,0,0.0,0
26674,48.90428346371415,4,3,9.046231784923764,3,0.49950604252919406,0,0.0,0
26675,56.325530239233714,2,2,7.220754525820458,1,0.5282082703221531,0,0.0,0
26676,40.57531339322775,5,3,5.32756372379044,1,0.9902963034704194,0,0.0,0
26677,36.16959991331927,1,1,18.803294745743152,3,0.3922192460191296,0,0.0,0
26678,41.94968636369655,4,2,9.148740587679413,7,1.0002863617201552,0,0.0,0
26679,36.49370582711994,1,1,10.789566926508702,6,0.42377254518612534,0,0.0,0
26680,51.59239184347457,3,2,11.024209805766658,3,0.06703545893151597,0,0.0,0
26681,52.31516364379631,2,2,12.04006258936576,7,0.6039653936861851,0,0.0,0
26682,49.28137420338255,3,6,18.329865093720105,2,0.8518930356625295,0,0.0,0
26683,40.79287560023892,4,2,14.418544771201631,1,0.3324002526014723,0,0.0,0
26684,52.653131303878304,4,3,14.500785798596503,2,0.44266557742605905,0,0.0,0
26685,26.093944059694724,3,3,14.96017856766669,7,0.3881419583970351,0,0.0,0
26686,51.80974608088188,4,3,16.55661902832625,1,0.9692699111375366,0,0.0,0
26687,39.615952532817715,3,3,0.14317091818024075,2,0.9996073892684444,0,0.0,0
26688,48.47154142124785,6,3,6.116804306452061,0,0.3093444262354203,0,0.0,0
26689,45.24295526588011,3,1,12.017395107118526,7,1.0000491892439523,0,0.0,0
26690,30.987210273718617,4,6,19.087911735218672,3,0.7651840597081926,0,0.0,0
26691,21.458519120309667,2,5,12.290517695954573,4,0.14813193973107797,0,0.0,0
26692,33.31210840302762,3,5,15.105868519608896,2,0.9998410232358695,0,0.0,0
26693,51.641187402895554,3,2,21.15376436318252,4,0.33667483652488095,0,0.0,0
26694,46.9588625251114,4,3,7.760355752446818,1,0.9994298439467171,0,0.0,0
26695,46.82051330467621,2,6,10.280858202400609,6,0.9995287384485614,0,0.0,0
26696,45.596141567698965,1,3,13.672475262343712,7,0.9998329799697352,0,0.0,0
26697,63.36328007527178,4,1,17.23199734801051,7,0.8806547724251793,0,0.0,0
26698,61.84417108686749,2,2,8.8834015659753,2,0.7288001268704353,0,0.0,0
26699,14.054419887717398,4,3,5.546405531121321,4,0.9997397234534708,0,0.0,0
26700,61.1065654202919,4,3,2.1986058571580873,7,0.9996794061756089,0,0.0,0
26701,46.12808665661264,2,6,20.001731883888894,7,0.966924770455341,0,0.0,0
26702,31.38261268793688,2,2,19.993778338386782,7,0.45784560043654343,0,0.0,0
26703,41.03004307148188,3,6,13.62226146611258,9,0.9999504745675838,0,0.0,0
26704,49.4023473954359,3,6,14.354404042363313,4,0.9994899874906222,0,0.0,0
26705,64.3579132089809,3,3,5.704282225267767,3,0.5000317135680807,0,0.0,0
26706,37.67361675172357,3,2,4.6596208782494575,1,0.298802222617216,0,0.0,0
26707,72.38392948671643,4,2,0.49790519885007,7,0.615418743722235,0,0.0,0
26708,66.93357661237258,3,3,0.0,2,0.999711548756516,0,0.0,0
26709,51.558584094988326,2,6,15.734415657249233,3,0.9992810920535979,0,0.0,0
26710,29.943260431927925,4,3,5.766375720560769,1,0.09483132308909736,0,0.0,0
26711,28.51573957976676,3,3,14.043867378144927,3,0.18176695145359612,0,0.0,0
26712,34.048082129432025,2,6,14.437699815235321,4,1.000130110721805,0,0.0,0
26713,46.597051882587216,3,1,20.865984666369492,7,0.9996459575898942,0,0.0,0
26714,39.75995773159762,3,1,16.634984029645334,3,0.06781031146600658,0,0.0,0
26715,66.17859261822913,3,3,7.962935348978453,1,1.000399274666071,0,0.0,0
26716,55.18790744071793,4,3,9.143074556994613,3,0.999787760609838,0,0.0,0
26717,40.441280187500126,4,3,11.341480424498982,2,0.2931897558084063,0,0.0,0
26718,19.418175245627257,2,1,4.685094231856199,6,0.5026162429142615,0,0.0,0
26719,48.82138660716629,3,1,3.8768319793881094,7,1.0001505256577732,0,0.0,0
26720,56.82572464281985,1,5,16.791789246296815,5,0.4994127761640893,0,0.0,0
26721,56.7384442181753,2,3,7.910074237425,6,0.9154407315748032,0,0.0,0
26722,60.24260450331355,3,1,15.582803398074894,7,1.0005457738071808,0,0.0,0
26723,30.659913698462077,3,3,0.0,0,0.9995262556610716,0,0.0,0
26724,48.89239948936052,2,4,19.992760327853,1,0.6350704988193268,0,0.0,0
26725,37.759956465682556,4,2,5.554686249360708,5,0.40922105931848507,0,0.0,0
26726,42.746256275906376,3,3,8.067277498147151,1,0.11646377270694697,0,0.0,0
26727,50.53781200400712,3,5,17.905999330604523,1,0.5991557217372749,0,0.0,0
26728,19.46110892790418,4,4,19.99909275782136,7,1.0003923738550864,0,0.0,0
26729,42.47895632985339,2,6,9.052638331807394,0,0.5171423814287635,0,0.0,0
26730,36.142383676132454,2,4,6.08324157895201,7,1.003224924500716,0,0.0,0
26731,45.82994525052691,3,3,17.984210284960202,2,1.0003763013658917,0,0.0,0
26732,42.04261836072732,3,2,6.647596164971483,1,0.0,0,0.0,0
26733,26.676995626654765,2,2,6.217477520093224,4,0.38062426569808044,0,0.0,0
26734,44.6207797389248,3,2,7.0731387327206745,7,0.16610766867319027,0,0.0,0
26735,61.57811804829907,1,2,8.655142002780511,7,0.9999194896896442,0,0.0,0
26736,35.34351280715005,1,1,11.216807061194388,3,0.49702117474809915,0,0.0,0
26737,42.01540332991733,3,6,9.995827063579558,4,0.982568647037484,0,0.0,0
26738,57.46881698102662,3,1,12.962074737867079,7,0.9997556050818733,0,0.0,0
26739,40.10775287218947,2,1,10.888818952179909,3,0.6621733319372817,0,0.0,0
26740,44.21176717617804,2,5,15.662126405362375,1,0.0,0,0.0,0
26741,46.16766308256742,3,2,18.19269633086617,7,0.042316079226672354,0,0.0,0
26742,30.077151143135666,2,1,3.973441819480777,4,0.38809631102270425,0,0.0,0
26743,49.464712727198936,3,3,7.466635487982027,2,0.9008570568931522,0,0.0,0
26744,34.11636809605915,2,6,18.9644519811446,7,0.9998598839039486,0,0.0,0
26745,17.726360185772467,3,4,11.374712786147674,6,1.0002148338835402,0,0.0,0
26746,60.202062057016434,3,4,3.563427589190269,1,0.1292455129437312,0,0.0,0
26747,31.39528084017458,2,3,20.010059761807348,1,0.9995074821188739,0,0.0,0
26748,55.94683068245771,4,5,17.855761789516208,1,0.4079247126190941,0,0.0,0
26749,46.97876689819564,2,6,3.700486605021074,5,0.3731952813208525,0,0.0,0
26750,35.61375524352081,4,2,14.878936880334868,1,0.9996518377256676,0,0.0,0
26751,29.541580090864663,0,3,11.4430092659026,7,0.14985943083003272,0,0.0,0
26752,46.89246448347504,4,3,24.968478512548472,7,0.49980282927346253,0,0.0,0
26753,36.829933680530814,4,3,11.127411949449797,2,1.0003866086877728,0,0.0,0
26754,53.4622536892539,2,4,19.998684008476616,7,0.9998352284482803,0,0.0,0
26755,21.517669470741573,4,2,6.164743299958296,1,0.4191219621959722,0,0.0,0
26756,44.6730852840893,1,6,6.420698325851026,6,0.7242050028882968,0,0.0,0
26757,55.08541726514497,4,3,15.843752984722403,7,1.0004201945668205,0,0.0,0
26758,70.41943908935718,3,3,10.307747942261443,7,1.000282741363716,0,0.0,0
26759,38.34009082607815,3,3,12.749693784513587,4,0.6012341489782098,0,0.0,0
26760,46.41459602626978,2,5,18.73552555532349,2,0.2900478798312852,0,0.0,0
26761,39.1911811407098,3,1,7.954134824290289,4,0.4989501746724834,0,0.0,0
26762,41.70734990446446,5,1,9.321561834673748,7,0.999614838051224,0,0.0,0
26763,64.50911871754143,5,3,3.162657251435369,3,0.4988614839861343,0,0.0,0
26764,52.249618285766445,3,2,16.716972056325282,1,1.0005824807439199,0,0.0,0
26765,48.23471422009629,2,3,18.589751474896246,4,1.0002041632579544,0,0.0,0
26766,25.923930828556962,1,3,6.355744233548367,2,1.0001759061179099,0,0.0,0
26767,33.903372151604295,5,3,9.103545453879583,5,0.10433563196902318,0,0.0,0
26768,57.461751362355265,4,5,16.535791891478098,2,0.8464811282147077,0,0.0,0
26769,46.25768264509945,2,6,20.772410707317363,7,0.9997905037017876,0,0.0,0
26770,35.04040037827733,5,3,9.205715138605726,7,0.49292588433398943,0,0.0,0
26771,47.41915637438832,2,6,14.678762071806531,7,0.23470740037127907,0,0.0,0
26772,43.58864191214294,4,2,15.71322021158656,7,0.9999652456911814,0,0.0,0
26773,46.775933849677,3,5,13.123529774397502,7,0.9994377924568827,0,0.0,0
26774,26.152589958712834,3,4,8.29866338940387,2,0.8700513163522124,0,0.0,0
26775,33.22286165641353,3,6,13.935867505440509,3,0.9999247082713564,0,0.0,0
26776,55.967231279599176,3,6,16.625472997394844,5,0.8050650176049254,0,0.0,0
26777,25.407883087524215,3,4,9.677669500524253,5,0.9365478024645987,0,0.0,0
26778,45.0750023695289,4,2,12.68980162232362,1,0.4178267996657802,0,0.0,0
26779,52.37135290597982,3,6,14.232162159170397,7,1.0000019866891687,0,0.0,0
26780,51.195471921568064,3,1,10.441358775132612,7,0.9167248850755236,0,0.0,0
26781,43.05081443700352,1,4,6.206926481930796,1,0.998688842701142,0,0.0,0
26782,55.52473542364845,2,3,14.546942614381095,2,0.4967757351585259,0,0.0,0
26783,40.59424373392878,0,3,12.680272307419617,2,0.7096336961078158,0,0.0,0
26784,43.32832741018124,2,2,10.099354158555304,3,0.9739662695780598,0,0.0,0
26785,57.54197934987941,7,5,12.562490898995524,7,0.5569542547221067,0,0.0,0
26786,31.008638566188964,1,1,18.550879854417428,1,0.9569236554981424,0,0.0,0
26787,68.51921387919126,4,1,19.998045975261896,1,0.6696358281408089,0,0.0,0
26788,58.688463415060866,4,2,13.692707036045652,2,0.00365877585983565,0,0.0,0
26789,55.13695595125267,3,5,13.135678327020557,1,0.36709014542426416,0,0.0,0
26790,54.220840871091774,2,1,23.694031400772356,7,0.9996487781015169,0,0.0,0
26791,42.12421655683924,2,2,15.831332545455957,7,1.0001810400121809,0,0.0,0
26792,42.773570690676905,4,3,6.747668578463196,7,0.47854544094705953,0,0.0,0
26793,58.37020453087098,3,2,21.881541509866985,6,1.000245410912106,0,0.0,0
26794,40.999078926929464,2,3,2.7189607311583988,4,0.8988879602424463,0,0.0,0
26795,30.101754579344817,1,3,3.6766846391806816,2,0.8761078594203531,0,0.0,0
26796,39.28101125895505,3,4,16.934024378089827,7,0.5150182084284365,0,0.0,0
26797,31.32031900529976,3,6,17.197217091470257,6,1.0008360293922531,0,0.0,0
26798,37.3072071744908,3,3,7.195542668153836,3,0.9998161594324511,0,0.0,0
26799,25.499157100164314,3,3,6.959498825091263,4,0.030636152544750717,0,0.0,0
26800,22.770405790957216,2,1,13.321873166353189,0,0.18988794093062522,0,0.0,0
26801,45.73252054053358,4,4,3.7747346673475635,7,0.2566518001530685,0,0.0,0
26802,23.802049114419255,1,3,10.628570433157941,3,0.43824405090539464,0,0.0,0
26803,58.513050108049555,3,5,3.0967031413887476,5,0.36992373476756724,0,0.0,0
26804,62.25075175796416,3,6,19.92451977543041,3,0.8051587154467109,0,0.0,0
26805,52.16945632083405,4,5,12.268793828551606,3,0.5005297058271901,0,0.0,0
26806,53.70113718648967,3,3,15.386195214553311,3,0.5002195732497579,0,0.0,0
26807,46.569099623732086,1,3,21.309759423802767,7,1.0001697010610688,0,0.0,0
26808,60.32785973902421,2,1,13.211546689018352,3,1.0003926974915727,0,0.0,0
26809,39.52227735065386,2,3,3.6097185945786103,7,0.5830473578283334,0,0.0,0
26810,53.072870646200904,2,5,11.701825699703262,7,0.9544170542417499,0,0.0,0
26811,41.166934299187126,1,2,12.534930117397009,7,0.7797057039392776,0,0.0,0
26812,40.96378983369674,1,3,10.075825221063836,4,0.9273697031590794,0,0.0,0
26813,29.638232684406027,3,3,2.239235303984639,2,0.6314061507649813,0,0.0,0
26814,32.04193092391392,3,7,6.590904704934421,1,0.0,0,0.0,0
26815,39.566656639678186,2,2,17.352693014991985,5,0.6169980042484972,0,0.0,0
26816,9.802857081758667,1,3,0.479186719327787,3,0.5667803196149883,0,0.0,0
26817,53.55756619556736,1,2,4.885243487410644,7,0.14096470909393133,0,0.0,0
26818,44.841036822783444,2,1,11.34084052474585,3,0.49846559289221204,0,0.0,0
26819,32.56169326195946,4,6,12.80377975490835,2,0.25710573956758603,0,0.0,0
26820,50.84621501790764,3,6,0.0,6,0.7951960396219199,0,0.0,0
26821,53.851377298988254,4,3,12.751869825951976,5,0.9997956061134821,0,0.0,0
26822,50.87641125270746,5,3,17.114764612937712,1,1.0000970802186855,0,0.0,0
26823,72.06066981324582,4,1,8.513832760439243,4,0.28946454267743904,0,0.0,0
26824,44.29838670303105,2,4,13.377538342316145,8,0.3789763014898238,0,0.0,0
26825,51.73478321309039,1,3,2.949906818220068,7,0.9999845047659817,0,0.0,0
26826,41.45086456031123,5,6,14.902041029416727,4,1.000388811697062,0,0.0,0
26827,50.62123618524218,1,5,11.57621021328767,0,0.41710150616123554,0,0.0,0
26828,33.13079865279475,1,4,2.6028228133591806,4,0.185451312256125,0,0.0,0
26829,47.64599595101494,5,6,11.916611031128937,1,0.9184373478678771,0,0.0,0
26830,52.95860058580285,2,3,9.015287792456888,7,1.0002105368560965,0,0.0,0
26831,16.007323643035267,1,3,0.44260047239153977,4,0.5491109813812212,0,0.0,0
26832,50.6304550096889,4,3,21.85838148789599,6,1.0000000103201134,0,0.0,0
26833,45.653020782392964,5,2,16.15358301800683,7,0.668593172027549,0,0.0,0
26834,29.417679883501172,4,6,1.9920439882220151,2,0.7985723079099573,0,0.0,0
26835,59.69682172163896,3,7,0.0,7,1.0001022328300602,0,0.0,0
26836,58.12928486522808,2,3,22.254782928652496,4,0.9999901533825931,0,0.0,0
26837,30.905100418238682,3,1,10.877696359850537,4,0.49970858653494393,0,0.0,0
26838,45.74560090509198,1,3,7.789414676950617,3,0.40202882959767205,0,0.0,0
26839,41.942158903026495,4,1,22.620646670471146,6,1.0000154131031334,0,0.0,0
26840,40.77162361524505,2,4,19.99383646591722,7,0.7074620316805005,0,0.0,0
26841,56.56257747518203,2,2,16.20001227346551,7,0.2397800904035241,1,260.4345830589876,1
26842,57.07646232023465,4,3,17.18901996499199,1,0.10969764327143716,0,0.0,0
26843,36.89934919344296,3,1,16.894615717242658,1,0.2403822515822801,0,0.0,0
26844,69.58361302987356,2,3,7.22905599107267,5,0.5055142266607093,0,0.0,0
26845,26.867242041106643,3,3,4.428294453568061,6,0.4280096651427904,0,0.0,0
26846,20.521440301858785,3,4,7.8628770157379755,2,0.7124193703259786,0,0.0,0
26847,50.91428793317332,4,1,20.00300810403074,5,0.6227985208849744,0,0.0,0
26848,52.50017497250157,3,6,10.216643180081117,5,0.9995972289201951,0,0.0,0
26849,60.281386822497744,3,4,11.13833290070482,7,0.7959646021772906,0,0.0,0
26850,57.03681137296002,2,1,14.293788680363008,5,1.0001502941762812,0,0.0,0
26851,53.7455630443472,4,4,14.573803910055743,2,0.6245097267541143,0,0.0,0
26852,40.532016612949704,3,5,16.113012653421027,4,0.5006512556588414,0,0.0,0
26853,32.93188242545101,5,5,5.45327350150882,1,0.3030414352616642,0,0.0,0
26854,24.14230516300049,5,2,16.41178861872591,4,0.45859761751163947,0,0.0,0
26855,51.101846407201165,0,3,9.996702343666383,7,0.8428331664328105,0,0.0,0
26856,47.73450230889429,1,6,10.684099255339486,3,1.0001634918408036,0,0.0,0
26857,31.641878450755733,3,7,8.980691546872535,6,0.42983915145258944,0,0.0,0
26858,33.67381856185929,3,4,0.2209629091519414,4,0.7084538909680452,0,0.0,0
26859,53.93227899156246,5,1,15.466092922643405,7,0.6463501520063375,0,0.0,0
26860,52.95006090511681,2,2,22.677696234690217,7,1.0001612193617522,0,0.0,0
26861,29.926717100147865,3,1,11.231828663075959,2,0.48727502055191596,0,0.0,0
26862,35.30172605314357,4,3,9.22728243982161,3,0.5027386400274666,0,0.0,0
26863,45.65615431693113,4,6,16.27707900852198,3,0.781172209976551,0,0.0,0
26864,67.31620747111822,4,1,0.0,6,1.0471978068682226,0,0.0,0
26865,42.09247335719334,3,2,7.477575020433854,7,0.310130969826414,0,0.0,0
26866,39.45343559787005,2,3,19.99680511646219,1,0.9995205680830572,0,0.0,0
26867,41.507981388245405,3,1,19.993490189981426,1,1.0006121792027325,0,0.0,0
26868,20.37406337679253,2,3,0.22742020758335002,3,0.5203448538547863,0,0.0,0
26869,59.773992524817466,5,1,27.676418179000795,7,0.9998444843457928,0,0.0,0
26870,58.3253510799914,3,4,7.559950456057608,4,0.43492840307541497,0,0.0,0
26871,56.01797913079462,3,1,16.71548815092047,4,0.9463444437967905,0,0.0,0
26872,57.83826159684432,4,2,7.78440917804302,7,1.1073857891843817,0,0.0,0
26873,47.198709757609244,3,6,13.988377282245622,3,0.4899910247259369,0,0.0,0
26874,46.13752585261528,3,5,15.182697351888738,2,1.0000267176228115,0,0.0,0
26875,51.19630123460319,3,4,12.108835834304235,3,0.9863159174275897,0,0.0,0
26876,55.8462565228525,3,2,13.295041969289876,7,0.7236491788124388,0,0.0,0
26877,60.70486373331368,3,1,17.558207713076236,7,1.0000055585029388,0,0.0,0
26878,39.58410597013247,1,4,12.83887477837277,6,0.061481185198024035,0,0.0,0
26879,47.83889652622745,5,6,6.280917030225204,6,0.174007399597233,0,0.0,0
26880,36.28011976475469,2,6,1.7527346959272876,7,1.000362986110983,0,0.0,0
26881,37.23193313193933,1,3,4.015421885517548,4,0.21759251140558045,0,0.0,0
26882,37.211307099534075,0,1,8.315541449490206,4,0.6240511738166445,0,0.0,0
26883,63.00715106288338,1,3,15.210428785755639,2,0.9998858195970681,0,0.0,0
26884,41.91803938921922,3,2,12.078178762961802,4,0.949399218922315,0,0.0,0
26885,61.054849491144665,3,3,20.774298538093383,7,1.000014562234884,0,0.0,0
26886,43.021920556497676,1,6,18.250090414363505,4,0.3346057364318422,0,0.0,0
26887,22.48515493848221,3,6,8.717448255758773,3,0.0,0,0.0,0
26888,40.04214261280271,0,1,5.424763173601284,5,0.3355212771085124,0,0.0,0
26889,36.09444433845336,3,3,0.0,1,0.9996337892774849,0,0.0,0
26890,41.14235984707715,4,5,14.690621706943888,3,1.000143512429158,0,0.0,0
26891,42.16696210946952,3,2,12.30969803128124,6,0.9998212047067707,0,0.0,0
26892,20.545680706070684,3,2,3.556292664046012,2,0.7378419542870811,0,0.0,0
26893,31.627114504750523,5,3,3.9822214749152156,5,0.9279842926503244,0,0.0,0
26894,36.17290322303774,0,6,10.325617683150442,6,0.2354967026522496,0,0.0,0
26895,30.228847851000193,3,6,15.085526765946204,2,1.000073430405987,0,0.0,0
26896,32.692536262900894,5,6,10.949911524273102,7,0.37404185800731904,0,0.0,0
26897,48.356122003843396,4,3,5.543207112395472,3,0.9996675835288866,0,0.0,0
26898,77.24347114094859,2,3,8.380271078726846,5,0.4975772143197832,0,0.0,0
26899,14.266599537404478,4,6,13.348962992203115,6,0.7553806318555348,0,0.0,0
26900,32.04917486124911,2,1,7.85856543402743,4,0.5580106668474691,0,0.0,0
26901,65.04349614851857,3,4,21.346598157950524,4,0.9991312716924254,0,0.0,0
26902,52.64715408295005,3,1,20.588300844005783,2,1.0001915311889207,0,0.0,0
26903,29.23019323408644,6,5,14.607199783692717,6,0.39566722079063177,0,0.0,0
26904,66.13405274354673,2,5,0.9266225514283413,7,0.9143603788988155,0,0.0,0
26905,46.37118904415928,3,1,3.0075658229461446,3,0.2521860071901021,0,0.0,0
26906,44.80169746539131,3,4,19.992641862827732,1,1.0002053763239922,0,0.0,0
26907,51.48893350900799,3,1,16.801734343815234,4,1.00055824810716,0,0.0,0
26908,40.10352097667603,3,1,8.364564674737972,7,1.0001950145064427,0,0.0,0
26909,70.1799572196476,3,4,19.99362503349556,1,1.0543585181895867,0,0.0,0
26910,60.3233322769848,2,5,17.95476062107273,7,1.000158087094605,0,0.0,0
26911,26.27554972194049,4,6,7.076954210940815,4,0.6194882051933596,0,0.0,0
26912,28.7118928768816,2,1,8.108922612458946,2,0.9997618268901304,0,0.0,0
26913,65.33834198288042,4,6,10.451245281146456,7,0.43575232039994233,0,0.0,0
26914,39.88517914228903,1,6,13.292800721176835,5,1.0099705160191512,0,0.0,0
26915,32.46741477871859,5,6,15.397901458190017,5,0.9746381658241159,0,0.0,0
26916,55.427892310876054,3,6,16.421996166749242,4,0.9997534907145771,0,0.0,0
26917,51.98615686111352,2,3,7.726481420173453,5,0.0,0,0.0,0
26918,42.28570100577693,2,5,14.706554822081797,3,0.49909956255282056,0,0.0,0
26919,30.85406526291102,0,6,18.59852650512099,6,0.3498322431629028,0,0.0,0
26920,63.33210906120027,3,5,17.294710209655612,3,0.9997420584504834,0,0.0,0
26921,43.774297405735496,2,6,13.749256326932793,1,1.0317718727411513,0,0.0,0
26922,61.707194066996145,4,6,12.79241822677996,5,0.9995700005094337,0,0.0,0
26923,40.86875558967972,3,5,15.058532561100098,3,0.26664599189168836,0,0.0,0
26924,26.828767989683445,1,2,17.84211002308176,2,0.44684829345623395,0,0.0,0
26925,53.16255438071451,3,2,16.173219624751727,2,1.0001463672316921,0,0.0,0
26926,42.23450020771386,4,4,12.788808034947975,5,1.0000429863475402,0,0.0,0
26927,55.82763180998026,1,5,6.719821767639263,5,0.6958232315286803,0,0.0,0
26928,35.24085918852833,2,1,0.0,7,0.5386152745040803,0,0.0,0
26929,38.45854240752224,5,3,11.082096243639597,2,1.0002482108337456,0,0.0,0
26930,48.67663482949307,3,3,22.513067231079063,4,0.6634982476326631,0,0.0,0
26931,24.664295891040094,3,3,15.646506898458291,1,1.000176158127212,0,0.0,0
26932,41.05410426590287,5,1,3.420505828674802,5,0.9362537746500863,0,0.0,0
26933,42.797924128995724,2,6,6.502932908089002,3,0.4698393919283411,0,0.0,0
26934,59.71972852383378,4,3,30.536228783142295,7,0.4613793563706616,0,0.0,0
26935,50.498360525429234,3,3,3.617919174101588,3,0.1799352030012008,0,0.0,0
26936,60.83452443556536,4,6,11.816895838057286,4,0.0,0,0.0,0
26937,42.47034382550133,4,6,14.040904552990252,6,0.46348094218694946,0,0.0,0
26938,31.229578591771094,5,6,13.963695013673298,7,0.3122222338762628,0,0.0,0
26939,62.61018390867748,3,5,18.984939709024147,7,0.41286986608311543,0,0.0,0
26940,45.87755963002161,2,5,15.525472969091071,1,0.6227186242147317,0,0.0,0
26941,55.556155330704094,5,5,16.685090795922342,5,0.9998298319709644,0,0.0,0
26942,58.8868540356041,3,1,8.386494899393822,7,1.0000502446810162,0,0.0,0
26943,33.28351525681795,3,1,6.08605589145005,2,0.21415844418723373,0,0.0,0
26944,36.81927133364211,4,2,0.0,7,0.7003315281428466,0,0.0,0
26945,32.33788345202032,3,1,2.849503552532264,0,0.32930289735717755,0,0.0,0
26946,34.47145494422937,2,1,5.314974931981468,3,0.9804128489979237,0,0.0,0
26947,48.53519429087299,4,3,6.926509913454417,2,1.0003268594958252,0,0.0,0
26948,53.891445199419124,6,1,4.9542004649604205,7,1.0011803808480184,0,0.0,0
26949,49.28619832161643,3,1,12.23666179046637,7,1.0002131511225767,0,0.0,0
26950,40.25428750725344,2,1,3.6927693534037447,3,0.5029211279771375,0,0.0,0
26951,34.835893755264244,3,2,10.53168510435068,1,0.0,0,0.0,0
26952,61.167318365637506,4,6,2.3022471927665684,4,0.5126876112264742,0,0.0,0
26953,45.91213904433534,2,1,12.69339679736676,1,1.0004952942653222,0,0.0,0
26954,41.10964323640874,4,3,4.914574611621077,5,0.9998130898116466,0,0.0,0
26955,60.32426529781796,1,4,12.549277240450213,4,0.1673346235775688,0,0.0,0
26956,45.84963241688322,3,4,12.33745758808672,7,0.5321272421893332,0,0.0,0
26957,45.78073091710549,1,3,15.457612153733542,7,1.0002194422855282,0,0.0,0
26958,53.23323367528859,3,2,11.111807265155413,1,0.999837290820449,0,0.0,0
26959,29.02700424039469,4,7,9.070952524839566,6,0.9391158532517669,0,0.0,0
26960,25.065124018706236,3,2,3.5742465800126446,4,0.9454169473745417,0,0.0,0
26961,37.38621398450978,4,5,9.193240814004497,3,0.49808226838567793,0,0.0,0
26962,50.97293765826646,4,3,0.0,4,0.5083037119944498,0,0.0,0
26963,24.371454615451917,1,7,0.0,1,0.28106129489857956,0,0.0,0
26964,61.69289627954045,4,6,20.47595850510053,3,0.9997706934637176,0,0.0,0
26965,65.5805938378429,5,3,13.483090600719489,4,0.49734656424420276,0,0.0,0
26966,23.029670505422878,3,5,3.504968315305633,6,0.6287717647158614,0,0.0,0
26967,46.822547438802275,6,1,15.085168329394007,2,0.3017619772058436,0,0.0,0
26968,48.41037948767317,1,3,13.051318894657646,6,0.9175557318920402,1,4891.64679535151,1
26969,56.56086515441584,2,2,1.554400258736635,7,0.4898380380241226,0,0.0,0
26970,68.88226872152867,3,4,20.00474501263428,7,0.9999816156373298,0,0.0,0
26971,36.5427908440092,3,4,19.268482362204395,1,0.8462387596686867,0,0.0,0
26972,42.676051796854516,1,6,15.902469156873433,4,0.7990493362924797,0,0.0,0
26973,54.697458361614835,2,1,6.882318552911571,3,0.5039815252865409,0,0.0,0
26974,61.135037828093985,4,2,20.00584827979079,1,0.5030367404199788,0,0.0,0
26975,43.954717300991355,5,6,15.174349119469596,6,0.6926220367492402,0,0.0,0
26976,21.107344314900363,4,4,6.1761643765538725,7,0.6431376459783271,0,0.0,0
26977,52.023055376729474,3,1,15.094537138737865,7,0.6468867397182935,0,0.0,0
26978,55.337928183936214,1,6,3.1338691273039165,7,0.8121993517821127,0,0.0,0
26979,26.445024376134413,3,6,17.438964898670235,4,0.6881696372055827,0,0.0,0
26980,39.985982456208426,2,5,19.79184983025482,5,1.0004384161565807,0,0.0,0
26981,39.54515970830792,2,3,14.449122866102474,4,0.10121510393132793,0,0.0,0
26982,39.038581216573554,2,2,13.891192890649005,6,1.0002640585717342,0,0.0,0
26983,35.40030455497218,3,5,0.0,3,0.4970332787308379,0,0.0,0
26984,53.41819402266233,4,6,15.523715680045369,7,1.0000077850525608,0,0.0,0
26985,51.67675592510952,0,1,7.686797314063503,2,0.9521460377951523,0,0.0,0
26986,66.90999078999191,8,1,13.943734627189565,7,1.0000826807442422,0,0.0,0
26987,33.3176501394525,5,6,3.1028122781673098,7,0.6303308555008226,0,0.0,0
26988,49.94499321229843,4,6,14.835622713024115,2,0.2741747164037518,0,0.0,0
26989,48.06026572281154,4,3,3.936180809529761,7,0.9993922055017126,1,4490.515806070928,1
26990,25.68488719223893,4,3,1.2063954169663216,2,0.5070823777557973,0,0.0,0
26991,21.84875261844166,2,2,4.295318932736808,3,0.20895644727795626,0,0.0,0
26992,26.36192695918011,3,3,3.7118558438723035,3,0.08552455113803448,0,0.0,0
26993,16.86696471148605,1,3,10.602674164993534,3,0.3049787793031678,0,0.0,0
26994,28.781189934624948,1,6,8.586767651480361,4,0.9110376385593492,0,0.0,0
26995,39.66747475430491,3,2,10.978611226086493,1,0.1735214202247366,0,0.0,0
26996,39.82781294413218,2,4,20.000353118311068,1,1.0000484522864892,0,0.0,0
26997,47.3715735765125,4,4,20.003020209878407,2,0.5005340368334219,0,0.0,0
26998,29.449846805369127,3,3,8.381579572842703,7,0.7102564514055099,0,0.0,0
26999,46.676770605162886,3,6,14.881327690571279,7,0.9994996539292971,0,0.0,0
27000,61.53451443483816,5,6,16.228194919553363,3,0.3992767841762304,0,0.0,0
27001,46.18284698856566,2,5,12.605722947857384,7,0.9893596307913346,0,0.0,0
27002,48.59278076034108,3,3,18.732604672402356,2,0.9232021291350287,0,0.0,0
27003,24.23350658382512,1,6,2.667304863171802,5,0.47921976224031126,0,0.0,0
27004,30.104579284994934,4,1,20.00624875712371,2,0.0,0,0.0,0
27005,52.06210607157127,2,2,11.082063396002395,3,1.014245025058719,0,0.0,0
27006,23.88684089325538,3,1,0.0,4,0.9872582468083577,1,6421.444611476762,1
27007,39.50733082198502,1,3,6.459648867599154,3,0.975438775721078,0,0.0,0
27008,48.564626798805776,3,3,0.0,7,0.9998788734649516,0,0.0,0
27009,37.895097667527935,5,4,19.999115297844902,7,1.0461751608202645,0,0.0,0
27010,36.546466089885705,3,6,17.42315136189576,0,0.43514690378417437,0,0.0,0
27011,58.53619555905064,4,6,15.975151821221978,6,0.8405566743084307,0,0.0,0
27012,19.408420261092168,2,1,17.379677896018404,0,0.9734076993105027,0,0.0,0
27013,51.35140277699145,2,2,12.46524319823026,7,1.0005679994490884,0,0.0,0
27014,32.260252043675024,4,1,17.889514693206618,3,0.5015200726404373,0,0.0,0
27015,50.17884862902677,3,2,15.888523953020787,1,0.02453183609047005,0,0.0,0
27016,19.906828637515922,3,3,8.826923567694964,1,0.8170725194618578,0,0.0,0
27017,44.66311525380847,3,4,20.006018988927703,1,0.14865529081219564,0,0.0,0
27018,17.627083463469994,4,2,9.852615775300485,4,0.7130880966686699,0,0.0,0
27019,46.74446803915112,4,1,1.297778591102027,5,0.2657304531516753,0,0.0,0
27020,39.76548289537947,2,2,6.452741596655505,7,1.0145698647334762,0,0.0,0
27021,21.773671983110674,3,3,2.181391335798189,6,0.10321397107646457,0,0.0,0
27022,50.15584822111015,3,4,10.226430199889192,7,0.0984322980783513,0,0.0,0
27023,38.91070148907713,3,3,4.292688810789024,3,1.0109869285818163,0,0.0,0
27024,56.66190407803856,5,3,13.426749305407474,7,1.0000831795208454,0,0.0,0
27025,69.3273409975593,4,1,6.825221544351252,2,0.9995739786464481,0,0.0,0
27026,33.82294822438878,4,3,14.807359261886296,2,0.49984424945114636,0,0.0,0
27027,50.01332053476233,5,1,11.078023226923461,3,0.24983023974622054,0,0.0,0
27028,46.39178305205419,3,6,15.103798410021216,7,1.0004004132962927,0,0.0,0
27029,40.60315386907656,2,3,6.693198985431764,1,1.0000247852203958,0,0.0,0
27030,56.056003038169706,3,4,10.72982253937093,7,1.005893051768872,0,0.0,0
27031,58.31557328820567,4,4,20.00462745401338,1,1.0006176108667701,0,0.0,0
27032,27.77859829385119,4,4,20.01121890390513,4,0.8152389163835675,0,0.0,0
27033,51.17250409310455,5,3,28.858157620827892,7,1.000107693290032,0,0.0,0
27034,50.7266839193192,2,6,16.824630722632868,1,0.572187083955715,0,0.0,0
27035,37.83525942570904,0,1,10.8442361171473,3,0.0,0,0.0,0
27036,34.10799600900599,3,1,13.768959937332761,5,0.9998517692478941,0,0.0,0
27037,66.02812221402638,3,5,13.77985600981481,7,0.36288530551913795,0,0.0,0
27038,57.95801419346988,3,2,2.966665084714167,1,0.3864872429117986,0,0.0,0
27039,55.20804348848556,2,4,20.004780336434052,7,0.9999881286878407,0,0.0,0
27040,52.262298779622554,6,1,18.114227414542412,7,0.613566202301728,0,0.0,0
27041,41.06586347078342,3,3,4.34594743631788,1,0.9999490273896476,0,0.0,0
27042,24.219141776980553,3,4,19.9919681455901,1,0.7225496866138704,0,0.0,0
27043,40.86765614378626,2,6,20.391860828031373,7,0.3121221939165738,0,0.0,0
27044,61.90969823490616,0,6,17.061082304020015,6,0.5524376758420849,0,0.0,0
27045,38.44906389811041,3,5,18.12607953438656,7,0.9997275792849689,0,0.0,0
27046,47.59708981091409,4,2,9.73946231497615,7,0.9999718026931721,0,0.0,0
27047,22.522743670651508,6,6,12.366423934706471,1,0.896938136846793,0,0.0,0
27048,62.86597569986131,4,3,16.547469108659527,7,1.000073771270077,0,0.0,0
27049,33.180857885041796,3,4,20.001109874669922,1,0.5718978767685609,0,0.0,0
27050,54.38700405157892,2,3,3.0136726071924738,7,1.000128613726063,0,0.0,0
27051,16.84188732550607,2,5,12.81998027755062,3,1.0138355709846538,0,0.0,0
27052,20.033634529104386,4,6,10.286773555463576,2,0.3503490793901749,0,0.0,0
27053,35.15266264613584,3,3,19.999824879349717,1,0.6948489439265517,0,0.0,0
27054,24.929397827248778,2,3,2.867828086683888,3,0.5972396368154664,0,0.0,0
27055,52.198429065736555,3,5,10.761336068640313,1,0.24287978800783655,0,0.0,0
27056,29.536463272106992,1,6,13.917261921993068,3,0.9994666101038976,0,0.0,0
27057,42.83118005126577,3,4,20.008613671953633,5,0.999502236284721,0,0.0,0
27058,28.09814001339702,2,6,6.723358838522718,7,0.7635371038093118,0,0.0,0
27059,27.368728974769375,0,1,0.0,4,0.9995142650742144,0,0.0,0
27060,54.98372449654362,3,4,8.08410456164891,1,0.6221596183965433,0,0.0,0
27061,53.91287806735558,3,3,7.2765988669908115,7,1.0000150856062087,0,0.0,0
27062,60.07503641147093,1,1,24.35386816742131,7,1.00020799252945,0,0.0,0
27063,34.17740412488996,2,6,19.158081737661757,6,0.9997030498109089,0,0.0,0
27064,43.10299880485684,2,1,8.431084968617297,7,0.9996418060696001,0,0.0,0
27065,48.450254438678265,4,3,17.91188159638483,1,0.8955979389329372,0,0.0,0
27066,53.94006694569785,3,6,15.308111004290073,1,0.9998054307953887,0,0.0,0
27067,22.64811011289843,3,6,6.272486031667732,2,0.8874632999062948,0,0.0,0
27068,26.33591501590632,3,5,3.972855911169539,5,0.44437481960800096,1,1929.5359492143689,1
27069,40.26181076099571,3,1,12.73199737114812,7,0.99998003828468,0,0.0,0
27070,25.472413591148204,5,2,7.855937852709459,6,0.2518693269237613,0,0.0,0
27071,51.269368685424595,6,3,11.539667339875324,7,1.000289040701206,0,0.0,0
27072,31.29515240806989,5,5,0.0,1,1.0034279287404622,0,0.0,0
27073,37.9657598176998,2,1,18.99320927981435,2,0.45011787560745137,0,0.0,0
27074,41.437567470000566,5,3,12.552443886757336,2,1.0001613024976226,0,0.0,0
27075,30.433583382664416,5,6,16.47504014540145,1,0.9929626235666933,0,0.0,0
27076,27.002672315207235,6,3,3.5409916987137304,1,0.7492895731784778,0,0.0,0
27077,40.1590985064308,3,3,11.02701775762354,5,0.16262955019473269,0,0.0,0
27078,29.976963346529253,6,6,12.933679251627396,3,0.0,0,0.0,0
27079,45.680749718045035,4,1,13.97228483125712,2,0.16098781774390936,0,0.0,0
27080,44.80563312453782,3,3,2.06938680278323,7,1.0000935091911312,0,0.0,0
27081,74.00073400648216,3,1,13.880635975151266,7,0.9337783353580296,0,0.0,0
27082,56.60306475603698,2,3,0.0,1,0.680529762420277,0,0.0,0
27083,40.67427008271941,3,1,10.915913803633469,7,1.0001400629796469,0,0.0,0
27084,26.535893492171134,4,6,16.655857834442557,6,0.7686093787528405,0,0.0,0
27085,34.51950992699219,4,2,20.022422694181795,1,0.6559206906119068,0,0.0,0
27086,55.60591223130608,3,6,5.0617962658987885,3,1.0006442614679367,0,0.0,0
27087,26.267194632875523,5,2,14.068065468357318,4,0.4961497996661263,0,0.0,0
27088,56.45932253485127,3,4,12.125219508649764,3,1.0004406828030006,0,0.0,0
27089,30.124520192228587,3,3,11.459055218048256,1,0.9999661879923991,0,0.0,0
27090,7.296379884707754,3,2,5.0426831862226384,1,0.7783632937756676,0,0.0,0
27091,64.01692327667394,4,3,10.327908125757087,4,0.5051933059185301,0,0.0,0
27092,33.25595394071759,2,4,9.58561321931502,7,0.9103511556037364,0,0.0,0
27093,41.931840059678855,3,3,5.083466031675604,2,0.3158122305201472,0,0.0,0
27094,28.852483395566324,5,2,10.918941727541757,4,0.9791076595880405,0,0.0,0
27095,3.9623784425300173,3,3,14.452706668937578,2,1.0001208217584538,0,0.0,0
27096,46.683168531513424,2,3,10.799232643863848,4,0.9598001361573254,0,0.0,0
27097,51.82450544145385,4,5,6.5264512696764125,3,0.2818626290768775,0,0.0,0
27098,40.29318061276246,4,5,19.99163706701733,1,0.9999450457114232,0,0.0,0
27099,44.67025038213905,2,3,7.915586388418929,7,1.0002105172535583,0,0.0,0
27100,24.38153029482625,5,6,9.837528622911037,3,0.610731444331832,0,0.0,0
27101,46.0486270935451,5,3,0.0,5,1.0002410211081307,0,0.0,0
27102,19.288332537864402,1,1,4.936102805578846,8,0.6001623814154393,1,22585.71569058046,1
27103,38.782508051277034,3,3,9.65382593998237,0,0.5677882725681995,0,0.0,0
27104,30.003737690443675,3,1,20.70619255099139,7,0.29413666152979023,0,0.0,0
27105,42.95031718456875,3,4,20.400227401751522,1,0.9874568193056377,0,0.0,0
27106,48.297595710042565,3,3,20.003599912508356,6,0.8542988730657154,0,0.0,0
27107,36.497683527425245,3,1,13.063573595943772,7,0.9999077304084443,0,0.0,0
27108,32.44661648422673,0,1,20.005058264469664,2,0.9204736242927534,0,0.0,0
27109,28.502922533730136,2,1,8.483521131917776,1,0.13652354387430166,0,0.0,0
27110,43.19599896582074,3,6,11.316704425389537,1,0.9104107564213513,0,0.0,0
27111,29.45416173666831,1,3,20.00568242998399,1,0.5161189610432939,0,0.0,0
27112,31.56145764107891,3,5,10.133759917122804,1,0.8889479592206011,0,0.0,0
27113,39.95435728507366,3,2,9.768465766003136,5,0.5801787632469196,0,0.0,0
27114,55.208113525681455,4,5,5.128764812657242,3,0.11710438075972851,0,0.0,0
27115,25.96428594810067,4,2,0.8567483415217243,4,0.5100555283757864,0,0.0,0
27116,50.063628975307466,2,3,2.300569416330699,7,0.7876524725361324,0,0.0,0
27117,16.275238306110637,5,3,14.439156036987175,3,0.13375207375959497,0,0.0,0
27118,40.797002350264016,4,6,15.697879671284305,1,0.9915371598255989,0,0.0,0
27119,48.85307466467308,3,4,4.0510744582369895,7,0.757061454690162,0,0.0,0
27120,29.21798954251097,1,3,18.88617722119942,7,0.3041029419341123,0,0.0,0
27121,68.26462244480604,3,4,9.837375300126585,3,0.7101338836377868,0,0.0,0
27122,51.52970111452251,3,3,16.41161428353874,1,0.9175754821148032,0,0.0,0
27123,43.0998885638717,4,4,20.001058334387444,2,1.1594675250736177,0,0.0,0
27124,62.91067252509497,2,4,20.00139393137102,7,0.5437158209847448,0,0.0,0
27125,13.933489637065776,3,4,2.051574141848697,1,0.9677520625142413,0,0.0,0
27126,46.6895868973669,3,6,14.76327588502756,3,0.9451160548583275,0,0.0,0
27127,67.87008662667571,6,4,19.993441211100883,7,0.9999566167625908,0,0.0,0
27128,52.25632137105154,4,3,1.8541026895249324,6,0.37681631771932456,0,0.0,0
27129,36.55296085516352,4,5,14.453646573853007,7,0.23464994738977063,0,0.0,0
27130,45.861939635645776,2,3,3.10909663884663,0,1.0119087652339909,0,0.0,0
27131,52.71393015692422,2,2,6.3781841058211235,7,1.0000892283995324,0,0.0,0
27132,55.91533824654869,2,5,2.6343535847077817,1,0.7770169163781092,0,0.0,0
27133,14.9359517451202,4,1,14.578292947712846,4,0.26348725212973406,0,0.0,0
27134,33.67279831457839,2,2,11.02024045550745,1,0.13334303465816877,0,0.0,0
27135,31.592898883482732,4,3,7.415045418970246,6,0.8347505473147621,0,0.0,0
27136,44.076655944595586,4,5,12.305344555401579,6,0.9973128527605053,0,0.0,0
27137,45.494658569341716,2,3,9.478088200243215,2,1.000165837420741,0,0.0,0
27138,43.700435444669516,2,4,20.01046010605435,7,0.9998465901982869,0,0.0,0
27139,48.74681390447651,1,4,6.915449578354861,6,0.38858854851350144,0,0.0,0
27140,38.253019012142474,2,1,7.3706988176335155,3,0.299627104762149,0,0.0,0
27141,54.99066416145227,1,6,9.338798497025934,3,0.41424493046181615,0,0.0,0
27142,20.629456269486067,3,4,11.137040913637334,1,0.10809422964983673,0,0.0,0
27143,57.845267457361224,3,3,5.31725201854451,5,0.8141644905298847,0,0.0,0
27144,35.81816061449074,3,6,19.73641592273337,4,1.0002113330325446,0,0.0,0
27145,42.947036714826524,2,6,15.982582961852291,3,0.6274927439918411,0,0.0,0
27146,24.670880985812737,1,1,2.6659045098543483,2,0.10308926669063612,1,50930.4844963319,1
27147,43.323600552189134,2,2,2.88799889199073,7,0.9995932368716983,0,0.0,0
27148,54.070217993490644,2,2,19.997104009425797,4,0.7490177136502723,0,0.0,0
27149,29.26178669387533,3,3,21.14152437278615,7,0.8631227180204177,0,0.0,0
27150,61.975756388346326,3,1,19.575793627985327,3,0.498264220828919,0,0.0,0
27151,23.984735605059033,2,3,13.97358234237506,1,0.41452394032439605,0,0.0,0
27152,38.90318940997879,4,6,12.546815130346541,2,0.7340977744887076,0,0.0,0
27153,37.389039802124856,3,6,8.190314263283597,7,1.0001247275411582,0,0.0,0
27154,45.297090352566784,5,4,17.553332715420034,6,0.0,0,0.0,0
27155,51.67531854462993,4,1,20.002080652555016,0,0.3720054474327665,0,0.0,0
27156,16.093383002537433,4,5,14.325415143584438,1,0.5516940405453856,0,0.0,0
27157,37.33091964735557,0,1,17.000790457229296,3,0.6871159802079929,0,0.0,0
27158,49.62174744784795,2,4,9.455645904906708,3,0.35688830840971614,0,0.0,0
27159,31.19486253555808,3,3,9.497307656610126,3,0.9997415986040739,0,0.0,0
27160,52.98139744400804,2,6,15.666832061912515,2,0.7903901017822,0,0.0,0
27161,40.47122686631222,5,1,19.998248657828718,1,0.524986521833914,0,0.0,0
27162,28.132959196225414,2,3,7.1332392591258,3,0.5001601590867512,0,0.0,0
27163,45.03724012431239,5,6,9.454120738968257,7,1.0005506804155508,0,0.0,0
27164,29.77347895575887,0,6,1.3314871085500712,7,0.659727096397595,0,0.0,0
27165,26.685855112454853,3,1,20.008014654063665,1,0.25464067308476973,0,0.0,0
27166,63.21940234506588,6,6,17.284499414989472,7,0.4506795600050456,0,0.0,0
27167,38.96932905926081,2,3,6.2711120478408695,1,0.72854866540119,0,0.0,0
27168,58.973289337665825,4,3,5.738994701628627,3,0.29553110995725634,0,0.0,0
27169,46.616569808038584,1,6,20.00715477707797,1,0.0,0,0.0,0
27170,40.99307648431622,6,6,14.996180023818482,2,0.7056618027361992,0,0.0,0
27171,54.190902772715496,3,6,10.131629300127319,2,0.510969012607783,0,0.0,0
27172,16.84372227416399,1,2,14.583033779633972,7,0.9943785019141907,0,0.0,0
27173,48.76662844476992,2,1,13.388349221269957,3,1.000104243061387,0,0.0,0
27174,26.451555739541796,2,2,10.472670993379607,7,1.000040423466183,0,0.0,0
27175,30.6167711697508,4,4,26.284678864909857,2,0.7549524576913716,0,0.0,0
27176,52.98837489411294,5,4,14.519000412768213,4,0.9995350292970486,0,0.0,0
27177,36.29896228716019,4,4,19.99848685216151,7,0.6931577283375002,0,0.0,0
27178,52.38757858278516,2,5,9.805549172188353,7,0.9992375797606767,0,0.0,0
27179,51.86215394211794,4,3,16.908420994337245,4,0.9292352100554231,0,0.0,0
27180,32.486592990420526,3,1,17.856681934147943,7,0.9434693048872214,0,0.0,0
27181,44.285383081803765,4,1,19.994396736086458,5,1.0235700261549625,0,0.0,0
27182,45.51271664972905,3,1,20.000533271850543,4,0.4901594273021902,0,0.0,0
27183,52.02156149932186,3,5,9.688617241796324,7,1.0004318327526756,0,0.0,0
27184,51.343437958866886,3,3,21.013811806746453,7,0.9630705242465216,0,0.0,0
27185,63.57626777278308,4,4,21.406701511130315,7,0.25656835859066823,0,0.0,0
27186,29.210364408150973,2,5,6.796853095428336,1,0.9146823409380769,0,0.0,0
27187,57.17236860302426,3,4,21.188984559618074,2,0.6781408336504386,0,0.0,0
27188,40.294830684454496,1,2,12.87331425139486,7,1.0000311214009552,0,0.0,0
27189,41.611610297540025,2,5,6.140227047501045,1,0.43526338755906246,0,0.0,0
27190,55.54507297383739,5,5,9.159981192138847,1,0.5027559718141975,0,0.0,0
27191,28.272700277468147,5,5,0.0,1,0.4435111544767891,0,0.0,0
27192,17.730713180026665,1,4,6.191365553787851,1,0.4996344749514612,0,0.0,0
27193,67.30579618955569,3,2,10.149450068726958,7,0.999702659783702,0,0.0,0
27194,33.56016074260582,0,3,0.0,4,0.9997531560636553,0,0.0,0
27195,42.37492985515612,2,6,9.43966771344741,7,0.0,0,0.0,0
27196,57.41523710678459,3,1,18.63311263585101,7,0.9993729459095884,0,0.0,0
27197,40.37902040762474,3,2,13.923748270678171,5,1.000174461091488,0,0.0,0
27198,5.577444380304556,3,4,23.100859893849083,5,0.20466129207926365,0,0.0,0
27199,54.896301196334306,3,1,3.907798289214755,4,0.4966256450154146,0,0.0,0
27200,52.87451867042533,5,6,12.820923676649784,7,0.9996203777947935,0,0.0,0
27201,41.60579977860146,5,1,4.510301513232349,3,0.4957610232116465,0,0.0,0
27202,44.55516349924542,3,1,1.8608122920445798,5,0.31359661664412747,0,0.0,0
27203,42.17660303242349,2,6,11.828452374213036,7,1.0000157139702237,0,0.0,0
27204,66.09371149739415,3,5,4.469895119661766,1,0.9989015245283636,0,0.0,0
27205,46.226705610322625,3,2,20.32109366973551,6,1.0011136950754373,0,0.0,0
27206,25.51232874293369,2,4,1.5876809759294286,3,0.7613728634126582,0,0.0,0
27207,48.454840869922705,2,1,13.760047330200928,7,1.0000112575679647,0,0.0,0
27208,42.76890097285662,2,1,4.828084827726431,7,1.0003182115457578,0,0.0,0
27209,66.58304594755853,4,6,13.610175725976159,3,0.6156678566186974,0,0.0,0
27210,63.83261192585588,1,4,0.0,1,0.9887676484719004,0,0.0,0
27211,52.689728400471736,3,4,10.314759925309263,5,0.8674886009320626,0,0.0,0
27212,23.77688530043193,3,2,18.52182749240247,1,0.6125144413652844,0,0.0,0
27213,48.842410234570806,2,5,9.040810373636138,4,0.4984610650269497,0,0.0,0
27214,34.96610960838312,4,6,9.30048435501183,6,0.4548915526808114,0,0.0,0
27215,35.96021682880535,3,1,5.260447159654798,2,0.39421671661243674,0,0.0,0
27216,18.546225821491575,2,3,10.38849958550953,4,0.4681849191215929,0,0.0,0
27217,31.503593326828693,2,4,15.72437846293683,1,1.0196701059048805,0,0.0,0
27218,58.26875295370106,5,1,9.159032853959918,3,0.8038562385834154,0,0.0,0
27219,21.333866138990594,1,6,1.7276257992629525,2,0.5656390525734252,0,0.0,0
27220,50.5293047089753,2,5,7.904242183498059,3,0.03421851498223283,0,0.0,0
27221,33.642338151565326,3,1,1.697800991553871,4,0.9561401589949476,0,0.0,0
27222,33.97848271263072,3,6,1.978663116706393,3,0.7939567324490318,0,0.0,0
27223,37.13834528292642,2,1,16.660329663711956,3,0.9999880933850367,0,0.0,0
27224,41.25863789496121,3,1,16.804617418049094,0,0.999975262311608,0,0.0,0
27225,61.04683314589769,2,6,13.675219890799177,1,0.9817046517742665,0,0.0,0
27226,37.7487979560518,4,2,10.530488206381358,7,0.9995711488561689,0,0.0,0
27227,74.19140643650499,2,3,25.797741573951615,3,0.4975026491006683,0,0.0,0
27228,36.46563799411744,5,3,22.14351316271317,3,0.9996064955488613,0,0.0,0
27229,39.20829480595581,4,1,14.442627753626724,1,0.7077517914452016,0,0.0,0
27230,51.420961592927966,1,1,19.209785803300832,7,0.9999091474900212,0,0.0,0
27231,59.58887558791278,3,5,19.997913269586938,1,1.0002977522358703,0,0.0,0
27232,41.2189807027122,5,6,13.803530035259046,0,0.8529445176761588,0,0.0,0
27233,26.371396557346596,3,1,19.990547073658586,0,0.2891249261524738,0,0.0,0
27234,39.913248388145576,0,6,11.735638669833106,6,0.7295195228248755,0,0.0,0
27235,62.99162972293048,1,1,12.369496617395546,2,0.10064876744429119,0,0.0,0
27236,39.185304705566196,2,2,10.029621060941604,7,0.9150299848003225,0,0.0,0
27237,20.721559588590452,1,3,0.0,6,0.3592525380130431,0,0.0,0
27238,46.74372493129777,3,1,17.451651098173187,7,0.9998059479145254,0,0.0,0
27239,40.02790083742359,5,6,16.135985850561227,6,0.9997984825215261,0,0.0,0
27240,39.214098251711945,0,3,0.0,4,0.21496693605102773,0,0.0,0
27241,31.95986789721416,2,3,12.944119061132971,5,0.4374099544229757,0,0.0,0
27242,58.3223689694822,3,3,15.639899216127084,4,0.4938393622919808,0,0.0,0
27243,36.926990832800925,3,6,4.973270786511739,2,0.54296599479529,0,0.0,0
27244,41.931568363051504,3,5,20.68284157065512,5,0.893062703629812,0,0.0,0
27245,24.961649070175092,2,6,20.375882386476896,2,0.675167617476437,0,0.0,0
27246,50.53703365905566,5,3,8.20326332380479,2,1.0001204651060842,0,0.0,0
27247,35.57819582985269,3,3,15.867781241968297,7,0.07827083009459224,0,0.0,0
27248,55.00364462997556,1,6,17.633739072277525,1,0.9365349271519401,0,0.0,0
27249,39.03318122621638,4,4,19.998719513209814,3,1.0004142602465762,0,0.0,0
27250,34.456548735378,4,1,2.206189967362416,4,0.4991484740251122,0,0.0,0
27251,24.332555219099085,4,1,2.7744523604560367,1,0.8888853603575023,0,0.0,0
27252,65.60438557466787,3,2,14.152947006290535,7,0.6635281418629871,0,0.0,0
27253,86.36190556703737,2,3,1.5081183550257737,4,0.9212016120420962,0,0.0,0
27254,21.2561058725855,1,3,8.509685555948481,3,0.6179098907841045,0,0.0,0
27255,62.24825472052187,2,3,0.0,4,0.36716473764607366,0,0.0,0
27256,36.89873888670395,6,4,10.16704977757242,1,0.0,0,0.0,0
27257,22.79002847430666,3,5,8.690860921311547,3,0.0,0,0.0,0
27258,37.11157524004227,5,3,11.049628198129103,5,0.5233484914508421,0,0.0,0
27259,30.97509443390732,3,3,2.4504321461279854,3,0.9834376401163791,0,0.0,0
27260,42.84372518017345,4,6,6.205777684914663,7,0.399175899617044,0,0.0,0
27261,36.846225797898725,1,4,19.984363364313904,1,1.000062246537226,0,0.0,0
27262,39.60441687335417,4,5,17.14225391545295,7,1.0006859022252623,0,0.0,0
27263,43.86055896277447,4,3,8.187560095397654,3,0.999716900358159,0,0.0,0
27264,24.935691353476898,4,2,11.233877120102465,2,0.9848171790317395,0,0.0,0
27265,36.687089537825926,3,6,21.998977783696496,3,0.9999379119722969,0,0.0,0
27266,46.7008973884053,3,3,20.00458778718336,4,0.6438013194647912,0,0.0,0
27267,46.18456807744464,4,2,3.1097323454628203,7,0.5265735476505276,0,0.0,0
27268,33.45423913986407,5,2,12.733610473398146,4,0.40493174858963,0,0.0,0
27269,53.80580342777782,3,4,5.229642724740653,5,0.9992794922925299,0,0.0,0
27270,38.68635188714494,0,1,4.719039005133143,1,0.0023541210551600855,0,0.0,0
27271,43.36172949896797,4,4,4.99909443283386,5,0.9997439977968795,0,0.0,0
27272,43.60416712065029,4,2,11.101857270706452,7,0.9996918473862388,0,0.0,0
27273,17.705469282928053,4,3,8.87517836189754,2,0.8988830585207384,1,12306.003395875246,1
27274,35.80646450389133,3,3,1.2682943701493752,4,0.5004193206639022,0,0.0,0
27275,35.98335318388366,6,2,14.65888267938912,7,0.6492928152840468,0,0.0,0
27276,26.612139464506598,4,6,15.703397271260702,7,0.5289945643398059,0,0.0,0
27277,23.996075325034138,1,6,1.0007896744307505,1,0.19193794771225275,1,84594.68568225834,1
27278,62.437557039203966,4,1,16.040908327424187,5,0.5057490791497896,0,0.0,0
27279,42.963190780811686,4,5,14.895803011460195,5,1.0001481499927252,0,0.0,0
27280,52.60576837383553,4,2,14.314021128498025,6,0.2716731844111985,0,0.0,0
27281,34.87218940082911,4,3,7.554130877381402,7,0.3387752749651866,0,0.0,0
27282,31.279469109354412,4,6,11.670225006307465,1,0.8985713425706628,0,0.0,0
27283,42.56976033929059,3,3,12.071270729445422,1,0.49952298993190725,0,0.0,0
27284,50.649601546929794,4,4,19.98680274487428,2,0.9999832479176184,0,0.0,0
27285,40.976816693622396,3,1,21.630850855044358,7,0.9732500275511902,0,0.0,0
27286,41.475396941785455,6,3,0.0,1,0.4616146957882613,0,0.0,0
27287,32.75152986080325,1,5,20.413283915189517,6,0.940674806136826,0,0.0,0
27288,50.97572261254204,3,6,3.3661938511810927,3,0.158768411386496,0,0.0,0
27289,23.19975828072557,3,3,11.655666679911311,7,0.3200189008960677,0,0.0,0
27290,33.98132562069055,2,6,8.418722002891064,7,0.9991684629094759,0,0.0,0
27291,22.87540012971253,4,4,5.898571918407034,4,0.3507688630058415,0,0.0,0
27292,33.406698477295095,4,4,17.140951506865648,2,0.33354820280521197,0,0.0,0
27293,25.52874211192799,4,4,20.000594476343416,1,0.9996319567959719,0,0.0,0
27294,47.895786588182496,2,6,13.944398248017112,7,0.9996582638752856,0,0.0,0
27295,66.99385616371171,5,1,15.58973854137881,2,0.15367073744609128,0,0.0,0
27296,37.676087566541945,1,4,14.32680719325112,7,1.0004257424797487,0,0.0,0
27297,24.39442716986873,1,2,9.470136050222013,5,0.060062168463275056,0,0.0,0
27298,9.149541754516434,2,1,18.040890922591938,3,0.9995480764241842,0,0.0,0
27299,29.72269871699629,4,6,5.252689100768487,3,0.4144964184702379,0,0.0,0
27300,52.95597925021164,3,6,7.957462806586704,5,0.3954841465982038,0,0.0,0
27301,30.01556626858943,1,2,12.774630672439647,4,0.4133840983988774,1,1788.221800769469,1
27302,33.58170886334423,5,6,11.20197851597316,7,1.0000059947592863,0,0.0,0
27303,60.286938219647254,1,3,11.277548291347117,7,1.0004281255454954,0,0.0,0
27304,58.82539120379477,3,3,20.005752971017024,1,0.12797630512599623,0,0.0,0
27305,61.47051873894817,2,1,13.918514716610595,5,0.5044347263435452,0,0.0,0
27306,46.42215638198019,6,6,18.512571015632123,6,0.3514806041299364,0,0.0,0
27307,65.3397320185392,3,3,12.343999173013763,2,0.9994542875352972,0,0.0,0
27308,19.84850503686285,3,2,2.819723405812974,3,0.4255652134465875,0,0.0,0
27309,36.38920154226694,5,1,14.73065361234565,2,1.0102366257486164,0,0.0,0
27310,50.81824094177065,3,1,12.199729482440105,7,0.9994651883375336,0,0.0,0
27311,25.473291290923907,3,6,16.418273282385716,2,0.5523710237674893,0,0.0,0
27312,67.53319789540143,5,3,9.90230523696938,5,0.251159166524048,0,0.0,0
27313,33.62216821137245,5,6,17.10389916296308,3,0.08188139834969688,0,0.0,0
27314,63.277711078108005,3,3,19.942510867176644,3,0.9262346607292286,0,0.0,0
27315,51.32292033509634,3,6,20.00386080453901,1,0.7453120339104551,0,0.0,0
27316,43.10988255677261,3,1,12.652468788397659,0,0.39194433346173374,0,0.0,0
27317,39.53208594940474,3,6,2.8697001370931297,7,0.5109722954211037,0,0.0,0
27318,41.295817533842914,4,6,15.143012708653927,3,0.3953645371660082,0,0.0,0
27319,39.966806152183175,2,1,11.041573060357173,5,0.5011641555285549,0,0.0,0
27320,52.04180654237727,5,5,20.000317808335097,1,0.0691409808331992,0,0.0,0
27321,44.00188077745359,3,3,21.71857245929432,3,0.5874254028840474,0,0.0,0
27322,58.63622673863338,1,5,17.151087438994352,6,0.5002564492666057,0,0.0,0
27323,53.50615816645903,4,6,20.242690121498388,3,1.000226227021329,0,0.0,0
27324,45.94567135118594,3,6,12.25641402621753,1,0.9606451730338283,0,0.0,0
27325,46.0590493364023,5,6,16.722857968525677,4,0.6332801263843735,0,0.0,0
27326,61.37757305028994,4,6,13.418433617135248,7,0.9995451619609912,0,0.0,0
27327,38.77646903530207,3,3,15.501722866159346,6,0.999883704220593,0,0.0,0
27328,16.99740112193145,3,6,12.734398356034632,4,1.0003728290702831,0,0.0,0
27329,69.4808359669702,3,3,8.34611593152228,4,0.999585920193739,0,0.0,0
27330,26.123067208408223,1,4,6.3976776541025515,2,0.00023189684927626963,0,0.0,0
27331,67.50505907981258,2,6,5.592386519711875,7,0.846238315773446,0,0.0,0
27332,52.22977498589924,4,6,5.9426331587302075,4,0.07496817492502628,0,0.0,0
27333,27.069648175661072,2,6,16.83931489620105,7,0.9997921346046172,0,0.0,0
27334,28.427613068877953,2,1,4.170227497672648,4,0.9791862549047115,0,0.0,0
27335,61.61907695977768,4,1,4.820030246144723,1,0.6497569314762801,0,0.0,0
27336,34.92169302535553,5,2,0.7202288617713073,1,0.6163120274098147,0,0.0,0
27337,17.448947369682084,3,3,5.00257624785814,6,0.3649024373778557,0,0.0,0
27338,40.311278797863444,3,3,7.293977233414273,3,0.8974767743236413,0,0.0,0
27339,42.44079152014702,3,6,18.48406880588912,1,0.2457509588291133,0,0.0,0
27340,39.37290247250395,2,2,11.977922066286865,4,0.6684410385501859,0,0.0,0
27341,61.50809299318665,2,2,0.4085044961597202,7,0.9995438736880642,0,0.0,0
27342,33.27794525754095,7,6,23.364118522463535,7,0.7276050010756439,0,0.0,0
27343,50.385413010437816,3,2,14.896062853791042,4,0.9996252931515874,0,0.0,0
27344,45.26451023709877,3,4,17.633535271601247,0,0.0,0,0.0,0
27345,60.966029343352176,3,4,2.8975062939932332,4,0.9342301252982053,0,0.0,0
27346,33.411608563462195,4,5,16.78213208645765,2,1.0000085436287316,0,0.0,0
27347,54.50030450371398,2,1,20.003098065159907,3,0.0,0,0.0,0
27348,46.49179700424661,3,3,4.072060449727328,7,1.0001264267094476,0,0.0,0
27349,49.302412897179664,3,2,3.230365016146891,2,0.9997226640710885,0,0.0,0
27350,46.332470379218734,3,3,7.367164030209503,7,1.0134156382943909,0,0.0,0
27351,45.35898464062378,3,1,6.108016854415018,3,0.6273195835432003,0,0.0,0
27352,55.27392288250506,3,4,20.00372307254313,7,0.99986967498503,0,0.0,0
27353,63.80703354447119,3,6,8.883639611114589,1,0.9645003261317233,0,0.0,0
27354,41.47910131073724,4,4,20.000796655494785,4,0.5510914924543338,0,0.0,0
27355,34.62678177204498,3,4,12.598464113573373,4,0.960493784438951,0,0.0,0
27356,72.42720907376273,1,6,9.738374485223106,7,1.0000749369676725,0,0.0,0
27357,29.52236809405218,5,2,9.313968890397003,2,0.4207781378766939,0,0.0,0
27358,63.20609450114155,2,2,7.075548646484555,6,1.0000570053813507,0,0.0,0
27359,41.221629948390394,4,4,17.788667156151842,1,0.05729147959786807,0,0.0,0
27360,56.67371260770216,4,4,20.017608523330914,7,1.0003654398403763,0,0.0,0
27361,27.0707007467326,2,1,0.9772410194154073,3,0.9101209301776534,0,0.0,0
27362,30.838191355511242,3,2,10.6992416136558,2,1.0000079328894638,0,0.0,0
27363,65.5561195961062,2,6,23.7569298925423,2,0.999833842437063,0,0.0,0
27364,55.58503762773673,5,2,5.694544510495661,7,0.27650962259852413,0,0.0,0
27365,27.41322725703251,3,6,19.99710560289438,1,0.42132880402827855,0,0.0,0
27366,64.16310080364056,3,5,18.001170015605407,1,1.0004687769456322,0,0.0,0
27367,57.01730079269398,3,4,8.492812806211719,1,0.08641609496383762,0,0.0,0
27368,60.38680839218791,1,1,9.304536536256956,4,0.9997447612520003,0,0.0,0
27369,47.55168492370501,2,6,16.91765335731645,2,1.000167726705787,0,0.0,0
27370,26.28908138322966,2,1,20.01056043269238,4,0.16198791412539348,0,0.0,0
27371,41.8732268683885,2,6,5.58750530280795,1,1.0005481333205968,0,0.0,0
27372,32.0815574602533,2,3,12.383012492726278,3,0.137872206237867,0,0.0,0
27373,47.00859779684118,3,6,16.45866930187539,7,1.0002318907970345,0,0.0,0
27374,41.107980722330346,6,3,9.6418190129999,1,0.7765634673823258,0,0.0,0
27375,55.211572515535245,1,6,14.881149071859518,4,0.9999955225908161,0,0.0,0
27376,32.10638997249537,5,6,7.555901330751764,1,1.009553562677063,0,0.0,0
27377,46.1427002410614,4,1,15.595307358082348,1,0.08729518374442724,0,0.0,0
27378,66.91308568532585,2,3,7.185303643937581,3,0.9784145128235775,0,0.0,0
27379,54.18555501683707,6,1,7.7697786602543655,5,0.5936836801636192,0,0.0,0
27380,22.766074464411876,3,1,6.451808158758036,4,0.028264154818982812,0,0.0,0
27381,33.43599718823312,3,6,7.683270728179651,6,0.6836245283415154,0,0.0,0
27382,24.4703501860073,4,5,15.487611172953864,1,1.0002511926060063,0,0.0,0
27383,68.19355516312517,3,5,4.787926736940464,3,0.6626135343906574,0,0.0,0
27384,34.683454090897776,3,4,14.914505543510726,2,1.0001677505907525,0,0.0,0
27385,45.614202886697434,2,1,20.00336823193308,4,0.46631812510511494,0,0.0,0
27386,28.893884370312666,6,4,13.767384718836672,6,0.03464548333241679,0,0.0,0
27387,34.97242964602262,3,5,13.263616181157053,4,0.9995967034334456,0,0.0,0
27388,37.753680726205154,1,5,10.423827477667121,1,0.4213729385232682,0,0.0,0
27389,55.8388296575807,4,2,5.663149957370757,7,0.9998796712521905,0,0.0,0
27390,49.068210118471555,4,3,10.593329948922063,2,0.7723008560762166,0,0.0,0
27391,54.43476766228016,4,5,14.523329985347042,5,0.1087680823888324,0,0.0,0
27392,51.3532015831354,2,2,2.876763437151986,7,0.5329024682400947,0,0.0,0
27393,48.49534003048416,2,3,3.4987478607127622,7,1.0000184466886042,0,0.0,0
27394,37.84860113218655,1,3,15.723527495839624,4,0.31103504983980873,0,0.0,0
27395,37.85732314923227,1,2,13.676697415515758,1,0.39946783435474015,0,0.0,0
27396,62.36022337426705,2,4,6.960330082753409,7,0.9769176057086272,0,0.0,0
27397,64.20335129926387,3,4,4.394650862189667,4,1.0002799493146932,0,0.0,0
27398,52.11547222941249,4,1,17.69099495789683,7,0.925481264813801,0,0.0,0
27399,56.87466178107416,4,3,13.509031743539971,3,0.3644534083364428,0,0.0,0
27400,46.185813087905856,3,3,10.545308782936184,7,0.3449805057134117,0,0.0,0
27401,35.36313855378275,3,6,17.049482350228324,6,0.393244542965464,0,0.0,0
27402,46.24597235582672,1,1,4.3538473903372195,5,0.4993779983714778,0,0.0,0
27403,22.76567849097979,2,2,4.908268289033236,4,0.5053449820227642,0,0.0,0
27404,49.564679222087264,3,4,17.63451439787179,4,0.9509795297118824,0,0.0,0
27405,44.462831689859755,3,3,3.899180409317636,7,0.10743804914658561,0,0.0,0
27406,29.2850111590324,2,4,14.227809094629297,6,0.0,0,0.0,0
27407,36.86579119586558,4,5,10.803782792322442,1,0.6314708048768423,0,0.0,0
27408,54.2918062265609,0,3,8.83535774478025,7,0.9998888370004787,0,0.0,0
27409,59.30623022907033,3,1,19.098813254394457,7,0.9996400702234226,0,0.0,0
27410,68.67223758689838,4,1,16.052955606958935,5,0.4995357871418481,0,0.0,0
27411,32.36169728002107,4,1,20.833842131361,1,0.667495727687098,0,0.0,0
27412,57.490750633157916,4,6,17.353150665505183,5,1.0001653361540646,0,0.0,0
27413,25.238867987610483,4,6,5.349223530819315,2,0.2649919585753131,0,0.0,0
27414,36.03623979747203,2,6,10.280825787412414,3,0.17291621459687823,0,0.0,0
27415,48.73771564218551,4,5,14.774520920597734,5,1.000170411410053,0,0.0,0
27416,28.29962237544182,5,6,13.85594882718761,7,0.3900342232203716,0,0.0,0
27417,52.852756565943885,3,1,11.667646271063797,7,0.9998668956968475,0,0.0,0
27418,84.22259748017743,3,5,13.59461367800685,7,0.9621756909061498,0,0.0,0
27419,57.343716556543185,4,1,5.684661779415069,7,1.0001437160870297,0,0.0,0
27420,45.07957156056551,4,1,4.783445046879648,3,0.3776761327397712,0,0.0,0
27421,47.67879569839241,3,3,16.1944877500177,2,0.5013188122762322,0,0.0,0
27422,50.26567505318637,1,2,12.382797931132771,7,0.9999254076700848,0,0.0,0
27423,28.26766029433961,3,0,11.217523573393144,3,0.9995657077508691,0,0.0,0
27424,35.59949091792804,4,6,19.983619658395995,2,0.9998072362714479,0,0.0,0
27425,42.74160980154677,2,1,18.973787687745677,7,0.16208241182352845,0,0.0,0
27426,61.63190091102475,3,1,21.772845884081377,7,1.0003267782397411,0,0.0,0
27427,53.381284997364496,3,2,9.473257637707409,6,0.3423150630660493,0,0.0,0
27428,47.34161493123112,3,3,15.712857993950587,2,1.000692128026138,0,0.0,0
27429,62.559504735190586,3,5,34.06074406345742,7,0.3090233427725298,0,0.0,0
27430,42.37390595769724,3,1,12.107953262931753,3,0.5007931466022204,0,0.0,0
27431,50.87831107006137,5,3,7.941741800252979,2,0.7823317726310132,0,0.0,0
27432,25.04184589982716,4,3,8.325625713041502,2,1.00002515234651,0,0.0,0
27433,31.884992844732714,3,4,20.005205790969065,1,0.9998567643795595,0,0.0,0
27434,41.08548971330566,4,1,7.967859460419522,6,0.4985173229370691,0,0.0,0
27435,43.3351640191984,2,3,14.515628407810093,7,0.061795195495231714,0,0.0,0
27436,24.221459666705808,3,5,9.9500205399385,1,1.2078027508267293,0,0.0,0
27437,46.5598693022566,5,6,15.032981367104382,7,0.5708128278711566,0,0.0,0
27438,62.249586865479586,2,3,20.02426528701909,2,0.9997641735572376,0,0.0,0
27439,32.18497152177589,3,5,5.377859647127289,4,0.9154077242341182,0,0.0,0
27440,38.08237676709852,3,3,9.241251010954072,1,0.999514080430127,0,0.0,0
27441,37.324931687485844,3,1,5.594142420981384,5,0.9998258671321804,0,0.0,0
27442,42.73099775619968,2,1,19.994650193555895,3,0.1321590743389729,0,0.0,0
27443,28.056044376942772,3,2,13.917222112180326,2,0.40954035672003974,0,0.0,0
27444,31.798758748193798,3,3,18.233617227745484,1,0.3833503560387737,0,0.0,0
27445,55.411366824343276,3,4,9.445204421425139,3,0.4748970067032885,0,0.0,0
27446,46.6034150907685,6,3,10.278249681543935,1,0.4854615227137751,0,0.0,0
27447,21.52601266326158,4,5,3.1875807068031126,2,0.4755491355108935,0,0.0,0
27448,26.42781701619527,3,2,4.82977126881935,7,0.6895571431280693,0,0.0,0
27449,60.69037247473937,4,1,11.561440099137318,2,0.5008230738557562,0,0.0,0
27450,42.67224871780423,2,6,1.0533311792420257,2,0.2743449111259505,0,0.0,0
27451,58.53989083568986,3,2,21.640603406750685,4,0.9998227644699085,0,0.0,0
27452,25.454973234628884,2,3,11.490504252902142,3,0.5035211316617336,0,0.0,0
27453,12.076003557420176,3,4,26.204904601765172,1,0.9382142309177973,0,0.0,0
27454,46.58318673937692,3,4,18.282079749278893,4,1.0001098232594368,0,0.0,0
27455,43.09891900832573,2,2,13.108701682535788,7,1.0001762227345055,0,0.0,0
27456,30.911977242533382,2,1,20.0037571492783,3,0.21636637937205383,0,0.0,0
27457,23.766948112064274,3,6,4.294076608740294,0,0.41415586669968807,0,0.0,0
27458,44.05575644949238,2,6,11.458376553734714,2,0.420453577661443,0,0.0,0
27459,65.4917978629208,3,2,12.054650885224365,3,0.6307019721331826,0,0.0,0
27460,24.72115810718164,1,2,16.380639611660452,7,0.9993850715857094,0,0.0,0
27461,29.552438820248895,4,5,18.161910714579104,7,0.8373144458138654,0,0.0,0
27462,21.279038371155334,4,2,14.780429817478273,1,1.0005660524325108,0,0.0,0
27463,45.16952889411087,3,6,16.051285207587803,2,0.49520114267893867,0,0.0,0
27464,55.921655206435446,1,6,16.960879109553574,4,0.5937542867695845,0,0.0,0
27465,38.1976453718788,3,1,13.60793283446302,2,0.538861932111028,0,0.0,0
27466,39.53284621385791,4,2,2.756598268776333,7,1.0000428805645367,0,0.0,0
27467,44.01551944699321,1,1,0.0,6,0.5436813525197414,0,0.0,0
27468,41.548047169716426,5,3,5.2984388735107775,2,0.1811738057452914,0,0.0,0
27469,14.232012267434712,1,5,7.8149719171129135,5,0.1480027351719163,0,0.0,0
27470,69.16438754119069,3,4,1.032162586192518,1,0.4639750916401091,0,0.0,0
27471,46.44690650804193,4,3,0.0,2,0.9999983340255884,0,0.0,0
27472,48.01748192165508,5,3,9.736948660681819,1,1.00002748862031,0,0.0,0
27473,19.241997482054206,4,3,5.231728664885313,0,0.9993834263537942,0,0.0,0
27474,58.844549795541894,5,3,22.843784605051333,6,0.5027087465698359,0,0.0,0
27475,29.825838878559182,3,3,8.731237024730166,4,0.49845430312605565,0,0.0,0
27476,14.65499032895448,2,1,9.028082268085424,4,0.1168944531440721,0,0.0,0
27477,22.467898110686015,4,6,16.54780765454025,3,0.4299277093511029,0,0.0,0
27478,49.68559756000211,2,4,20.0057870152402,7,0.9803279774824802,0,0.0,0
27479,27.898162344636493,2,2,2.7989742628107237,4,0.12652332554015233,0,0.0,0
27480,64.4755374371063,5,3,10.339320974880794,9,0.5019899263801141,0,0.0,0
27481,24.574027148234848,4,6,8.273343584185943,5,1.0006241300880094,0,0.0,0
27482,43.80521432445327,2,3,8.851502743187668,3,0.6867633548417452,0,0.0,0
27483,47.31414577309418,3,2,11.140313139680945,7,1.0000012433115506,0,0.0,0
27484,19.827459730751468,2,5,7.982831328168144,2,0.9911030966557719,0,0.0,0
27485,46.149857605737495,3,6,7.753833064562674,6,0.742415388108444,0,0.0,0
27486,56.968533021692615,3,4,17.044133520543383,4,0.6324143681055282,0,0.0,0
27487,27.35639490080738,5,6,12.165983957378728,2,0.26192451497779107,0,0.0,0
27488,55.487960584342034,4,2,8.858566251322866,7,1.0006869786020793,0,0.0,0
27489,52.28172376324254,3,6,11.52126795259477,2,0.9999625092858595,0,0.0,0
27490,51.988165097188755,4,4,7.75823894539539,7,0.5895979950237038,0,0.0,0
27491,41.652378692109544,3,3,11.611210536884476,0,0.92112838814581,0,0.0,0
27492,52.81298354908897,3,3,11.369856272809619,2,0.9528645466803816,0,0.0,0
27493,39.06709166547303,3,2,0.0,7,0.5746069476627792,0,0.0,0
27494,31.058700993192232,3,6,15.328307970862197,7,1.0006487289911863,0,0.0,0
27495,73.3798553948892,4,2,6.934781794666276,7,0.9998158905859,0,0.0,0
27496,36.839680392802784,1,4,6.768357672445769,1,0.4592088986082723,0,0.0,0
27497,37.612260580099026,3,4,12.011052421938237,7,0.0,0,0.0,0
27498,37.29911881929423,3,5,14.418088673759378,1,1.0000803160237484,0,0.0,0
27499,26.727138734593147,3,6,7.827173934064488,2,0.15594635890583286,0,0.0,0
27500,58.56174865659037,3,4,20.014850614433133,5,0.5017060201249209,0,0.0,0
27501,20.178117674216793,2,3,2.2155334362616,5,0.49632592170481327,0,0.0,0
27502,42.718042303593634,4,4,23.360678795019766,7,0.9998930872815853,0,0.0,0
27503,28.90243853256146,5,1,0.04418183140083087,7,0.7468458030381441,0,0.0,0
27504,32.69139746264969,2,1,13.152782584667962,1,0.5495675947130221,0,0.0,0
27505,33.467566418530474,3,2,9.522475851639264,3,0.1826485826791322,0,0.0,0
27506,43.16000517797635,4,5,0.0,3,0.38801378620505067,0,0.0,0
27507,24.370342451053627,1,3,0.0,3,0.3303632954550791,1,80601.94368148269,1
27508,40.345997283708826,3,3,15.240904790291403,1,0.9995895255265819,0,0.0,0
27509,50.12734358133245,3,2,8.643414050845262,6,0.7238166934205137,0,0.0,0
27510,40.25265543713726,3,1,6.154401815180854,2,0.4953649421742209,0,0.0,0
27511,31.440124334172722,6,4,20.002031447951804,1,0.0,0,0.0,0
27512,64.9475215827848,0,5,19.995930994724695,1,0.9214549565992176,0,0.0,0
27513,40.79848835507579,4,3,9.337939002434085,3,0.9998637713911138,0,0.0,0
27514,81.54433950585599,3,4,19.992669482938403,1,0.9134894012079939,0,0.0,0
27515,40.80889819812374,2,5,13.004751644896604,2,0.2074552186416745,0,0.0,0
27516,61.05849694994823,4,5,6.15789777293563,7,0.9997068656359648,0,0.0,0
27517,56.61082052515993,1,3,18.994067698081924,7,0.9998463775639731,0,0.0,0
27518,36.99311418049406,2,6,15.285415658805505,6,0.41004215608660843,0,0.0,0
27519,45.023570029914,4,4,8.89492553545566,6,0.07333283604604413,0,0.0,0
27520,40.975751894545574,3,6,15.539279850307448,4,0.9559577362907117,0,0.0,0
27521,61.72530221768413,4,6,5.272403864009873,7,1.6275499884425288,0,0.0,0
27522,44.54569172035822,4,6,19.99601794723315,1,1.0001319450754698,0,0.0,0
27523,61.109137028877925,5,3,14.920576442140588,1,0.9445019151190853,0,0.0,0
27524,33.3414764023985,5,6,12.549494484306098,2,0.2069858875487865,0,0.0,0
27525,44.11638257031286,1,1,17.718267437353685,2,0.4256826681130428,0,0.0,0
27526,30.506047566849865,2,3,15.267558996847509,0,0.308923677666644,0,0.0,0
27527,21.235629039963857,4,1,5.368773041891864,6,0.8356343871109756,0,0.0,0
27528,53.21716832895822,5,6,7.777669403151898,3,0.3534578578041037,0,0.0,0
27529,63.588461705972925,4,3,0.5841301517489921,2,0.9097245998686251,0,0.0,0
27530,32.88323043655121,1,4,10.20337537251848,6,1.0382429044417996,0,0.0,0
27531,24.822320381203756,5,6,9.830161038444702,4,0.5366207737855548,0,0.0,0
27532,41.340041864248604,3,1,13.919051529253363,2,0.5904322295721699,0,0.0,0
27533,28.988647525965064,3,6,7.760459464698254,6,0.9997449951799973,0,0.0,0
27534,53.34342677798119,2,3,0.0,2,1.0003223497364229,0,0.0,0
27535,44.30864428667814,1,1,15.793990546987,2,0.3153989068788645,0,0.0,0
27536,26.500968216702823,0,3,9.085012001774148,3,0.9999233148565101,0,0.0,0
27537,65.95694481226883,3,2,5.8430882304938185,5,0.318585452089829,0,0.0,0
27538,44.66544020919269,1,6,12.170870517028263,4,0.9996367084230916,0,0.0,0
27539,40.177774446224575,3,1,18.684590062596747,3,0.61657578168147,0,0.0,0
27540,24.077331381188593,5,6,5.756452846647234,4,0.6134762415695296,0,0.0,0
27541,32.91814365306542,4,2,14.69536630361102,7,0.5903137072969373,0,0.0,0
27542,50.068999390332465,2,2,9.158721064605118,5,0.9739603932851917,0,0.0,0
27543,44.54937870717224,3,3,8.400839900589112,7,0.9835162680392786,0,0.0,0
27544,45.37686173091944,3,3,3.226200689285969,5,0.9999585473777668,0,0.0,0
27545,21.72253999946542,2,5,7.904713401682436,3,0.4597463131306333,0,0.0,0
27546,35.15147200966096,3,2,7.04904892654391,1,0.298385732228636,0,0.0,0
27547,41.3747393380296,0,1,13.353738259654003,5,0.017349155691153695,0,0.0,0
27548,30.309799987910747,2,3,17.188487669429882,4,0.9992317241408001,0,0.0,0
27549,16.706262672304067,4,1,20.004284256082933,1,0.3415819901682443,0,0.0,0
27550,33.84668510958181,4,3,12.565174994683746,4,0.7951622446767855,0,0.0,0
27551,31.440730429366496,3,4,16.30851630630415,4,0.3896121177741938,0,0.0,0
27552,41.08885922167202,4,3,19.41201691907559,2,0.500439508051342,0,0.0,0
27553,51.54562511528116,6,3,9.823730907811026,2,0.5006238765134178,0,0.0,0
27554,48.44929622684775,4,6,14.71847310980739,4,0.06044688971248835,0,0.0,0
27555,42.121633650285325,0,2,6.667429949696809,1,0.3020787837071691,0,0.0,0
27556,17.343445375692188,3,4,6.743228281134886,0,0.9996544716998674,0,0.0,0
27557,25.08470036360361,3,2,18.97289926452593,2,1.0002666264230302,0,0.0,0
27558,53.32210305446483,7,6,15.179793203917058,2,0.6198257689988118,0,0.0,0
27559,36.147677762353496,3,5,3.950342006178958,2,0.49833256239175233,0,0.0,0
27560,26.87410715038289,2,2,10.039352428754793,7,1.0000446926872784,1,55825.34421646749,1
27561,48.83295179424426,4,3,18.277404074619415,2,0.967672023969075,0,0.0,0
27562,48.20817000197756,5,6,4.5724059034826645,0,0.4061976323071809,0,0.0,0
27563,34.192280039984524,4,2,11.745176890381469,1,0.9993680422073823,0,0.0,0
27564,49.557653513885114,3,1,5.993751329755887,2,0.49802000529437945,0,0.0,0
27565,53.472181645616004,3,3,2.803028581968233,7,0.9286006891248261,0,0.0,0
27566,40.67544001378198,2,4,19.455824287843626,7,0.9608440386766277,0,0.0,0
27567,43.27650698829829,3,3,18.789496722292917,7,0.9997840170145059,0,0.0,0
27568,16.966463658611183,2,1,13.52587540942599,2,0.9996304533096876,0,0.0,0
27569,35.18945553381553,4,1,10.72741893504341,7,0.6828382074400102,0,0.0,0
27570,41.74556232485098,3,4,19.987705436460097,4,0.9996459422589441,0,0.0,0
27571,29.50317687705775,1,2,8.57276005332066,1,0.5245126362276982,0,0.0,0
27572,77.70660694364003,4,3,12.21509773213044,5,0.49687380482065185,0,0.0,0
27573,24.586844320285497,0,6,0.11005571677038439,4,0.0,0,0.0,0
27574,31.00494632393119,2,4,18.25278118069926,3,0.573351094239929,0,0.0,0
27575,27.423860070848068,3,2,14.474910050366338,5,0.5800122526103368,0,0.0,0
27576,40.93520082292935,2,3,11.697130050014671,7,1.0002244702775842,0,0.0,0
27577,41.4989431870055,3,4,19.99388940730563,4,0.4993645415250423,0,0.0,0
27578,41.64885987682055,2,6,15.016482451358222,1,0.33343134867019125,0,0.0,0
27579,24.571847950683512,4,1,11.469729433782684,6,0.5000742909224699,0,0.0,0
27580,46.42899973207425,6,1,7.421508410394402,2,1.0000343297901353,0,0.0,0
27581,48.00102848154173,2,3,26.76550956141986,6,0.9997006172681093,0,0.0,0
27582,56.322985955570516,3,2,7.9270581252220484,3,0.34680181408672234,0,0.0,0
27583,20.187888603891672,4,3,6.405153043663912,3,0.15017500096568515,0,0.0,0
27584,57.59747392920144,5,3,10.769065855680019,4,0.9999975056094601,0,0.0,0
27585,41.99178228441111,2,3,4.716413698909759,5,0.9998371497934508,0,0.0,0
27586,49.85340814578084,1,3,8.933428640917036,2,0.5864751111929821,0,0.0,0
27587,31.67307577841287,3,1,21.241123511505535,4,0.9995802412948085,0,0.0,0
27588,45.99742540826566,4,1,0.9815022425846642,2,0.0,0,0.0,0
27589,48.77086541106074,6,3,0.8596035674419333,1,0.30080900329113525,0,0.0,0
27590,39.32056103099663,3,1,2.595846598007599,7,0.9623767069645862,0,0.0,0
27591,30.044097014633508,4,2,11.023028944772243,7,1.0001702509309973,0,0.0,0
27592,66.81455571383607,3,3,20.00019095775764,1,1.0004302460251506,0,0.0,0
27593,29.235612324845064,3,2,15.604238868266922,4,0.3720637405498652,0,0.0,0
27594,33.37101730453186,4,6,4.7511172874616925,1,0.9068246089641006,0,0.0,0
27595,44.17776446593422,3,1,14.108819507598001,7,0.45887826143746335,0,0.0,0
27596,46.37038132886413,5,1,19.953274556326505,7,0.982403631305822,0,0.0,0
27597,35.525569186162755,4,6,11.656408955465494,0,0.5717102043065054,0,0.0,0
27598,43.19735319404668,4,1,10.101666535040229,7,1.0001605378952054,0,0.0,0
27599,48.545069751240106,1,2,4.987849373032384,7,0.9996222738000773,0,0.0,0
27600,48.60908442652007,3,3,14.651118682390836,4,0.9998577474971942,0,0.0,0
27601,18.368355209629364,4,4,5.4760441740631025,2,0.999519190953619,0,0.0,0
27602,53.30662201059649,4,6,7.033149693029211,7,0.854914910810918,0,0.0,0
27603,54.3996495118447,4,3,11.890388016173707,7,0.9999478593092033,0,0.0,0
27604,67.10780100003814,3,3,14.990949345731371,4,0.40713338650042097,0,0.0,0
27605,44.06969418812819,3,6,12.07445001404457,7,0.9997064663829591,0,0.0,0
27606,50.17799285006504,2,3,16.176770016760244,4,0.9999375263387436,0,0.0,0
27607,38.55159727637476,3,1,5.800725908166636,7,1.0000738035231298,0,0.0,0
27608,42.28430945519446,6,3,21.363444047338803,1,0.2371458710623569,0,0.0,0
27609,57.58609974445802,4,6,6.948788491446032,1,0.9786928630739814,0,0.0,0
27610,25.789942404131626,3,2,13.469851108670039,1,0.36842159757043264,0,0.0,0
27611,35.71186604974335,3,3,19.165243915811512,7,0.9997118695538498,0,0.0,0
27612,38.075373420884915,3,3,10.238720125459274,5,0.9997366776661356,0,0.0,0
27613,52.72824865661542,2,2,15.054036700642246,2,0.33252540229503114,0,0.0,0
27614,44.102461383729114,4,5,19.3489680718386,2,0.9995643243395673,0,0.0,0
27615,26.721734255936354,3,6,18.730880329779875,3,1.000060729025252,0,0.0,0
27616,35.63120704680912,6,2,12.899668428008464,7,0.5217544371490235,0,0.0,0
27617,43.58810549514596,1,3,13.401616647560989,4,1.0001214296542753,0,0.0,0
27618,29.531831886320997,5,6,7.039756512582141,3,0.31009839955033575,0,0.0,0
27619,48.88380537939533,4,4,20.00583114090713,4,1.0000715559954323,0,0.0,0
27620,42.16191383573697,4,3,3.962570997248217,2,0.9791701965257967,0,0.0,0
27621,27.086881428131242,3,2,2.3607452065414005,7,1.0245759439948512,0,0.0,0
27622,42.968147953451265,4,2,18.310153167587927,2,0.4640089240206884,0,0.0,0
27623,50.28942807580195,3,3,5.028167295038594,7,0.9998580008574958,0,0.0,0
27624,57.81654953067429,2,6,8.710187185503441,7,1.0007008196434333,0,0.0,0
27625,50.822745715506755,3,1,0.0,6,0.5607642966348665,0,0.0,0
27626,46.95203151479599,4,3,13.179867355531677,1,0.9996498767869026,0,0.0,0
27627,49.06613710453922,2,5,11.376587416490633,4,1.0122840240431143,0,0.0,0
27628,16.70431421557854,4,6,10.85260758006724,1,1.0262961777725672,0,0.0,0
27629,48.01421700581575,4,4,19.994283118393955,1,0.9999660103119696,0,0.0,0
27630,26.081532815805936,1,4,0.0,3,0.0,0,0.0,0
27631,22.568704909999212,3,4,11.117464826196406,1,0.3065089546345724,0,0.0,0
27632,42.75533646993663,1,1,14.943363242247317,1,0.4952428073767866,0,0.0,0
27633,57.52694391710737,4,3,21.808058395525634,1,0.7448189157698745,0,0.0,0
27634,31.848691499072796,2,6,17.899873482983672,1,0.9996180415336666,0,0.0,0
27635,32.39841147115948,4,3,19.29683107125207,3,1.0007621901279475,0,0.0,0
27636,28.682676833830406,1,2,8.166973425656714,6,0.5030797608387592,0,0.0,0
27637,22.659912061606022,7,1,14.20249251585924,2,0.0,0,0.0,0
27638,55.075480864195505,3,2,20.055512233539545,7,1.000262536131023,0,0.0,0
27639,32.8694933214703,3,3,8.075529244284125,4,0.999834864517511,0,0.0,0
27640,37.889321914960014,5,3,14.270910176249819,4,0.5004520258735109,0,0.0,0
27641,48.89536298389095,3,6,17.385118912802874,5,0.9997019907615374,0,0.0,0
27642,27.405155723640064,3,2,16.659890204637595,2,0.7290631032598344,1,4052.409881930917,1
27643,48.66757697725092,3,2,0.0,7,1.000070818335701,0,0.0,0
27644,41.59269821943881,3,2,9.776495290758193,7,0.9997408260673843,0,0.0,0
27645,42.82361851057077,2,3,22.70837483979934,7,1.0004546238216103,0,0.0,0
27646,24.815427392531426,3,0,12.355685796326327,5,0.999932104853282,0,0.0,0
27647,48.50167555178717,4,3,0.0,5,0.4048393136915117,0,0.0,0
27648,59.11475847336093,4,4,7.532071691653032,6,0.2989258241936959,0,0.0,0
27649,53.45164768798862,3,1,20.0064993076323,1,0.4320737022060787,0,0.0,0
27650,54.19316899525502,3,4,10.887687875046923,1,0.9044806231623336,0,0.0,0
27651,54.40834474408619,5,6,15.740644569841491,2,0.31034188274998836,0,0.0,0
27652,14.735084112019077,3,5,16.504200256200335,1,0.23440977175333055,0,0.0,0
27653,58.36705610277713,3,4,19.999344258269176,1,0.650503650198236,0,0.0,0
27654,39.288499400700424,2,1,1.406873858886641,3,0.9229309412442618,0,0.0,0
27655,42.68595960096125,3,1,13.70831400280137,3,0.36670357810723386,0,0.0,0
27656,51.11314362432972,3,2,3.4622753166301328,7,0.9995569671969744,0,0.0,0
27657,32.83326707651473,4,4,20.00385586535715,7,0.9995195970129005,0,0.0,0
27658,61.90956708008904,2,3,0.6884823278554464,7,1.006003742917361,0,0.0,0
27659,40.98706207342405,2,3,11.548935740214763,7,1.0001052595075433,0,0.0,0
27660,55.451276717224914,2,3,0.0,7,0.9585737370464471,0,0.0,0
27661,63.9941874336897,3,6,8.817286667959426,0,0.32899079173960455,0,0.0,0
27662,57.715561590317236,6,6,2.886586820108665,0,0.3473994139529246,0,0.0,0
27663,45.237278571668384,2,3,13.198187884907949,1,0.9998464699458719,0,0.0,0
27664,25.993398063386103,2,2,10.792364704555315,4,0.925502722966169,0,0.0,0
27665,50.663571368776914,3,2,0.13492963434205052,1,0.052050745444609414,0,0.0,0
27666,32.88880061717602,6,6,20.09691123909075,7,0.5811339097783833,0,0.0,0
27667,50.92232847685662,5,3,4.981315834732528,3,0.5040292465830214,0,0.0,0
27668,44.61203403396349,3,1,18.00411674888401,2,1.000229606689024,0,0.0,0
27669,68.79486110470006,4,3,6.945861844151713,3,0.9803357130650578,0,0.0,0
27670,46.19595224643263,2,3,14.300091716960438,4,0.14492605806449743,0,0.0,0
27671,45.2378585296131,3,4,7.8342780392115,4,0.6913991914893609,0,0.0,0
27672,54.56157144839437,4,4,20.01650735735249,1,0.47624266503345025,0,0.0,0
27673,46.39406539449176,5,1,17.354370732741703,1,0.02846669934431789,0,0.0,0
27674,58.09237791290688,3,1,12.170858110066977,3,1.0000909484269174,0,0.0,0
27675,46.94127836218654,2,1,1.8254053725246582,2,0.06992735509671433,0,0.0,0
27676,46.220265896438704,4,2,15.137667648989808,2,0.33902825156670185,0,0.0,0
27677,41.25412895602506,4,6,2.6329622800717747,7,0.9998159670249989,0,0.0,0
27678,33.08020589355461,4,3,1.1814974295089709,2,0.0,0,0.0,0
27679,43.281142307791676,4,3,6.603454839229947,6,0.44195032641643256,0,0.0,0
27680,32.15326715589266,1,3,0.8213323974653974,1,0.9998964301591777,0,0.0,0
27681,64.55961355335164,5,1,13.706548923070283,1,0.6335682895057739,0,0.0,0
27682,23.55408233325775,3,2,11.424815360769216,6,1.0006033480825796,0,0.0,0
27683,45.559131923237246,3,4,20.009127662153595,7,0.3370964791587995,0,0.0,0
27684,62.5710975789657,4,6,14.242621359712494,2,0.3216315970650731,0,0.0,0
27685,44.09467876489005,4,2,19.567307282424473,7,0.8845345853763483,0,0.0,0
27686,39.94344695224794,3,5,19.898315545521694,3,0.8044634951051667,0,0.0,0
27687,21.515431414189127,2,2,12.592767456977555,0,0.8528731088060607,0,0.0,0
27688,67.09310580645032,2,6,1.1727277804793097,7,0.0,0,0.0,0
27689,42.03681241673453,2,3,16.292752183981985,6,0.015126168170808474,0,0.0,0
27690,41.26997998724662,3,3,10.877080407747625,6,0.5026389563946968,0,0.0,0
27691,27.095307030449206,4,6,7.787034030243737,3,0.7142602175688108,0,0.0,0
27692,38.64343999528259,3,2,9.390963685710561,6,0.9997309222595925,0,0.0,0
27693,26.37520522555189,2,3,2.6400063087498893,3,0.9047240646129598,0,0.0,0
27694,47.20089640943047,2,4,20.00501028611415,7,1.000144413716662,0,0.0,0
27695,45.92052780485933,3,1,0.0,7,0.6166827233737661,0,0.0,0
27696,71.15253944590079,2,5,6.573212462646662,6,0.785656749405892,0,0.0,0
27697,43.67583406759339,4,1,0.0,7,0.36523306761210234,0,0.0,0
27698,35.571677874279246,4,1,7.732855959516892,7,0.9999445735663363,0,0.0,0
27699,36.29786154272825,2,4,0.0,6,0.6171959648236531,0,0.0,0
27700,27.084585254497547,2,3,7.130053610761191,4,0.5522154785703797,0,0.0,0
27701,33.45897097031752,3,4,15.036097946607068,2,1.0006168038305423,0,0.0,0
27702,56.40204515303366,3,3,2.860704328603214,0,0.32200770059312533,0,0.0,0
27703,20.295818245720856,2,1,14.036349631886887,4,1.0000644973343564,0,0.0,0
27704,55.13919121843629,1,5,2.8826094557728457,3,0.315478751337684,0,0.0,0
27705,21.71710820664201,2,2,3.464969190628824,2,0.5435590509074644,0,0.0,0
27706,46.161281541629236,3,6,15.375574459425899,4,1.0002720144188166,0,0.0,0
27707,50.303386280866015,1,6,2.695532457947383,4,0.5197252806010453,0,0.0,0
27708,59.972644194983545,3,3,5.006189280949454,6,0.9548515838451748,0,0.0,0
27709,28.27696907072014,3,5,7.5878884877180415,7,0.3689315466768916,0,0.0,0
27710,39.38476512411704,1,3,0.0,1,0.7684081915092811,0,0.0,0
27711,50.24650318660359,5,3,4.121840855582106,4,0.5636597619331656,0,0.0,0
27712,35.83805076543939,2,6,15.067152786932498,6,0.6657637446151191,0,0.0,0
27713,21.70901020212809,3,6,4.599308798136271,3,0.6134280955362368,0,0.0,0
27714,10.675911329963373,4,2,7.990787249090357,1,0.4038878982699792,0,0.0,0
27715,17.51450322223539,3,4,10.931880187177887,1,0.9997240710661266,0,0.0,0
27716,27.024185065594107,6,2,8.395130567126325,3,0.0,0,0.0,0
27717,38.718740684491806,3,2,22.579377267185052,4,1.000071374697057,0,0.0,0
27718,45.96562196173586,2,6,6.4738158895587015,7,1.000101484301407,0,0.0,0
27719,31.795511259337268,0,6,14.629925310507545,7,0.5354342392209268,0,0.0,0
27720,11.711745200825064,3,1,14.568589867321327,4,0.0,0,0.0,0
27721,50.67314597723673,0,3,11.759282243604048,2,0.5424005407303003,0,0.0,0
27722,42.58801676243158,4,6,13.413509075397396,5,1.0003762551084097,0,0.0,0
27723,50.47377570242834,2,3,15.622954563473103,7,1.0004218499691004,0,0.0,0
27724,36.77758534464421,1,3,2.1872597288173488,7,1.0001996066065715,0,0.0,0
27725,48.964236863080025,3,4,16.98054451485399,7,0.8493992806473327,0,0.0,0
27726,94.00642689504032,3,3,5.055320107567201,5,1.0001314274758075,0,0.0,0
27727,45.9988573513551,3,1,0.0,5,0.5034346925312057,0,0.0,0
27728,41.927829925346565,3,3,0.8139057221661385,7,0.6118598991446957,0,0.0,0
27729,61.906578523454016,0,3,12.01256847174003,7,0.7138040719174512,0,0.0,0
27730,42.607005238426815,3,6,9.609340017121907,2,1.0001687308103122,0,0.0,0
27731,39.94543755241733,4,2,13.298286732207938,6,0.9269386392480106,0,0.0,0
27732,43.122803449727186,2,3,10.51957701405256,5,0.48131999285827154,0,0.0,0
27733,34.967143729227146,3,2,10.055957276838734,1,1.0005867902571879,0,0.0,0
27734,30.35981249904343,3,3,10.322285296329426,7,0.447874677684946,0,0.0,0
27735,27.88090393773247,4,4,8.902723807987021,6,0.35549721010637503,0,0.0,0
27736,37.21068320020219,3,3,10.448644582060808,7,0.9998394268444718,0,0.0,0
27737,64.02008106500999,2,2,6.992227182288379,1,0.3747670598320918,0,0.0,0
27738,45.73356886593062,3,6,7.3039247737611355,6,0.7322439649718363,0,0.0,0
27739,45.912441073646505,2,3,10.116304444275796,5,0.4971381993678741,0,0.0,0
27740,28.08169824557222,3,3,0.0,4,0.9636445963780145,0,0.0,0
27741,28.5920364598114,4,5,2.033403249424806,3,0.8370322005622238,0,0.0,0
27742,39.02212761680825,4,3,13.935037715497536,3,0.9998909413532844,0,0.0,0
27743,45.576936157514474,1,1,19.993918769998636,0,0.0,0,0.0,0
27744,33.825846267991956,5,2,10.571103785942764,5,0.9370289788385457,0,0.0,0
27745,27.608734552921796,3,3,0.0,3,0.9997798124225403,0,0.0,0
27746,18.41960506248812,3,4,13.709637204862222,1,0.9998887554534892,0,0.0,0
27747,30.56012897807818,2,3,15.05705218219391,3,0.41824100548977666,0,0.0,0
27748,32.155547059679066,4,6,12.975755027404261,7,0.4709593812824219,0,0.0,0
27749,40.914599540006236,3,2,10.628272375535317,4,0.015597509849292757,0,0.0,0
27750,61.01297472766598,4,3,3.272754724438048,7,1.0002616644361164,0,0.0,0
27751,46.341351418760574,3,3,22.272185411993846,7,0.9999175425061712,0,0.0,0
27752,45.94252238128384,3,4,2.626949917486783,7,0.2941352470994117,0,0.0,0
27753,15.537903789204364,3,3,20.00555913426771,4,0.6807476274725125,0,0.0,0
27754,49.758233250833904,3,1,7.902590169786096,4,0.999891350933027,0,0.0,0
27755,56.99665478250114,5,6,14.662128968121355,3,1.0001858441097404,0,0.0,0
27756,39.171888990607954,3,6,18.096068916656613,7,0.9997758513519079,0,0.0,0
27757,38.29149680115744,3,5,13.575114838691567,5,0.9996433438655097,0,0.0,0
27758,48.88361218485834,5,2,9.586293938917708,4,0.8917063164101205,0,0.0,0
27759,39.362037186949195,4,1,2.3524287222073674,7,0.039858820605112255,0,0.0,0
27760,39.794657830548594,1,1,6.443763698873781,3,0.1254665031965969,1,53127.892510754085,1
27761,28.235436220601365,3,6,5.0216171111459875,7,1.0004938132086008,0,0.0,0
27762,57.234695800260226,6,1,12.000786321154933,7,0.9673041937441029,0,0.0,0
27763,31.43049980934494,4,1,12.601553236814093,1,0.39586948056381543,0,0.0,0
27764,38.3518306203626,2,6,14.08675931330605,1,1.0588619434135944,0,0.0,0
27765,23.349302464692265,3,1,14.278200716657985,0,0.4843254271705777,0,0.0,0
27766,48.169769059507786,8,4,4.420683118793735,6,0.4711075672495444,0,0.0,0
27767,35.949026115887776,3,1,11.770739408566282,7,0.5366745511078694,0,0.0,0
27768,23.72478408152014,1,1,6.71626447376462,4,0.5972963262651128,0,0.0,0
27769,50.027440987362695,5,4,6.620625605647108,6,0.5126524925972612,0,0.0,0
27770,31.41286065373448,5,2,7.690162951229345,3,0.9246883662993429,0,0.0,0
27771,33.28544932035898,5,3,20.087914045090557,7,0.9996490018424213,0,0.0,0
27772,33.97602451936533,1,4,20.00042906634405,7,0.2803943518373556,0,0.0,0
27773,53.21422900511439,0,3,6.012416462131751,1,1.0005293416264467,0,0.0,0
27774,59.80234048780245,2,3,2.390140194173604,2,0.4563873745213558,0,0.0,0
27775,73.72611579429056,1,3,7.550721514252272,3,0.9994221316174646,0,0.0,0
27776,43.807406627686106,4,6,13.08738385384873,7,1.00028505370082,0,0.0,0
27777,56.01736636665643,2,1,3.4714842096694154,7,0.4991916853240802,0,0.0,0
27778,39.06015943943096,1,3,15.197016244543192,7,0.9996680433076961,0,0.0,0
27779,54.3967196340134,3,4,5.768470749476224,7,0.5699915382854027,0,0.0,0
27780,38.02467223174377,3,5,12.437533657948348,2,0.9995641106402198,0,0.0,0
27781,46.53221624281594,1,4,20.967266673861182,5,0.40620434951370715,0,0.0,0
27782,50.858071317385416,4,1,20.012687584937048,2,0.5241046797968256,0,0.0,0
27783,31.119892382912543,2,7,8.134584415777018,6,0.8336345617078993,1,5358.213481150603,1
27784,58.624730127212466,4,6,12.905399139967727,1,0.5947160291115324,0,0.0,0
27785,63.53616545181144,2,5,13.786612214413033,8,0.17635834026636876,0,0.0,0
27786,44.416801008834476,2,2,6.322257734128814,7,0.15042528847725622,0,0.0,0
27787,36.84885244832915,3,4,15.459789304268263,2,0.3740062024008311,0,0.0,0
27788,55.48428363576097,3,3,12.125437589191524,4,0.999692243889305,0,0.0,0
27789,59.999277185302354,4,2,9.169643849874529,7,0.9995350665378191,0,0.0,0
27790,54.797634073815004,2,2,10.505260846505758,1,0.3195275156977506,0,0.0,0
27791,35.74426946799008,3,3,0.0,3,0.9998332937474781,0,0.0,0
27792,55.288416388114385,3,1,17.077064689268415,7,1.000274743570833,0,0.0,0
27793,43.34558515662892,3,4,9.858923460702997,7,0.7698159292459003,0,0.0,0
27794,39.705753931470355,2,2,7.818587944009651,1,1.0001892761781241,0,0.0,0
27795,52.03625834987122,4,3,13.515404942053374,3,0.3113387107089005,0,0.0,0
27796,53.05551252181047,4,0,5.9934429338891855,7,0.9854911972060749,0,0.0,0
27797,50.26663324419898,4,2,15.427347081331575,5,0.9632270470470554,0,0.0,0
27798,30.986817359002096,2,3,13.75505489640744,3,0.9440630221998314,0,0.0,0
27799,42.55264036110194,3,1,14.86425958378658,7,0.49930751597165934,0,0.0,0
27800,41.57911788995014,5,2,15.036677812856972,7,0.3842047156723888,0,0.0,0
27801,46.14571425880326,2,3,9.388646957754753,4,0.4954505509852049,0,0.0,0
27802,28.048963723989417,2,6,17.693456289778897,1,0.5366953030103663,0,0.0,0
27803,50.89645801549777,3,3,0.0,7,1.0064604268418338,0,0.0,0
27804,40.30125257710616,4,3,15.37797053819348,7,0.6525095735459607,0,0.0,0
27805,42.119680499940166,2,3,9.348366752629603,6,0.9995984934031861,0,0.0,0
27806,21.141360651024012,5,5,14.769992158548128,1,0.46547800693185926,0,0.0,0
27807,55.28607647265817,3,2,8.449898540047421,7,0.24557775432608503,0,0.0,0
27808,71.82758174646452,3,3,10.90393537153912,3,0.9999766442331822,0,0.0,0
27809,35.410489930008744,3,2,8.41181497729981,7,1.3254878402410655,0,0.0,0
27810,52.49415289418475,1,4,14.063089030336982,2,0.37403474468778725,0,0.0,0
27811,17.47163762178251,2,2,9.24360350936462,3,0.791559051029864,0,0.0,0
27812,55.17638850718858,3,2,15.48376924298573,3,1.0003875857868942,0,0.0,0
27813,20.545365216308177,3,3,12.618583541977923,1,0.954442765549882,0,0.0,0
27814,35.991351462226454,4,2,2.0718499192845474,7,1.001408899211569,0,0.0,0
27815,56.74664256225114,2,5,6.712700720040828,3,1.0001966887166716,0,0.0,0
27816,55.27146553291907,5,4,20.00635280112022,2,0.501035529537669,0,0.0,0
27817,45.568459018986346,4,2,20.00048112148975,1,0.9999937268358989,0,0.0,0
27818,44.78036252472427,4,2,16.609313673256388,1,0.4207352763985522,0,0.0,0
27819,53.00803253825756,3,3,11.734057454219863,6,0.9994988050882339,0,0.0,0
27820,41.83462918928776,5,6,0.0,7,0.8572370509037371,0,0.0,0
27821,66.242330134633,4,1,19.802511720803714,7,1.0005705395603086,0,0.0,0
27822,43.11899672766562,4,6,10.593094010436735,7,0.9997834294279984,0,0.0,0
27823,40.31105639369468,3,6,13.907884907429107,4,1.0000931231733092,0,0.0,0
27824,47.85708363583117,2,3,18.83453301040054,4,0.5061012237582022,0,0.0,0
27825,34.21695361937182,5,6,12.150733333150386,3,0.9999470855104144,0,0.0,0
27826,43.96996908641819,4,3,21.766223106410962,2,0.45559724182914896,0,0.0,0
27827,51.68033441992791,3,3,20.001914656719933,4,0.6742362914510764,0,0.0,0
27828,31.17012415459339,2,6,13.97180984853578,7,0.9996858154466055,0,0.0,0
27829,17.967542333905076,1,5,0.0,5,0.4373167107076403,0,0.0,0
27830,39.628757595981064,3,3,14.402075930703948,3,0.38925014106935885,0,0.0,0
27831,35.62690720820246,3,3,9.120111194753488,2,0.5041998308466565,0,0.0,0
27832,33.88619389271312,2,2,5.8346822065663595,7,0.44971925190581036,0,0.0,0
27833,61.824203518774674,1,4,13.94986107413023,1,0.2467121610786414,0,0.0,0
27834,43.47123859774031,4,2,15.979985835271169,5,0.20979770775825501,0,0.0,0
27835,46.863647663288695,4,4,10.636800285704888,6,0.4726885792744743,0,0.0,0
27836,37.82383262358134,3,3,0.0,2,0.9999445673395011,0,0.0,0
27837,59.57501317082793,5,3,0.0,4,0.9829443345582718,0,0.0,0
27838,54.571621705499496,3,4,19.999583626808402,3,0.9997439803280104,0,0.0,0
27839,59.32553595545442,3,3,13.948768173150334,3,1.0000578550972736,0,0.0,0
27840,38.24753950936479,2,5,0.5171646609019138,1,0.5857117006750712,0,0.0,0
27841,49.97385293185439,5,6,15.871829315704034,1,0.9899564868893409,0,0.0,0
27842,38.28546053499854,4,1,18.09563120566744,5,0.964203515869968,0,0.0,0
27843,37.86510961427277,4,3,14.369778570992374,7,0.62213480303543,0,0.0,0
27844,44.72217254141024,3,3,12.278981201148918,4,1.0000059972435573,0,0.0,0
27845,56.401494272855324,3,4,10.570059049193398,4,1.0004187984566066,0,0.0,0
27846,64.50230785810137,2,3,11.768902681549,6,0.5008960439253375,0,0.0,0
27847,46.66236176972955,3,1,3.012981854658994,7,1.000111904866649,0,0.0,0
27848,40.76337809293131,3,4,7.795968728681543,1,0.2753921937831081,0,0.0,0
27849,60.2043539679592,5,2,9.937059800009617,7,1.0001816864799125,0,0.0,0
27850,39.25800664341351,5,3,6.934863736989116,3,0.9959023755340572,0,0.0,0
27851,56.03619367070671,2,1,9.488154147192883,7,0.4926278503617081,0,0.0,0
27852,42.41736070805899,1,3,6.619199826838802,0,0.422984604947712,0,0.0,0
27853,28.499669283937408,3,1,14.07505854304714,1,0.26672646770549685,0,0.0,0
27854,52.26768589255771,3,6,13.461997465962765,7,0.0668355960757554,0,0.0,0
27855,47.45092545246001,4,1,7.161903267754774,1,1.0002201745603383,0,0.0,0
27856,50.37128517382379,2,3,13.230765105724423,1,0.3639826684624462,0,0.0,0
27857,48.99024363571606,4,2,13.759064705518139,1,0.9992077239828168,0,0.0,0
27858,56.92280784651567,2,3,0.23315000174395628,3,0.6061975696563686,0,0.0,0
27859,40.690768983300266,3,1,7.595637883866875,7,1.0001434117376786,0,0.0,0
27860,59.66251373586351,2,1,2.7707505221361366,3,0.9991848890644377,0,0.0,0
27861,28.25195400864909,2,3,0.0,1,0.41231687475264633,0,0.0,0
27862,69.539458501919,2,3,12.363881936840531,7,1.1019305748530592,0,0.0,0
27863,28.241702735561304,2,6,19.1658456539934,4,0.20240293063612708,0,0.0,0
27864,25.782686250793503,3,6,16.771677094675717,5,0.9996084398623639,0,0.0,0
27865,52.3949525128283,0,3,9.591974599185573,7,0.34920340404372757,0,0.0,0
27866,47.39527081293014,2,1,1.6557054281143717,2,0.9215169370426174,0,0.0,0
27867,42.49917371394751,3,2,9.699662859631522,4,0.9996542349320059,0,0.0,0
27868,15.571042311585355,2,1,6.001076163141901,7,1.000173301472272,0,0.0,0
27869,39.089730643086085,4,6,18.736777046264006,7,0.9994374845861822,0,0.0,0
27870,32.57198815306765,3,1,19.99214040491738,3,1.1512177602126576,0,0.0,0
27871,44.89412121748937,4,5,8.642638021640726,2,0.49954324228980235,0,0.0,0
27872,36.333732286428635,0,4,3.5473887295842124,1,0.9723692461529765,0,0.0,0
27873,37.88335760899955,2,3,1.3337764313770055,7,0.6566091070928456,0,0.0,0
27874,24.131402974355336,3,3,7.797644148129423,1,0.999961573428103,0,0.0,0
27875,37.59446383456391,3,5,2.309275922485428,1,0.5358322807073317,0,0.0,0
27876,60.73056005447257,3,6,2.53275668360169,3,0.8427794429539046,0,0.0,0
27877,28.36829702357238,2,3,13.092404716421527,7,0.3221856163926733,0,0.0,0
27878,53.384098205362115,4,2,12.273549882769386,2,0.9879177638457317,0,0.0,0
27879,49.15651481837806,2,2,9.813445072186994,4,0.7204510675788909,0,0.0,0
27880,44.75803034578631,5,6,17.602972018578278,2,0.12144580134650529,0,0.0,0
27881,37.41705408938787,3,3,0.0,3,0.30007150419843004,0,0.0,0
27882,27.674927052064376,1,4,3.8943513877708433,6,0.25882660303736865,0,0.0,0
27883,65.92421836630913,3,4,20.008493833104318,4,0.9998234861383022,0,0.0,0
27884,42.46921146480259,3,1,17.49524334295214,7,1.0003125138598077,0,0.0,0
27885,56.475318756289006,3,1,6.117062667042272,7,0.35771245136291385,0,0.0,0
27886,49.25274468622079,5,5,12.534696127205224,4,0.4990555469960225,0,0.0,0
27887,55.81844325422712,3,1,7.989279490739474,7,1.0000852428778266,0,0.0,0
27888,8.760364817135255,3,7,2.0783466756024325,1,0.03829878225718297,0,0.0,0
27889,56.35332558640651,5,5,13.649960670763864,1,0.9843250450172392,0,0.0,0
27890,50.042161263167245,2,3,14.844703498767954,1,0.9810828523604289,0,0.0,0
27891,40.73228365949032,3,5,17.67206163713255,2,0.9995531149066282,0,0.0,0
27892,41.16339100411608,4,6,10.31353363673806,7,0.6908637597699299,0,0.0,0
27893,58.702612901084834,3,3,9.349891432648047,7,1.0000806943754186,0,0.0,0
27894,39.5931616145353,1,1,20.003710971953875,3,0.11306676252091596,0,0.0,0
27895,47.020786367642394,2,6,7.69060725659564,2,0.4304968003405332,0,0.0,0
27896,61.95122716513255,4,3,6.292221086959059,4,0.9994992735977575,0,0.0,0
27897,47.43994913599164,2,6,11.79699649317739,5,1.0000336971824328,0,0.0,0
27898,42.74370388582663,2,2,12.528895644214513,6,0.28574750513831865,0,0.0,0
27899,51.975153689699056,3,2,0.34973853013395306,6,0.7584360660698359,0,0.0,0
27900,24.805933976283917,3,1,3.806588012799743,3,0.25354622137979244,0,0.0,0
27901,35.40882643290952,6,6,2.122314990598973,7,1.0000699607361059,0,0.0,0
27902,34.892051950432986,4,3,9.09489594439216,2,0.1511854048227539,0,0.0,0
27903,46.18127816720542,2,1,15.309438278071774,6,0.5117889632300631,0,0.0,0
27904,23.482014054358206,2,5,0.0,6,0.22816949415871596,0,0.0,0
27905,31.167824665888084,3,4,7.569909253932478,1,0.2799527475679518,0,0.0,0
27906,46.0743772356561,3,1,6.03729815261391,7,0.9998954293022437,0,0.0,0
27907,54.95804287114782,3,2,5.213393688055651,7,0.270423423892396,0,0.0,0
27908,54.09860445679682,3,4,20.014432108529533,1,0.9996159989500211,0,0.0,0
27909,37.98219600596677,2,3,0.0,1,0.4997137044271319,0,0.0,0
27910,36.35684264083213,2,1,0.0,6,0.19150896776971404,0,0.0,0
27911,42.17382276155412,3,1,12.7312188819441,7,0.8032939858340046,0,0.0,0
27912,55.19605523510441,4,3,2.8352496805399916,4,0.11044573355517573,0,0.0,0
27913,40.205915100664484,1,2,12.739394996562995,7,0.5957790873843389,0,0.0,0
27914,47.181932485807955,3,3,0.0,0,1.0004077179610165,0,0.0,0
27915,33.76094032629203,4,3,7.871576523911806,3,0.9998256243526621,0,0.0,0
27916,57.660388622883545,2,1,4.745136550058247,7,0.9997997904428585,0,0.0,0
27917,45.61206930090633,3,5,3.6473536910057573,5,0.4958531509686832,0,0.0,0
27918,17.20995669357679,2,4,11.03871892237204,1,0.9998881602759295,0,0.0,0
27919,54.631295889339185,4,2,8.91635491243322,7,1.000188574190343,0,0.0,0
27920,29.12079843774136,3,4,13.481294941393445,3,0.5182488998475638,0,0.0,0
27921,53.1908387617219,3,3,14.36925784686821,3,0.9999924906020314,0,0.0,0
27922,31.61921042445605,5,3,19.99557067531346,1,0.9999474821884764,0,0.0,0
27923,27.8638345325423,5,6,15.717669353074612,1,0.7403195445974057,0,0.0,0
27924,49.47205808220358,3,5,14.71875527768311,7,0.9995315435467057,0,0.0,0
27925,64.50125399695338,3,3,18.864313166741205,7,0.9993082216437643,0,0.0,0
27926,49.43536226335685,3,1,12.2225798923547,7,0.9999369736955876,0,0.0,0
27927,45.21906295572332,3,3,9.827623795025541,6,0.22067557384000452,0,0.0,0
27928,39.084362518910716,3,1,2.6254215650296473,7,0.4167589654366091,0,0.0,0
27929,35.94251509093155,2,2,0.49174764788732617,7,1.0002393555272717,0,0.0,0
27930,54.49209738758935,3,1,11.129597757173949,7,0.9993811754892461,0,0.0,0
27931,66.34972511878587,5,3,3.0172284720818734,7,0.2506609330321603,0,0.0,0
27932,51.56601038699624,3,2,14.145176556811672,6,0.4410863094384373,0,0.0,0
27933,48.843167267083295,4,1,6.433062063310509,5,0.49571601494824424,0,0.0,0
27934,46.310669605340685,2,3,0.0,0,0.9485597696130594,0,0.0,0
27935,45.505677385474776,3,6,14.922893478119043,7,0.15651020712404062,0,0.0,0
27936,48.63330970280565,2,5,12.162602943446695,1,0.3358937078682909,0,0.0,0
27937,29.163041246342864,4,3,14.793003082430943,4,0.2748788529616777,0,0.0,0
27938,47.29023323778107,3,2,12.796801043172032,5,0.4713073297611349,0,0.0,0
27939,83.69908384852647,3,3,15.177820138096106,1,0.99267002700382,0,0.0,0
27940,49.641022772119946,3,4,6.663068429964143,2,0.0,0,0.0,0
27941,27.94416840147548,3,5,1.6711388937494291,7,0.5108452978158947,0,0.0,0
27942,29.841481957772793,2,3,11.273267210376419,4,0.21531881337506398,0,0.0,0
27943,0.882093865051381,3,3,11.801526788054504,3,0.9511413881704629,0,0.0,0
27944,46.39227686791266,3,3,9.642683291336239,3,0.9997836273834857,0,0.0,0
27945,29.568773562588344,2,4,9.173579151297833,4,0.06929318219933567,0,0.0,0
27946,23.3856630254392,4,6,3.583106100390001,2,0.13771111917224832,0,0.0,0
27947,35.46849366111321,1,6,19.365795988768816,6,1.2081456810612057,0,0.0,0
27948,50.74090155596285,2,6,12.571341173332389,5,1.0000747676414972,0,0.0,0
27949,25.966465777572107,4,4,20.002821608721625,1,0.9997284210005232,0,0.0,0
27950,45.82724909202802,3,4,15.377102095463616,7,0.632764212334221,0,0.0,0
27951,31.781672514426482,2,2,20.73941114452667,7,0.23109035919483545,0,0.0,0
27952,47.59759704315267,3,2,6.296779245508277,7,0.9999441820595926,0,0.0,0
27953,25.22549727981265,3,6,0.0,5,0.19823265567433002,0,0.0,0
27954,50.640508123304976,5,3,9.08394937233901,7,0.6509638136437601,0,0.0,0
27955,28.259249612698625,3,3,1.5106705339954054,2,1.0002928895524152,0,0.0,0
27956,56.30999317660931,3,3,22.541796003307994,1,0.999935471987424,0,0.0,0
27957,30.124274987699913,2,4,20.001183032233623,1,1.0000160112240668,0,0.0,0
27958,30.346092302663152,2,4,21.316361148448415,5,0.14657947322058018,0,0.0,0
27959,59.2118756685374,4,3,13.363973397329314,7,0.9997341398456708,0,0.0,0
27960,38.932589512498595,5,3,0.0,0,1.0003783473524919,0,0.0,0
27961,47.47759454709185,4,3,10.960735684727299,2,1.0002666569216065,0,0.0,0
27962,36.23509810546714,3,3,19.994538487709477,5,0.6885674872286851,0,0.0,0
27963,48.51878986444345,3,3,1.1588421095563177,2,0.8990631634875126,0,0.0,0
27964,48.71915580756975,1,3,6.967826659382506,7,0.785447676872731,0,0.0,0
27965,30.57085940768999,3,5,20.00368370360897,1,1.0003611249167228,0,0.0,0
27966,45.21320655158493,2,6,3.0584996073300807,7,0.12019103952672527,0,0.0,0
27967,47.16644428979293,3,4,11.164285323503007,4,0.43671267337384245,0,0.0,0
27968,55.6236720763374,4,6,14.603091167953924,4,0.5065040964411631,0,0.0,0
27969,55.694474801061375,4,3,7.289147001111218,3,0.21004824656116822,0,0.0,0
27970,48.59154301105576,3,4,19.992927219110864,1,0.9996289278225879,0,0.0,0
27971,22.033320766408956,2,2,5.832749358980007,3,0.18783892264591423,0,0.0,0
27972,26.65520341315319,2,1,10.970032576644268,9,0.9999304127638096,0,0.0,0
27973,34.81344461569753,1,5,15.528372041386845,3,0.98986587797052,0,0.0,0
27974,25.71795486741253,3,2,15.581415313846907,7,1.000206470288294,0,0.0,0
27975,37.80445109125585,3,5,17.056363034630934,7,0.9315440106040781,0,0.0,0
27976,43.12751469033993,3,6,4.774157410711637,3,0.897381260839633,0,0.0,0
27977,41.23655695496618,2,3,9.340873626323319,4,0.012891815516778649,0,0.0,0
27978,52.574857682995294,4,1,5.021939155974574,7,1.000384076898295,0,0.0,0
27979,59.207741860286006,2,6,14.509354345639235,7,0.9998635960109532,0,0.0,0
27980,51.697685164327694,3,3,5.945530041221469,2,0.9998980076648655,0,0.0,0
27981,46.30694090296081,4,6,10.828545490073092,6,0.3438380618569866,0,0.0,0
27982,35.301452159983825,3,2,18.814049267132514,2,0.9995092426112542,0,0.0,0
27983,57.031550251206916,2,1,1.885078026362157,3,0.5750784177349306,1,4131.396237444129,1
27984,43.670099999335406,3,5,5.976147166439596,5,0.4981718181270933,0,0.0,0
27985,56.917453324241166,4,3,5.397008746609045,4,0.49565840900472113,0,0.0,0
27986,26.548917945412978,5,7,4.667989145838235,4,0.0,0,0.0,0
27987,44.78897904160075,2,2,8.514048453468533,7,1.000041951678781,0,0.0,0
27988,50.48074020387861,3,3,6.780164677650966,2,0.9998355719502745,0,0.0,0
27989,33.21762507526521,2,1,9.952001356036462,0,0.2853594189572685,0,0.0,0
27990,32.15689296408367,2,6,14.299908862114716,4,0.5439232923904868,0,0.0,0
27991,34.100754220733734,1,1,15.708049813883036,3,0.6088632412546572,0,0.0,0
27992,36.21199085188386,5,3,8.769691647356282,3,0.9998910832845789,0,0.0,0
27993,20.077254103359298,7,2,0.0,1,0.455318486401324,0,0.0,0
27994,34.94672691760097,3,1,6.1130432188955135,7,0.9997505627018464,0,0.0,0
27995,23.599470031365065,4,6,18.640790044157477,2,0.9792238636376513,0,0.0,0
27996,42.50144407401307,1,4,3.540684421069093,6,0.1882012970107902,0,0.0,0
27997,44.18049437787082,3,3,14.921384389909925,2,1.000030912639727,0,0.0,0
27998,53.23627832945917,4,2,20.349907872899955,7,0.5397539536149762,0,0.0,0
27999,47.67435331985533,3,3,9.47852315922663,5,0.9997223524564334,0,0.0,0
28000,52.69971189774034,4,3,21.042123279679977,4,1.0001478083326112,0,0.0,0
28001,70.31953791876836,1,5,15.618398634777705,2,1.0147677708506995,0,0.0,0
28002,59.57073117874816,2,2,10.149696738733011,5,0.3421003707641737,0,0.0,0
28003,58.72980548936141,3,3,9.791696242506102,7,0.9662454351054659,0,0.0,0
28004,57.028151207478444,3,4,12.247968738602589,7,1.2798902758487407,0,0.0,0
28005,58.85824167717249,3,1,15.669854733949796,2,1.0004897808360145,0,0.0,0
28006,29.66880023916722,3,2,13.66643082581568,4,0.14837498931415427,0,0.0,0
28007,5.1488384040115065,2,7,7.3628160436140435,1,0.9079983291828059,0,0.0,0
28008,50.67365725858567,3,6,14.35682766353363,4,0.5363702559791972,0,0.0,0
28009,54.321349705152905,2,2,1.6841184726373353,7,0.5921947405609296,0,0.0,0
28010,48.95275294813072,3,1,14.499870608282283,7,0.9999997690502058,0,0.0,0
28011,37.37994626462373,4,3,22.117522349393788,2,0.46840567000777494,0,0.0,0
28012,32.78031526986635,2,2,14.717381669408594,2,0.7461261311611185,0,0.0,0
28013,38.78010181974976,4,3,11.86638708374579,3,0.5017624976521733,0,0.0,0
28014,24.66322544141348,4,7,2.530378981041501,5,0.00038638929955603363,0,0.0,0
28015,56.32779850081101,2,4,20.00114864775201,7,1.0002227180282497,0,0.0,0
28016,66.59917050860221,4,4,1.8100561879626582,7,0.6419687344214772,0,0.0,0
28017,40.907532927722414,3,5,12.872305085179725,3,0.4995943397681659,0,0.0,0
28018,58.211755884243416,3,4,20.0006402798526,1,1.4616701211788912,0,0.0,0
28019,34.14861433028066,3,4,8.534161602655095,1,0.10439859796399009,0,0.0,0
28020,33.0414625077024,5,2,11.44256701533747,1,0.6402700694377738,0,0.0,0
28021,58.663996476683266,3,2,14.142451238601689,7,1.1849872922266966,0,0.0,0
28022,35.527016098860514,3,4,8.363207489165358,4,0.3859845871647862,0,0.0,0
28023,50.04094402365791,3,3,3.0893855546275173,5,0.9997844931828885,0,0.0,0
28024,42.28292475695849,3,1,19.998451866995183,2,0.38996208470891747,0,0.0,0
28025,28.321331633017046,4,3,10.698834536028459,4,0.932169318148889,0,0.0,0
28026,33.173398342010245,3,1,10.464721814619377,3,0.10597066703223401,0,0.0,0
28027,44.988375307933666,4,4,12.850965605719184,6,0.27679965824448916,0,0.0,0
28028,27.499789541158435,2,2,5.562686144684734,4,0.3464761147044388,0,0.0,0
28029,49.55129086757451,4,1,14.267861871318207,3,0.6673274005309785,0,0.0,0
28030,55.158576271212546,4,6,11.921736068685783,7,1.0000399898584078,0,0.0,0
28031,52.66061606579893,5,1,14.28279689171099,7,0.9996078224749758,0,0.0,0
28032,46.64285729667978,3,3,7.367101229426469,5,0.9678767478872807,0,0.0,0
28033,31.78673423248414,4,4,19.999825602900444,1,1.0006410825752003,0,0.0,0
28034,43.86777882726965,0,6,8.61903526805797,3,0.4065894398040765,0,0.0,0
28035,69.5290065672265,1,2,3.644762541432069,7,0.5562423463415433,0,0.0,0
28036,28.61069583544633,0,3,8.713067912598287,2,1.0004288131827281,0,0.0,0
28037,52.922631687470286,1,3,1.9743541509395293,2,0.4631994646652619,0,0.0,0
28038,20.121647378297038,3,2,5.521383342684716,5,1.0006633635328104,0,0.0,0
28039,30.63468506445254,4,1,20.007974379919816,0,0.7067182935949321,0,0.0,0
28040,38.50902078144452,0,1,19.99379227650985,1,0.06668013464194378,0,0.0,0
28041,41.171117642758404,3,2,18.441198671842464,5,0.178319411329244,0,0.0,0
28042,60.36860617088737,2,4,14.208768906923282,7,1.0006221612947774,0,0.0,0
28043,27.234331127692883,4,1,4.348339691956775,1,0.37741221151831633,0,0.0,0
28044,52.780734266947654,2,3,5.557695299380163,7,0.9996398302708234,0,0.0,0
28045,38.56788338940346,1,3,19.9952761419874,1,0.6950994596365141,0,0.0,0
28046,13.957489778156376,3,6,2.241327603376826,7,0.9998815919912221,0,0.0,0
28047,51.54633023464454,1,6,4.333662484987312,3,0.1714698241761814,0,0.0,0
28048,37.183019895388966,3,6,8.48467599926473,1,0.9870650466977571,0,0.0,0
28049,52.62221828354454,4,3,19.675802440655346,2,0.6844315344345089,0,0.0,0
28050,50.286228195649414,2,3,23.423172514246154,3,0.9997986378745978,0,0.0,0
28051,22.213824814315853,3,4,20.015079378727314,1,0.3742912382751721,0,0.0,0
28052,60.36049772282483,1,6,14.567540372822013,4,0.18464831464854148,0,0.0,0
28053,55.78664868161867,2,3,1.6336546092572632,2,0.7636584551823167,0,0.0,0
28054,64.69761104565357,3,5,9.045479161494201,7,0.2253780169915477,0,0.0,0
28055,46.63724200150816,3,2,7.472385854399102,5,0.41639796299090576,0,0.0,0
28056,32.7174610880926,2,3,10.900118432088581,3,0.9622985493064219,0,0.0,0
28057,31.843108634511662,3,4,19.99389234056424,1,1.0000268342965162,0,0.0,0
28058,38.32525561091909,2,3,14.388327350288993,1,0.9937848528802216,0,0.0,0
28059,38.57927783381338,3,1,14.231143116256103,7,0.9368429934829787,0,0.0,0
28060,43.59516057195135,4,3,9.688013212815099,2,1.0003325421373057,0,0.0,0
28061,39.66959672830987,5,3,9.26763110608567,2,0.9732206967181455,0,0.0,0
28062,33.74123904256907,1,6,13.5821601984836,3,0.22505358079968807,0,0.0,0
28063,50.07242792117708,5,1,19.99281168967787,1,0.5749048723976051,0,0.0,0
28064,31.44545730055833,1,1,13.675490917252485,3,0.4670953481844854,0,0.0,0
28065,41.229190540077745,0,1,13.588187635773295,7,0.5319136780350437,0,0.0,0
28066,52.253613171636246,3,1,15.6090753041757,3,0.5016493600448502,0,0.0,0
28067,39.50188855766114,2,3,4.356100944673138,1,0.9998826979031521,0,0.0,0
28068,21.47956038074719,5,3,7.423629852482002,2,0.4777382754270145,0,0.0,0
28069,58.602193048296854,4,4,12.55654335515727,2,0.799443492249121,0,0.0,0
28070,49.426285540644,2,3,13.872853134674132,1,0.9531487247916859,0,0.0,0
28071,34.592007574258105,3,4,10.459739175689126,1,1.0049899174878965,0,0.0,0
28072,53.478142607067326,4,6,16.697613575822757,7,0.9999716079169199,0,0.0,0
28073,40.42453101892891,5,2,6.07657816053563,7,1.0000852901336406,0,0.0,0
28074,46.97526517225467,2,4,18.224994167545173,7,1.0000264839222202,0,0.0,0
28075,35.05191997930752,5,2,0.0,7,0.9998797512430295,0,0.0,0
28076,30.23686848260661,1,2,12.10947477615489,1,1.0000803172821404,0,0.0,0
28077,53.66485662802336,2,5,17.638686541529783,1,0.5089642369713623,0,0.0,0
28078,27.05655041292641,2,1,1.820144923917745,0,0.33755457432049035,0,0.0,0
28079,55.76003583140345,5,1,5.83997576405528,7,0.3880194302251528,0,0.0,0
28080,28.63139854846994,3,4,10.306910783123197,7,0.35327541502924853,0,0.0,0
28081,52.7022878241921,3,3,7.796095061488413,7,1.025485919453081,0,0.0,0
28082,50.43501950001493,4,1,10.203924620311035,6,0.9996091525291739,0,0.0,0
28083,47.36790027091864,6,6,15.753254812095737,1,0.2969700968993526,0,0.0,0
28084,32.79063394206529,4,3,13.299124089958374,4,0.3989221358403064,0,0.0,0
28085,50.567131983744865,3,4,3.3089894774725233,6,0.45145960813251707,0,0.0,0
28086,39.4849836603685,3,3,12.352602600109787,7,1.0000814302414378,0,0.0,0
28087,23.692885488031433,3,6,5.448423315842449,2,0.2682759411004685,0,0.0,0
28088,42.33420857272081,3,7,15.893853732157964,1,0.9998396531582033,0,0.0,0
28089,33.44356521595143,3,1,15.2955753610405,1,0.5390352647031074,0,0.0,0
28090,44.722984983444874,4,3,9.414160303585202,1,0.1779575809533519,0,0.0,0
28091,21.804401221733645,5,6,6.851950084879579,5,0.7810150295134011,0,0.0,0
28092,41.35615958852294,2,3,2.30485031347399,2,0.4998211756187757,0,0.0,0
28093,36.24289673590505,5,3,7.495909217766511,5,0.5636060601645072,0,0.0,0
28094,36.661626701411855,4,6,19.40095545042729,7,1.0000550490986018,0,0.0,0
28095,45.968150129871255,2,6,7.876569900579468,4,0.9998313828802632,0,0.0,0
28096,37.497606254666366,2,6,15.20093450702527,6,0.3247366275501431,0,0.0,0
28097,40.382932836035025,4,4,19.993777882037985,1,0.005038936831272656,0,0.0,0
28098,41.91237959432026,0,3,3.8037968313021358,4,1.0000354267583358,0,0.0,0
28099,33.16201212097255,3,1,22.885366425632945,5,0.9998276190891329,0,0.0,0
28100,37.35711769342872,0,2,8.086589505003282,7,1.000607831348908,0,0.0,0
28101,38.23257369025237,1,3,10.081025006176414,4,1.0000363453240095,0,0.0,0
28102,65.96659557518181,1,1,14.658891204398904,7,0.40145306746521126,0,0.0,0
28103,40.37053113811835,2,6,11.739140128668211,6,0.493520291049092,0,0.0,0
28104,44.4014353271281,3,6,4.935775980317233,7,1.000409486193552,0,0.0,0
28105,53.970028764039185,2,1,22.248768781531815,5,0.43885212620235103,0,0.0,0
28106,36.6590979966523,2,2,8.723583029520654,3,0.10990655007822148,0,0.0,0
28107,25.35548499306534,4,2,0.0,7,0.70686987665196,0,0.0,0
28108,44.287168931517506,5,2,10.487002094248991,4,0.267566979270711,0,0.0,0
28109,39.29609012032342,4,6,15.666419897374254,3,0.24255337867069476,0,0.0,0
28110,27.91776835644516,3,3,6.772760541593567,3,0.29154295639508193,0,0.0,0
28111,30.35783694009831,3,1,4.661763306077361,3,0.7674327604474033,0,0.0,0
28112,10.04213847978557,3,3,12.835127464050991,3,0.5399547551155811,0,0.0,0
28113,27.78006776441326,2,1,1.3577085082440146,6,0.6299334523456477,0,0.0,0
28114,62.355598048234405,1,3,0.0,1,0.9246470139382499,0,0.0,0
28115,29.08167466047732,1,3,9.119316883859835,2,0.21802337115363735,0,0.0,0
28116,51.87907010078462,5,5,9.730415276905877,7,0.5606921071994592,0,0.0,0
28117,42.064576636465226,3,6,15.148925560633142,5,0.6238267257002574,0,0.0,0
28118,73.58315733370966,3,5,16.963951194003478,7,1.0005231396770333,0,0.0,0
28119,43.20887172487125,1,3,13.024148383751031,0,0.9998453485045871,0,0.0,0
28120,42.04222880956547,2,3,5.636393232331381,7,0.999897873207976,0,0.0,0
28121,25.80209698144993,4,2,9.713990366679962,4,0.23322329455919233,0,0.0,0
28122,64.1610961778379,2,6,18.074815924762223,2,0.4392530735578242,0,0.0,0
28123,46.60181967067216,4,5,4.603380882011408,3,0.19304158600392463,0,0.0,0
28124,60.3929695792215,5,5,20.023025595539032,1,0.7551341403804757,0,0.0,0
28125,53.95153982519745,3,6,7.430752006146348,4,0.9997947657469107,0,0.0,0
28126,63.663364047120034,2,3,19.629431352641518,1,0.9312001797678983,0,0.0,0
28127,51.12955511881329,3,3,6.93662086629734,3,0.9999379203450596,0,0.0,0
28128,14.427350020541166,3,1,5.824033726708838,3,1.0002600500481797,0,0.0,0
28129,44.35689319964273,2,3,17.075556890020017,7,0.5715264024751241,0,0.0,0
28130,43.050166372083964,4,6,13.15647023476619,2,0.57220129772299,0,0.0,0
28131,30.80977121289674,3,2,9.034894636086872,7,0.659225930667102,0,0.0,0
28132,29.30957977943273,4,6,16.030450943755564,1,0.9767718776495944,0,0.0,0
28133,33.92449818359334,3,3,4.7719037550094185,2,1.0004705478683413,0,0.0,0
28134,25.808706399508807,3,6,1.2411334835001053,7,0.9997679893579824,0,0.0,0
28135,39.96170152163014,6,4,15.815058687774684,2,0.7830750838693564,0,0.0,0
28136,27.640014179796513,2,6,9.913437219615396,2,0.6604970754302323,0,0.0,0
28137,20.712583740922394,1,1,5.602635872188809,4,0.4989403675689842,0,0.0,0
28138,29.40684423843529,4,5,19.996976174252254,1,0.7573839063729327,0,0.0,0
28139,39.94696957142205,1,6,0.0,7,1.0000872993427532,0,0.0,0
28140,43.032518386088746,3,4,12.936788103174427,4,0.438955396719391,0,0.0,0
28141,55.201690499996204,3,6,6.200468220550144,7,0.9996263020183611,0,0.0,0
28142,26.796236270561906,2,6,16.13019007010495,7,0.4163469650586818,0,0.0,0
28143,68.31298817065043,4,2,5.781327546565559,6,0.550059552352616,0,0.0,0
28144,49.07204463513889,1,6,8.678947805854264,2,0.33147018775187603,0,0.0,0
28145,56.22885203892866,3,3,16.77150700138308,1,0.9995568890475623,0,0.0,0
28146,31.84041012723312,4,1,6.848200942404365,7,0.8459855624362709,0,0.0,0
28147,48.45607961277447,0,3,10.555005778646002,7,0.09799540622234926,0,0.0,0
28148,24.00391071453066,4,1,6.988839321521499,4,0.3531365683891113,1,38000.533124536574,1
28149,49.77616149050919,2,4,6.567086338294227,2,0.6401260989722011,0,0.0,0
28150,26.52347524663597,4,6,17.64533830105016,6,0.6481429403023299,0,0.0,0
28151,47.597226478992226,3,3,16.329587123291688,5,1.0002880202890385,0,0.0,0
28152,49.29949013153497,2,1,12.944478039767304,7,0.40143759476838375,0,0.0,0
28153,34.92281478498513,3,3,15.945456448047771,1,0.501066240508985,0,0.0,0
28154,54.067389872486615,3,3,17.058122722294655,2,0.9196241139839619,0,0.0,0
28155,47.906544142840694,3,4,0.1073492760588799,6,0.9999121270547076,0,0.0,0
28156,42.78996293912081,1,1,19.998743770474988,0,0.7580457374941071,0,0.0,0
28157,50.489976850362595,3,1,20.0125262428737,2,0.6160693652868429,0,0.0,0
28158,43.375183624567384,2,1,14.949808331146524,7,0.4595852471327636,0,0.0,0
28159,49.80612835496757,4,4,9.931630230146403,6,0.6413941121907957,0,0.0,0
28160,47.62568476433825,2,2,14.80250656010415,7,0.9808506689812946,0,0.0,0
28161,51.44268360006889,3,1,18.09587055437398,1,1.0003798346162718,0,0.0,0
28162,33.131267795780744,3,1,10.05279319563395,3,0.4971286682237743,0,0.0,0
28163,27.22426212465718,3,3,20.00970095069898,3,0.6171278302469181,0,0.0,0
28164,21.40974695689871,3,5,11.474006396065178,3,0.10148745583057994,1,13291.26636250047,1
28165,36.86839552108843,2,2,14.300946705952903,7,1.0003692284112573,0,0.0,0
28166,49.48615008589921,4,5,0.0,7,0.747253127200955,0,0.0,0
28167,20.07916195872871,3,1,8.605297574750026,0,0.03215934537694354,0,0.0,0
28168,45.14821397087053,5,5,9.469325273593576,3,0.5001175635080222,0,0.0,0
28169,50.583215138846654,1,1,5.734949434043359,3,0.9999981760301324,0,0.0,0
28170,21.59996909502138,3,2,13.516363436843047,4,0.9995137254162496,0,0.0,0
28171,45.167116927936135,2,3,10.274906251333135,1,0.564902378553686,0,0.0,0
28172,28.059442435510004,2,6,13.279554872148658,5,0.9995297802256982,0,0.0,0
28173,42.32992728490478,3,2,8.679176336990484,7,0.9995587895669606,0,0.0,0
28174,58.4586616144938,4,2,10.827182664534405,1,0.0,0,0.0,0
28175,38.35695531180974,3,4,20.013069135272136,1,1.0006931168003013,0,0.0,0
28176,58.98661710727839,1,1,6.248872858681,7,0.40562238538318196,0,0.0,0
28177,46.180751460567464,4,2,16.551621588780478,7,0.9995466593150308,0,0.0,0
28178,17.05154969995388,3,1,9.791404990872435,5,0.919086601506985,0,0.0,0
28179,31.128863514275395,1,1,4.979395529719108,3,0.389485435582652,0,0.0,0
28180,53.365956092125195,4,1,13.769653581776135,2,1.000004211105023,0,0.0,0
28181,6.311730225091203,2,3,5.2035191996370855,3,0.2317176495473564,0,0.0,0
28182,33.97467390481185,3,3,0.0,4,0.2837569841287667,0,0.0,0
28183,54.46468620215824,4,3,25.655089836566045,5,0.9994994295431551,0,0.0,0
28184,36.05149951033337,6,1,9.146944544315526,2,0.5001349939276921,0,0.0,0
28185,30.94732373029569,3,3,3.7457231527488224,2,0.35073884458157056,0,0.0,0
28186,43.60976734013916,5,6,4.5586447268304084,7,0.967541800983641,0,0.0,0
28187,46.71209917111316,1,4,7.138602657147464,3,0.5194862772046435,0,0.0,0
28188,12.380759339758573,3,6,2.490807276930484,7,0.233677813178025,0,0.0,0
28189,25.039624792002563,2,2,9.949047250420309,3,0.6615426651183706,0,0.0,0
28190,42.00729278188762,3,2,7.6400837561134,5,1.0002740334524036,0,0.0,0
28191,42.18395181074623,4,5,20.284490477777766,1,0.8407685972978749,0,0.0,0
28192,43.02492678316794,1,6,15.223175791902257,7,0.9990683895762605,0,0.0,0
28193,51.9125087128104,2,2,8.461500699682038,7,0.9996319688259433,0,0.0,0
28194,44.43455832990008,5,3,9.300424222015131,7,0.9996470097233677,0,0.0,0
28195,49.19265674151529,3,5,19.696272344059537,3,1.0029766318704127,0,0.0,0
28196,35.165284409807185,3,4,13.424156290161989,2,0.9996791387102734,0,0.0,0
28197,25.002168956693712,3,6,3.7028669735058832,3,0.5542966215680277,0,0.0,0
28198,23.505237361981667,2,3,6.002736998834972,5,0.4982566387254024,0,0.0,0
28199,51.97690509888533,4,2,15.943210959137865,7,0.8457848297331295,0,0.0,0
28200,47.4315687337124,3,7,8.807119262154238,7,0.927551308349023,0,0.0,0
28201,48.9047193837283,5,3,5.220581331854434,7,0.2323719067889461,0,0.0,0
28202,32.754857399995515,5,6,13.771935597554688,7,1.000279494822384,0,0.0,0
28203,31.760581355095212,3,1,20.014413378549285,3,0.4978100104162823,0,0.0,0
28204,21.783917640646493,3,3,19.99614892206264,5,0.42614837708119424,0,0.0,0
28205,53.455752795982534,2,1,20.006924035765906,5,0.7039373920734564,0,0.0,0
28206,44.13238408377378,3,1,19.997706707671597,5,0.7194732180949842,0,0.0,0
28207,34.59776493703609,2,1,11.385538800088009,0,0.13813329852116663,0,0.0,0
28208,57.9622211309575,3,4,19.999667630142447,1,1.1848800887104391,0,0.0,0
28209,42.964161285659074,1,3,7.722380070953287,2,0.5049287058715712,0,0.0,0
28210,27.370754010287037,4,7,6.1966381804477235,4,0.2799145939746256,0,0.0,0
28211,34.48374854937272,1,3,0.0,7,0.999555070911051,0,0.0,0
28212,42.54080418244289,3,6,14.604809237931466,7,1.0001413413643614,0,0.0,0
28213,46.84169914800521,3,4,15.151790135792602,7,0.5057884523279409,0,0.0,0
28214,22.18423494025657,4,6,17.00732440005632,0,0.2857714312675457,0,0.0,0
28215,26.048965984575844,2,2,5.512246345880045,5,0.4487258930684732,0,0.0,0
28216,36.844744953340424,4,1,7.063797330113185,3,1.0004298697631653,0,0.0,0
28217,49.259803145968796,2,3,2.6909115638490775,6,0.7759308741328451,0,0.0,0
28218,30.810410164850115,3,4,0.0,1,0.12907621656786294,0,0.0,0
28219,41.817554070302016,2,2,11.366734650302178,1,0.07110601102987002,0,0.0,0
28220,38.751318986509176,2,6,8.083260067906043,6,0.42919374824929557,0,0.0,0
28221,58.228957137267855,7,3,0.0,2,0.4998606324107379,0,0.0,0
28222,49.52638822193377,3,2,8.996409637052254,7,0.9859860161886073,0,0.0,0
28223,45.71855620405282,2,4,10.44653127646878,0,0.4196437838120543,0,0.0,0
28224,47.621822261504214,3,2,7.149152367401712,7,0.6321945453798554,0,0.0,0
28225,5.2309504696935605,4,2,0.982196140541717,7,0.3728743603630276,0,0.0,0
28226,41.331326993354146,3,3,0.0,2,0.9996892456495703,0,0.0,0
28227,42.577266993385784,4,5,19.50459596826569,1,0.22648511182458503,0,0.0,0
28228,47.857513515565415,6,6,11.953206001493623,3,0.636814176262494,0,0.0,0
28229,43.23045308925151,3,7,8.25114266358263,6,0.2945804180992036,0,0.0,0
28230,49.74508232441805,2,6,0.0,6,0.4068676515884595,0,0.0,0
28231,53.88271288369594,4,4,4.496491964694125,7,0.5511006737137645,0,0.0,0
28232,55.16509929485362,4,6,8.908729921997402,7,1.0001057133580087,0,0.0,0
28233,45.233990650293,2,2,22.904069601388063,3,0.2611017019615737,0,0.0,0
28234,30.17427572826619,3,3,14.195440610261942,2,1.0002104596201349,0,0.0,0
28235,51.53862570768786,2,6,16.62410672544062,5,0.9997716586301153,0,0.0,0
28236,32.03479398898946,4,1,14.980759211181546,3,0.47967995610461844,0,0.0,0
28237,43.74522361625294,2,2,20.0040615708308,1,0.9996978360522021,0,0.0,0
28238,49.46155242490201,4,2,9.54203004082933,6,0.3489282180961327,0,0.0,0
28239,50.82280824396542,3,3,7.816923595989721,1,0.9996699876180015,0,0.0,0
28240,50.93179681707707,3,2,13.130303745401857,5,0.38759309013800314,0,0.0,0
28241,55.62761061311276,3,5,12.99475025881258,1,0.9836306712615065,0,0.0,0
28242,21.676892021551858,1,3,2.3285877538318527,3,0.41964301601575976,0,0.0,0
28243,51.28879949838736,6,3,13.559939659079834,3,0.999990945336404,0,0.0,0
28244,44.92658810833039,3,2,22.111608531137847,2,0.6303011228034623,0,0.0,0
28245,53.91257203823993,4,2,10.904011028617187,6,0.36330041193159046,0,0.0,0
28246,22.753218454028293,3,3,11.723369366064261,1,0.9999815864433319,0,0.0,0
28247,65.42900810575485,3,3,0.5276511728291933,2,1.0003154066103541,0,0.0,0
28248,31.24135141162477,6,3,16.851655373230056,7,0.4224979891702879,0,0.0,0
28249,59.578048816996116,3,3,15.096510405788006,2,0.9997794310798445,0,0.0,0
28250,63.299008784863176,3,6,12.924117404514599,2,0.31668169900750504,0,0.0,0
28251,29.17298377342151,2,2,0.0,1,0.7200138876555199,0,0.0,0
28252,62.87465374587167,5,4,7.470845727289795,1,0.16637489057777644,0,0.0,0
28253,44.82227847157896,3,2,11.240435277501188,7,0.7554468500875609,0,0.0,0
28254,72.6623046092556,2,5,16.72899086778804,7,1.0002549138871615,0,0.0,0
28255,55.73521546039255,3,4,23.80443508597614,3,0.5621629086962106,0,0.0,0
28256,63.684661566395704,3,4,14.182805801840294,3,0.374197132971125,0,0.0,0
28257,31.57186871683049,3,2,21.503670111398016,7,0.6930989543262376,0,0.0,0
28258,17.490532509057957,1,3,5.481462335811792,1,0.9999636104247294,1,13961.150289848494,1
28259,48.57876531991711,3,2,15.294539761197044,4,1.0000426649577672,1,1647.088745823247,1
28260,38.155838105342575,3,4,5.5473698239123586,3,0.460250177292976,0,0.0,0
28261,45.57632495717233,5,5,2.6950535964431594,4,0.9999033205924701,0,0.0,0
28262,43.39537323119408,4,3,6.644276125019504,4,0.6783248725820873,0,0.0,0
28263,56.12810265899925,2,2,19.995894595180605,5,0.5654783224451667,0,0.0,0
28264,43.69851342911538,2,5,12.984135599940226,1,0.8883208156637121,0,0.0,0
28265,37.0295359879216,4,5,14.471670591795547,7,0.9995276337958019,0,0.0,0
28266,42.78522092131778,3,6,9.318764123932699,6,0.8708788066787241,0,0.0,0
28267,54.89333996014564,2,4,19.991329901985402,2,1.000684128394794,0,0.0,0
28268,49.2885343616118,4,4,1.475429267945504,1,0.9519626644863323,0,0.0,0
28269,44.75107876435801,5,1,5.11459905891445,0,0.9175006064168425,0,0.0,0
28270,44.996964920361584,4,3,0.0,5,1.0001334477540484,0,0.0,0
28271,24.856917307022197,6,2,7.265417313964136,3,0.348654291927227,0,0.0,0
28272,59.812072213707324,3,1,1.7589992564393366,1,0.0,0,0.0,0
28273,33.99845149588353,2,5,14.163345640042607,4,0.12118556023467397,0,0.0,0
28274,7.594535871951116,2,3,11.45518609474205,2,0.19697605984290378,0,0.0,0
28275,46.352295330563756,5,6,13.224018738841524,6,0.7395593717443852,0,0.0,0
28276,34.633048687680116,5,6,10.784426733689656,3,0.999978975352505,0,0.0,0
28277,59.38547028215979,3,3,2.9608714653712482,2,0.7449072276943557,0,0.0,0
28278,28.321325222818956,1,4,14.00510483948061,5,0.5688961365753902,0,0.0,0
28279,33.70256502752059,3,4,19.998918523799766,1,0.895311489222616,0,0.0,0
28280,49.306472349752184,3,6,14.07242369823564,7,1.0001173945677517,0,0.0,0
28281,61.74747614690607,3,3,2.273216837413436,2,0.49670427501305886,0,0.0,0
28282,48.14556318967805,3,6,5.036660282456594,3,0.5290265270395447,0,0.0,0
28283,61.46834059645511,2,5,22.293021586706566,3,0.9269040798306871,0,0.0,0
28284,53.69935472585564,1,6,8.86538325021663,7,1.0000522750492855,0,0.0,0
28285,50.85283408062273,4,6,3.9477971724566334,3,0.3372270606518316,0,0.0,0
28286,48.96891749572247,4,1,8.155880717584841,2,0.9999497336535472,0,0.0,0
28287,47.06614056664772,2,1,18.305050318772846,4,0.5041542093466261,0,0.0,0
28288,44.84293225831866,3,6,15.332160265702326,6,0.5152940460368829,0,0.0,0
28289,27.97873139962385,4,6,2.943533184612491,3,0.5893522569178407,0,0.0,0
28290,47.484111762717305,5,1,7.516946058060226,7,0.9999871067322638,0,0.0,0
28291,41.221261844410975,2,3,14.534838446516863,6,0.3975937875414961,0,0.0,0
28292,38.58848222215895,2,4,2.047808102773452,6,0.8935131755674165,0,0.0,0
28293,44.011499877326486,2,6,6.4573874616680875,6,0.4519928557980829,0,0.0,0
28294,66.99920125580547,3,2,10.940850364535732,7,0.8073540709074499,0,0.0,0
28295,51.34136836665398,0,1,10.172592477237371,4,0.5092077860026041,0,0.0,0
28296,40.698597434255056,4,3,1.8662005049647092,1,0.8967070888653023,0,0.0,0
28297,40.38307204537909,3,4,6.706557149699628,3,0.6181116376293943,0,0.0,0
28298,47.283269376995584,3,4,8.263752550830123,7,1.0003524118117708,0,0.0,0
28299,75.76039036684628,6,1,24.53360757190992,7,1.0000183909899012,0,0.0,0
28300,25.55308674630635,3,3,6.357905544002131,0,0.4986899142099468,0,0.0,0
28301,52.86969268928997,6,4,12.63447427563956,7,1.0001443903038223,0,0.0,0
28302,21.880324126464576,3,2,20.534266153061978,5,0.6411285715939277,0,0.0,0
28303,58.92718887988831,3,3,18.78679894502309,5,0.999793585102877,0,0.0,0
28304,32.36722589852046,3,5,4.584452871127481,5,0.9998566778483435,0,0.0,0
28305,39.39439668961264,3,2,11.194198746804249,2,0.3139729034685948,0,0.0,0
28306,47.05671081507336,4,3,3.431175156716546,3,0.4970859026630069,0,0.0,0
28307,44.38825816553972,4,6,14.295295967763906,1,0.984302449778051,0,0.0,0
28308,46.073142921549014,2,5,13.134199048570991,2,0.18585799107597367,0,0.0,0
28309,51.17441203047113,1,4,6.939158417203228,7,0.2860265676781798,0,0.0,0
28310,25.991407641324244,2,3,2.0797844608937837,0,0.4411032448242239,0,0.0,0
28311,46.141624534699176,4,4,3.3478247405576314,7,1.0766085861983363,0,0.0,0
28312,47.485696899430984,2,3,10.628664853655348,7,1.1927533582450551,0,0.0,0
28313,62.50873548012418,6,6,2.603436851244224,7,0.6128542390136718,0,0.0,0
28314,27.193591213103417,2,6,8.988155961728598,4,0.8793636948920311,0,0.0,0
28315,47.09107539101439,3,6,10.506528734032006,7,1.0002302471309037,0,0.0,0
28316,17.125608020482343,4,3,7.878178998590567,2,0.9995555649704656,0,0.0,0
28317,29.348250298344535,4,4,9.287817654618271,1,0.9113622646413176,0,0.0,0
28318,43.01842226081629,4,6,12.16170331271714,7,1.0000333610231613,0,0.0,0
28319,39.96277139897992,3,6,15.849889979661825,1,0.5967173196693247,0,0.0,0
28320,36.03303246742291,3,3,19.998230023165785,5,0.7307390891332428,0,0.0,0
28321,22.123853208035335,3,4,19.99067286877009,1,0.19397809110181585,0,0.0,0
28322,29.369839556985475,3,3,18.818033975151774,7,1.0003615585664085,0,0.0,0
28323,35.231543840056105,2,2,13.508320269282684,7,0.99963191525277,0,0.0,0
28324,50.964673497202426,3,1,2.995496469587531,1,0.6818176074503091,0,0.0,0
28325,57.271201261139055,7,1,0.0,7,1.0094900056889304,0,0.0,0
28326,51.38965087003118,3,4,12.51651501105917,2,1.0002825776471682,0,0.0,0
28327,23.630986105866953,2,6,2.2024131827181552,3,0.3165833834567072,0,0.0,0
28328,56.67320519762883,4,1,13.735818647642727,3,1.000247936433009,0,0.0,0
28329,43.987973257203606,4,3,0.0,1,0.9996083480252755,0,0.0,0
28330,34.62616295938803,3,2,0.0,7,0.6526316860713507,0,0.0,0
28331,64.30469262101246,5,5,19.871445411561286,3,1.0001317085907924,0,0.0,0
28332,56.75095175971139,2,6,15.013757570113729,3,0.5111453337538043,0,0.0,0
28333,37.942393799091036,1,1,0.0,3,0.9971375365641704,0,0.0,0
28334,44.57090753437535,2,1,0.8126131219883153,3,0.5072400887867712,0,0.0,0
28335,36.13283271081645,5,1,0.053961558924005004,1,0.6386696988044426,0,0.0,0
28336,36.59333246501557,4,5,6.4178367530614695,1,0.48049220759442346,0,0.0,0
28337,63.51869776795898,6,6,2.9214644444903914,7,0.19873254344487556,0,0.0,0
28338,50.3354703295807,5,6,13.54510644522774,7,0.5410356261664091,0,0.0,0
28339,58.04857674470243,1,6,20.300704777744357,1,0.9871672974915522,0,0.0,0
28340,23.97726170498187,3,4,9.770918588687554,2,0.36227245359301635,0,0.0,0
28341,50.05663227267197,2,4,19.99221348385644,7,0.9997297126608811,0,0.0,0
28342,30.35914248629984,3,4,20.000564519936766,1,0.6491886307111262,0,0.0,0
28343,46.996121731456746,0,2,15.611691289469382,1,1.0002182616629884,0,0.0,0
28344,50.85036140603227,2,3,10.39045072049207,7,1.0000344701026342,0,0.0,0
28345,9.209447392269254,2,6,0.0,7,0.0,0,0.0,0
28346,61.85532293697971,5,5,12.836804765457137,7,0.9996557696021517,0,0.0,0
28347,45.76917338403164,2,3,7.8082932326498025,6,0.26853485845303526,0,0.0,0
28348,44.346729165752116,2,4,4.838850621024064,7,1.0005822235150423,0,0.0,0
28349,26.897589055701694,3,6,1.5577010405083094,3,0.6546676635394141,0,0.0,0
28350,61.62044805882837,4,3,14.121365665046024,7,0.9994656929791623,0,0.0,0
28351,16.72552054921727,3,6,12.514022666009769,5,0.5963920612061759,0,0.0,0
28352,49.94718312910526,3,3,20.002562717101767,5,0.6530594287517032,0,0.0,0
28353,29.791638694140417,5,2,6.401711495726817,6,0.23664614055234545,0,0.0,0
28354,53.379071005518725,3,2,4.854076230842821,7,0.9995126143870541,0,0.0,0
28355,55.055427422401834,4,3,22.454091968374122,7,1.0004541304634804,0,0.0,0
28356,50.80846453193025,4,3,13.339650907065646,7,1.0003224780507913,0,0.0,0
28357,41.719158917273944,2,1,14.238115493726507,3,0.0,0,0.0,0
28358,36.423321841032674,4,3,1.8821063294198446,3,0.4475090615248004,0,0.0,0
28359,45.21606819771224,4,1,9.999451482047128,7,0.48966333528331374,0,0.0,0
28360,45.50954279810951,4,3,0.0,3,0.4993360752194901,0,0.0,0
28361,34.011323674960735,0,1,12.752134052550467,3,0.23753858813721163,0,0.0,0
28362,36.67095163472226,3,3,0.432356330673052,2,0.23658864732836354,0,0.0,0
28363,50.37400266946015,1,1,6.633637348154575,7,1.0004672673948898,0,0.0,0
28364,64.0516381935508,5,4,17.936103192063367,7,0.9998692481322219,0,0.0,0
28365,21.956634583795044,2,6,9.713017712781479,2,1.007936561888608,1,2755.1421845939813,1
28366,30.793928006051893,3,6,15.169104988484518,7,1.00015210937952,0,0.0,0
28367,50.47657182828607,4,6,14.025702998734078,7,0.9997011735078092,0,0.0,0
28368,64.17311891734747,5,3,10.362178252566377,2,0.19180489865012462,0,0.0,0
28369,62.51060741546336,3,6,9.282742348061884,7,0.41975388673554176,0,0.0,0
28370,36.26147430692694,4,3,4.798764779530095,2,0.9997925273611316,0,0.0,0
28371,41.45662931986582,2,2,0.32608803158216304,1,0.5128163588438865,0,0.0,0
28372,32.111997548825585,1,4,4.00256547981205,2,0.41205321874656997,1,10134.024368683004,1
28373,38.402349509064386,2,3,6.273584721234328,7,0.9997378464242987,0,0.0,0
28374,51.57162566605166,1,6,24.064105956602944,6,0.6398174432453414,0,0.0,0
28375,46.32302855697107,5,3,17.168972353160253,1,0.9911392340383357,0,0.0,0
28376,45.1734952632928,5,6,11.877747144880589,2,1.157997838080697,0,0.0,0
28377,31.212274996230505,4,6,2.541599457321041,3,0.7918603506206987,0,0.0,0
28378,3.8120839184098685,4,7,4.540966719858527,1,0.0,0,0.0,0
28379,41.033793215296875,4,3,6.083278280147408,6,0.5044085493461393,0,0.0,0
28380,62.6262562230273,3,3,11.102477794513076,7,0.9431879927006692,0,0.0,0
28381,38.443202419700725,3,5,12.536733848681562,1,1.0004146885816323,0,0.0,0
28382,47.27350566224614,3,6,11.534572785287981,1,0.15968016969278642,0,0.0,0
28383,65.08536811641112,5,2,7.123430144892435,7,0.9996058079425105,0,0.0,0
28384,38.44775857500341,3,3,5.003897985543888,4,0.3135014781605411,0,0.0,0
28385,25.603122820741227,2,6,11.436840051143657,7,0.6609727339731503,0,0.0,0
28386,37.12738381822581,3,1,19.99857366567894,1,0.6046707506210945,0,0.0,0
28387,53.48860488718543,3,3,3.589954779569279,3,1.0003914958407312,0,0.0,0
28388,46.8419429816905,6,6,3.740630010967881,0,0.4720389547919609,0,0.0,0
28389,50.27526945698294,3,6,15.047128359161132,0,0.5543265332859575,0,0.0,0
28390,47.517525793525984,3,1,12.516677331564987,7,0.920619568524544,0,0.0,0
28391,24.30567468430867,2,2,6.885230342715462,3,0.6051478334699213,0,0.0,0
28392,32.3692886065958,5,1,7.383797238722989,7,0.48145427709670796,0,0.0,0
28393,58.15868602914234,4,3,3.00320621115754,7,1.0003632079818885,0,0.0,0
28394,40.57529432861651,2,3,7.239206037164541,5,0.0,0,0.0,0
28395,43.52869202617215,3,5,10.16108643673498,7,1.0005153644097455,0,0.0,0
28396,45.151863009745355,3,1,22.314171577821433,2,0.9996796142938225,0,0.0,0
28397,69.50841978182133,4,4,20.00508296685435,1,0.505130565753553,0,0.0,0
28398,26.311552452971842,3,3,5.147043534921521,3,0.26819783177106454,0,0.0,0
28399,35.31250076110652,4,4,20.00254602683301,1,0.13252593029471094,0,0.0,0
28400,36.21612736334964,3,2,10.85489749169847,6,0.5072069453497948,0,0.0,0
28401,46.77822954857001,3,1,11.3329881287957,2,1.0544100142404473,0,0.0,0
28402,33.34319291955727,4,5,7.91127540589687,1,0.4149729335953614,0,0.0,0
28403,44.39710646495166,3,4,10.840612096553349,7,0.43905895499730596,0,0.0,0
28404,59.3723161785781,4,1,6.070844107887157,3,0.9371923165066521,0,0.0,0
28405,52.73180638161616,3,4,19.999938009589776,1,0.9089218315208001,0,0.0,0
28406,21.95851439393174,1,6,0.8402335928129627,0,0.25244876778855035,0,0.0,0
28407,26.206956564082272,1,2,11.802912501042886,3,1.0005178975534785,0,0.0,0
28408,56.13419670759326,3,3,3.278158714297505,5,0.999368054106893,0,0.0,0
28409,77.47865283903303,1,4,19.99012570140465,7,1.0653096254595062,0,0.0,0
28410,52.533617451438474,3,2,17.43179903904,2,0.9788527074287785,0,0.0,0
28411,18.355705147699833,1,1,2.550716938282161,6,0.8222591922744691,0,0.0,0
28412,57.144437174448456,2,6,9.962635921009221,6,0.04140016336731345,0,0.0,0
28413,30.383404223392358,5,1,0.0,4,0.46406409570633095,0,0.0,0
28414,24.375994535906415,4,5,16.967910936080386,1,0.27606394343855944,0,0.0,0
28415,23.717549437947795,1,6,5.377527883736078,5,0.23835541202936822,0,0.0,0
28416,45.65437713152986,3,2,0.0,1,0.1821224342968094,0,0.0,0
28417,39.58065767807701,1,6,12.034347627683838,1,0.3220181554696363,0,0.0,0
28418,33.544658178546754,3,4,5.538462195717659,5,0.9193282257072043,0,0.0,0
28419,23.434940403286195,4,5,9.440534308343487,1,0.862333822738288,0,0.0,0
28420,42.80381402855656,4,6,19.240269782655844,3,0.43766849424379134,0,0.0,0
28421,42.35956632023054,3,6,13.105494386602222,6,1.0973676711593623,0,0.0,0
28422,57.713445890613556,5,1,13.771027284013877,1,0.6689198171243318,0,0.0,0
28423,40.53244045831978,3,1,6.411797732058877,6,0.9998573490507645,0,0.0,0
28424,37.2109147032549,3,2,14.764244126206934,1,1.0000879287816646,0,0.0,0
28425,56.83419258535574,4,4,2.2193882053971894,4,0.5032701617158828,0,0.0,0
28426,27.608816104471686,4,1,0.0,7,0.9932493400529161,0,0.0,0
28427,25.166996985715762,3,4,7.587464566991614,2,0.6983734564443745,0,0.0,0
28428,44.553681787742015,2,6,4.663084395808093,2,0.5241034324855665,0,0.0,0
28429,37.64091164626927,2,6,13.45789462645281,6,0.9998876952569201,0,0.0,0
28430,58.40269646109414,2,6,8.175619053280172,7,0.3894944021194181,0,0.0,0
28431,37.89626433827547,3,1,15.765912432917297,7,1.0004693461529643,0,0.0,0
28432,18.49937147388011,4,1,2.929255341526593,4,0.26278640287563304,0,0.0,0
28433,68.89319168337907,3,3,4.785625230354274,2,0.9996209907483804,0,0.0,0
28434,45.58668052769358,3,3,3.8651538724208843,4,0.5641424915944067,0,0.0,0
28435,55.498299258066616,2,1,14.026990088467148,7,0.9758746797740667,0,0.0,0
28436,31.44928291117091,4,4,19.392572794258207,1,0.9603091604047198,0,0.0,0
28437,28.465012258365093,7,2,2.339298184512211,6,0.4722430199438668,0,0.0,0
28438,31.210665717024042,4,5,15.863983242486267,3,0.42688171292805777,0,0.0,0
28439,18.273244787239538,6,1,10.91305302501987,0,0.6344444978221688,0,0.0,0
28440,19.817090140114047,2,1,2.43131624887339,3,0.2790898372045601,0,0.0,0
28441,36.48917147482916,1,2,10.600920165304393,7,1.0001306014948117,0,0.0,0
28442,55.73212877531142,3,4,9.1638979753211,0,0.5854895767928171,0,0.0,0
28443,29.455842753072787,4,3,13.260614835824954,4,0.5848756587057581,0,0.0,0
28444,30.120468786172637,4,6,12.153337767054357,1,0.9771122924073934,0,0.0,0
28445,46.78910767636723,5,3,11.215436051434855,2,0.4976734645150874,0,0.0,0
28446,51.44717775971648,5,1,15.433191592645333,0,0.9299817869734642,0,0.0,0
28447,41.268583914116235,1,1,8.546628133400322,6,0.8501307343781561,0,0.0,0
28448,39.28095813112275,0,1,10.089884587404201,7,1.0003855081672595,0,0.0,0
28449,46.61496542087241,1,2,26.54281136443226,4,0.07909896359589441,0,0.0,0
28450,58.00036775912194,2,3,14.481681192091086,2,1.000066485770879,0,0.0,0
28451,31.948773665478935,4,3,16.886967146170335,3,0.5048381743305861,0,0.0,0
28452,46.396076305610244,5,3,10.177494630226528,3,0.9999957628240499,0,0.0,0
28453,35.55869361236344,2,3,4.615403521321045,2,0.9996292478100715,0,0.0,0
28454,50.20657174054134,3,3,18.512738316913893,7,0.9993639434866534,0,0.0,0
28455,25.429168350018145,3,6,7.702134748527575,2,0.25870930954428506,0,0.0,0
28456,24.92354875488431,1,6,13.277887793005117,4,0.2887097954237591,0,0.0,0
28457,53.97638526834876,5,1,20.49838973205381,7,0.9990627462374537,0,0.0,0
28458,67.93544607706067,4,1,7.581100776323352,7,0.9950324673444941,0,0.0,0
28459,45.99160900966869,1,1,19.348538236052015,7,1.0002129554076808,0,0.0,0
28460,50.750287523006556,3,3,1.816258238805867,2,1.000059241518015,0,0.0,0
28461,27.576404910045092,3,1,18.11911284584314,7,0.9997614265617886,0,0.0,0
28462,40.35715212915546,4,3,11.264351727799445,7,0.9997786543893818,0,0.0,0
28463,30.081073432568203,1,5,11.771254092367164,4,0.31328098248303565,0,0.0,0
28464,55.98915522105007,2,6,16.211292161080078,2,1.0001137776530988,0,0.0,0
28465,47.84988508346078,3,3,20.01308062445956,4,0.08634273106284218,0,0.0,0
28466,58.75928061712523,3,1,9.364241512480106,5,1.00013558920985,0,0.0,0
28467,35.923921137805486,2,6,16.323275211745603,6,0.651450213839853,0,0.0,0
28468,41.91426835604471,4,6,11.151251901790912,5,0.9997377240996494,0,0.0,0
28469,23.93106611665729,3,2,8.943211438696501,5,0.9997938634576143,0,0.0,0
28470,46.649641615881464,3,3,9.114703818047644,4,1.0000804270325436,0,0.0,0
28471,36.632624856607336,3,2,20.866869314778164,7,0.623596297945482,0,0.0,0
28472,29.0705374994088,1,1,0.2005748144412589,2,1.0000891292184049,0,0.0,0
28473,42.9038531879614,3,6,10.481266418548664,6,1.3884403652582245,0,0.0,0
28474,42.91648699924224,1,1,11.077051517230041,5,0.5021442310868333,0,0.0,0
28475,45.173160720767235,4,2,3.4057359785807018,7,0.1976914282973123,0,0.0,0
28476,26.760795258439195,2,1,0.0,2,0.9448397546376226,0,0.0,0
28477,39.80202651802159,4,1,10.275203323050178,4,0.46947001365278995,0,0.0,0
28478,24.561688165203684,4,6,11.042487143191813,1,0.7169182492155866,0,0.0,0
28479,28.852813558875418,2,1,19.141716084069834,0,0.22042741063589066,0,0.0,0
28480,67.24535372523692,2,3,4.2913118520043625,5,0.4951119663358038,0,0.0,0
28481,11.321710389250853,6,1,1.9125978175248068,1,0.27964210720618743,0,0.0,0
28482,50.05103321541081,4,2,11.280922799327685,7,0.9998803209944236,0,0.0,0
28483,42.344639793457375,3,1,15.667018961199622,4,0.9998031701803809,0,0.0,0
28484,43.6622523119194,1,6,12.895043953899776,1,0.9937546242362421,0,0.0,0
28485,73.46504861234337,2,1,9.076227616543104,7,1.0001214270250935,0,0.0,0
28486,51.45370731089491,2,1,9.506020397148095,7,0.2660308016238951,0,0.0,0
28487,60.30261752525162,1,4,13.4256264233642,1,0.9732361685818933,0,0.0,0
28488,29.884767090947193,5,6,6.735003660062565,7,0.9326504931714975,0,0.0,0
28489,20.61104135036731,2,3,9.163992879197822,4,0.21181824075550842,0,0.0,0
28490,47.263333090049926,3,4,5.885267318973492,1,0.5632240073427793,0,0.0,0
28491,16.60213474571469,3,4,14.205351322331502,7,0.12776701617368214,0,0.0,0
28492,60.29743957093909,0,6,15.017727537052783,4,0.5073977299879376,0,0.0,0
28493,38.869182529184926,3,1,19.994715888388242,4,0.5355465307607927,0,0.0,0
28494,42.89490096691187,3,4,18.634054490361528,2,1.0000283154098246,0,0.0,0
28495,46.8365364734247,3,3,10.635085315398072,7,0.9998619557121118,0,0.0,0
28496,49.434590171870916,2,1,14.48456241413382,7,0.48217999682725177,0,0.0,0
28497,37.465759593034385,3,4,16.62786662028345,1,0.0,0,0.0,0
28498,76.85887386378315,4,5,22.105518403303442,4,0.5022842121463381,0,0.0,0
28499,28.547429827927438,2,3,12.209500569158939,1,0.29941486867032435,0,0.0,0
28500,53.58207348666812,2,6,7.901575029918277,7,0.32209558122604054,0,0.0,0
28501,45.01971315379485,3,3,22.768691296057515,4,0.5107253828467452,0,0.0,0
28502,23.140709559383154,4,3,0.7101328522004504,3,0.16882613105266142,0,0.0,0
28503,43.64318448460548,5,3,16.960767462310887,4,0.14494088043877718,0,0.0,0
28504,39.26119480034732,4,1,20.005401606435555,4,0.5593245381316387,0,0.0,0
28505,35.022914145629215,2,1,16.207101095592595,4,1.0001565770031406,0,0.0,0
28506,30.313220613004013,3,6,0.0,5,0.6075195793106702,0,0.0,0
28507,26.119884656632976,3,6,22.89467805817948,5,0.9997059671425674,0,0.0,0
28508,46.57370470229704,4,3,4.6327575518474,2,0.9999454605465335,0,0.0,0
28509,25.567955718582493,2,5,7.24368749055262,7,0.9283119422011721,0,0.0,0
28510,27.269432242949065,4,1,2.037947299297336,1,1.0005128723659662,0,0.0,0
28511,13.661271054982638,3,4,2.4955221764025435,1,0.3290576386280371,0,0.0,0
28512,44.3139452597161,4,6,14.255337626857774,7,0.834858506769413,0,0.0,0
28513,33.154406644733854,3,3,14.103938785244429,7,0.9996209774531865,0,0.0,0
28514,45.063419745283944,3,2,9.726544000121729,7,0.9683604886097722,0,0.0,0
28515,19.778061943906327,2,1,3.297450515940344,0,1.000086942788207,0,0.0,0
28516,30.01767421225558,1,2,10.641933894733025,6,0.5737210227633921,0,0.0,0
28517,40.35897698229636,3,6,11.449160848572355,3,0.9997465064048051,0,0.0,0
28518,42.18411886710405,2,3,5.441209429512897,0,0.21981803512560966,0,0.0,0
28519,52.944777746779984,2,6,14.451177402988183,3,1.0003110186731514,0,0.0,0
28520,34.0661502800075,3,1,3.540603180330111,1,0.3894513712411107,0,0.0,0
28521,35.5536394280157,2,3,17.032202874340385,7,0.9998916371604891,0,0.0,0
28522,51.99012953791672,3,1,5.953031252020155,4,0.4979380842706721,0,0.0,0
28523,44.92002779546344,3,5,13.341529372828846,2,0.9996583639708635,0,0.0,0
28524,52.81649259587884,3,6,15.56560593488712,6,1.0005270690117727,0,0.0,0
28525,12.432421442568078,4,5,7.648122063014129,2,0.041389761899239375,0,0.0,0
28526,32.86448894185894,4,1,12.155188401501935,7,0.9999465120610087,0,0.0,0
28527,31.75263400201242,4,4,4.268437118114703,7,0.7102724240444944,0,0.0,0
28528,53.62235901091823,6,2,2.9841613837201173,7,0.7083603903731938,0,0.0,0
28529,31.426877250015288,2,5,20.010306607240054,1,0.35686798463911035,0,0.0,0
28530,38.03877086413897,2,3,11.200844545040722,2,0.9644557788020297,0,0.0,0
28531,55.6735200585798,1,4,16.33799018877462,1,0.9959507677783704,0,0.0,0
28532,56.3718076060971,5,3,5.836669850753366,3,0.24119205563657303,0,0.0,0
28533,54.49106606090881,3,3,21.32127238055101,0,1.000335482224734,0,0.0,0
28534,47.89916938446924,3,5,18.18043250269109,7,1.0002806781384086,0,0.0,0
28535,25.507257655408367,3,7,2.1398050414098346,4,0.0,0,0.0,0
28536,40.90195503872888,5,3,10.388850592495546,2,0.4964898679841962,0,0.0,0
28537,30.469277224405747,4,6,9.666100135728035,5,0.33918538427262934,0,0.0,0
28538,54.12196582475572,2,3,5.748260421618479,4,0.9998713855514365,0,0.0,0
28539,20.1921445274202,2,5,6.4910979081584,1,0.973227681483776,0,0.0,0
28540,70.384598802061,4,3,7.623734221150823,4,0.43947102638358404,0,0.0,0
28541,31.353591539049365,4,2,19.1735448690495,6,0.8156316602344137,0,0.0,0
28542,37.65935867684797,3,3,7.702494085784824,2,0.9997969635442908,0,0.0,0
28543,30.914136852060224,3,5,13.424805326967206,1,0.48392184107928915,0,0.0,0
28544,64.01801154295492,2,6,7.749556867863555,6,0.4541870235571942,0,0.0,0
28545,18.37757199281622,3,4,9.847970617919763,2,0.9998420856512794,0,0.0,0
28546,31.599351443834735,4,2,10.243529471450941,7,1.0000259861631897,0,0.0,0
28547,27.13526519723751,1,6,7.278018395250962,3,0.8488719447353391,0,0.0,0
28548,42.03546389510232,2,4,7.26666669016309,1,0.1797069150206867,0,0.0,0
28549,43.971831873751285,3,3,12.55274118762543,7,0.9999161477572076,0,0.0,0
28550,49.43589845632338,2,6,14.358981704432082,0,0.5013930494230536,0,0.0,0
28551,57.53631475298118,3,5,14.079797128840735,1,0.5764344073033931,0,0.0,0
28552,43.28132251605822,4,2,9.901420220558522,1,0.3956821846378056,0,0.0,0
28553,58.90703683094749,2,2,18.31380321945509,5,0.3364009230546005,0,0.0,0
28554,37.80636015736268,4,3,18.30843649840409,4,0.9994431463514306,0,0.0,0
28555,52.04735930505395,1,3,13.895277843973506,4,0.8370609456766901,0,0.0,0
28556,33.71258736242838,3,3,12.491396850077857,6,1.0002619434016042,0,0.0,0
28557,40.322379768240864,3,4,9.238654811095348,7,0.9807803647539016,0,0.0,0
28558,45.48553413305226,0,3,10.259119304334758,7,0.5242817899579991,0,0.0,0
28559,23.84441670880247,2,6,8.232680804521632,3,0.34293220480285497,0,0.0,0
28560,62.42676280733113,2,1,19.99532647037269,3,0.42162597342077063,0,0.0,0
28561,72.630063688708,3,3,16.736191617543845,6,0.4974098070058968,0,0.0,0
28562,57.770180307898855,2,4,10.630677658332244,9,0.6720704354097513,0,0.0,0
28563,34.50171550575769,3,1,13.905917441986215,3,1.000045589103331,0,0.0,0
28564,29.632091895969566,2,3,5.045220477641276,2,0.19451544893512263,0,0.0,0
28565,35.756852475955604,3,1,17.55428812686525,7,0.6099618001733211,0,0.0,0
28566,51.041811462283164,4,1,20.010434226929625,1,0.6149535185881074,0,0.0,0
28567,42.33634360523914,2,3,0.0,3,0.35147086695053276,0,0.0,0
28568,57.5528566600199,5,5,20.00236944529268,1,0.49055898277089216,0,0.0,0
28569,40.170507454465856,5,3,22.00922243512528,5,0.4975309435759731,0,0.0,0
28570,28.15769930239623,2,3,15.13826419191534,3,0.4987202539001404,0,0.0,0
28571,43.38373716837352,5,6,10.172107333158436,2,0.3259036158621575,0,0.0,0
28572,32.59286356460065,4,1,20.016804122602466,2,0.619892752255421,0,0.0,0
28573,40.59106913086739,3,5,13.053762250758563,6,0.6182683444924824,0,0.0,0
28574,44.60409683202746,4,4,4.15976671182572,4,0.5973512918114589,0,0.0,0
28575,38.90220714454904,3,2,10.884502075688054,6,1.0003385778220888,0,0.0,0
28576,21.673795207928265,3,2,0.14829801545182342,6,0.5063894005172663,0,0.0,0
28577,38.797227397116835,3,1,14.875843660964712,3,0.9437026128727315,0,0.0,0
28578,57.61183958066692,2,3,7.385508674922681,3,0.4373097755984629,0,0.0,0
28579,36.91900424827398,2,3,5.691200015403515,5,0.5029041537032841,0,0.0,0
28580,36.30126051942668,2,4,20.001355628683715,4,0.9996704061127777,0,0.0,0
28581,52.568434851886956,5,6,10.631219772012415,7,1.0000038516264076,0,0.0,0
28582,44.99970415433469,3,5,17.8938439814478,7,0.5385849798856269,0,0.0,0
28583,20.377305506083516,5,6,1.957379538474168,7,0.05903556495389961,0,0.0,0
28584,32.55058966300961,5,1,10.983036192336106,2,0.48544655929697894,0,0.0,0
28585,38.55867782638809,3,1,14.118848940311857,7,0.4817267790965773,0,0.0,0
28586,36.94705345430638,4,1,20.001474800503,3,0.17732983070637076,0,0.0,0
28587,53.728727896241026,3,1,4.335812535412532,4,0.2682368206770489,0,0.0,0
28588,57.64190286097875,2,2,8.66083350520245,5,0.26876156924955974,0,0.0,0
28589,44.58193422307795,4,3,8.581702761754073,1,0.99993554614507,0,0.0,0
28590,28.551117762660546,3,1,17.733814563911718,7,0.3352315780474024,0,0.0,0
28591,38.37046976418186,3,6,13.247787337517506,6,0.9247690608049609,0,0.0,0
28592,38.984496678949476,4,2,12.425774598656803,1,0.09645430103634267,0,0.0,0
28593,30.195567833141105,3,3,19.98962085431844,0,1.1705125579938591,0,0.0,0
28594,41.69981340723579,3,4,10.886402074351642,1,0.9642345046254223,0,0.0,0
28595,63.107939568730856,4,6,10.05960082297056,4,1.0001754156808973,0,0.0,0
28596,35.18367350899621,5,1,21.87943091005171,7,0.0,0,0.0,0
28597,19.675984283917547,4,1,22.770616813452012,7,0.9993896877002681,0,0.0,0
28598,34.44211197986087,1,4,4.959469753518495,8,0.4274507079888801,0,0.0,0
28599,61.230304588027536,3,1,19.768716370499845,2,0.0,0,0.0,0
28600,51.24151060164593,3,2,11.896263050755,1,0.6586316004840852,0,0.0,0
28601,76.3333220891229,2,3,8.913332673665606,2,0.2116099681104276,0,0.0,0
28602,57.87038565508942,4,3,12.080611447860512,5,0.4983101701996903,0,0.0,0
28603,34.491403806571306,1,4,14.781014824215422,6,0.9996219046167027,0,0.0,0
28604,7.814233584004739,5,4,12.856928648375959,1,0.9796746090334034,0,0.0,0
28605,25.065600662394257,5,4,10.902647715924253,3,0.4087430924694416,0,0.0,0
28606,46.893327424346076,5,3,2.8407526437541346,3,0.0,0,0.0,0
28607,42.17530809356658,4,6,13.339667540932206,7,1.0001051395369804,0,0.0,0
28608,27.29871829729618,2,3,10.983530980151263,6,1.0004788280668362,0,0.0,0
28609,39.982034052698395,2,2,20.003809156047907,1,0.9147358473160425,0,0.0,0
28610,45.92076497776651,3,6,17.85790177659075,3,0.47371121262970384,0,0.0,0
28611,56.629496220727106,3,2,20.14916395866677,7,0.5597541346418996,0,0.0,0
28612,44.7900530242874,3,3,9.281889614016812,5,1.0001819862780115,0,0.0,0
28613,38.20789336331835,2,3,1.9884176540925615,4,0.8051836143763733,0,0.0,0
28614,34.701600101158185,3,2,10.061610930644676,5,1.0000290812323493,0,0.0,0
28615,48.82675499135395,4,2,8.989817850954486,7,0.9998054795476718,0,0.0,0
28616,49.95589241087884,3,3,0.0,2,0.9994745239627507,0,0.0,0
28617,37.05705628266267,4,3,0.0,7,0.9999299179798489,0,0.0,0
28618,49.56850731832399,4,4,8.809932692745491,4,0.9999484519223112,0,0.0,0
28619,36.431649326314314,2,3,11.032408396513858,7,1.000348254063442,0,0.0,0
28620,48.58500480760392,3,3,10.812242038793585,4,0.9996304047333657,0,0.0,0
28621,43.587491625898366,3,6,14.76271249662851,4,0.9997146780402,0,0.0,0
28622,50.86479951241449,4,1,10.312683358308789,7,0.9480938126164229,0,0.0,0
28623,58.975085091570875,3,2,16.92164654949092,5,0.5768035745435764,0,0.0,0
28624,60.78653842460501,5,6,17.95873453415397,4,1.0004789724066887,0,0.0,0
28625,2.4524410107732706,3,4,8.348448849897524,2,0.38671133108183975,0,0.0,0
28626,45.657895382292516,3,4,8.085489536795922,3,0.8442102111713798,0,0.0,0
28627,33.55891969948341,4,4,20.010892485049283,4,0.2211166544985151,0,0.0,0
28628,40.157556529525806,3,2,14.40060837021901,1,0.0,0,0.0,0
28629,30.511928634221157,2,3,14.607657844877556,2,0.48847274771055027,0,0.0,0
28630,22.060013076118917,4,3,19.84182395321457,3,1.0001674252123416,0,0.0,0
28631,60.265775353213485,3,3,14.136149431730134,7,1.0000174538333182,0,0.0,0
28632,40.24249988931876,2,6,17.879524318011494,1,0.8993076640931015,0,0.0,0
28633,36.808533184286354,3,3,12.353126668646835,7,1.0002724608814224,0,0.0,0
28634,18.539970097173935,4,1,4.384706506498741,7,0.34957353757095777,0,0.0,0
28635,46.71954582014401,2,3,13.562019537319209,7,0.9762450745407503,0,0.0,0
28636,38.33430382740365,4,1,16.3971575108506,2,0.5904847673210836,0,0.0,0
28637,20.100145125308966,4,3,5.199816093154281,4,0.4977733441839892,0,0.0,0
28638,18.927592722854968,3,2,12.062899970016545,6,1.0002007328731706,0,0.0,0
28639,46.785578692356964,4,4,12.049769070968377,7,0.48901097477193595,0,0.0,0
28640,38.80302729322837,4,1,11.19246735109128,1,0.7199343538181701,0,0.0,0
28641,47.60037596340032,3,6,10.526416172230554,7,0.9999680239036515,0,0.0,0
28642,40.99200841471787,4,3,11.861590874849297,1,0.38255449573136496,0,0.0,0
28643,48.14308352436082,3,6,0.04915622330410052,6,0.5035094429115938,0,0.0,0
28644,28.578976145763328,2,6,4.99393085014375,4,0.8432190460336062,0,0.0,0
28645,53.609536010909906,2,4,15.87505629086415,4,0.2384185732797826,0,0.0,0
28646,65.0082627620767,3,3,20.00064166955059,4,0.47183224034741794,0,0.0,0
28647,52.437642665981336,3,5,11.425506786532642,4,0.9708111076457753,0,0.0,0
28648,29.816926904762127,2,2,11.994620320297916,7,1.0110189234535596,1,6474.605261189553,1
28649,32.50643109260166,2,1,15.563473886877524,4,0.971037086514504,0,0.0,0
28650,33.817734813310096,3,4,19.9987604648175,7,0.5111165584035978,0,0.0,0
28651,49.241388038861345,3,4,20.001820731832385,1,0.31206052306571386,0,0.0,0
28652,61.5746673780456,4,3,8.214273134480582,4,0.9999901921687055,0,0.0,0
28653,59.27365357070242,3,6,1.9124092729995983,7,1.0000172938837653,0,0.0,0
28654,45.370113371787006,3,3,20.003046510280406,4,0.3939928454990243,0,0.0,0
28655,43.43612497052329,3,3,13.66666787752082,4,0.9998561494626372,0,0.0,0
28656,52.8597018683548,5,2,10.178457492134845,7,1.0001966305549512,0,0.0,0
28657,30.087344660872127,5,4,9.024091126803384,1,0.9783699471822034,0,0.0,0
28658,54.959075792203166,4,6,15.199758069387418,7,1.0000237410014459,0,0.0,0
28659,40.56401312735461,5,3,16.86531888367029,7,0.21738828903570007,0,0.0,0
28660,26.442308163187832,0,6,8.175926299108704,3,0.40183496216936904,0,0.0,0
28661,31.371450568772172,1,6,7.882130412914214,7,0.7786506029182391,1,19588.98781368848,1
28662,31.354115879824665,4,3,13.909262295213095,2,0.5183744124940044,0,0.0,0
28663,29.837357055601196,3,4,9.370746024527831,6,0.25014953900006304,0,0.0,0
28664,17.28505549198031,4,4,15.183384737057251,2,1.00037457299039,0,0.0,0
28665,43.137505213119994,4,5,11.845567705694823,7,1.0004877835732402,0,0.0,0
28666,49.262516127492326,6,4,4.733372571941918,2,0.49984579775747295,0,0.0,0
28667,24.512837626079534,1,4,7.9560520803346275,6,0.5340413534927215,0,0.0,0
28668,28.465258022488378,3,2,17.843203241280428,6,1.0001575809301524,0,0.0,0
28669,31.329105221485,4,6,3.1769723283969142,6,0.8462450249772266,0,0.0,0
28670,37.25123948263294,1,6,8.646763332704047,0,0.3328766233885229,0,0.0,0
28671,28.982812993690146,5,3,3.206056456003557,7,0.36871870738300805,0,0.0,0
28672,21.221653814854047,4,4,20.00545224913178,7,0.9154741261955727,0,0.0,0
28673,60.67563692202345,4,1,7.957831582217501,3,0.49654689636495836,0,0.0,0
28674,49.093972487651236,5,1,10.543652545190227,6,1.0004652525152602,0,0.0,0
28675,57.684722048192214,3,4,19.01733771847644,4,0.3905070356265911,0,0.0,0
28676,46.02532215783556,3,7,4.209822265570613,7,0.38696716450088947,0,0.0,0
28677,62.13404888359133,4,2,0.0,7,0.47727875139527043,0,0.0,0
28678,58.25945796696397,3,2,10.197094838216922,7,0.9855066579964589,0,0.0,0
28679,44.37182759800691,4,6,14.550498062525989,0,0.6067830184510373,0,0.0,0
28680,35.79907098870032,3,6,8.632274666077697,3,1.000038297908012,0,0.0,0
28681,23.168451955114005,2,5,11.64709754025677,1,0.9939594782736225,0,0.0,0
28682,48.35214032543666,3,5,1.8336811901483543,2,0.3184147125194251,0,0.0,0
28683,18.02605633345527,4,4,3.4969030716532625,2,0.9996833016483473,0,0.0,0
28684,32.772355186019034,5,2,7.308757060037479,7,0.39152354604144424,0,0.0,0
28685,37.881595517621854,5,2,8.761464938030736,1,0.03452362877520487,0,0.0,0
28686,45.3318483006266,3,2,14.993188857394852,5,1.0000175592838234,0,0.0,0
28687,70.22998349080167,3,3,0.0,7,0.9999346327972185,0,0.0,0
28688,38.38958555927619,3,1,8.11249503056256,2,1.0001542227490219,0,0.0,0
28689,28.523793679651,3,2,11.213008502694937,4,0.969748484720553,0,0.0,0
28690,47.790424216531605,3,3,5.332622637070315,1,0.9926114369129089,0,0.0,0
28691,47.17421279674007,2,4,20.002704980967117,7,0.8669689170521444,0,0.0,0
28692,40.045528593709314,4,6,16.183442093706404,4,0.8512137900295096,0,0.0,0
28693,43.157991845504796,5,6,12.310286887653797,7,0.8253804239220894,0,0.0,0
28694,28.841372768481754,2,7,1.0866463484347566,6,0.0,0,0.0,0
28695,35.91116687261643,2,1,19.991129913536245,6,0.42136890481512035,0,0.0,0
28696,46.564448406274366,5,6,21.342673448811375,7,1.000379783501621,0,0.0,0
28697,64.75678238268502,3,3,21.119573946544804,7,1.0003203411849442,0,0.0,0
28698,30.84851537843472,3,3,11.072553945134269,3,0.5031658297145297,0,0.0,0
28699,43.684212147453,4,3,6.468275336622715,7,0.9991107311817922,0,0.0,0
28700,64.63980078982179,3,3,11.138442946139225,7,0.9999312012695925,0,0.0,0
28701,45.66864290740224,5,5,0.0,2,0.5021196190607194,0,0.0,0
28702,43.450069463498025,1,3,0.0,7,1.000022821827774,1,4891.452679030479,1
28703,55.82312322443427,5,2,0.0,4,0.42753808823733125,0,0.0,0
28704,52.89561276703562,4,2,15.863022375829424,5,1.012437503088972,0,0.0,0
28705,62.037040564966915,1,6,13.632393853473214,7,0.9997637007438318,0,0.0,0
28706,42.18415661872538,4,1,17.61006971073428,5,0.9874316786754569,0,0.0,0
28707,36.74652633695222,3,5,12.058276998442274,5,0.5045694926915609,0,0.0,0
28708,47.40347131903232,3,3,10.855864776557699,2,0.4453692095405982,0,0.0,0
28709,46.97020975320805,1,6,10.023069686303739,7,1.0001585838852707,0,0.0,0
28710,16.133161603939932,2,5,8.502084942577904,2,0.42298922758645496,1,14665.35036385647,1
28711,14.505981516743262,5,6,5.371087668640755,1,1.0338015984854554,0,0.0,0
28712,50.1662506548277,3,6,14.805754803747607,2,0.009188277299695069,0,0.0,0
28713,45.75515492096888,3,3,4.549873853184278,3,1.0001386328323276,0,0.0,0
28714,64.159446147379,1,4,19.998629111844853,7,0.21713235697845057,0,0.0,0
28715,30.358893050225916,2,2,14.948610479701843,6,0.4471760497851759,0,0.0,0
28716,40.179496329443,2,5,16.985446729893127,1,0.18616455018823796,0,0.0,0
28717,78.1439406571383,3,4,20.005315033572323,1,0.49700162619954436,0,0.0,0
28718,47.44880221039294,2,3,9.081409591786533,6,0.5002220291388111,0,0.0,0
28719,61.55262293479937,2,6,4.152189054162097,7,0.9997268272818874,0,0.0,0
28720,37.88705605797436,3,4,16.580503409549387,6,1.0001065667342721,0,0.0,0
28721,18.020617084355216,1,6,16.333946884160664,2,0.3581007389936771,0,0.0,0
28722,49.574232424960385,4,3,7.172540685016348,5,0.9998510796649405,0,0.0,0
28723,41.63017237803868,2,6,9.089526266375895,7,0.4727753146310064,0,0.0,0
28724,39.919354385595284,2,5,11.708213264551336,4,0.967815942467982,0,0.0,0
28725,43.08253794984648,3,3,18.198006433681556,2,1.0004039486039968,0,0.0,0
28726,23.782869747259348,2,2,8.764616404735103,7,0.5482991358616158,0,0.0,0
28727,14.410841650973634,1,5,16.950918680241347,2,0.13827821894570314,0,0.0,0
28728,49.51239101568923,0,3,18.1032797541899,7,1.000030398091147,0,0.0,0
28729,50.93044811231938,3,1,7.959090255484236,1,0.9998715232190513,0,0.0,0
28730,16.502135438984066,3,3,1.949505505188501,3,0.28673334972173287,0,0.0,0
28731,25.774904522590326,3,2,10.884137916038517,3,0.9889480741630313,0,0.0,0
28732,54.03847412519245,2,3,3.6488915349016366,7,0.7481049100315019,0,0.0,0
28733,57.366335618607124,5,3,13.131054133545476,5,0.5016200394145145,0,0.0,0
28734,41.52424156035112,4,4,10.096638360683238,7,0.9995776950806201,0,0.0,0
28735,31.221068713789215,4,5,3.476390156740516,7,0.9997860853173106,0,0.0,0
28736,48.164511829513486,3,3,8.506655679132749,2,0.5012138751149646,0,0.0,0
28737,17.7914381482541,2,5,8.941211270000727,2,0.9486566786679512,0,0.0,0
28738,26.244616297460304,2,6,0.43076794550898256,4,0.44392117788375784,0,0.0,0
28739,43.213526917066844,2,1,14.339994706711144,4,0.5011371637460397,0,0.0,0
28740,46.753780880519535,6,3,9.747886706088437,3,0.5001876127609622,0,0.0,0
28741,35.189753561429264,2,6,8.678785991409937,7,0.9855309610012231,0,0.0,0
28742,52.0409971584679,4,2,11.902910860207578,7,0.9989211820349677,0,0.0,0
28743,51.271099295127264,1,5,17.963706907863504,4,1.0245306317239746,0,0.0,0
28744,58.03642378285036,4,1,5.045012663662553,7,0.5428080200669978,0,0.0,0
28745,46.05342985954377,3,0,16.039677116307335,3,1.0004158840777748,0,0.0,0
28746,41.23705161574943,3,5,5.924303892146353,7,1.000128014944373,0,0.0,0
28747,50.1049376556,3,3,0.6346174096994908,7,0.2896763437841592,0,0.0,0
28748,55.79583876712058,6,3,10.702961486720568,7,0.6257888566474707,0,0.0,0
28749,38.188335948670044,4,4,12.824198320033553,3,1.0002613217999248,0,0.0,0
28750,47.67740284167736,6,4,19.992027003630465,1,1.0006009824248259,0,0.0,0
28751,29.395783462687454,5,3,5.687109235407755,2,1.0001245400320207,0,0.0,0
28752,35.28859211695207,2,2,9.920975314472491,7,0.6504425875821056,0,0.0,0
28753,42.738391133991904,3,4,21.11951471738987,1,0.9743037696217376,0,0.0,0
28754,27.45549001466157,3,6,8.372862975853124,3,0.3055115838512994,0,0.0,0
28755,26.86409574144877,7,2,8.448243087225876,5,0.3610859225268937,0,0.0,0
28756,50.08549951479661,3,6,14.244096790864686,3,0.3028002561892756,0,0.0,0
28757,70.6283251394064,3,4,20.002928337842896,2,0.9998195906421695,0,0.0,0
28758,28.513155174160666,1,6,10.308364316130493,2,0.4260844459568098,1,19191.301121127464,1
28759,48.290814203571685,3,3,1.562219560282319,3,0.9608409780817088,0,0.0,0
28760,51.199215434885204,3,3,19.996693914257918,8,0.1950552148411966,0,0.0,0
28761,50.49165040406401,2,4,7.419320414660898,5,0.1025643336799964,0,0.0,0
28762,44.914983075871575,2,3,0.0,0,0.9729450666172389,0,0.0,0
28763,65.11873010270106,4,3,22.42165843886547,7,1.0000778074135217,0,0.0,0
28764,65.9065685380678,1,2,11.504222342000336,5,0.7074798791471022,0,0.0,0
28765,34.97719031308617,2,1,14.729572065585913,7,1.0004013982835627,0,0.0,0
28766,36.36025310461769,4,6,12.863399492920344,4,0.3156797861876097,0,0.0,0
28767,31.360665055366574,4,2,2.616409861084806,7,0.5713761729349833,0,0.0,0
28768,47.36399583561457,2,2,15.404740138750078,3,0.6907978370877154,0,0.0,0
28769,43.495638059005785,3,1,16.344420002014417,5,0.9993638339255071,0,0.0,0
28770,49.36146353445241,3,3,2.602397434573497,2,1.0000265900133782,0,0.0,0
28771,51.51254613938434,3,3,5.942269848003653,7,1.0001336854754495,0,0.0,0
28772,23.154216795893827,4,1,10.424338189981722,2,0.2992346132789147,0,0.0,0
28773,28.342821982536194,1,6,23.010916735208085,4,0.5026823383161081,0,0.0,0
28774,24.297035042727202,0,3,12.919044193966476,2,0.9997464793582218,0,0.0,0
28775,24.247826721324415,2,2,11.471147563232178,2,0.14148275566245028,0,0.0,0
28776,21.99658660032195,4,3,0.0,3,0.9765280854256682,0,0.0,0
28777,46.88342080052789,4,3,23.618520055377395,4,1.0002065653285377,0,0.0,0
28778,11.427313756787754,5,3,5.662560316860029,0,0.42489011071679844,0,0.0,0
28779,57.08897227833151,0,1,14.350766140768187,4,0.496045053168193,0,0.0,0
28780,50.77377289874718,2,7,6.871194873665509,9,0.77502843525186,0,0.0,0
28781,25.099491253994447,4,2,12.449821285216304,4,0.32873767832570105,0,0.0,0
28782,29.817519361637864,2,2,13.5576582540942,7,0.38443558813357853,0,0.0,0
28783,16.266751739561858,3,6,18.150070034874393,3,0.3476743365701255,0,0.0,0
28784,73.52305272210931,4,3,0.49042493137811327,1,0.5881649595591758,0,0.0,0
28785,37.50397235694896,1,4,12.745981207862483,3,1.0261345616631004,0,0.0,0
28786,52.04023417619196,6,3,6.903627577877145,1,0.7024019985380486,0,0.0,0
28787,49.38921481979661,1,5,7.778912641694345,4,0.6266079843758412,0,0.0,0
28788,49.61879341857333,2,3,6.300973709788761,2,0.9994953350724189,0,0.0,0
28789,38.65765732330788,3,5,19.33151756313824,2,1.0000100902423774,0,0.0,0
28790,62.53940259047255,2,1,4.199820211654972,7,0.5423649204065475,0,0.0,0
28791,32.76456661786545,3,3,20.012177750712237,2,0.4857733963266811,0,0.0,0
28792,58.84030398512873,2,3,13.056103307448716,7,0.999689432492342,0,0.0,0
28793,47.5146407789356,3,6,8.69969843147183,7,0.9997415583348171,0,0.0,0
28794,40.0206432320783,3,4,20.010754055055536,1,0.824295465408428,0,0.0,0
28795,39.771734607123435,3,2,11.873754290448908,7,0.9998036928107926,0,0.0,0
28796,41.44988169497549,6,3,3.7786621612372624,1,1.0188048764631175,0,0.0,0
28797,22.907864273508714,1,6,3.5327730129183275,3,0.3110157926842012,1,62698.993873280546,1
28798,36.435394957203535,3,1,1.4060244882522586,4,0.3507250045509842,0,0.0,0
28799,57.05995806493269,2,6,16.405647043363857,4,0.19169819363906482,0,0.0,0
28800,21.445537786576306,1,7,2.034031077496156,1,0.0,0,0.0,0
28801,57.503439911828885,4,6,1.5540892533379065,2,0.5409595510356322,0,0.0,0
28802,51.52741187692531,5,3,5.5217001397657715,1,1.0001919805919792,0,0.0,0
28803,40.898096999043545,1,3,16.7633193112566,7,0.42414662910826,0,0.0,0
28804,31.95897531888545,1,3,6.99929326852938,7,0.5118518798924927,0,0.0,0
28805,45.460705618442326,2,1,16.084226037000548,2,0.08304011670990263,0,0.0,0
28806,42.051484630751176,2,6,12.837401693892087,6,0.9575320690640446,0,0.0,0
28807,46.356623980974895,2,6,17.18757875668927,4,1.0006877799246143,0,0.0,0
28808,31.266278638141877,4,1,4.6605677509080055,3,0.0,0,0.0,0
28809,45.906785115202666,4,6,4.672588002790585,7,1.0001300770242572,0,0.0,0
28810,51.133360244749575,4,3,6.872598721194069,7,1.0000232042171144,0,0.0,0
28811,19.034918573208596,5,2,12.171862559291085,1,0.9998942490635512,0,0.0,0
28812,43.50032256428021,2,6,20.304985542512995,4,0.7518748148308495,0,0.0,0
28813,43.11960154236319,2,3,6.573859161166013,2,0.9998433345369905,0,0.0,0
28814,48.907066358746114,3,6,14.028796060590011,7,1.000231079420714,0,0.0,0
28815,25.060973630249457,2,2,2.444726140803331,4,0.279756164119681,1,8438.91852262099,1
28816,34.26715459513136,4,6,0.36790059858614654,2,0.3997050906620449,0,0.0,0
28817,41.87490815128587,0,1,2.087089458929924,0,0.26633793097579433,0,0.0,0
28818,25.6174867485423,4,1,13.783371164929127,3,0.49776534768401026,0,0.0,0
28819,30.54284582684035,3,1,11.999040923659898,7,0.23030667768964241,0,0.0,0
28820,56.50696600886236,3,3,1.6156927612477716,2,1.000042829351356,0,0.0,0
28821,31.10570487471363,3,3,6.973327431922914,3,0.48733484178658,0,0.0,0
28822,47.07155489398224,3,3,3.3077058632913934,2,0.31348742024083515,0,0.0,0
28823,45.198504009140336,1,1,19.741256864195904,7,0.9761164033559112,0,0.0,0
28824,35.886814333650236,2,1,8.518487878407477,4,0.49677314086042723,0,0.0,0
28825,26.454459466981085,5,7,12.61734855513821,6,0.4499669713172515,0,0.0,0
28826,54.555912765928625,1,1,7.344771946969082,2,0.5010299649273293,0,0.0,0
28827,38.10599303210956,2,6,2.834730052078294,7,1.000115369324683,0,0.0,0
28828,39.96159279547659,2,6,4.415333897469499,7,0.20790774942682205,0,0.0,0
28829,59.000537987675244,4,4,6.639310366220452,1,0.29679253764477737,0,0.0,0
28830,41.07162899822019,3,4,12.376935809895521,7,0.4130651243784258,0,0.0,0
28831,54.94598416794909,5,6,8.677281422355758,7,1.0002411316870197,0,0.0,0
28832,36.19582708599438,4,5,12.380169080943087,3,0.4772602989903899,0,0.0,0
28833,25.95606585604904,3,6,15.83175887861611,7,0.33547236259520924,0,0.0,0
28834,30.314823900904443,3,2,6.805053758970155,1,1.090326711738199,0,0.0,0
28835,28.17700570932511,4,1,10.345734193721448,4,1.0003512579270408,0,0.0,0
28836,35.35306006883002,2,1,13.31346571452777,4,0.502879790508135,0,0.0,0
28837,39.1108593952441,1,3,20.561685439884247,3,0.4968379151368031,0,0.0,0
28838,56.57483951633895,1,1,19.13775167183436,7,0.6262720635142716,0,0.0,0
28839,50.50641120077904,3,3,19.99769108313901,1,0.42014408308436285,0,0.0,0
28840,22.264932584233968,3,1,11.508267865084367,3,1.0000855237872384,0,0.0,0
28841,49.88785488496212,4,3,19.99898223169629,1,0.0,0,0.0,0
28842,22.844466208944706,2,6,14.609291931995603,3,0.9998627403565933,0,0.0,0
28843,22.3143033494148,4,6,6.501029816704902,2,0.11126928068334063,0,0.0,0
28844,20.27114242015578,5,4,9.126843026382902,1,0.9462221113820298,0,0.0,0
28845,44.378950182881525,3,1,16.46031576715762,0,1.0003522925363113,0,0.0,0
28846,33.103908364717356,5,1,2.0447675675891794,2,0.0,0,0.0,0
28847,49.18538903964557,3,6,11.662945499339724,3,1.00013335034164,0,0.0,0
28848,43.002191981581426,4,3,16.338099388179398,1,0.7758218415280353,0,0.0,0
28849,48.34533478738063,2,3,1.774548780196266,1,0.926417453025018,0,0.0,0
28850,40.66173039151866,2,3,1.8679213062822502,4,0.44259757658585086,0,0.0,0
28851,26.926494081252187,4,2,3.4678364282523155,7,1.000093021158178,0,0.0,0
28852,33.172097020233906,2,2,8.48148603480243,6,0.9428427247193729,0,0.0,0
28853,42.90869662503111,3,1,20.001353167633297,1,0.25379254056047973,0,0.0,0
28854,41.25394921416791,3,2,8.311149945675192,7,0.9996372598263132,0,0.0,0
28855,46.944400041649885,4,2,4.3193447656210555,7,1.0005628087622096,0,0.0,0
28856,49.04890128398388,5,1,0.9974616390935616,3,1.0001022640455064,0,0.0,0
28857,49.98997912438718,4,3,19.696655715512303,3,1.000390614409077,0,0.0,0
28858,41.217397486925925,2,1,17.187808047495032,7,1.0003456044944055,0,0.0,0
28859,45.656380671738376,1,7,3.3360115154747234,1,0.0,0,0.0,0
28860,58.93499511437797,3,1,8.986239253208442,7,0.755934150312087,0,0.0,0
28861,48.387625462624655,2,4,2.961240610802907,2,0.5470916918094031,0,0.0,0
28862,49.35624092236277,3,3,16.796789447299826,1,0.9996047956498492,0,0.0,0
28863,53.10704801227406,3,3,20.009512880822847,2,0.5966526599034839,0,0.0,0
28864,52.61881298158377,2,1,15.592206540477992,7,0.9993246253082266,0,0.0,0
28865,46.90327705383845,3,1,15.544596505071828,4,0.4998643387234989,0,0.0,0
28866,55.15611105389947,4,3,12.50465049152807,6,1.000638789476541,0,0.0,0
28867,34.92480100764092,2,1,5.433124711091294,7,0.5522313636582323,0,0.0,0
28868,28.932836247162996,1,4,8.601033639919196,5,0.5283227572654915,0,0.0,0
28869,54.29702988591777,2,6,0.0,7,0.9999472452219178,0,0.0,0
28870,31.2430231685179,2,7,8.796897981830735,1,0.21943807553799377,0,0.0,0
28871,42.952427627732305,3,3,0.0,4,0.9997632039959268,0,0.0,0
28872,45.02746995531366,3,3,5.346746192541957,5,0.4965685270708925,0,0.0,0
28873,41.40214721070512,4,4,10.693089268435669,4,0.9998963072176563,0,0.0,0
28874,42.490079769387904,4,3,0.0,5,0.4972173432671355,0,0.0,0
28875,66.31235807665905,3,8,14.488945090004947,2,0.9996489148014219,0,0.0,0
28876,34.07051778243758,3,2,11.730731502851997,1,1.0000211140222524,0,0.0,0
28877,24.705058482793632,3,1,8.127413860445486,1,0.3912989452004577,0,0.0,0
28878,35.974798239664196,5,2,10.235529957595125,7,0.6017205110816468,0,0.0,0
28879,47.84058466313336,5,6,19.610486549131437,1,0.9719722704403003,0,0.0,0
28880,24.20969141952138,2,6,6.068973084121241,5,0.922242050701332,0,0.0,0
28881,35.086786229972375,3,1,20.005846410670763,3,0.20860763967511758,0,0.0,0
28882,31.351423208257494,3,4,5.061098509788775,0,0.5914698117605754,0,0.0,0
28883,45.012267028246505,4,3,21.212602793616128,5,1.0000318024889767,0,0.0,0
28884,26.17456058096399,3,4,10.974802388930103,1,0.2330197721997297,0,0.0,0
28885,44.78967269244284,2,3,19.999893405651086,7,1.0046198077830544,0,0.0,0
28886,19.63369329070686,4,3,17.149890032981112,3,0.12444424203506133,0,0.0,0
28887,23.94359437324558,4,3,17.404951758246,4,0.20212127550937709,0,0.0,0
28888,39.72611662950042,4,3,7.217907933290255,6,0.4335444273215129,0,0.0,0
28889,38.9065318000014,3,6,9.687673540059956,7,1.000297479047318,0,0.0,0
28890,20.813440644871736,2,5,11.10768587668145,3,0.9853316654276552,0,0.0,0
28891,44.47813981139835,4,2,7.634022237510067,7,0.9995793795165978,0,0.0,0
28892,30.780029222484984,5,4,10.242695161638569,1,0.9685606357052226,0,0.0,0
28893,41.15845955612928,4,3,7.971940985792383,3,0.5025036119538453,0,0.0,0
28894,19.655617777081392,3,6,1.2015279368508658,7,0.6482314121307846,0,0.0,0
28895,59.417788108298176,3,3,6.199017098805681,4,0.24189445040114443,0,0.0,0
28896,39.233345231548064,4,4,19.993946969536573,7,0.9998896981452815,0,0.0,0
28897,48.17761219085313,3,1,21.50893783584864,3,1.000419492822963,0,0.0,0
28898,50.703349250968074,3,5,18.76723503188117,2,0.9995694362572602,0,0.0,0
28899,47.6735768164731,3,1,0.0,4,0.4991261213901752,0,0.0,0
28900,32.94084038996813,3,5,17.47396206328591,1,0.6763859885209929,0,0.0,0
28901,38.05317632969616,1,3,11.549014288001102,7,0.9998280989812325,0,0.0,0
28902,33.66604742012825,5,6,12.257323285845976,2,0.28731234527609456,0,0.0,0
28903,52.238641137546296,3,1,19.99849781965414,5,0.5760961162331476,0,0.0,0
28904,28.933462462599767,0,3,11.552561384334336,2,0.5157997817887606,0,0.0,0
28905,53.992570456533876,1,4,13.465633458208584,0,0.0,0,0.0,0
28906,35.3706776744509,2,1,17.95937364760221,2,0.2533745097797473,0,0.0,0
28907,28.75985430545871,4,4,19.996713849385785,3,0.5676313531667756,0,0.0,0
28908,47.69024502114182,4,1,10.594903771949756,6,0.5051423266475771,0,0.0,0
28909,35.52230818462583,5,2,17.125304658617903,1,0.30275672440000323,0,0.0,0
28910,29.617228003025527,4,6,24.121467854048518,5,0.9999067278863557,0,0.0,0
28911,43.40231466373679,4,3,11.667381344798999,2,0.2548339662064639,0,0.0,0
28912,47.99976896461269,3,5,17.719851127893122,6,0.11257559049122301,0,0.0,0
28913,20.114766060039567,4,6,7.798986497656774,6,0.14217313811187782,0,0.0,0
28914,32.36944318498788,2,4,11.894883714134629,2,0.3346244449143822,0,0.0,0
28915,28.270821568609634,0,2,11.643530697582056,6,0.998556062360197,0,0.0,0
28916,53.708012400952306,3,4,12.343593504304433,3,0.9219136150411491,0,0.0,0
28917,37.960739153761295,3,3,12.672358224456305,5,0.38747322167371606,0,0.0,0
28918,52.022672178002125,4,4,19.993953558727316,3,0.500603566061576,0,0.0,0
28919,39.95581733211527,2,4,20.005826936346253,1,0.883358143557804,0,0.0,0
28920,44.758629308617586,3,3,12.988005560621293,4,0.07106828926655062,0,0.0,0
28921,46.35591997052384,3,1,4.3854347713390895,7,1.0001492497404298,0,0.0,0
28922,27.09746713368602,3,2,16.619260847004902,2,0.9970529553815879,0,0.0,0
28923,63.09155726380706,4,3,7.0652752457810575,4,0.5018832349440598,0,0.0,0
28924,26.49586808678731,3,1,0.0,7,0.3937628692308792,0,0.0,0
28925,30.173771452124708,6,4,6.85368710479902,7,0.9998311994654024,0,0.0,0
28926,47.483122813070395,3,4,17.6242978026372,4,1.0001766576685591,0,0.0,0
28927,45.727295351997206,3,1,12.500582154362728,7,1.0061897239084865,0,0.0,0
28928,50.95913400224252,4,1,16.910954408655947,0,0.9309822236869703,0,0.0,0
28929,36.61267614192629,5,2,9.074342702174182,1,1.000328009291762,0,0.0,0
28930,52.800625508573894,1,2,11.029552011570972,7,1.000603787509817,0,0.0,0
28931,60.09486231893116,2,1,3.920453325136589,7,1.000264748194418,0,0.0,0
28932,74.16742423483137,3,4,19.995032376646897,1,1.1554704393140027,0,0.0,0
28933,36.34993482990379,4,6,20.00835798521685,1,0.8035875452325194,0,0.0,0
28934,13.060812093473146,3,4,5.422933946957845,6,0.37604099392046053,0,0.0,0
28935,25.943881701041448,4,2,8.547121413229956,7,0.540905529198574,0,0.0,0
28936,40.12775266266083,1,2,14.97528698768347,1,1.000409271255555,0,0.0,0
28937,61.42745658391088,3,1,18.10031132338329,7,1.0002145176888517,0,0.0,0
28938,52.317707787103025,3,4,2.1832031901850986,1,0.7607550741724447,0,0.0,0
28939,22.996765156937695,3,6,16.67816685695361,6,0.3566306220172383,0,0.0,0
28940,32.25341155840508,3,4,19.997977382374454,1,0.6136375558694277,0,0.0,0
28941,44.80354446847163,3,3,1.9615265704421212,6,0.9486674974432916,0,0.0,0
28942,49.204419436451026,4,5,2.0767215272900117,2,0.5271046661735439,0,0.0,0
28943,35.771462704721266,3,1,8.638724176809744,7,0.3737859805899847,0,0.0,0
28944,62.63818002634981,5,5,3.620744092640453,7,0.9581139219105216,0,0.0,0
28945,41.437896542148536,4,6,9.873874408261663,6,0.9999117264520605,0,0.0,0
28946,47.53280932539249,3,2,13.466321483984814,2,1.0277394025551438,0,0.0,0
28947,40.770962039017114,4,4,19.993875841968133,1,0.050569803613532804,0,0.0,0
28948,23.661823058489315,3,6,10.552027843498445,1,0.2909223785232143,0,0.0,0
28949,53.37678658501392,2,2,15.158348427836657,1,0.6106010993634987,0,0.0,0
28950,54.02822021697834,5,6,12.858865391429855,7,1.000180015981771,0,0.0,0
28951,36.653976389366896,3,6,14.260373765778464,4,0.9996340373280479,0,0.0,0
28952,26.352356527789475,3,3,4.952877752422546,5,0.16081916865930646,0,0.0,0
28953,35.714624255089845,4,6,15.237687563879334,1,1.0164339000254812,0,0.0,0
28954,38.558104413106875,3,6,3.8650897744456936,1,1.0003690377481467,0,0.0,0
28955,24.644148512139207,2,5,0.0,1,0.577731788789816,0,0.0,0
28956,48.818586450388445,2,3,3.9688449863923507,4,0.9607311333042523,0,0.0,0
28957,59.341143585893235,0,6,19.65325851962535,7,0.45965543285212573,0,0.0,0
28958,40.679142581880775,1,3,17.775760652946587,3,0.9999710252262985,0,0.0,0
28959,41.072452392600276,2,3,0.0,3,0.5034945047120081,0,0.0,0
28960,42.10080098938825,1,3,5.6412218865512775,6,0.5545041641112969,0,0.0,0
28961,53.61406605819463,2,3,3.0477601085689496,7,0.9998735790866394,0,0.0,0
28962,19.231658935594986,3,3,15.605390622003998,5,0.9487977858858473,0,0.0,0
28963,29.659731254347854,3,5,17.871271466884885,2,0.17090971663706822,1,6207.249302527061,1
28964,45.64249187147976,4,2,13.045547839719045,7,0.9997378612089385,0,0.0,0
28965,29.511798922176983,2,4,6.511082872226242,1,0.6525935340448605,0,0.0,0
28966,35.926689829772585,4,1,13.587402077280402,1,0.7107282178660291,0,0.0,0
28967,39.47891808864148,3,3,7.668217301952634,7,0.4510985303506022,0,0.0,0
28968,44.90305087990495,4,3,15.698084671963727,1,1.000258037967775,0,0.0,0
28969,26.59983419358248,2,1,10.774016958253883,4,0.5024883228986895,0,0.0,0
28970,50.80498065611818,3,4,10.871052060458734,4,0.10087895414013137,0,0.0,0
28971,29.322351893058578,4,4,3.3911588295279227,7,0.6408300079449132,0,0.0,0
28972,43.711611562457044,1,3,10.86528015552826,1,0.0,0,0.0,0
28973,28.69739485755975,3,2,10.684064031400489,4,0.6986785423925248,0,0.0,0
28974,42.999539122509894,3,6,18.244022605625787,1,1.0068669118840994,0,0.0,0
28975,59.99676471672089,0,3,7.9919694710528795,6,0.5008183545278103,0,0.0,0
28976,61.8635685185738,3,2,6.117614469908459,6,0.26323548275743597,1,51718.528326366926,1
28977,43.1789170046475,2,3,16.148962851621068,3,0.4988326043280181,0,0.0,0
28978,35.446775588914534,3,1,19.756557554944607,3,0.9278208068553337,0,0.0,0
28979,37.25017630585663,2,2,17.874214922528495,7,0.9145651676154701,0,0.0,0
28980,47.79073706457175,3,4,0.0,3,0.0,0,0.0,0
28981,28.194211070279785,2,6,15.151788387094921,6,0.7764819137143961,0,0.0,0
28982,73.15904332275203,3,4,20.00309736936099,1,0.14890246984827538,0,0.0,0
28983,32.569253356727856,2,3,2.355538010265535,0,0.22657771724089115,0,0.0,0
28984,50.3645196654095,1,6,14.131393667939,3,0.9993298099335075,0,0.0,0
28985,22.324946642194114,2,2,11.234287403019108,2,0.5068205358052965,0,0.0,0
28986,45.9306922114643,2,3,11.221165552592998,2,0.4417423639971061,0,0.0,0
28987,31.7727091049422,2,7,0.01583644667076456,7,4.658557332426483e-05,0,0.0,0
28988,16.431346200758906,2,6,14.01641889496818,1,0.9570403006973298,0,0.0,0
28989,25.473783438422423,3,2,3.471555287479527,4,0.9008471795254855,0,0.0,0
28990,37.783567501471865,6,4,19.986258730491706,1,0.999892229754145,0,0.0,0
28991,36.34696664528001,3,3,18.68184848789552,3,1.0004419455621212,0,0.0,0
28992,61.25437762997863,3,6,13.47371680515934,5,0.873624913001223,0,0.0,0
28993,47.34835269685093,5,6,8.510715464387843,3,0.32327220770784304,0,0.0,0
28994,44.97076039155336,5,3,7.097367229104955,2,0.0,0,0.0,0
28995,39.653019786070175,2,6,18.667408921118504,3,0.5902356903483506,0,0.0,0
28996,51.057462281758234,3,1,18.051597767928964,3,0.45194252184115624,0,0.0,0
28997,31.21462327879006,2,2,10.25170069631624,7,1.0006909635406727,0,0.0,0
28998,29.25123297836732,1,3,0.0001004793038958951,3,0.26439014674677525,1,171152.43716736327,1
28999,48.804734218164526,4,6,8.1076630060053,7,0.5804993922947584,0,0.0,0
29000,30.476912762917323,4,5,7.6333897299790845,1,0.9455488186418601,0,0.0,0
29001,43.87721419500033,3,4,24.84147312981329,2,0.36711072800043304,0,0.0,0
29002,25.392600166913887,2,1,11.561980799454982,1,0.537180316170792,0,0.0,0
29003,38.335414277430424,2,4,9.597392506819679,2,1.046971832814867,0,0.0,0
29004,53.13861849990049,2,3,9.655560761179304,7,0.9997017735226899,0,0.0,0
29005,35.84159763864443,4,6,9.897685645813997,7,1.0003835991684307,0,0.0,0
29006,26.03085476039462,1,1,20.001285557798752,4,0.0403995998294755,0,0.0,0
29007,42.90039352760361,5,1,10.819897980310225,1,0.14645986901194574,0,0.0,0
29008,40.07671845369755,2,4,20.009666841273408,7,0.2571038976488275,0,0.0,0
29009,35.06805804493016,2,3,15.229802141192643,1,0.9041047241035953,0,0.0,0
29010,34.61226737279155,1,3,4.958015805667299,2,0.4984262631439727,0,0.0,0
29011,34.57016429141113,1,1,10.258711532470242,3,0.04097745797939467,0,0.0,0
29012,58.68007636313466,2,1,3.125691010321767,2,0.9261262429823018,0,0.0,0
29013,28.469329062073747,4,2,12.517999084720294,1,0.07915339504311392,0,0.0,0
29014,54.60054330870433,4,6,11.369812259153381,7,0.9996534911005418,0,0.0,0
29015,41.571602108708625,4,1,5.581610322704403,4,0.5173500172679188,0,0.0,0
29016,56.51155630638322,3,3,8.457955552721316,7,1.0005846924638466,0,0.0,0
29017,33.728424994255036,4,2,8.580250668515728,1,0.9250720179225151,0,0.0,0
29018,44.22189264219022,2,1,13.936053237022659,7,1.0004288275451088,0,0.0,0
29019,50.304857900794225,3,6,20.192231934381326,6,0.49930079159789764,0,0.0,0
29020,67.97817698405647,3,3,9.255998671326727,3,1.0006017397058404,0,0.0,0
29021,30.75307398839731,1,6,2.9200039760955576,1,0.22131836402331784,0,0.0,0
29022,32.902857989347744,3,3,14.978955160787827,1,1.0001228491870018,0,0.0,0
29023,24.08183539958245,5,4,5.5427640532657,3,0.48415040261174747,0,0.0,0
29024,36.048222375693555,3,1,4.5952058308764965,0,0.5903906929096695,0,0.0,0
29025,38.83461004509415,2,2,9.168980936130014,7,0.3769714239824754,0,0.0,0
29026,60.66467211894406,4,5,14.88866181230976,7,1.000229449498564,0,0.0,0
29027,15.044405081283685,4,1,0.7040913280194463,2,0.99986156429056,0,0.0,0
29028,33.214966335657955,2,6,18.98269582860589,1,0.9315554898848407,0,0.0,0
29029,40.32570144615998,3,3,14.195084486326888,1,0.999826926152602,0,0.0,0
29030,48.797986442054885,4,5,18.292592056481105,2,0.5050075261967472,0,0.0,0
29031,33.492633436590815,4,4,4.214671147605783,7,0.1762570557761104,0,0.0,0
29032,51.078491956012684,3,3,9.736048057686748,0,0.14792744171091543,0,0.0,0
29033,32.79050699344073,2,7,4.774328616443813,1,0.22596918668851596,0,0.0,0
29034,18.514547654722897,4,4,12.110844793857346,2,1.0001846585144085,0,0.0,0
29035,34.174209838898875,1,6,12.886729529048166,7,1.0003650899948355,0,0.0,0
29036,19.594313291179084,3,3,1.4556919830502721,7,0.7487295105637407,0,0.0,0
29037,33.80697455087599,4,4,20.002609413490532,1,0.6617325069403825,0,0.0,0
29038,22.4146792860724,5,1,5.02708683420566,1,0.5639856675631445,0,0.0,0
29039,24.878664153487538,4,3,11.694977201078158,3,1.0000750302800534,0,0.0,0
29040,56.351418000624065,3,3,15.116379327331735,2,0.9996971503582159,0,0.0,0
29041,44.56476327250062,1,1,6.179708687380068,7,0.35073343431512644,0,0.0,0
29042,49.45687269426248,4,1,8.758048963576703,7,1.0004323635347958,0,0.0,0
29043,43.491014059256464,5,2,13.391674294771754,7,0.3746944120051392,0,0.0,0
29044,41.042097084548146,2,1,4.2612782341073325,5,0.5083861270086955,0,0.0,0
29045,53.21744381588207,4,5,9.07788865401424,1,0.6487583242755941,0,0.0,0
29046,54.32625458250794,3,1,11.449098346747864,7,1.0003727100641742,0,0.0,0
29047,43.33934484044091,2,3,11.606034518989562,2,0.9998758270345868,0,0.0,0
29048,41.16383028506859,2,6,13.119943163531016,7,0.9995710413346508,0,0.0,0
29049,20.14373149504341,0,6,13.240494497819103,2,0.17207384009882787,0,0.0,0
29050,49.06201307017003,4,2,18.123769462871334,7,0.9998692815678475,0,0.0,0
29051,50.38466670289543,4,3,18.480915434427953,0,0.18927141468061032,0,0.0,0
29052,42.35461304094745,2,1,15.275869022608893,2,0.7341064936133993,0,0.0,0
29053,26.961402479910962,3,1,1.8907600674850666,4,0.9998575921251713,0,0.0,0
29054,46.81523522587543,4,3,10.562028613258724,4,0.5542337041613828,0,0.0,0
29055,17.62174777855913,3,2,6.141845163572025,1,0.0,0,0.0,0
29056,53.76563803413444,5,6,2.3712390844510853,3,0.41616046375994015,0,0.0,0
29057,30.30339011492833,1,1,8.227100628023733,5,0.5007487711303897,0,0.0,0
29058,33.360607061148436,6,2,1.9296666344380071,7,0.4836250348639183,0,0.0,0
29059,34.0498081170097,4,6,1.5757617771895873,0,0.5595026781618295,0,0.0,0
29060,43.00347886416321,2,4,8.965344616795655,7,0.9675578832439459,0,0.0,0
29061,27.11238647293938,4,6,14.04681969602251,0,0.10037377942450043,0,0.0,0
29062,54.012516594149005,3,2,0.07852160928098328,7,0.9969075566414715,2,10844.295842035352,1
29063,30.790533959360296,4,3,23.32956568282951,6,0.8338543895296092,0,0.0,0
29064,38.18603729130192,5,6,16.70131607454236,1,1.0089949119818158,0,0.0,0
29065,35.031226882795494,4,5,17.809074843615743,2,0.06774595016644058,0,0.0,0
29066,42.3580249070492,2,3,12.409275958786449,0,1.00060596308912,0,0.0,0
29067,13.71580896832302,4,7,8.818194885450948,1,0.7371590632213842,0,0.0,0
29068,43.699693300405826,6,6,21.190203477845927,7,1.0001031882023574,0,0.0,0
29069,29.004497614795067,2,3,4.1819398525020945,5,0.13801804671779372,0,0.0,0
29070,62.21230517755581,3,3,7.55738379161647,7,0.999779516909129,0,0.0,0
29071,44.69095935132944,1,6,13.424035672739834,3,1.0004516003412585,0,0.0,0
29072,26.353481952145707,3,2,7.769303827346883,2,0.9552231147336985,0,0.0,0
29073,71.92495399188617,5,1,15.525838479090645,2,0.38080976481215817,0,0.0,0
29074,45.060344213987975,4,2,17.677354062175606,3,0.20593581466351485,0,0.0,0
29075,23.300412694018274,2,5,9.469056366659336,2,0.31303185314357795,0,0.0,0
29076,49.08559793770597,2,6,16.10879867652992,7,1.000078414915425,0,0.0,0
29077,40.363356108825556,3,4,14.817030535809025,1,1.0004647299905123,0,0.0,0
29078,29.98020034195703,4,5,5.631868566122306,1,0.4749415140190216,0,0.0,0
29079,10.9592153290278,4,3,8.884739414960393,2,0.49792872738457084,0,0.0,0
29080,26.958863941673908,1,5,1.78223745563184,0,0.30775282346553196,0,0.0,0
29081,71.84798988876524,1,4,16.5058926507643,5,0.6613080079166522,0,0.0,0
29082,72.93721418447615,2,2,14.326176216585642,7,1.000092143361347,0,0.0,0
29083,47.14823737383743,4,2,14.558326653654204,7,1.000368276856352,0,0.0,0
29084,53.631177687790036,3,1,8.001167132118102,7,0.9999302416102155,0,0.0,0
29085,51.095303355998084,2,3,20.00169881971685,1,0.9652350477317609,0,0.0,0
29086,47.01849154425872,2,3,8.425477205240526,3,0.11251664715116427,0,0.0,0
29087,62.23199475157922,3,6,11.916468663661162,3,1.000395237530426,0,0.0,0
29088,37.56980777082031,2,1,0.0,2,0.4967966136322353,0,0.0,0
29089,48.05752240781468,3,2,20.006196104104117,1,0.9998094516139975,0,0.0,0
29090,42.95347848738477,3,3,7.117372620593111,3,1.0000215159699533,0,0.0,0
29091,38.30614483088689,4,3,16.814320084294668,6,0.758083086750294,0,0.0,0
29092,71.57048898736119,2,5,1.6719084345198603,7,0.5031984873128195,0,0.0,0
29093,42.87160462047005,4,2,13.217887491786557,5,0.41917768475311284,0,0.0,0
29094,28.022417776222433,3,4,9.935416299480941,1,0.7468170238530739,0,0.0,0
29095,51.37277772295416,3,5,16.12480577045325,6,0.37134880232378864,0,0.0,0
29096,63.35690489373299,3,4,6.356374686592225,4,0.6198908628057618,0,0.0,0
29097,35.83121193181285,1,3,0.0,7,1.0003968403983043,0,0.0,0
29098,17.933201386280366,3,1,0.0,4,0.5057680568770346,0,0.0,0
29099,44.93578920182041,0,6,4.321420353029402,7,0.6574592412021306,0,0.0,0
29100,26.823180798337518,2,1,16.719423441525805,4,0.95977047406024,0,0.0,0
29101,34.44046712425653,4,1,10.940610638064149,4,0.4953409093474177,0,0.0,0
29102,31.905395899745564,6,5,3.9013490083458917,2,0.999718963546963,0,0.0,0
29103,40.20901833186338,3,1,20.00147606050195,3,0.357705252697627,0,0.0,0
29104,39.87005905564683,1,2,10.395277887736361,6,0.16431929383457078,0,0.0,0
29105,41.706709160812096,5,5,11.129722186583122,4,0.5030566005223006,0,0.0,0
29106,28.30514849509649,3,3,6.736893152695422,4,0.9749142037231443,0,0.0,0
29107,46.74209489986327,0,6,0.0,7,0.8671127831961842,0,0.0,0
29108,55.33021234873529,6,3,12.946232253011653,7,0.543323703627872,0,0.0,0
29109,31.00057012642302,3,4,6.027872275517923,3,0.48029320834466094,0,0.0,0
29110,58.41603422683405,3,2,11.834737208855739,2,0.9370779547063852,0,0.0,0
29111,46.33135660005563,2,2,6.528090546587635,1,0.45327926625996434,0,0.0,0
29112,45.00345617675583,5,2,8.872044084941615,6,0.43062587066812374,0,0.0,0
29113,79.17274087288226,4,3,16.785447640684765,3,0.9997996109215442,0,0.0,0
29114,40.40992153043064,1,3,15.384108252617779,2,0.9999174321691131,0,0.0,0
29115,64.49711540033198,3,3,19.42495158748189,2,0.9997666329036328,0,0.0,0
29116,32.46164075906448,4,1,17.593609046075446,1,0.4066753195973925,0,0.0,0
29117,27.715451791743025,4,7,6.1987667542637315,6,1.0122850802704202,0,0.0,0
29118,23.26599875698387,1,6,8.20799810666447,1,0.5278412617187549,0,0.0,0
29119,39.428833730607444,1,6,16.65329406470248,1,0.9287309261822956,0,0.0,0
29120,55.44203540804174,2,1,3.224513539229009,2,1.0000948103676808,0,0.0,0
29121,41.2166844466712,1,1,3.6608271954910636,1,0.13877359577148818,0,0.0,0
29122,36.32369157514443,3,1,11.418076607136925,2,0.0,0,0.0,0
29123,31.581238088069732,6,3,9.305924618370906,1,0.32167693985490425,0,0.0,0
29124,25.601344945301296,3,1,6.304663642154315,3,0.0,0,0.0,0
29125,44.87988070066266,3,3,1.222677430981209,7,0.9999075644384712,0,0.0,0
29126,20.061518303810107,3,1,14.390337121667427,1,0.19098724701956848,0,0.0,0
29127,43.053798840164056,1,6,7.116588307081527,6,0.3962340469161448,0,0.0,0
29128,28.939620921818033,3,1,1.7992943770435854,4,0.7805649113275769,0,0.0,0
29129,38.059233289720865,1,6,14.77871932514116,7,1.0002991972722146,0,0.0,0
29130,63.11649744049738,3,2,2.446011808900616,8,0.5055796126113902,1,31832.46194717734,1
29131,55.07710426652975,4,3,8.712927149215048,0,1.0003951311498434,0,0.0,0
29132,63.02591114387633,3,3,6.059344380918779,3,1.0002290773140725,0,0.0,0
29133,38.1317637435244,2,5,20.25212713479093,2,1.0286050002373104,0,0.0,0
29134,44.3728678121481,4,6,14.746783499254914,0,0.65282267906529,0,0.0,0
29135,58.633651223507755,2,5,15.919306990546614,3,0.9597502763093769,0,0.0,0
29136,37.22624011918408,4,3,9.628782691392487,7,0.9998572517671372,0,0.0,0
29137,61.74044392657125,3,6,11.880236574183396,3,0.9999376511733336,0,0.0,0
29138,30.170322684715927,1,1,4.3553941938912555,3,0.0,0,0.0,0
29139,28.499934002335763,1,1,0.0,7,0.9996212751316418,0,0.0,0
29140,43.94539114203215,3,1,9.517081535450027,0,0.9996629931060594,0,0.0,0
29141,50.48639534769826,3,4,14.865441915523915,4,0.9999754864452349,0,0.0,0
29142,61.531361682894996,2,4,3.1041384385785094,8,0.543161874808149,0,0.0,0
29143,38.99004132662179,4,6,15.231993457560552,0,0.933635964431903,0,0.0,0
29144,29.227578666528053,4,6,7.447888932267293,5,0.792933209033962,0,0.0,0
29145,14.591210911297217,4,6,12.907463802289339,5,0.000580161334551188,0,0.0,0
29146,43.28558242738958,3,7,18.475776280768567,7,0.976282551349235,0,0.0,0
29147,43.73623304946839,3,1,14.221952350533329,4,0.9998032002159627,0,0.0,0
29148,35.75218592742258,3,2,13.603742471310209,7,0.6933421923914599,0,0.0,0
29149,28.10289090175536,2,6,15.488801641511593,7,0.30073484615282153,0,0.0,0
29150,38.23956453491407,1,3,9.891872751087712,3,0.9997134557576234,0,0.0,0
29151,47.25489528355793,4,2,17.73663560099566,7,0.47523288290636745,0,0.0,0
29152,52.102766444074334,4,3,15.403146704139616,7,1.0002044994382935,0,0.0,0
29153,46.5825158990517,3,4,15.063659133270749,2,1.000037806738779,0,0.0,0
29154,32.256883901270214,1,3,0.0,2,0.8580829849439364,0,0.0,0
29155,52.12612419751172,4,1,0.0,2,0.3108944008107061,0,0.0,0
29156,62.99179454369849,2,4,20.00249949246055,1,0.4940307051754287,0,0.0,0
29157,29.53403165531539,3,1,20.774353135416177,7,1.000047023815127,0,0.0,0
29158,53.850570274164944,4,3,10.030144553790368,7,0.44423324841471357,0,0.0,0
29159,24.036523300973354,5,3,12.7894951703532,4,0.04093197190458264,0,0.0,0
29160,48.93628844650519,5,2,18.906692498008855,7,0.9996294929248377,0,0.0,0
29161,48.31728026856819,1,2,10.240585639472176,1,0.28256137992844815,0,0.0,0
29162,34.67033528060517,3,3,11.19955933674503,7,1.000110810024072,0,0.0,0
29163,58.138625415659924,2,6,5.855832864762017,3,0.4479011554475337,0,0.0,0
29164,53.099475613166994,5,2,20.85436466163491,5,0.2629286907395857,0,0.0,0
29165,53.01754191734377,3,4,20.004645187395937,1,1.133301950942962,0,0.0,0
29166,34.442108769251114,7,6,8.367505928602293,7,0.5480177711633029,0,0.0,0
29167,28.5644499450065,4,2,14.509594124419184,1,0.6600556900678182,0,0.0,0
29168,45.63355932812002,1,2,0.0,5,0.7996766916193528,0,0.0,0
29169,51.95509152597317,4,3,16.42459415600587,7,0.9999835862658537,0,0.0,0
29170,30.913480238280002,3,2,4.102344698508399,4,0.7656800410588952,0,0.0,0
29171,50.29804797230096,3,3,12.563282291175673,6,0.9995296185609863,0,0.0,0
29172,42.10609958925234,4,4,5.8576747420176885,7,0.9998030233244614,0,0.0,0
29173,32.41016350894516,2,3,8.404448681703638,4,0.6392032391058518,0,0.0,0
29174,16.473654470025632,0,1,14.839769662215962,7,0.8892950123326392,0,0.0,0
29175,32.477002220643165,3,4,16.76809183294529,1,0.03389358631454609,0,0.0,0
29176,41.45939859877831,1,1,13.722955784808448,2,0.4998707973240294,0,0.0,0
29177,21.362689344527276,3,5,11.091755469201507,1,0.8521431385604732,0,0.0,0
29178,62.24138405232817,3,6,15.09857915136492,4,0.15641623593651066,0,0.0,0
29179,50.96334773797392,4,1,12.84022332275685,2,0.17415033163905813,0,0.0,0
29180,31.27908050116511,4,5,2.112745260902967,6,0.26418987774146824,0,0.0,0
29181,46.03421476589162,3,2,15.99903998050782,5,0.5259420376902642,0,0.0,0
29182,46.2542863867418,4,6,14.52460037991693,2,0.864211368783576,0,0.0,0
29183,34.8703674144453,3,2,7.828228532338372,7,0.4910874324353791,0,0.0,0
29184,36.451612876343,5,6,18.031188374607936,7,0.9997734166534153,0,0.0,0
29185,19.641207335886612,4,7,9.110562993889255,5,0.3737829220032627,0,0.0,0
29186,36.01652082992787,3,1,17.067442376416448,4,1.0000096618360437,0,0.0,0
29187,41.309269522627815,4,2,10.700301585877419,7,0.5786856817626248,0,0.0,0
29188,34.27860897164006,5,1,8.821399253411276,7,0.9996904513021821,0,0.0,0
29189,40.8020527552666,5,3,2.296163450050205,2,0.2392848061098065,0,0.0,0
29190,62.89949690161762,2,3,6.8405117417366945,7,1.0003847584184404,0,0.0,0
29191,54.87619171578858,4,1,20.004414923304196,5,0.6259579414097368,0,0.0,0
29192,46.74335380391578,3,6,5.1720402683394875,7,1.0002256718932396,1,3175.9717678922325,1
29193,58.56131946042685,4,6,20.873474721399724,7,0.6630184620342903,0,0.0,0
29194,24.243359006054934,3,2,7.615941301906437,4,0.9290054005966323,0,0.0,0
29195,17.84988259649199,5,5,19.330797370422335,1,0.5293511784103229,0,0.0,0
29196,40.922032077792636,2,6,9.379250983869749,3,0.07713867820608289,0,0.0,0
29197,59.68954768378953,2,5,9.716804289932623,4,0.5016839266956306,0,0.0,0
29198,41.123185557182836,3,4,22.96173273173651,3,0.5880993472488136,0,0.0,0
29199,56.14702417085235,2,6,7.975435813478586,3,0.9997475056716694,0,0.0,0
29200,56.82587566651269,2,2,9.610861146296466,7,1.000268811270907,0,0.0,0
29201,52.60865987279216,0,6,14.347945110633383,7,0.3537834050934137,0,0.0,0
29202,44.727830911100206,1,6,16.709471256132034,4,0.9999415630956374,0,0.0,0
29203,8.36192199892129,3,5,19.990333914102045,1,0.05994287592450198,0,0.0,0
29204,54.17118413681734,2,1,10.630075215025181,2,0.5904722183682192,0,0.0,0
29205,39.42444346877402,1,3,5.244393706609353,1,0.8919822980018468,0,0.0,0
29206,45.4018849622608,2,2,12.987616045532105,1,0.0,0,0.0,0
29207,58.87049646837924,4,1,0.0,7,1.0002751105822243,0,0.0,0
29208,53.08414157948641,3,2,0.7151762619150634,7,0.9998112521767386,0,0.0,0
29209,64.59595338404458,0,3,7.775946970798486,7,0.33741557701404745,0,0.0,0
29210,61.85672280216556,3,3,6.452381236484719,4,0.4952293236500621,0,0.0,0
29211,43.20375965014373,3,2,19.25371173297605,2,1.000272514844696,0,0.0,0
29212,18.285031124363744,3,4,7.085779480711193,2,1.0000061556409197,0,0.0,0
29213,40.00925785348355,3,3,6.613217881875427,6,0.0,0,0.0,0
29214,51.17702886285641,1,6,20.38253728829956,7,1.0000311407570448,0,0.0,0
29215,45.65910715181096,3,3,5.320769713429448,7,0.46905284485788584,0,0.0,0
29216,18.895177998602485,3,3,11.118662733452027,7,0.23818974105486534,0,0.0,0
29217,55.49430126432081,4,3,18.232125001872465,6,0.999472651894598,0,0.0,0
29218,45.50948725133514,3,3,7.966091430114348,3,0.9998804581929439,0,0.0,0
29219,58.54905331919754,3,3,20.478231895012193,4,0.47122726876562987,0,0.0,0
29220,42.919330418737204,4,3,11.852205866841228,3,1.0005449583379957,0,0.0,0
29221,43.92512679582126,3,2,6.613114739912832,4,0.7603529500505132,0,0.0,0
29222,66.20443732741506,6,3,11.322804895865344,2,0.4995670039627714,0,0.0,0
29223,33.81863871136705,3,1,3.209839457712855,2,0.5136507164661673,0,0.0,0
29224,54.94942883922599,4,3,11.384918605135557,7,1.0002027645379958,0,0.0,0
29225,60.29351211871074,2,5,9.516072804004253,7,1.0000559544845187,0,0.0,0
29226,48.11389155804569,1,3,14.104138130845657,7,1.0005341839008433,0,0.0,0
29227,31.32543951711147,4,7,6.474003326173283,7,0.22520818751588956,0,0.0,0
29228,44.70275933628298,2,1,14.379199298338062,5,0.07928201775804289,0,0.0,0
29229,40.844040599499074,3,3,0.0,2,0.9993631733369177,0,0.0,0
29230,39.689331676322695,4,2,8.748915964387141,5,0.3972618098795279,0,0.0,0
29231,39.052068067134165,5,1,9.555305270288049,3,0.24406301042438677,0,0.0,0
29232,33.792573266615626,2,2,16.550311017864193,7,1.0000630221368543,0,0.0,0
29233,30.69920361241926,4,5,16.438777410639045,5,1.0000125679429672,0,0.0,0
29234,50.46081914264526,6,4,17.860749908573062,3,0.023035999330626944,0,0.0,0
29235,43.0512494092366,1,3,7.163872571770128,2,0.9995405711197427,0,0.0,0
29236,44.340189847472814,2,3,15.605497061987116,3,0.6364197592964136,0,0.0,0
29237,59.00857516825725,5,3,11.406261590272901,2,0.4211068297298157,0,0.0,0
29238,48.76870155163263,4,3,12.7198247954898,7,0.2941475794227351,0,0.0,0
29239,21.698330746809198,2,6,8.999095426551179,3,1.0001056917219313,0,0.0,0
29240,43.08153292278331,5,3,8.797963940379633,2,0.4983284909908081,0,0.0,0
29241,50.496199334035936,4,1,8.102116121281306,7,0.99986612536737,0,0.0,0
29242,44.52903293201811,4,2,4.405341153952197,7,0.08804187110953232,0,0.0,0
29243,59.73169941240558,3,6,12.351829550538124,3,0.3069499299427616,0,0.0,0
29244,34.42310635436108,5,3,16.249939109136236,1,0.7791934356983454,0,0.0,0
29245,51.878670885350914,4,2,9.752012918258718,7,0.41253554542095633,0,0.0,0
29246,31.792066286519976,2,5,3.9409162280027594,1,1.016703919227015,0,0.0,0
29247,41.120979775845534,5,3,9.092578352815423,7,1.0000152024168778,0,0.0,0
29248,28.548626322212876,3,5,13.271320786949168,2,1.000957027165757,0,0.0,0
29249,47.64066170625928,2,4,20.001345058752754,2,0.9999688872267469,0,0.0,0
29250,55.802849228065725,1,3,11.168305192388258,5,0.4972070442815559,0,0.0,0
29251,24.57794793720354,3,3,0.0,7,0.9996307178745889,0,0.0,0
29252,46.64755886000342,2,3,12.749753772927228,7,1.0003538330730664,0,0.0,0
29253,34.07861586941066,3,5,19.997309100903983,1,0.8660641666937795,0,0.0,0
29254,23.421122989854066,5,2,16.967193337149858,5,0.2193630913032592,0,0.0,0
29255,42.7682478368423,3,4,11.725073409069338,7,0.5103723234789211,0,0.0,0
29256,29.95750843299901,3,1,15.962777113861506,4,1.000122990133528,0,0.0,0
29257,31.133784148954177,3,4,10.784376716725161,7,0.5992420837221885,0,0.0,0
29258,37.856954432187585,3,1,11.232000038484797,7,0.9996032996556057,0,0.0,0
29259,78.05924655263547,4,6,14.506025580367035,7,1.3140654381860095,0,0.0,0
29260,52.089631370558344,3,2,17.904132248722984,5,0.05474265445384863,0,0.0,0
29261,35.03436932788732,0,3,7.562213066417102,3,0.9828753557614605,0,0.0,0
29262,19.025020437575883,3,2,10.432294990429112,4,0.9995221143933428,0,0.0,0
29263,46.00846060418413,6,4,9.185064810182658,7,1.0002403062146665,0,0.0,0
29264,48.95956543393369,1,6,9.535661137206228,7,0.9999954085359349,0,0.0,0
29265,36.934862145813184,3,3,16.618710206657514,3,0.5164804448460011,0,0.0,0
29266,47.83098929823827,3,4,20.010994829424586,7,0.5080701547905798,0,0.0,0
29267,30.010668561260385,4,1,5.437012356212393,7,0.0471768582687766,0,0.0,0
29268,61.559942827709946,2,2,15.568987398908206,6,0.37885720779953946,0,0.0,0
29269,23.9504207021941,4,6,11.392910144011585,3,0.5601577390178458,0,0.0,0
29270,45.759115991242496,4,2,7.843773329035245,7,0.42663902369511536,0,0.0,0
29271,45.42058377304898,4,3,16.41044617644668,2,1.000461599405408,0,0.0,0
29272,44.36254573217643,3,7,0.0,8,0.5656181622319247,0,0.0,0
29273,21.891503938714596,2,5,0.0,2,0.4589313621550051,0,0.0,0
29274,46.22284813758788,1,2,9.504046375159087,4,1.0027685495284522,0,0.0,0
29275,48.376980064646716,3,3,14.003491030681229,5,0.5010313194103976,0,0.0,0
29276,14.876519524864538,3,3,8.40541834570343,1,0.9998462540969164,0,0.0,0
29277,43.789413042015276,3,1,22.560350292099407,1,1.000289838177064,0,0.0,0
29278,39.606695607774704,2,1,12.072948479039484,5,0.9462804713240998,0,0.0,0
29279,50.67812745413458,1,3,14.624808744310572,2,0.43340599031425386,0,0.0,0
29280,7.854027038175175,2,5,10.557100089409678,0,1.0240646508715563,0,0.0,0
29281,33.5469309470906,3,3,6.580847047132929,7,1.000454677141554,0,0.0,0
29282,52.76995120919389,3,6,10.841291452963695,3,0.0,0,0.0,0
29283,48.70905175252922,2,4,20.79314750084906,4,0.34561351282660263,0,0.0,0
29284,17.87670673589431,4,5,2.0557388568451405,2,0.1140043980596065,0,0.0,0
29285,35.678936091551165,1,5,19.994577522862333,7,1.0079376650048868,0,0.0,0
29286,62.783887121061284,6,6,20.100634820388755,7,0.9332001856419248,0,0.0,0
29287,35.87870631421353,6,3,8.619582649807683,7,0.9998561736209683,0,0.0,0
29288,39.762473281356044,3,3,11.036049177348394,2,0.06454808315096183,0,0.0,0
29289,63.87516062651645,1,3,10.141383845105436,2,0.5059211454218127,0,0.0,0
29290,27.373909447164248,1,1,13.097418943176443,1,0.0,0,0.0,0
29291,49.25287739436918,3,2,15.507594092037436,2,0.298066200122205,0,0.0,0
29292,35.63779255537433,4,3,16.96675409661852,5,0.3105896251140874,0,0.0,0
29293,58.14343671047904,5,3,6.30974910507938,2,0.3221571932986518,0,0.0,0
29294,22.129825875029777,3,6,18.496630809673057,7,1.000376318409249,0,0.0,0
29295,64.3832398229504,5,3,14.488318505292572,7,0.6528083535796744,0,0.0,0
29296,34.46678844202031,4,1,13.733513735680415,3,0.999761356334053,0,0.0,0
29297,69.07516887560709,3,6,15.354321535480615,7,0.4470634309742899,0,0.0,0
29298,34.552041659225374,4,3,18.727510137225153,6,0.8084965916683026,0,0.0,0
29299,37.66552103343064,2,5,11.174649173547639,2,0.3971538658782765,0,0.0,0
29300,27.66494080154241,2,4,3.755879749573695,4,0.0,0,0.0,0
29301,38.586278906331685,4,5,19.997521092415425,7,0.9046723049695754,0,0.0,0
29302,43.2930520453893,4,6,11.506848057416487,7,0.9995241214742311,0,0.0,0
29303,36.03392426244183,3,5,14.784312385208892,4,0.9996503809518231,0,0.0,0
29304,23.00408477796342,0,1,5.466088492772841,2,0.031694255437150876,0,0.0,0
29305,25.434939523747836,0,6,16.10648656149053,6,0.4366485528828679,0,0.0,0
29306,34.17672389011232,2,4,6.661526037664927,1,0.9091971995017561,0,0.0,0
29307,60.47804349891495,4,2,15.287929607477402,7,0.9999519399537042,0,0.0,0
29308,51.61440189296117,2,6,1.689428059642525,2,0.38165225393758034,0,0.0,0
29309,49.03415177463657,3,1,4.138138999600124,2,0.23065174383910853,0,0.0,0
29310,44.533556667350446,3,3,1.1457253577094182,7,0.42425137729723034,0,0.0,0
29311,46.457592767029304,1,1,4.62632223112079,1,0.9519952145695451,0,0.0,0
29312,63.243490158335945,4,4,19.992151301511303,2,0.5006843876095314,0,0.0,0
29313,41.165119041392565,5,3,10.746187502924489,3,1.0003581140555098,0,0.0,0
29314,30.400692116825745,3,2,9.193600078460879,3,0.99973075410651,0,0.0,0
29315,46.051272232907095,3,1,17.841009735054215,7,1.0003780132675235,0,0.0,0
29316,39.86369771961488,4,6,8.647668908918956,5,1.0002210658630613,0,0.0,0
29317,43.26776088109795,5,4,19.338679782256456,4,0.0,0,0.0,0
29318,43.40147816603364,2,7,2.278944197419266,7,0.2974498842013303,0,0.0,0
29319,45.124114375426565,4,3,0.0,2,0.5031468672324791,0,0.0,0
29320,31.103818086117766,3,1,15.951488681356652,7,0.22134041422291717,0,0.0,0
29321,42.19692247296855,5,6,9.92530818611275,7,0.5400126628035897,0,0.0,0
29322,40.44066773744752,2,1,15.40023376961402,4,0.0,0,0.0,0
29323,65.17457713802838,0,3,6.582677404144532,6,1.0002062182703741,0,0.0,0
29324,36.767307200924456,1,3,9.319736603376386,3,0.5000475648344216,0,0.0,0
29325,24.040819851239064,3,1,14.91637651589568,0,1.0001087178101975,0,0.0,0
29326,36.567478857898195,4,3,20.00529370044265,1,0.6217573430530577,0,0.0,0
29327,41.24456219698856,4,3,12.354848187050841,2,0.7529650571700152,0,0.0,0
29328,48.41668829207012,3,6,9.446328715869495,4,1.0001989989380704,0,0.0,0
29329,50.14023711763539,4,3,22.001844837837478,1,0.9995253242742406,0,0.0,0
29330,28.164076977354867,3,6,17.837180588605342,1,0.9865861937174596,0,0.0,0
29331,36.00512709348032,3,1,13.46864251388869,4,0.9420887483923326,0,0.0,0
29332,46.78952436027093,3,1,17.606089203646455,5,0.9936007934742607,0,0.0,0
29333,33.2124604517834,4,5,1.608869076611704,3,0.9281138676088202,0,0.0,0
29334,43.653293100424996,4,6,1.501388004803923,6,0.9964639143098035,0,0.0,0
29335,44.07254592823442,4,4,12.539595602564823,6,1.000097424019711,0,0.0,0
29336,42.459445821243136,1,2,9.56276233771464,7,1.0001452172750591,0,0.0,0
29337,36.100817023338955,5,6,10.234594275882552,4,1.0000149129227958,0,0.0,0
29338,49.969840518792736,2,1,2.263295617978889,4,0.14042907717068742,0,0.0,0
29339,57.24444736122669,4,3,23.736230668054247,7,0.4421830361950388,0,0.0,0
29340,41.089355558151105,3,5,10.695342185117138,1,0.10033668450363775,0,0.0,0
29341,27.547502001532045,3,2,14.167881607375294,3,0.6322679387698146,0,0.0,0
29342,37.60072820247836,3,3,5.0182126776518725,0,0.923729134698613,0,0.0,0
29343,36.48734119224808,1,5,6.9065280782661915,6,0.822369552974424,0,0.0,0
29344,51.30130900936963,4,3,9.866619668505955,2,0.5054653658152324,0,0.0,0
29345,18.339830160658373,6,3,12.482833408475408,1,0.6889146367865925,0,0.0,0
29346,66.53499992136277,3,6,25.07561648083811,7,0.9499268332607331,0,0.0,0
29347,42.99821647777834,2,4,20.006921943104764,7,0.9998865177071883,0,0.0,0
29348,24.09777069443684,3,2,10.627344348149265,1,1.000182144092327,0,0.0,0
29349,27.458918212437805,4,7,0.9607579065717342,5,0.0001294193232304064,0,0.0,0
29350,60.156994737380955,1,1,20.00002775508027,2,0.4648351997765042,0,0.0,0
29351,29.790925237497632,3,3,4.704969549939095,7,0.9998730972915031,0,0.0,0
29352,18.596080728221533,2,3,6.710788842797553,1,0.38143749447035064,1,13817.198439257832,1
29353,60.28887516098159,1,3,15.049818764669038,7,0.9994042729399533,0,0.0,0
29354,21.48476934087855,0,3,11.109053162635297,7,0.7663590877190859,0,0.0,0
29355,23.420092806382478,3,6,12.20686419632614,1,0.45726006542061276,0,0.0,0
29356,42.5300925051532,5,1,2.7867059334365027,1,0.9392210695854806,0,0.0,0
29357,41.90838458025216,3,4,0.0,1,0.9741322857682195,0,0.0,0
29358,24.115917759011747,4,6,4.203152442487603,2,0.1755850148839463,0,0.0,0
29359,60.15273872681293,3,3,9.335150252891983,7,1.0003574991192719,0,0.0,0
29360,42.297694341814456,5,3,2.7043305309905303,2,1.0000890091556733,0,0.0,0
29361,20.7833594559959,3,7,2.5944066276883486,1,0.8339289931532581,0,0.0,0
29362,54.89997787861953,5,1,4.382434861978178,2,0.9999345760929079,0,0.0,0
29363,37.99593363363268,2,5,2.9995643081698375,2,0.9997936643054777,0,0.0,0
29364,60.33301797872572,3,1,20.0051507407401,5,0.8888357239830456,0,0.0,0
29365,46.892055850545226,3,3,21.42760086531794,7,1.0002790096538283,0,0.0,0
29366,58.874121116725476,1,2,5.5316608153834315,6,0.44853835700729233,0,0.0,0
29367,52.47828710153773,3,3,7.7562484447776825,3,0.9998518636742728,0,0.0,0
29368,51.60615993329478,3,1,15.236177837306808,4,0.0,0,0.0,0
29369,36.10008480486213,3,6,12.11863852581486,7,0.9998850628525213,0,0.0,0
29370,44.924536405757465,1,6,17.241924419511694,7,0.7837816173893027,0,0.0,0
29371,29.00206234719618,3,7,6.839584725256489,4,0.24100798563667486,0,0.0,0
29372,41.29805276004418,8,6,0.0,7,0.6515433840775705,0,0.0,0
29373,53.05914465124742,3,1,18.85928013384932,7,0.9996358504827372,0,0.0,0
29374,52.71733413930685,2,1,11.329732862240848,7,1.0000081831378203,0,0.0,0
29375,55.39426264801654,2,3,2.1275695671889476,7,0.6551433642451441,0,0.0,0
29376,46.695655185427654,3,2,20.003177629994987,1,0.6317292585220186,0,0.0,0
29377,37.87301750300892,4,3,12.878451185201307,6,1.0004826053822506,0,0.0,0
29378,44.583050921013836,3,3,10.912412546358105,2,0.9999171345317021,0,0.0,0
29379,58.49719113374735,3,1,14.83500455684185,3,0.24574263505387545,0,0.0,0
29380,45.044720944535534,1,3,7.351792580279515,3,0.5052368899009313,0,0.0,0
29381,28.81313747864803,3,4,12.86129365381549,3,0.7988223632313409,0,0.0,0
29382,46.23027227306273,3,3,10.591932934238885,7,1.0002215209471337,0,0.0,0
29383,22.367709585879506,3,1,20.016990250727677,4,0.8295402589093297,0,0.0,0
29384,37.94735698708265,4,3,6.179501589890291,6,0.6227849260978597,0,0.0,0
29385,25.749381526419402,2,2,15.786411829736657,3,0.15218820123601107,0,0.0,0
29386,32.764286357711754,3,1,4.689040274116328,5,0.39847713526980455,0,0.0,0
29387,54.86637568642561,5,3,5.3413792946504834,3,1.000086339052585,0,0.0,0
29388,22.725877816362907,2,3,10.112835878763306,7,0.5761807424280729,0,0.0,0
29389,50.20947942803051,3,1,11.098179590632881,7,0.9996003478632005,0,0.0,0
29390,44.7654761335099,2,6,11.298424970537136,7,0.984881423846358,0,0.0,0
29391,54.92392104814485,3,5,8.580457892750841,7,0.9994857622934001,0,0.0,0
29392,35.398628910996514,2,1,8.297503035719599,1,0.703946682952973,0,0.0,0
29393,41.68669172521381,4,3,0.0,1,1.0001510428385014,0,0.0,0
29394,48.290856370172214,2,3,14.003973184208489,7,1.0004453423510133,0,0.0,0
29395,35.80691987604132,2,2,20.001749060820718,4,0.08332307673676753,0,0.0,0
29396,49.62026818864652,4,6,15.055658015580867,2,0.41214120508588803,0,0.0,0
29397,50.65234477359258,2,1,9.197672143247097,3,0.3477311981783459,0,0.0,0
29398,51.216925608907744,5,2,19.046359567150397,7,0.3717770377881296,0,0.0,0
29399,41.06574636043464,4,1,5.455496398923874,1,0.6496440413712778,0,0.0,0
29400,32.2184227536385,3,3,10.930011812087372,7,1.000562202860049,0,0.0,0
29401,48.1753315645636,3,6,0.0,7,0.9997040438412262,0,0.0,0
29402,24.613198759510173,3,6,1.474303986893803,2,0.6224210581029122,0,0.0,0
29403,35.983541333210354,3,3,13.57390724618213,7,0.051970036187487745,0,0.0,0
29404,45.52507097847871,4,6,23.0830298839005,4,0.9997574899363204,0,0.0,0
29405,52.85320293349969,4,4,8.16826440078283,3,0.9997905944878583,0,0.0,0
29406,30.541912895434685,3,5,10.828343051243584,7,0.9998662288219411,0,0.0,0
29407,42.62211988503543,4,5,12.665132942088954,7,0.9995268466294367,0,0.0,0
29408,59.510638348186745,3,3,0.0,7,0.999996950076115,0,0.0,0
29409,42.55741317959261,4,6,17.375889778869183,7,0.9994620783338842,0,0.0,0
29410,55.49483037490724,3,4,12.517405885085413,2,0.1430277592150988,0,0.0,0
29411,50.28324172306816,3,3,9.423892883109312,7,0.9999837912560443,0,0.0,0
29412,61.71113706787749,3,2,11.519622512753783,7,0.9731074451774075,0,0.0,0
29413,45.12302998899671,4,3,3.681651660456672,4,0.9997943377850869,0,0.0,0
29414,32.45038279100112,2,7,1.9126149542016417,5,0.00011951157604972451,0,0.0,0
29415,41.670264664648556,2,4,20.006624440027135,1,0.47828632697439966,0,0.0,0
29416,56.10061347436395,1,6,4.975588613603609,6,0.2980468953489218,0,0.0,0
29417,48.21657521324899,1,5,10.778650641430152,1,0.9420662237775264,0,0.0,0
29418,50.373161181865036,3,1,15.456474815004391,2,1.0003965033608948,0,0.0,0
29419,58.84885013387468,4,1,16.22531392004607,7,0.9999227520184764,0,0.0,0
29420,56.561902521679,5,4,19.99435296921979,1,0.7364772854052831,0,0.0,0
29421,58.888734359242704,4,1,9.355861706023159,2,0.4979054467423154,0,0.0,0
29422,38.48339711232233,3,3,8.358035178475047,3,0.1392672738215922,0,0.0,0
29423,15.563636821457052,3,1,7.058972138420846,1,0.40037716138797286,0,0.0,0
29424,27.72403198987969,3,2,1.0753366838064,7,0.7710948543660436,0,0.0,0
29425,39.24391658909464,4,4,3.143255842016435,1,1.0005290216973224,0,0.0,0
29426,50.57462612585172,5,2,7.692789890976628,1,0.15756964380133864,0,0.0,0
29427,43.773180363854884,2,6,8.518728814433885,7,0.9997701347773108,0,0.0,0
29428,44.94285284143571,3,4,20.00028904262765,3,0.49374945085511124,0,0.0,0
29429,40.91852069206398,3,2,12.935307300977685,2,0.9997238485862738,0,0.0,0
29430,39.42961341733571,3,6,7.9546300573543,2,0.611928254971389,0,0.0,0
29431,48.798395371539236,3,4,15.53593251809932,2,0.9997304224853141,0,0.0,0
29432,22.923200849883013,3,4,0.0,2,0.4432962955043612,0,0.0,0
29433,32.93615725905095,3,3,12.626312578223292,4,1.0003335533521294,0,0.0,0
29434,47.559544751525,1,2,10.660476111939413,7,0.39221391179097354,0,0.0,0
29435,41.096441283479706,5,6,19.761147460390717,3,0.999708436406317,0,0.0,0
29436,21.6785283337053,4,7,9.054012800774968,2,0.6453680128460659,0,0.0,0
29437,43.39377665500006,4,3,0.0,2,1.000538127528562,0,0.0,0
29438,35.738707241098446,3,6,10.427591733663897,6,0.7607862808359511,0,0.0,0
29439,46.73478608068748,0,3,1.8851452071542756,7,0.40484868180675354,0,0.0,0
29440,60.11521516677341,3,1,11.230151750697564,7,0.9995067688996375,0,0.0,0
29441,27.633664363556626,3,2,16.064419896796846,1,1.0001235229931087,0,0.0,0
29442,55.79911274491158,6,3,21.30957302815932,6,0.491596887972366,0,0.0,0
29443,55.85385047852316,3,1,11.962029524111145,5,1.000110828216055,0,0.0,0
29444,47.50551089064268,4,3,19.99158589843633,1,1.0009828458589103,0,0.0,0
29445,36.92254658262772,5,3,3.646402532574177,0,0.9994981384820238,0,0.0,0
29446,33.03250353911185,3,4,13.993474410258402,1,0.12932775725778534,0,0.0,0
29447,36.9375332889914,3,7,8.155856000740517,4,1.010985515917804,0,0.0,0
29448,35.84139662480466,2,1,12.748603284037612,5,0.9993396755381034,0,0.0,0
29449,50.407166496451,3,6,12.634413207192493,4,0.20277870571663387,0,0.0,0
29450,43.99330164856017,1,6,9.772400649792399,7,0.41210507981678074,0,0.0,0
29451,46.27440440373504,3,3,20.00377228127248,3,0.6442999177553335,0,0.0,0
29452,14.724668445079416,4,3,12.420431388831211,1,0.18623397929758567,0,0.0,0
29453,43.84305466823546,5,3,13.637331254180465,1,1.0002108929589075,0,0.0,0
29454,22.049913753550644,3,1,11.288414784103985,1,1.0004558960662226,0,0.0,0
29455,26.878683693084604,1,4,9.865785228150708,6,0.003052460635023402,0,0.0,0
29456,46.344470935515425,4,4,20.007349390153063,1,1.000159739974511,0,0.0,0
29457,53.294403630710335,3,6,16.085146013914024,3,0.3962850599827784,0,0.0,0
29458,47.881190642864304,2,3,15.919552986292038,7,0.9432646390191893,0,0.0,0
29459,33.65849145854536,2,3,13.590368645495959,3,0.06465135125956989,0,0.0,0
29460,23.393163048371417,2,5,19.277891908266803,2,0.2676514798074631,0,0.0,0
29461,33.27571071712856,0,1,7.044314890309246,3,1.0001952274342734,0,0.0,0
29462,29.648412822253285,4,3,0.14671969503160476,7,1.000136250119847,0,0.0,0
29463,31.194824119549068,3,3,24.446352344638584,7,0.5903403350299401,0,0.0,0
29464,34.27133411064106,3,1,5.037921557259607,7,1.0005714645578203,0,0.0,0
29465,28.42942354081335,5,3,3.8420154286182537,1,0.9608991316224852,0,0.0,0
29466,50.486228134188856,5,4,7.871741294581567,2,0.007858673528792992,0,0.0,0
29467,50.856241065672236,3,3,3.5634359841222283,6,0.9998112049078145,0,0.0,0
29468,42.87952835182011,4,1,10.123841658229507,7,0.999511309603227,0,0.0,0
29469,53.700819475664616,3,4,21.77316264072667,2,0.5123842212532441,0,0.0,0
29470,45.70359161004367,5,3,7.3107273910467345,7,0.9993778055299228,0,0.0,0
29471,44.13167198748291,3,1,0.8190639085394835,3,0.9984498403610635,0,0.0,0
29472,49.92830202694426,2,1,19.314650033035143,7,0.36863226167186475,0,0.0,0
29473,23.978781346113237,2,6,9.89748738708382,3,0.3582978583418564,0,0.0,0
29474,12.586424956030633,5,1,21.861711325766763,7,0.3856782626570527,0,0.0,0
29475,9.604779960191905,4,5,0.0,3,0.10612117006082655,0,0.0,0
29476,35.84686241482736,3,3,0.17690794535928767,7,0.9999084112305592,0,0.0,0
29477,36.354002087507844,5,1,20.00484841707287,2,0.5154090446819096,0,0.0,0
29478,33.72184616985447,2,2,10.243433947630235,1,0.1615610214911034,0,0.0,0
29479,50.918001860106855,3,4,32.81138017885523,7,0.9938858524750845,0,0.0,0
29480,26.296162366271123,2,4,16.416719506347068,1,0.4213000661450854,0,0.0,0
29481,41.93885789455135,3,4,19.990649550617896,7,0.2379256753745158,0,0.0,0
29482,43.86298023959399,2,3,11.313027585189692,3,1.0001178345834374,0,0.0,0
29483,9.328782841541376,4,4,20.000970693711828,1,0.9997027167987989,0,0.0,0
29484,17.08549997550875,3,1,0.0,0,0.49248221738621323,0,0.0,0
29485,63.07874697770292,4,4,5.251976740828795,1,0.5138157019311451,0,0.0,0
29486,34.47891985745371,3,1,6.717299949533474,7,1.0003805508408656,0,0.0,0
29487,27.97111482471922,2,1,4.634435053154197,7,1.0000517506599378,0,0.0,0
29488,41.47734703853384,3,3,5.879513233463009,3,1.0001309018973545,0,0.0,0
29489,33.46411742733246,2,1,7.708339094575219,4,0.4933774147015435,0,0.0,0
29490,16.813166474140203,5,5,8.779270600636675,2,0.0,0,0.0,0
29491,60.3749403379621,3,6,7.228675301317117,2,0.5316025032800713,0,0.0,0
29492,49.966290444577304,3,4,10.28934847328812,2,0.9998546971906161,0,0.0,0
29493,52.84898094619926,2,6,13.524448738031822,7,0.9999768333525192,0,0.0,0
29494,38.422731545767334,6,1,3.079277206998187,5,0.4540639386258392,0,0.0,0
29495,50.106345440045956,1,3,15.65632576518603,1,0.49439109721935126,0,0.0,0
29496,56.5329361380376,2,4,20.005108430306464,1,1.0005102360141866,0,0.0,0
29497,22.279457372539632,3,2,9.076846583838641,6,1.0007152351336612,0,0.0,0
29498,43.540798839729476,3,4,7.72193315949314,4,0.9289185121862503,0,0.0,0
29499,53.245730934223346,3,4,20.000021576767875,4,0.49824836137400974,0,0.0,0
29500,47.068296179894986,2,2,11.937809892012531,7,1.0006876147798214,0,0.0,0
29501,46.0107706325895,4,1,8.2910320775779,2,0.5943309334660651,0,0.0,0
29502,51.18848882421427,3,4,4.867239749088239,4,0.0016227230478895738,0,0.0,0
29503,22.98396672454375,3,1,15.720986012866424,7,0.9997551970662291,0,0.0,0
29504,30.83150140296591,2,6,12.358516620765048,4,0.5191630520063015,0,0.0,0
29505,57.4212416831096,4,1,12.480737090546112,7,0.7719636031837657,0,0.0,0
29506,47.800244052448285,3,5,23.83750052248924,3,0.5851157388118348,0,0.0,0
29507,55.29666914627375,3,4,20.005604700503966,1,0.32078164916623375,0,0.0,0
29508,43.853080725060416,3,2,11.508530908049437,1,1.0001918027902095,0,0.0,0
29509,40.647520898720764,4,3,5.655515129838594,4,1.000217022598722,0,0.0,0
29510,44.73545734168759,3,4,12.538226633975539,5,1.0002424151713645,0,0.0,0
29511,54.46899529006602,4,3,12.168007505821794,5,1.0919963318189652,0,0.0,0
29512,26.340739781947867,2,6,9.084895508281674,3,0.4822646600833057,0,0.0,0
29513,48.03871592214327,4,2,9.084002762259335,6,0.8280236764666592,0,0.0,0
29514,24.99280817171072,4,6,14.552585052243693,3,0.2217794161745703,0,0.0,0
29515,49.276529797597306,2,5,6.924328914249233,7,1.0176015474072049,0,0.0,0
29516,62.67194246891069,3,6,15.826797367141548,7,0.5627636890578925,0,0.0,0
29517,48.705632306208535,3,2,5.7253944547598,7,0.999707696057236,0,0.0,0
29518,57.6648958549719,3,6,18.38439872285352,6,1.5374831053496005,0,0.0,0
29519,42.53484292601446,4,5,17.071836329039204,5,0.49535917650861017,0,0.0,0
29520,59.9388743479078,1,5,9.942322501193313,7,0.999978315453434,0,0.0,0
29521,41.85209701456543,4,1,9.071834559743339,1,0.2873116564071262,0,0.0,0
29522,38.51941420443087,4,3,10.959516855044804,7,0.9999746053892546,0,0.0,0
29523,41.13768756034303,3,1,19.992482350431768,3,0.5999232781173538,0,0.0,0
29524,52.35144014739235,6,3,1.255945057537657,7,1.0003199633630802,0,0.0,0
29525,61.33933662876979,3,6,9.465896322817756,7,0.4795439954960803,0,0.0,0
29526,51.07284539264391,3,1,5.044613243210544,5,0.9996006580386929,0,0.0,0
29527,42.85033588227876,3,3,10.804644896077331,7,1.0002733786222548,0,0.0,0
29528,54.9586699890393,5,4,16.12661879635766,5,0.012130907357493448,0,0.0,0
29529,38.8049187029545,3,4,12.906084801946605,1,0.9414681694536982,0,0.0,0
29530,25.273693971972918,3,7,10.886484164581768,5,0.0,0,0.0,0
29531,35.20748466502369,4,2,11.130886802615132,7,1.0008468328464188,0,0.0,0
29532,26.531182313198535,3,2,9.02433528970306,3,0.0,0,0.0,0
29533,48.00115894284781,3,3,6.396868569788763,7,1.0001953463209539,0,0.0,0
29534,33.582061692391356,1,3,4.33166232816051,3,0.32939797138858756,0,0.0,0
29535,49.614642244137556,1,1,16.489335730137523,6,0.9998712641707088,0,0.0,0
29536,45.79189589299808,2,3,15.951345654704976,4,0.9820907230955223,0,0.0,0
29537,26.735011951468337,3,6,11.137562804569896,2,0.2618438205394587,0,0.0,0
29538,67.27906533697714,3,5,10.233837732723726,6,0.1561844639816845,0,0.0,0
29539,23.652157547071262,3,6,16.800544519061,3,0.13575009890228373,0,0.0,0
29540,37.317294593378065,4,4,9.021650470453906,1,1.0158166249067788,0,0.0,0
29541,54.67124786189633,0,3,14.90520677611158,2,0.43057101338072273,0,0.0,0
29542,51.533050843428015,2,3,17.852785742184828,4,0.05947727098297373,0,0.0,0
29543,55.19119733334661,2,3,13.380716524184168,2,1.0004277720201733,0,0.0,0
29544,43.24501909351292,1,1,14.5658220674805,3,0.9996823465098206,0,0.0,0
29545,26.006264825489247,2,2,4.940686747865389,2,0.19534438386527703,0,0.0,0
29546,55.50572592406616,3,1,2.2453480775371055,0,0.10852182036962588,0,0.0,0
29547,45.08090164042791,3,1,13.910147064633126,7,0.9995537265787791,0,0.0,0
29548,35.165530928715214,4,1,7.752129591222593,7,0.9997694572045086,0,0.0,0
29549,62.31047642462907,4,4,20.00143662571975,7,0.37218125344614605,0,0.0,0
29550,34.84078853320779,3,4,14.093693063383483,3,0.08650556038255863,0,0.0,0
29551,59.56683556281636,1,3,6.300502568127017,7,0.9996849582418708,0,0.0,0
29552,45.58700598793391,4,1,2.963811577747629,3,0.495587430928131,0,0.0,0
29553,58.416920849542656,1,4,1.1745453399812877,5,0.3637206389750308,0,0.0,0
29554,45.77258037917605,2,1,7.709849419884721,7,0.33162049119970605,0,0.0,0
29555,40.66746854892975,3,1,16.084786872016814,3,0.5024546620250552,0,0.0,0
29556,17.402521059664878,2,3,15.086143836734484,3,0.562856920600142,0,0.0,0
29557,27.70155492438971,3,0,15.553240573001576,4,0.9997009601609022,0,0.0,0
29558,33.58988118496035,1,4,10.420372819502788,4,0.9655064565057551,0,0.0,0
29559,49.10983473923342,4,6,9.245458419066699,1,0.334039721505615,0,0.0,0
29560,63.3341930778916,3,5,18.55643055574893,2,0.999725731600535,0,0.0,0
29561,60.92568350169945,4,5,17.510113242161516,2,1.0000935590393372,0,0.0,0
29562,47.60097625420937,3,1,19.45049043155266,4,0.9225586282275795,0,0.0,0
29563,59.18201195998202,3,3,9.352982707200741,7,0.9990250655503518,0,0.0,0
29564,48.187264494312146,5,4,9.66240870070082,4,0.9993510243589305,0,0.0,0
29565,57.86167013524914,7,3,1.5067751753647816,3,0.9563710185616832,0,0.0,0
29566,23.678197264752257,4,6,17.408028495004444,7,0.5087970554692784,0,0.0,0
29567,28.747737255436896,3,3,16.508222749700433,2,0.9997986457335706,0,0.0,0
29568,50.406821768424194,2,3,13.173378749692896,7,0.1557912244171734,0,0.0,0
29569,56.745955203848524,5,3,14.555040724146036,3,0.9358623391627133,0,0.0,0
29570,48.54108390683583,1,6,4.972191991372447,0,0.26980090920849764,0,0.0,0
29571,29.37395617692012,5,3,12.463323943353013,1,0.5228210901870198,0,0.0,0
29572,47.02181934089246,3,3,24.838935384653514,0,1.0001680805305715,0,0.0,0
29573,40.16114891444659,1,6,16.413228457293684,2,0.34118646748203485,0,0.0,0
29574,45.97489229604487,4,1,6.738724037423343,7,0.950471118913075,0,0.0,0
29575,39.85362219135749,2,3,18.612058815227687,3,0.4988074446447883,0,0.0,0
29576,34.8051711025611,3,1,13.739250616361325,6,0.9997707161118934,0,0.0,0
29577,52.71967810980046,0,1,14.21000449761889,7,0.9275004752473288,0,0.0,0
29578,59.79424718690207,3,2,12.081532608961506,4,0.7487797812556315,0,0.0,0
29579,12.499452299171676,4,1,11.8437722172748,7,0.6162329287757664,0,0.0,0
29580,24.97746569725085,5,3,0.2850375438903452,1,0.002049713721751223,0,0.0,0
29581,20.31270314675963,4,4,0.29028353685358255,2,0.6508723029862831,0,0.0,0
29582,48.06896662719785,3,3,9.534134505938749,7,0.9997794641068984,0,0.0,0
29583,26.299850143372172,1,2,20.006783827705036,1,0.21258046149368331,0,0.0,0
29584,46.25288607985352,3,6,8.180576626242878,7,1.000693087450656,0,0.0,0
29585,62.0769792860269,3,1,15.04083272166035,3,1.0001186229132315,0,0.0,0
29586,39.72649272017374,3,0,14.025144785586361,0,1.000483092412359,0,0.0,0
29587,48.42487204996323,2,6,11.028555793741024,2,0.6539756118001687,0,0.0,0
29588,59.682764941277824,3,5,17.780549405374735,7,1.0003046088384306,0,0.0,0
29589,52.605157430113366,1,3,8.606764557595216,0,1.0001749812608014,0,0.0,0
29590,39.93327450756013,0,1,7.557112415292565,7,0.9995147057020872,0,0.0,0
29591,46.501019508090835,2,3,10.684083152770025,6,0.9999918346575856,0,0.0,0
29592,42.10753391396971,3,2,11.540180355188237,1,0.9996207747969932,0,0.0,0
29593,50.348578656333515,3,3,0.9531632963628685,7,0.9997579837717137,1,80809.7922569771,1
29594,30.981522516398698,2,1,4.393434591572264,5,0.604687696377497,0,0.0,0
29595,42.582153557906786,4,2,13.176108483419952,7,1.0002318794532117,0,0.0,0
29596,46.28642615147974,2,3,6.466814932027103,6,0.5052607473403121,0,0.0,0
29597,46.41875913067176,3,5,6.979006977096732,7,0.9998825279629331,0,0.0,0
29598,17.128723760507228,4,3,1.3106909023583047,1,0.8476839698976555,0,0.0,0
29599,51.14703602978534,2,4,6.258723915033514,6,0.07981520793142916,0,0.0,0
29600,40.85899242267474,5,1,11.386058004460505,3,1.0000169891235131,0,0.0,0
29601,29.713323055554298,4,2,6.661507852016942,1,0.3195644471702873,0,0.0,0
29602,44.84589029574597,2,2,10.23081139782987,7,0.9999852553272471,0,0.0,0
29603,39.94499637646122,1,5,15.180880764956832,1,0.35155436474176877,0,0.0,0
29604,35.16352227427798,2,2,11.701097178588231,2,0.5134569926862602,0,0.0,0
29605,47.05607981934924,2,3,7.869813631553808,1,0.4238092894303555,0,0.0,0
29606,18.41304755836241,6,2,4.831177113305898,1,0.24622453873672706,0,0.0,0
29607,31.03166730250714,3,4,5.295877937943925,4,0.9993714877836934,0,0.0,0
29608,28.77054797742048,3,3,3.350432461715285,2,0.5021227857537715,0,0.0,0
29609,46.60130099650758,5,1,0.949410330931391,2,0.5035774882951449,0,0.0,0
29610,23.535502473075997,3,4,13.21986715292457,1,0.9900323486723546,0,0.0,0
29611,32.257229436578115,3,5,14.244176431306435,2,1.000533905245364,0,0.0,0
29612,42.44388816162901,4,3,12.82938649860328,7,1.0003259795366028,0,0.0,0
29613,22.624629208885512,4,0,19.74148427213718,6,0.43893839897766374,0,0.0,0
29614,28.355423743311633,3,5,9.810880295686513,1,0.7487626798881031,0,0.0,0
29615,29.39206193864141,2,6,18.542374897983514,3,0.6202945053223331,0,0.0,0
29616,40.13378273123791,3,1,6.540812717345945,2,1.0002501269757138,0,0.0,0
29617,54.03878459972532,4,3,10.526471171236608,2,1.0002451033314657,0,0.0,0
29618,39.47887080792643,4,6,11.058952631441764,3,0.0,0,0.0,0
29619,42.73246042876626,3,4,0.3280700324961945,7,0.007267545861493363,0,0.0,0
29620,37.383397304569314,4,2,7.478199156344267,1,0.2559263940738466,0,0.0,0
29621,45.20379204237991,2,6,16.492161848749433,7,1.0000663564226404,0,0.0,0
29622,40.762367532734984,0,1,2.974356465984272,7,1.0002738438701042,0,0.0,0
29623,46.27586601076044,2,3,9.53539008001242,2,0.44525071475146943,0,0.0,0
29624,46.86994991021697,3,1,14.360799099375498,0,1.0005550880211587,0,0.0,0
29625,44.053350184807606,3,6,8.492922667321823,4,1.000526635514461,0,0.0,0
29626,29.0131059597023,1,2,4.5884141900053805,6,0.3279193657655738,0,0.0,0
29627,60.22031252488566,4,5,19.388677215597607,8,0.9998559026162608,0,0.0,0
29628,68.77680071792284,5,3,14.683544580796843,3,0.49922725809963475,0,0.0,0
29629,62.984550385778974,3,3,16.45683543445669,2,0.999893753422465,0,0.0,0
29630,40.20097801615951,3,3,20.32829877371622,3,1.0000792299137076,0,0.0,0
29631,37.29742664627335,3,5,0.061593117700271094,1,0.7198497335214716,0,0.0,0
29632,50.447780304724915,3,6,17.818105926888187,2,1.000549755441793,0,0.0,0
29633,33.086311019628425,2,1,3.2877717069581243,4,0.550223440270194,0,0.0,0
29634,55.641577645369686,2,6,6.34444015441276,6,0.9613982768600078,0,0.0,0
29635,39.46718612143948,5,6,15.002681165620011,3,0.4068009657385077,0,0.0,0
29636,30.048734905227803,1,6,7.106123609361626,6,0.1272494401429134,0,0.0,0
29637,50.73759289382467,2,1,0.0,2,0.38544800263302575,0,0.0,0
29638,52.77559688301948,3,6,16.556471461909325,4,0.496476610186981,0,0.0,0
29639,49.51005867695281,3,1,3.749139176730031,0,0.9891480161671097,0,0.0,0
29640,38.16473070764821,4,6,9.511794894058738,3,0.5073204693918165,0,0.0,0
29641,50.46124219398685,2,3,2.326406581956064,4,0.0,0,0.0,0
29642,56.80375675795302,3,3,10.282052099876703,2,0.9998885136716771,0,0.0,0
29643,25.991991202679593,3,3,2.925363508391719,2,0.9929218305190033,0,0.0,0
29644,47.775499790474,3,6,12.803463509064748,7,0.9116624912463511,0,0.0,0
29645,51.099881510159264,4,6,6.381941581500698,7,1.0002868763948696,0,0.0,0
29646,5.325013960831569,3,3,7.648801473467957,2,0.15708077200804316,0,0.0,0
29647,43.94757731752779,3,4,3.963598390105317,1,0.43787922940570856,0,0.0,0
29648,21.6732904970534,3,3,13.672489259215482,3,0.49695479832613537,0,0.0,0
29649,40.46530122785229,2,5,12.58375881693039,5,0.49943050569290554,0,0.0,0
29650,28.13343607503859,3,6,10.53033889207503,1,0.5574086619376442,0,0.0,0
29651,45.585922698173384,3,1,13.713005953790429,7,1.0000267965853178,0,0.0,0
29652,42.84067288376857,4,6,0.0,6,0.24863412094000226,0,0.0,0
29653,47.34984678062018,4,2,10.771861525833522,6,0.8226252173008886,0,0.0,0
29654,60.75231413122491,2,4,4.493199220616395,1,0.07017471510794049,0,0.0,0
29655,38.524204812530186,3,3,12.525655560550286,0,0.2759882310792927,0,0.0,0
29656,74.17395573949398,3,1,10.818589714741488,7,0.9998342478565515,0,0.0,0
29657,49.48979930104609,4,3,16.395948720327326,3,1.0004979384510206,0,0.0,0
29658,45.531460094964174,6,2,14.610802482395751,7,0.7261564877429401,0,0.0,0
29659,21.417457900652952,7,3,1.1618501298946704,6,0.27654685434016746,0,0.0,0
29660,34.63618216698006,3,7,13.602493340661308,5,0.23546699354916478,0,0.0,0
29661,29.585034832431436,4,6,4.823294073808709,0,0.6075265845299898,0,0.0,0
29662,45.83977936123883,3,3,18.822659495543192,7,0.9995122607028987,0,0.0,0
29663,61.49159731162331,4,3,10.292519896701446,7,0.21641230893584829,0,0.0,0
29664,35.99828297029392,3,2,13.839965023310416,6,0.9997687326164624,0,0.0,0
29665,32.139590275255166,5,5,9.842003263612707,7,0.28879776095277504,0,0.0,0
29666,33.28489419415795,2,3,4.3227207297173535,2,0.13052291563549567,0,0.0,0
29667,27.542227905912643,1,5,17.994256842849094,3,0.9910820731067358,0,0.0,0
29668,22.520134813332717,3,2,11.558025900133428,3,0.9995804867967311,0,0.0,0
29669,26.54304685265984,3,7,5.108013871911604,7,0.9998438966492691,0,0.0,0
29670,63.46976223909844,3,3,14.318189083435676,2,1.0000761964601077,0,0.0,0
29671,46.43535316762629,4,2,13.660322782656944,7,0.9999235791710976,0,0.0,0
29672,44.918534837774416,6,1,15.072828827959817,2,1.000543838553807,0,0.0,0
29673,39.53816252902446,6,3,17.33353539729646,2,0.9560884111747856,0,0.0,0
29674,51.60365530215635,4,6,7.6835822983302124,1,0.999951132232952,0,0.0,0
29675,32.852674760971006,3,5,13.831196737080433,1,0.999648957639492,0,0.0,0
29676,46.7105754579867,3,3,20.002085094049576,4,0.8695204714478442,0,0.0,0
29677,49.30992661351831,3,1,16.97090951510021,3,1.0125593124483108,0,0.0,0
29678,31.750996198905547,3,1,10.896128376541467,2,0.5027560052897744,0,0.0,0
29679,38.10375009939025,4,4,16.275223254296208,2,0.5675211690787287,0,0.0,0
29680,31.72813204761559,2,6,2.1094684317145145,4,0.557070713376185,0,0.0,0
29681,18.567406403334726,1,3,9.788526553992407,1,0.785015749542092,0,0.0,0
29682,37.6168034918126,3,1,20.34218090468569,7,1.0004251982438883,0,0.0,0
29683,46.33078464849447,1,5,11.19106835749675,5,0.9643592681759917,0,0.0,0
29684,36.58231266086069,1,3,7.626298469259464,6,0.22316108484760466,0,0.0,0
29685,44.872913166468095,2,4,19.77883508355861,7,0.9993458667373594,0,0.0,0
29686,31.867724652536033,4,1,18.372142269014674,7,0.9708658459819288,0,0.0,0
29687,65.06278721371237,3,5,16.127763382645206,3,1.0003129716900556,0,0.0,0
29688,50.321341559193556,3,5,7.530441405831376,0,1.0001651011388757,0,0.0,0
29689,54.14697405042499,1,6,11.744604029963282,6,0.16753376933500486,0,0.0,0
29690,45.95861822099079,3,3,7.3571218184277845,3,0.4134184056762319,0,0.0,0
29691,45.295501652151515,3,2,13.62335237094532,6,0.18966608051053468,0,0.0,0
29692,54.42701860741351,3,1,2.8268795622206664,3,0.9999867991978197,0,0.0,0
29693,60.39030943353435,3,5,21.1046663322537,7,0.9995781150780123,0,0.0,0
29694,30.50837959623071,3,3,2.2661264535121237,2,0.9996881067461216,0,0.0,0
29695,20.3944791306521,4,3,0.0,7,0.4982998301816125,0,0.0,0
29696,37.4081888010527,1,3,4.414437944385578,6,0.9320373476001985,0,0.0,0
29697,33.56167908399439,0,3,19.80750204057952,7,0.5885158921500441,0,0.0,0
29698,28.467240519217448,3,1,0.0,1,0.1461917479665834,0,0.0,0
29699,17.535160430057175,2,3,9.047349076340957,4,0.3113878745031634,0,0.0,0
29700,47.20113285942246,5,3,2.247291812661244,7,1.000045558991164,0,0.0,0
29701,44.82025837256596,4,1,9.438031927283141,3,0.4980142667997326,0,0.0,0
29702,25.659091671093403,3,2,13.240424233671911,4,0.5819425871364998,0,0.0,0
29703,54.224788625918045,2,3,0.0,7,0.3367737157830105,0,0.0,0
29704,43.14108216058716,4,1,11.709225795719357,6,0.4986166580963787,0,0.0,0
29705,41.78168211352432,5,3,10.67066149545605,2,0.9752857215053727,0,0.0,0
29706,18.537572254394558,1,3,12.800194371869523,4,0.6745242436200017,0,0.0,0
29707,58.93153298284863,4,1,17.354656357540378,5,0.4962077447855354,0,0.0,0
29708,31.776834911301407,4,4,19.99529361073693,4,0.5606223270781701,0,0.0,0
29709,60.044231001741835,3,3,17.299513993605416,7,0.9996472095788465,0,0.0,0
29710,19.86612030619326,3,5,12.610846357325107,2,0.16944139029683192,0,0.0,0
29711,44.620449010490496,4,1,0.0,7,0.9111597535955511,0,0.0,0
29712,57.892189226721285,3,6,17.773123717839514,2,0.26584765661437265,0,0.0,0
29713,39.975734498042335,4,1,17.260143319809156,4,0.9804197287077394,0,0.0,0
29714,59.79209971763024,3,3,10.5774918210294,3,0.2775014998204172,0,0.0,0
29715,55.96430670138058,3,3,2.2587360148465745,3,0.9815028729760291,0,0.0,0
29716,21.4171564780287,2,1,18.021402932917056,4,0.17966753554648718,0,0.0,0
29717,44.143549494244915,1,3,6.005950569387793,4,0.38784245423656777,0,0.0,0
29718,16.235589258572823,4,3,6.789648133427574,1,0.4102210522884615,0,0.0,0
29719,42.13998806199761,1,6,10.096669787942663,3,0.999674153801321,0,0.0,0
29720,19.813054629003258,3,4,20.008758397570553,1,0.9998797670861009,0,0.0,0
29721,30.676087561529584,2,4,11.292827188980294,7,0.9999731816015129,0,0.0,0
29722,35.37104557147007,2,1,20.001895036013387,1,0.7331022266072729,0,0.0,0
29723,38.256264542329845,3,1,14.195768382284298,7,0.9992816163182829,0,0.0,0
29724,41.666410206422405,4,5,13.698814779463387,2,0.0,0,0.0,0
29725,47.999674246842396,2,3,0.41702886766735325,3,0.9999232192941274,0,0.0,0
29726,30.289736467150682,3,1,7.44133584108729,3,0.497542760829173,0,0.0,0
29727,28.294352214990283,2,3,19.727978478408986,7,0.6149877231919437,0,0.0,0
29728,33.74270983578876,5,3,19.251749166326782,3,0.9997739832206582,0,0.0,0
29729,53.59379662076311,2,3,16.536102253846806,7,0.9995783678411497,0,0.0,0
29730,40.56644921975002,3,1,5.088917029528765,2,0.5775441196786288,0,0.0,0
29731,38.69049514757529,2,3,5.647530656454413,3,0.0700982097373235,0,0.0,0
29732,23.808832726034968,4,3,7.450520032206088,3,0.49572186849796146,0,0.0,0
29733,55.3018939141041,5,3,16.375050086940504,7,1.0001349350564912,0,0.0,0
29734,22.52955287646484,4,6,9.6024398685636,0,0.5685470035612096,0,0.0,0
29735,49.45096553380051,4,3,9.846197289446875,5,0.691407829792862,0,0.0,0
29736,46.19586585771644,4,2,14.77273906444341,7,0.999729730639404,0,0.0,0
29737,38.49993243127735,3,3,18.192811995102375,2,1.0000284682625764,0,0.0,0
29738,38.54902513672416,3,1,2.0412957146054467,5,0.5028940376206256,0,0.0,0
29739,62.34737445221769,5,1,6.83749731241404,7,0.368780134440905,0,0.0,0
29740,40.485948345534375,4,6,2.25529160020894,7,1.0003143354424027,0,0.0,0
29741,40.60098882869856,4,5,0.0,4,0.4983073571212202,0,0.0,0
29742,48.83414424469924,4,1,8.492570236226097,7,0.9556838318985985,0,0.0,0
29743,37.805292202501285,3,2,12.807584047908115,1,0.9996077145836891,0,0.0,0
29744,25.672674981585036,5,2,9.946617687815039,4,0.9833475393562903,0,0.0,0
29745,28.067310588893818,1,2,10.501054087315858,7,0.35602202378976233,0,0.0,0
29746,30.995626497640814,1,1,8.226279103136939,2,0.21228112420999062,0,0.0,0
29747,47.08382866057352,1,3,7.3574725597061015,1,1.0000144736580556,0,0.0,0
29748,18.319669375165233,4,5,14.385969790655233,2,0.6014846795388834,0,0.0,0
29749,48.29132236639171,3,6,23.310564064330904,6,0.9999274458921261,0,0.0,0
29750,60.70044482308474,3,4,0.0,3,0.9208717991482953,0,0.0,0
29751,48.290982460291175,2,1,19.98935764637486,3,0.2838169628047228,0,0.0,0
29752,40.08491647045632,2,5,16.513323878068483,1,0.8765027726085467,0,0.0,0
29753,59.887192130594585,7,3,0.0,3,0.5028624123278126,0,0.0,0
29754,35.11576045581021,3,5,11.859806965377055,1,0.8759439329546739,0,0.0,0
29755,40.85773242530927,3,3,2.239352137271956,7,0.9997210168890418,0,0.0,0
29756,33.57587142153766,0,3,5.941820801742599,4,0.4978386770344352,0,0.0,0
29757,54.26187194961474,5,1,18.068778528694402,2,0.536840403729055,0,0.0,0
29758,43.25086045958569,5,4,19.98407767817657,7,0.7450664180684192,0,0.0,0
29759,50.5226533772952,2,3,7.624771207080656,6,0.49589627748268195,0,0.0,0
29760,34.52636507693294,1,6,0.0,7,1.0000211489136916,0,0.0,0
29761,35.618640347731834,1,6,5.414575469473272,1,0.8979219005869153,0,0.0,0
29762,58.01788289016238,2,3,11.872501586500146,2,0.9998047050366661,0,0.0,0
29763,22.242104375798533,4,3,0.0,3,0.4931409860481809,0,0.0,0
29764,36.19192978480874,3,1,4.678840639046534,7,0.9994308288428978,0,0.0,0
29765,53.643878013725875,5,4,8.854730806713256,7,0.999791024686181,0,0.0,0
29766,55.36001434018721,3,3,6.578384587547559,3,0.49619143462630155,0,0.0,0
29767,54.142481316256905,4,0,2.1550009217863337,7,0.9131748214520812,0,0.0,0
29768,55.49674596899529,6,3,10.91189408030487,3,0.21953624260913573,0,0.0,0
29769,47.8769498312391,3,1,7.88335579920491,7,0.37810294389725524,0,0.0,0
29770,60.0903625226608,2,3,19.25691062831276,5,0.49974364361356444,0,0.0,0
29771,65.47013262532029,4,1,10.75255208152655,7,0.3421883852365152,0,0.0,0
29772,61.39988374626295,3,3,13.72611053130413,4,1.000279317826406,0,0.0,0
29773,48.219590576679735,3,5,16.893874390729643,7,0.9999665006625039,0,0.0,0
29774,42.07278302667944,3,6,19.99383017654241,1,0.12810442025221258,0,0.0,0
29775,43.62178582466204,3,3,15.598226412260136,4,0.4931658514280247,0,0.0,0
29776,37.94614178415067,4,3,2.250897776824445,2,0.49554211267165876,0,0.0,0
29777,43.90621775769617,5,7,0.1391569721580268,6,0.0,0,0.0,0
29778,29.98234007343711,2,4,0.0,1,0.9766967369793749,0,0.0,0
29779,44.00180945954017,2,4,10.501541869206989,1,0.0,0,0.0,0
29780,38.56664120770057,2,3,17.840655388623684,7,0.1748115461225409,0,0.0,0
29781,30.418420365852405,1,3,11.486417290324717,0,0.4992800481615207,0,0.0,0
29782,28.718428443561287,3,6,1.256146054326134,4,0.007421192162355816,0,0.0,0
29783,28.502584265661532,3,2,8.328511361809792,7,0.5274484440411202,0,0.0,0
29784,51.917137579140345,3,3,13.583830840534242,7,0.8068445401847617,0,0.0,0
29785,45.38749092378279,2,2,13.372764409611936,7,0.9999182376765345,0,0.0,0
29786,37.49670844541037,2,2,1.441090709342701,7,0.30723721319916725,0,0.0,0
29787,29.274403746152064,2,6,5.933337519221815,1,0.3855028821845018,0,0.0,0
29788,56.682504977331206,4,4,19.993938643892125,1,0.9998001907357192,0,0.0,0
29789,48.767234305036204,3,3,16.94725312861444,7,1.0000701146347368,0,0.0,0
29790,36.89540621790706,2,4,12.853227534736625,7,0.2763688605345247,0,0.0,0
29791,40.94644217544012,2,6,10.295133631748477,7,1.0004302004318113,0,0.0,0
29792,28.583562448367616,6,3,2.6219799144833367,3,1.0002986952766655,0,0.0,0
29793,44.84673526749007,3,4,14.260738235659044,4,0.9999342209901598,0,0.0,0
29794,25.142635055177696,4,6,9.239788721640421,1,0.33292372816406146,0,0.0,0
29795,25.337293955335852,2,3,16.408133386343106,4,0.2665864924706882,0,0.0,0
29796,25.715867454593837,6,2,9.267838205855677,4,0.39996034277278186,0,0.0,0
29797,23.633191316157813,4,1,22.32513952430024,1,1.000404763321516,0,0.0,0
29798,46.62083552238645,3,3,17.891145442369968,4,1.0006024224985182,0,0.0,0
29799,64.15408511934542,1,3,11.953526319987052,7,1.0002893173811969,0,0.0,0
29800,21.761291377604167,3,3,7.7952268124587505,3,0.9751392143193138,0,0.0,0
29801,42.53503704577442,1,6,13.906197477288986,7,0.9995249336026912,0,0.0,0
29802,37.96896547516326,3,4,20.003812499195853,1,0.0018972595469817222,0,0.0,0
29803,34.80692466093796,2,3,13.813370934784295,7,0.9995634526689883,0,0.0,0
29804,19.750625521234394,2,4,10.491465561315492,1,0.6778571484066541,0,0.0,0
29805,63.02779204885077,3,6,3.6018321628401164,6,0.9996058759364688,0,0.0,0
29806,44.42025630885211,2,6,9.664568403786378,4,1.0002908951073892,0,0.0,0
29807,38.98264638732106,3,4,0.0,4,0.6143552195140288,0,0.0,0
29808,35.606852305214304,2,3,10.05446942882851,3,1.0001692534326307,0,0.0,0
29809,27.306199671165523,4,1,24.787028802440034,7,0.5660656565945615,0,0.0,0
29810,38.82743124876875,2,3,11.177353332317468,4,0.4999036590754824,0,0.0,0
29811,53.326215826126244,4,1,0.0,4,1.0004749194293714,0,0.0,0
29812,50.98085083890791,5,1,11.172483290319162,7,0.36576385967194885,0,0.0,0
29813,36.683983291761635,4,6,8.637451865103658,1,0.959954802016904,0,0.0,0
29814,34.94456533166991,1,1,3.4863837582288273,7,0.36148359544312614,0,0.0,0
29815,47.639367559465,3,2,5.425153733404838,5,0.28557800840719644,0,0.0,0
29816,43.7496375645699,1,3,4.0232902658077,1,0.9330507337112786,0,0.0,0
29817,54.45658563873494,6,4,6.5180313009077,1,0.9683188269158192,0,0.0,0
29818,49.5403117342189,2,3,13.15973185449992,7,1.0002213683915808,0,0.0,0
29819,43.91543797685296,5,2,6.130969562079262,7,0.7915551485605573,0,0.0,0
29820,68.51128294419935,4,3,17.370054105583574,4,1.000282866845516,0,0.0,0
29821,50.5281457902594,3,3,19.263229560464076,7,0.34637898471336287,0,0.0,0
29822,27.01212573672721,4,7,7.681364424318214,2,0.322125458524611,0,0.0,0
29823,46.871946666044934,4,3,11.170522163333548,7,1.0002128877739138,0,0.0,0
29824,24.439692477176337,0,2,12.184998674954025,3,0.3169126184826,0,0.0,0
29825,44.88067772460177,2,6,18.19726465493025,7,1.0004681260778516,0,0.0,0
29826,39.47111106279135,2,3,23.150898839197765,4,0.5011595829126126,0,0.0,0
29827,50.468990417957116,2,3,0.020182582477509925,5,0.43199473978125613,0,0.0,0
29828,44.99488801114156,3,1,16.825851963556467,2,0.9629734159458994,0,0.0,0
29829,30.758400326208125,2,3,13.04037561428192,3,0.5004552121550094,0,0.0,0
29830,33.380867838315595,3,3,6.648684543124419,3,0.4935283427406123,0,0.0,0
29831,11.754049564844216,2,6,4.493859506737317,5,0.3821379927980579,1,3372.4212922314214,1
29832,47.985186183132946,5,3,23.365458577820924,7,0.9501784815825809,0,0.0,0
29833,26.29716775443699,6,3,14.033553213206876,1,0.5496545308569862,0,0.0,0
29834,49.73852883736237,2,3,27.91719877877658,2,0.4935781195879357,0,0.0,0
29835,71.21958397190849,3,3,14.195612064811764,5,1.0002648945716919,0,0.0,0
29836,43.3250279272563,3,4,20.00282811122932,1,1.030647329600118,0,0.0,0
29837,49.508184091093405,2,2,17.633832704448643,4,1.0029281367731977,0,0.0,0
29838,62.717190701839954,2,5,23.218805526266415,3,0.9629490032963649,0,0.0,0
29839,49.68981238792738,2,1,14.934535377217804,0,0.5021924436861375,0,0.0,0
29840,39.815593671727086,4,6,20.14849913740817,1,0.9659138825646274,0,0.0,0
29841,43.579509230084184,3,5,4.0078547456300555,3,0.1424985353774777,0,0.0,0
29842,43.53355814995348,3,6,15.661020866341971,2,0.4288514270676602,0,0.0,0
29843,27.805286089556244,2,1,13.469812857928654,7,0.9586199917908789,0,0.0,0
29844,42.02414540956667,1,4,19.999080579546753,7,0.9993292457405764,0,0.0,0
29845,28.82423479779038,3,6,15.850270214483908,3,0.8271334826320923,0,0.0,0
29846,58.734320345637215,4,3,18.913995372181112,4,0.49399599480702194,0,0.0,0
29847,51.93755844414421,5,4,0.0,7,0.9765909969844384,0,0.0,0
29848,50.02130564299971,4,1,7.277419038696097,7,1.0001043713010072,0,0.0,0
29849,38.93428932108432,3,2,9.025666705506644,1,0.0,0,0.0,0
29850,46.66243278894382,3,4,20.86066187440374,2,0.16033718275322906,0,0.0,0
29851,30.351718360434873,2,3,4.526452610873519,7,0.9998760877970776,0,0.0,0
29852,35.17420141828559,2,3,17.141114938706536,1,0.9450830148919207,0,0.0,0
29853,51.557820218118756,3,6,17.405040055289195,3,0.39117692448228897,0,0.0,0
29854,42.216506934163334,5,3,8.614718203703982,4,0.3479731629415335,0,0.0,0
29855,45.7593031098196,2,2,19.998530714395876,1,1.0001350474245274,0,0.0,0
29856,45.566222131788436,2,4,16.218852151399112,7,0.9995685173335316,0,0.0,0
29857,30.920002453372952,3,3,11.979023239703062,5,1.0004503347230358,0,0.0,0
29858,31.673385836442797,3,1,0.0,2,0.7511342363595783,0,0.0,0
29859,22.39388633752552,2,4,19.996413699285746,1,0.5984177324704465,0,0.0,0
29860,54.23309874053157,1,5,8.669370244385487,5,0.3938269702252211,0,0.0,0
29861,48.11595182306823,4,3,18.544055223700468,7,1.0002330852216055,0,0.0,0
29862,44.770406988648034,3,4,3.973360722074971,1,0.4932879218933446,0,0.0,0
29863,49.24519547530943,2,3,6.9327446800533234,7,1.0003172643334017,0,0.0,0
29864,33.801651523920164,3,6,10.235064270135531,1,0.9623664986028004,0,0.0,0
29865,49.8752590872818,3,6,17.47115644787698,7,1.0002150445360527,0,0.0,0
29866,61.256302596208045,3,3,10.807048347198466,2,1.0000133594651328,0,0.0,0
29867,71.18448463577434,1,1,9.663230180447444,7,0.3347571745379079,0,0.0,0
29868,48.901755405368526,3,6,14.758094187604668,2,0.49590764102529955,0,0.0,0
29869,28.939588400379193,3,3,17.06330632939199,1,0.9407083769039266,0,0.0,0
29870,37.44907814883395,2,6,13.27384019045756,6,0.9998979147447332,0,0.0,0
29871,40.54061418881636,5,3,2.9707230881753866,1,1.0002116295310293,0,0.0,0
29872,47.07724601701881,4,5,3.7500475839760403,7,1.0004843340801224,0,0.0,0
29873,58.7710067052507,5,2,13.476224369692304,7,0.5341103942965831,0,0.0,0
29874,52.726671420685825,2,6,7.930188477473266,7,0.9999451565924422,1,5196.601186688426,1
29875,29.599231847917956,3,6,14.715606572697627,7,0.3705463582124828,0,0.0,0
29876,40.07201028953877,4,6,15.288527531958147,7,1.000346361552693,0,0.0,0
29877,39.146490668150015,3,1,1.1799173507195366,7,1.0004528667787342,0,0.0,0
29878,33.33595065613022,3,2,14.808035956424767,5,0.9999520673315238,0,0.0,0
29879,62.471933701104916,4,3,24.75822566736184,7,0.23214476410518092,0,0.0,0
29880,50.54224716017047,1,6,9.652618979713427,5,0.9991742681024822,0,0.0,0
29881,50.19813049552154,3,5,10.499155371784969,5,0.4974481161579639,0,0.0,0
29882,50.596615447275454,3,2,20.44291080510913,7,0.3246160866445778,0,0.0,0
29883,31.885190552738614,2,3,0.6191085975413149,7,0.9998334583922412,0,0.0,0
29884,49.83540658589555,1,6,14.666555725548845,7,0.833267499933301,0,0.0,0
29885,36.49159443580779,4,3,10.381761585485853,2,1.0002413847253249,0,0.0,0
29886,47.72107778510467,1,3,18.686876302931765,5,0.4992302276796018,0,0.0,0
29887,53.145336332460204,2,4,20.010381368982255,1,1.0000007562731974,0,0.0,0
29888,35.63418915423276,4,1,6.472066258423345,5,0.7561763983579095,0,0.0,0
29889,31.20652177007041,3,3,0.0,7,0.4954253106131514,0,0.0,0
29890,43.5937724595022,3,3,14.884004596010726,3,1.0001093386230757,0,0.0,0
29891,63.095043298223175,3,1,23.2346665807929,7,1.0004310568505044,0,0.0,0
29892,41.50155959713471,1,3,16.187140439844704,7,0.6571336000292114,0,0.0,0
29893,63.450378042649724,3,3,18.2236848322385,5,1.0001177115612192,0,0.0,0
29894,33.46282489460285,3,5,17.6122001009401,2,0.9999220467731882,0,0.0,0
29895,51.61872787176869,5,6,20.247060843089262,1,1.0495579772975816,0,0.0,0
29896,29.229899622742572,1,5,4.018013462218857,0,0.09932630479447602,0,0.0,0
29897,33.399381021068194,3,1,10.035125445151715,5,1.0002576277496824,0,0.0,0
29898,30.529819186819147,3,2,11.261025735896233,7,1.2419201531090907,0,0.0,0
29899,34.66201149562447,4,1,7.7635529721971785,4,0.9717980805412421,0,0.0,0
29900,26.801765662537225,5,2,7.3238645307666985,6,0.1448195041616589,0,0.0,0
29901,39.31818072019142,1,3,2.7554398805573026,7,1.0000613434741918,0,0.0,0
29902,28.7394365700314,3,4,12.951945898429546,1,0.3287268505777931,0,0.0,0
29903,45.020881292636254,4,3,11.512697216135505,7,1.2634671299616116,0,0.0,0
29904,12.554195300940854,2,3,0.0,2,0.1928640209747488,0,0.0,0
29905,43.17737595479861,3,6,2.129826269931094,0,0.600525463297719,0,0.0,0
29906,38.4354322916475,2,6,13.811840054909263,3,0.15032654967816328,0,0.0,0
29907,58.903255768562914,2,3,19.99149426941053,1,1.3454813486216868,0,0.0,0
29908,25.821106906371053,4,6,7.160436088143733,2,0.34917875074133864,0,0.0,0
29909,25.020071029421334,0,3,9.590606821702615,0,0.4790422287293645,0,0.0,0
29910,37.66713694600465,6,6,9.837464622590542,1,0.11366657487411747,0,0.0,0
29911,45.86625679116928,2,6,12.616453175681528,7,1.000349585683988,0,0.0,0
29912,51.1614774043463,2,1,9.560657473670311,4,0.9841467752776203,0,0.0,0
29913,54.40859290728318,2,6,3.5983131492860068,2,0.4019200794606092,0,0.0,0
29914,33.62198673963488,2,1,13.319303622028638,4,0.9997066205404448,0,0.0,0
29915,35.35413414317918,3,1,8.423545243975537,7,0.9026950702498027,0,0.0,0
29916,45.67296047716488,4,4,19.99779631483767,7,1.0001787965868978,0,0.0,0
29917,49.63762125133323,3,0,15.30910235287011,2,1.0003093300174906,0,0.0,0
29918,53.90318749605195,3,3,23.488844126200505,2,1.0002807715556912,0,0.0,0
29919,44.519032637317686,4,3,7.59757769316284,5,0.9769761546017297,0,0.0,0
29920,57.88340598605333,0,1,15.63479348188227,7,0.8906252422913484,0,0.0,0
29921,38.93196413312989,2,5,2.928088043660839,2,1.0000461813819461,0,0.0,0
29922,52.988646625754455,5,1,12.669427711805717,5,0.13234990489743026,0,0.0,0
29923,48.72237725136252,2,6,17.19238846577862,7,0.7352436085923535,0,0.0,0
29924,53.71954548032379,5,5,2.093966742269288,7,1.0000427694491325,0,0.0,0
29925,26.04741515572755,3,2,1.3096295872167119,3,0.9995073275121513,0,0.0,0
29926,43.99400058843782,3,3,3.682201528707167,4,1.0000175512128493,0,0.0,0
29927,24.743710581478986,3,6,19.113573504345844,0,0.9997831521060183,0,0.0,0
29928,33.60414245008717,2,1,9.63999306329414,2,0.0,0,0.0,0
29929,37.52532240095852,2,1,7.974792471248383,7,1.0001484717342335,0,0.0,0
29930,42.7060610429957,4,3,10.188109964057851,7,0.518013824397732,0,0.0,0
29931,36.72992542204088,2,3,3.358448966989017,2,0.9047623585319984,0,0.0,0
29932,48.63034528564526,5,1,5.956922255517777,8,0.5025994619193739,0,0.0,0
29933,73.03008189877299,3,5,18.248234711082205,1,0.5181121901701704,0,0.0,0
29934,63.490480123426586,3,6,19.7224709219821,1,0.9429491123563345,0,0.0,0
29935,33.93560837448394,3,2,8.120507782928808,1,0.9998880598332593,0,0.0,0
29936,30.79860760762328,3,6,3.362795962649166,7,0.35608206641091616,0,0.0,0
29937,45.40568737690589,4,3,12.646854228250305,2,0.9553869151220666,0,0.0,0
29938,59.54156938696643,5,5,0.0,2,0.49922186648159717,0,0.0,0
29939,27.08906646661075,3,0,20.252717633146084,5,0.999772361115078,0,0.0,0
29940,42.62416957638121,3,1,9.795974148439544,7,1.000176203481122,0,0.0,0
29941,54.29735658084811,5,1,15.817320170061095,5,0.9322928597560853,0,0.0,0
29942,41.04909452836709,3,3,9.933559716666023,6,1.00015469746053,0,0.0,0
29943,62.03722473200672,4,2,13.708059897513635,6,0.6808774133034344,0,0.0,0
29944,72.5180915348093,2,2,8.73833718749854,7,0.9452072737993253,0,0.0,0
29945,25.62255479782736,5,7,1.1086480607178206,3,0.0,0,0.0,0
29946,58.66082275713583,4,5,18.431455188558065,2,0.499835023271043,0,0.0,0
29947,50.06262155685937,2,2,20.00903819294681,1,0.10449827108716814,0,0.0,0
29948,28.3552204152572,3,3,11.510199175199398,4,0.3719218907935023,0,0.0,0
29949,62.564096595617485,4,3,10.82238029992651,7,0.9999416729129258,0,0.0,0
29950,71.9674518043704,3,3,7.377441443585406,2,0.4360698660131568,0,0.0,0
29951,56.65874841894037,4,3,5.933714529123428,4,0.9688649508740059,0,0.0,0
29952,31.447371763793825,4,1,16.25288712328835,3,0.2019859246882073,0,0.0,0
29953,54.58630413845023,4,6,0.7340170557133732,5,1.0000339611958422,0,0.0,0
29954,36.47281732238185,2,3,4.450697434035695,3,0.26672371372451464,0,0.0,0
29955,32.26027160675793,3,3,6.926988145339773,3,0.6055383010405297,0,0.0,0
29956,29.171266358534005,0,6,18.388065966621795,7,0.3907736975160126,0,0.0,0
29957,18.07004051830847,4,1,13.795843005783627,2,0.16500581969631445,0,0.0,0
29958,37.32719325481271,3,1,6.894439552925895,4,0.9998260911835098,0,0.0,0
29959,16.521213925589763,4,0,14.524647042812717,6,1.0681752139182588,0,0.0,0
29960,47.336364232321905,4,6,20.72916455308918,7,1.0002908729609699,0,0.0,0
29961,40.53091722793966,4,2,15.36295188004022,1,1.0001682259321576,0,0.0,0
29962,50.75412369083144,2,4,20.00978409046207,7,0.9996881339994429,0,0.0,0
29963,32.57435066512994,4,1,2.774660359485182,3,1.0002250711312826,0,0.0,0
29964,48.33913644167272,1,6,6.040448609762945,4,0.6306288134233087,0,0.0,0
29965,73.68753776199729,6,5,18.75091653298978,7,0.4705081657427481,0,0.0,0
29966,33.29148956770825,3,4,13.691053651752355,4,1.000142966009692,0,0.0,0
29967,41.308678645790145,3,1,11.224358822748448,6,0.9201997815762113,0,0.0,0
29968,62.686956581797205,4,1,5.553415163540272,7,0.9997545972074835,0,0.0,0
29969,55.10454378387449,3,6,16.512036009821493,4,0.99985297631783,0,0.0,0
29970,62.7713276820305,2,6,15.554425024843706,4,0.9999125212375921,0,0.0,0
29971,36.45348466975154,3,3,11.05432523422682,7,1.0001198383931416,0,0.0,0
29972,34.25106543574038,2,6,6.6146574077423255,1,1.00525949112818,0,0.0,0
29973,61.12053261373418,2,3,18.23798315227133,2,0.9997154905679753,0,0.0,0
29974,62.668701763790764,3,4,19.107894711612513,7,1.0871567909665216,0,0.0,0
29975,48.54225460269073,4,2,18.83125117199218,3,0.6486637887234953,0,0.0,0
29976,27.68709473799162,2,6,11.040477317098084,0,0.12898843101225121,0,0.0,0
29977,31.578987144010153,3,2,16.499112177166563,3,0.9997386025210866,0,0.0,0
29978,35.23633628883978,0,2,9.386163859404968,7,0.4242049607514475,0,0.0,0
29979,37.301096019108755,1,3,0.0,2,0.22959022195453666,0,0.0,0
29980,47.343729272397,3,3,10.551027172217921,3,1.0000607311076295,0,0.0,0
29981,65.44208316185349,3,1,13.40064915485426,3,0.8977515386346102,0,0.0,0
29982,31.58996203908321,3,6,0.0884977659732904,6,0.21964579561595804,0,0.0,0
29983,46.78205490515797,4,3,27.0201809867879,7,0.3183512047433413,0,0.0,0
29984,40.92839969788491,4,2,0.8234144138663044,7,0.580185619223581,1,90198.08860873229,1
29985,43.038017175253216,2,2,11.540840695224762,1,0.28616844710863676,0,0.0,0
29986,61.915509710152,3,5,13.266247106407022,7,0.9642054000438613,0,0.0,0
29987,38.2085803101852,3,2,11.198708949739881,7,1.0008362971295317,0,0.0,0
29988,44.450039788625254,4,2,1.6510209675759135,6,0.3327294279577906,0,0.0,0
29989,47.67359147163801,2,6,4.517732646181404,7,0.33357809562178753,0,0.0,0
29990,41.907752354731656,3,4,1.5639915011213485,7,1.1195431251092354,0,0.0,0
29991,43.68323658101669,4,1,19.999279425527792,4,1.0364328111208796,0,0.0,0
29992,48.07956236269561,1,3,14.619162867269578,2,1.000605568793677,0,0.0,0
29993,31.150496228592818,4,5,10.23364539029107,7,1.0001405716302827,0,0.0,0
29994,34.12345009895998,2,1,9.460823101570044,4,0.9999863953084822,0,0.0,0
29995,41.73629630583415,3,1,3.493232087160819,7,0.5259232883151264,0,0.0,0
29996,41.79089953777802,2,6,13.103872673896824,5,1.0001264360304587,0,0.0,0
29997,42.45218647401285,4,2,13.670808510841857,5,0.3972377128059489,0,0.0,0
29998,42.224162663865016,3,3,11.75031785280755,3,0.22252088347197313,0,0.0,0
29999,37.20468622499571,4,6,17.696641498102736,3,0.319558357497569,0,0.0,0
30000,25.326886790522472,4,1,8.442641408468866,6,0.49843102663299726,0,0.0,0
30001,57.64351154848042,3,1,3.3045279212665166,1,0.04189723092318465,0,0.0,0
30002,13.530938802231901,1,5,11.795153271793724,7,0.2733691878728264,0,0.0,0
30003,52.444472708040934,2,3,20.132806674001824,6,0.9999017313702805,0,0.0,0
30004,36.05600966598966,1,6,13.625426468007392,1,0.9263559419348867,0,0.0,0
30005,36.32746360361667,1,2,11.60330576057913,7,0.9997310611682568,0,0.0,0
30006,48.92402613175818,3,3,9.158759941126407,1,1.0000801516086,0,0.0,0
30007,50.10462069316603,3,6,13.201310750968776,7,0.9998478392175543,0,0.0,0
30008,51.030748208076716,3,6,3.8033751419590587,3,0.822224288969197,0,0.0,0
30009,51.352740853964505,4,1,8.500916358504956,6,1.0001180348313405,0,0.0,0
30010,25.491537736298145,4,4,10.12634859802778,1,0.7282554513518215,0,0.0,0
30011,48.01902106164256,4,5,17.878681779342887,4,0.4981170167184964,0,0.0,0
30012,54.85311809459171,0,3,4.515359919407962,2,0.5176047484121199,0,0.0,0
30013,24.86031085686824,3,3,6.081685918760119,1,0.5990333993113997,0,0.0,0
30014,37.12617806240512,1,3,1.6742579794122765,3,0.9991862092471402,0,0.0,0
30015,38.79117336248818,3,6,7.474116373092903,4,0.9999527708068106,0,0.0,0
30016,24.747373898011585,2,1,8.510810075479492,2,1.0003642967383182,0,0.0,0
30017,27.539501256365007,3,3,19.987738565652354,3,0.6812220974213188,0,0.0,0
30018,41.915391196947326,3,3,17.107136947166893,1,0.9088995438931022,0,0.0,0
30019,30.033062839087286,3,2,18.376356381806747,7,1.0022148326854194,0,0.0,0
30020,74.00147938777222,3,4,8.698167486838773,2,0.4784062167647837,0,0.0,0
30021,36.42258143951726,3,6,9.923500399344148,6,0.8693936421764792,0,0.0,0
30022,40.44433999461602,3,3,0.0,7,1.0001151798527037,0,0.0,0
30023,47.43544598991447,2,3,12.754859649502848,1,0.9999818130578362,0,0.0,0
30024,24.347685003230826,5,2,14.437873961080552,7,0.5104776793607433,0,0.0,0
30025,45.1201148640428,3,6,5.846082290404143,1,0.9629709713291346,0,0.0,0
30026,28.07902099323684,6,4,3.7941465496669693,6,0.0676150406053262,0,0.0,0
30027,46.443011233754326,4,1,16.53302333546982,0,0.9971861388725711,0,0.0,0
30028,47.23480673535571,2,1,8.98854708792225,3,0.26260074020605245,0,0.0,0
30029,47.0902345092535,3,5,16.22567054647034,7,1.000709029342546,0,0.0,0
30030,48.54937584100216,2,2,7.609895170891958,1,0.4309348412437975,0,0.0,0
30031,52.91269840726234,3,4,20.005597752014133,7,0.9997343229412601,0,0.0,0
30032,59.19405414797011,2,3,7.238909290811345,2,1.0001168492814834,0,0.0,0
30033,44.04939109062179,3,1,4.576769939306139,2,0.2812926217240575,0,0.0,0
30034,48.23602099244439,3,2,14.235448291994372,7,0.999517912442333,0,0.0,0
30035,46.22349810888538,2,3,8.42106321324449,2,0.0549395523301619,0,0.0,0
30036,48.09487135566242,4,3,12.416895055582925,7,0.9997490823778816,0,0.0,0
30037,52.823749336584214,5,6,7.224023238453997,6,0.19710934984191203,0,0.0,0
30038,28.84127007777643,1,3,17.21878446542012,7,0.5923991348190133,0,0.0,0
30039,49.54263396910317,3,4,20.425827060796088,2,1.0000997354039303,0,0.0,0
30040,43.25651407806056,3,1,2.191765710539107,3,0.44412575478073135,0,0.0,0
30041,40.30347142278051,3,2,9.476261117402602,6,0.37565694481544737,0,0.0,0
30042,36.036659450819585,3,7,15.323188505418566,2,0.9998712178824887,0,0.0,0
30043,26.000075388344733,3,2,3.629027709618219,5,0.48857408552863296,0,0.0,0
30044,32.08509728580509,1,4,10.479154403953016,1,0.9515081651988426,0,0.0,0
30045,24.68119059684905,2,1,5.951059234147719,4,0.13297618956632873,0,0.0,0
30046,21.366336435173213,3,5,15.36323489215322,6,0.0,0,0.0,0
30047,36.79835485539102,3,5,8.08901071705516,1,0.24715232380433244,0,0.0,0
30048,48.777359390295246,2,3,20.336286674339156,2,0.9999775562662958,0,0.0,0
30049,17.98793647350014,2,3,4.833437239363621,4,0.6711654358879371,0,0.0,0
30050,56.95494640714678,2,6,11.286670302991098,7,0.5388438774284894,0,0.0,0
30051,35.23194597291438,3,3,1.5636546135436102,3,0.5882011491689949,0,0.0,0
30052,28.58067577354709,2,6,13.29092647240032,7,0.8215869037904653,0,0.0,0
30053,41.86623091452159,5,6,4.990119413353837,7,0.9991593318749606,0,0.0,0
30054,47.1001531627753,2,6,17.42212102389931,7,0.3269018991124891,0,0.0,0
30055,43.23856360136803,6,1,9.394200730239783,0,0.9996203188101772,0,0.0,0
30056,64.78032218725575,3,1,13.7931633644372,7,0.9998338903161925,0,0.0,0
30057,36.76932047836526,3,3,21.62159672208916,1,0.9999242326808846,0,0.0,0
30058,54.6957836790513,3,1,2.7766893151209153,3,0.9548312659436691,0,0.0,0
30059,20.610413943060752,5,5,9.684995063699539,2,0.13040199614410708,0,0.0,0
30060,29.453752174558524,2,1,4.653378071527782,4,0.9698454114167253,0,0.0,0
30061,47.793149050925145,3,1,12.08712256903978,7,0.9999208608755679,0,0.0,0
30062,44.527070322452246,3,3,9.11522426428927,7,0.9998648671159878,0,0.0,0
30063,42.39095342063387,2,3,16.390857874548466,1,0.7338136623761897,0,0.0,0
30064,65.5374475841565,4,2,12.7151502576028,1,1.0000770980553892,0,0.0,0
30065,65.89447530328522,2,1,9.37556734726895,3,0.9606280385111866,0,0.0,0
30066,39.37472991719817,3,6,21.960500732625412,1,1.0173719441614903,0,0.0,0
30067,39.61719168293675,3,3,6.699021485302193,7,0.9999395179842508,0,0.0,0
30068,29.25800418210766,3,2,3.8296254478013125,6,1.0004643525074448,0,0.0,0
30069,60.88747057158807,4,4,19.99878833940477,7,1.0002738619902432,0,0.0,0
30070,42.026551255206556,2,5,3.2799901945144985,2,1.0003752281317315,0,0.0,0
30071,49.723436029335254,3,6,10.218460963364848,4,1.0001957233021228,0,0.0,0
30072,32.04730690046111,2,1,12.61751197163957,7,0.9791216120369318,0,0.0,0
30073,45.235407981719504,1,4,19.992689014358234,1,0.24875169866748248,0,0.0,0
30074,36.68374999979314,2,2,2.5208374077251055,4,0.35261658078749625,0,0.0,0
30075,33.109444282214085,1,6,18.217853955198663,7,0.7110562697718783,0,0.0,0
30076,28.895571660285277,5,6,11.126639722247349,4,0.9997307161326301,0,0.0,0
30077,35.861668823627085,1,5,5.762973715243097,0,1.0123173244837314,0,0.0,0
30078,43.20617656903672,1,6,16.172289811883438,7,0.5257989448502716,0,0.0,0
30079,47.20597468355812,3,7,15.934505405207377,6,0.0,0,0.0,0
30080,54.82170515679795,4,4,19.998083168680154,4,1.0000404326975274,0,0.0,0
30081,24.197628579873243,2,4,19.99177638214624,2,0.496221715887468,0,0.0,0
30082,59.77685650905913,4,6,19.010065339434547,7,1.000537089110248,0,0.0,0
30083,60.895951824358065,2,6,10.722498051017146,7,0.9999985127368222,0,0.0,0
30084,42.64834103138797,2,3,15.063935178800026,4,0.980053529972645,0,0.0,0
30085,25.34162910206074,3,7,3.1115358933736808,5,0.2736829396888327,0,0.0,0
30086,28.417778669622848,3,2,12.107522191680491,7,0.554486463806754,0,0.0,0
30087,55.67569577815505,2,3,11.098702854467678,5,0.8117867704742125,0,0.0,0
30088,38.86113720245968,3,2,12.59595537775475,0,1.000095757120935,0,0.0,0
30089,29.234924466923374,4,8,8.18150629642136,7,0.37299978041509685,0,0.0,0
30090,49.59107376624196,4,4,19.985600264791046,3,0.9997289953595856,0,0.0,0
30091,20.362228673119578,4,3,7.961962780040691,2,0.5947717035074601,0,0.0,0
30092,26.64352744575441,2,6,4.197855511092552,1,0.3177313973608353,0,0.0,0
30093,56.12455588597814,3,6,15.960653330352908,5,1.0003342105227753,0,0.0,0
30094,42.53182043597808,6,1,16.244873106195733,7,0.9998759728529278,0,0.0,0
30095,57.25057807058293,3,6,11.764272524731123,6,0.3075480996302046,0,0.0,0
30096,36.49655977233101,1,3,4.790640115439373,2,0.9126234678980413,0,0.0,0
30097,50.523023427924095,1,6,8.423184977078098,7,0.9999521062930702,0,0.0,0
30098,35.59048814405576,4,3,20.6804614864739,5,0.9993648836474918,0,0.0,0
30099,38.61316046381265,4,3,10.607474140944461,4,0.969397689396346,0,0.0,0
30100,63.1758534086961,3,4,15.074382185279429,2,0.8587978393924522,0,0.0,0
30101,25.59760613442616,2,2,10.238221470197125,3,0.5247103114251961,0,0.0,0
30102,33.074780967593945,3,2,12.714596499698667,4,1.0006010543948172,0,0.0,0
30103,41.111468404956554,3,6,24.639502049541925,7,0.9993948995281339,0,0.0,0
30104,27.915675691622138,3,6,7.270496217519511,6,0.5370020091724063,0,0.0,0
30105,32.67337429982406,4,1,6.638611940656999,2,1.0002555670262128,0,0.0,0
30106,32.22030701304949,2,3,20.007708385571732,1,0.7719735717747497,0,0.0,0
30107,36.127296511157894,3,6,12.647425046140608,7,0.5117877036977405,0,0.0,0
30108,39.72390124015984,5,6,13.76190735210955,4,0.6541890166034341,0,0.0,0
30109,52.888064284794226,2,6,17.280942951225594,7,1.000062287064278,0,0.0,0
30110,43.68365021479322,5,3,4.258473690346952,1,0.6142621064529208,0,0.0,0
30111,45.099298399309085,2,6,15.998889180985685,3,0.2998855499235705,0,0.0,0
30112,27.599712545233565,6,2,9.433713773214674,4,0.0,0,0.0,0
30113,37.99838093514408,1,3,1.9972790520297306,4,0.9014254917057564,1,157001.94726323057,1
30114,47.485666160311695,3,2,6.411276134385733,7,1.0000419755610679,0,0.0,0
30115,44.7426117739133,3,3,5.985424438962934,4,1.0002970054557037,0,0.0,0
30116,52.16896165342445,1,2,12.884249454407053,7,0.9994550669881472,0,0.0,0
30117,20.236375785072404,4,6,7.1280956178744725,7,0.8096443920091912,0,0.0,0
30118,8.127412400920782,2,3,6.551253307346188,4,0.5249982197746412,0,0.0,0
30119,49.556523346051314,3,4,2.2163675264117373,7,0.9409028818361042,0,0.0,0
30120,33.288364217666235,2,6,8.119363671164145,7,0.9997849211760437,0,0.0,0
30121,43.06254929391329,1,3,10.003810784488143,3,0.5009867101109676,0,0.0,0
30122,25.128369977427507,3,2,5.116775766095929,3,0.6799006066562806,0,0.0,0
30123,34.837834324811666,5,2,0.11257612002002482,7,0.41858627991725095,0,0.0,0
30124,29.359124052194296,3,3,13.473906752930413,7,0.9998046238011866,0,0.0,0
30125,28.97896055698523,4,4,19.988851942805645,4,0.5359082548554236,0,0.0,0
30126,42.90360171601555,4,6,14.68830480461927,3,0.9994422538317459,0,0.0,0
30127,48.74299084926847,1,5,12.238221029139801,4,0.5355567775109455,0,0.0,0
30128,45.0066741561174,1,4,14.155671901732326,5,0.0,0,0.0,0
30129,25.387338300875985,2,3,12.598071940509003,1,0.9996467062492256,0,0.0,0
30130,39.61169812890715,3,1,12.230621393720988,3,0.9480066714108355,0,0.0,0
30131,43.50163053819586,4,3,0.842297986990987,6,0.3941837321440741,0,0.0,0
30132,36.261237885045894,4,3,3.7993463173085686,1,0.9997142339979169,0,0.0,0
30133,21.195484104258394,3,1,13.250589272810185,3,0.18004508681371945,0,0.0,0
30134,50.6259316303027,6,5,11.863880573786783,1,0.9979243970402134,0,0.0,0
30135,22.02708614489914,3,4,11.227634497546196,2,1.0001312728294902,0,0.0,0
30136,42.47730566755963,2,1,22.932433338351743,2,1.0001578111991205,0,0.0,0
30137,20.28515408337434,2,1,13.75764817137199,1,0.9611956056332703,0,0.0,0
30138,39.977565753576144,3,3,17.526267806541714,2,0.9995376652014454,0,0.0,0
30139,65.66211548923813,1,3,20.297470116212544,5,0.4958381711434052,0,0.0,0
30140,53.51057373379332,3,4,3.3086429273006237,2,0.23111213097974115,0,0.0,0
30141,40.15824428215938,2,1,0.0,4,0.4987254189505915,0,0.0,0
30142,31.31847592065806,3,3,4.566115434142516,4,0.49922658803380854,0,0.0,0
30143,37.17793343682128,2,5,7.14532781687255,2,0.9581073571266094,0,0.0,0
30144,34.55433963517405,4,3,8.449999625748788,2,0.9721231783953062,0,0.0,0
30145,37.894934070516534,3,5,12.50496762272164,3,0.49735634831647946,0,0.0,0
30146,30.66809661325742,4,6,15.843040752467214,7,0.8463869325785053,0,0.0,0
30147,37.68882733869459,3,4,10.534207339518654,1,1.0003238941305292,0,0.0,0
30148,50.57332159236154,1,1,19.999896820894442,4,0.17082276305221056,0,0.0,0
30149,33.50077397920907,3,3,14.386483596000836,1,0.9998729059891761,0,0.0,0
30150,27.05552675589896,2,2,11.567144615931209,4,0.18215001575121925,0,0.0,0
30151,50.34453584475627,3,5,1.9969752505840344,7,0.48410068998113187,0,0.0,0
30152,49.73202397619069,3,3,10.896255494369875,2,0.9998834815505805,0,0.0,0
30153,45.776531603609406,3,5,12.329366451588239,2,0.5031364360396064,0,0.0,0
30154,16.647908175973395,3,4,16.151083340247578,1,0.08803277590084091,0,0.0,0
30155,41.995562367544316,2,6,16.71090925991699,6,0.564692427952268,0,0.0,0
30156,29.20780807711395,1,2,12.570800366764976,7,0.43983563353465327,0,0.0,0
30157,53.53991792321865,4,0,4.856098595592934,7,0.9998539310775565,0,0.0,0
30158,18.5597836366029,4,2,12.822831754505735,7,0.4186493781858266,0,0.0,0
30159,14.62209883345028,4,4,6.428513584438424,1,1.0125991028333703,0,0.0,0
30160,37.3118545223331,4,3,18.19033795406045,7,0.38831461533953215,0,0.0,0
30161,38.89933824360138,5,6,17.622379109552057,3,0.22963247276422516,0,0.0,0
30162,48.65601521964251,3,6,7.27017523377563,7,0.5190010195346999,0,0.0,0
30163,40.461548570262465,3,4,10.889924614571822,4,1.0000465664227567,0,0.0,0
30164,35.60682609180407,5,3,7.86868314776372,4,0.22213753724038077,0,0.0,0
30165,54.4502739600499,5,4,12.645103718889766,1,0.5469582357174816,0,0.0,0
30166,26.908710837552743,5,6,13.764326617475156,3,0.47226523317971975,0,0.0,0
30167,45.60198086097127,3,3,11.738611210121029,7,1.0000223383091211,0,0.0,0
30168,50.06166820821895,3,5,14.517033218950612,7,0.4189764701116344,0,0.0,0
30169,38.68395375606372,2,3,3.3021180274837976,4,0.5005554867702333,0,0.0,0
30170,24.49152292324622,2,6,5.93114495276415,4,0.6188783334379359,0,0.0,0
30171,37.17702087941636,0,1,6.028956813101051,3,0.6116271007224958,0,0.0,0
30172,40.96647333176281,3,4,20.011427673616467,1,0.6714742655131447,0,0.0,0
30173,36.026858360103645,3,3,17.305146788328276,2,0.9997848666893037,0,0.0,0
30174,42.165861583132575,4,6,10.429881926537382,1,1.000500172153288,0,0.0,0
30175,47.112883226070096,4,2,12.214834278101023,7,0.9997821798890516,0,0.0,0
30176,46.03826536372734,2,3,5.1001947383894235,3,0.35309415919864934,0,0.0,0
30177,41.045675300720234,4,3,16.332809785285058,2,0.5003864671744315,0,0.0,0
30178,19.596219886838604,4,4,10.289017263543261,1,0.25683799561700427,0,0.0,0
30179,67.31718147607339,2,4,19.991937812572566,7,0.48683843276986427,0,0.0,0
30180,46.109064637852896,6,3,10.892687092012082,1,0.5321233094072833,0,0.0,0
30181,46.66674349025625,4,3,7.961119758465204,3,0.5000283276854969,0,0.0,0
30182,53.99156535347363,1,5,21.028624570015502,5,0.9686273867140269,0,0.0,0
30183,63.85077092853793,3,1,17.706215318174195,7,0.9694606178854714,0,0.0,0
30184,43.70046109999718,6,1,10.964111981658943,4,0.0,0,0.0,0
30185,30.50931816954338,5,5,20.002161226412923,1,0.644801376492728,0,0.0,0
30186,70.99744771401781,3,5,10.710227177522697,2,1.0003060513765774,0,0.0,0
30187,31.081912389047783,4,2,10.326975914256275,4,0.481509500600976,0,0.0,0
30188,46.43627055527438,2,1,20.00142466068469,7,0.7452097324819734,0,0.0,0
30189,51.65262760169229,4,3,12.791459690003542,3,0.11803904242699514,0,0.0,0
30190,62.03521638453759,3,4,5.446291151733358,3,0.9999005350121253,0,0.0,0
30191,25.77821776576159,4,3,11.949445551891172,1,0.41822464674746823,0,0.0,0
30192,11.139553343274883,3,1,0.0,1,1.000359245545829,0,0.0,0
30193,53.665284505447815,1,3,8.415895216331997,7,1.0005355576211352,0,0.0,0
30194,11.612981539796404,1,4,11.579721777161533,1,0.0,0,0.0,0
30195,48.62216631675103,1,5,5.490825176925282,3,0.7994432517958958,0,0.0,0
30196,22.642534042112754,3,5,5.869261636005829,1,0.5735642612132563,0,0.0,0
30197,29.304935741613676,3,3,19.586480664344933,2,0.9224645943108415,0,0.0,0
30198,54.67639560522116,3,3,15.043313529462562,1,0.9992970285245879,0,0.0,0
30199,30.643654642770727,2,3,13.792310067243612,1,0.9589866330745573,0,0.0,0
30200,51.6338451956057,4,6,5.305731765445212,6,0.12736009488882172,0,0.0,0
30201,52.11572750040432,3,6,14.01145309816382,7,1.0007039405125764,0,0.0,0
30202,60.088719711759744,5,1,6.015437778941858,2,0.922849629875744,0,0.0,0
30203,59.80126313133016,2,2,11.922121973318825,7,0.9312057179836561,0,0.0,0
30204,28.4542685479182,4,2,10.988369194376798,4,0.038320500296096904,0,0.0,0
30205,34.94711327085947,1,1,4.383812461420614,0,0.4991621213082418,0,0.0,0
30206,46.22474234098525,5,5,24.113757027320922,1,0.7057434846620142,0,0.0,0
30207,44.32351372045689,4,5,11.51450071485992,7,0.18651794564784074,0,0.0,0
30208,34.092385543379024,3,7,13.750111631066785,7,0.18264177340860643,0,0.0,0
30209,32.35570797961732,2,3,13.079755915465354,4,0.9216251942563202,0,0.0,0
30210,45.92192064945165,3,6,20.66986781220221,5,0.9999194071107705,0,0.0,0
30211,32.616350064629614,4,2,0.0,7,0.6583155095871241,0,0.0,0
30212,56.96920234883718,3,4,11.999831531776179,4,0.4247971689599687,0,0.0,0
30213,60.68318610989165,1,3,23.60695265011367,3,0.4994555759181407,0,0.0,0
30214,22.17598805510879,3,5,10.215259190927338,3,0.9996473031433231,0,0.0,0
30215,31.095292165318924,2,6,11.704965708360259,7,1.0004951953418786,0,0.0,0
30216,58.01854709890007,3,3,0.0,7,0.9996855129023563,0,0.0,0
30217,33.06186898251999,3,3,16.53901225642013,4,1.0009535291887401,0,0.0,0
30218,52.45940421685913,0,6,12.410572865142166,7,1.0002322891832711,0,0.0,0
30219,55.27464457296256,3,6,12.639142187992187,7,1.0000738851378987,0,0.0,0
30220,61.22660286085089,4,4,15.024060385174485,3,0.5107363084090253,0,0.0,0
30221,47.537963475882314,0,4,19.997023550054422,1,0.6438695625741536,0,0.0,0
30222,39.64579865244459,4,6,14.161361973963754,6,0.9761464118636782,0,0.0,0
30223,33.47837078259362,4,3,19.9962723745358,1,1.0007518953738188,0,0.0,0
30224,54.06818410264125,1,4,19.997954921433728,1,0.9999034316604128,0,0.0,0
30225,52.58677071327354,4,7,0.855903257975065,2,0.7346532219306495,0,0.0,0
30226,63.75035585433805,5,4,15.347173442301806,1,0.5014303042626466,0,0.0,0
30227,44.61076992952267,3,3,4.684072084005455,1,0.12795729239929465,0,0.0,0
30228,39.27342645934291,4,6,5.887267146273031,6,0.4036992622812407,0,0.0,0
30229,50.83545579592718,4,6,18.39890365846766,4,0.9999411786819357,0,0.0,0
30230,35.17284958643998,2,6,5.8728300877842,1,0.7409973285018265,0,0.0,0
30231,40.489118653405534,4,1,16.27177137384365,3,0.31853235560986165,0,0.0,0
30232,51.90743435168552,2,3,12.968231980884743,5,0.9999764712202672,0,0.0,0
30233,63.690162924689446,3,3,2.888493950832137,7,1.0003114966090463,0,0.0,0
30234,42.358615261504106,3,1,10.256375717289394,7,0.3564551429539761,0,0.0,0
30235,40.556287386654134,4,2,7.088501759025592,7,1.0000340880425216,0,0.0,0
30236,53.49949874468743,3,1,5.524274499729864,7,1.000204365512417,0,0.0,0
30237,21.3527263391148,3,6,4.3685881267711775,3,0.6349936853111404,0,0.0,0
30238,43.47744815538675,2,5,12.215469327965144,1,1.1199629065095025,0,0.0,0
30239,28.539920668486282,0,1,20.005327859887103,0,0.0,0,0.0,0
30240,29.734452125325657,0,2,4.557610041822874,4,0.97169658883416,0,0.0,0
30241,27.544930210116625,4,1,5.766654609109651,2,0.9997838919843325,0,0.0,0
30242,28.54659099075043,1,6,3.136060739691673,4,0.837330883872922,0,0.0,0
30243,39.813129179563234,3,6,8.963360387391859,7,0.787146835902248,0,0.0,0
30244,50.38581160303546,5,6,11.420683891245424,3,1.000158292702916,0,0.0,0
30245,32.213660032552525,3,4,17.144799640600848,1,0.9997019990040019,0,0.0,0
30246,22.489467526380057,3,2,2.02104690496798,5,0.32106437734642107,0,0.0,0
30247,40.01269632214354,2,1,11.309350586012798,7,0.9662673767699997,0,0.0,0
30248,34.009445430690285,5,2,12.01993820216846,5,0.2384328686943309,0,0.0,0
30249,40.767291727642395,5,1,4.467277558123359,2,0.34490090153165187,0,0.0,0
30250,45.64001017449381,3,3,20.004520767306396,7,1.0005227825822443,0,0.0,0
30251,71.20961470390176,3,1,21.886479221932756,7,1.0006406411951838,0,0.0,0
30252,52.666493019914014,1,3,11.01077531827523,4,0.04892784246670423,0,0.0,0
30253,24.675546291724128,2,3,21.563948275666945,7,0.9996868848542118,0,0.0,0
30254,55.12129592813295,0,3,21.94145109249019,7,1.0004413331688722,0,0.0,0
30255,56.271984913434856,3,2,7.01783388655497,7,0.9995275348842507,0,0.0,0
30256,19.57471022107716,2,1,18.095059655974364,6,0.9997720550856048,0,0.0,0
30257,21.919256116569606,1,6,0.0,3,0.34535581160026935,0,0.0,0
30258,31.43286246235498,2,1,20.006403681249292,0,0.3611998698817743,0,0.0,0
30259,19.484063478814697,3,3,11.28667901937576,4,1.0002915964504373,0,0.0,0
30260,41.4430437180073,3,1,13.221803719622667,0,0.9635444305025272,0,0.0,0
30261,52.230018174900174,0,6,14.96765666592549,3,0.4058677507909414,0,0.0,0
30262,36.91743747814074,3,3,0.055319552571607034,5,1.0004850717467964,0,0.0,0
30263,46.706205448079324,4,6,12.25145422302477,7,0.773416336499663,0,0.0,0
30264,44.89442460212441,5,5,6.419909845186616,1,0.7876441347803095,0,0.0,0
30265,26.735385869020725,4,1,20.00427852112256,1,0.7769124059506364,0,0.0,0
30266,48.60159087485031,5,3,5.841888599265153,2,0.49952826675923717,0,0.0,0
30267,61.6046315482628,3,3,20.00949105136688,4,0.2675954428312305,0,0.0,0
30268,62.60211128194368,2,4,20.00281535861876,2,0.9996859842601475,0,0.0,0
30269,35.252790281583,3,2,7.871683208264935,5,0.5351392111278269,0,0.0,0
30270,19.526329892537497,4,5,16.037842530298555,1,0.6924039254495126,0,0.0,0
30271,32.48978404506763,3,1,13.364836616477534,5,0.4960723365125294,0,0.0,0
30272,21.35581607911459,2,4,20.00043043918337,1,0.1320165859678929,0,0.0,0
30273,21.50856702931069,2,6,20.342773962235505,3,0.9700263641310772,0,0.0,0
30274,53.6122367454065,4,6,14.733625288795361,0,0.22373766790862404,0,0.0,0
30275,38.15896358478403,3,4,23.146685849934705,7,0.2876823397961446,0,0.0,0
30276,58.19829423226955,6,6,17.800125883838778,7,0.9999003970297669,0,0.0,0
30277,34.34559987850077,1,6,3.2026995705022783,3,0.5457680265465725,0,0.0,0
30278,52.25817941424964,3,2,7.313338723239998,7,0.9997758266136636,0,0.0,0
30279,59.69032431400149,3,2,7.923453926923548,7,0.9993420809581588,0,0.0,0
30280,33.78814856511671,4,6,13.256388145802985,6,0.3107434460116298,0,0.0,0
30281,58.94061098620463,4,1,18.696297648761707,2,1.0002385674117296,0,0.0,0
30282,51.092352692197636,2,6,1.4976137355735304,2,0.09888647342145473,0,0.0,0
30283,42.18002620649229,3,3,1.1722723832896271,2,0.9994064908450612,0,0.0,0
30284,25.73983080284818,0,2,11.257233725070783,2,0.5876190603818398,0,0.0,0
30285,56.71316407336782,3,3,10.433329385131373,7,0.9996718616774607,0,0.0,0
30286,52.05100240853358,3,4,6.120292753140517,2,0.4523554812410128,0,0.0,0
30287,42.339951102222614,1,3,6.432458465406404,7,1.0006759715845115,0,0.0,0
30288,32.657452320638406,4,0,9.115470348721622,6,1.0137979651719216,0,0.0,0
30289,42.91744652902575,3,5,8.828174655834122,1,1.0399606298366173,0,0.0,0
30290,35.526008904430086,2,3,0.0,0,1.0003558372524517,0,0.0,0
30291,35.80430354821376,5,3,0.0,0,0.9575613559360816,0,0.0,0
30292,47.24619133150243,2,3,16.19460564918061,3,0.4072905687657505,0,0.0,0
30293,36.11651021965317,5,6,15.644785751993574,4,1.0004084264436917,0,0.0,0
30294,62.42374637118104,2,4,19.991952150527197,3,1.0001248336106032,0,0.0,0
30295,26.106274360921116,4,3,3.3885017986567787,4,0.9996023945652788,0,0.0,0
30296,43.28809453876827,3,5,1.4998717094418534,7,1.0002622663231926,0,0.0,0
30297,26.051982084078993,4,4,5.332928068959502,6,0.7391857475534279,0,0.0,0
30298,36.73148549694658,4,3,20.5937720675189,1,0.9530014759908298,0,0.0,0
30299,23.96753183790217,2,3,9.662753131067731,7,1.0000936508396219,0,0.0,0
30300,40.09576152451506,3,5,1.5617199524635517,2,1.0000779560887898,0,0.0,0
30301,54.26323600335862,4,3,9.493146918176672,3,0.5025965473450473,0,0.0,0
30302,43.164831308562896,3,5,17.286186660450845,2,0.6248795434049428,0,0.0,0
30303,20.994017251144665,2,5,12.195122045795953,2,0.2403663497099532,0,0.0,0
30304,45.66179166012912,3,1,3.448471679021056,4,0.6296702170766234,0,0.0,0
30305,25.46675236288897,5,6,8.280307657453466,7,0.8702849633103104,0,0.0,0
30306,58.87434889810213,3,3,9.696210351732823,2,0.3987022781739659,0,0.0,0
30307,46.11456643161642,6,3,2.0950578795125967,1,0.6089930046565195,0,0.0,0
30308,69.40524706803423,3,1,3.6509582974797476,4,0.49760700481343034,0,0.0,0
30309,54.803004169221566,5,6,6.159184260351159,5,0.5509019957950824,0,0.0,0
30310,37.1430487255148,3,4,0.0,3,1.0003392775030406,0,0.0,0
30311,24.137759601419443,3,1,16.04967056864975,2,0.44729577075167604,0,0.0,0
30312,52.269882192256205,2,3,15.998681186123761,7,0.9649878540371504,0,0.0,0
30313,68.09700794057689,5,4,20.017174959083142,7,0.7878790422883488,0,0.0,0
30314,37.80854361198155,2,5,13.430946755370286,1,0.4854374777048822,0,0.0,0
30315,54.30954295081585,4,1,6.914109272471851,7,0.9928355097692255,0,0.0,0
30316,18.477981932051158,4,6,13.579310326232697,0,0.3319524978417394,0,0.0,0
30317,50.040143214120135,2,4,14.380145749130673,4,0.0,0,0.0,0
30318,26.749665882241988,4,0,1.5937377662804408,6,0.7589106529305603,0,0.0,0
30319,65.12830499947253,4,3,0.0,2,0.9997659845716784,0,0.0,0
30320,32.53132476546485,6,3,10.7114063925777,3,0.7153535148408223,0,0.0,0
30321,56.25482646171376,3,1,1.6277896611034919,3,0.5003800981794494,0,0.0,0
30322,25.771690721939276,3,2,11.43058499566753,7,0.9996268985734247,0,0.0,0
30323,12.57755272501841,0,3,6.222325978981114,0,0.9579638434720374,0,0.0,0
30324,40.23979796533559,3,1,4.170662226633798,3,0.5011740651880604,0,0.0,0
30325,52.38978056930473,3,6,19.593657169490974,2,1.0003139549751205,0,0.0,0
30326,51.41300817615769,2,6,5.320225874727581,6,0.0,0,0.0,0
30327,25.97644018438489,3,2,12.96326742297757,7,1.000175562007418,0,0.0,0
30328,36.716879887007224,2,6,13.58914997924088,7,0.6321477310146792,0,0.0,0
30329,57.30906079251484,3,2,7.725046087372936,3,0.20583459773028817,0,0.0,0
30330,29.80138083558858,6,3,13.817527191387894,3,0.8377694393589323,0,0.0,0
30331,70.0321421679633,4,3,15.023391269460411,3,0.3595796750499258,0,0.0,0
30332,55.02812463134801,4,3,10.878777673998183,7,0.9506632462090334,0,0.0,0
30333,26.416197266808034,3,4,19.997987853217033,1,0.3174511927287903,0,0.0,0
30334,40.64498442682976,3,6,8.629218395143868,7,0.999924756004493,0,0.0,0
30335,39.432735263298696,4,4,0.9174411074104007,6,0.9995233075474281,0,0.0,0
30336,28.47622735140086,1,5,6.181697364113821,2,0.30378358976824943,0,0.0,0
30337,45.23075144030768,3,3,3.6543520296436025,3,0.5650597224948665,0,0.0,0
30338,56.145370416720176,4,3,14.485392733583518,6,0.5736112846663798,0,0.0,0
30339,51.23663995389228,3,3,25.332877691413678,7,0.563667633291462,0,0.0,0
30340,25.207877371195078,2,5,9.047689105506894,3,1.0262122422220714,0,0.0,0
30341,53.95437311538897,3,3,20.002585232853754,2,0.40432369867432333,0,0.0,0
30342,47.423164887402365,4,3,11.405610846020938,7,0.523832715082255,0,0.0,0
30343,44.06567120948899,3,5,18.898769174289093,3,1.0005909470886212,0,0.0,0
30344,48.27913294044135,3,3,18.237654639216906,0,0.542062196936411,0,0.0,0
30345,48.348897771162044,3,5,19.845652685024923,5,0.5017494459350447,0,0.0,0
30346,67.03010231504817,3,3,13.652290540203957,2,0.6972735765406022,0,0.0,0
30347,37.700597617945924,0,3,0.0,6,0.503198699998716,0,0.0,0
30348,32.34846173731218,1,4,3.191354886990119,5,0.4736775069501834,0,0.0,0
30349,55.74023114880839,0,3,0.0,4,0.43275095006032527,0,0.0,0
30350,54.9849521531935,3,1,12.532915649333834,5,1.0001853504593403,0,0.0,0
30351,49.10666241418098,3,3,8.947382043138305,3,0.9688021803717672,0,0.0,0
30352,37.54908271118633,4,1,11.165410638855613,2,0.4993050260554317,0,0.0,0
30353,22.29917609669257,5,6,10.057692592654835,3,0.16697284740727647,0,0.0,0
30354,44.69422377722703,4,1,3.3380268075884576,0,0.9609639492973509,0,0.0,0
30355,26.127286030949875,2,5,11.479317149296442,1,0.9935736967949803,0,0.0,0
30356,38.82603776834394,3,6,11.950047528201507,7,0.9998755926239715,0,0.0,0
30357,37.86898900744545,4,1,10.844849771730555,1,1.0003448982400802,0,0.0,0
30358,39.381831127358566,2,6,16.67552329563633,3,0.9996583183179222,0,0.0,0
30359,34.85713601307567,4,3,18.063447408063947,2,0.4990401942344932,0,0.0,0
30360,45.125359101205184,5,2,10.905844612732754,3,1.0030536637274956,0,0.0,0
30361,39.78054488636624,3,6,8.298767848450233,7,0.5757771124041134,0,0.0,0
30362,26.79868581075748,2,1,0.0,0,0.5025671076518684,0,0.0,0
30363,33.44519089996168,2,4,20.00070281298658,1,0.9997384334195076,0,0.0,0
30364,49.9880185111413,4,3,1.0804039178567741,6,0.21746262782255288,0,0.0,0
30365,39.606466561946746,4,6,1.524613064307978,7,0.9318777947834468,0,0.0,0
30366,67.53002395758175,4,3,1.4292854006314766,7,0.999769126146766,0,0.0,0
30367,46.14110869419707,1,5,2.267473322858269,2,0.990382940973371,0,0.0,0
30368,49.35677507981404,3,6,14.708242422654095,7,0.9999662106436565,0,0.0,0
30369,37.872267634233516,4,6,14.76462061202347,2,0.07751120888899143,0,0.0,0
30370,44.45589211455986,3,2,14.178861276522866,5,0.2933826538743223,0,0.0,0
30371,45.56525303945914,2,1,8.579410484030467,5,0.3302309673495267,0,0.0,0
30372,60.70830432181454,4,6,8.702654393749462,4,0.3181969007538643,0,0.0,0
30373,45.69801825383493,4,4,0.0,1,0.9931022782450989,0,0.0,0
30374,50.845045175903174,3,6,7.15599785047118,7,1.0006261660979068,0,0.0,0
30375,40.9354400410357,2,1,18.17295139170534,7,1.0000800189866668,0,0.0,0
30376,74.00239466166411,3,6,11.954988620062691,4,1.0003392093659316,0,0.0,0
30377,41.77959186493037,4,1,11.452361482876924,3,1.000060715993117,0,0.0,0
30378,42.28944061728357,4,3,5.402398581764987,1,1.0002226199134443,0,0.0,0
30379,39.13192753087226,2,3,14.287609785297569,1,0.999940567207318,0,0.0,0
30380,42.58984508854604,2,1,5.401698055685154,4,0.9602487520077974,0,0.0,0
30381,49.65477400400319,4,3,6.335801887148925,3,1.000031044249462,0,0.0,0
30382,67.95863487156605,4,6,8.656479069895529,7,0.9996279214487798,0,0.0,0
30383,61.57761055930449,3,5,12.627190809012863,1,1.0811033740599105,0,0.0,0
30384,46.93415418358388,4,2,16.701289275350412,5,0.21333382598284395,0,0.0,0
30385,53.19938878615737,2,6,14.88701939751216,1,1.0260936572040689,0,0.0,0
30386,44.8616210434904,3,3,3.394694724647513,6,1.0000380059369234,0,0.0,0
30387,25.309221812168143,3,5,17.0003213810109,1,0.9999327825369422,0,0.0,0
30388,43.6391082229346,1,2,5.799356204452218,1,0.23702577301463318,0,0.0,0
30389,52.13917799117736,4,6,0.0,7,0.6402234689071921,0,0.0,0
30390,41.61696064956954,4,3,9.814473618553983,1,0.6043451848075007,0,0.0,0
30391,35.02336830284685,3,5,13.577675901874922,1,0.9999650173535511,0,0.0,0
30392,24.8566847520786,3,6,9.524248713551486,2,0.9726846880122945,0,0.0,0
30393,58.51821301514139,2,4,5.636388297584129,7,1.0001520864384865,0,0.0,0
30394,36.69580679688064,3,3,2.8344881896404175,5,1.0129316490350968,0,0.0,0
30395,37.91971825137844,1,1,12.643890571384013,3,1.0003682567689234,0,0.0,0
30396,23.368582761223273,3,4,7.854236278204162,1,0.2363984431744064,0,0.0,0
30397,52.10211366043649,4,6,15.247736759771389,3,0.3004982170979889,0,0.0,0
30398,57.70823882186159,3,4,9.806474588131055,3,1.0000243196274439,0,0.0,0
30399,46.68126273440039,3,4,19.996102344592362,1,0.7737864570285089,0,0.0,0
30400,46.479364577081896,4,3,4.858808215732621,3,0.2747772384182231,0,0.0,0
30401,42.19681493988437,2,3,4.7167735756313744,7,0.37033488008988386,0,0.0,0
30402,47.432856183437785,3,4,19.80035214152678,5,0.542937872603964,0,0.0,0
30403,37.472676850504506,3,2,11.012490192481842,7,0.2596487173972229,0,0.0,0
30404,33.7131314951886,5,3,5.115127479190663,2,0.12032837227659454,0,0.0,0
30405,53.44264121234573,2,4,9.105411012737775,1,0.6366183604805664,0,0.0,0
30406,52.085523772957956,1,3,9.321066340663217,4,0.9426033113692168,0,0.0,0
30407,47.70065468113491,2,1,8.2426794767557,3,0.9998883932606388,0,0.0,0
30408,50.97994861552391,4,1,5.187661997820118,2,0.5623041635911775,0,0.0,0
30409,14.798720476218929,3,1,5.8446335887153555,3,0.7801117329359004,0,0.0,0
30410,63.21437703440557,5,1,9.679983294674841,7,0.9996388794026185,0,0.0,0
30411,37.564447138428655,4,3,12.743144021712293,1,0.0,0,0.0,0
30412,52.29336278227357,5,1,15.607866630788502,7,0.999971342412987,0,0.0,0
30413,62.084335907221345,3,3,5.036449363168529,4,0.9475245872751799,0,0.0,0
30414,32.13477399555366,2,4,13.682943026985576,2,0.4644323082332763,0,0.0,0
30415,49.84984640243753,4,4,5.240468795169767,7,0.9991110193700652,0,0.0,0
30416,33.03154421206998,2,2,8.664186255634988,7,0.9993393378648059,0,0.0,0
30417,47.767303949510584,4,7,10.282981764866868,7,0.28198498451624,0,0.0,0
30418,35.039504184995096,1,3,13.282936403630057,3,0.999633247715146,0,0.0,0
30419,20.259919662715628,1,6,11.077859342010326,2,0.5983982696820168,1,7298.517884202288,1
30420,49.6424130713355,2,1,15.440928651217778,2,0.45294272173047667,0,0.0,0
30421,37.224528945844796,3,3,16.01374914959905,2,0.999815883735121,0,0.0,0
30422,57.50472638760992,1,6,6.90260794712996,5,1.000127368831488,0,0.0,0
30423,20.63270609859435,2,3,15.618267632392957,4,0.9384574616983141,0,0.0,0
30424,40.281169569932246,1,6,8.968283415881952,6,0.23065898567788168,0,0.0,0
30425,21.36319173188265,4,2,5.145948038060662,3,0.44294349828073576,0,0.0,0
30426,18.09983563759345,4,4,3.9750026273175187,2,1.0001135925087707,0,0.0,0
30427,43.95771657629551,3,3,0.9824419240360687,7,0.07345222690707787,0,0.0,0
30428,46.91326998187495,3,5,18.064673579833396,5,0.4325446161567877,0,0.0,0
30429,47.20192026666583,4,3,10.213309595394852,2,0.5007746135393435,0,0.0,0
30430,56.92292683974394,5,1,20.007061898025047,5,0.36886456323476385,0,0.0,0
30431,54.20595848029755,4,6,0.7483220562840156,3,0.1461175181207437,0,0.0,0
30432,39.429145080144664,5,6,13.902257609685439,7,1.000725833562847,0,0.0,0
30433,36.721770923900195,4,5,4.084151868317762,1,0.0,0,0.0,0
30434,51.5082298238557,2,6,9.244154564788184,1,0.28162940400641595,0,0.0,0
30435,58.74890667479879,2,6,15.893597123770434,4,0.6992587617610534,0,0.0,0
30436,57.82498882686881,3,2,14.077915314869106,2,0.9997007227192192,0,0.0,0
30437,23.288222493435647,2,3,6.923872003118578,7,0.44473850007946875,0,0.0,0
30438,21.66431841885806,4,3,18.596570877481756,6,0.7500145463664851,0,0.0,0
30439,56.60190727624875,5,2,11.382012915781251,5,1.0073537159084829,0,0.0,0
30440,54.06302965218366,3,3,7.969935274225028,4,0.9999560734305456,0,0.0,0
30441,44.8652738082764,2,2,0.6267713473881678,7,0.5619889308493125,0,0.0,0
30442,56.15811570474662,5,1,12.783857466753425,6,0.0,0,0.0,0
30443,39.81009473910741,2,1,2.151753638543479,2,0.9999496211175863,0,0.0,0
30444,40.49517811700512,1,1,11.954746184824348,6,0.11465059119207299,0,0.0,0
30445,34.29809705072113,2,4,3.471967301042188,1,0.22762645821418565,0,0.0,0
30446,79.3378984023299,2,3,13.676930797161177,3,0.5009042822559207,0,0.0,0
30447,58.10240126124894,5,6,8.64680969121314,7,0.5520297518149425,0,0.0,0
30448,39.320678008309145,1,6,8.94204122047498,1,0.37220508354514314,0,0.0,0
30449,41.25583021212589,6,6,8.41822757083603,7,0.4743266009773827,0,0.0,0
30450,21.94274444399335,1,6,6.943490725546195,2,0.996006999944834,0,0.0,0
30451,25.93260087597435,2,3,8.372096657240236,0,1.000380072666498,0,0.0,0
30452,62.00954327740946,4,1,5.371696821618111,2,0.6005981232586168,0,0.0,0
30453,35.52164464647218,5,1,19.995963699854602,3,0.28474218067920654,0,0.0,0
30454,46.01816565417729,0,2,3.9911337105370475,1,0.11095469755372023,0,0.0,0
30455,70.08529475631046,3,4,20.00014034198057,7,1.0008264915483556,0,0.0,0
30456,37.770858417310215,1,5,19.993690076751527,1,0.08064264678601174,0,0.0,0
30457,28.235820026423454,1,3,0.0,2,0.9994101987465547,0,0.0,0
30458,34.88271335916281,3,3,10.858036288756471,2,0.6259324977943416,0,0.0,0
30459,38.42488562407626,3,3,6.7306489278026,7,0.9993581759633847,0,0.0,0
30460,24.002203661167854,1,3,3.3981299744258937,6,0.6231826936142049,0,0.0,0
30461,50.983848399172615,3,1,16.171569053985056,2,0.1555381804515722,0,0.0,0
30462,35.45219034661498,2,1,12.636800291937243,7,0.2755162955064029,0,0.0,0
30463,29.75831422777155,3,1,22.61225455000801,7,0.8948110344467125,0,0.0,0
30464,50.248865396504065,3,1,12.940976728684252,1,0.07903103509066822,0,0.0,0
30465,50.389590740003484,3,6,12.534788092858207,1,0.9662962611230708,0,0.0,0
30466,37.816085229478134,3,1,4.345184640272731,4,0.9001832905740581,0,0.0,0
30467,44.50697448164854,2,5,22.008164341924584,4,0.4962490702889907,0,0.0,0
30468,49.46669661938271,5,6,16.794813570297094,7,0.999807700694495,0,0.0,0
30469,54.19910290174221,4,6,13.228903866533543,2,0.1936042843650158,0,0.0,0
30470,30.291063549881837,3,4,9.519454115516549,2,0.39588512518960395,0,0.0,0
30471,35.772326525447085,2,1,3.9499601486700913,1,0.9761103896458362,0,0.0,0
30472,22.67412517530588,3,2,12.08848501753243,3,0.1880846421854681,0,0.0,0
30473,22.44748364051174,3,6,11.379756046440479,3,0.0,0,0.0,0
30474,23.811010493846844,4,7,6.177006274789193,7,1.00009684997997,0,0.0,0
30475,59.814602949138234,1,1,8.379342708362513,7,1.0349487191385507,0,0.0,0
30476,73.09483203670806,3,4,24.42625482752053,3,0.0,0,0.0,0
30477,43.93045822869077,1,1,11.21759416279224,4,1.0004486401490433,0,0.0,0
30478,30.197241662466784,2,3,3.3668936318479785,4,0.5019866993289259,0,0.0,0
30479,58.27230427951974,2,3,24.696716692660658,7,0.9998591068023899,0,0.0,0
30480,68.42407640245108,3,4,17.45792541881365,1,0.9127228590330203,0,0.0,0
30481,47.39555713510459,4,3,9.155251120714889,3,1.000364361467936,0,0.0,0
30482,41.37068696923373,3,3,9.199755084360747,7,1.000503483337448,0,0.0,0
30483,71.0729924917811,4,5,0.0,7,1.000296979096607,0,0.0,0
30484,53.425882216994395,4,2,16.728919774345393,6,0.6676735334922381,0,0.0,0
30485,47.887137286355156,3,6,13.044649521082512,2,0.6559787392393908,0,0.0,0
30486,32.44471647845468,2,3,15.642570468513856,4,1.0004638901483291,0,0.0,0
30487,62.72396437696938,3,3,0.0,3,0.5018584139010849,0,0.0,0
30488,38.39303910010907,5,3,12.685844713150951,4,0.23812315943168877,0,0.0,0
30489,49.65004037945174,3,6,11.640082093729866,5,0.5430012042475683,0,0.0,0
30490,25.452057163160795,3,3,5.4079350030319,1,1.0006256266459301,0,0.0,0
30491,62.66590766390641,2,4,1.6439217749830135,7,0.9616830762650139,0,0.0,0
30492,60.31168536913698,1,1,19.99632914934388,4,0.27315450252113593,0,0.0,0
30493,68.18061868484818,3,3,16.222153615506326,7,1.000237275947065,0,0.0,0
30494,28.859432334236207,3,4,17.354636306386666,0,0.17664688633601855,0,0.0,0
30495,41.54770640081765,2,2,12.433592041415908,7,0.9166369412166635,0,0.0,0
30496,63.34756192905984,2,3,9.102140507365728,2,0.6849955806233614,0,0.0,0
30497,49.202092603633595,4,3,8.677604521202149,1,0.9999182724916237,0,0.0,0
30498,55.94022699908435,3,3,0.928471710352385,4,0.49949124111803733,0,0.0,0
30499,65.277347946628,3,4,2.350888637498853,5,0.999592491105459,0,0.0,0
30500,47.346822699474764,3,3,15.358838527335035,3,1.000242138882543,0,0.0,0
30501,37.225599692808395,2,3,21.50960643028052,7,0.5657926638613213,0,0.0,0
30502,56.319079208130674,3,3,14.3937190670501,7,0.3516521934904573,0,0.0,0
30503,48.35757779954784,1,3,9.194377059400283,5,0.416749724198983,0,0.0,0
30504,45.612474521643925,1,4,21.36129111105345,3,0.9319590430868057,0,0.0,0
30505,44.36333562930994,3,1,19.77036019672321,7,1.0000433493215004,0,0.0,0
30506,20.849712634985348,2,1,16.938838481688435,2,0.45946685221046435,0,0.0,0
30507,52.00614986936632,3,1,20.007446396730288,4,0.47117116944207843,0,0.0,0
30508,40.765589316752745,3,2,7.929294832139542,7,0.31094584283466703,0,0.0,0
30509,36.72126929416986,3,4,20.00135670288236,1,0.7865675655369213,0,0.0,0
30510,42.091500147322456,2,4,19.996505342212583,1,0.9996739800670484,0,0.0,0
30511,30.923768389677125,4,6,10.903092933420547,7,1.0002306173524997,0,0.0,0
30512,44.024608970605364,6,3,0.0,4,0.4226448493845375,0,0.0,0
30513,34.388723190364146,2,3,13.308224153926833,2,1.0005629002984895,0,0.0,0
30514,35.24882570761242,1,6,9.631498095141472,6,0.6289537168715533,0,0.0,0
30515,35.60475666997812,2,3,0.0,1,1.0003115114214336,0,0.0,0
30516,44.97072572324174,2,3,16.615077505723363,5,0.9352601229068795,0,0.0,0
30517,53.82557787364418,1,6,20.001356260928176,1,0.7901635220529022,0,0.0,0
30518,38.839159850320364,3,5,17.389753384408344,7,1.0002513826726949,0,0.0,0
30519,42.10076711103976,5,2,9.198466714445182,6,0.9495365562520106,0,0.0,0
30520,39.97417955697003,0,2,16.440367490039495,7,0.010744173518631661,0,0.0,0
30521,50.41993781780987,5,1,8.69001044995523,7,0.9999009882020676,0,0.0,0
30522,68.40008334587272,3,3,17.315238242566704,1,0.9996709183365744,0,0.0,0
30523,37.93646747363962,6,1,12.417452291964858,2,0.6927984011624073,0,0.0,0
30524,29.412138483893244,3,6,15.261651595281492,2,0.32923497244075706,0,0.0,0
30525,41.38513795756345,4,4,13.9039622057068,1,0.30202487166360564,0,0.0,0
30526,18.32240229902677,3,4,8.852813431961314,1,0.07548673082071078,0,0.0,0
30527,53.9266445367364,5,4,4.330218643149961,4,0.500113139188064,0,0.0,0
30528,38.49578424109034,4,3,11.279556405899484,5,0.9999020832506437,0,0.0,0
30529,40.01147510656217,6,3,19.560765087406775,1,1.170448729375149,0,0.0,0
30530,25.803411760595026,4,2,6.537689707127539,3,0.0,0,0.0,0
30531,33.30888384092557,4,2,11.928867045566482,6,0.9220334051326246,0,0.0,0
30532,38.08176566446878,0,5,19.995020639826524,1,0.2838847614253182,0,0.0,0
30533,51.655635370293304,1,5,3.7813884527692974,6,0.4807022015077549,0,0.0,0
30534,55.393893510589386,4,3,11.032300873529264,2,1.0000518722786857,0,0.0,0
30535,51.14564553246176,4,2,7.767635064544715,5,0.15722890711677162,0,0.0,0
30536,52.725829799046814,3,3,3.7493101545237018,7,1.0028710341938611,0,0.0,0
30537,36.33019175061163,3,1,16.791699973457252,1,0.9997741770371127,0,0.0,0
30538,35.71060476829956,3,1,8.121359949779187,7,0.9994729190987661,0,0.0,0
30539,36.134788119125396,4,3,11.746946489074624,7,0.9998262202725979,0,0.0,0
30540,50.78100773445292,3,5,11.576616262522553,1,0.44731655163716283,0,0.0,0
30541,26.841622400480084,3,6,18.71993154128487,1,0.6348106576335171,0,0.0,0
30542,57.71695360132614,2,3,4.1890316048613085,7,0.9998648704031972,0,0.0,0
30543,62.40876819837355,4,1,13.719233744768733,4,0.9997376754566037,0,0.0,0
30544,70.02640028337962,4,3,17.7887715562639,7,0.9992107283073172,0,0.0,0
30545,41.23619814560219,4,6,15.652679382696434,4,1.0002463670849648,0,0.0,0
30546,45.47789862629093,1,5,5.962524467639934,4,0.3518776626660557,0,0.0,0
30547,36.56826436873476,2,6,9.543122343208305,7,0.4972518787066573,0,0.0,0
30548,58.33153234936246,2,3,0.0,7,0.9992228668780174,0,0.0,0
30549,33.618255217543606,4,2,12.773522815547357,3,0.2663447428333404,0,0.0,0
30550,38.15793879102504,3,6,11.14738398113947,4,0.9887881664847347,0,0.0,0
30551,51.812830700312595,2,2,19.996182568333605,6,0.7078753664506391,0,0.0,0
30552,51.918503585290836,2,1,13.923527821112044,5,0.2368013585294228,0,0.0,0
30553,36.07537503682527,4,3,8.942393923503532,7,0.9996061405566902,0,0.0,0
30554,46.71811348926432,4,1,7.216303228234937,5,0.8798464180108991,0,0.0,0
30555,24.488878361314715,3,2,11.626694626650885,5,0.9994997973500588,0,0.0,0
30556,39.0184495903899,4,3,11.765554797308818,6,1.0004162046062794,0,0.0,0
30557,44.79643883307439,1,5,8.570308489090227,7,0.9996361707492019,0,0.0,0
30558,54.89720765391779,4,6,13.970368878659972,2,0.14765524509266204,0,0.0,0
30559,49.684410724622325,2,6,0.14847499349088267,7,1.0002545562129552,0,0.0,0
30560,43.21401599606377,1,6,2.651637373287974,5,0.5676531770620662,0,0.0,0
30561,63.56791740697942,2,1,12.433231085414706,7,0.9996687317549713,0,0.0,0
30562,48.2920643717853,3,1,19.99786194327026,1,0.6174865747304813,0,0.0,0
30563,38.96235182673336,1,5,20.492784660034363,7,1.0003583330389747,0,0.0,0
30564,43.92671486998698,3,3,19.32786687019413,4,0.9999868688342495,0,0.0,0
30565,15.228415726687668,2,3,9.688648001345486,7,0.5431919870851764,0,0.0,0
30566,47.14722273148097,4,6,24.742766440056364,7,1.000430820366295,0,0.0,0
30567,28.260062108426474,2,1,12.009750218573044,7,0.3855067597419925,0,0.0,0
30568,49.946341207963826,3,3,0.0,4,0.36341435876122236,0,0.0,0
30569,50.96986853891626,3,3,9.217347361996993,7,0.9139185208554148,0,0.0,0
30570,38.72439995887217,3,0,15.518191382435354,5,0.999946663759985,0,0.0,0
30571,48.59420990110188,4,6,11.75335369484803,7,0.9998335082683585,0,0.0,0
30572,23.797237341426534,4,2,14.486003942272227,7,1.0000416186679932,0,0.0,0
30573,33.507770856864795,5,6,23.076289984683267,7,1.0000564450946319,0,0.0,0
30574,47.28416539088455,3,1,12.761874051843854,3,0.9998526682979029,0,0.0,0
30575,29.31335647381065,3,3,20.002909784270674,5,0.34571868451614896,0,0.0,0
30576,50.42190449799173,3,3,3.112058307124798,4,1.0109488299447196,0,0.0,0
30577,53.71499327211249,1,3,23.79205425565285,4,0.14223543528559968,0,0.0,0
30578,60.012624602996624,3,3,3.786196304216057,6,0.999870189432867,0,0.0,0
30579,25.928260856249796,1,1,16.866713629395516,5,0.8866615379569529,0,0.0,0
30580,47.953383498456084,3,4,10.079496116244313,6,0.48746339922939097,0,0.0,0
30581,72.17819089738262,1,4,15.174046760287968,9,0.3012335428608907,0,0.0,0
30582,24.82122386898588,4,6,12.987970208311769,2,0.20122165859249824,0,0.0,0
30583,55.38809548136932,3,1,33.53996749650438,7,1.000096278564809,0,0.0,0
30584,12.404167155987999,4,3,4.5400015673894485,3,0.490193922396216,0,0.0,0
30585,63.210742312797436,3,0,17.103140281865535,6,0.9891808208875865,0,0.0,0
30586,47.8757736482352,0,3,7.623096405054211,2,0.3523820045735816,0,0.0,0
30587,24.41922593351161,4,4,24.186967684171183,6,0.9259775840037753,0,0.0,0
30588,40.37910498957952,3,3,11.832870218001622,3,0.9992322504417144,0,0.0,0
30589,42.337968780754224,4,3,19.884162962082314,1,0.5482058709757301,0,0.0,0
30590,45.159869234793604,4,3,3.979460522190922,1,0.9994160039278859,0,0.0,0
30591,57.634946958161585,3,3,10.918377231330377,7,0.9999187663184136,0,0.0,0
30592,41.211050954072945,5,4,9.632886064184596,1,1.005786508415838,0,0.0,0
30593,44.5038429274988,2,7,4.61987299248781,1,0.0,0,0.0,0
30594,32.43297469548131,3,4,18.36080383130291,2,0.7258433847668618,0,0.0,0
30595,37.85251790566628,3,4,7.152162158580803,1,0.9803203236927727,0,0.0,0
30596,28.877930416461332,5,6,12.631832754442566,1,0.3242588299206479,0,0.0,0
30597,39.446839684353975,3,7,9.950201219312738,1,0.7874017605430328,0,0.0,0
30598,66.40367271063153,3,5,13.03130298151226,5,0.0,0,0.0,0
30599,48.009962378165355,4,5,6.536050113320032,1,0.7223288578165418,0,0.0,0
30600,30.004908152961367,1,3,9.381425892275079,7,0.5793843393365976,0,0.0,0
30601,26.240458738724833,2,2,7.58111822023296,5,0.02008091633802811,0,0.0,0
30602,41.447006470594424,3,4,15.507056878844413,2,0.33300599005537357,0,0.0,0
30603,56.30927421441304,2,2,8.545721559510067,2,0.9689581827343482,0,0.0,0
30604,48.716147841915166,3,1,9.087626954361728,7,0.9999235352880886,0,0.0,0
30605,64.40635889792522,4,2,8.152338688559782,7,0.9999542386271361,0,0.0,0
30606,32.87768028455173,2,6,15.697933413932173,7,1.000187690224418,0,0.0,0
30607,34.840017774070354,5,4,7.672443118246921,1,0.22777493565222567,0,0.0,0
30608,64.58653844248364,2,3,19.817442385758643,7,0.9996783507197199,0,0.0,0
30609,39.03206443884678,3,1,18.197972239898178,2,0.4863754432240038,0,0.0,0
30610,21.724193781832565,3,1,2.4225390465436334,2,0.09965209844152734,0,0.0,0
30611,34.13239149890374,1,5,4.058587540941632,1,0.4511757850462156,0,0.0,0
30612,50.73549300125359,4,3,14.515530151966162,4,0.5029707056124574,0,0.0,0
30613,59.17109297913768,2,4,19.999048013865853,1,1.000073275981497,0,0.0,0
30614,58.4769593981606,2,6,1.8701866590688265,7,0.9122868142309194,0,0.0,0
30615,32.654527697468545,0,2,1.3787576091884688,1,0.10640207751087083,0,0.0,0
30616,38.97128435817871,3,4,12.944587237219952,1,0.9996480965114488,0,0.0,0
30617,49.6997633683052,2,4,20.001242061448693,3,0.4942751882443739,0,0.0,0
30618,37.021503763297716,3,4,10.566090393258266,1,1.0237410057892637,0,0.0,0
30619,41.6461692431319,3,3,15.29570578776739,2,0.9999823165370607,0,0.0,0
30620,32.05709949728283,3,3,8.11172081287192,2,0.691078545260834,0,0.0,0
30621,63.30943159868231,3,2,16.436021598023835,1,0.4550410947335722,0,0.0,0
30622,18.420597275189145,4,6,0.0,3,0.26343075174820446,0,0.0,0
30623,42.927261426790686,3,3,9.312724991151027,7,0.9507448158243079,0,0.0,0
30624,37.61477679172387,0,1,12.025705813914437,7,0.9999584470660668,0,0.0,0
30625,36.455424101385745,3,3,5.412539211932538,7,0.46410172189412663,0,0.0,0
30626,20.734837485097643,6,6,3.1314189711640354,2,0.0,0,0.0,0
30627,46.21339999799014,4,6,13.49515562015706,7,0.9998563436114802,0,0.0,0
30628,53.09984579699548,4,4,15.879712492740303,5,0.09704933802363336,0,0.0,0
30629,48.760234995021236,4,4,17.760640823585018,2,1.085836997708745,0,0.0,0
30630,59.486093295462226,4,5,20.02213150688693,1,0.6234995599598837,0,0.0,0
30631,45.65729756659548,3,4,5.3555858321856205,7,0.988225333314577,0,0.0,0
30632,26.227660983613628,1,3,8.489282471289375,4,1.0003150626665755,0,0.0,0
30633,32.78146692165786,3,1,12.269080301165815,7,0.37878344907762956,0,0.0,0
30634,48.52190044628327,2,1,7.774251645079982,4,0.9998102232373025,0,0.0,0
30635,43.95832501640497,1,3,14.525617632704787,7,0.8000749835331785,0,0.0,0
30636,69.0275291787778,6,3,10.88582629019779,7,0.0,0,0.0,0
30637,54.815308314701284,1,1,9.767704649770112,1,0.5003786931518399,0,0.0,0
30638,60.040325608636365,2,3,15.647813456642448,4,0.9995274205008846,0,0.0,0
30639,43.23616830513562,0,6,6.628760771770239,7,1.0004371486354826,0,0.0,0
30640,44.37830990381363,3,3,14.48133794938704,3,1.0003141602360355,0,0.0,0
30641,27.78576483481114,4,2,11.563937526281782,4,0.5717494926138595,0,0.0,0
30642,52.23363107476453,1,2,4.8112623043848775,7,1.0000410500578134,0,0.0,0
30643,47.805282565984484,1,3,0.0,3,0.5004510909831681,0,0.0,0
30644,57.377095890145156,3,3,17.26344286801708,7,1.000072618972785,0,0.0,0
30645,31.567196281598015,3,4,20.003055074786587,0,0.504290426712875,0,0.0,0
30646,59.026226133910406,4,1,8.03854207862469,3,0.9414287907265946,0,0.0,0
30647,44.015063631614204,3,3,9.813556765326776,6,0.45006761336533496,0,0.0,0
30648,66.4430539749972,3,1,8.627800727972545,7,0.9996759848023418,0,0.0,0
30649,28.97864557299353,3,2,14.02859349274554,7,0.9998283686523348,0,0.0,0
30650,53.51323358869597,2,4,20.001558878047863,1,0.5441775076436102,0,0.0,0
30651,36.52118304611186,3,1,11.430152956863177,3,0.9093152106562153,0,0.0,0
30652,36.83559698633141,4,1,6.412179933900782,4,0.4993028813659999,0,0.0,0
30653,35.926817073851645,0,4,20.00048558573986,1,1.0004532874270358,0,0.0,0
30654,35.66980106017776,5,6,14.052447245302144,4,0.7066689202080849,0,0.0,0
30655,33.30040720700885,3,6,15.263855855444971,7,1.0003242893575317,0,0.0,0
30656,35.529520026511705,4,3,3.0650431109083875,6,0.3228769006790887,0,0.0,0
30657,58.205304919885634,3,2,7.441101257145553,1,0.9230713233817434,0,0.0,0
30658,51.878277482192814,4,3,8.744970275873754,2,0.28534461050326965,0,0.0,0
30659,23.053828873606463,5,6,4.569995254505654,4,0.2944885832780637,0,0.0,0
30660,31.68826994061142,5,3,0.6704541059580631,1,0.6895981535135268,0,0.0,0
30661,62.38137295143584,4,3,3.339854773203479,5,0.5053618624134609,0,0.0,0
30662,64.52641292668096,2,1,14.99958944884763,5,0.5010025480943041,0,0.0,0
30663,49.8679925787375,2,1,16.65407886628197,2,0.9998400998981243,0,0.0,0
30664,31.65494650915531,4,2,12.454751733727102,4,0.6054398788131725,0,0.0,0
30665,57.952706380169516,4,4,20.001105668797226,4,0.33923920653131157,0,0.0,0
30666,22.307960251126246,2,6,9.508886726312783,1,1.0191759915673353,0,0.0,0
30667,34.267182604412504,3,3,13.385261008133329,3,0.19354171974430168,0,0.0,0
30668,25.981650884971867,2,1,18.332526604841394,3,0.956192246276566,0,0.0,0
30669,49.56189079922699,2,6,0.0,7,0.8522122001526155,0,0.0,0
30670,65.17166826867462,2,3,9.176841308541864,5,0.9997390181360207,0,0.0,0
30671,21.609987139087515,4,3,6.3135298784265474,4,0.19932671621869058,0,0.0,0
30672,50.29888777975274,3,1,6.590985499982845,5,0.99990613301338,0,0.0,0
30673,29.56684831661377,4,4,19.98498549716755,2,0.37505185603258334,0,0.0,0
30674,41.15952105404798,2,6,5.025634122970269,7,1.0003996893899512,0,0.0,0
30675,46.47182752351428,4,2,12.032130635739378,7,1.023202403418014,0,0.0,0
30676,36.66470101047392,2,2,11.893621367379524,7,0.88063409917462,0,0.0,0
30677,45.85283099601774,3,6,14.753106818961665,5,0.5254947383014735,0,0.0,0
30678,42.14808466133816,3,5,10.821935776145038,7,0.9994696641195979,0,0.0,0
30679,48.573306094830215,4,3,13.110139386120494,2,0.9999816566648346,0,0.0,0
30680,45.825458935634124,4,2,10.688937211379754,7,0.999673958474961,0,0.0,0
30681,24.12208923202413,2,2,8.615385125490715,5,0.009049317017526315,0,0.0,0
30682,37.48255117171166,4,4,0.0,7,0.6602812502588956,0,0.0,0
30683,38.85863679621735,4,1,14.838981266651146,1,0.5221050313790385,0,0.0,0
30684,64.1534320358824,1,1,18.131955627851717,3,0.5013528597814543,0,0.0,0
30685,55.239984832955756,6,4,19.998642344304937,7,1.0006532256135943,0,0.0,0
30686,37.546647164941334,3,2,13.317584298212939,1,0.9992060979776046,0,0.0,0
30687,58.98366640043932,2,5,3.9179586631752574,1,1.1074687266259429,0,0.0,0
30688,22.520217248693065,2,0,11.277463170799404,1,0.9130484993999131,0,0.0,0
30689,48.673245306926844,5,3,2.4496089686823215,7,0.999772212889465,0,0.0,0
30690,51.84202142314328,4,4,20.00039748716155,4,0.9998950148010799,0,0.0,0
30691,23.519490560417065,3,4,9.006760623567388,3,0.9566250663892693,0,0.0,0
30692,28.759193071541848,1,4,1.4470745225646109,2,0.9985094456788048,1,87651.55798376616,1
30693,47.48233319485777,4,5,21.696659648638576,7,1.0008935849804617,0,0.0,0
30694,40.390970716171104,2,3,13.493662560240008,7,1.0000847766498346,0,0.0,0
30695,45.37697401482929,2,4,19.994806565000786,1,1.0001593715844974,0,0.0,0
30696,32.57375300882797,5,1,12.745404385568378,2,0.4860857472282427,0,0.0,0
30697,46.76317900585501,3,6,4.4628412992887805,7,0.9999387654551395,0,0.0,0
30698,40.77865897830335,1,3,21.10642619229675,4,1.011801281174056,0,0.0,0
30699,28.85323971007344,5,1,3.9152997962468605,1,1.1151942045744763,0,0.0,0
30700,22.599532195565093,6,2,6.215734998224763,4,0.24281686152156018,0,0.0,0
30701,50.29167545098486,5,1,14.723400101136026,2,0.7968540278965284,0,0.0,0
30702,27.623636876168277,3,3,17.038664251443645,1,1.000075520216108,0,0.0,0
30703,26.173751644396674,2,3,13.42871545557464,3,0.1203377683910658,0,0.0,0
30704,40.64307935176146,3,3,7.126867889926215,3,0.39122636987475673,0,0.0,0
30705,44.536712985834654,5,1,13.119151204756193,7,0.4513329664529211,0,0.0,0
30706,67.83849638398672,3,5,14.282255470199566,5,0.9997659879770875,0,0.0,0
30707,47.30918832888753,2,1,8.887221528840614,7,0.9103642480537852,0,0.0,0
30708,63.163196583930834,3,4,18.240067114601704,1,0.390798660960726,0,0.0,0
30709,18.124505790830174,5,6,7.22464983800853,7,0.6722725460486829,0,0.0,0
30710,24.99135792185697,3,5,9.707885659341134,7,0.3195238118541756,0,0.0,0
30711,56.79002916614372,1,3,18.98204870281194,7,1.00045659375989,0,0.0,0
30712,61.87656367065321,4,3,2.241644932355305,7,1.0001082717529368,0,0.0,0
30713,69.63820973280406,4,4,20.009717630724694,7,0.9998973331443228,0,0.0,0
30714,32.185713528775906,1,1,13.588637462691736,7,0.9998962531437725,0,0.0,0
30715,51.336658089969646,2,6,11.537051256270384,7,0.9998940675714172,0,0.0,0
30716,72.23713132552675,6,3,8.683249955973325,2,1.000413069121345,0,0.0,0
30717,30.26293125095087,2,6,17.919613566758606,3,0.9999009912872334,0,0.0,0
30718,42.23529853241064,2,5,10.476147472539402,7,0.4162749071540706,0,0.0,0
30719,64.69047256121365,3,1,14.764447743764443,1,0.9999276542690505,0,0.0,0
30720,56.763219197963885,2,3,20.011389958048554,1,0.9397920477735768,0,0.0,0
30721,26.32512635637118,2,6,9.681616998931249,3,0.3949151563853915,0,0.0,0
30722,57.849841998009595,3,1,14.363119451331313,1,0.5233573823407555,0,0.0,0
30723,42.52649006153872,3,7,10.81124375669236,6,0.4844701849810582,0,0.0,0
30724,32.14637460595007,5,5,21.633088284289173,3,0.26126455468359094,0,0.0,0
30725,52.02891110340944,3,6,10.081004462753674,2,0.1812661667693103,0,0.0,0
30726,50.67922317383788,5,6,16.36805520848498,7,0.26843290730687985,0,0.0,0
30727,45.45557591188321,4,3,7.530285764594218,0,1.0005277106715238,0,0.0,0
30728,29.1811197599435,2,4,9.136287838007787,2,0.43398295876226356,0,0.0,0
30729,39.52172812379717,3,2,12.634562506724812,7,1.0002780199149677,0,0.0,0
30730,42.395127576059984,1,6,6.964479820589284,6,0.21145130594591155,0,0.0,0
30731,69.72207060673443,0,1,20.286055722391723,7,0.9508782507156692,0,0.0,0
30732,23.6654865915373,4,2,9.836285544426124,4,0.43695630711043343,0,0.0,0
30733,46.75076411503552,0,1,2.7184772953487,3,0.38773157326623314,0,0.0,0
30734,50.60400364393451,1,3,5.622626218262409,3,0.5000507452010332,0,0.0,0
30735,73.24941524113882,3,4,19.99441947898066,7,0.6073338224988767,0,0.0,0
30736,16.528469058570185,3,4,2.872832002830144,1,0.999714661514977,0,0.0,0
30737,51.98647133541256,4,5,0.0,1,0.2674266423904222,0,0.0,0
30738,39.45208161574661,1,3,10.8288759491532,6,0.38454859695512406,0,0.0,0
30739,34.20671191418383,3,3,11.388290169573105,1,1.0001448724807749,0,0.0,0
30740,52.37708871911935,3,1,6.318840471075379,7,0.9996576640928934,0,0.0,0
30741,67.73514325952155,1,1,3.232275330758033,3,0.6248647184670373,0,0.0,0
30742,71.43923774837526,1,1,19.998044250828173,2,0.48431323240593216,0,0.0,0
30743,55.81356907373603,3,3,0.011388363851434491,7,0.9329518210354253,0,0.0,0
30744,55.309056507856916,2,1,6.045540241397296,3,0.9537117231429437,0,0.0,0
30745,42.401984336497485,4,1,6.002492666892686,6,0.3292104376106333,0,0.0,0
30746,35.96046103720986,3,1,10.75883856099204,2,0.22959741095407266,0,0.0,0
30747,42.33567446678773,0,3,7.6157545498056365,3,1.0000761621289467,0,0.0,0
30748,18.15346990996176,4,1,9.957240270903231,0,0.11473450676944674,0,0.0,0
30749,31.44629129501017,3,2,12.207571262880954,4,1.0002163367190007,0,0.0,0
30750,31.670909006097865,0,6,7.072615666514707,7,1.0001703906163992,0,0.0,0
30751,53.52329774995779,4,3,3.7334555569926966,4,0.11397768396181363,0,0.0,0
30752,38.13601652290547,4,1,8.836590587948354,7,0.29484791198373517,0,0.0,0
30753,65.227648427409,4,3,3.2175757420771625,5,1.0004003378700852,0,0.0,0
30754,43.81467517917938,4,1,11.962264146891036,7,0.34209380992277194,0,0.0,0
30755,22.305776377611004,3,3,11.854632810632184,1,0.999631455634479,0,0.0,0
30756,35.737505889514715,4,3,11.534545262282533,1,0.27360813351176516,0,0.0,0
30757,50.888837592242254,3,3,7.58496994701283,4,0.9998758138315891,0,0.0,0
30758,56.04971386718621,4,3,6.371031927268253,0,0.5057832785182754,0,0.0,0
30759,38.347026166659056,2,6,0.0,7,0.33940361025521026,0,0.0,0
30760,49.4423901599193,3,3,14.170331947543982,7,0.6400453896329685,0,0.0,0
30761,28.09083099076779,4,1,14.453019461229342,3,0.4185004986134515,0,0.0,0
30762,26.82155742010076,5,4,11.083150779996933,1,0.7300487164435481,0,0.0,0
30763,31.102914461046407,1,5,0.0,4,0.9533500207647454,0,0.0,0
30764,39.90344248710407,5,5,11.979078088768565,1,0.9895271981172264,0,0.0,0
30765,57.53947054296718,4,2,12.910919094971112,2,0.9717785785626813,0,0.0,0
30766,30.10189688736567,3,6,14.12922366648852,4,0.3293443773845983,0,0.0,0
30767,58.88718305613568,3,6,19.072019060182523,7,1.0007892001679168,0,0.0,0
30768,40.139157473094436,3,3,4.022123777868225,3,0.4354427917718903,0,0.0,0
30769,38.43975396696338,5,3,20.799115114512556,0,0.4623144922156708,0,0.0,0
30770,38.54470624416097,3,5,15.895084297525607,7,0.015310913359114386,0,0.0,0
30771,40.79321790423954,2,3,5.134808133530228,7,0.2751124792552787,0,0.0,0
30772,37.3424921597076,4,1,7.0096680373024505,3,0.9541149392773981,0,0.0,0
30773,57.66514448921065,4,3,2.1534793160466617,7,0.2957985753235398,0,0.0,0
30774,50.83848899371913,2,6,11.89432876739142,7,0.9993115163644021,0,0.0,0
30775,52.994495307220795,2,6,19.306584503635662,1,1.0013645963407696,0,0.0,0
30776,29.96776629496632,4,3,6.253193479513833,3,1.0000877268261372,0,0.0,0
30777,62.59250811944068,3,1,14.832790308168718,7,1.0000512561860981,0,0.0,0
30778,35.14244851129916,1,2,8.534473126189672,5,0.2777094310041931,0,0.0,0
30779,37.59378540217628,4,3,12.292349772146036,7,0.17026887570600424,0,0.0,0
30780,38.25618941354341,5,6,21.054248271656526,2,0.36220746732483766,0,0.0,0
30781,59.8404235546707,4,6,13.272787022315299,4,0.9991812678406977,0,0.0,0
30782,35.30974736320283,3,6,9.42250580746374,7,0.8858251407053377,1,23214.11310106766,1
30783,48.5510945036411,2,4,11.725138773337044,1,0.9998376272591631,0,0.0,0
30784,44.18717708627553,1,3,24.432665903101594,7,0.9997631501176202,0,0.0,0
30785,54.30040541479899,4,6,15.212668665289279,2,0.9259616258979585,0,0.0,0
30786,40.02791645190971,4,5,6.507355600029955,6,0.3889988885706447,0,0.0,0
30787,44.81434047090241,3,1,6.918422768348856,7,1.0004128734082671,0,0.0,0
30788,63.114386078847815,2,1,13.044201689906481,7,0.9994900605275974,0,0.0,0
30789,55.02101174856982,1,4,12.325315833962733,1,0.986440110062961,0,0.0,0
30790,40.31597716606934,4,6,20.88235400753271,6,0.9717388147378041,0,0.0,0
30791,16.84542647726425,4,2,1.3361950925825585,1,0.0,0,0.0,0
30792,34.42242204464993,5,0,9.710568814921887,6,0.18495440534705143,1,6243.000652497813,1
30793,49.91338118874261,3,3,18.304688736446987,1,0.9996461022392511,0,0.0,0
30794,53.038273412828076,2,1,4.92859952186573,7,0.7183475364381947,0,0.0,0
30795,27.41775110560259,3,6,12.704510481202687,4,0.6058107228358789,0,0.0,0
30796,33.11273874157085,2,3,2.7389861180907165,3,0.4971368474662432,0,0.0,0
30797,42.644465344307534,1,4,19.99101952150594,1,0.9998532953604943,0,0.0,0
30798,80.29803698918954,2,3,10.169032569094304,0,0.5192647067683189,0,0.0,0
30799,46.68864225534703,3,1,24.08511782370308,7,0.9468666282088238,0,0.0,0
30800,31.779281552765948,1,2,9.819787764514539,4,0.41496103712103993,0,0.0,0
30801,42.03570216127842,1,1,5.728348006999715,7,0.409363545608549,0,0.0,0
30802,38.92273926287418,2,1,6.654947319755448,7,1.0290172017140389,0,0.0,0
30803,60.58872288288655,4,6,7.701621445825054,7,0.9997966636857301,0,0.0,0
30804,41.99645908905444,4,2,4.563210583200501,3,0.4258293650123261,0,0.0,0
30805,55.647696350657824,4,4,18.05448564500095,3,0.7143886090498034,0,0.0,0
30806,51.69176570095044,7,3,4.103522769199384,3,0.7171848999840247,0,0.0,0
30807,50.037298515596476,3,1,19.9309407489921,6,0.9999756335006611,0,0.0,0
30808,31.0359823720398,6,3,7.894433578107007,1,0.35078952187147194,0,0.0,0
30809,24.844278769990783,3,4,19.99078601501909,1,1.0607825843381344,0,0.0,0
30810,55.9893019015007,6,3,10.711630741575172,7,0.0,0,0.0,0
30811,37.50962974867415,1,3,7.203058013384428,7,0.999744675675718,0,0.0,0
30812,51.67460371690093,2,6,6.78330651589364,7,1.000235111345772,0,0.0,0
30813,24.147134018233427,1,1,9.774969779100214,7,0.44066688072626314,0,0.0,0
30814,41.31754438894847,3,3,8.110511436477141,3,0.41049648918568904,0,0.0,0
30815,48.29806685758979,0,2,2.7336046722404976,7,0.4099378115406084,0,0.0,0
30816,71.28860597422393,3,5,28.417343146526406,2,0.5016216152224235,0,0.0,0
30817,27.844344530707872,3,3,7.616738030935927,4,0.9533971984018896,0,0.0,0
30818,57.583999688233654,4,6,6.141961423633049,7,1.000045175348561,0,0.0,0
30819,27.932191345336147,2,1,3.3769652514515887,2,1.0001048662267777,0,0.0,0
30820,48.80425579536644,1,5,14.472102279140145,1,0.2633116445928117,0,0.0,0
30821,42.20682063790794,4,3,0.0,3,1.0003097123003806,0,0.0,0
30822,39.1226252523592,2,2,10.862827360891341,7,0.8920935289039695,0,0.0,0
30823,38.509033399903174,5,2,8.785357822070106,6,0.3929891263220139,0,0.0,0
30824,49.693572294481854,4,3,7.836227075390555,3,0.9999618405672428,0,0.0,0
30825,43.26817374664069,3,5,11.843104564336388,2,0.5621888479887902,0,0.0,0
30826,36.1152189349714,3,2,11.308705111348251,7,1.0001287165546582,0,0.0,0
30827,49.16644895421698,3,3,10.777531217751529,5,0.5000126121090799,0,0.0,0
30828,45.82322582747889,3,3,8.252627987810564,7,0.6668635137836046,0,0.0,0
30829,37.811749225035676,0,6,21.174689718145117,2,0.4292031416832281,0,0.0,0
30830,63.42471723323623,4,6,20.00353637029232,1,0.6110744279226156,0,0.0,0
30831,48.69005699174145,5,6,4.458276549472841,2,0.17709400857600033,0,0.0,0
30832,58.45303350903994,2,1,6.092540881286138,5,0.4984384788498352,0,0.0,0
30833,50.97026600593849,2,1,4.3085549069883315,5,0.7573832996584131,0,0.0,0
30834,38.69573776423386,3,1,12.852963498901408,5,0.5281105280216267,0,0.0,0
30835,44.968441615492694,3,1,16.472693387201392,7,0.32761097087647945,0,0.0,0
30836,46.21509448451304,2,3,0.0,7,0.3874003872032309,0,0.0,0
30837,41.92560796620021,2,7,9.902329458118924,7,0.4770002369601555,0,0.0,0
30838,44.85018942340461,2,7,3.9638138354014174,8,0.2647297968957025,0,0.0,0
30839,48.07290946322101,2,4,19.997229629427956,7,0.9995483730577502,0,0.0,0
30840,26.113399855803547,2,1,8.761143046827199,4,0.9440825628864922,0,0.0,0
30841,60.15851657174618,3,3,7.819165265718521,3,1.0002889225236142,0,0.0,0
30842,54.62274914783393,5,4,16.563602735996103,6,0.985101537036399,0,0.0,0
30843,54.120384069657966,2,1,5.098423589536221,4,1.0000481311859533,0,0.0,0
30844,55.000932733764444,5,5,3.677761148148906,7,0.3366950122990218,0,0.0,0
30845,19.796488949853515,3,1,10.096064869991137,5,0.4977091826088302,0,0.0,0
30846,41.748925347757876,3,1,16.07761181166416,7,0.9992110986391731,0,0.0,0
30847,42.19602219372944,3,5,7.723032396815406,7,0.9998905940991969,0,0.0,0
30848,46.24212766945762,4,3,13.072722708949957,1,0.9719252759780224,0,0.0,0
30849,59.48510450871485,4,3,5.498455141208641,2,0.2811870959717683,0,0.0,0
30850,47.84386792767339,5,6,16.79084832124048,3,0.6043541538672134,0,0.0,0
30851,42.05033605742327,5,6,10.028870507307388,4,1.0003252177384705,0,0.0,0
30852,31.954859269764476,3,3,19.990353723700352,1,0.6822576134399917,0,0.0,0
30853,28.867415680309175,4,1,13.768716829722711,5,0.9999183443694517,0,0.0,0
30854,38.54180694380296,5,3,16.783475426100953,7,0.641471060411425,0,0.0,0
30855,28.398420906571484,4,4,23.29237451500129,7,0.38975743772622606,0,0.0,0
30856,50.0545170918415,3,4,19.99889741380769,1,1.094361404557679,0,0.0,0
30857,44.2809740094637,3,2,20.012493224521577,1,0.9999379249401501,0,0.0,0
30858,56.33127459034003,3,3,14.538835492317808,7,0.9995251417040765,0,0.0,0
30859,42.44962204410431,3,4,20.00607144935722,1,0.6125658251553269,0,0.0,0
30860,60.04591080482118,2,3,7.653600940542812,4,0.3212590623750294,0,0.0,0
30861,61.45497333012172,3,6,0.0791028213897711,1,0.391319377437811,0,0.0,0
30862,55.925223247942135,2,1,1.4967697487057805,3,0.3582438384802579,0,0.0,0
30863,46.02725905835444,3,4,19.996222360240992,1,0.5329423584035995,0,0.0,0
30864,40.950091530520105,5,3,15.606717895692167,2,1.0003615840106272,0,0.0,0
30865,65.01854621090952,3,6,13.416543618863912,7,1.0002016954773398,0,0.0,0
30866,52.29288179256965,6,6,1.3072716637641548,7,0.9468237602784422,0,0.0,0
30867,28.560525559532152,3,1,16.46728768257508,2,1.0001355601825845,0,0.0,0
30868,19.596507014080217,2,3,2.3689227194894613,4,0.9622749832698398,0,0.0,0
30869,42.700543914231645,2,3,5.02097544515906,3,0.9995853362118758,0,0.0,0
30870,28.10989219461733,3,3,8.130514807453991,7,0.5741185277537483,0,0.0,0
30871,38.882393177341214,3,1,15.614619021891905,3,0.43320668843336413,0,0.0,0
30872,65.18724885979996,6,3,6.90770501661631,7,0.680082977151856,0,0.0,0
30873,46.59661493495866,1,3,6.953867848457331,1,0.20002725102439367,0,0.0,0
30874,50.44791882357978,5,6,0.0,3,0.5062860362691108,0,0.0,0
30875,22.98553431242542,2,6,6.299147474117328,2,0.221134265880439,0,0.0,0
30876,21.54128254161963,1,3,13.54963924809381,0,0.31748797798408956,0,0.0,0
30877,25.673196057669802,1,7,0.8913224300688025,4,0.0004475729708188769,0,0.0,0
30878,56.11840634862043,2,3,0.0,7,0.7772705080864583,0,0.0,0
30879,27.940221327513456,4,3,12.503475371904148,7,1.0002660462827104,0,0.0,0
30880,64.74050477364045,2,5,4.588150294551986,1,0.341906333357742,0,0.0,0
30881,54.08129389606842,2,4,19.997479956579276,7,0.9995010057460367,0,0.0,0
30882,55.0132432625928,4,2,3.8293275211731146,7,0.287514846625533,0,0.0,0
30883,41.21556974781013,0,3,7.823198105764867,4,0.4988567622735811,0,0.0,0
30884,37.136005122569756,1,3,20.758462333881944,4,0.10952994261607285,0,0.0,0
30885,55.16060835233647,5,1,14.545156751867696,2,0.46384672206652866,0,0.0,0
30886,48.35158021123109,3,1,0.294686225440703,3,1.0007185697399252,0,0.0,0
30887,37.11194658663358,3,4,15.69761533287813,7,0.9599705333811215,0,0.0,0
30888,48.14563753911012,2,2,4.048554382161362,5,0.45860560585475174,0,0.0,0
30889,14.164060481641222,2,3,18.366373158550786,7,0.7221443371429185,0,0.0,0
30890,46.89252112038694,2,1,16.20322784969234,2,0.49648484823513817,0,0.0,0
30891,56.18850138880492,2,2,13.947474198160405,7,0.9993620677035572,0,0.0,0
30892,51.33468330051039,3,1,0.0,2,0.5016622203098765,0,0.0,0
30893,38.74165754649588,4,2,12.262759545827745,1,0.7040372252282432,0,0.0,0
30894,51.14299603513826,3,4,14.418607203068614,3,0.9141073947164619,0,0.0,0
30895,42.79268574509976,4,3,12.784293199380595,1,0.09065268518740599,0,0.0,0
30896,60.88657996143267,1,3,1.6890213207598403,3,0.9786681339690186,0,0.0,0
30897,41.449412763123256,5,3,9.468083263958007,4,0.07148501657488926,0,0.0,0
30898,30.05970840012594,0,6,4.0233002184949465,7,0.7939768626010851,0,0.0,0
30899,49.42002098758084,3,7,8.243267422074597,6,0.12206966240957962,0,0.0,0
30900,18.636923736187164,4,3,4.891141615300889,2,0.10943223597154628,0,0.0,0
30901,45.41083926365717,3,4,15.145893637063157,1,0.9664114578766658,0,0.0,0
30902,57.01475908963123,4,2,0.9976476200160675,7,0.6985721707741132,1,105077.06103678975,1
30903,35.148899380830706,2,6,12.73259823283857,7,0.6332443123762045,0,0.0,0
30904,43.469410528017,2,1,14.867660694421485,3,0.9563087903951197,0,0.0,0
30905,50.44006255619211,1,4,11.909372639576471,8,0.5437482001029205,0,0.0,0
30906,55.17382702301531,3,3,15.421221653042199,1,0.18632109351894977,0,0.0,0
30907,37.55864424550272,4,3,0.8303857410031945,1,0.15183269873316474,0,0.0,0
30908,46.32217806390701,4,1,2.0772579347633844,7,0.4418076118242129,0,0.0,0
30909,47.13633271451817,3,5,19.996521660009968,1,1.0004586496349286,0,0.0,0
30910,23.66689621741773,2,2,0.0,7,0.49348172425565545,0,0.0,0
30911,31.328945033428948,2,1,13.15087689046867,0,0.28498570099293496,0,0.0,0
30912,34.68365385928238,3,0,9.911872070196138,7,0.9811511373504528,0,0.0,0
30913,72.82064952414883,4,3,18.721557760122973,7,1.0000015987382662,0,0.0,0
30914,46.2670744600916,0,3,4.7258649232520025,3,0.49482175421510455,0,0.0,0
30915,41.977353266266135,1,3,10.244135562976876,0,0.9898118317825841,0,0.0,0
30916,38.606781272471544,4,2,14.229524566149914,7,0.3316132764005779,0,0.0,0
30917,67.53372491020436,2,3,11.019505212630936,3,1.000287340186757,0,0.0,0
30918,32.05811899273007,1,4,12.53910815108549,5,0.5409231824828027,0,0.0,0
30919,39.98262221214503,2,3,8.20976789208875,1,0.5646691183797683,0,0.0,0
30920,36.72684641049827,3,1,3.1171924608289148,7,0.9995992179964547,0,0.0,0
30921,47.88102643063859,1,5,6.651708804007518,7,0.3241338917653907,0,0.0,0
30922,45.257243355626635,2,2,15.743316441112272,7,0.5803503547046208,0,0.0,0
30923,31.323065179092065,2,6,14.50016270220849,2,0.39268186505804037,0,0.0,0
30924,59.01286645153291,2,3,15.172093151186333,2,1.0000220454325464,0,0.0,0
30925,24.831440565523057,4,6,11.33535364792557,3,0.2548086400529783,0,0.0,0
30926,49.71712086475324,3,4,16.32179180933401,3,0.510684503712035,0,0.0,0
30927,31.664838672643498,3,1,10.325104408093145,7,0.9999504402022482,0,0.0,0
30928,47.898741956332664,3,6,8.505895645780491,7,1.0005441537903417,0,0.0,0
30929,56.67166092465756,4,3,16.307835657970607,7,1.0000481431730877,0,0.0,0
30930,32.90588258995531,6,5,5.549527788084161,7,0.15320367494327547,0,0.0,0
30931,30.518668329277997,5,3,10.50651302350214,7,0.10743533437040964,0,0.0,0
30932,35.85558374977516,2,3,4.759511572604403,3,0.12916352278329934,0,0.0,0
30933,66.62772924251335,3,1,1.437918476746166,2,0.3216503235843235,0,0.0,0
30934,24.55771933135422,2,2,8.156173148668618,3,0.6481755320888563,0,0.0,0
30935,27.98382838044747,3,6,16.42381294222254,3,0.6657454925081172,0,0.0,0
30936,34.982761675921395,4,6,0.7599920533029927,5,1.000073942964497,0,0.0,0
30937,36.75775115308746,3,3,14.173006495750544,7,0.9995941608738341,0,0.0,0
30938,52.722313579624384,1,1,14.67974116729768,4,1.0002837262751803,0,0.0,0
30939,15.192304228523895,3,2,22.277409174274162,1,1.446242369749433,0,0.0,0
30940,33.509808050199005,1,0,19.994364583443787,1,1.0002092477430686,0,0.0,0
30941,44.01082396396774,2,6,12.617624824330273,4,1.000063126132147,0,0.0,0
30942,47.80132521534368,3,6,7.744315648290643,7,0.6197153639865548,0,0.0,0
30943,52.66348763929206,3,6,6.2081957068051326,7,0.8810940964020431,0,0.0,0
30944,32.976575804647894,6,3,0.0,1,0.7333761227406519,0,0.0,0
30945,38.52368694898395,5,6,10.273582362732265,6,0.5015658477915239,0,0.0,0
30946,74.07815943907596,2,4,21.69895155301799,5,0.7492734452649455,0,0.0,0
30947,44.618255604102764,0,3,16.39403127434996,3,0.556912811096213,0,0.0,0
30948,40.107284669018576,1,3,1.3834628809027407,1,0.9820517535141715,0,0.0,0
30949,31.179441147594822,4,2,14.31372486697138,3,0.36969090401232335,0,0.0,0
30950,59.134254801817136,3,1,9.168027760487288,7,1.0003524664622914,0,0.0,0
30951,33.04374299606641,4,5,0.9281102631067188,7,0.7988171920323167,0,0.0,0
30952,50.07591886282121,4,3,7.15816695784336,7,1.00027664741976,0,0.0,0
30953,42.14832008343098,2,5,1.2998210286197782,1,0.6847080956332009,0,0.0,0
30954,49.771384247220965,5,1,9.049871685517893,7,0.9998398125608248,0,0.0,0
30955,59.65083788093476,3,6,20.050505846303015,6,0.36421572761056686,0,0.0,0
30956,55.18590572066194,3,6,9.543541025693576,6,0.5733282394961321,0,0.0,0
30957,61.12698000578998,3,3,12.894734246811488,1,0.4982808631703786,0,0.0,0
30958,32.873240057775114,4,4,5.357697873874164,2,0.3429156887804911,0,0.0,0
30959,38.98471991095057,3,1,13.178693814468014,6,0.9606809377320991,0,0.0,0
30960,40.33431170132007,1,1,11.8653474512997,0,0.25354463423841106,0,0.0,0
30961,26.894063867943288,5,2,9.740985653654501,1,0.3031413669845027,0,0.0,0
30962,57.904557987374204,2,1,18.97688212830164,7,0.9998758023256206,0,0.0,0
30963,44.920361364641664,1,3,11.020102988770166,2,1.0001598137548648,0,0.0,0
30964,38.0983612313762,3,3,14.067592155378483,6,1.0006801047488383,0,0.0,0
30965,47.30837093095305,4,2,4.628595572887061,5,0.34240598416876816,0,0.0,0
30966,51.63068978106714,1,4,12.168250118246053,4,0.6361778919493272,0,0.0,0
30967,55.355973729675945,3,3,2.1051637226720636,6,0.9063304253803777,0,0.0,0
30968,51.959898108565525,4,3,3.707997414797206,6,0.33966308123123823,0,0.0,0
30969,13.630415262085105,3,1,19.99534922305771,3,0.7562144143792968,0,0.0,0
30970,43.33078531551307,3,2,11.903329588764821,7,0.9994533636676814,0,0.0,0
30971,29.579670230803245,2,1,14.014267885952455,3,0.6644152759006235,0,0.0,0
30972,62.80240615605453,3,3,5.056837978618719,3,0.49806594714468044,0,0.0,0
30973,24.84730847575297,2,6,5.3237924159265,4,0.4273328952460866,0,0.0,0
30974,41.654670854000045,2,2,3.445798393134095,7,0.9999686044203836,0,0.0,0
30975,34.66125263024087,2,6,16.776624550272473,0,0.7970775434556421,0,0.0,0
30976,61.916330617152255,3,2,10.934834594292333,5,0.9998601711161993,0,0.0,0
30977,43.53619555961911,3,3,18.809832551983394,1,1.000058197270299,0,0.0,0
30978,42.62326409392699,4,3,4.45825629616227,5,0.5805699423234842,0,0.0,0
30979,44.45686621206496,2,4,19.998268523324104,5,0.9999581257021934,0,0.0,0
30980,53.78154904593003,3,3,19.102022934467364,7,0.9998889216051674,0,0.0,0
30981,75.13622359964523,2,6,15.425220447374382,4,1.0803942886548141,0,0.0,0
30982,37.886571100271084,4,3,11.436187965222684,4,0.18489377041993316,0,0.0,0
30983,68.17675896020674,1,3,13.219109618686893,6,0.3158400592538012,0,0.0,0
30984,20.458556883217547,2,6,20.198230676481792,3,0.8351090300738981,0,0.0,0
30985,29.0008497895385,3,4,22.64166009457641,7,0.930070268115186,0,0.0,0
30986,59.615213009172905,1,4,20.00715396232442,5,0.49793359110790625,0,0.0,0
30987,55.40530355468306,3,3,12.49994915334291,1,1.0004384878341939,0,0.0,0
30988,34.62874120959641,1,1,5.856602703426199,2,0.45462313528625314,0,0.0,0
30989,46.41392427701617,2,3,12.317056505226612,4,0.9995756328346481,0,0.0,0
30990,58.8816427840833,2,1,17.9447022685848,7,0.06257930956974689,0,0.0,0
30991,54.211750378790086,2,6,6.927364285388889,1,0.9853951351755879,0,0.0,0
30992,39.16912051582483,4,2,13.079421935072206,7,0.9996525328145616,0,0.0,0
30993,41.697771692469225,5,3,9.687711112181894,5,1.0001334411649065,0,0.0,0
30994,59.12100874195735,2,2,12.375438391329688,2,0.9733762931206829,0,0.0,0
30995,34.39319488121032,4,6,13.269087714811514,7,0.9993571589171397,0,0.0,0
30996,55.27943394029085,0,3,14.936868611295514,3,1.0005548096799068,0,0.0,0
30997,43.8564914123388,2,3,2.5201186912423825,7,1.0004048619206183,0,0.0,0
30998,62.267462064723986,3,6,14.342994262633741,1,0.9406006527543186,0,0.0,0
30999,29.019136365957188,0,7,1.2281092637160498,7,0.0,0,0.0,0
31000,34.035133148680345,1,1,18.761608724772717,6,0.5492807207371603,0,0.0,0
31001,52.38395485524728,3,2,16.519815532764834,3,1.0000355808048806,0,0.0,0
31002,40.375746245249964,3,1,13.135025562814352,4,1.000148477721762,0,0.0,0
31003,76.66811642545055,2,6,6.806083667839033,6,0.3947676021169156,0,0.0,0
31004,46.7350415142294,3,6,11.854810713702454,4,1.0000350249171723,0,0.0,0
31005,56.24080051869076,2,1,8.866906804483811,3,0.959510982026583,0,0.0,0
31006,14.66462747793711,3,1,1.4412758666091126,7,0.3445210959548437,0,0.0,0
31007,39.403941765448884,3,6,14.663400519653235,4,0.048731795980965886,0,0.0,0
31008,29.11761985345381,3,4,11.021892462440787,1,0.9999010760289883,0,0.0,0
31009,47.4136514353023,3,4,8.078221806420922,5,0.04867575574080896,0,0.0,0
31010,62.94087420783444,2,4,20.010414278669078,4,1.0000484782953163,0,0.0,0
31011,68.89996376672052,3,4,11.636872445134577,2,0.22300524279986866,0,0.0,0
31012,32.55806296047359,0,1,0.0,7,0.9994971745614039,0,0.0,0
31013,48.75952632862226,4,3,12.270962158077912,7,0.8052488624434093,0,0.0,0
31014,43.362950390597376,0,6,13.508956905615072,7,0.9998598269075991,0,0.0,0
31015,49.14598720141221,2,3,6.016349607648457,7,0.9251695655498182,0,0.0,0
31016,32.77629335764879,2,6,0.0,7,0.7457078497616241,0,0.0,0
31017,48.63420662249866,4,2,9.158868309748058,7,1.0002054453429592,0,0.0,0
31018,60.23032371883377,2,6,16.257444310192753,7,1.0003255278219043,0,0.0,0
31019,49.92112454895873,4,4,1.1034771431889876,6,0.4878060849377175,0,0.0,0
31020,22.243207660257845,4,1,8.230837635938947,6,0.6796217664333158,0,0.0,0
31021,48.790258735021744,3,1,14.06086321274642,7,0.9588064138241342,0,0.0,0
31022,42.40903483965537,3,5,20.490776895028908,1,1.0474817860246348,0,0.0,0
31023,35.74236269202102,1,1,6.34571550641634,4,0.3701619791547752,0,0.0,0
31024,44.30302005289468,4,1,12.257440024834018,2,0.9999617894596048,0,0.0,0
31025,56.16922205567131,3,2,9.18214044542651,1,0.2566780172374919,0,0.0,0
31026,46.66025523010697,3,6,6.994990985688065,1,0.9568689345658048,0,0.0,0
31027,49.64808863365872,3,5,11.750443316051914,2,0.9998690903133902,0,0.0,0
31028,67.08563865933328,3,3,0.2991570357899178,7,0.9999714843606107,0,0.0,0
31029,31.093321084257134,3,2,5.649624826813484,7,1.0001604668322943,0,0.0,0
31030,38.422221962583784,4,6,19.075583463023193,7,0.9995952380113167,0,0.0,0
31031,28.996053110803487,3,3,20.206135592142104,7,0.9999404929153478,0,0.0,0
31032,39.9852028234995,3,1,10.404949744368736,7,0.9854526659473568,0,0.0,0
31033,69.45078247852426,5,6,16.331133527898857,5,0.8072483614807817,0,0.0,0
31034,32.00041545036062,1,5,8.306352181758374,5,0.16016138471326713,0,0.0,0
31035,35.87427714115498,2,1,14.129729417686994,7,0.4596606282571364,0,0.0,0
31036,83.56225936055183,2,3,9.012448780902169,5,0.5048536641197193,0,0.0,0
31037,23.668122886031217,4,5,0.8529214575375192,1,0.8549074264618165,0,0.0,0
31038,43.31023750823941,5,6,13.939085327252155,7,0.9993333647779238,0,0.0,0
31039,41.83431934536548,2,1,12.738973310977814,2,0.5032798579942233,0,0.0,0
31040,74.74585667156626,3,4,4.413095824122077,7,1.00016857374357,0,0.0,0
31041,34.04808110126703,3,3,14.106553578184084,3,0.9485211301792246,0,0.0,0
31042,76.58114362612785,3,6,19.286351793619332,7,0.9999576711343083,0,0.0,0
31043,25.15810274686591,4,6,13.004148360883033,3,0.6387061059171616,0,0.0,0
31044,38.13879174215184,4,6,0.0,5,0.338330080310963,0,0.0,0
31045,49.05235605387678,3,1,17.835126762746963,7,1.0002104314921196,0,0.0,0
31046,63.36440110166737,4,2,6.674678129250713,1,0.22040674616367745,0,0.0,0
31047,30.22673687392124,1,4,9.439294168191172,4,0.6076078669088617,0,0.0,0
31048,67.07520510469564,3,3,12.688635295025144,1,0.9668160401121582,0,0.0,0
31049,51.97601372696712,4,6,13.538763987301826,3,0.32015042246766734,0,0.0,0
31050,50.72059108734141,5,2,16.757083032012197,3,0.4967116158934508,0,0.0,0
31051,25.024369695573334,4,5,7.562034687064774,1,0.4879385386327988,0,0.0,0
31052,55.36946474677202,2,2,6.944146875272641,1,0.19939539580151583,0,0.0,0
31053,20.944023211088147,2,5,12.154808277535206,2,0.9788844880265544,0,0.0,0
31054,22.71322209041681,4,6,5.86010680216701,2,0.9998976439912501,0,0.0,0
31055,17.970842980854822,4,5,19.992159392986537,1,0.0,0,0.0,0
31056,48.760069792917164,4,6,6.663242902017125,2,0.34015029525363194,0,0.0,0
31057,45.97614213990899,2,1,20.009496152338308,0,0.2639933038358629,0,0.0,0
31058,47.78142542051962,3,4,20.01020273750545,1,0.9278629476745185,0,0.0,0
31059,29.378423195228226,3,1,4.06187602013245,5,0.9488650224573667,0,0.0,0
31060,33.713414033895596,3,3,1.459836093487402,2,0.5062115124218409,0,0.0,0
31061,36.40351798665808,1,4,19.998891316382405,7,0.7916315295067738,0,0.0,0
31062,55.23399193098051,2,5,20.001025329902696,1,1.4775375842688585,0,0.0,0
31063,52.52667043137237,3,4,19.999394688379176,1,0.5079157948066602,0,0.0,0
31064,55.77773597650626,2,3,8.462557363412186,5,0.4998492968959127,0,0.0,0
31065,27.485812063152775,3,1,19.573169040006107,4,0.5411308204731571,0,0.0,0
31066,42.22502450863768,1,1,24.171323518121465,7,1.000572211893853,0,0.0,0
31067,38.370371915778115,4,6,9.047091131811577,3,0.9998272622843869,0,0.0,0
31068,68.85624214006164,5,6,13.481122164972364,2,0.7989862933761706,0,0.0,0
31069,57.31735898676738,3,2,9.803501467269093,1,0.3020907153114557,0,0.0,0
31070,63.663041475385526,1,3,9.42672935447759,6,1.0000211825746756,0,0.0,0
31071,16.14548031076342,3,1,1.5238992349430536,7,0.5201453477924234,0,0.0,0
31072,60.184972522172245,6,3,16.312902698324464,1,0.7837168031200064,0,0.0,0
31073,48.6000923710913,3,6,8.370411748459828,4,0.21869641098628995,0,0.0,0
31074,30.42044136036464,0,2,17.092065823164596,5,0.7843404140026512,0,0.0,0
31075,72.0200751053398,4,4,20.009833465704993,7,1.0001937552902354,0,0.0,0
31076,26.61296653325375,4,2,11.212311935554853,6,0.41639867995264807,0,0.0,0
31077,35.08400584482675,4,5,15.82403366171053,4,1.0006351730528524,0,0.0,0
31078,45.058163103387386,1,3,2.7525297169651264,4,1.0003389879722109,0,0.0,0
31079,48.45780591503314,5,6,6.895604818840123,2,0.45872141444756703,0,0.0,0
31080,37.94283506295291,3,6,0.0,7,1.0001249225370343,0,0.0,0
31081,60.00739446970122,2,3,24.522784231531844,7,0.453201659712117,0,0.0,0
31082,27.90039709115974,4,6,6.827629143301917,3,1.032793958293091,0,0.0,0
31083,29.525370686348715,3,6,4.219758996529197,7,0.5037633833826827,0,0.0,0
31084,46.49046023966697,4,4,20.01006196447215,7,1.0002849441467605,0,0.0,0
31085,33.26081670450146,2,3,17.96135791157053,2,0.8459015047802507,0,0.0,0
31086,41.06233327210272,2,1,20.002397139554425,2,0.2973772513027938,0,0.0,0
31087,25.357088451984175,1,2,9.071929892239627,7,0.24909358566098583,0,0.0,0
31088,52.529442441765,3,3,0.0,7,0.555708572219801,0,0.0,0
31089,43.99337331059447,5,3,8.704648437409812,5,0.4816341220678273,0,0.0,0
31090,68.65177814517384,5,6,13.20607119161477,4,0.5912247815734755,0,0.0,0
31091,34.27872797213802,2,7,8.434610236332652,3,0.3439875870255243,0,0.0,0
31092,57.36999951939691,3,2,15.707181811233172,7,0.9580551096529907,0,0.0,0
31093,49.62219150455553,2,1,15.177420027333568,4,0.9692699921323042,0,0.0,0
31094,40.4934277426287,2,6,13.659746232502414,1,0.586812148663186,0,0.0,0
31095,47.79979473711398,2,2,14.640889185304943,7,1.058071769002696,0,0.0,0
31096,29.144968464010155,1,2,12.919820671126635,5,0.9687697559137691,0,0.0,0
31097,65.3461883397938,2,4,20.00485116370402,3,0.5012250556209974,0,0.0,0
31098,35.66607831722971,5,1,15.365339133953224,1,0.9310984909930348,0,0.0,0
31099,32.07931479802066,3,4,0.0,2,0.5719868732864039,0,0.0,0
31100,44.382786973434804,2,1,20.006598167837325,1,0.0,0,0.0,0
31101,34.18654390798038,6,1,19.990685424415165,2,0.6467840031402967,0,0.0,0
31102,42.96608241940617,2,5,14.191609641146115,6,0.8291580621372281,0,0.0,0
31103,19.249126688849994,3,6,1.4653222999114401,1,0.9252297824816212,0,0.0,0
31104,48.93749802339117,2,2,11.222659574221534,7,0.6590190537075941,0,0.0,0
31105,39.65526682581434,2,2,15.340853989392793,7,1.0000506688993098,0,0.0,0
31106,61.875630386306064,1,3,0.0,7,1.000031048456518,0,0.0,0
31107,37.87486534779569,4,3,6.787318271345865,7,0.6587362466380984,0,0.0,0
31108,23.446827623291334,2,4,25.648447802846775,1,0.7338646916927772,0,0.0,0
31109,32.99038785396121,1,3,12.813902743488061,6,0.6719086539270144,0,0.0,0
31110,52.98622621480874,3,2,15.051386520116825,6,1.0003374453532203,0,0.0,0
31111,35.27479689653648,4,1,5.9332708727472125,3,0.9703530511930295,0,0.0,0
31112,39.682004557935905,3,3,18.409017047225056,3,1.000423904138137,0,0.0,0
31113,46.73501979179084,3,3,20.007031948689487,5,0.758406723524818,0,0.0,0
31114,17.831343990604715,2,1,3.8084317199190325,3,0.2168224590163777,0,0.0,0
31115,48.42860450133592,2,4,2.674197088310722,5,0.767279246507988,0,0.0,0
31116,29.71791460166169,2,3,6.209624327274611,0,0.9995987484860778,0,0.0,0
31117,31.28181864958344,1,1,12.747646399737974,2,1.0001259116359682,0,0.0,0
31118,54.240126840381016,2,4,19.35079792420909,0,1.2156553951033442,0,0.0,0
31119,29.40211226579249,3,3,9.924149489066219,4,0.3078672569551293,0,0.0,0
31120,55.49194013779663,2,5,21.175206921079262,3,0.9729996964525156,0,0.0,0
31121,41.00335351059446,3,1,13.758946863068765,3,0.9648387498677738,0,0.0,0
31122,26.747356538911895,3,1,19.192396937292244,2,0.8191440713900242,0,0.0,0
31123,47.425651826333194,3,1,3.9857112782390773,4,0.4480970346675791,0,0.0,0
31124,51.947778893363406,5,1,5.259235510508984,7,0.6166248797932998,0,0.0,0
31125,58.329792637044484,2,5,6.299977616425117,7,0.9411001888044823,0,0.0,0
31126,26.96291751999596,3,1,16.05755987716408,8,1.0241897364966137,1,19618.12249871787,1
31127,25.711811050300728,4,6,13.98885603861309,1,1.038159800985894,0,0.0,0
31128,27.475352990149094,2,6,11.708543757517075,4,0.9993063676366085,0,0.0,0
31129,30.806669035824196,3,3,14.331006797449874,7,0.9996360836688971,0,0.0,0
31130,40.12881067644647,2,6,16.38261686116098,0,0.7027053114705513,0,0.0,0
31131,39.92847764427168,4,4,5.012396880806059,7,1.0001111132669664,0,0.0,0
31132,31.841041831002038,4,6,14.569402223805318,6,1.1599549768147748,0,0.0,0
31133,49.853913470777236,3,5,18.106657666867978,2,0.9998505727817082,0,0.0,0
31134,55.198187674922856,4,5,19.996023045393475,1,1.0004467475686125,0,0.0,0
31135,23.608639913539378,1,3,13.038803516809315,4,1.0004684756622226,0,0.0,0
31136,56.72515946859134,2,1,5.80382016937257,7,0.5370588639290762,0,0.0,0
31137,38.72562707745585,4,3,5.2131288650387635,3,0.506707852184668,0,0.0,0
31138,19.6472361564147,1,1,10.536247494389173,7,0.9992930563820819,0,0.0,0
31139,26.88513642324307,1,3,16.31842676760695,2,0.358331118190583,0,0.0,0
31140,32.61907592821844,0,6,0.3893275487644736,7,0.46811062207781884,0,0.0,0
31141,35.038964418721456,4,5,14.601175839653967,2,0.9997737745575576,0,0.0,0
31142,52.2504791894173,4,3,13.449457993639466,7,1.000003635007298,0,0.0,0
31143,44.386031709681575,2,4,20.000554321819976,7,1.0001296527612804,0,0.0,0
31144,29.165517683057168,2,3,7.610179282454903,1,0.6534397429869601,0,0.0,0
31145,14.587401234570368,4,3,13.891619723365613,4,0.6149585414057089,0,0.0,0
31146,37.08951899169135,4,1,14.151503810785607,1,0.2354833322801524,0,0.0,0
31147,55.18846989359652,3,2,5.852874711420538,2,0.35250936743966366,0,0.0,0
31148,36.11340940078685,5,3,11.778890277388282,2,1.0002641452598369,0,0.0,0
31149,43.091442307493615,2,3,18.557343547742107,2,1.0005759855049314,0,0.0,0
31150,57.665826696447276,3,4,20.011311125577436,1,0.9993983611482526,0,0.0,0
31151,41.50468346378314,3,6,9.857218868559526,7,0.1941630338506919,0,0.0,0
31152,9.399078014032064,3,3,5.961407032887129,2,0.139286773690385,0,0.0,0
31153,61.421106454572886,3,5,8.554399872363682,7,0.9327893465328067,0,0.0,0
31154,27.145401391290353,2,2,11.253021432470819,4,0.3559532419600874,0,0.0,0
31155,58.50183036552437,3,5,13.170552552662372,1,0.49906572496293333,0,0.0,0
31156,40.87874738441821,3,3,9.044625845548897,4,1.0000661849089298,0,0.0,0
31157,30.37701720642867,2,2,14.228748337766003,1,0.9999571657203887,0,0.0,0
31158,31.215609727132716,3,1,20.003704166983532,3,0.5842846042459047,0,0.0,0
31159,23.485226915182672,3,5,7.742295633589915,3,0.36062120049618634,0,0.0,0
31160,61.84580726099321,1,5,5.840828365143616,7,0.9448722221330079,0,0.0,0
31161,32.6102998056121,2,3,4.16051564930645,7,0.3058091512093858,0,0.0,0
31162,39.681897659117375,1,2,11.455719788813212,4,0.35312606363078475,0,0.0,0
31163,73.27968839132416,2,6,0.19016208226621956,4,0.0,0,0.0,0
31164,54.38992305387315,3,3,12.77716161453721,4,0.6516554186229729,0,0.0,0
31165,44.09394404861306,3,1,10.830670761588829,7,1.000045279717075,0,0.0,0
31166,36.64888103341936,2,2,9.185771755743566,7,0.9999298345670895,0,0.0,0
31167,51.00329868247009,3,1,0.0,7,0.999897165259078,0,0.0,0
31168,29.126665522533123,3,1,9.212074006509962,1,0.012500552789196373,0,0.0,0
31169,29.74139988466304,2,2,5.060059830599727,2,0.4389737847573832,1,7383.446539529261,1
31170,22.14923000527177,4,2,11.235923528885058,1,1.0002075260627776,0,0.0,0
31171,39.053666455404105,4,2,3.592405288269095,7,0.3017928308941742,0,0.0,0
31172,58.053055300850524,3,1,17.08769999658522,7,0.9647616986678352,0,0.0,0
31173,50.340638773318524,2,3,18.87553773456185,1,1.0002549530033553,0,0.0,0
31174,53.95988230749674,4,6,0.9986704913018087,7,1.0002409112042574,0,0.0,0
31175,38.84713861096925,3,1,5.101163855774199,2,0.6109331226170857,0,0.0,0
31176,37.27617811909212,7,3,6.481886033187621,4,0.953249197607135,0,0.0,0
31177,31.515188941744512,1,6,9.443139018778709,6,0.6098870406385152,0,0.0,0
31178,55.4274327457376,3,2,19.839667824049656,2,1.0002698025764762,0,0.0,0
31179,32.71221585338838,3,4,14.300198176833218,1,0.9999928031726737,0,0.0,0
31180,44.61584166121076,4,5,2.6812124458590585,4,0.4954443752013078,0,0.0,0
31181,34.15222532679222,1,3,6.472660602334525,2,0.1897334754955366,0,0.0,0
31182,53.18550610287847,1,6,11.12350899243095,1,0.5946441682977117,0,0.0,0
31183,52.84699458345116,3,4,19.99927272226804,4,0.9991624254452949,0,0.0,0
31184,44.885821749138294,5,3,0.0,5,0.7310454834675383,0,0.0,0
31185,40.75479142592512,2,2,10.387558227616372,7,0.9998872646917388,0,0.0,0
31186,36.042199004687205,4,3,7.014493334366268,7,0.9995934975091824,0,0.0,0
31187,63.115356647631685,2,3,13.325158909426124,3,0.49680039227236117,0,0.0,0
31188,66.7540682253123,4,3,9.447472425001871,7,1.00045579337679,0,0.0,0
31189,36.45539119600059,1,4,5.043673361928568,4,0.4419641940265997,0,0.0,0
31190,49.317828609073835,3,2,15.698534683620426,1,0.9999731052187896,0,0.0,0
31191,33.78208027005808,1,1,20.00509901635091,3,0.4306761079679972,0,0.0,0
31192,40.3080215510535,3,6,12.930055686677894,4,0.9997715990139435,0,0.0,0
31193,36.46087861003607,5,3,17.28795880465738,3,0.268838596869155,0,0.0,0
31194,53.60943574235262,4,3,7.193616039337941,5,0.6007961959209714,0,0.0,0
31195,29.843755843714902,4,5,16.11529819650212,1,0.691980088401073,0,0.0,0
31196,41.17871715683102,3,1,16.789326313816748,2,0.2468839220926698,0,0.0,0
31197,40.650028609844725,3,4,19.997869727025083,1,0.8344907106251391,0,0.0,0
31198,46.85327564064503,1,1,8.80440612994494,6,0.8790278068141177,0,0.0,0
31199,49.07599690377401,3,1,9.737243396796845,1,0.1874622971425891,0,0.0,0
31200,23.886656370855107,4,2,17.805306600025663,3,1.008225514584372,0,0.0,0
31201,46.70893570988614,2,3,2.4191516372598745,7,1.0000884211676777,0,0.0,0
31202,21.946240616035514,2,3,11.73129924336422,1,0.8213084941642601,0,0.0,0
31203,50.29735993786981,4,6,19.014675614619925,7,0.9995530158927644,0,0.0,0
31204,35.76405832031051,2,1,11.437707415396135,3,1.0002833738033339,0,0.0,0
31205,55.93887004602632,4,4,6.482804115818288,7,0.9993825691621989,0,0.0,0
31206,53.73360872467191,6,1,11.60919220110325,7,0.9895793443542289,0,0.0,0
31207,45.79586222030115,1,1,19.997455521757168,4,0.4095548324613559,0,0.0,0
31208,27.256386510889314,4,6,19.012427476713835,6,0.3664946374953409,0,0.0,0
31209,40.98079817008676,3,3,9.062106699051764,2,0.3290012436016886,0,0.0,0
31210,40.43328997518772,2,3,0.0,2,1.0002132759321771,0,0.0,0
31211,69.25685095827083,2,6,18.024581198092747,7,0.4192070948023377,0,0.0,0
31212,26.12915956276029,1,4,5.8959827241416365,4,0.29576360431824594,0,0.0,0
31213,47.68132549767405,7,6,14.895211620235074,1,0.17593779814565358,0,0.0,0
31214,54.271920401365655,3,1,2.1239171654857003,7,0.8053195087912307,0,0.0,0
31215,30.776146343130005,1,6,7.147446472722862,5,0.6315580632246874,0,0.0,0
31216,30.28403071878056,3,6,7.178257085090764,5,0.6964021134774302,0,0.0,0
31217,11.909747010775451,2,1,1.4709788792306728,6,0.5562672630391424,0,0.0,0
31218,46.44261088094546,3,5,16.714424647836694,7,0.5493253605027111,0,0.0,0
31219,27.39151818355819,2,6,9.587090609124376,3,0.010096682936091339,0,0.0,0
31220,29.62457160576021,3,5,4.198218782354106,1,0.9066089620068825,0,0.0,0
31221,35.18842643442589,4,5,2.3056939076784317,5,0.501714224623924,0,0.0,0
31222,60.69644080090542,2,1,5.145234624610306,4,0.5002444307563316,0,0.0,0
31223,47.0810564644946,2,3,6.036362371055858,7,0.9993026365204244,0,0.0,0
31224,20.06698304048858,3,6,16.379390265627986,3,1.00026725241321,0,0.0,0
31225,41.5040609014108,4,3,4.1931878652236625,6,0.6594910713134581,0,0.0,0
31226,62.65761934253739,3,2,20.022335796433758,7,0.9997041528473969,0,0.0,0
31227,44.69532111578252,3,3,22.10156856605336,7,0.9992061905338592,0,0.0,0
31228,44.79445160250041,4,1,7.414654356907503,5,0.7200260164715707,0,0.0,0
31229,40.99883289851679,2,3,6.332980636606365,4,0.5049435331035615,0,0.0,0
31230,53.619824691814905,3,1,11.91337087735321,4,0.5045768665871526,0,0.0,0
31231,55.47605606646921,2,1,1.7859900997648808,2,0.30349552472202007,0,0.0,0
31232,47.2558843284747,2,6,5.623839552075425,7,0.9998165810765325,0,0.0,0
31233,17.09606873093608,5,3,10.410822088484444,3,0.6896024795718392,0,0.0,0
31234,46.33209081074315,1,3,0.0,3,0.5145612971601663,0,0.0,0
31235,20.956381503667572,2,6,9.203150055702194,2,0.8148290108920317,0,0.0,0
31236,34.80973322802937,4,2,14.286127633606284,1,0.04774592107771347,0,0.0,0
31237,37.294125983793904,3,2,9.587557650191936,5,0.7777759234162004,0,0.0,0
31238,49.26823231542634,1,3,15.188052148153496,4,0.49427701667413027,0,0.0,0
31239,37.49973994694719,3,2,7.663326886365841,4,0.9995065179476309,0,0.0,0
31240,56.04767715896542,1,5,4.673114123259803,4,0.0,0,0.0,0
31241,31.008348858736703,4,5,0.0,6,0.00020831707083757145,1,31895.75711057057,1
31242,13.404980772566415,1,5,16.56275962345345,3,0.0,0,0.0,0
31243,48.63951006229774,4,3,1.6759830960039395,7,1.0000382255353342,0,0.0,0
31244,50.54136874996726,4,2,5.595779111526939,7,1.0003316848952022,0,0.0,0
31245,58.35041714860276,3,3,7.768362078404015,2,0.46423197198686095,0,0.0,0
31246,49.56560523826022,3,2,22.183357675824723,6,0.9994097099909565,0,0.0,0
31247,24.51048330731262,2,1,10.670936452639719,7,0.5861969744071095,0,0.0,0
31248,28.6826699003602,4,2,9.334168411035195,6,0.20278009700653338,0,0.0,0
31249,26.885990859028727,6,3,0.0,1,0.5053441597318787,0,0.0,0
31250,52.79764248579505,4,4,19.987958969240808,7,1.0001639875348887,0,0.0,0
31251,31.33501361537127,2,5,11.526518524273548,1,0.7116871052582493,0,0.0,0
31252,45.417642362102356,5,5,12.459465574243493,1,0.3470477728722217,0,0.0,0
31253,39.47633057561813,3,4,11.862752231937344,1,1.0002237208365594,0,0.0,0
31254,48.32363794908681,3,2,11.284651605038368,7,0.9998297499128848,0,0.0,0
31255,30.527971733081095,2,3,9.058388412151007,0,0.40092544235449656,0,0.0,0
31256,33.44554479139313,4,5,6.935287951347244,1,0.6620126015984773,0,0.0,0
31257,17.87451333298513,2,3,5.311444742612876,3,0.5731621839388593,0,0.0,0
31258,48.05653092804169,4,6,12.879555192289795,1,0.207434703745626,0,0.0,0
31259,48.146739107166965,3,1,6.113190077788717,2,0.5005539596292214,0,0.0,0
31260,34.35868168395734,3,6,16.082307570328627,7,0.9565024595342728,0,0.0,0
31261,42.46624113753152,3,1,5.995145315827721,7,1.000350825572922,0,0.0,0
31262,62.7246415923543,1,3,0.8375264945570713,7,0.0,0,0.0,0
31263,39.74686994650124,1,4,11.234382119538822,1,0.0005522286117993769,0,0.0,0
31264,36.311080604805944,1,5,22.490813417524684,1,0.008255985243649011,0,0.0,0
31265,32.30116096671583,0,1,5.468695524880182,3,0.3129749886030165,0,0.0,0
31266,49.29939053349845,1,4,15.919443033685376,1,0.9623105626105529,0,0.0,0
31267,26.46801477716906,3,2,9.276209970063237,5,0.7925210914930534,0,0.0,0
31268,20.79862385122306,2,1,1.6742693865627292,5,0.37935857645531246,0,0.0,0
31269,41.79658214321011,2,2,9.581582035718126,7,1.000197190200499,1,608.7506440212711,1
31270,28.072024488354238,3,2,17.319111980370902,4,0.5228059084372855,0,0.0,0
31271,51.41744725832605,2,5,15.794130329237593,4,0.9794179905882672,0,0.0,0
31272,47.18621991468729,1,4,10.845569810658755,0,0.42148530188052336,0,0.0,0
31273,48.13219183366068,3,3,15.534416488439307,7,0.9999845323357626,0,0.0,0
31274,39.078588207212505,3,3,14.742613792783628,2,0.5023802608062184,0,0.0,0
31275,50.594585966814165,0,1,3.1657169573367385,7,1.00022723514172,0,0.0,0
31276,59.04581158249434,2,1,3.1983628448402017,7,0.9998140348650237,0,0.0,0
31277,30.646539930296,1,3,9.794208296027588,2,0.14399163619867072,0,0.0,0
31278,69.63126362150385,5,3,15.948367128049542,2,0.9711520328044342,0,0.0,0
31279,52.36900614879545,5,2,17.11474164763305,2,0.39019385203640644,0,0.0,0
31280,56.220440240325786,1,2,16.064257919564874,7,0.999521588757465,0,0.0,0
31281,42.28088700712449,3,3,10.765654654284683,7,0.896765457576499,0,0.0,0
31282,32.6673850206179,2,6,13.336454420882813,5,0.49077325046364134,0,0.0,0
31283,40.95384578997536,3,2,8.380974581798624,5,0.9996370655875348,0,0.0,0
31284,38.67271800248057,2,3,5.2535005379948405,3,0.29751808873647473,0,0.0,0
31285,64.29284518803011,2,6,14.622304280551571,4,1.014586599653922,0,0.0,0
31286,59.90787016209085,2,3,14.515666483104312,3,0.4981721304572012,0,0.0,0
31287,26.45089801298399,4,6,13.338936575788349,3,0.6451893989390188,0,0.0,0
31288,41.65841051721226,0,6,15.073257535408343,7,0.0900159697812567,0,0.0,0
31289,33.92965757859073,4,6,11.142979636969896,3,0.9997574861183727,0,0.0,0
31290,28.302420565884255,3,1,13.60497836677975,3,0.0,0,0.0,0
31291,49.867942392375085,3,3,10.434668492679743,2,0.9998709054028627,0,0.0,0
31292,39.02487568983321,3,1,6.455043647993623,4,0.5975515123277014,0,0.0,0
31293,45.48256633866801,3,2,17.778967949052124,5,0.9998250526660177,0,0.0,0
31294,60.178889365625245,2,2,8.60221346676201,2,0.31956457075384226,0,0.0,0
31295,49.70691326616726,4,1,13.97201915631214,2,0.5839955875373001,0,0.0,0
31296,51.007555111388406,2,1,9.093578062568252,7,0.9994253398494737,0,0.0,0
31297,43.68652812519499,2,3,0.0,2,0.4081243342635978,0,0.0,0
31298,48.085659576751816,4,6,9.204969643447193,6,1.1241939499445568,0,0.0,0
31299,31.562144784087515,4,3,6.619234032798679,7,0.49326698291231175,0,0.0,0
31300,69.45453254107517,5,4,20.004237362526773,7,0.6836587571535439,0,0.0,0
31301,51.775534087082285,2,1,0.0,7,0.9822659808922825,0,0.0,0
31302,19.825747976733663,2,3,6.637548569646732,4,0.5983596793794345,0,0.0,0
31303,32.490840851739904,4,3,9.976601018407683,3,0.49929075171204274,0,0.0,0
31304,60.47196775533099,2,3,5.523821651270853,7,1.0000036940576524,0,0.0,0
31305,51.50930089196551,6,1,5.125457946396683,7,0.9999133210956631,0,0.0,0
31306,34.75258784371998,3,1,20.701660642501388,4,1.0001400139909746,0,0.0,0
31307,58.473875601703554,2,3,0.04087145499441469,2,0.9999626791522584,0,0.0,0
31308,32.40097082197651,4,2,3.6365113223219847,7,1.0001318800706895,0,0.0,0
31309,41.812478638683075,3,3,22.748564393102534,1,0.5442614851936624,0,0.0,0
31310,52.1978079547376,4,1,13.374700750471447,7,1.0004287554807512,0,0.0,0
31311,79.62532485752833,2,5,5.742234698449055,5,0.4983719731151811,0,0.0,0
31312,24.918791662262088,2,2,7.7914568682739205,1,0.9856732820406773,0,0.0,0
31313,25.533627375489075,4,1,7.6054159828061945,1,0.45868610938262455,0,0.0,0
31314,40.29026179225722,4,1,16.576133278268586,7,0.9754283169357085,0,0.0,0
31315,33.905917926875205,2,5,12.704036763701358,2,0.9375201837548621,0,0.0,0
31316,33.77078937191736,4,2,10.22944849858639,7,0.9999571104130771,0,0.0,0
31317,23.731953188603256,4,2,0.0,1,0.5152029641933344,0,0.0,0
31318,31.325639495098493,3,4,19.990391014897774,5,0.49457425287132634,0,0.0,0
31319,47.29941568575073,3,2,10.28996672536536,5,0.40061464164191757,0,0.0,0
31320,42.03052787455158,3,1,7.02033277044908,7,1.0003375713003146,0,0.0,0
31321,43.656579230602766,2,4,19.994330635516793,7,1.0002611648234683,0,0.0,0
31322,36.06547594097407,2,2,7.469677006771086,7,1.0001195436520782,0,0.0,0
31323,49.99994436549847,2,4,17.839224384017346,4,0.4603472494215436,0,0.0,0
31324,31.243958019490364,4,5,16.834149639757644,1,0.0,0,0.0,0
31325,53.47696520922585,3,6,19.77277388409709,4,1.0000449433054266,0,0.0,0
31326,55.69318449558561,4,2,17.08969550403247,7,0.4204489639396777,0,0.0,0
31327,55.22791628544991,2,1,7.468880944294774,3,0.5022877667670543,0,0.0,0
31328,71.65578878645944,2,3,8.377166292503379,5,0.4972220138241268,0,0.0,0
31329,47.46037635452067,1,3,5.568058275369201,6,0.6815586801313482,0,0.0,0
31330,29.46545515541453,4,2,6.682560490844816,5,0.12876290335520024,0,0.0,0
31331,37.75995031313564,4,3,9.33124728321646,7,0.9999180459842012,0,0.0,0
31332,56.7720166703412,2,3,11.412003583647017,2,0.9996212257310841,0,0.0,0
31333,52.77998276611296,3,1,2.213512439011865,7,1.00068056239013,0,0.0,0
31334,22.654079010337732,2,6,9.28478535722656,1,0.9079977368186627,0,0.0,0
31335,50.055756575678124,2,2,5.138875791836282,1,0.1838445789591091,0,0.0,0
31336,46.937290139480595,3,1,4.9748235988510645,7,0.9996421115589719,0,0.0,0
31337,26.975859731301192,4,3,10.77442620317467,3,0.28759036415921296,0,0.0,0
31338,29.493123529500476,3,1,3.3673850009623827,1,0.5353650815600497,0,0.0,0
31339,45.857513607730255,3,2,14.816501674754747,1,0.16429710843334044,0,0.0,0
31340,65.51675232268256,4,1,19.997377487780554,1,0.24943205757194314,0,0.0,0
31341,59.27340347207556,3,3,7.790873100551066,5,1.0003790429919952,0,0.0,0
31342,57.40648614569175,1,4,2.2099914097976576,7,0.645808003004009,0,0.0,0
31343,66.96067817255226,3,3,7.6724906061591085,7,1.0002406172761922,0,0.0,0
31344,48.186323110066084,4,3,11.514180081410464,2,1.0001974551328856,0,0.0,0
31345,39.20019068503728,3,1,2.2409097680519547,7,1.0003196946037556,0,0.0,0
31346,55.66696906812206,3,1,20.628458556202354,7,1.000588800378881,0,0.0,0
31347,37.8211564143574,4,4,20.000013749339885,1,1.000288858115175,0,0.0,0
31348,50.288740955518804,3,7,9.541083147533124,6,0.6416110331426297,0,0.0,0
31349,55.75698935074253,1,3,19.155152432685895,7,0.7741709778631322,0,0.0,0
31350,35.006141913734105,4,1,14.099955645696298,4,0.368784314563663,0,0.0,0
31351,56.57209430520123,1,2,3.755517279047613,2,0.7146276735742503,0,0.0,0
31352,31.502063399856944,4,3,16.15203688217664,3,0.9998532881931841,0,0.0,0
31353,49.49660083308667,3,3,13.301257660087774,2,0.6812104450883831,0,0.0,0
31354,33.716747609544456,3,2,18.936759029649565,7,0.9996188634242922,0,0.0,0
31355,70.26801195285746,3,4,2.275352720164566,1,0.26286964671548013,0,0.0,0
31356,30.816545310705287,2,2,8.213629527837126,6,0.00903152628693249,0,0.0,0
31357,42.21442003987815,3,1,10.669681921131806,7,0.9426558349198856,0,0.0,0
31358,47.067240805335864,5,2,6.496493333071038,7,0.5184658268401938,0,0.0,0
31359,34.670808721094694,3,3,5.431298232128866,5,0.931024041620889,0,0.0,0
31360,48.966326811210656,5,1,14.23084659234902,3,0.677510335301268,0,0.0,0
31361,24.459786145438773,1,3,3.3138146746494703,4,0.9666771220795936,0,0.0,0
31362,34.03097815486055,2,6,9.791241545003222,5,0.9999966037939866,0,0.0,0
31363,69.02071618253603,4,1,2.1434218463447987,4,0.8944815307256448,0,0.0,0
31364,35.57600898238024,2,4,5.1839103301195175,6,0.11994798707173682,0,0.0,0
31365,36.56257951035639,2,6,13.19289527731702,4,0.1417739441279493,0,0.0,0
31366,48.42898765264434,4,2,10.221878688472493,2,0.0031474044066774898,0,0.0,0
31367,34.16753789363918,2,3,20.00160298724297,1,1.0002824765537155,0,0.0,0
31368,41.475087424318936,3,1,12.70045319614364,7,1.0001771124844938,0,0.0,0
31369,55.36543148938928,3,1,16.36789879498115,7,0.513443084448793,0,0.0,0
31370,23.45431441761876,3,5,19.833362590688346,2,0.24807718344559587,0,0.0,0
31371,57.97315240529981,2,3,10.751191684912643,7,0.9732139287853506,0,0.0,0
31372,42.700139633749856,3,6,13.369448712339837,7,0.9999417950489422,0,0.0,0
31373,46.935663182591185,2,6,0.0,2,0.44395215536751187,0,0.0,0
31374,38.58514148721718,4,3,10.893773629325413,7,0.2552473562308474,0,0.0,0
31375,54.04939040742329,4,1,12.01164504395732,2,0.6846104777948386,0,0.0,0
31376,49.17737366212234,5,4,15.992814693326821,7,1.0002000690063046,0,0.0,0
31377,25.933297876769743,2,6,1.315437481549571,4,0.5393671021446527,0,0.0,0
31378,44.99501103903233,5,1,5.184438567408312,7,1.0003764701152371,0,0.0,0
31379,18.83275806712072,4,3,4.024359478584296,4,0.3098412788953105,0,0.0,0
31380,39.17293502393488,2,3,12.837741426288014,0,0.6666617708551754,0,0.0,0
31381,40.83419112276142,3,3,17.030005963381633,5,1.0000147663556302,0,0.0,0
31382,36.33374434519565,4,3,11.897094621659782,2,0.9997095750642602,0,0.0,0
31383,77.58088625218255,3,6,15.802300210301398,7,1.0006613047580553,0,0.0,0
31384,64.3846445698007,2,3,17.47135974092504,7,1.0005123178605457,0,0.0,0
31385,38.31598054447704,3,1,17.79030617619774,1,0.283442720437971,0,0.0,0
31386,39.137559348996,2,3,10.864780604313786,7,1.0002345611450516,0,0.0,0
31387,55.71211692143386,3,6,9.44865997619723,1,1.0003258990582233,0,0.0,0
31388,51.26213156277686,3,6,20.518755720118385,7,0.5061263967265903,0,0.0,0
31389,35.047050274544475,3,4,14.543049798344722,3,0.0,0,0.0,0
31390,26.033195908274106,2,2,12.20023372697438,1,0.9310807692438146,0,0.0,0
31391,48.46958099731065,3,4,7.846167143748126,7,0.6461796511080338,0,0.0,0
31392,26.310426103292908,3,4,20.001750598406012,7,0.42583758372858616,0,0.0,0
31393,65.8409702081324,3,3,19.99442325014825,6,1.0849115010233326,0,0.0,0
31394,39.609302650387356,6,3,3.823305219631795,1,0.06677377331816248,0,0.0,0
31395,38.28402904512958,3,3,20.011490598471738,4,0.49853582301413407,0,0.0,0
31396,22.28630108345085,3,4,7.9176840702519975,4,0.9999616024876457,0,0.0,0
31397,26.056280099105866,3,6,5.415425138040016,2,0.44802946858716697,0,0.0,0
31398,68.65356288972042,3,1,12.107752955749165,7,1.0000209360419432,0,0.0,0
31399,44.56897661140009,1,4,8.627528789764733,1,0.9791167603053306,0,0.0,0
31400,42.1676646340816,2,1,0.0,2,0.9997674109958511,0,0.0,0
31401,4.471279566100748,2,4,15.730579611018893,6,0.5608781520352502,0,0.0,0
31402,70.30767164022765,1,6,11.268902425562818,7,0.302505568399038,0,0.0,0
31403,41.561093280870004,3,6,23.379902690644663,4,0.9387701275581066,0,0.0,0
31404,31.490775266167283,3,3,9.703218503812678,1,0.9785108173573069,0,0.0,0
31405,38.312553952107876,3,1,4.709262081453275,4,0.190947791882164,0,0.0,0
31406,39.79585336886503,3,2,20.139504515005818,3,0.30447771478188035,0,0.0,0
31407,49.944959769008975,1,3,6.5842024249047215,3,0.9995084841403925,0,0.0,0
31408,32.0805207991538,4,2,16.7801767924967,5,0.36711693419654323,0,0.0,0
31409,63.418569119869574,3,4,20.001994773792596,7,1.0006327329477753,0,0.0,0
31410,21.628109517448106,5,6,11.224078622904578,3,0.7901307789540349,0,0.0,0
31411,37.4215217356187,0,3,0.0,7,1.0003467635683259,0,0.0,0
31412,52.092808446069995,3,4,13.438121558366607,1,0.9988837031129995,0,0.0,0
31413,65.75711393729352,4,6,12.63623571827783,7,0.743465889008633,0,0.0,0
31414,54.820296582986174,4,2,11.058970257628786,7,0.6237468974420378,0,0.0,0
31415,66.36964069881063,3,6,17.42667984804091,7,0.9994247857235263,0,0.0,0
31416,59.58712149043605,3,6,13.390865780399828,3,0.655451561716607,0,0.0,0
31417,22.7338258024838,2,2,6.987383737265528,4,0.18965574789532452,0,0.0,0
31418,27.871567455277074,3,2,11.096976763587662,2,0.351135378021982,0,0.0,0
31419,56.79321362306716,3,6,4.390491414199752,7,1.0004777598562895,0,0.0,0
31420,66.24019411499944,5,4,20.01307713734638,2,0.9998134939144931,0,0.0,0
31421,25.25653203937665,5,2,8.722572286058753,4,0.8838034911813197,0,0.0,0
31422,38.34812172218572,4,6,17.1265118964435,7,0.6679487457916571,0,0.0,0
31423,41.63718602582427,4,5,3.9343494457002857,7,0.4230578743775656,0,0.0,0
31424,39.77828064499704,4,1,17.150459912029135,2,0.9193305141702891,0,0.0,0
31425,39.75458431622829,3,3,2.069076853001846,4,0.9994290435818272,0,0.0,0
31426,39.53762101140952,2,6,14.862930862860992,3,1.0002327454036313,0,0.0,0
31427,27.01439279118167,1,2,7.423944804680007,5,0.7351738132329514,1,43059.369384038495,1
31428,53.25327108944511,3,1,19.991805955610907,2,0.39952509837972433,0,0.0,0
31429,49.40773649515551,4,4,11.923343837420054,7,1.0005129451396586,0,0.0,0
31430,45.7171656753296,3,2,15.028938682964602,1,0.999233785806754,0,0.0,0
31431,38.852708605388905,3,6,14.696023423812974,7,0.8943107096146606,0,0.0,0
31432,39.045058240490874,4,2,7.770647772921206,7,0.9998778658289637,0,0.0,0
31433,34.95814639082944,3,2,14.1131651406225,7,0.03623504072276873,0,0.0,0
31434,32.70098074491445,5,1,18.493726025688765,3,0.940651816554857,0,0.0,0
31435,38.267409533193906,3,6,14.447705798624897,6,1.5150907981609698,0,0.0,0
31436,44.02632606973609,4,1,19.989205196811156,2,0.9368243553634912,0,0.0,0
31437,25.168843336910435,4,5,15.818101545739161,2,0.9549867742721238,0,0.0,0
31438,33.061105762131895,2,1,9.01479738116457,3,0.3872018949937878,0,0.0,0
31439,59.91888955101923,2,3,6.319223425610996,2,0.5320222297957465,0,0.0,0
31440,36.527254109147265,1,1,14.111152803698982,2,0.4371160822269041,0,0.0,0
31441,32.57547755952551,4,6,1.118692292498972,0,0.4444302837094928,1,120971.62109950831,1
31442,35.69029103323578,4,4,19.995350507207093,1,1.0006249252711705,0,0.0,0
31443,68.04288668421148,5,3,8.413546120788398,3,0.9995297224866262,0,0.0,0
31444,46.073962242371636,3,3,17.8926616552766,1,0.7280125491123876,0,0.0,0
31445,34.89231262950376,2,5,19.411355635580808,3,1.0009204231632616,0,0.0,0
31446,35.09955906070423,2,5,1.728032702567269,7,0.9441684364397758,0,0.0,0
31447,21.23165354500649,3,2,8.793648293646896,7,0.7288192774919289,0,0.0,0
31448,52.013638743921426,2,0,20.00911786116402,7,0.9253751663864496,0,0.0,0
31449,45.64584908518419,3,3,15.925897364270043,4,0.9999447836019745,0,0.0,0
31450,48.58763071088417,4,7,2.904333834034997,1,0.3290631394691611,0,0.0,0
31451,43.086089259748405,1,5,0.01902337362605344,2,0.41146401877698036,0,0.0,0
31452,37.38919811143073,0,2,3.691947086442336,7,0.6580271820989986,0,0.0,0
31453,46.51079821893617,4,3,5.402363381160477,7,1.0000281936571955,0,0.0,0
31454,31.9646291075289,4,3,3.8321013741768724,6,0.517215825268496,0,0.0,0
31455,49.489564440959974,3,3,2.8819006666124327,3,0.6682513074501109,0,0.0,0
31456,16.972333220404007,3,4,8.168382801029436,1,0.9993643214330286,0,0.0,0
31457,60.486173277723154,4,3,9.105042692813882,7,1.0005219590490473,0,0.0,0
31458,44.00459061233333,3,4,19.99807106914386,3,0.4029324008675784,1,53006.91896674927,1
31459,47.129095395719375,2,3,13.445939172298592,4,0.24399229197259414,0,0.0,0
31460,38.723433220983615,3,1,20.0062295937458,1,0.4159758235856116,0,0.0,0
31461,36.81691194993764,3,1,13.622462369338987,3,0.4958014416025636,0,0.0,0
31462,34.129453551282516,3,1,19.616071469972624,1,0.4968439913401435,0,0.0,0
31463,36.9039359472293,2,6,2.62342006144673,6,0.7979535297704633,0,0.0,0
31464,37.697868787735175,3,4,20.004009341996213,1,0.45703181207673527,0,0.0,0
31465,49.72280740936885,4,3,13.662437494072552,7,0.9995958145828864,0,0.0,0
31466,33.58387783863592,3,3,20.002510968995814,4,0.4986567868177018,0,0.0,0
31467,42.88633065624045,5,1,10.77917883842468,7,0.9375691672651969,0,0.0,0
31468,49.1128335952664,1,3,11.380422083330346,7,0.9999938596765628,0,0.0,0
31469,38.821036729948524,3,2,21.183524579451976,5,1.0002416726983716,0,0.0,0
31470,39.61785355587317,3,5,10.075617071940739,5,0.9901770657814842,0,0.0,0
31471,49.10731957659516,3,2,8.418088571146116,3,0.6309761395927429,0,0.0,0
31472,59.687913131655776,2,1,10.743914563147973,4,0.3757817967819344,0,0.0,0
31473,61.50408421334281,3,1,14.539468786472035,4,0.6098563096407001,0,0.0,0
31474,52.29639753142577,2,3,1.808905859483799,4,0.49497850656585335,0,0.0,0
31475,18.582161310814175,2,3,7.140910883902582,7,0.39778988644191277,0,0.0,0
31476,34.51263779296996,4,6,19.149652299793377,1,1.0078791650688281,0,0.0,0
31477,37.80720347067746,4,1,5.368319238733759,7,0.9996550077337263,0,0.0,0
31478,29.301225725681878,2,1,11.631438722084615,2,0.9994505444131573,0,0.0,0
31479,36.24673030171457,3,3,13.351773111503018,1,0.9588171252113775,0,0.0,0
31480,23.80800114221188,3,3,7.417837609173459,4,0.954636425691326,0,0.0,0
31481,31.884520097544865,3,1,6.345518531105953,7,0.9997263584364509,0,0.0,0
31482,51.778519462217275,3,3,11.294746910234355,5,1.000092571964188,0,0.0,0
31483,45.77143458300786,1,2,9.833245827094691,5,1.0248124316398577,0,0.0,0
31484,56.82072503185552,5,1,20.00506638258874,9,0.7122169008833942,0,0.0,0
31485,40.61207819384962,2,3,12.412292375715364,2,0.0,0,0.0,0
31486,33.81753665006233,4,3,5.200235293610027,7,1.000092051489429,0,0.0,0
31487,58.483856204256774,3,2,15.237944466438476,5,0.4326646679515292,0,0.0,0
31488,46.766586785543666,2,3,10.980250052435212,7,1.000130844586661,0,0.0,0
31489,38.481230323321455,3,3,0.0,2,0.9999527241225851,0,0.0,0
31490,39.570363117768075,4,6,13.640281767963625,7,0.754970155997068,0,0.0,0
31491,40.30267358577977,2,1,3.374865595823673,6,0.5017521126932649,0,0.0,0
31492,43.60451112377003,3,3,9.053123135655817,2,0.13730526846925806,0,0.0,0
31493,30.07587830846804,3,6,0.05554462104771751,3,1.0007362086162161,0,0.0,0
31494,33.07483017636901,2,1,19.997642203048635,2,0.9631916244635341,0,0.0,0
31495,16.96339253714459,1,5,11.424800539670665,2,0.0,0,0.0,0
31496,45.816250008907396,1,2,9.714797966255691,1,0.3060182405344416,0,0.0,0
31497,44.46925187387093,1,3,13.601480717713393,7,1.0003657121212448,0,0.0,0
31498,33.52511115677223,3,3,8.993127049869386,6,0.301336540149992,0,0.0,0
31499,43.36293654445581,4,2,12.754100745972044,7,0.9999187825285656,0,0.0,0
31500,31.182384159385837,2,6,14.15159716111283,7,0.9995541001417182,0,0.0,0
31501,46.90997104260738,3,3,16.81717408181329,1,0.9468073369494155,0,0.0,0
31502,44.13558896249421,1,6,11.809517723792416,2,0.5741923049818431,0,0.0,0
31503,47.25866731019353,3,6,13.291926874868574,7,0.9995407143735582,0,0.0,0
31504,46.02717732879721,1,3,2.6374919704171624,5,0.9999535142039704,0,0.0,0
31505,39.540409944738286,3,1,10.877171635726569,3,0.5020348903168592,0,0.0,0
31506,41.48460864817562,2,3,15.541505032699511,6,0.9237924002210045,0,0.0,0
31507,55.33126190738848,3,4,0.0,0,0.5617155900180714,0,0.0,0
31508,27.026098250298034,5,3,6.742038221981868,3,0.12363087208876078,0,0.0,0
31509,56.33481218119146,5,4,20.00714164496949,7,0.9999109853252814,0,0.0,0
31510,47.73149927108727,4,1,20.304644359526797,7,0.0,0,0.0,0
31511,64.47605536440508,1,3,12.782414140350532,4,0.9587631550703457,0,0.0,0
31512,52.349694845972955,3,3,20.00168261049863,1,0.7143134099246717,0,0.0,0
31513,41.49597617897064,2,3,8.43820332579255,5,0.6958423873570082,0,0.0,0
31514,41.93202749328124,3,1,0.0,4,1.0000285337666655,0,0.0,0
31515,31.891466694038566,3,4,18.19480693331137,7,0.9874708894944433,0,0.0,0
31516,11.7032506497065,3,3,0.5868668027916826,1,0.9998763174683911,0,0.0,0
31517,24.118277645359186,3,1,19.99839958920584,0,0.8555603344805846,0,0.0,0
31518,30.448998882612948,5,3,11.26576162717214,1,0.319621587815037,0,0.0,0
31519,23.129865181588322,2,3,4.307462637848131,7,0.4322381627304069,0,0.0,0
31520,36.98968836652911,4,3,20.475089309849192,7,1.0005344810757444,0,0.0,0
31521,8.981565334182228,4,1,15.625464000633425,4,1.0000340423092486,0,0.0,0
31522,40.957030114838005,3,6,15.980855285372453,7,0.9998050476290987,0,0.0,0
31523,49.43906963147024,2,4,20.01285556430542,7,0.9997819672858534,0,0.0,0
31524,38.403085321629504,4,1,14.119477876779865,7,0.999509602392149,0,0.0,0
31525,35.057870304606446,3,3,14.084461986923476,5,1.0003213561909485,0,0.0,0
31526,36.58820007955163,1,3,8.086678067739923,6,0.621775392669855,0,0.0,0
31527,55.38136073445616,3,4,20.000472012657532,2,1.0003664618884636,0,0.0,0
31528,49.49077529294629,3,1,21.245876666982426,1,1.000201572052798,0,0.0,0
31529,61.9890652406788,3,3,8.819247438524524,2,0.999787850757465,0,0.0,0
31530,64.68592085413894,4,3,6.526465875760293,4,0.9994586751742949,0,0.0,0
31531,48.36587178943063,4,1,23.446861430736583,7,0.9995437054884777,0,0.0,0
31532,42.08592762754898,1,3,6.14150078822968,4,0.49783344205646396,0,0.0,0
31533,46.709528308839644,3,4,12.725068826150162,2,0.7504240822009577,0,0.0,0
31534,53.07146235868432,3,4,8.694986206634027,4,0.9996996353312754,0,0.0,0
31535,41.170366789524806,2,3,10.921164602200522,7,0.2562737775850384,0,0.0,0
31536,26.2696790416389,1,0,10.619822048563632,1,0.9422053185128714,0,0.0,0
31537,31.798187252646642,4,5,0.7880281594601772,7,0.6293360407565521,0,0.0,0
31538,46.37285029982154,3,2,14.634271913582335,7,0.7675412311085845,0,0.0,0
31539,24.932479718012967,5,3,7.216868488211954,2,0.48949547394961274,0,0.0,0
31540,43.04057416600857,3,3,20.002903748745993,4,0.4556390821141101,0,0.0,0
31541,49.42369870613364,2,3,0.0,6,0.9997035205915885,0,0.0,0
31542,45.83480465957811,4,3,1.2114719363064772,2,0.9997091565806142,0,0.0,0
31543,45.631751364518195,4,3,0.0,3,0.9999259090510925,0,0.0,0
31544,75.15846944649577,4,6,4.728934091106436,2,0.34109091501354283,0,0.0,0
31545,53.45762191345554,3,4,12.50927311669452,2,0.9995230080387277,0,0.0,0
31546,20.07350588306514,4,1,20.12727411258721,7,0.18323415301624613,0,0.0,0
31547,23.82973124830498,5,6,15.11810005585882,3,0.606804233056573,0,0.0,0
31548,32.21860524874301,3,4,11.523626104246743,2,0.45475080827481007,0,0.0,0
31549,53.70924217119467,5,4,4.403263749174618,4,0.49973985859995207,0,0.0,0
31550,45.78019970218066,5,4,10.6231609690587,7,0.999995281790055,0,0.0,0
31551,27.319562134283604,1,1,3.471334882660444,7,0.31830766285500867,0,0.0,0
31552,60.573774350095846,4,1,22.630821689462667,7,1.0000947072303787,0,0.0,0
31553,26.932436202223265,2,2,3.592672783451799,6,0.5082422195463686,0,0.0,0
31554,54.54519669280038,1,3,19.542392633459556,5,0.7044228462404789,0,0.0,0
31555,68.4826399328027,3,2,17.42098703936503,7,1.1819762245712175,0,0.0,0
31556,43.09451744011293,4,4,19.990000216493286,6,0.9220641302041117,0,0.0,0
31557,27.329267248576024,0,4,20.005832291094645,1,1.1148414004447988,0,0.0,0
31558,39.32600630875677,1,3,13.130167839806864,1,1.0001970342072173,0,0.0,0
31559,55.38535296752347,2,3,10.709631613639353,6,0.502076818458794,0,0.0,0
31560,24.164464571508987,2,1,1.3229525665386976,5,1.000623452471318,0,0.0,0
31561,46.015344534378535,0,3,8.55693797664623,4,0.41731981479523544,0,0.0,0
31562,44.30950219032025,1,3,5.340315049654143,7,0.9996081783534194,0,0.0,0
31563,45.19867881600486,4,4,20.005247272083196,1,1.000179755576906,0,0.0,0
31564,61.84449052921072,3,3,2.103833158940253,7,0.9603435792750137,0,0.0,0
31565,36.12292714475541,2,6,4.302926291858551,6,0.17172026680961872,0,0.0,0
31566,43.40689456858845,2,3,0.0,1,0.5047481311242166,0,0.0,0
31567,27.534639330622724,3,4,20.94913306094826,1,0.9415713918035513,0,0.0,0
31568,65.19644922895435,3,1,8.156203403452508,1,0.9118745649703665,0,0.0,0
31569,51.42228701228285,2,1,11.76321059973143,4,0.49674653098776067,0,0.0,0
31570,20.747504592915462,4,6,13.835161734507043,7,0.4823861408572278,0,0.0,0
31571,38.313148501874544,0,3,9.420219553863692,3,0.9996866752670113,0,0.0,0
31572,30.924639085632833,4,3,6.089745059742533,3,0.5012934050990727,0,0.0,0
31573,17.38188936475723,3,6,6.431894261476107,2,0.5151191579207938,0,0.0,0
31574,38.21834191645653,3,2,10.813561324298265,5,0.9992957714166273,0,0.0,0
31575,54.568791026734345,4,6,13.376152759814874,7,1.0000207024391017,0,0.0,0
31576,26.684605560938103,2,2,10.740581326303575,7,0.9995937323138245,0,0.0,0
31577,53.625994475076986,3,6,11.112618251476588,5,0.9889501725043008,0,0.0,0
31578,65.10002341479478,3,3,4.820603696903085,7,0.9999541903357576,0,0.0,0
31579,72.32339248858929,2,6,10.917084478621174,6,0.10134893739969986,0,0.0,0
31580,34.39875049330927,2,1,4.0577896466651895,4,0.5073373609791079,0,0.0,0
31581,43.40062290212276,1,2,0.0,1,0.39418120149295116,0,0.0,0
31582,37.011775232946654,0,3,13.126924941870769,3,0.5928549635546152,0,0.0,0
31583,54.74414976447002,4,4,4.019842513661485,1,0.3963803807635769,0,0.0,0
31584,43.464577189449535,3,3,16.01222047630423,2,0.5010518587388427,0,0.0,0
31585,60.83737049633005,5,2,6.171922772779541,7,0.8815474136378503,0,0.0,0
31586,65.4802896122717,1,4,13.559334461433005,7,1.0002114037419838,0,0.0,0
31587,47.31785109066048,4,3,17.587144801159408,7,0.08648901058660952,0,0.0,0
31588,58.46868931803134,3,2,10.32701664311247,7,1.0000592686592955,0,0.0,0
31589,54.45103291476995,3,6,5.505309691632624,3,0.8307214510146743,0,0.0,0
31590,45.781624810790845,3,3,13.584218503093071,6,1.000047723895833,0,0.0,0
31591,36.629458216098584,3,1,3.0865373488634464,3,0.4302876680284525,0,0.0,0
31592,43.50815505608024,4,6,17.86098029453358,7,1.0000531772619423,0,0.0,0
31593,48.94288521594719,4,2,2.723925867513463,7,0.9999931273874068,0,0.0,0
31594,46.52195362319576,3,2,9.807348922024026,7,0.1697115998367048,0,0.0,0
31595,65.50994055230032,3,4,16.68624756332727,2,1.000370652687415,0,0.0,0
31596,37.40803834928129,3,4,16.94625262019612,4,0.6321073649684052,0,0.0,0
31597,40.09785006740065,1,1,11.933505790873438,3,0.5051928156284151,0,0.0,0
31598,16.955697815005593,3,4,0.0,2,1.000458699525233,0,0.0,0
31599,42.15048363027445,3,3,2.1620110466941593,7,0.9998019188639069,0,0.0,0
31600,24.038116140747274,4,6,11.394420758035483,6,0.4072350420314876,0,0.0,0
31601,54.13929412374519,3,4,19.642598861561247,2,0.9999618179332075,0,0.0,0
31602,44.722431374062815,0,6,18.47857498170618,2,0.2790684816022759,0,0.0,0
31603,21.108846112306747,3,1,9.388628494687337,4,1.000667943465915,0,0.0,0
31604,61.246229815535415,1,5,13.27154719810185,5,0.47745228731305445,0,0.0,0
31605,40.745508998094486,2,3,18.958154219319383,6,0.9522544447837655,0,0.0,0
31606,40.35932635782716,3,1,15.926028184380476,7,1.0000342170869412,0,0.0,0
31607,35.13646694463164,2,6,5.218385671507253,2,0.4534629356945469,0,0.0,0
31608,50.30713009234704,3,6,10.953360330679955,2,0.8152836535373422,0,0.0,0
31609,18.36289123733437,3,2,8.294532352989881,1,0.9994285409090886,0,0.0,0
31610,38.86251873126802,3,0,19.99566027819057,1,0.9994284561750827,0,0.0,0
31611,43.23036117676044,1,2,16.67319848408627,4,0.5167508342041343,0,0.0,0
31612,42.97125742795103,4,3,12.311325690572078,5,0.5256935067082068,0,0.0,0
31613,43.02990573061184,4,3,12.100017091827837,3,0.9998012895112968,0,0.0,0
31614,47.32883866263745,3,3,0.6831843814857663,5,0.22897912499243567,0,0.0,0
31615,29.452659567894074,3,1,17.971702602277297,4,0.26563448355022873,0,0.0,0
31616,35.2124316821926,3,4,13.57900139877703,7,0.45530197966550806,0,0.0,0
31617,42.80619288166342,3,4,0.0,3,1.0010006661541835,0,0.0,0
31618,53.330497417156465,4,3,18.143439656319064,1,0.932131531571748,0,0.0,0
31619,26.134610261019194,5,2,7.796465944596106,3,0.736114872979301,0,0.0,0
31620,37.933701955578556,4,2,11.462084878325028,6,0.6440255583226226,0,0.0,0
31621,41.1741809650305,2,4,19.9983048386713,6,0.9998409753266723,0,0.0,0
31622,48.95900767726579,5,1,19.9996979499467,6,0.30517885286392904,0,0.0,0
31623,43.67335295293449,4,3,0.0,1,0.5010307779639346,0,0.0,0
31624,50.51748812124889,4,3,1.4361909553203258,1,0.971398299063426,0,0.0,0
31625,47.14658438002503,2,6,9.575360597737513,7,1.0005114848777787,0,0.0,0
31626,53.50655691894502,3,1,16.734933424511485,2,0.5007274377403971,0,0.0,0
31627,45.10263252632093,5,1,16.400834425248796,7,1.0000756187016597,0,0.0,0
31628,33.72835222392098,4,1,5.877681641300856,4,0.9828389556516967,0,0.0,0
31629,40.56251579310045,4,6,18.34259229820846,3,0.9995672274807266,0,0.0,0
31630,45.05993735942775,2,5,17.7066056103712,7,0.9806445501336918,0,0.0,0
31631,56.76590597213363,1,2,13.890407777995117,7,1.0000956812500885,0,0.0,0
31632,31.48661006794391,2,1,8.224685342208668,2,1.0004678903649977,0,0.0,0
31633,53.20501228432947,2,4,0.0,3,1.044657637635738,0,0.0,0
31634,13.808457467369806,0,6,7.181323539321819,7,0.3800026815306316,0,0.0,0
31635,34.51372163111228,0,6,17.57998563157711,3,0.6882170681466662,0,0.0,0
31636,19.731411353758002,4,2,10.057942901931149,1,0.5777299059513296,0,0.0,0
31637,52.181477918857176,4,3,17.551804934474777,4,0.9998054537866239,0,0.0,0
31638,59.492095142869886,2,1,12.730934728991768,3,1.0004536050577437,0,0.0,0
31639,53.56217001798779,3,5,19.64114672064631,7,0.9999771223382209,0,0.0,0
31640,10.064509894028511,1,1,16.399007105879523,4,0.9993197681991757,0,0.0,0
31641,40.863804208418244,3,2,9.833181019724243,4,0.9998667055131802,0,0.0,0
31642,43.101088063403445,2,4,20.007493817154824,2,0.4979380166817261,0,0.0,0
31643,41.882896258984466,3,3,9.938618932097212,3,0.4948450519723783,0,0.0,0
31644,46.88380027434373,3,1,12.477689949544448,4,1.0005589739210565,0,0.0,0
31645,32.59276837503004,3,1,12.270670018095531,5,0.9999974774556142,0,0.0,0
31646,41.242745402242775,3,7,9.863376295973131,7,1.000009679120624,0,0.0,0
31647,53.14847261918931,1,1,9.558523929011123,4,0.9993499347874957,0,0.0,0
31648,50.78191577129863,5,3,20.223035430476767,7,1.000358521073355,0,0.0,0
31649,43.9621493108458,2,6,14.97176818698811,7,1.0005695412508233,0,0.0,0
31650,37.967933282003244,4,4,11.206371662760253,1,0.9609442734652294,0,0.0,0
31651,39.91602229847365,3,2,16.010699946464676,1,0.44208328249264195,0,0.0,0
31652,35.65068098322332,1,3,26.546108550770672,2,0.49850525822222036,0,0.0,0
31653,24.452712700530718,3,4,17.021701332793523,2,1.0002964238687175,0,0.0,0
31654,7.579208250286065,3,3,10.242393048124915,3,0.04184192277677956,0,0.0,0
31655,42.4889214537769,4,5,14.70858985053679,1,0.6842040915912708,0,0.0,0
31656,30.765809281498214,1,4,15.000383668155706,5,0.7052145900666115,0,0.0,0
31657,50.11698258128479,5,6,8.095645353323372,6,0.34915818841718693,0,0.0,0
31658,75.14718336097644,4,4,5.135383325416825,7,0.999639087750684,0,0.0,0
31659,31.553056440951764,2,1,16.89695180761815,3,0.5036213438774377,0,0.0,0
31660,36.93293809059993,1,3,15.407141612662599,3,0.033878621904346096,0,0.0,0
31661,62.958441388882484,2,6,3.4011116693081984,6,0.5606661600616282,0,0.0,0
31662,17.458913069767497,1,4,8.52392984575615,2,1.0003398033972928,0,0.0,0
31663,56.96687319095118,2,1,9.616174792837827,4,0.4987784222625459,0,0.0,0
31664,34.507481830585775,2,3,13.126294094251069,7,1.0000443601364541,0,0.0,0
31665,43.293510024096335,3,6,16.34697702318313,6,0.999918020215274,0,0.0,0
31666,38.60091440549412,5,3,19.453405132818197,6,0.999894241114593,0,0.0,0
31667,36.50822168280152,6,4,8.545482638345401,7,1.0004075719675374,0,0.0,0
31668,43.26636754906189,4,1,18.637222501543892,7,0.9999643943521819,0,0.0,0
31669,55.55531681004604,2,3,16.035137426338935,1,0.93409412669338,0,0.0,0
31670,38.79491819930561,3,2,11.62189326931206,7,0.9998615497209085,0,0.0,0
31671,25.020200058004743,4,1,10.05698888331432,7,0.9613829874542097,0,0.0,0
31672,20.501798067183024,4,3,3.7984830611945526,2,0.5990563333209716,0,0.0,0
31673,34.53275607702514,3,4,12.196890423606234,1,0.21029409481107797,0,0.0,0
31674,48.66284819606903,2,3,0.0,1,0.9999617245991803,0,0.0,0
31675,25.425410793114544,3,3,0.8217204270800575,2,0.7713295786452927,0,0.0,0
31676,57.25834704879491,4,1,18.543874780097973,0,0.9998557753670891,0,0.0,0
31677,52.53598248212121,4,4,19.988377608108294,7,0.9992398756275503,0,0.0,0
31678,48.34683022309857,1,2,8.252965884575447,2,0.20121220337471007,0,0.0,0
31679,45.651060907532674,3,4,19.983196648768345,1,1.0003156060922835,0,0.0,0
31680,53.89167407461254,3,3,11.315026650244164,7,0.21679385304969884,0,0.0,0
31681,64.27381396579682,0,6,0.0,7,1.0004821581338974,0,0.0,0
31682,19.8825662898466,3,4,13.415089019314266,2,0.9999260612040898,0,0.0,0
31683,51.911782401930914,2,1,12.632615064783968,1,0.5287154446844904,0,0.0,0
31684,40.09609383477094,0,1,15.033113462964723,1,0.4996947202670803,0,0.0,0
31685,42.90251204438953,1,1,20.00528520263966,3,0.4261992005500565,0,0.0,0
31686,35.3141419129897,4,1,9.610430278453695,2,0.49973331130145826,0,0.0,0
31687,25.575174896837744,3,6,11.811962875650842,2,0.48971807835601444,0,0.0,0
31688,51.807683823163046,6,2,15.068884559884278,1,0.3636468225550454,0,0.0,0
31689,53.296325094452506,5,2,16.01706438234383,2,0.9685896177947448,0,0.0,0
31690,29.098125265513204,3,2,12.050602646180248,1,0.9998460281000217,0,0.0,0
31691,28.323236554501605,1,2,6.096050406758902,5,0.07670464586606118,0,0.0,0
31692,36.70035676483947,3,1,8.63594973739529,5,0.5409971770583566,0,0.0,0
31693,48.47050409071737,3,1,8.837997596201134,3,1.0001989824019715,0,0.0,0
31694,27.946803974719813,1,4,8.11597783954278,1,0.0672691210484947,0,0.0,0
31695,47.45159813672229,3,1,14.603904635458186,7,0.18533019096427605,0,0.0,0
31696,36.84508720530752,5,3,10.489389930679797,3,0.9996832177061727,0,0.0,0
31697,40.323434514988364,3,3,0.0,4,0.4991628709654519,0,0.0,0
31698,57.57185877740207,3,1,8.311104381229043,4,0.5009592857307017,0,0.0,0
31699,47.60046406639839,3,1,3.9496061057635483,1,0.045215551055661996,0,0.0,0
31700,48.80645544544887,2,6,8.731499904614909,6,0.8710588111413448,0,0.0,0
31701,38.20827768449198,1,6,5.597169868040004,3,1.0003720210963611,0,0.0,0
31702,42.13159172582096,3,3,8.49079413144867,3,0.5182291310301053,0,0.0,0
31703,66.0254859623173,2,3,2.8757140291267227,7,0.2657321280724095,0,0.0,0
31704,49.919147902465994,4,6,19.81074571171589,2,0.9325680854485556,0,0.0,0
31705,67.58987032040076,6,4,18.824205687771194,4,0.309038494135186,0,0.0,0
31706,53.32368144655657,2,6,17.15766175129884,1,0.27190215485640457,0,0.0,0
31707,43.72609815599753,4,2,14.487044472238289,4,0.9702488954746658,0,0.0,0
31708,36.334638840537906,3,1,11.457473351181564,7,1.000344341750751,0,0.0,0
31709,23.691751874325938,4,3,9.446332320409702,4,0.389862449811515,0,0.0,0
31710,39.949714724719456,2,3,7.039271169667111,7,0.19081605318112566,0,0.0,0
31711,27.365452152554806,4,2,0.9456778895143838,1,0.12368834265613715,0,0.0,0
31712,28.10563637156482,5,4,20.00699931707781,1,0.9994481121407987,0,0.0,0
31713,35.73471606664701,5,3,6.381080588858752,7,0.9994744817942578,0,0.0,0
31714,57.55379208522388,4,6,9.03461103107654,2,0.6320971678044154,0,0.0,0
31715,25.679919738435643,4,2,13.201960105715612,4,0.3927493394928934,0,0.0,0
31716,26.559940020840966,2,2,12.201894815810398,5,0.671815719295669,0,0.0,0
31717,60.95502080368567,4,6,6.333223981453615,2,0.8331194298333446,0,0.0,0
31718,33.48375808287226,4,1,13.683068945536448,0,0.9433109694178647,0,0.0,0
31719,19.980275462873458,3,6,13.1552684913624,3,0.5959608884043541,0,0.0,0
31720,59.92566523550404,4,5,14.721629103922476,7,0.9997139373129207,0,0.0,0
31721,30.056597061044847,1,2,4.459132368071206,3,1.0233938894880532,0,0.0,0
31722,48.2334697884776,3,1,17.53691261389588,5,1.0003731834684502,0,0.0,0
31723,54.72414259268652,1,3,0.0,6,0.2661706074439705,0,0.0,0
31724,71.34104314189521,2,1,27.58057865232036,7,0.9540489638407399,0,0.0,0
31725,41.451857726164796,3,1,12.728943148810615,7,1.0000506378606726,0,0.0,0
31726,30.73778663159342,1,2,5.942142487492418,1,0.4148321116543351,0,0.0,0
31727,63.4152746009252,4,6,13.588414779061786,4,0.9998702363490327,0,0.0,0
31728,28.689222155114287,3,2,10.152015369197883,5,0.31289174216002874,0,0.0,0
31729,23.874278789217218,4,1,13.646395486077031,0,0.7482607751218994,0,0.0,0
31730,43.220978397707945,3,3,5.62295771155453,3,0.7774951240416111,0,0.0,0
31731,50.08738116302213,3,4,5.043146869299621,2,0.6075321869366677,0,0.0,0
31732,45.60827851138671,4,3,12.991457484136713,2,0.28153834517867576,0,0.0,0
31733,55.79523760648321,4,5,19.630053782848925,7,0.9999836828380284,0,0.0,0
31734,27.839120109835743,2,6,3.718556674216635,1,0.32162425699571995,0,0.0,0
31735,57.59307420544188,2,1,9.745104109149882,3,0.9996638340437514,0,0.0,0
31736,52.15831772305183,3,5,13.590424969677771,2,0.2895962435325192,0,0.0,0
31737,38.232949609431174,5,6,17.508954855324326,3,0.32486271465200156,0,0.0,0
31738,31.81995900652561,3,3,10.694664941390052,3,0.9188216836184079,0,0.0,0
31739,61.83934870336756,2,3,9.621557369454349,2,0.501773012386454,0,0.0,0
31740,49.383553190440004,1,6,13.637840366442335,5,0.34876217702542617,0,0.0,0
31741,46.704572695131276,5,2,16.070657589318362,7,0.4915491960708545,0,0.0,0
31742,44.71326730598699,4,4,28.654920857764303,6,0.9077282840712788,0,0.0,0
31743,50.056665146799205,5,3,17.77673927070414,5,0.5017372445402364,0,0.0,0
31744,50.02492657210394,2,3,29.62127636099871,7,0.9997767870976123,0,0.0,0
31745,47.218934350310796,2,6,15.94633381287209,4,0.7766629691165641,0,0.0,0
31746,65.43804810512106,4,4,10.166582432965596,2,0.0,0,0.0,0
31747,29.573776597129587,4,6,4.894932140928738,5,0.6925502382406546,0,0.0,0
31748,30.238312473411657,3,1,10.900409249767712,7,0.9995353227634362,0,0.0,0
31749,62.13844377019913,5,6,17.86817347342665,7,0.250867702459366,0,0.0,0
31750,80.68788344583363,3,3,6.902740420762473,7,1.00047109218839,0,0.0,0
31751,58.64166625926562,4,6,7.4884307189261055,7,0.6677748144094153,0,0.0,0
31752,49.89186653433565,5,3,16.33298608513865,1,0.9641601131797781,0,0.0,0
31753,35.82287892552358,1,3,4.684403463357606,3,0.0,0,0.0,0
31754,52.08551583060943,1,4,11.274901330028754,6,0.6056410537250804,0,0.0,0
31755,47.334575850914916,3,5,10.825863047897627,7,0.999995758350762,0,0.0,0
31756,66.47805031380712,3,3,14.585221575053804,7,1.0001172418094568,0,0.0,0
31757,42.542103879416715,4,5,19.999341403431302,1,0.6439297518009115,0,0.0,0
31758,51.2118706806263,2,1,15.848225106759804,3,0.4985463231801647,0,0.0,0
31759,48.227298291921734,2,5,18.967096942594708,4,1.0007449370942982,0,0.0,0
31760,40.657996970031185,4,3,14.980128995167387,4,0.7658049622602473,0,0.0,0
31761,23.590777845584594,3,8,6.091529935941839,7,0.9588897142615069,0,0.0,0
31762,40.87128588276745,3,1,3.3203836198758774,5,0.9997487378012391,0,0.0,0
31763,56.94744970240062,3,4,6.3848166476483845,5,0.0,0,0.0,0
31764,49.91298019602917,3,1,20.01003150673018,8,0.38433972131344324,0,0.0,0
31765,52.01734583169193,3,3,13.33912439041585,7,1.0002500190096089,0,0.0,0
31766,53.06534630789629,3,7,10.639343140130716,3,0.5039282387871713,0,0.0,0
31767,27.63105452354601,5,6,12.865259103301426,7,0.5332678528255814,0,0.0,0
31768,41.41873975521225,3,2,8.30905677098001,7,0.9999591605638275,0,0.0,0
31769,48.788907017563226,2,6,11.435310669060478,4,0.09870059415091759,0,0.0,0
31770,71.41371069098831,5,5,19.31739040540611,1,0.7809151463360446,0,0.0,0
31771,57.9948747869336,5,1,0.0,1,0.0,0,0.0,0
31772,32.95944429702802,1,1,5.538359953426875,5,0.16132932795087518,0,0.0,0
31773,45.972567168914765,4,2,18.354590377720065,2,0.6059552691043089,0,0.0,0
31774,53.466895235332984,4,3,14.176080258533595,7,1.000097444593464,0,0.0,0
31775,31.038438580463385,2,5,5.088889588271035,0,0.9670464661372846,0,0.0,0
31776,29.36772533862539,3,1,3.5835006435232204,4,0.30467764059941377,0,0.0,0
31777,42.191404989388396,2,6,9.193617727035823,2,0.06556470830839234,0,0.0,0
31778,57.85312732295964,3,7,12.093008718260188,6,1.0168910908083106,0,0.0,0
31779,36.48956382353444,2,1,0.0,1,0.9999016448697797,0,0.0,0
31780,33.59883620609275,1,1,13.293473673200635,3,0.27239683825417343,0,0.0,0
31781,34.36492701449312,2,3,0.0,2,0.5037884554082488,0,0.0,0
31782,50.918204850447694,2,2,12.826977582862318,7,0.5378622859199532,0,0.0,0
31783,32.22265089313469,4,1,17.80745490465256,3,0.5511734961032747,0,0.0,0
31784,39.956170005709446,3,4,9.341871312110792,4,0.7272672658459258,0,0.0,0
31785,39.69507543734771,3,2,13.575539686694622,5,0.9997815042639583,0,0.0,0
31786,46.700506070156905,4,1,12.023397871508543,4,0.9999687251789184,0,0.0,0
31787,37.02992142414023,4,3,11.328593686922774,7,0.5864815290940051,0,0.0,0
31788,22.535668865503574,6,6,9.778427386258091,2,0.29293895140997356,0,0.0,0
31789,49.0167481406109,4,3,6.82028415493567,7,1.0002389589785,0,0.0,0
31790,13.114124674929112,4,1,8.794333507840662,1,0.9612968545168654,0,0.0,0
31791,40.89551487214421,3,5,9.60153745447271,1,0.7013175787889205,0,0.0,0
31792,59.559537705698204,2,2,1.7702995867292781,7,1.0002040538924994,0,0.0,0
31793,65.24852242372879,4,3,7.602200732174309,7,0.9998560648631802,0,0.0,0
31794,51.592927530202125,2,5,17.02292078243451,1,1.0083646808763436,0,0.0,0
31795,47.22864156132856,2,5,2.6727354467971907,7,0.9996406591800197,0,0.0,0
31796,30.907363622733385,4,3,16.508435811805448,2,0.9999878713454271,0,0.0,0
31797,39.229538096504946,3,2,14.810532743000016,4,0.18438043788653724,0,0.0,0
31798,32.93861434951167,2,3,10.385962198144103,2,1.0007187150914179,0,0.0,0
31799,26.68069322432584,2,5,4.838073997469363,2,0.3342570053345168,0,0.0,0
31800,56.45307048646401,1,3,12.542517445071127,3,0.9998006026226604,0,0.0,0
31801,55.27002624312661,3,3,0.5953087370411563,0,0.9714509382560448,0,0.0,0
31802,39.594732459032535,3,2,7.520457453610268,6,0.9998414708258428,0,0.0,0
31803,23.674996417066577,2,4,7.605487328721504,4,0.7375871510371814,0,0.0,0
31804,50.46885221926721,2,1,19.987851800921277,0,0.1607557341639967,0,0.0,0
31805,23.780548797723064,6,3,20.586891140773822,5,0.4979913326459673,0,0.0,0
31806,45.07941523326096,3,6,1.5573685172715592,3,0.32197649365986014,0,0.0,0
31807,35.1330976712026,1,1,20.000105833802237,5,0.6017314554638143,0,0.0,0
31808,31.85144531047917,5,2,3.8864473678557694,7,0.39404876004931677,0,0.0,0
31809,49.88189341423444,3,3,8.526338564143593,2,1.0000130878501416,0,0.0,0
31810,24.820604956487127,3,3,3.1583034308647555,4,0.1649123656493383,0,0.0,0
31811,43.080197873669164,3,6,6.471435534530877,3,0.158552640777483,0,0.0,0
31812,31.95177716954853,1,5,25.507246580091902,7,0.9494697180795354,0,0.0,0
31813,22.781597233875495,2,5,1.54912308137291,1,0.254821962065796,0,0.0,0
31814,41.5476505443385,3,6,6.564191816765272,6,0.8924107666792676,0,0.0,0
31815,57.646409573789796,3,5,16.30290820800758,1,0.9995378633577423,0,0.0,0
31816,25.390786583831144,6,3,12.238221690978012,2,0.3606468465203593,0,0.0,0
31817,30.49493964634527,2,3,20.322851672833497,7,0.9959469804696852,0,0.0,0
31818,41.42888773240432,3,5,5.451131083108429,7,0.9359064483185375,0,0.0,0
31819,34.35577109660578,4,2,19.99720322969244,1,1.0004538451371525,0,0.0,0
31820,37.193446115817586,1,2,4.817113886959748,6,0.6150593312856015,0,0.0,0
31821,37.72496074884802,3,3,1.957901987972484,1,0.994438745649437,0,0.0,0
31822,44.328337043365416,4,3,12.213345290528375,2,0.9675522669717069,0,0.0,0
31823,46.417665975297936,3,4,9.289941165576625,5,0.9999346650156637,0,0.0,0
31824,42.332802503967315,4,3,0.0,4,0.4992650193835845,0,0.0,0
31825,48.609882262461674,4,2,6.544397952234394,7,0.9998413060491278,0,0.0,0
31826,63.35848878713513,0,6,10.016709775137864,3,0.5042268132840677,0,0.0,0
31827,52.890940988024376,5,6,12.184410515239174,4,0.39595951117252726,0,0.0,0
31828,35.89332498907355,2,1,12.609840535387928,3,0.5287634032800135,0,0.0,0
31829,61.36630607305587,4,6,11.76345127773631,4,0.9999772646861657,0,0.0,0
31830,42.32523629564827,3,3,20.001594674807098,4,0.34369608334040247,0,0.0,0
31831,21.536772400247916,4,3,13.917696574061289,0,0.18015687071311481,0,0.0,0
31832,28.720261455542015,3,3,19.99240894738176,2,0.48934599144194635,0,0.0,0
31833,60.75913633765789,2,6,6.964539265833271,4,0.9996658620698766,0,0.0,0
31834,40.524010797417525,3,4,20.002825791439307,3,0.999809056722665,0,0.0,0
31835,30.83367236255478,0,3,11.699475454441536,7,1.00034639710831,0,0.0,0
31836,52.89102936568516,4,4,19.99190359582866,1,1.0001270713275272,0,0.0,0
31837,21.03330099933165,4,7,1.4793783760265935,2,0.0,0,0.0,0
31838,18.863539632331253,3,6,19.995113490226537,1,0.0,0,0.0,0
31839,46.5708919079729,0,3,2.78767858721743,5,0.5012342476002988,0,0.0,0
31840,37.38891189323304,3,4,19.990909273268468,1,0.9994711278994686,0,0.0,0
31841,21.328973150074095,3,1,1.3019187539983257,1,0.8928452607804596,0,0.0,0
31842,33.37133544506132,2,3,2.504708711565563,7,1.0000536819096564,0,0.0,0
31843,44.19211586113946,4,6,15.264837047806541,4,0.40516843014574005,0,0.0,0
31844,35.3162316272368,3,2,14.915729154956807,2,0.9998457187302787,0,0.0,0
31845,44.93076598968713,4,3,12.777394021495315,6,0.6864615547829723,0,0.0,0
31846,46.93924795823154,1,3,20.314959789579714,0,1.0002632464378995,0,0.0,0
31847,50.71310852306228,1,1,7.025602710630573,5,0.9999609459594845,0,0.0,0
31848,53.34897035782559,4,2,13.669232188796654,4,0.9140140630913826,0,0.0,0
31849,38.88073803448494,2,6,12.431717574088953,7,1.0004086937151546,0,0.0,0
31850,35.77523913223548,1,2,9.466435919265374,7,0.99963506241462,0,0.0,0
31851,34.38100520189768,4,1,18.94718475709373,2,0.2580097897653395,0,0.0,0
31852,41.548850999027785,2,3,0.0,4,0.3660128397501643,0,0.0,0
31853,37.44052368970209,3,4,21.46465923080464,4,0.08094393544909517,0,0.0,0
31854,38.164889767299464,5,2,15.21717243070518,7,0.6626536740456292,0,0.0,0
31855,39.09240997993576,2,3,9.46552008363425,2,1.000139836257848,0,0.0,0
31856,37.92842928427151,1,3,0.0,2,1.0000781047675174,0,0.0,0
31857,37.66325854994723,4,2,17.66770074060561,7,0.4682889698722448,0,0.0,0
31858,64.99782213793246,3,2,17.310925099275423,1,0.9999704253809978,0,0.0,0
31859,44.830602036454685,3,3,1.2340355505099616,1,0.19688936940006252,0,0.0,0
31860,65.58722288907481,3,3,10.076089695577327,4,1.0007564231330754,0,0.0,0
31861,53.444249731205225,4,1,13.550144498791994,4,0.41784838265422597,0,0.0,0
31862,34.257435345206325,3,4,7.478399787637127,2,1.0000708732938486,0,0.0,0
31863,58.684008705308415,3,1,17.11892340032252,7,0.9996673473964333,0,0.0,0
31864,47.67449107678071,2,6,8.406147417820712,6,1.0001694467821483,0,0.0,0
31865,25.528175483225333,3,2,1.0516810167063042,4,0.6045601017449496,0,0.0,0
31866,18.565851800149268,2,5,2.293504703179803,1,0.9595795987480569,0,0.0,0
31867,52.7021769353394,1,4,20.00508580264043,1,1.000400925291624,0,0.0,0
31868,26.91682437156416,3,4,9.910729951027472,2,0.9999778924214353,0,0.0,0
31869,35.01300133647097,4,4,15.854885352052179,1,0.9897372069627879,0,0.0,0
31870,30.665262466671656,4,6,7.363203873352957,1,0.6029312752511913,0,0.0,0
31871,36.66773731298803,4,6,21.256526237656487,7,0.7288142717539359,0,0.0,0
31872,37.144637260238724,4,5,0.0,7,0.562449573371067,0,0.0,0
31873,44.13605024043872,2,1,5.211840162936552,2,1.0000515891223183,0,0.0,0
31874,62.26367562551293,0,3,10.661719860907978,7,0.9996442464593356,0,0.0,0
31875,59.372916640414424,3,3,5.915297047416276,3,1.0000433048079922,0,0.0,0
31876,35.014935410414935,4,2,6.4907143363539355,7,0.999943553166782,0,0.0,0
31877,75.83241939972353,2,5,20.251396227780628,2,0.9162399120936644,0,0.0,0
31878,45.94571255415159,2,3,7.325011553934347,3,0.9994566480520461,0,0.0,0
31879,42.515538816386545,3,2,7.802950706298903,6,0.65277332648384,0,0.0,0
31880,37.635940167224796,4,1,18.277838970755468,2,0.9668267553886933,0,0.0,0
31881,46.74139426848157,4,4,11.435480706837517,1,0.4003014750310013,0,0.0,0
31882,43.96739144096985,3,2,12.728109753756415,5,0.6635674633366504,0,0.0,0
31883,26.362384980869294,4,2,7.064485633593752,4,0.15269327203652172,0,0.0,0
31884,39.51872972391233,1,3,9.177250832454101,7,1.0001271392062763,0,0.0,0
31885,34.830063042502346,2,1,3.8604706502116066,3,0.0,0,0.0,0
31886,35.6871288868507,4,2,1.1719495255829155,7,0.7690447911283921,0,0.0,0
31887,35.770195136993465,4,2,10.770419434264356,7,0.524806057666195,0,0.0,0
31888,50.16804212414085,1,3,10.48952077817228,3,0.9997922171514166,0,0.0,0
31889,42.55372098943584,3,6,16.015992401066217,7,0.3154218351973702,0,0.0,0
31890,34.660034100277734,3,3,19.993600457322273,3,0.2184584337385726,0,0.0,0
31891,46.73322183235648,1,3,5.288387668621579,7,0.9998204256148728,0,0.0,0
31892,47.74913226331342,3,7,18.083126073942296,3,0.9316995652186815,0,0.0,0
31893,56.34235550350197,2,2,12.965893843698504,4,0.2608672835721982,0,0.0,0
31894,66.011940076392,4,3,12.016538138619758,6,0.37283699033886825,0,0.0,0
31895,49.33941238566998,5,4,9.407693424483645,7,0.9753468305872476,0,0.0,0
31896,38.9416502658439,2,3,15.056230905966586,7,0.999799701481905,0,0.0,0
31897,51.16879538753527,2,4,20.010619682865,5,0.9998439078894592,0,0.0,0
31898,60.25699470013076,0,3,8.211380499851233,7,1.000161208489159,0,0.0,0
31899,30.955035198334436,4,4,19.993323627477785,3,0.6627243302872032,0,0.0,0
31900,34.49920468473026,4,2,13.72074005294828,1,1.0007838463749743,0,0.0,0
31901,41.37397816331244,1,6,3.953309146082068,3,0.24668143847665253,0,0.0,0
31902,30.330213843858758,2,3,4.687353066810801,4,0.540073445653617,0,0.0,0
31903,49.85869152569217,2,3,17.085484260675013,2,0.053986562069284094,0,0.0,0
31904,53.28027555286232,4,6,10.932584413761855,7,1.0004088935636206,0,0.0,0
31905,47.75457064585581,3,3,2.95929670837946,5,0.9999530154634113,0,0.0,0
31906,33.51021152278598,3,6,13.159303132051814,1,0.9114796399244565,0,0.0,0
31907,25.062353277933354,4,6,15.242467298254425,1,0.9692898622760127,0,0.0,0
31908,49.823358620842775,1,5,12.878705179599372,7,1.0000644821961628,0,0.0,0
31909,47.70869436658841,2,5,19.999542449120696,1,0.491435499027769,0,0.0,0
31910,43.847380436817154,1,1,5.638704195474811,3,0.4978884036422322,0,0.0,0
31911,18.060111440466038,6,4,5.680122851721051,4,0.5006026838115826,0,0.0,0
31912,20.133050346785602,4,6,10.226209929754873,1,0.6380057667700164,0,0.0,0
31913,49.440703807642855,3,6,19.999299915442922,1,1.0003658865258125,0,0.0,0
31914,17.383344887653507,1,3,0.5467834443765582,0,0.9434968645352642,0,0.0,0
31915,34.71768072393952,3,5,16.73752090525676,1,0.7334794371451623,0,0.0,0
31916,29.722427624017254,1,6,13.117373817260232,2,0.9950134566340862,1,1137.8535812959572,1
31917,44.64318663682174,3,6,7.476933896307271,7,0.9999191660152709,0,0.0,0
31918,29.619410735399335,4,3,14.10992602052886,1,0.49842070785622083,0,0.0,0
31919,29.81198235634156,2,1,8.521275238600722,0,0.3728954806516955,0,0.0,0
31920,27.37322192123996,4,3,15.480207144411256,2,0.4968355733145128,0,0.0,0
31921,46.45926899305841,3,6,4.822107898099299,3,0.2837694524592776,0,0.0,0
31922,51.7017913643743,5,4,20.001460906433966,7,1.000230424392468,0,0.0,0
31923,34.858243848195016,3,1,3.531498275912657,5,0.5016590545344737,0,0.0,0
31924,45.176586752674474,3,3,3.8907278405111843,3,0.9999956591610066,0,0.0,0
31925,43.20516686964898,1,1,6.703570121640943,3,0.9496904529591097,0,0.0,0
31926,42.02273998319091,3,3,19.993303468133412,6,0.5479152388734441,1,107995.96595487198,1
31927,15.752729723564052,2,3,11.896273615990067,0,0.9350031163535382,1,5730.1154590536935,1
31928,38.512781687799986,6,1,13.388236096938558,7,0.999416499942698,0,0.0,0
31929,47.005982165888966,2,3,14.222454350431978,7,1.0000757737553243,0,0.0,0
31930,23.693732796996304,3,2,8.972628160751803,4,0.9542637415992583,0,0.0,0
31931,37.14233369029932,0,1,9.081759119944296,3,0.49688051493530694,0,0.0,0
31932,41.9586567293602,4,3,3.3533331435045577,4,1.0000092015918176,0,0.0,0
31933,19.651636564163436,2,3,16.359373546918228,3,0.5000632973912396,0,0.0,0
31934,26.481431802856093,2,6,8.944506286224511,1,0.3127787622117583,0,0.0,0
31935,50.506838996765296,5,6,15.787909994036156,0,0.5281705039325965,0,0.0,0
31936,26.690087021303622,3,3,3.494104076212869,0,0.6067782497488312,0,0.0,0
31937,60.905935588570905,3,4,20.877208431590667,2,0.9999658760130594,0,0.0,0
31938,49.6937114146057,6,3,7.925860081585482,7,0.8218343416742694,0,0.0,0
31939,30.205053434584723,1,6,11.224476609809326,2,0.42757228696292277,0,0.0,0
31940,49.036172878016885,3,5,21.496870241887496,7,0.9999086689136942,0,0.0,0
31941,43.10477157215645,4,5,12.887366547104122,1,0.4962712427100824,0,0.0,0
31942,60.40148246676546,2,3,4.191225424342296,5,0.5786940237102176,0,0.0,0
31943,44.65138286898712,2,1,20.003334799306263,4,1.2136600901611851,0,0.0,0
31944,46.889389936207735,3,1,9.713495975744642,7,1.000231531292329,0,0.0,0
31945,24.865789556173638,2,2,3.349002724781209,6,0.30803165865969057,0,0.0,0
31946,31.860449646225476,5,2,14.529939109699402,1,0.7794452150668104,0,0.0,0
31947,49.29825210729925,3,3,13.546150180107633,4,0.5007399478413983,0,0.0,0
31948,57.32552279396012,3,4,20.002164914327615,7,1.0001656310901914,0,0.0,0
31949,59.228266114958906,3,1,12.053658883039482,7,1.0001984112483415,0,0.0,0
31950,40.82739749986939,3,6,21.80542915240114,2,0.9999486919905946,0,0.0,0
31951,43.84822641589957,3,3,6.382322369895261,1,0.5008399626193412,0,0.0,0
31952,49.94943828093866,3,6,9.730320340543233,7,1.0000691511678619,0,0.0,0
31953,49.86743557823748,1,2,19.72713835427044,5,0.09339955746372464,0,0.0,0
31954,82.39172576100641,1,5,15.131284335191868,4,0.5271013844181484,0,0.0,0
31955,49.85553236674509,3,3,19.9939973508585,3,0.6951614660351731,0,0.0,0
31956,37.744344379793425,5,5,14.517393052500285,3,0.8731323101444377,0,0.0,0
31957,38.076845521589405,3,3,16.668907154158813,0,0.9996667290681149,0,0.0,0
31958,37.843713512037155,4,3,8.247449203866827,5,0.3903716730119867,0,0.0,0
31959,65.24860586788287,7,1,0.0,7,1.0004914110703975,0,0.0,0
31960,71.36239414779764,2,4,7.126062313319755,7,0.12334720313486025,0,0.0,0
31961,71.1737021128443,2,7,3.342282774464241,7,0.9481248052465188,0,0.0,0
31962,50.05414689838191,1,4,7.047581041811244,4,0.7982923661861272,0,0.0,0
31963,44.31077124441762,4,1,0.0,7,1.000143480743268,0,0.0,0
31964,29.540326394015352,3,4,19.998097557320584,1,0.8825892414984071,0,0.0,0
31965,27.37603198857127,2,6,8.087593010846222,2,0.4369582379313073,0,0.0,0
31966,33.35315478801142,3,3,8.585340492350657,2,0.999713446634436,0,0.0,0
31967,51.35256830584619,5,4,4.74268526497679,4,0.4367859298118444,0,0.0,0
31968,65.01236854512945,1,1,1.4565102326566102,2,0.21031334945863878,0,0.0,0
31969,42.42676269110417,2,3,4.596594632233351,7,0.22288980757085558,0,0.0,0
31970,44.78267106844586,5,6,16.625673220016793,4,0.4821417160827888,0,0.0,0
31971,34.75309335228704,3,6,10.447877134902788,7,0.4473963245431125,0,0.0,0
31972,59.97981876584876,3,3,17.891242031810293,2,0.9997911741537235,0,0.0,0
31973,55.44956780752311,3,1,7.502808319256234,1,0.20264087642648915,0,0.0,0
31974,39.07413375249555,3,4,7.077092466004776,7,1.000296697776098,0,0.0,0
31975,24.261786120498503,7,6,7.445517516781547,3,0.7203683596681911,0,0.0,0
31976,65.9519146283905,2,3,16.082868852270664,4,0.8089879871539292,0,0.0,0
31977,62.392072220036134,3,3,19.995471233661792,3,0.5265301528629127,0,0.0,0
31978,38.22075358715779,6,3,7.244127360029755,2,0.983663168335633,0,0.0,0
31979,66.3254079429488,6,3,15.719483795809836,2,0.49764281358831985,0,0.0,0
31980,35.97002010510566,3,1,6.416297259966485,4,0.4979534118942918,0,0.0,0
31981,58.88963221678226,0,3,0.0,7,0.25735143733429694,0,0.0,0
31982,40.138039987695166,2,1,6.270685965818058,4,1.000244235288922,0,0.0,0
31983,30.895084441808027,4,3,4.401993782879694,3,0.484026649967385,0,0.0,0
31984,31.407102950366344,2,3,0.8790070340293727,3,0.45623480973914377,0,0.0,0
31985,54.76925117497191,4,3,9.265795937142885,5,0.5027069607435555,0,0.0,0
31986,57.78829262509589,3,4,9.818720324080658,5,0.8448654100333622,0,0.0,0
31987,36.679533170813706,3,5,0.5535453424365286,7,0.6275524017036991,0,0.0,0
31988,55.159445144946986,3,2,23.941308486676633,3,0.9758937154463132,0,0.0,0
31989,29.665525211732202,1,3,12.465497336423919,5,0.0,0,0.0,0
31990,31.254362598652584,3,1,9.817365220669313,7,0.4621410242966323,0,0.0,0
31991,62.82290247540297,3,3,7.9026119183525685,4,0.9998653405575432,0,0.0,0
31992,39.414531396514796,3,5,14.406711083377886,2,1.0000924164934912,0,0.0,0
31993,51.320388151835935,2,2,17.01451340108531,7,0.9997982522362087,0,0.0,0
31994,55.844833361720305,3,3,14.942523553528178,2,1.000117195529616,0,0.0,0
31995,24.407719564505463,2,2,14.822483037259827,1,0.4700518032570114,0,0.0,0
31996,51.42595689794495,2,4,19.99821441369494,1,1.0001792491671602,0,0.0,0
31997,54.739881252578975,1,4,19.99966810703568,5,0.49904901223230946,0,0.0,0
31998,39.55381853917057,3,5,8.388814587286133,3,0.3146798444575236,0,0.0,0
31999,50.272784474590225,6,2,8.619111241756762,7,0.21335643335553334,0,0.0,0
32000,44.910281963460434,2,2,14.863923560614637,6,0.4694909312656712,0,0.0,0
32001,28.50993576864824,2,2,12.25034912389048,4,0.3765096714978484,0,0.0,0
32002,28.215289132469724,2,2,3.555978388410413,1,0.23213355834945293,0,0.0,0
32003,45.41908814909944,3,2,11.56909818918092,2,0.9569948937424062,0,0.0,0
32004,50.66487039321338,3,6,19.6558601279078,7,0.2698582552100338,0,0.0,0
32005,15.435039484953531,4,1,17.993716918883123,7,0.4923986381849227,0,0.0,0
32006,36.355729326912545,4,5,21.494572747725996,4,0.4984031203502287,0,0.0,0
32007,56.64704730782078,4,3,5.546651986982981,7,0.9994123071818297,0,0.0,0
32008,69.94177792696286,4,3,3.7260372188810535,1,0.4707398316643586,0,0.0,0
32009,27.976282352405565,4,3,7.945043244691146,3,0.9545022432166634,0,0.0,0
32010,10.195284334312113,3,1,13.82559856277519,0,1.00014710239269,0,0.0,0
32011,46.88803012825213,3,4,15.122981364424644,1,0.9487463360585655,0,0.0,0
32012,72.24259774133294,3,1,9.42876633996009,7,1.000061001023481,0,0.0,0
32013,60.56541824878875,2,3,10.623469381979826,4,1.0005009100201847,0,0.0,0
32014,32.77220934714863,3,4,7.157218438122948,2,0.49918270923150443,0,0.0,0
32015,46.59324757139377,3,6,14.019112117248113,4,0.7574016870616833,0,0.0,0
32016,34.08277013149382,4,6,14.355649217201238,1,0.19535662283152483,0,0.0,0
32017,32.74286492009479,1,6,12.651224294974977,7,0.9998958243798644,0,0.0,0
32018,42.452681587565834,4,3,11.417858157776811,7,0.5177176162891359,0,0.0,0
32019,40.37790618134917,1,4,10.780363892580848,7,0.9988492475158266,0,0.0,0
32020,29.25723380586276,3,3,1.244302235962662,2,0.541776198055208,0,0.0,0
32021,40.182362332585036,2,1,2.1178874747138394,7,0.1873174140404784,0,0.0,0
32022,55.63558651952731,4,2,16.04947443947412,1,0.2776643187811256,0,0.0,0
32023,31.90879246291373,3,3,3.1246192604860683,7,0.986689749419988,0,0.0,0
32024,30.295703160111774,5,2,11.367250525717695,3,0.2586422925655126,0,0.0,0
32025,35.654021003133934,3,6,15.348675597938588,7,0.25338228043628647,0,0.0,0
32026,14.542213053453157,4,1,15.412324054556347,1,0.0,0,0.0,0
32027,35.10175470317512,2,5,19.99432370983957,1,0.9016127382088102,0,0.0,0
32028,32.07074942662888,4,4,17.830467402089738,7,0.5112316741036824,0,0.0,0
32029,51.91389999469776,3,1,19.995214989088446,1,0.7795516150842978,0,0.0,0
32030,40.69597023215864,4,3,11.907908924391549,6,0.9999880418188741,0,0.0,0
32031,50.44665181223998,3,6,9.307500911538789,7,0.41814283606738023,0,0.0,0
32032,55.72429723625805,3,3,9.650104715567736,3,1.0000791393804451,0,0.0,0
32033,54.814392517649665,3,5,7.598590665757147,1,0.5396515004762303,0,0.0,0
32034,24.39050514536695,3,4,6.90114158215819,7,0.3686346030946873,0,0.0,0
32035,25.953355033667492,1,3,1.7744172713712398,3,0.7222725364665322,1,3111.8346897683323,1
32036,36.22067814731437,4,5,7.166352194469221,1,0.01437571907962476,0,0.0,0
32037,42.93178060120861,4,6,16.02278411063792,2,0.5413618334180392,0,0.0,0
32038,52.845256747105424,3,1,11.743286496651061,4,0.9999940059980326,0,0.0,0
32039,50.231454636407854,3,1,2.3598202805529738,0,0.49975043328828717,0,0.0,0
32040,31.85985656810655,3,1,7.858549971297922,1,0.0,0,0.0,0
32041,27.61686416265613,2,3,6.936454572907699,3,0.5082313359336705,0,0.0,0
32042,36.85941054776257,3,2,6.571632990104403,5,0.9999509643211203,0,0.0,0
32043,42.25800164789452,3,2,19.40416872585995,1,0.7185399887245288,0,0.0,0
32044,49.60280425222433,3,4,5.4405143942807115,7,0.856567095588884,0,0.0,0
32045,52.46319899285243,1,6,18.68853165437939,1,0.9808263180003296,0,0.0,0
32046,81.80776308655373,3,6,14.401404521627382,1,0.9997846504100258,0,0.0,0
32047,47.00365733474077,3,3,10.716360711272891,1,0.0,0,0.0,0
32048,29.271330866406338,3,4,7.24449243423691,0,0.6161768327735708,0,0.0,0
32049,47.06168028870613,6,6,23.344533947356254,7,1.0004070693728524,0,0.0,0
32050,45.89984290960279,4,3,19.944190255945685,2,0.9994302061031382,0,0.0,0
32051,41.63747701820825,3,6,9.290393381722124,4,0.47698077124446997,0,0.0,0
32052,20.36118268901583,0,6,0.5212010601075203,7,0.9994007079112079,0,0.0,0
32053,40.823335093477894,4,1,19.273616323784104,2,1.0000390275712558,0,0.0,0
32054,40.22665881963148,5,1,0.0,7,0.9327871557559182,0,0.0,0
32055,30.197634409312165,5,3,14.443715500164245,3,0.4989203144125807,0,0.0,0
32056,42.715674129676174,1,6,14.322145767013957,3,0.31038601930858795,0,0.0,0
32057,47.752225560834454,3,3,13.331618722062498,3,0.5006795286833652,0,0.0,0
32058,39.53459994440725,3,4,14.825905216601884,7,0.20966012720623772,0,0.0,0
32059,58.96032268864259,2,1,18.23433403002673,2,0.2698325959017739,0,0.0,0
32060,57.514149865651305,3,4,19.99729429681055,7,1.033465413514561,0,0.0,0
32061,44.74650605046783,2,6,6.862776959404992,3,0.14937182388122194,0,0.0,0
32062,32.602509431060156,4,2,7.84105942088987,1,0.0,0,0.0,0
32063,48.1921589293926,4,1,9.779053431632649,7,0.5691041689131161,0,0.0,0
32064,41.86822110907434,3,3,22.711159881167085,5,0.4978465464270436,0,0.0,0
32065,48.600763130872096,6,3,14.367545284615861,4,0.0,0,0.0,0
32066,66.69184617423007,6,3,6.7067648753005695,6,0.3230957316279357,0,0.0,0
32067,34.857866921011706,4,1,16.738939898005203,0,0.7514965361129308,0,0.0,0
32068,54.93203745804453,3,1,6.232007494183042,3,0.4980205851256979,0,0.0,0
32069,55.76775813424783,3,3,7.642962389960477,3,0.9376453277211931,0,0.0,0
32070,38.82653622543575,3,1,8.119591580233656,3,1.000319864508371,0,0.0,0
32071,40.76401126039259,2,5,19.482382693890212,4,0.99986480552178,0,0.0,0
32072,32.67427040157472,3,3,13.082035377250508,3,0.9997457586781107,0,0.0,0
32073,53.19790941075171,5,6,3.485149763091263,7,0.9992504829546771,0,0.0,0
32074,51.01845522613401,1,3,0.0050966634896347784,1,0.9995402160981339,1,211260.29167540403,1
32075,59.10598805558102,3,3,3.485846994101866,2,0.4970575124279906,0,0.0,0
32076,46.69463995228666,4,4,0.0,7,0.7815444193277694,0,0.0,0
32077,25.903207932819132,4,2,14.687719208076626,7,0.4098693392611878,0,0.0,0
32078,51.5701749376134,3,6,15.862516231735103,2,0.3454147486199075,0,0.0,0
32079,45.24494138823669,3,3,11.60039688642949,7,0.4177393617323753,0,0.0,0
32080,13.82278305647856,5,1,2.027115973517894,4,0.4711251985251652,0,0.0,0
32081,35.40139499460294,3,6,18.405245635095905,5,0.30026709441448973,0,0.0,0
32082,42.3114156369947,2,5,4.6798461992666835,7,0.6859344559575236,0,0.0,0
32083,40.131065391593985,2,4,6.397704412182158,1,0.95233640854678,0,0.0,0
32084,41.65882767428468,1,3,9.828046583246367,2,1.0003010312672878,0,0.0,0
32085,39.59180436932871,3,2,6.609574976179043,4,0.049943133727612166,0,0.0,0
32086,17.805813470689973,3,6,5.036728422637159,1,0.48965415127902956,0,0.0,0
32087,24.655587872737417,2,6,14.452530755564313,7,0.45423306183591444,0,0.0,0
32088,46.0583341981698,3,1,14.676176141047941,7,0.9341436089513467,0,0.0,0
32089,67.58938641087472,2,1,5.223194740158882,7,1.0002234566447599,0,0.0,0
32090,54.354323980248246,3,4,14.89398554896206,1,0.9269941351738158,0,0.0,0
32091,18.42259266434493,4,4,5.6417916151805585,2,0.9999674080996644,0,0.0,0
32092,42.59791702073955,2,2,12.4590937446239,7,1.0006940233173969,0,0.0,0
32093,59.195599335149495,0,4,19.99709131001371,3,0.4980432943922627,0,0.0,0
32094,45.127775259585725,4,6,17.21790693995208,3,0.9996683999062798,0,0.0,0
32095,36.59744749951338,3,4,1.6619866013296427,7,0.06386901078343576,0,0.0,0
32096,55.92079868699743,5,3,2.3297001564710307,4,0.49598329722090306,0,0.0,0
32097,41.616934734229645,4,2,8.124300177528163,7,0.9994207517223914,0,0.0,0
32098,24.928476564606832,3,4,20.00626029856599,1,0.3771156622253741,0,0.0,0
32099,37.67945712999166,3,3,19.991571592371315,5,0.62718435004101,0,0.0,0
32100,27.254919368324423,3,6,3.5032124554558575,4,0.0,0,0.0,0
32101,33.08747255360173,4,3,6.003182761492099,2,1.000114682465175,0,0.0,0
32102,44.99554903550232,4,5,20.019846317636073,1,0.0,0,0.0,0
32103,34.26876860863818,3,4,19.981999967649664,1,0.48078398173393444,0,0.0,0
32104,48.11336761825725,4,3,9.008074810377089,6,0.10280215268909787,0,0.0,0
32105,29.492854890934286,3,4,5.972943862060062,5,0.17739361472163895,0,0.0,0
32106,42.39559313287649,5,1,15.836865408236733,2,0.23824986690403133,0,0.0,0
32107,53.781060351651384,2,2,9.841584070858083,7,0.9998814416262692,0,0.0,0
32108,37.81254471557326,3,2,17.69105593153284,4,0.3177307248887202,0,0.0,0
32109,65.59454020726497,4,3,26.587724050200418,2,1.0001443998097252,0,0.0,0
32110,12.736418055579161,4,3,4.710333623324736,7,0.43810500479536296,0,0.0,0
32111,54.79111558537121,2,1,11.784861752368073,2,0.4975681613810304,0,0.0,0
32112,48.947022372096335,2,2,9.253623712984298,6,0.39956406650588305,0,0.0,0
32113,13.649430402264862,2,4,21.821097799848065,3,0.0,0,0.0,0
32114,47.431933680010374,3,5,6.680082202494202,7,0.9272687431609267,0,0.0,0
32115,42.80799432348027,4,4,15.289192299517769,7,0.7266426722323223,0,0.0,0
32116,61.77507374798746,2,3,13.970994311379854,5,0.495118587560147,0,0.0,0
32117,47.371709800134965,2,4,4.4964240289247694,1,0.9284164225669589,0,0.0,0
32118,46.0077274101332,3,3,16.007546641012762,1,0.9999062953129871,0,0.0,0
32119,44.284065176519775,3,4,17.312587728744152,0,0.01209259909268734,0,0.0,0
32120,37.01872130933798,2,3,12.897719760669345,6,1.0003031942213518,0,0.0,0
32121,36.53087810423009,2,5,7.905964317878409,7,0.9470687524528184,0,0.0,0
32122,45.815835241920674,3,3,3.3054854765636597,2,1.0000226413062232,0,0.0,0
32123,32.475835939740286,3,3,7.690042984461618,7,0.6493695042107364,0,0.0,0
32124,46.33582893301397,4,3,8.971602655799376,4,0.5227518875603103,0,0.0,0
32125,33.52985351371941,3,4,19.099105088967935,2,0.8375458471124095,0,0.0,0
32126,22.75247993907452,2,6,10.67326084416971,4,0.6104480746472518,0,0.0,0
32127,40.03779276366373,4,3,17.29999228628925,7,0.883257827066803,0,0.0,0
32128,53.602152216933575,3,2,20.90926153238263,4,0.9995642837085013,0,0.0,0
32129,43.33075310797791,2,6,2.0983504256682988,4,0.16508657595316922,0,0.0,0
32130,21.197394159904302,2,2,17.31666043538052,7,0.9345607459982624,0,0.0,0
32131,46.11382386299024,5,1,12.117942208581507,3,0.0,0,0.0,0
32132,57.119724516204336,3,2,7.72344188310362,7,0.9996842143932876,0,0.0,0
32133,51.2047319255163,6,6,0.0,7,0.9633773215140498,0,0.0,0
32134,52.57999367929675,3,3,13.034117769425094,3,0.9934297724852628,0,0.0,0
32135,18.054482191077557,1,1,12.74223745143414,2,0.0,0,0.0,0
32136,50.5059468567864,4,2,5.230901847597037,7,1.0003102994474673,0,0.0,0
32137,62.41827563675094,2,1,5.688808328392388,3,0.5072934941628723,0,0.0,0
32138,47.56350490145945,4,5,20.003119063978886,1,1.000517196030771,0,0.0,0
32139,35.68838279244667,2,6,22.31187061635209,7,0.9999591125314623,0,0.0,0
32140,41.74399468644536,4,1,7.496126770905253,6,1.0001244013008233,0,0.0,0
32141,54.55038701247359,3,1,11.139625721565489,1,0.4993172524235485,0,0.0,0
32142,33.041311883239935,3,6,9.44283024020405,0,0.9997529038543295,0,0.0,0
32143,48.293044582239744,3,6,13.84335080817261,2,0.9999110733677069,0,0.0,0
32144,39.93990249569042,3,3,7.1058190605947,4,0.999930878539898,0,0.0,0
32145,52.980014182060934,1,6,9.129016286413682,7,0.9998155369687245,0,0.0,0
32146,35.82870677977951,4,3,14.431927117323806,7,0.9999836333942702,0,0.0,0
32147,50.695246086716985,2,6,14.424886914936046,7,1.000140134018312,0,0.0,0
32148,56.35932496087267,2,5,6.487501139873299,7,1.000123212581614,0,0.0,0
32149,19.958061240607893,3,4,19.995790596538612,1,0.33749067136840094,0,0.0,0
32150,53.05442528583325,3,3,20.007189607055373,6,0.3511314631458507,0,0.0,0
32151,28.5277242432254,1,3,15.146656078874603,1,0.6712170272934802,0,0.0,0
32152,36.75912900965002,3,6,18.96910024542036,2,0.9734033410924838,0,0.0,0
32153,31.497800425244606,3,1,9.248894430986953,2,0.5009319216045192,0,0.0,0
32154,39.50574721706578,3,3,19.73861259956339,3,0.7376467495871333,0,0.0,0
32155,41.16696442002584,0,2,8.384692651608637,6,0.7929967109172401,0,0.0,0
32156,53.35836574056941,3,6,3.682305407717849,7,0.41492824881973484,0,0.0,0
32157,53.67404674027691,4,2,7.633624940696945,6,0.9404035658327122,0,0.0,0
32158,54.194272199917435,4,1,19.999563163481618,5,0.7905523580723757,0,0.0,0
32159,55.18413568300721,2,3,6.947278409553716,7,0.4956978322815154,0,0.0,0
32160,59.22461836394437,2,1,0.0,6,0.47644359215480125,0,0.0,0
32161,45.358675910131396,2,3,1.7125655464720566,7,1.000262764212315,0,0.0,0
32162,38.9371851443047,2,1,16.029099543027417,4,0.9997483416129435,0,0.0,0
32163,53.91609451402349,3,5,7.0284090998081465,7,0.9996162546737383,0,0.0,0
32164,56.701866900104434,4,4,20.002198633405317,4,1.0002618769999283,0,0.0,0
32165,32.37991827235346,4,6,3.4691141118061655,0,0.06417919778568337,0,0.0,0
32166,48.06987859355886,3,1,20.00295258169503,2,0.5655879554962217,0,0.0,0
32167,35.09404933376806,1,3,13.800950345993254,2,0.18334039798670942,0,0.0,0
32168,47.522431602599,6,3,5.925071331023197,5,0.9996301067814248,0,0.0,0
32169,77.39607347662235,2,5,11.591890741179602,5,0.49804049140564577,0,0.0,0
32170,31.170350910030596,3,3,7.264669228567312,4,0.9999604727437423,0,0.0,0
32171,40.72076985051428,3,1,0.0,5,0.5012362167610993,0,0.0,0
32172,36.354290243107044,3,4,19.99930024311014,7,1.0000348430458665,0,0.0,0
32173,44.35221441199389,2,3,23.269972049840774,5,1.0000653519095106,0,0.0,0
32174,41.121854623722406,3,6,12.928181557520002,4,1.0004247859438171,0,0.0,0
32175,73.22080327904163,3,1,20.00368899072244,5,0.703619969973555,0,0.0,0
32176,32.74372451222119,3,1,4.3311967554686825,2,0.06123490255709019,0,0.0,0
32177,19.798958787607127,3,5,12.178884241685498,3,0.0,0,0.0,0
32178,50.11477663482614,3,3,8.236081990626337,4,0.503640504891668,0,0.0,0
32179,35.72885098734092,3,3,4.414776175534793,6,0.9997571127541993,0,0.0,0
32180,30.67646244550526,4,1,2.7192282118172635,7,1.0007512117047772,0,0.0,0
32181,39.16631540013096,3,2,13.992847178868486,1,0.4565714026291414,0,0.0,0
32182,52.66822245810729,4,2,5.279978015228714,7,0.9998317424955281,0,0.0,0
32183,47.10629735057679,2,2,19.99701503541076,1,0.41080897635836755,0,0.0,0
32184,65.77125487436015,4,6,16.157736500106026,5,0.9996580603475796,0,0.0,0
32185,57.985218182052215,6,3,15.339398845132056,3,0.9148258219243213,0,0.0,0
32186,51.44143264075453,1,1,4.637947056302686,7,0.6425831518587748,0,0.0,0
32187,34.317032501128,3,3,12.110563276457619,1,0.7182353958628904,0,0.0,0
32188,50.78839495532731,5,1,17.120727306445044,3,0.9640934086185045,0,0.0,0
32189,20.94567746770325,4,2,13.033288112256612,7,0.9995712358704919,0,0.0,0
32190,56.27278572811364,5,5,16.012231406213097,7,0.5152161240686397,0,0.0,0
32191,31.878422899975746,3,4,11.82911735865053,1,0.40175080452706097,0,0.0,0
32192,22.16006437182189,2,6,16.376748107842527,7,1.0002184541663184,0,0.0,0
32193,52.15584723073377,4,2,13.966154988790924,6,0.027773786086872865,0,0.0,0
32194,52.04195575353036,2,4,7.9744178731066615,7,0.9261239932057905,0,0.0,0
32195,33.59489557435178,2,3,12.753664502009576,7,0.06504719254415836,0,0.0,0
32196,63.42121654244406,4,4,3.2657841871680695,1,0.2742417674864254,0,0.0,0
32197,50.84826119867864,4,6,7.843292526843135,7,0.9359853689791616,0,0.0,0
32198,43.39662275471454,3,5,1.3159283897803675,1,0.7749859448789399,0,0.0,0
32199,45.68837036430399,2,6,5.491419186085826,4,0.5425420562711933,0,0.0,0
32200,27.3289137499798,3,6,15.908504892254431,2,0.37036731564290454,0,0.0,0
32201,25.075556511238418,3,3,10.440772563021216,1,0.9998077945254793,0,0.0,0
32202,46.12001290296483,5,3,14.009235773774298,4,0.34549456328797407,0,0.0,0
32203,31.507812170457075,4,3,3.647310830012737,2,0.9783720814578534,0,0.0,0
32204,42.26080794380323,4,6,0.7942971032133777,7,0.9999700401376357,0,0.0,0
32205,60.67802357378852,3,5,6.1915329988908825,7,0.347837237083763,0,0.0,0
32206,35.585855645764255,4,1,12.59493961946237,2,1.0006353037560047,0,0.0,0
32207,31.56810926012354,4,3,10.116308156401947,7,0.9999556907404192,0,0.0,0
32208,23.98605685381451,6,6,4.2117856402075455,3,0.24232929388622637,0,0.0,0
32209,40.46932523732304,2,4,14.71450097225775,2,0.0,0,0.0,0
32210,47.39997738944795,4,6,12.208129510603877,6,1.3333787285476577,0,0.0,0
32211,45.58353147642295,3,5,19.995499485145338,1,0.9998345819081905,0,0.0,0
32212,34.34599618850625,2,3,11.350649613292507,2,0.9998239301555696,0,0.0,0
32213,22.77210419580057,1,3,11.483500168239333,2,0.5811315416839802,0,0.0,0
32214,37.64669895302074,4,4,9.463464021669871,7,0.010275263949293123,0,0.0,0
32215,32.255462542999894,2,6,14.085169783827642,7,0.41458789359995946,0,0.0,0
32216,39.76233009136391,3,1,8.23215389213934,3,0.5004327821217686,0,0.0,0
32217,6.1191924245553935,5,6,25.926089986898113,1,0.999668088995265,0,0.0,0
32218,44.415530831442986,6,3,13.5639378665971,1,0.6098813374961762,0,0.0,0
32219,45.529218062600336,3,4,2.101221522521639,3,0.0,0,0.0,0
32220,47.26497914463383,1,6,14.36356256152478,1,0.8628375507581876,0,0.0,0
32221,45.79588503464409,3,1,8.428114654518494,7,1.0000076419400905,0,0.0,0
32222,62.12219327441534,3,2,17.97032449830009,1,1.0002650140751395,0,0.0,0
32223,56.28433119767952,3,3,16.502714221012567,7,0.9841606772407805,0,0.0,0
32224,50.44061746333634,1,1,2.4130629770201875,4,0.618338746192305,0,0.0,0
32225,54.01026925751866,3,3,18.539252860893846,7,0.9213430131789403,0,0.0,0
32226,43.04993590340032,5,3,8.448949840890759,5,0.9552353437215004,0,0.0,0
32227,34.70624298121558,3,1,8.762839264562203,0,1.0000383072343961,0,0.0,0
32228,47.896665910587764,3,4,20.51676454373997,2,1.0006626329231771,0,0.0,0
32229,59.72666073250181,4,4,19.752162002295183,7,0.5089078414624636,0,0.0,0
32230,33.02462395831933,4,1,14.43678634642889,7,0.9085111346528187,0,0.0,0
32231,46.425432082529895,3,2,17.929358722390184,7,1.0003514298663205,0,0.0,0
32232,54.47888911948948,4,2,18.13687833741523,7,1.000038767974713,0,0.0,0
32233,50.61807522287752,3,2,8.295795445222746,6,1.000361991142179,0,0.0,0
32234,64.68645225701658,1,3,14.91955834235671,5,0.999752191194612,0,0.0,0
32235,57.999694321770946,5,6,4.8761222042159815,5,0.41736950246933274,0,0.0,0
32236,24.207012771513934,4,2,6.069085553637067,4,0.9385618121773068,0,0.0,0
32237,44.37938501911394,1,1,0.0,7,0.21417689916216698,0,0.0,0
32238,24.43441603182721,5,1,13.621326437583722,4,0.5642230320490529,0,0.0,0
32239,37.320969442161534,5,3,24.916382066884232,3,0.10602802620846474,0,0.0,0
32240,47.47783542604314,5,2,9.86113106926089,7,0.9996928476039664,0,0.0,0
32241,56.74278747632248,2,3,10.39288152855498,2,0.5048453603516131,0,0.0,0
32242,61.035938603612905,3,3,5.399628187034104,5,0.5029783292885024,0,0.0,0
32243,17.785783271641797,3,4,10.21996413073915,6,0.5649255819112625,0,0.0,0
32244,47.0761965193081,0,3,17.29905326565213,4,0.498827424416174,0,0.0,0
32245,35.917544330351454,2,3,20.002711164630565,1,1.0001958609129136,0,0.0,0
32246,39.400912733110864,3,6,6.639334955220354,3,0.9803896259892673,0,0.0,0
32247,35.77943652609399,3,1,11.358313753975382,7,1.0000337493343205,0,0.0,0
32248,41.07105634613344,2,1,11.323487793065796,6,0.6224381078136882,0,0.0,0
32249,49.03150164552575,6,3,14.608965998308012,3,0.4570328681166489,0,0.0,0
32250,24.167131408360095,2,5,3.109306106189994,4,0.417727020691806,1,59582.47118678668,1
32251,27.2880278721788,3,4,19.995936179697544,1,1.000415479478152,0,0.0,0
32252,48.1102158595595,3,3,14.887195090150824,2,0.19694371979639086,0,0.0,0
32253,53.704261479133514,3,6,9.408711084665653,4,1.0002394049337802,0,0.0,0
32254,32.311938952065525,2,4,19.994308313283963,1,1.0001210750389755,0,0.0,0
32255,40.505939380768055,4,4,23.497482705324394,7,0.6878280207170171,0,0.0,0
32256,50.15332748513208,3,1,1.0660146971977458,7,0.999776546737315,0,0.0,0
32257,30.20605227695173,3,1,11.405108790033328,6,0.5014183376920974,0,0.0,0
32258,29.491492230239174,5,4,0.1827575136986308,4,0.0075887835898347245,0,0.0,0
32259,40.44945520986949,2,1,11.717093274645556,3,1.0003598114623633,0,0.0,0
32260,35.55767129812746,4,3,7.8123961398984285,5,0.9998441053243872,0,0.0,0
32261,29.679889196703144,2,6,0.0,7,0.22025801377410642,0,0.0,0
32262,47.72379924121497,3,1,11.474979565706048,1,0.34898236569499363,0,0.0,0
32263,65.80054051962578,3,4,19.33361441139121,2,1.0001682918695651,0,0.0,0
32264,43.28787635768229,4,1,0.0,7,0.9414365936360544,0,0.0,0
32265,39.30807162589517,4,4,19.988638202317468,7,0.8586102024860767,0,0.0,0
32266,67.11525121009771,2,6,6.6430785010110736,6,0.9601766943854959,0,0.0,0
32267,44.282339914009334,1,3,8.170083739534284,6,0.775310356561611,0,0.0,0
32268,38.42836843188458,4,1,7.160698974196905,6,1.035225872552065,0,0.0,0
32269,40.51151823032374,4,1,15.223330395403075,1,1.012047045654306,0,0.0,0
32270,23.214803132674565,3,3,9.733553303426229,5,0.0,0,0.0,0
32271,43.52599608989727,3,1,13.20192750999001,4,0.03184983759478632,0,0.0,0
32272,32.13038946816005,3,4,6.875858358665151,7,0.5350081502610396,0,0.0,0
32273,55.48019738756456,4,4,20.00054474088258,7,1.0000797306322338,0,0.0,0
32274,52.03975320598733,4,1,15.582462822887397,7,0.9993187444452964,0,0.0,0
32275,24.70352717853676,3,2,12.094646123916373,4,1.0006116142839812,0,0.0,0
32276,21.68366155359281,5,2,13.358095542055418,2,0.007919752444022099,0,0.0,0
32277,65.32371802740317,4,2,11.111886277284665,7,0.9446586535252407,0,0.0,0
32278,26.424361073843766,4,2,11.964454238071013,3,0.4215109459597031,0,0.0,0
32279,36.296036723954636,3,3,19.514254876146317,7,0.9808600320137126,0,0.0,0
32280,33.88602220315555,3,6,20.004163380282364,1,0.9998480552198432,0,0.0,0
32281,69.25157460856771,2,3,13.754372635208695,1,0.4980152690365963,0,0.0,0
32282,52.79972810717765,3,6,9.370204784781384,7,0.99987642354833,0,0.0,0
32283,46.4837184517756,3,5,19.354494770573474,6,0.29984708405980826,0,0.0,0
32284,54.37873821034127,0,3,4.268662472218928,3,1.0000604582036057,0,0.0,0
32285,52.93510255503884,4,4,12.891500557215526,1,0.46857914333539386,0,0.0,0
32286,29.392573350760287,6,4,12.34392923848062,1,0.4909602068634867,0,0.0,0
32287,28.90290413400015,2,2,7.4658683631856215,3,0.6420146463227417,0,0.0,0
32288,33.08627410625434,1,3,1.9895340867610187,2,0.9998489926497587,0,0.0,0
32289,38.40082781577419,0,1,9.652647488078026,7,1.0002921310937778,0,0.0,0
32290,25.604333055468775,2,3,5.4448416353615645,2,1.000476021664488,0,0.0,0
32291,42.81053562534767,4,3,3.6551829161034926,1,0.918502755541651,0,0.0,0
32292,19.112843004602134,2,3,5.538974390087092,1,0.4949495741594212,1,14201.799271749169,1
32293,44.72434966560961,3,7,20.008981845800868,1,1.00009267205389,0,0.0,0
32294,61.89031937456462,0,6,16.68682960719638,3,0.6672665143346973,0,0.0,0
32295,56.57838002319731,5,2,6.171040608190997,6,0.05120870588347948,0,0.0,0
32296,44.906991351192595,0,6,4.7050276036404055,1,0.0,0,0.0,0
32297,59.56913997879656,5,3,25.073528416536497,7,0.7432277540881547,0,0.0,0
32298,49.15083248468746,2,4,1.1526475664767286,3,0.2496306730391848,0,0.0,0
32299,47.678651554406144,4,2,6.489347596834596,6,0.0,0,0.0,0
32300,53.95394773347401,3,4,3.6724705654263206,7,0.3235671766296028,0,0.0,0
32301,35.4581321694009,4,4,19.993405961474444,2,0.05635886522435418,0,0.0,0
32302,22.321041252134606,4,1,15.499549599868669,4,0.4392819321999132,0,0.0,0
32303,48.46085176070223,3,2,10.66760827006315,4,0.6633134788438378,0,0.0,0
32304,46.778749043810436,3,6,6.55115135424319,7,0.999837246757012,0,0.0,0
32305,24.276213201675567,4,3,11.183399756275241,1,0.9771487209405206,0,0.0,0
32306,50.26905306488458,4,3,6.5538184539426645,1,1.0000146318947523,0,0.0,0
32307,43.11635339526161,5,2,20.382548132142162,7,0.33365083896462944,0,0.0,0
32308,37.82358114658513,4,1,14.999029586596004,3,1.0036949825870523,0,0.0,0
32309,54.378167880027874,4,6,12.391077383559644,6,1.2660799874195519,0,0.0,0
32310,47.93909149952838,3,6,21.06985772963236,7,1.000373099377059,0,0.0,0
32311,38.82533593117199,3,4,19.21146107286952,3,1.0005494300791444,0,0.0,0
32312,47.413127178411585,2,1,12.044542813308192,3,0.9995400233429759,0,0.0,0
32313,50.151674767494455,2,5,18.77108038074647,1,0.7683487596565055,0,0.0,0
32314,53.35637259413849,6,3,9.708666211800274,7,0.9474694353992341,0,0.0,0
32315,33.99423771781818,5,3,1.8883341965077545,1,0.9474876634449949,0,0.0,0
32316,33.711990004337814,4,3,11.591195338702954,5,0.8302994202687117,0,0.0,0
32317,60.18465528520147,4,3,0.0,2,0.5068334663029355,0,0.0,0
32318,42.2529202561435,3,1,10.237521293669229,4,1.0005496984668936,0,0.0,0
32319,41.723223527704754,3,2,3.5018602543587924,7,0.461594734107959,0,0.0,0
32320,29.968262930726777,2,3,4.265594186605901,4,1.0000710850623764,0,0.0,0
32321,49.50896168270154,5,3,3.2609715634486633,2,0.8911374439573854,0,0.0,0
32322,21.994842350943777,6,6,10.62983446099999,4,0.6265943488944529,0,0.0,0
32323,33.920150823935145,3,6,10.393812721500638,7,0.966405691918675,0,0.0,0
32324,47.93004966758162,2,5,19.482435350860065,7,0.9994870869700136,0,0.0,0
32325,58.72603189241461,4,2,17.993864946951923,4,0.3779059656254067,0,0.0,0
32326,43.397048058255834,4,6,16.378529119782034,7,1.0003757251873933,0,0.0,0
32327,40.50869979431602,0,3,7.686030055301245,7,0.4773352504208162,0,0.0,0
32328,46.405912528953344,0,1,20.425090859507932,4,0.5015005568743233,0,0.0,0
32329,34.03338011439987,3,6,21.643157573098314,4,0.9628097017387827,0,0.0,0
32330,50.38203068857473,4,2,4.556793283966696,7,0.3692974165952661,0,0.0,0
32331,62.66077543898983,2,2,7.862572152797188,7,0.9993301057427662,0,0.0,0
32332,43.38641962373284,4,1,6.46413889763085,3,0.5198593440429597,0,0.0,0
32333,47.60341361326902,3,3,6.441517135447202,7,1.0002218853742,0,0.0,0
32334,52.75391364725927,1,3,12.120440721420366,7,1.0000697947102166,0,0.0,0
32335,40.89251501828915,3,3,14.594329802392895,7,0.7100688833720951,0,0.0,0
32336,22.48695123587518,2,3,4.483650222959788,2,0.5017120599612781,0,0.0,0
32337,49.55893626483921,3,2,14.980187889720288,1,0.5951773806879441,0,0.0,0
32338,37.10519134404884,3,5,14.485838324981398,1,0.9998739666646246,0,0.0,0
32339,42.72855221445014,3,1,17.519670821553845,3,0.9998427579324893,0,0.0,0
32340,30.21332156674773,4,3,4.194060004000616,2,0.9402924381743014,0,0.0,0
32341,30.60205455791003,2,2,16.76201394025362,4,0.9751395816872731,0,0.0,0
32342,45.51282649809596,3,3,19.99535892057162,1,0.28392125538817575,0,0.0,0
32343,15.424870801206477,4,3,2.1260241163034017,6,0.7370160044610389,0,0.0,0
32344,29.173909648679643,3,1,12.205481883315857,6,0.9994949743727984,0,0.0,0
32345,52.41944738731916,3,5,17.531339270873012,1,0.9995263965236676,0,0.0,0
32346,65.44540427630406,1,5,7.2351508203802934,5,0.5160446011067202,0,0.0,0
32347,42.174906929893645,3,1,16.22854365615115,7,0.9998336976433178,0,0.0,0
32348,52.42677949289666,2,3,4.1177323673949076,7,1.0007705129132434,0,0.0,0
32349,47.018289146988174,3,6,21.51032577741646,6,1.0104349247960993,0,0.0,0
32350,41.431896204494016,2,4,8.077917781445944,2,0.1755415298635422,0,0.0,0
32351,54.85578242456374,3,4,11.213497724422254,7,0.8730947174877831,0,0.0,0
32352,24.637056707295255,3,2,13.053165187246917,3,0.37119802573522037,0,0.0,0
32353,60.492153359920046,3,3,17.450347874028694,3,1.00020512046764,0,0.0,0
32354,36.77837798608709,3,6,3.3399596081544685,7,0.0,0,0.0,0
32355,44.91876575736606,3,3,7.554065986004619,3,1.0003943209020942,0,0.0,0
32356,21.751450336721238,1,3,9.362869555761936,4,0.14736909959141564,0,0.0,0
32357,57.72318232751981,4,3,13.387960765094249,0,0.2955589672723402,0,0.0,0
32358,39.14412587346432,2,1,0.0,3,0.9565195041776796,0,0.0,0
32359,40.98283336196791,3,6,17.775780964076908,4,1.0000389020518305,0,0.0,0
32360,37.688845093359646,4,5,14.779422933565112,4,0.49518749950958735,0,0.0,0
32361,64.10458045339635,2,3,13.212930733621002,2,0.9920249653649746,0,0.0,0
32362,43.15373319421093,3,0,14.362245516914086,4,0.9997169792177294,0,0.0,0
32363,32.19427800532621,6,3,13.515660764352825,4,0.500735246005727,0,0.0,0
32364,34.34244445807485,4,1,23.301870179881192,7,1.0003552730952103,0,0.0,0
32365,40.151744852003944,3,5,16.199671798902145,4,0.49935419951714366,0,0.0,0
32366,77.3955617621746,3,4,21.906427597449742,1,0.8238809680595112,0,0.0,0
32367,34.56936143371222,3,7,10.619142224061978,5,0.42683378249826287,0,0.0,0
32368,61.64356862047556,3,3,0.0,4,0.30256415535895537,0,0.0,0
32369,40.17151920067218,2,3,3.548940586706557,7,0.7773409940535368,0,0.0,0
32370,21.620022167538632,4,5,0.0,1,0.5765909535257793,0,0.0,0
32371,35.55919253671304,3,1,15.751379111002796,3,0.9999316876941475,0,0.0,0
32372,37.33050386383279,3,1,12.35075615269209,2,0.50178602438426,0,0.0,0
32373,19.151936705254528,4,2,2.4721266179435215,5,0.0773832910017137,0,0.0,0
32374,46.48973694955615,5,6,17.782691455312868,5,0.8031677384721898,0,0.0,0
32375,28.977245040707302,4,4,20.00199310442358,4,0.46398810202711094,0,0.0,0
32376,31.033358027224978,3,3,13.96755553893002,4,0.9144813628825157,0,0.0,0
32377,52.5134562240314,3,1,2.301140098247842,4,0.2769489709883115,0,0.0,0
32378,49.43456986582378,3,3,0.0,4,0.1326165936173268,0,0.0,0
32379,34.442072884008184,4,4,14.730351347709465,2,0.3480878130136274,0,0.0,0
32380,49.836724641160565,2,1,9.217203261780774,4,0.5031490489234645,0,0.0,0
32381,54.97003707647805,3,6,11.673079655301045,7,1.000630066042889,0,0.0,0
32382,37.387420403527706,1,2,9.626882306356519,7,0.641873232917689,0,0.0,0
32383,29.656234811805177,3,2,7.735372440905982,1,0.41869823244887117,0,0.0,0
32384,49.00792039059732,5,3,17.68203339508678,7,0.5100860714809073,0,0.0,0
32385,60.588703090852604,2,6,8.312230106697609,1,1.0003829190242335,0,0.0,0
32386,41.401316741081715,3,3,7.3508545742362426,3,0.1076215556886162,0,0.0,0
32387,27.268728345535727,3,1,20.003170078322533,7,0.9997794175368074,0,0.0,0
32388,49.7875936186254,4,6,6.663496305044746,7,0.9999468223060073,0,0.0,0
32389,38.861976133361246,4,5,18.585186840977794,6,0.5009352141583427,0,0.0,0
32390,30.948939921444467,3,2,10.788266036804503,1,0.4959699729925291,0,0.0,0
32391,40.46362536219264,3,4,17.547787789114416,1,1.0068117522225843,0,0.0,0
32392,56.33326508632607,3,6,14.800958870847754,7,0.9990702951350703,0,0.0,0
32393,45.996061014230705,3,3,17.31743581604848,5,1.0000471808573064,0,0.0,0
32394,33.8460757976005,3,5,16.904400909447194,7,0.6061241295059218,0,0.0,0
32395,45.41188281485549,3,1,11.602862100948208,2,0.4986785273505246,0,0.0,0
32396,43.83094194287303,2,4,17.993938738576183,3,0.022150192139871683,0,0.0,0
32397,46.562827931503485,3,2,14.813328627328737,2,1.0002327179231822,0,0.0,0
32398,60.560509316676765,3,1,1.0855864807048707,1,0.3764286187687422,0,0.0,0
32399,26.55690826400695,2,6,9.993169216389061,4,0.1552958227012774,0,0.0,0
32400,38.92883752178228,4,3,11.767070159154748,2,0.9996481711920275,0,0.0,0
32401,42.224984667567306,4,6,2.4059781432640026,7,1.0006513531590648,0,0.0,0
32402,41.587873077638925,4,4,4.238763968150015,7,0.9999681271785212,0,0.0,0
32403,68.19403772602983,3,5,11.267078565837695,7,0.1710880341847113,0,0.0,0
32404,52.26789492212924,4,1,11.640617369138106,7,0.9994703632088737,0,0.0,0
32405,30.399302795555204,3,1,20.00192980144793,3,1.1179604160323173,0,0.0,0
32406,40.53970094923928,3,5,16.59868692855004,7,0.0,0,0.0,0
32407,52.88582573277636,3,3,12.79210172190979,5,0.9466516276310084,0,0.0,0
32408,49.327175131891,6,1,2.5857874670834295,7,0.9995921955409801,0,0.0,0
32409,38.419386819044256,0,4,10.877728464760573,7,1.0004231081596768,0,0.0,0
32410,51.64206702014132,3,4,0.0,7,0.2914863861427287,0,0.0,0
32411,55.044215151446394,3,5,6.0665691436064035,1,0.9338071946441764,0,0.0,0
32412,53.20410995700339,3,2,6.657802826161401,7,0.9999053036439403,0,0.0,0
32413,28.366660886775474,4,6,5.892656710582475,1,0.9668788086398679,0,0.0,0
32414,51.4762960789237,2,3,20.01139564877939,1,0.7125992381549925,0,0.0,0
32415,64.148127948167,4,1,4.8707736157691555,6,0.92818924777035,0,0.0,0
32416,35.96364866168678,1,3,0.5472086712427355,7,0.9995055052014453,0,0.0,0
32417,46.02151742063691,3,1,9.842057647120562,6,0.9998853966639167,0,0.0,0
32418,47.02598362111554,7,2,13.080033308496803,7,1.142505947677166,0,0.0,0
32419,33.11252864032665,4,4,19.99237316642374,6,1.0005221203461598,0,0.0,0
32420,28.531501325557002,3,3,1.616822772078347,5,0.2725376815670686,0,0.0,0
32421,45.726992648119655,0,3,2.7843277530968003,4,0.5020241029458202,0,0.0,0
32422,47.90996181246643,3,2,14.956247260121339,2,0.9998385719414805,0,0.0,0
32423,39.1255664137373,4,1,11.401875654420977,2,0.9998526632339374,0,0.0,0
32424,65.861520029136,3,6,10.171757235558067,7,0.6024232363344616,0,0.0,0
32425,33.15899938154095,4,3,3.9503614849706326,7,0.7851029289845405,0,0.0,0
32426,57.599018689627336,0,4,5.70775563069404,7,0.9998541246876732,0,0.0,0
32427,51.29534267012555,3,1,8.539044915012594,3,1.0002749025704571,0,0.0,0
32428,46.75509070352692,1,3,14.590633309869007,1,0.5000353645669875,0,0.0,0
32429,24.551710276688414,4,2,11.720285976240282,4,0.9299640663231401,0,0.0,0
32430,50.77336447019548,2,1,2.6261437202788187,2,0.9999896277655149,0,0.0,0
32431,30.101572567912918,3,8,13.898233128881346,2,0.9994732871272718,0,0.0,0
32432,52.34842412829845,3,3,13.034549756134341,2,0.9193363383232089,0,0.0,0
32433,20.90413949205567,1,6,11.106745854224416,4,0.409910854573746,0,0.0,0
32434,30.980394528203885,6,6,16.127139849990904,3,0.5116700033484154,0,0.0,0
32435,22.467651095767213,0,2,11.722746850490696,7,0.429201016291771,0,0.0,0
32436,32.80125216020468,3,1,0.0,2,0.5005761420697001,0,0.0,0
32437,36.50793211380118,4,1,19.430219127365614,2,0.5026539706561162,0,0.0,0
32438,28.999884091404688,4,5,14.403173646871624,2,0.4011512998930413,0,0.0,0
32439,40.71555680332188,2,2,8.477665010077267,5,0.4718483592839581,0,0.0,0
32440,42.75562293665162,4,2,12.606799915924991,7,0.9998823094292726,0,0.0,0
32441,31.711889496643607,4,4,19.998716956769293,7,0.5744350971949472,0,0.0,0
32442,49.70706473989212,4,3,6.485321412240452,1,0.5033845953996113,0,0.0,0
32443,25.560640384687563,1,3,11.26127964151122,7,0.9998354367053212,0,0.0,0
32444,50.26368176121879,3,2,18.956800724329153,7,0.5212425595366743,0,0.0,0
32445,72.64448280299965,1,3,15.440457107506127,4,0.4956065963749272,0,0.0,0
32446,29.900279574308314,1,2,14.48675901354523,5,0.21141410953653922,0,0.0,0
32447,31.268687117826122,1,4,20.004306282720062,1,0.4996063030990653,0,0.0,0
32448,43.08930435085869,4,6,7.049760025022995,7,0.9989776251245803,0,0.0,0
32449,28.814938145047172,3,2,7.2879998796419585,4,0.6628708870946285,0,0.0,0
32450,53.7335892155824,2,2,11.474030704513105,7,0.9998727606133826,0,0.0,0
32451,55.82014878446816,3,6,19.933713707827618,7,0.27197390527824666,0,0.0,0
32452,30.55678833965878,3,3,19.998272251378353,7,0.937746887713159,0,0.0,0
32453,29.36914614791114,6,1,17.449052049186392,6,0.5864331280046367,0,0.0,0
32454,45.053199566797346,4,1,0.0,7,0.4828383797185234,0,0.0,0
32455,23.36918365276467,5,1,6.482545158259405,4,0.2959667523052507,0,0.0,0
32456,18.155816095245108,2,4,8.586733476714674,2,0.9999818965669836,0,0.0,0
32457,43.36159958805333,3,6,15.983000069068776,3,0.9994420343235724,0,0.0,0
32458,31.119647146549685,2,1,7.488155981655905,4,0.499855547542096,0,0.0,0
32459,24.8465369213071,6,2,12.64774416525819,4,0.5488070812407119,0,0.0,0
32460,42.3800821988871,3,1,10.39394097639098,4,0.49767495650494187,0,0.0,0
32461,51.046022609980945,4,3,4.68356080352382,7,0.9998855180172956,0,0.0,0
32462,22.501063517612856,1,2,9.40031725475711,2,1.0536642736708517,0,0.0,0
32463,60.25274182426763,3,1,5.864924821529984,3,0.30596827191908754,0,0.0,0
32464,35.754926216887114,0,3,8.37431421242992,4,0.9264142144363428,0,0.0,0
32465,27.601834930177958,3,4,1.5958915078050833,7,0.9575683759752884,0,0.0,0
32466,32.59178755748224,4,1,10.28135234826301,2,0.043116068051964884,0,0.0,0
32467,33.381862905169015,3,3,17.43453626885014,2,0.2570479449454286,0,0.0,0
32468,42.90262447383703,2,6,5.309044865779275,2,0.5870490858341167,0,0.0,0
32469,55.94581440602389,6,2,0.6718766490812023,7,0.5483615452861031,0,0.0,0
32470,52.76482211163766,4,3,15.249661051637435,2,0.18872368632405057,0,0.0,0
32471,26.156561072943212,5,1,19.916697475612633,1,1.0003830613297702,0,0.0,0
32472,27.63243558952892,5,6,16.051013538685012,2,0.3911813181855227,1,23758.286034544904,1
32473,46.360590626758466,4,3,8.455495966053373,4,0.5033297395169749,0,0.0,0
32474,49.848318362147765,1,3,4.512634810503589,1,1.0007615585856995,0,0.0,0
32475,62.845109050067876,3,3,20.00369590877107,2,0.5517442175441245,0,0.0,0
32476,22.42906301037725,4,6,10.957408781510551,3,0.2506397354675326,0,0.0,0
32477,13.778048029788,4,1,6.5307712968430955,6,0.18772737658207728,0,0.0,0
32478,45.96530312722253,2,6,8.751082400063877,7,0.9993625192865342,0,0.0,0
32479,29.7814991435594,3,1,6.5588665201369585,2,0.5181457923339063,0,0.0,0
32480,50.573986132050614,3,3,3.186149054987446,4,0.49637364759854513,0,0.0,0
32481,47.608800424182434,4,5,12.857241240674927,3,0.6557678987587938,0,0.0,0
32482,57.1427164239097,3,3,14.031691470079723,1,1.0003672229774763,0,0.0,0
32483,40.28620101119639,1,6,6.087877349497174,7,0.4410045703981952,0,0.0,0
32484,43.05704465499925,2,5,14.572111231522705,7,0.9189185231838458,0,0.0,0
32485,37.59226082588218,3,3,22.072632870982737,2,1.0002412460590622,0,0.0,0
32486,44.34556807970438,5,6,16.302131673451857,7,0.9998666654373747,0,0.0,0
32487,57.84383431769997,5,1,13.35201678042633,7,1.000598979947941,0,0.0,0
32488,45.61602507583365,5,1,13.208925194564484,3,0.49863502623315026,0,0.0,0
32489,30.544726067306826,3,3,5.134025973937573,4,0.32224228972774843,0,0.0,0
32490,58.92812835998976,4,6,15.326488522986292,5,0.9129869165275486,0,0.0,0
32491,52.71714118299808,3,1,11.499249007279914,7,0.9996118000793852,0,0.0,0
32492,46.603550808513226,3,6,17.393126651129318,4,0.4113856986422244,0,0.0,0
32493,48.08021809991568,5,3,1.5864836028618097,5,0.5005608300609343,0,0.0,0
32494,65.28810782271499,4,3,1.5759045723856016,4,0.5059465679988815,0,0.0,0
32495,38.92613194394366,1,3,7.420517788500383,2,0.12725654985808,0,0.0,0
32496,15.871258325872322,3,6,13.011747770471906,1,0.9416512390219004,0,0.0,0
32497,17.48037534023485,0,6,10.896891709186356,1,0.21030053606027738,0,0.0,0
32498,37.076859559160646,3,1,18.719527871088843,2,0.9368370094631984,0,0.0,0
32499,39.49116534341199,1,1,15.197284566397418,7,1.000273820509805,0,0.0,0
32500,50.342013569441335,2,5,0.0,2,0.9851386594712144,0,0.0,0
32501,54.63432884189439,1,3,13.214366089371952,3,1.0004291780140715,0,0.0,0
32502,50.43040144641522,4,3,5.951842384877997,7,1.000497363002903,0,0.0,0
32503,41.00250333867017,2,1,5.081641167814318,4,1.000778516462352,0,0.0,0
32504,24.355943661657054,4,2,8.157091562816014,7,1.0001409022997683,0,0.0,0
32505,34.501698404413084,3,6,16.619395810809365,7,0.6187657779235354,0,0.0,0
32506,32.27594528516731,1,5,9.46040659098845,7,0.3495015430409003,0,0.0,0
32507,45.63097549729641,3,6,15.972133157971227,2,0.5353724041584479,0,0.0,0
32508,23.433301012652226,3,3,6.257699443953815,2,0.9997881527501677,0,0.0,0
32509,7.985936944451332,1,4,5.883522533615141,3,0.028981167799759122,0,0.0,0
32510,30.537428665078714,3,3,17.70037796145044,4,0.6319313286395146,0,0.0,0
32511,31.305717882642035,0,1,8.543471310021179,1,0.157996998172927,0,0.0,0
32512,42.62526092617718,2,4,10.160854290397761,7,1.0001160923177284,0,0.0,0
32513,41.48154198864742,3,6,13.72650665455268,3,1.0000530261726075,0,0.0,0
32514,32.86584286672503,1,2,4.307318068511091,6,1.00747846147961,0,0.0,0
32515,31.388559962278094,2,2,12.465121258189109,7,1.0001451575397782,0,0.0,0
32516,55.42069106281976,3,6,14.81010786596893,5,1.000528682497461,0,0.0,0
32517,61.39185168207553,3,3,14.961056251847062,3,0.999911289150551,0,0.0,0
32518,47.15710593592078,3,1,0.0,2,0.5005911412791753,0,0.0,0
32519,36.224045989102265,3,4,20.00216477825016,7,0.8364140409483249,0,0.0,0
32520,40.948807183297106,5,2,3.700422030388607,7,1.000362275881443,0,0.0,0
32521,50.64296578724557,1,5,0.0,4,0.9676378449604268,0,0.0,0
32522,26.97628111964438,4,1,2.095719662262166,7,0.929304506383279,0,0.0,0
32523,41.887627650807886,3,2,14.354449685748358,2,0.4604904079771379,0,0.0,0
32524,52.52216614653936,1,1,9.741431595480584,7,0.4568076586110934,0,0.0,0
32525,50.534372629477886,3,2,10.227469519815735,2,0.8364056289316322,0,0.0,0
32526,45.55105736229279,2,3,11.838401853755006,5,0.7896089056009231,0,0.0,0
32527,57.83440328813907,1,3,20.83731162251823,0,0.23891555081809068,0,0.0,0
32528,56.209660818945295,4,3,15.38066229110325,1,1.0018512005361986,0,0.0,0
32529,40.71780087045014,2,3,10.815874285164462,5,0.9996961812169824,0,0.0,0
32530,63.59726999660202,2,6,9.978948408814704,7,0.3585616776055448,0,0.0,0
32531,58.76076857432113,4,3,9.319900512246907,6,0.23210123987557002,0,0.0,0
32532,41.812374300900004,3,6,20.011441828779443,7,0.9844810565956966,0,0.0,0
32533,58.9157765800345,5,6,12.977571077753339,7,0.23737741478925783,0,0.0,0
32534,35.13733603639503,3,6,8.176600275033621,7,1.0005951052621376,0,0.0,0
32535,57.74853822175192,5,3,2.1129800674642087,7,0.9497321143425677,0,0.0,0
32536,33.92508007328635,5,2,7.781472853908406,4,0.5424767366455636,0,0.0,0
32537,46.14077444759512,4,6,22.124417939439148,7,0.999842364309937,0,0.0,0
32538,44.98237845489591,2,5,14.077468666410319,3,0.4558380366105428,0,0.0,0
32539,44.16578547629811,3,1,11.301984084712885,7,0.9995714752533501,0,0.0,0
32540,54.183748961655986,0,6,9.273152668468997,5,1.000123124911615,0,0.0,0
32541,49.882755245955806,2,3,4.62471710694896,0,1.0003898959720727,0,0.0,0
32542,37.43987941620526,2,2,11.163304595324885,7,0.6458408431618863,0,0.0,0
32543,19.663366405222853,0,3,13.080492651064057,2,1.0005932544875078,0,0.0,0
32544,58.87224845125367,2,1,17.071519953829494,1,0.6164218936930566,0,0.0,0
32545,22.256351368998565,5,6,8.978485878134247,7,0.6565251363903478,0,0.0,0
32546,41.37723446248433,4,3,0.0,7,0.44813528098674243,0,0.0,0
32547,39.412551452474254,2,3,13.521506406821523,7,1.000129349571663,0,0.0,0
32548,48.571227434143324,2,3,1.6586965123079,3,0.8952527050764802,0,0.0,0
32549,25.43883968967612,1,2,4.69705017374781,7,0.9995950712489539,0,0.0,0
32550,29.737578156497484,2,6,0.0,2,0.25539380558978036,0,0.0,0
32551,45.303985166687525,3,2,11.145393041849895,1,0.505958396394459,0,0.0,0
32552,41.52023518565442,3,3,12.897482329967202,5,0.9998509855064117,0,0.0,0
32553,43.643519522201665,2,3,7.135222917709176,2,0.9758197060266451,0,0.0,0
32554,43.140272906874884,2,6,0.5829260597459385,7,1.0007419993714082,0,0.0,0
32555,37.51023473334059,2,5,2.1464878212590133,1,0.9917515308707103,0,0.0,0
32556,56.10685901520724,3,6,19.304353451162115,3,0.3369851222352757,0,0.0,0
32557,66.55274519644165,3,3,1.167017698774913,2,0.5886650643116454,0,0.0,0
32558,24.480823339743036,4,3,3.501552912543656,2,0.38905380679018675,0,0.0,0
32559,48.72597266333855,2,2,18.19838976371885,1,0.0,0,0.0,0
32560,57.80414674341519,1,3,7.3953475263205,7,0.5758806776701872,0,0.0,0
32561,29.755265986074406,2,1,5.174734852593246,5,0.9998103287917254,0,0.0,0
32562,49.62079035065297,3,1,16.5940461863058,3,0.5068760617847305,0,0.0,0
32563,42.805315746348704,3,2,13.379990460870868,2,0.0,0,0.0,0
32564,46.224478030215565,4,2,3.7110373310493694,7,0.7308016155091923,0,0.0,0
32565,54.15871295487658,3,1,0.0,7,0.9997399987074471,0,0.0,0
32566,61.40983519840656,2,4,14.409685139734332,1,0.9664681914166305,0,0.0,0
32567,66.56059631511908,4,3,21.111806768262063,6,0.9999000976352668,0,0.0,0
32568,38.16962234975181,2,1,3.537252428160431,3,1.0006288168919857,0,0.0,0
32569,55.610045150846375,5,3,9.377188074653908,6,0.9998419284331095,0,0.0,0
32570,39.92568843223516,2,3,6.922829099384222,3,0.9133196814294151,0,0.0,0
32571,55.17603666847503,2,4,20.00684259271202,2,0.49480221979162664,0,0.0,0
32572,47.25874408425187,4,3,5.023281770049376,6,0.999967864436855,0,0.0,0
32573,43.75986571060378,6,3,16.340793009928564,1,0.20437611705928815,0,0.0,0
32574,16.220833699743032,1,5,10.518658572665647,2,0.7720670557692559,0,0.0,0
32575,42.36274417552963,5,6,9.763635569619593,7,0.9990924494174164,0,0.0,0
32576,37.71969145877371,5,4,16.39187428963662,6,0.6093512161239866,0,0.0,0
32577,54.62254912841603,3,2,5.928446533196097,7,0.9999281991333551,0,0.0,0
32578,40.31419540109723,3,3,19.994567228945392,7,0.9561363230304041,0,0.0,0
32579,29.214086771460178,4,6,14.094562461247591,5,0.4674466825422099,0,0.0,0
32580,42.98229631659997,1,4,9.493647569909246,7,1.0002312698679487,0,0.0,0
32581,56.16343311501156,3,3,3.5678995184462465,2,0.40690237899836257,0,0.0,0
32582,53.03533418670424,2,1,0.0,1,0.11653164210519906,0,0.0,0
32583,44.85531578878574,2,3,14.238585586551817,5,0.9995036923511875,0,0.0,0
32584,50.71538625907423,4,7,20.009261445931685,1,0.0,0,0.0,0
32585,40.70712317362491,3,3,6.986914994447543,4,0.4992847048923792,0,0.0,0
32586,47.25082759582005,3,0,17.433169943018807,1,1.0000552189272809,0,0.0,0
32587,48.395438919902965,2,6,16.23377173706798,7,0.9999314408888362,0,0.0,0
32588,16.78714310582768,4,3,20.05068218858112,1,0.5262665765932124,0,0.0,0
32589,38.528096954622164,2,3,14.165387747022482,4,0.6378881597149397,0,0.0,0
32590,62.4954148604901,2,5,19.999022315995873,7,0.958026878610658,0,0.0,0
32591,39.83551044230597,2,3,24.103367143462155,7,0.581887363161747,0,0.0,0
32592,42.466093464988376,4,1,0.0,5,0.9237932539786577,0,0.0,0
32593,39.509512763065565,2,4,19.9990686412539,1,1.0006857280968013,0,0.0,0
32594,42.581246609170925,2,3,6.897581202766067,4,0.9506255308452749,0,0.0,0
32595,60.11530563153886,3,1,13.164316505419503,2,1.0002743827462799,0,0.0,0
32596,27.338032057618406,4,6,18.567759649756574,4,0.6730186134141318,0,0.0,0
32597,41.813412683962966,1,3,2.66997711841195,7,0.6580045662951015,0,0.0,0
32598,18.87316588658441,4,4,20.004479122907256,1,1.0001547074500157,0,0.0,0
32599,19.14503858358473,6,5,4.340519316080804,1,0.41272801344777205,0,0.0,0
32600,42.478553269702154,3,1,3.920874095464532,7,0.9517511786405624,0,0.0,0
32601,48.37444177702481,2,3,12.03402480192503,1,0.9996710658581045,0,0.0,0
32602,34.876040182362274,4,6,2.5753943882539794,7,0.9996723900955444,0,0.0,0
32603,37.99738895397503,3,4,19.99869310877783,1,0.5445975772388827,0,0.0,0
32604,43.159725801057824,2,3,7.546525051973104,5,0.8861386449389175,0,0.0,0
32605,38.82797622969665,0,6,19.31470649830988,4,0.9173279839701215,0,0.0,0
32606,41.06407055248031,0,1,5.443029878911324,2,0.9176488328224951,0,0.0,0
32607,60.86119020811491,3,3,6.428743235389087,1,0.7861755408633683,0,0.0,0
32608,42.00290120401012,2,3,11.261762255780248,3,1.0000513937339313,0,0.0,0
32609,40.994162963057995,2,3,22.847608169059782,7,0.5600661369105003,0,0.0,0
32610,39.216687137074516,1,3,18.97774467779535,4,0.0,0,0.0,0
32611,49.3224229727325,3,3,0.5487927628578326,2,0.5006073534066637,0,0.0,0
32612,35.596205536529546,3,3,11.85022501204214,6,1.0002402823010166,0,0.0,0
32613,21.534159532645173,3,4,2.7354398065521384,6,0.2795255100973338,0,0.0,0
32614,58.30307209945452,3,3,16.056786923004204,7,0.9999413576745638,0,0.0,0
32615,36.85236709105683,2,3,13.497420755923526,2,0.9498562944638929,0,0.0,0
32616,30.71420045048124,3,3,9.962773007756065,0,0.3129541410668422,0,0.0,0
32617,52.315582885549574,2,3,8.97249532046955,3,0.9997843013944987,0,0.0,0
32618,40.97256787797015,2,6,15.901432022842325,2,0.1468149177818403,0,0.0,0
32619,46.27081846240171,2,2,15.01173429578591,7,0.9997770586468349,0,0.0,0
32620,26.737072499076426,3,6,17.0565209990443,1,0.9914565176854653,0,0.0,0
32621,37.47618571689327,3,2,18.71979679496203,1,1.0002340351983885,0,0.0,0
32622,39.24226659211535,3,3,0.33099886279134516,7,0.9994224220526764,0,0.0,0
32623,21.136232355928247,4,6,19.816488894208792,2,0.2233630289535649,0,0.0,0
32624,31.852517636302196,4,7,3.294053580154345,5,0.00011045056403591325,0,0.0,0
32625,44.808333019982015,2,4,16.7190236429459,7,0.9326344303201849,0,0.0,0
32626,52.08774190413169,3,2,19.124008707588388,1,0.7322967704488115,0,0.0,0
32627,50.12632004680162,2,1,2.2216655428315786,4,0.2816749830222155,0,0.0,0
32628,25.017315166446505,3,2,13.869275737495409,5,0.9529682818147835,0,0.0,0
32629,45.6890838880815,1,6,20.420826632034053,7,0.2104967193386093,0,0.0,0
32630,44.73521018183658,3,2,14.84986340129295,7,0.6024354389208153,0,0.0,0
32631,44.04611875478142,4,3,14.664977351466227,2,0.9658590587462228,0,0.0,0
32632,50.141440432600405,4,5,13.21802634636677,7,0.9998754924900213,0,0.0,0
32633,39.80640053697845,3,5,3.177023898359077,3,0.502340174958515,0,0.0,0
32634,47.28411983508327,0,6,15.100592292954227,7,1.000413832348436,0,0.0,0
32635,36.327699734862556,3,1,0.05504562701219662,2,0.37765433641670715,0,0.0,0
32636,19.451644792880742,2,3,8.115302334653178,5,0.18592179800771347,0,0.0,0
32637,37.57185263147836,3,6,14.574647811861341,0,0.10452554225806043,0,0.0,0
32638,60.60144962036867,4,3,3.369214601498424,1,0.9998528596128203,0,0.0,0
32639,23.94016701777504,4,2,11.866312643726536,2,0.6687928982451719,0,0.0,0
32640,52.9661972760156,2,5,3.4050994340610456,3,1.0006264442944797,0,0.0,0
32641,46.78026934055746,3,3,15.692048425275672,7,0.0047591461393755585,0,0.0,0
32642,33.12150115486305,1,2,17.173804423986105,3,0.7967634783211991,0,0.0,0
32643,46.07722300065199,1,3,12.18781186497974,6,1.000117350641496,0,0.0,0
32644,34.476055557790296,3,3,6.298631354906271,3,0.5007396603277374,0,0.0,0
32645,34.278143524485586,3,1,9.510014588801631,7,1.0000872418004225,0,0.0,0
32646,42.26028408024546,1,1,5.789728759249884,4,0.9379603283484335,0,0.0,0
32647,41.521720417312146,4,1,13.660273938386668,4,0.3340337769825581,0,0.0,0
32648,50.864581040392046,3,6,14.224242017843977,3,0.4111389143032166,0,0.0,0
32649,58.21445456258763,3,6,14.337111328393854,4,0.2824309371148835,0,0.0,0
32650,41.63891699746125,5,3,11.41414220195887,7,1.0000654187849691,0,0.0,0
32651,44.467305094137004,1,3,7.7259675853976475,2,0.3547318164775095,0,0.0,0
32652,55.540487213212316,1,3,17.548816203219143,6,1.0008878947830735,0,0.0,0
32653,53.8256997235333,3,6,10.96534963964554,7,1.000155483770805,0,0.0,0
32654,45.85915829324048,5,6,10.456800920747998,7,0.521834395583512,0,0.0,0
32655,23.156701625686605,6,3,14.228820430439479,7,0.5595750961555173,0,0.0,0
32656,29.178678237104535,0,1,1.8439878275191717,7,0.3856334808552915,0,0.0,0
32657,54.660744465097046,2,1,0.0,4,1.000348959709053,0,0.0,0
32658,48.53230809568732,2,6,13.097168105970692,3,0.5320538519627447,0,0.0,0
32659,43.07499907441247,4,4,19.99627199268364,2,0.9999526491757612,0,0.0,0
32660,46.777184070201585,0,1,2.359720764486031,4,0.7447127308693375,0,0.0,0
32661,37.15280664109104,4,2,15.51177562066135,7,1.0001794628423744,0,0.0,0
32662,51.213145092431695,2,6,6.913498771141023,4,0.7183432078239824,0,0.0,0
32663,31.178929357794402,2,1,10.499455442554451,7,1.00001833156701,0,0.0,0
32664,12.620014466000548,2,5,0.0,3,0.9641568842447432,0,0.0,0
32665,52.37547576627465,2,3,13.94952938707118,7,0.9999182937799773,0,0.0,0
32666,33.935404899588505,3,2,20.079500761953113,1,0.6295883079706049,0,0.0,0
32667,58.82581357400815,4,6,16.82574515337582,1,1.0073266945210497,0,0.0,0
32668,42.90767662502008,3,1,11.975253527218364,1,0.892338267242021,0,0.0,0
32669,59.15118899072337,3,4,19.996388725690977,1,0.7036175324263402,0,0.0,0
32670,35.96023360549831,4,1,2.9127608056686842,3,0.4962725219928543,0,0.0,0
32671,24.33378929448536,3,3,8.453083725475674,3,0.40407973392070023,0,0.0,0
32672,60.896948349506815,3,1,16.470847584248034,2,0.5009063951958891,0,0.0,0
32673,21.821183129029073,4,6,10.248678503749309,7,0.1919444845592151,0,0.0,0
32674,55.33375167162386,4,6,7.0380935812507195,2,0.4508932238559821,0,0.0,0
32675,47.89068685018112,3,3,1.2525747453495963,7,0.2791807163694075,0,0.0,0
32676,34.52505818849656,3,1,10.808676061795907,0,0.5016255343839469,0,0.0,0
32677,28.26210955539039,3,5,10.119384985210615,7,0.5353707070918066,0,0.0,0
32678,41.96306598034524,4,5,21.633879960383872,7,0.4381904479112563,0,0.0,0
32679,42.25975710027917,4,4,19.99893446518052,7,1.000095407398586,0,0.0,0
32680,49.54942429195168,5,6,14.192626216632041,7,1.0000107405256464,0,0.0,0
32681,49.480722189246,1,3,11.564124489715375,4,0.497806352221717,0,0.0,0
32682,46.58728331483434,0,4,19.992593372201117,1,0.5919483809762671,0,0.0,0
32683,43.2060366040138,2,3,21.732579735197163,7,1.0004047787212687,0,0.0,0
32684,58.8208749339522,4,2,12.905102533432185,7,0.9998439763004869,0,0.0,0
32685,49.49007188016067,3,4,6.03992838127502,2,1.0003298119878408,0,0.0,0
32686,51.852021521609885,4,5,10.93024031821096,1,0.5834168355422589,0,0.0,0
32687,46.517890641126435,4,3,16.407128473145406,2,1.0006432167289374,0,0.0,0
32688,52.28485328323707,2,6,6.6929523447381225,7,0.9995157711690611,0,0.0,0
32689,57.092038010163904,3,2,21.50587454650296,2,1.0003373527301462,0,0.0,0
32690,46.14883424807473,3,2,0.0,0,0.46122619680946775,0,0.0,0
32691,49.68857698082474,3,1,20.005090194933192,0,0.6874219615703142,0,0.0,0
32692,28.088314175039258,1,5,12.388654984002349,1,0.5831645065765232,0,0.0,0
32693,52.72335125265442,2,3,13.198951615498688,2,0.9086879994793934,0,0.0,0
32694,37.30723670625539,4,6,11.097758660127374,1,0.7334574307388707,0,0.0,0
32695,40.56451317709736,3,2,14.334315564342518,4,1.0000128271459219,0,0.0,0
32696,29.105818617167508,2,1,19.99482113229213,2,0.35746537996863975,0,0.0,0
32697,44.6770646351517,3,3,4.797388332235271,3,0.500334886281387,0,0.0,0
32698,20.110986318865418,2,2,15.175886371272272,1,1.0001175304508152,0,0.0,0
32699,39.01803299099573,1,3,10.589619474622218,2,0.3541223242433212,0,0.0,0
32700,64.12084897887208,4,6,10.466085501567733,6,0.99945057646299,0,0.0,0
32701,33.684310044755826,1,1,13.763644362715254,1,0.962411568234238,0,0.0,0
32702,47.32789836714287,2,6,10.584739094454381,7,0.644713485020719,0,0.0,0
32703,46.95493358310158,6,3,2.727772408943686,3,1.0003694839286865,0,0.0,0
32704,73.78286119595867,5,5,15.401621892932075,0,0.5007320467888083,0,0.0,0
32705,39.83374414565774,3,2,9.96736477488177,7,0.48293891273611633,0,0.0,0
32706,41.51803961473926,4,1,4.30517737915233,7,1.000894848727459,0,0.0,0
32707,19.797704526362875,4,6,14.379301533165602,3,0.4573042212024683,0,0.0,0
32708,33.32787099920861,2,1,17.755654200930607,7,0.5025264621521222,0,0.0,0
32709,41.928479878178926,0,6,14.854404568984513,7,0.9999163445857345,0,0.0,0
32710,37.84792602220458,3,4,4.79327011208136,1,0.9732198478906849,0,0.0,0
32711,35.59380967295169,1,6,0.0,7,0.9997930254203088,0,0.0,0
32712,26.784878590463514,3,3,9.762265423358961,2,0.5016364059848053,0,0.0,0
32713,57.61170961153343,3,6,15.033287388878673,6,0.7472188065769995,0,0.0,0
32714,57.42814457908376,2,1,18.908388304909778,4,1.0004793651193797,0,0.0,0
32715,33.86587739370494,4,3,13.83554074388331,3,0.5001326602205771,0,0.0,0
32716,59.92648646028648,2,6,6.538981966417561,7,1.0000724344120147,0,0.0,0
32717,48.28886211374106,6,3,14.2824252028736,1,0.34338913408710203,0,0.0,0
32718,49.31650228125302,3,3,11.559397803245831,1,0.7524851543698455,0,0.0,0
32719,58.70760535444778,4,2,8.190983326657406,7,0.9996067702946435,0,0.0,0
32720,52.680675794924646,2,6,9.25030649422748,5,0.9992853174347677,0,0.0,0
32721,28.936664701048823,4,0,6.290419412214391,6,0.6614572347080071,0,0.0,0
32722,50.61802930294696,1,4,3.2874565640865443,10,0.4847393793125856,0,0.0,0
32723,44.59013061665475,4,1,7.148544270652966,7,0.9997489722582864,0,0.0,0
32724,37.48721834455314,3,6,24.823182161790562,3,1.0004089216093557,0,0.0,0
32725,25.777370143854085,3,4,19.99940085922713,7,1.0002246743804921,0,0.0,0
32726,28.30798726671477,6,6,9.702291000942681,1,0.36040521779407325,0,0.0,0
32727,40.70288729415707,1,5,8.761394902907437,3,0.5255155325336485,0,0.0,0
32728,40.51011865503144,2,4,12.315886225803249,4,0.37743354831773923,0,0.0,0
32729,33.80092310989684,2,4,23.934957964877054,0,0.44948038694462844,0,0.0,0
32730,48.64124676674017,5,6,8.169765415255224,7,0.8155324215031814,0,0.0,0
32731,71.51746441989228,3,1,15.211712775671963,7,1.0007708436965095,0,0.0,0
32732,31.802143756880895,2,1,0.0,2,0.5025561135623924,0,0.0,0
32733,54.63987572953855,3,2,12.718855369198018,6,1.000093218029321,0,0.0,0
32734,52.2795259838429,3,6,17.420210006992257,1,1.0349009045059812,0,0.0,0
32735,43.93898525071623,1,2,9.100922727303763,6,1.1882051422309503,0,0.0,0
32736,36.92326757005308,2,3,18.693364424775975,3,0.5027385478176225,0,0.0,0
32737,57.66680229200055,3,2,10.039367056092024,7,0.6016549736240654,0,0.0,0
32738,63.36127941263132,1,3,12.92718409023596,3,0.9997355303169776,0,0.0,0
32739,47.66505299899254,4,4,7.9052413708622025,1,0.3584808522711751,0,0.0,0
32740,59.91157106937282,4,2,6.35141783625881,1,0.2857374437036314,0,0.0,0
32741,33.28618678486168,2,0,19.99600429405304,1,1.0001493142436453,0,0.0,0
32742,39.45979834242462,3,1,20.00256123114844,3,0.4902441088003242,0,0.0,0
32743,52.29123514765667,4,2,15.823333230596852,7,1.000741155402348,0,0.0,0
32744,33.4812059035094,0,3,2.485187774805526,5,1.0060273862232596,0,0.0,0
32745,61.14359053655838,2,1,18.64840398933764,4,1.0004342001650095,0,0.0,0
32746,48.883893223673105,4,1,19.992830375822514,5,0.6008234297916761,0,0.0,0
32747,54.524382763565136,3,3,3.2021798106358785,5,0.506878805444047,0,0.0,0
32748,22.429346586130645,4,3,9.880421982310034,2,0.5065175146528009,0,0.0,0
32749,28.93691083932989,2,6,15.439969772081092,1,0.9852686095649638,0,0.0,0
32750,26.9609239861049,2,1,3.1413100663092095,7,0.2198935617370837,0,0.0,0
32751,46.42980126572534,3,4,14.421628436498299,1,1.0002834319491056,0,0.0,0
32752,27.890211992997724,4,6,11.027985419924967,3,0.302525073377176,0,0.0,0
32753,41.23741711350502,3,2,13.479139663884752,2,0.9998721488571611,0,0.0,0
32754,42.23923945664146,2,3,12.619405127722223,1,0.9996139073837994,0,0.0,0
32755,62.35360653938247,3,5,3.6897855009883083,1,0.5277577065545581,0,0.0,0
32756,44.16020815864958,2,3,20.010396477679507,1,0.7571192736783026,0,0.0,0
32757,35.14205416629805,2,3,8.259623283168358,2,0.9681482910272946,0,0.0,0
32758,38.156339886567345,0,1,0.0,7,0.9997325449151178,0,0.0,0
32759,62.68919154863379,3,1,10.900987627603113,7,0.9999625122731342,0,0.0,0
32760,33.4134381811074,4,1,1.3438830049581671,1,1.0003467873931742,0,0.0,0
32761,51.12319173602903,2,6,6.786691638953477,7,0.40627876968658083,0,0.0,0
32762,28.438875635381738,4,6,14.850492506947564,7,0.9997182933707147,0,0.0,0
32763,37.11869029761196,0,6,16.78904343726955,1,0.3013777841350069,0,0.0,0
32764,28.270376191703075,1,6,8.70239567152323,5,0.739220095603744,0,0.0,0
32765,34.194033579704566,3,1,12.820648801661362,7,0.8070432322342677,0,0.0,0
32766,26.18715521069444,1,3,1.2004079796855969,2,0.999786938760157,0,0.0,0
32767,56.32740558450947,3,4,19.70222521061104,2,0.999945333006063,0,0.0,0
32768,47.2805425620318,5,6,15.876044733503553,4,0.9993049742782766,0,0.0,0
32769,59.89241221178745,4,3,11.40623656910746,7,1.000140600036017,0,0.0,0
32770,21.7665880807355,1,4,2.0691726415857943,1,0.02981598289191012,0,0.0,0
32771,43.98244871971385,6,6,4.32858141511223,7,0.45687621774028175,0,0.0,0
32772,53.092371783644545,4,3,8.95627543862336,7,0.7734527412020965,0,0.0,0
32773,57.6336879952905,3,2,10.051270241310602,7,0.312497522097586,0,0.0,0
32774,38.74459615866594,2,6,19.14346539529375,4,0.2945746018046528,0,0.0,0
32775,31.18726803516366,3,2,12.271969312925897,5,0.9931070546415025,0,0.0,0
32776,57.40756315666112,3,5,20.003961576899087,1,0.31661750323537313,0,0.0,0
32777,34.5258443109829,2,3,3.8106701727375736,3,0.43579239686870436,0,0.0,0
32778,31.82242826488882,3,3,2.7722353858327757,3,1.0003696299327338,0,0.0,0
32779,32.00277936540379,3,3,18.85008637802847,6,0.9993473014296866,0,0.0,0
32780,42.208352736096884,3,7,9.0375876413795,7,0.440042278199469,0,0.0,0
32781,41.80688600060623,2,6,15.372910720537114,3,0.9997243097438451,0,0.0,0
32782,34.022095809879076,5,3,23.724821480987316,2,0.5894182048840408,0,0.0,0
32783,54.03255370780741,4,6,17.41963139568891,6,0.7148182964281766,0,0.0,0
32784,41.504413534250205,3,1,23.160514158876985,5,0.9994185661589498,0,0.0,0
32785,46.27942164556557,3,3,9.891438256364593,7,1.0005883567563711,0,0.0,0
32786,41.52512638204257,3,6,22.563249942958667,7,0.5848466128206442,0,0.0,0
32787,41.65168058716393,3,2,0.25668772560547914,1,0.5951765958716557,0,0.0,0
32788,31.250610047503535,4,4,3.6016838248842724,6,0.3976552005092438,0,0.0,0
32789,36.6152967864309,3,5,18.383557061385176,1,0.49634286487193535,0,0.0,0
32790,58.1908807095666,3,1,3.563856410049566,4,0.9992708264343286,0,0.0,0
32791,56.402851118292816,3,1,13.908630913702751,0,1.000045292466697,0,0.0,0
32792,51.128485143517956,3,4,1.9676634014873038,4,1.0004182310731982,0,0.0,0
32793,40.48471835428886,2,3,3.1636659446990354,5,0.7071099044788156,0,0.0,0
32794,45.40461489843531,2,3,20.006668435531708,1,0.9997750392582396,0,0.0,0
32795,43.71906075262835,3,2,9.991666089198317,6,0.18887330537276487,0,0.0,0
32796,21.099818151980035,3,1,18.19311125389502,6,1.0007255453217154,0,0.0,0
32797,38.368743651417454,5,3,8.918069851300418,2,0.29270772875825307,0,0.0,0
32798,47.64073437238103,4,6,0.0,7,0.9995949384870957,0,0.0,0
32799,24.95606306282231,1,3,10.306598126618443,2,0.023155916403350685,0,0.0,0
32800,42.11520354258839,4,1,2.240930518097583,4,0.4371510396720855,0,0.0,0
32801,42.58527090464534,4,6,16.873675604880894,6,0.33462061726810344,0,0.0,0
32802,39.6590695988481,5,1,9.45378829276081,2,0.29503916404816327,0,0.0,0
32803,22.790424090563906,4,7,14.081010249470225,5,0.22047782035397484,1,19861.73119310949,1
32804,61.524430695520046,3,3,7.1734610242419095,7,0.4712340685004406,0,0.0,0
32805,44.345650636320805,2,1,18.672165092069875,4,0.999604328014321,0,0.0,0
32806,49.92012107929046,1,3,18.93869391548392,3,0.2826957307337849,0,0.0,0
32807,51.180279881645035,3,6,6.892890578461127,7,0.825772790549602,0,0.0,0
32808,30.48409319944577,4,3,10.19762574754121,3,0.3112112984940854,0,0.0,0
32809,57.764259026749585,3,3,16.137308586939234,2,1.0000782266173782,0,0.0,0
32810,37.357813998430274,1,3,16.27794039062964,4,0.47912779010971274,0,0.0,0
32811,57.63176473005774,1,6,15.98068362077304,4,0.4758170059839203,0,0.0,0
32812,50.17554375734536,4,6,1.4160610146615333,7,0.7255093877742509,0,0.0,0
32813,56.242633758802036,0,1,12.633779559524665,2,0.5059436281667267,0,0.0,0
32814,44.32229826376313,2,1,13.544230765974438,3,0.4075839651444929,0,0.0,0
32815,39.886019919270126,2,6,10.848436911396885,6,0.1167294782209699,0,0.0,0
32816,26.892775161039935,3,1,18.710627157413295,7,1.0001491383543457,0,0.0,0
32817,23.925607852678148,7,7,8.696655226155618,8,0.264334365519162,0,0.0,0
32818,40.501723830498285,1,3,9.247984846605469,7,1.0003048093998386,0,0.0,0
32819,61.76352529892185,5,4,12.354175212575715,7,1.0010569053793932,0,0.0,0
32820,57.20974164106074,3,5,22.551534794007416,7,0.38440136922757434,0,0.0,0
32821,28.276996082262304,3,2,11.313247968940262,1,0.9969535136968231,0,0.0,0
32822,39.54505815466832,3,4,20.003950279305535,4,0.9998259115029204,0,0.0,0
32823,28.064657612250947,2,6,17.587143079172726,7,1.0002742032366079,0,0.0,0
32824,46.01167315661509,3,2,8.010590270618616,7,1.0005838154156408,0,0.0,0
32825,46.406730349207756,2,3,14.998736674389235,1,0.9875091809343052,0,0.0,0
32826,35.523161897021055,5,3,6.1855499219612815,4,0.9996786893155887,0,0.0,0
32827,42.24399312460847,3,6,17.77232305543573,2,0.5606066034293244,0,0.0,0
32828,0.0,1,5,20.003325601395836,1,0.2793898285772522,0,0.0,0
32829,30.905970941568278,4,4,19.983578532034034,5,0.7050408865390877,0,0.0,0
32830,64.74816070753806,4,3,3.8842401825621744,7,0.614658624865907,0,0.0,0
32831,64.32618104927113,3,6,13.788522892951622,3,0.5939601144510681,0,0.0,0
32832,34.240004720721885,3,3,10.05644934569061,4,1.0001176622170198,0,0.0,0
32833,38.06509254026798,3,3,0.7517722924557475,3,0.16366407091598867,0,0.0,0
32834,26.630342097924633,3,6,19.0764891857633,7,0.9738746106482342,0,0.0,0
32835,58.04013350951774,5,2,0.0,7,0.40881205029494333,0,0.0,0
32836,49.54212111953398,4,3,17.334252120645317,7,1.000061577206289,0,0.0,0
32837,40.4655417962585,1,5,20.104519489993656,3,0.4839915600978824,0,0.0,0
32838,52.4411652635804,5,4,22.29742317972267,1,0.9595729446114325,0,0.0,0
32839,72.155816966265,4,3,9.866171006906091,7,0.9998152984731095,0,0.0,0
32840,27.086450988221088,3,4,8.422405028460602,7,0.4270890256161144,0,0.0,0
32841,31.409667802044844,3,3,21.816990707157437,4,0.9467721790554615,0,0.0,0
32842,37.722785548210226,2,4,17.049431104933912,1,0.9651025789819339,0,0.0,0
32843,50.57364465381376,3,4,1.0146328939703544,7,0.981942096371207,0,0.0,0
32844,54.27649535154614,3,3,8.922778371065599,6,0.5550636232766301,0,0.0,0
32845,53.84505937476263,3,1,2.888920399493287,2,0.974790516586405,0,0.0,0
32846,43.271063797089134,2,1,10.389466092045858,3,1.0006346463234987,0,0.0,0
32847,27.59707471775446,3,4,20.009641745191008,1,0.23320757127141845,0,0.0,0
32848,52.66707744113796,1,5,5.257984207307936,3,0.3889872733049162,0,0.0,0
32849,28.218389248401515,4,1,9.365866808233296,3,0.49940381483139284,0,0.0,0
32850,73.5011026819757,2,5,15.747847308054942,7,1.0004515763485147,0,0.0,0
32851,30.901701375321316,4,6,12.05555537607114,1,0.29552907245765553,0,0.0,0
32852,52.858460522458984,2,6,5.289288830234683,2,0.7131362928912274,0,0.0,0
32853,35.57957329838466,5,5,11.101224377059367,4,0.5003797306724967,0,0.0,0
32854,16.897330105184842,3,3,1.270376510589605,5,0.2618256587222661,0,0.0,0
32855,48.62242925487385,4,3,16.341504917922034,7,0.9999799356528982,0,0.0,0
32856,51.08165733882136,0,1,8.546037910178635,7,0.9998008550653613,0,0.0,0
32857,38.713643240417476,2,1,4.224846186741436,3,0.14340082642702456,0,0.0,0
32858,48.65663073181307,3,4,6.418572410829115,5,0.9999302833077783,0,0.0,0
32859,45.217640094112376,3,2,14.512250859472207,1,1.000451378712407,0,0.0,0
32860,52.66619278053289,4,4,13.290257928622657,1,0.9529250509124214,0,0.0,0
32861,62.04870407276907,1,1,0.9654776178785021,2,0.49984965203188225,0,0.0,0
32862,55.79663701932297,3,3,8.422681645142603,6,1.000440443851019,0,0.0,0
32863,52.49977048546813,3,6,6.388671872369174,3,0.5234026947191783,0,0.0,0
32864,44.963691069754084,3,6,5.066859970621246,3,0.6890770660086114,0,0.0,0
32865,50.16357599575274,2,2,3.432743869593514,7,0.9690495352177888,0,0.0,0
32866,55.476957416649505,6,3,21.398803159634696,1,0.0,0,0.0,0
32867,42.08262256659734,5,3,0.0,0,0.9269214141892025,0,0.0,0
32868,44.00416869405616,4,3,0.0,7,0.9999365725282592,0,0.0,0
32869,65.04704080975357,3,3,10.512396438190086,7,1.0001824608337422,0,0.0,0
32870,65.8072979668071,4,6,15.902456105244969,7,0.3446078923836349,0,0.0,0
32871,24.772890494358204,4,6,8.009724456034878,3,0.06907064287419473,0,0.0,0
32872,53.22411093810853,2,3,16.467520214540613,7,0.9996018455103188,0,0.0,0
32873,57.90965140972411,1,3,11.389924717328713,4,0.9677305271890957,0,0.0,0
32874,47.98092854387399,1,3,13.461395207744577,3,0.44196980585201207,0,0.0,0
32875,42.75539833194007,4,1,17.43290979880208,7,1.0003857000448928,0,0.0,0
32876,41.34651184508632,3,1,13.117209536884994,1,0.06884289544663602,0,0.0,0
32877,65.06857162688672,2,6,19.73971018601187,7,0.9999990003199575,0,0.0,0
32878,51.119827055074744,2,1,13.120038343581863,2,0.9663513203071794,0,0.0,0
32879,54.328731966073974,5,3,5.847032158315601,4,0.4974875172661446,0,0.0,0
32880,21.778563907224065,4,6,13.773069175840813,3,0.8927026655539303,0,0.0,0
32881,57.62729449170596,3,1,4.661126421490456,4,1.0001022331927705,0,0.0,0
32882,45.576503925629886,3,6,5.207052516020355,7,1.0003002356054747,0,0.0,0
32883,33.26668516429357,4,6,17.06287490842134,5,1.0980421120665436,0,0.0,0
32884,50.77330525842902,3,1,11.336379862963728,2,1.0004095446992534,0,0.0,0
32885,63.65945189777507,3,2,5.59454052678436,7,0.5949312869830022,0,0.0,0
32886,28.199558278429564,4,1,20.003613857063808,8,0.6849675181261972,0,0.0,0
32887,36.24259178182593,3,3,12.18660212183153,7,0.19053290290322322,0,0.0,0
32888,80.62460631215586,4,3,12.896360872789232,7,0.9992224408914403,0,0.0,0
32889,32.553055802388585,3,3,12.707996928255255,0,0.9992259768197023,0,0.0,0
32890,29.41707484890061,5,3,19.10461371305053,4,1.00057428569149,0,0.0,0
32891,36.549583655158,2,1,9.27789519013807,7,0.0,0,0.0,0
32892,20.292393318283114,2,3,7.031443877077026,7,0.3660016942166412,0,0.0,0
32893,55.87637498853653,1,4,8.8676172418327,4,0.00033127422522749583,0,0.0,0
32894,55.53592844091685,4,3,8.775302506310979,3,0.5225870563299142,0,0.0,0
32895,40.65465980459587,5,3,10.982017280461152,1,0.5745628387148003,0,0.0,0
32896,68.19015812750632,1,2,2.0033768918921595,6,0.2961629291671934,0,0.0,0
32897,45.67131909619904,4,2,9.799073718755034,7,1.0000373135826424,0,0.0,0
32898,41.72527565608505,2,2,16.206098215183047,2,0.21934194537567736,0,0.0,0
32899,34.753271171112125,3,1,17.50348632108121,7,1.0000355622016464,0,0.0,0
32900,37.67069103510724,2,2,4.865560153897407,7,1.0001142420684517,0,0.0,0
32901,43.93715065915089,4,3,11.732416888993388,3,0.9618018656101925,0,0.0,0
32902,40.08690496795223,2,6,9.89202002802607,2,0.9997595738698949,0,0.0,0
32903,39.10399280217531,4,2,10.948110649234335,6,0.18222085570648072,0,0.0,0
32904,43.73877615941022,3,2,6.852205424486097,4,0.3153093880733715,0,0.0,0
32905,41.356673144073575,3,6,7.9986997916285585,1,1.075214521858538,0,0.0,0
32906,50.60045097875466,2,1,9.272523909210541,7,0.9993907757145759,0,0.0,0
32907,45.472503990570466,0,3,18.803430429819688,7,0.9997054519212467,0,0.0,0
32908,38.38392657911656,4,1,15.798662043435197,6,0.5149947193565326,0,0.0,0
32909,23.47896558930567,3,2,15.13426363489378,1,1.0003455184399166,0,0.0,0
32910,35.602062730097096,3,1,0.0,5,0.9995793073437795,0,0.0,0
32911,61.24657971819279,3,6,14.371627556440842,3,0.8813103151462669,0,0.0,0
32912,34.817340378687476,2,1,20.00296297450695,2,0.6618167962696361,0,0.0,0
32913,67.94430560719232,3,2,10.881727363222252,7,0.9999509642721442,0,0.0,0
32914,41.556176314236865,3,4,0.0,3,0.999847375503121,0,0.0,0
32915,43.00020174984664,5,3,5.0602192466704965,2,0.4204078710376627,0,0.0,0
32916,68.97667363881413,6,1,10.305727177798744,5,0.9850103845760942,0,0.0,0
32917,52.181483482269925,2,1,16.62510907076856,2,0.5019152119657403,0,0.0,0
32918,68.99703471013439,4,5,1.0721374976268834,3,1.0002828049176866,0,0.0,0
32919,44.31448977366735,3,4,23.076953386184556,7,1.0002398041188212,0,0.0,0
32920,28.08101259456864,3,7,6.836640704832563,5,0.0,0,0.0,0
32921,44.028968659181324,3,3,0.0,4,0.5000719678857206,0,0.0,0
32922,69.75571414159168,3,1,6.809205818538679,4,0.4079483194157784,0,0.0,0
32923,48.585033791345445,3,5,1.9650022778476401,3,0.49886660175424946,0,0.0,0
32924,58.6351399017482,1,1,1.5499044509115851,7,0.04860055305092037,0,0.0,0
32925,29.677754174261654,4,3,11.088549261693265,3,0.6753002228327978,0,0.0,0
32926,35.77927639523357,3,3,17.676015960790455,1,0.6546013564516133,0,0.0,0
32927,25.086962432481855,2,6,15.39548279914481,3,0.42198138844838773,0,0.0,0
32928,55.29065225122174,1,3,0.6186266982287805,7,0.999998903921334,0,0.0,0
32929,73.79827542355883,1,5,8.347895327517222,2,0.6486567485193484,0,0.0,0
32930,25.611303219183227,2,1,6.017517662056091,1,1.0000380372522932,0,0.0,0
32931,34.165293073359535,4,3,11.459481162123959,2,0.9997686456667987,0,0.0,0
32932,45.59721609667177,3,2,0.0,7,0.3964573797805758,0,0.0,0
32933,33.12001431719716,3,2,10.034003393882534,7,0.17181377548914356,0,0.0,0
32934,63.144126723406956,3,1,9.820221246721792,7,1.000357455444948,0,0.0,0
32935,45.20030782927878,4,2,11.310661105461485,1,0.4285516801492583,0,0.0,0
32936,37.22691492868887,4,6,11.99241891782721,6,0.3032810624797469,0,0.0,0
32937,61.185564668518495,0,6,6.837981546698233,6,0.3117396755667681,0,0.0,0
32938,46.61353426106017,5,4,20.003759065922587,7,1.1381284919749908,0,0.0,0
32939,27.231976777147192,6,4,18.52341022090687,1,0.11938050099674014,0,0.0,0
32940,29.85048324142759,4,6,18.664815529945813,7,0.9996346590942081,0,0.0,0
32941,40.338650166038384,3,1,14.816726034932431,3,1.0000870611574653,0,0.0,0
32942,43.79269123434477,3,5,19.201847313630765,3,0.24638544078725194,0,0.0,0
32943,18.069223780065986,1,3,4.472089686430811,2,0.19286446891232606,0,0.0,0
32944,42.61110848566756,1,1,19.990948397457252,0,0.23600619774493553,0,0.0,0
32945,24.730138615408343,2,2,16.560727696190828,1,0.6204991664763053,0,0.0,0
32946,44.89085691328294,2,3,1.0711894066022474,7,0.9994890416862867,0,0.0,0
32947,54.96507608585312,5,3,15.915883906869336,3,0.3212403842453965,0,0.0,0
32948,24.848241511054884,4,1,9.621204647627039,3,0.9998627071770688,0,0.0,0
32949,16.51793458874623,3,5,13.750680185285567,1,0.4450513231216667,0,0.0,0
32950,57.051096383375736,6,5,19.25858125992833,7,0.2785862699868195,0,0.0,0
32951,28.87758588843773,1,6,10.424670398629777,3,0.450486641541878,0,0.0,0
32952,42.54447799133689,3,4,19.992361358283137,2,1.0000312737712798,0,0.0,0
32953,46.057125650768796,6,1,10.55241974258543,7,0.5417027627608029,0,0.0,0
32954,34.8075678655068,3,3,0.0,7,1.0004587163650704,0,0.0,0
32955,46.937395971136695,5,3,5.466974355946321,1,0.9999176307825415,0,0.0,0
32956,45.19945602049222,3,2,10.55872209372006,4,1.0004461793319104,0,0.0,0
32957,38.61640231649347,3,2,12.563947914183961,7,1.0002631115593932,0,0.0,0
32958,22.266833974155574,4,2,8.26487498383056,4,0.9686004419197058,0,0.0,0
32959,36.109829196515534,6,1,0.0,5,0.49670941833782534,0,0.0,0
32960,37.74627821244307,3,2,15.00566171290372,1,0.9995123074003819,0,0.0,0
32961,47.777224204811866,4,6,4.9101005272918545,5,1.0000181106095227,0,0.0,0
32962,14.801639642455736,1,3,8.787724254152753,6,0.3193119138294241,0,0.0,0
32963,19.21199688604223,2,4,0.0,3,0.19647307718644735,0,0.0,0
32964,18.673885992652636,3,5,8.120223448839702,3,0.854774183170095,0,0.0,0
32965,54.45277994266296,4,3,9.17810892229187,4,0.313250703024384,0,0.0,0
32966,60.20450072418235,3,4,14.63960064230171,5,0.9994277323792156,0,0.0,0
32967,57.12978129595178,2,3,10.626562045878927,3,0.49591508281349767,0,0.0,0
32968,23.29742643025183,2,6,10.520366129500143,3,0.09562797377144083,0,0.0,0
32969,30.932530973911312,2,1,19.992032733599473,4,0.4501970182405062,0,0.0,0
32970,42.48711002713945,3,4,14.96769516233428,3,0.6886562305164603,0,0.0,0
32971,30.193228190279115,6,6,8.356267810608712,1,0.9904957794416374,0,0.0,0
32972,45.00094976307833,2,5,14.44225937185366,1,0.9328378606104795,0,0.0,0
32973,66.51708203776863,3,3,13.669547430933918,2,1.000038342441697,0,0.0,0
32974,48.29948747205309,4,5,21.27785469257635,4,1.0000739833013033,0,0.0,0
32975,49.44634543251485,0,1,10.558812293357928,7,0.9998784988724474,0,0.0,0
32976,15.738168902685672,4,4,23.751239027089895,1,0.9687494797301741,0,0.0,0
32977,32.856818954852415,3,3,7.228589323059328,7,0.416616058381858,0,0.0,0
32978,33.51811854835039,3,2,4.418716527808779,5,1.0002232041141845,0,0.0,0
32979,51.11639989512231,3,3,14.01937533541121,5,0.23435833759866664,0,0.0,0
32980,24.947302666805857,4,4,6.118885799450515,1,0.372118596919195,0,0.0,0
32981,57.58879922829978,3,6,9.087312731712224,7,0.16787256280355156,0,0.0,0
32982,57.01729810630148,7,3,0.0,7,0.5715052490497236,0,0.0,0
32983,28.270885150637135,4,2,0.21398973638674512,1,0.3443175820575569,0,0.0,0
32984,42.7911141353062,4,1,10.532585628389223,2,0.5079955068295131,0,0.0,0
32985,25.09534889136087,4,6,7.953746512434171,2,0.47361971869959896,0,0.0,0
32986,47.96692897230441,5,2,16.35013764129811,1,0.46819165958352227,0,0.0,0
32987,50.82829074099228,3,1,20.003019153834988,1,0.21599299924259968,0,0.0,0
32988,28.532623346323152,3,6,14.034811148455713,3,0.0,0,0.0,0
32989,48.56390822788306,3,2,0.0,3,1.0004775189224706,0,0.0,0
32990,44.091178477796674,5,3,16.620384608863485,3,0.49615306329205516,0,0.0,0
32991,59.82050792048797,4,6,12.24426222663964,7,1.0219179701648253,0,0.0,0
32992,46.631701368229415,4,3,6.043173097732055,2,0.9329910516278592,0,0.0,0
32993,44.79102236990625,2,6,10.774671368598876,7,0.33596301405696616,0,0.0,0
32994,20.457723249337164,2,3,12.039421377720533,4,0.49669541498229197,0,0.0,0
32995,18.584668981819025,2,4,17.90157250859091,1,0.990748018430376,0,0.0,0
32996,42.03609542462066,3,2,0.1470584284676164,4,0.999886921201445,0,0.0,0
32997,33.78265008054211,4,1,4.240970218245382,3,0.962562094694166,0,0.0,0
32998,24.67525340869412,4,2,12.764454157565286,5,0.4174141131391888,0,0.0,0
32999,33.68456951296375,3,3,19.999064916100764,4,0.6122359444325729,0,0.0,0
33000,52.69376266031922,1,3,2.754110417706787,7,1.000347702565564,0,0.0,0
33001,23.868504380984252,3,4,20.000051663094744,1,1.0317928727214167,0,0.0,0
33002,54.4602961941595,3,2,11.521942436465762,4,1.0001885822824106,0,0.0,0
33003,39.61370095523285,4,6,12.43331109934491,7,0.4373877429351291,0,0.0,0
33004,56.09083341092254,4,1,12.387616071306233,5,0.9995526431179251,0,0.0,0
33005,18.677293508367217,1,3,0.0,3,0.213315814399827,0,0.0,0
33006,54.875914216364535,4,5,18.50213985213133,3,0.5006241693134454,0,0.0,0
33007,38.80721970962601,3,4,11.249242848320904,5,0.3368197785964551,0,0.0,0
33008,41.17834229982784,4,4,20.00198911590043,1,1.0003060939702246,0,0.0,0
33009,41.857094851434525,5,6,6.470939588623383,2,0.8930612309550086,0,0.0,0
33010,62.683441464776834,2,3,8.800042525878514,3,0.16354196665899745,0,0.0,0
33011,32.23363336946409,1,3,6.832793234245769,2,0.3204389748740724,1,28317.061833489784,1
33012,36.28049560691974,2,6,9.690361301320252,7,0.4654997211657049,0,0.0,0
33013,46.267673635097786,5,3,11.896218800687866,3,0.33138414771290076,0,0.0,0
33014,44.79587366320316,3,3,11.667876181792957,7,0.17785471325939428,0,0.0,0
33015,40.84732492203529,4,1,12.043405877298515,3,0.0461860861574005,0,0.0,0
33016,52.980666103742784,3,3,0.0,3,0.9999688146244681,0,0.0,0
33017,52.550588945878204,4,3,5.530882437620298,7,0.50316115893651,0,0.0,0
33018,22.24145851323772,1,4,0.0,0,0.0,0,0.0,0
33019,20.785340435932277,5,4,8.573462535200566,3,0.8654295626081975,0,0.0,0
33020,39.382974080079656,4,2,9.48691458648479,2,0.3012394081178504,0,0.0,0
33021,26.151718462476868,3,2,9.14526928576025,4,0.30634409234303117,0,0.0,0
33022,44.52106709823107,4,3,5.318172389530297,2,1.000865531944988,0,0.0,0
33023,16.04332477175025,4,5,8.285473581711297,1,0.8062430034760838,0,0.0,0
33024,38.51287517970804,4,2,17.52392979191443,7,0.7978273373338027,0,0.0,0
33025,43.23019720414286,2,1,12.427209215349807,5,1.000681901505756,0,0.0,0
33026,48.343694363931874,4,2,17.15754114272414,7,0.9995354018132775,0,0.0,0
33027,38.433781872803756,5,5,3.8957480075804716,1,0.5613280073359302,0,0.0,0
33028,35.71322916364093,3,4,10.602896837938651,1,0.9577444057084439,0,0.0,0
33029,53.10132618908437,2,1,14.914657219142981,6,1.0000154583429826,0,0.0,0
33030,42.718216820899535,0,3,16.11553014270908,7,1.0000808441308093,0,0.0,0
33031,40.581623402103645,1,1,3.8555008382341134,2,0.5009731340344099,0,0.0,0
33032,28.59389693198542,5,2,8.472544264485407,7,0.5395831115558811,0,0.0,0
33033,52.81532320896656,2,4,20.064981065459655,1,0.9903016147626821,0,0.0,0
33034,48.26955874018748,5,3,7.570982545214733,1,1.0002987302771258,0,0.0,0
33035,43.806752804301034,2,1,0.0,7,0.9522084208179884,0,0.0,0
33036,51.74953428254176,6,3,10.033529700209783,2,0.5002608470893914,0,0.0,0
33037,68.01038809954233,5,6,12.499656834639643,3,0.6331199824699235,0,0.0,0
33038,44.6859232011415,4,4,9.043496532898075,6,0.7176820628368581,0,0.0,0
33039,59.555584078749035,3,3,2.5787897291774495,2,0.9996423045025868,0,0.0,0
33040,51.18591495627214,4,3,9.203742758671861,7,1.000274684944174,0,0.0,0
33041,47.36699754996071,2,5,9.98886466490871,5,0.991753033497836,0,0.0,0
33042,38.60686328904423,3,3,19.208419262324963,2,0.9999466016583477,0,0.0,0
33043,42.92010045092234,4,6,8.689507998591754,7,0.5067979013805495,0,0.0,0
33044,40.15419968585552,2,6,13.666870613533408,7,1.0007015861926538,0,0.0,0
33045,33.74727750028214,6,4,5.662293233741063,1,0.39734600973905704,0,0.0,0
33046,41.48047041825029,3,1,12.201491895108031,4,0.6224150128316994,0,0.0,0
33047,64.94451411293984,4,6,18.318994028072833,7,0.9999675873460339,0,0.0,0
33048,23.518402853128944,3,2,16.00171936942718,2,0.999864941485526,0,0.0,0
33049,43.96779862883017,5,2,11.431843118392758,7,0.9998700045910045,0,0.0,0
33050,35.71026164081329,4,6,17.478571633666466,3,0.6154842918855751,0,0.0,0
33051,48.42145076803019,3,1,10.345548587312289,7,0.9997880619933444,0,0.0,0
33052,20.82210996170782,2,3,0.30686973140232787,1,0.8845121799446531,0,0.0,0
33053,30.07811590354544,4,2,14.84451412242835,4,0.9497772498170279,0,0.0,0
33054,18.141494871380367,3,1,1.227567132927513,6,0.3177222461937389,0,0.0,0
33055,19.644204693707763,4,4,6.9561059189983725,2,0.10596792200547267,0,0.0,0
33056,22.32894824158313,4,1,3.0931672223687947,1,0.3895698016539664,0,0.0,0
33057,38.72629375337545,2,3,0.25606374993966874,3,0.7284119369387018,0,0.0,0
33058,55.312056771463375,3,6,18.856995658298352,3,1.0000042452062978,0,0.0,0
33059,21.537136403987887,5,6,16.58966166172896,3,0.6869629547684357,0,0.0,0
33060,43.13323518465759,1,3,2.568793627929791,1,1.0003114838995268,0,0.0,0
33061,56.14105860760591,2,5,3.195540172619041,3,0.39712158889097743,0,0.0,0
33062,51.2331162190955,1,3,5.785257773513127,3,0.9994150691520574,0,0.0,0
33063,54.23480476390877,3,3,13.717657586815399,3,0.6613657045266479,0,0.0,0
33064,44.04523215492847,3,1,12.45491719396858,3,0.4631806097009008,0,0.0,0
33065,45.53423722045075,3,3,9.299320928956295,5,0.9998900623038727,0,0.0,0
33066,42.42194646976735,3,4,20.007686368819595,1,0.4833523277110847,0,0.0,0
33067,41.31701912669805,4,1,19.794733643039226,3,1.0001518556260434,0,0.0,0
33068,38.3975859672485,2,3,4.4867186371258185,1,0.5817020877461653,0,0.0,0
33069,64.56359475782692,2,2,10.201251225929381,5,0.9785535546215223,0,0.0,0
33070,45.765773050887674,3,1,15.168260104751038,3,0.7959501405413322,0,0.0,0
33071,27.98182176238763,2,6,4.04495111002333,2,0.771035044306926,0,0.0,0
33072,75.4734794005083,3,6,11.299463884458438,7,0.9401909881480682,0,0.0,0
33073,54.408967026826474,0,6,12.810785642746264,3,0.4026769081094784,0,0.0,0
33074,33.838866144587485,3,3,10.865091101964056,7,1.0000923650849605,0,0.0,0
33075,29.947375235140555,3,7,2.8937196949899064,2,0.25322110266711434,0,0.0,0
33076,47.33684017153174,4,4,19.98387558175979,1,0.9998087981797015,0,0.0,0
33077,37.64530366874934,1,6,18.441324570386726,7,1.00024751922752,0,0.0,0
33078,34.15672488586181,2,2,0.0,7,0.302273172607266,0,0.0,0
33079,36.5102095791553,1,3,10.56242752135111,1,1.0046643568545195,1,14721.024613631675,1
33080,19.14494569800043,4,1,12.372296047379704,5,0.9163278829196393,0,0.0,0
33081,49.4009131058053,1,2,10.178687700706618,6,0.7328247233018724,0,0.0,0
33082,57.17161472052767,2,4,6.435808391107668,4,0.08327742499240431,0,0.0,0
33083,43.040178279560145,3,1,5.477426195559252,7,1.0004438199877383,0,0.0,0
33084,35.07588117839526,3,3,5.397646617140126,7,0.9998197941661722,0,0.0,0
33085,38.10123161706696,4,4,19.99562025339048,4,0.9995623191087832,0,0.0,0
33086,69.10737956409503,3,4,6.467759232636984,5,0.2359649551853112,0,0.0,0
33087,46.05039720732952,4,6,5.916120968120661,3,1.000141617085386,0,0.0,0
33088,44.32424921682476,4,5,4.015749576961898,0,1.0002152259372288,0,0.0,0
33089,61.57108854683137,4,6,9.798261415889803,7,1.00052332209544,0,0.0,0
33090,42.51638979898256,4,3,25.84708643986343,4,0.5031562313225549,0,0.0,0
33091,23.80856082793418,2,2,4.480677106576107,4,0.9965602503275268,0,0.0,0
33092,25.579643305718466,3,1,6.777558863852427,7,0.09775836559144768,0,0.0,0
33093,34.60992142393197,6,3,9.967535706264627,4,0.50180795275052,0,0.0,0
33094,43.14837531679241,3,1,21.916187720031324,7,1.0000266483532485,0,0.0,0
33095,53.60767447973787,3,3,5.9416628372307025,4,1.0004309796763042,0,0.0,0
33096,62.46594119704893,4,3,13.070334209410705,4,0.9995551024705361,0,0.0,0
33097,43.86940701305608,2,1,20.152005493838963,4,0.49910091101091986,0,0.0,0
33098,43.25405127206327,3,6,11.33227892448576,7,1.0000535679492617,0,0.0,0
33099,49.313729825378964,2,6,16.63166751291813,7,1.0000151967835282,0,0.0,0
33100,32.93245405977914,2,6,14.983102664521486,4,0.9998830162154022,0,0.0,0
33101,29.965033694479082,0,1,15.922752747998588,2,0.49391438679343014,0,0.0,0
33102,44.80487717818412,3,1,16.93959020166215,7,1.0002425910146286,0,0.0,0
33103,32.60110218523469,3,1,11.05881506428732,2,1.0007153064622858,0,0.0,0
33104,88.75819530123621,3,2,0.6097943246859803,1,0.37132220587983084,0,0.0,0
33105,32.49994890788146,3,2,16.10827577984165,2,0.21511701045738046,0,0.0,0
33106,44.41210217515266,2,1,5.955941810772832,2,0.6663463383147455,0,0.0,0
33107,48.19702211901562,4,3,18.413034650779316,4,0.2563210462567672,0,0.0,0
33108,40.875949428887864,3,6,8.664945842110978,3,1.0005664964074934,0,0.0,0
33109,26.79273829226131,3,3,15.924957730640013,1,0.9674736271454054,0,0.0,0
33110,41.465734233085044,4,4,7.340924658983106,7,0.6825973618918333,0,0.0,0
33111,46.7620637251567,2,2,12.115373733674133,7,1.0003415918968654,0,0.0,0
33112,28.24289757220643,2,6,10.423544649216177,3,0.8816104995804626,0,0.0,0
33113,42.08499683761975,2,2,11.304817860676051,5,0.5371501804195047,0,0.0,0
33114,32.61789353460173,1,1,0.0,7,0.9999715546109431,0,0.0,0
33115,57.028441596534556,3,6,8.416052186753825,7,1.000372931335276,0,0.0,0
33116,45.389863744234006,5,3,0.0,4,0.5023586562705304,0,0.0,0
33117,38.35034501123612,5,3,6.478532621204137,2,0.9528290196997045,0,0.0,0
33118,17.215519751234847,2,5,5.1778788675372125,2,1.0059684412393124,0,0.0,0
33119,57.268298605024384,3,6,13.91585388441003,4,0.9999374580324643,0,0.0,0
33120,25.51872835331212,3,7,0.2846526708788435,2,0.6469435877647345,0,0.0,0
33121,36.04669604369053,5,2,4.250605709915044,7,0.5855057751682072,0,0.0,0
33122,45.1513031909651,4,4,7.204924645675053,5,0.020686573678102782,0,0.0,0
33123,58.535270379821114,3,3,9.35552091710393,7,0.9999204274236728,0,0.0,0
33124,44.848834302878984,4,2,11.88212296754593,1,0.7860804013593884,0,0.0,0
33125,40.38999012199533,3,4,19.288774240071092,1,0.9806586261479361,0,0.0,0
33126,44.52883303037217,1,1,8.010845995206797,0,0.500529970376838,0,0.0,0
33127,48.818030013834885,2,1,6.896382548705919,0,0.9999625776272429,0,0.0,0
33128,42.66822557463402,0,3,4.3848398103625845,3,0.22948522084411782,0,0.0,0
33129,26.760101459657918,2,2,13.210955586450684,1,0.5041200448800509,0,0.0,0
33130,47.77470801720744,3,3,9.698135076126318,5,0.49739439408537744,0,0.0,0
33131,54.5751869456451,1,4,5.73810117091827,5,0.10608481752559495,0,0.0,0
33132,47.789409185210154,3,3,11.927661970781951,4,1.000271231252439,0,0.0,0
33133,45.254335105718596,5,4,14.478039936874891,1,0.9698772707431109,0,0.0,0
33134,33.68707517241728,2,6,12.497499942892055,6,0.2818116941114174,0,0.0,0
33135,39.68643855205946,5,3,13.884072167574557,2,0.5030283434613281,0,0.0,0
33136,29.752945161396635,2,3,14.677863678406869,3,0.9994837300272854,0,0.0,0
33137,43.09274971622872,3,4,5.068982553916526,7,0.3108262958612343,0,0.0,0
33138,60.084488137847174,3,3,8.998042307581342,6,0.9999459989914852,0,0.0,0
33139,31.51272599270196,2,2,11.271316763398497,6,0.6609058477539328,0,0.0,0
33140,53.4596158520221,3,6,11.179148093139212,7,0.9998217179077651,0,0.0,0
33141,43.9445141183696,3,3,14.278472232235128,1,0.9997456739398687,0,0.0,0
33142,44.13225457608586,3,6,10.213223526480144,7,0.9997385398727372,0,0.0,0
33143,36.584206114132364,2,3,4.876387718879707,3,0.49434933189164065,0,0.0,0
33144,36.6108097084513,3,3,15.047455437000274,4,0.548480504623608,0,0.0,0
33145,40.85107941856745,5,6,12.316239183719974,7,0.9999003982203774,0,0.0,0
33146,51.119457180680044,2,3,13.842700078339849,4,0.9996347437066786,0,0.0,0
33147,8.877907925361669,6,3,6.175648596049078,2,0.4824377879015177,0,0.0,0
33148,41.873525787916094,3,6,17.221213629089373,3,1.0002314530018535,0,0.0,0
33149,43.19469767828065,3,6,11.544157666039427,7,1.0001820291975316,0,0.0,0
33150,37.89535287757637,2,1,6.387076832434223,8,0.9999651294875278,0,0.0,0
33151,43.67241328510573,2,3,13.211182008763249,1,0.92290219916515,0,0.0,0
33152,52.348960624415284,4,3,9.126789618775694,3,1.00034739870439,0,0.0,0
33153,30.709739394515545,3,4,11.02706923437917,1,0.9998866530034483,0,0.0,0
33154,31.585558003499635,3,6,14.065864746130439,1,0.9820818360391698,0,0.0,0
33155,46.17852861733591,2,1,10.480350311753185,3,0.49315800797413917,0,0.0,0
33156,62.83075078542649,2,6,18.02965228082532,7,1.0000920178361836,0,0.0,0
33157,52.52469687030189,3,1,15.641207779545947,2,0.49934564536525705,0,0.0,0
33158,22.699004539622926,4,2,10.661591613507758,1,0.4441850572764419,0,0.0,0
33159,42.73007637390321,3,3,19.991309738997835,6,0.4832970148962872,0,0.0,0
33160,39.61614554698332,2,4,16.083809891533278,3,0.0,0,0.0,0
33161,31.90672228825992,3,2,0.0,5,0.9996837190244169,0,0.0,0
33162,39.06323069224116,3,3,13.490773115390489,7,1.0000229006937913,0,0.0,0
33163,58.542047395557894,3,3,18.889465426825275,2,0.9999418031374284,0,0.0,0
33164,42.28373045629494,4,1,18.976792464041026,2,0.6462713894343813,0,0.0,0
33165,65.05272547631898,3,4,8.485420784961606,2,1.013011993330246,0,0.0,0
33166,52.168314034111475,2,3,20.001044870705865,7,0.9995826101621119,0,0.0,0
33167,65.89159526432708,1,3,17.49584621958217,7,0.9998234890516466,0,0.0,0
33168,48.05713141260223,4,5,8.203683789076907,1,0.6891541472575231,0,0.0,0
33169,50.93244023750692,1,4,10.58621745069601,5,0.07734201473994784,0,0.0,0
33170,37.89800029971225,4,3,10.548683805622717,7,1.0005959495449321,0,0.0,0
33171,47.568856601270106,3,4,16.68881959205147,1,1.0010988086566421,0,0.0,0
33172,40.42264366913612,4,4,19.999931560702812,1,0.889755788456974,0,0.0,0
33173,33.66307656107237,1,5,5.2790906549838885,3,0.5539982310582194,0,0.0,0
33174,39.290274367074765,6,3,11.601658739437397,3,0.9661123039011518,0,0.0,0
33175,23.706592673172334,2,1,2.046948981427837,3,0.0,0,0.0,0
33176,36.73266268425159,4,5,19.986959699041087,1,0.6924928666681969,0,0.0,0
33177,39.03631772503769,3,4,11.386157552479121,4,0.6943084159189186,0,0.0,0
33178,36.372843887787106,3,3,14.134105261255435,5,0.35120271584486096,0,0.0,0
33179,50.63401986805249,4,3,12.204365167410536,1,1.0003095015612473,0,0.0,0
33180,40.49284886477672,1,2,6.3644894104083125,6,0.4423492955701251,0,0.0,0
33181,44.507691715772,1,1,7.4547122218820725,2,0.3396504330257256,0,0.0,0
33182,21.084807161467893,3,1,7.6042556229324525,7,0.9993019388654591,0,0.0,0
33183,33.876388607823344,3,6,13.617021469479027,6,0.35675492155807575,0,0.0,0
33184,46.04828430764992,5,2,9.572860391109481,2,0.07939991611261299,0,0.0,0
33185,25.958388139508077,4,1,5.379845388623146,7,0.15168332615581415,0,0.0,0
33186,60.793476310868954,4,2,8.780734471821226,2,0.4680144050888647,0,0.0,0
33187,26.371601481782523,4,2,6.735974496736161,7,0.9997781791571647,0,0.0,0
33188,24.727003268834537,2,4,9.319514901739403,6,0.09197620711445997,0,0.0,0
33189,38.08694147777379,5,2,15.921740786998106,1,1.2387685167264473,0,0.0,0
33190,67.8499246462521,3,2,9.367507392994236,7,0.2867489518702238,0,0.0,0
33191,28.331152890931595,2,2,7.228894805622607,3,0.6470390904176948,0,0.0,0
33192,48.13710142644796,3,6,0.0,6,0.481583100482632,0,0.0,0
33193,53.19398479276891,2,1,14.400242319384375,4,0.5405596971651228,0,0.0,0
33194,42.7054587917353,4,4,25.19607234461631,2,0.4382631519580878,0,0.0,0
33195,34.324045032230494,4,5,11.863235209788588,7,0.3125629006016627,0,0.0,0
33196,50.06416614233213,3,3,6.449951883796033,7,1.000074804367204,0,0.0,0
33197,76.51070853143278,3,5,17.220619696542396,5,0.4965005633565203,0,0.0,0
33198,56.853254461798926,3,3,29.52575444247966,7,1.0000664795025695,0,0.0,0
33199,51.10693240148274,3,6,0.0,2,0.9592824251481407,0,0.0,0
33200,36.98442527283529,3,6,17.368250216436405,2,0.7526849086233682,0,0.0,0
33201,41.11491622458852,4,5,5.5537537100921455,1,0.5413785257031054,0,0.0,0
33202,42.251891744410074,6,6,15.3746437094558,3,0.9998125271390718,0,0.0,0
33203,52.78313397830374,3,1,11.97676372247303,0,0.9999326727594215,0,0.0,0
33204,27.004251856617046,3,5,10.241355805423344,1,0.06065469865604489,0,0.0,0
33205,63.50793334730372,2,4,4.275359210281954,6,0.28395397784808274,0,0.0,0
33206,42.170928366393355,1,1,0.0,6,0.21296951914813222,0,0.0,0
33207,39.20540586973446,4,1,13.677028429721416,3,0.7858187596781219,0,0.0,0
33208,39.199669915637806,6,1,2.45130835910099,2,0.37869124097486984,0,0.0,0
33209,20.946242166248584,3,2,9.226721904393958,5,0.5295339584105139,0,0.0,0
33210,50.815499259335496,0,6,17.53087578491631,0,0.5256241752735211,0,0.0,0
33211,52.246381034375126,2,2,7.138942062005372,7,1.0000248346214322,0,0.0,0
33212,56.530797862903604,2,3,4.862439962627924,2,1.0001716068150301,0,0.0,0
33213,56.22871498835379,3,6,18.29356441288857,0,0.0,0,0.0,0
33214,27.71838932120508,4,2,15.751800267016215,4,0.9502287965185588,0,0.0,0
33215,33.87088500152863,4,3,12.503241716937692,6,0.11553817771675035,0,0.0,0
33216,17.96633229160439,3,6,10.02393579807167,3,0.543696196285195,0,0.0,0
33217,42.46355166998317,4,3,20.60719665679479,2,0.43599765486226255,0,0.0,0
33218,41.596040625086616,4,4,6.579463929210304,6,0.41078089829795,0,0.0,0
33219,23.784257037787665,2,2,14.187861263942587,1,1.000048927716108,0,0.0,0
33220,49.888876785161045,3,1,13.164669917997696,7,0.9997602965123463,0,0.0,0
33221,20.980864444963544,4,3,11.947319292438586,4,0.0,0,0.0,0
33222,22.264107494467197,1,4,11.760965142709797,6,0.4910970645495514,0,0.0,0
33223,46.88096445225067,3,1,9.957764479609821,7,0.5986682294796276,0,0.0,0
33224,22.555736042455788,1,5,4.428930456969312,3,0.47809531809050265,0,0.0,0
33225,61.57869812817265,4,2,20.00602984624778,1,0.7077711097275823,0,0.0,0
33226,51.06959368631748,4,4,0.0,6,0.15500123580575254,0,0.0,0
33227,49.15330162708523,4,6,17.749119965027706,3,1.0001411808063931,0,0.0,0
33228,49.67401714192289,5,2,5.643547315627368,2,0.28656550178584805,0,0.0,0
33229,37.95816076937443,5,3,7.487626951346453,4,0.1449654545672825,0,0.0,0
33230,46.96267549938356,2,3,15.007224200162254,2,1.0003797726103725,0,0.0,0
33231,44.0656677135314,4,1,16.957868291841198,1,1.0004565358799025,0,0.0,0
33232,52.3229758054735,2,2,15.890127506758468,4,1.0097580219109499,0,0.0,0
33233,59.36989569101579,3,1,7.022409336788668,4,0.9601566631931209,0,0.0,0
33234,35.914078218097615,6,5,14.944929609129161,3,0.6928154342978861,0,0.0,0
33235,56.513308938709415,3,6,15.709571110560546,2,1.000370693869359,0,0.0,0
33236,51.13415884297278,4,2,7.938002795950483,7,0.9994351727876896,0,0.0,0
33237,64.31801348979386,3,3,0.0,3,0.9430580417740664,0,0.0,0
33238,31.85335228300485,1,3,7.868836610483621,1,0.16871061083079786,0,0.0,0
33239,27.064492110895358,2,6,6.259496903565703,3,0.053108845943606986,0,0.0,0
33240,52.20065192156933,0,2,2.661464830476591,6,0.9996914992730225,0,0.0,0
33241,21.54824524721004,4,1,8.023307704206314,7,0.27838433512509014,0,0.0,0
33242,43.05221167188146,4,3,12.632378980669003,2,1.0007430236485075,0,0.0,0
33243,75.7917369787611,3,4,17.21914504990059,3,0.2350819414163871,0,0.0,0
33244,48.5480019235995,3,6,14.091494750961449,3,0.47494275613391557,0,0.0,0
33245,36.66986061246748,3,2,9.891486230742558,6,0.9997390829075867,0,0.0,0
33246,26.855607715185428,2,1,10.497703183511721,1,0.8475003280567656,0,0.0,0
33247,43.51951282303037,1,2,6.7998972958126345,7,1.00014838670074,0,0.0,0
33248,27.16502279322738,3,6,15.133287091535456,2,0.5367545668882063,0,0.0,0
33249,45.08844731605958,1,4,14.874873479822499,0,0.2607169409626226,0,0.0,0
33250,64.88735638490382,2,6,13.89595517489462,2,0.36452950441924514,0,0.0,0
33251,48.37763706247301,4,3,18.736307529345467,1,0.9684221430514025,0,0.0,0
33252,42.927697843821356,1,6,7.621902335780565,7,0.9999476015925939,0,0.0,0
33253,29.518285018254275,4,5,19.987945192064437,1,0.34951651140976686,0,0.0,0
33254,48.06491699227784,1,6,12.950728445714052,2,0.12692001304952327,0,0.0,0
33255,51.82964138305496,4,5,0.6607937656550558,1,0.1696735411923863,0,0.0,0
33256,39.39835957022378,3,1,15.232450950341462,5,0.9996559010280399,0,0.0,0
33257,54.47135064596206,1,1,13.957940690873947,4,0.49814317789225093,0,0.0,0
33258,35.47599355357947,2,6,6.318774543992628,6,0.4754401890054425,0,0.0,0
33259,46.25750517908582,0,6,11.196788447534201,7,0.09200551298784687,0,0.0,0
33260,54.48356487936544,3,4,20.743557536919845,7,0.931962624914942,0,0.0,0
33261,38.97535553338159,1,6,10.15235586126132,5,0.8443355938929195,0,0.0,0
33262,40.92583371325069,3,3,2.93618437115701,7,0.14080131690125108,0,0.0,0
33263,30.394905691917828,3,2,9.759796789114224,7,1.0000309197551993,0,0.0,0
33264,47.8702995544543,4,3,3.13857995617267,7,1.0000182795784798,0,0.0,0
33265,35.00312032525914,2,1,6.332470357167657,2,0.43922547960739833,0,0.0,0
33266,54.93096549354706,1,1,12.943219688165438,7,0.13910949702890496,0,0.0,0
33267,55.175633526074805,3,4,14.429265309837954,2,0.3669281932484267,0,0.0,0
33268,49.58116498658073,3,6,12.375930554383247,7,0.9998520797201098,0,0.0,0
33269,42.413552904258495,2,1,13.240369102340539,7,0.5324277678157424,0,0.0,0
33270,60.853576386153875,2,2,13.113753940562788,7,1.0001291900970055,0,0.0,0
33271,49.451249474202115,1,3,10.181385134365373,4,0.5090926771972769,0,0.0,0
33272,18.660953884090215,3,6,16.603259963382754,2,0.2460315930697789,0,0.0,0
33273,23.51012476796716,3,0,18.5786031951001,1,1.0002603359619613,0,0.0,0
33274,26.540634276513458,2,6,6.060817709261037,2,0.34561486453520435,0,0.0,0
33275,50.937250335962645,2,2,11.89081573839139,1,0.49189465603436955,0,0.0,0
33276,46.86827678935826,2,1,0.0,1,1.000034224614385,0,0.0,0
33277,17.726837164091325,3,5,11.714826166412344,7,0.9856592047413273,0,0.0,0
33278,48.368395160716254,3,6,9.195270378351584,7,0.9998221629086064,0,0.0,0
33279,48.87040527262143,3,1,15.272825496871043,7,1.0009294848926509,0,0.0,0
33280,56.02375424798572,3,6,14.58347679669783,5,0.761109583440372,1,2129.109511908261,1
33281,44.892623150176846,3,3,11.497231134409384,2,1.0002910839996746,0,0.0,0
33282,38.55871573567822,1,3,18.861710460524282,1,0.9480478409153102,0,0.0,0
33283,31.572151751539856,3,3,0.63976491187716,7,0.5398919194007135,0,0.0,0
33284,58.964945259983345,3,3,6.7347913281073675,2,0.265754925532842,0,0.0,0
33285,52.40891359959427,5,4,19.995627277310334,1,0.9998739787567614,0,0.0,0
33286,31.464524275794286,3,3,3.959588275399695,4,0.2298832744242295,0,0.0,0
33287,32.645818395953576,4,1,6.44662943060677,3,0.07956758915231754,0,0.0,0
33288,47.911128373416915,3,1,14.16903927115925,7,0.9998615736292471,0,0.0,0
33289,24.2024629981078,3,1,3.778484249361729,4,0.2114664805896368,0,0.0,0
33290,62.07188491788958,3,4,13.002862605566632,1,0.9967173778601718,0,0.0,0
33291,39.034990998098436,2,2,7.86747020920468,1,0.15834541692870896,0,0.0,0
33292,59.23142472513071,3,4,15.271143310718507,5,1.015118052211288,0,0.0,0
33293,63.19892737819876,3,4,6.282251073898283,2,0.7935765889376178,0,0.0,0
33294,42.36547458768422,4,4,19.99353545075378,5,0.9347650698911213,0,0.0,0
33295,39.909904952417484,4,1,20.005757746711478,1,0.4654779886209037,0,0.0,0
33296,57.133232648362565,5,3,15.02892606922,1,0.971832478993075,0,0.0,0
33297,62.36357652483625,3,6,9.855055437880006,7,1.0003050743126853,0,0.0,0
33298,50.2471046971085,3,2,13.248848855848852,4,1.00026994377296,0,0.0,0
33299,49.93986957222113,4,3,0.0,7,0.9998645389090346,0,0.0,0
33300,31.24968990160729,3,6,6.953670957212204,5,0.8838868784075377,0,0.0,0
33301,39.75524120079014,2,1,7.665908273694523,4,0.964544178571583,0,0.0,0
33302,45.42135729242638,1,3,14.77597772054498,2,1.0002591323735561,0,0.0,0
33303,35.779395991351095,2,5,15.68181028080875,7,0.9995381363550998,0,0.0,0
33304,38.391341162434145,4,5,4.387204346060859,1,0.17227156521708986,0,0.0,0
33305,49.28403891441003,3,7,4.585211451752203,1,0.5109495723452896,0,0.0,0
33306,53.34675654828353,3,4,16.80899687554706,4,0.27689696542459086,0,0.0,0
33307,49.52495747087265,3,3,15.230144102176187,3,1.0007125684495062,0,0.0,0
33308,51.77726784209407,3,3,7.231865897262141,4,0.4274733738393476,0,0.0,0
33309,43.77852880758109,3,2,17.538848458614716,7,0.9998424352705921,0,0.0,0
33310,58.54888005947807,4,5,9.554292324006505,1,0.44904192207737126,0,0.0,0
33311,30.96126028153175,2,2,5.1910078770423285,4,0.9235012358497876,0,0.0,0
33312,55.72998874803964,1,1,9.678927633540265,7,0.9998339648163602,0,0.0,0
33313,37.958233884331264,2,4,26.069720392169202,8,0.06702629265113569,0,0.0,0
33314,33.38767876188016,3,5,12.1844219586012,2,0.5570415821550807,0,0.0,0
33315,57.69362162060133,4,6,14.491441194990115,3,0.5971811668915075,0,0.0,0
33316,64.2193961983035,1,5,10.79407377642741,6,0.6930045922649577,0,0.0,0
33317,27.42165400565723,2,2,5.194699453415968,4,0.5119575046529717,0,0.0,0
33318,51.55274740329796,1,5,6.095522114453883,5,0.9479281735194549,0,0.0,0
33319,39.31474656166393,1,2,15.67355603278495,7,1.0003146557958544,0,0.0,0
33320,42.91204904822832,3,4,20.0057117349698,1,1.0003505032351536,0,0.0,0
33321,50.20698423727971,4,1,6.748167898627674,7,0.48141541639848573,0,0.0,0
33322,42.97444919897985,5,6,19.743547542382323,7,1.0002937868913844,0,0.0,0
33323,42.28222966002665,4,1,17.966149720571863,3,0.2488902389513113,0,0.0,0
33324,43.04750347138151,1,1,3.987694503519423,2,0.4396631801011127,0,0.0,0
33325,56.683590684268836,3,2,18.619760604900016,1,0.9999455659123241,0,0.0,0
33326,34.044714210005445,0,1,16.425567151561694,7,1.000120934589583,0,0.0,0
33327,69.53267827186247,4,5,6.225164768416815,3,1.0001788857638862,0,0.0,0
33328,34.709072048562014,3,3,0.0,3,0.8676533153388031,0,0.0,0
33329,24.517859444302044,3,0,1.833545863324943,6,0.9076841160255411,0,0.0,0
33330,57.590256113000756,4,1,11.578752528508865,6,1.4218817005953697,0,0.0,0
33331,42.20917505043936,5,1,1.701353505737428,7,0.34797062646088156,0,0.0,0
33332,47.4258787857961,3,6,12.722532963077649,2,0.9998147238326973,0,0.0,0
33333,35.755307225156436,4,6,12.179694611172927,1,0.0,0,0.0,0
33334,23.500102218374955,5,4,1.8095700862667385,3,0.362631596502251,0,0.0,0
33335,58.979862799965076,3,3,12.206059123002168,3,0.99998527144411,0,0.0,0
33336,51.41559065917899,2,3,20.003988141332627,1,0.1993716167787224,0,0.0,0
33337,48.95225108419621,2,1,9.327342227146946,4,0.45961003140862833,0,0.0,0
33338,51.697287780884324,3,3,19.404485704619493,4,0.9726299332000025,0,0.0,0
33339,55.17925938178619,4,6,18.66789708791284,0,0.6913701035660238,0,0.0,0
33340,21.038230546401348,0,3,5.787529147198437,3,0.31249369351457285,0,0.0,0
33341,23.414373021697763,1,2,10.50620236378863,3,0.9558880272874695,0,0.0,0
33342,37.57607242038124,3,2,16.983135899467534,0,0.9996967226530238,0,0.0,0
33343,53.25552409221442,2,2,0.9586334173417139,7,0.7308977992860971,0,0.0,0
33344,26.44072418667064,4,3,5.232044185059491,3,0.6002327704997715,0,0.0,0
33345,38.88111042607376,4,3,0.606226724862351,7,0.9999056384652162,0,0.0,0
33346,41.328734213045536,4,3,18.698450667796067,2,0.1152608045013761,0,0.0,0
33347,25.043321305063866,0,4,18.739533520526184,1,0.9621348576634188,0,0.0,0
33348,62.76407480292231,4,6,26.371096282920263,5,1.0003216131479151,0,0.0,0
33349,45.12890373416855,3,3,10.636039401339508,7,1.0000517233011996,0,0.0,0
33350,43.94128099736873,5,6,18.260238731658514,5,0.9949656942319808,0,0.0,0
33351,53.16794500962576,2,3,15.620204300492091,5,1.000116677923109,0,0.0,0
33352,38.02867835405839,3,1,20.004392905525478,1,0.6886287356297482,0,0.0,0
33353,54.06468731962248,1,3,8.437891406092074,2,1.0000426830027085,0,0.0,0
33354,52.366767136340584,1,1,18.43970107438041,7,1.0125289371074695,0,0.0,0
33355,35.67127847639628,2,6,15.55923694377465,6,0.3812269371405646,0,0.0,0
33356,44.73625096325732,2,6,15.878341676841039,3,0.6807192854559698,0,0.0,0
33357,50.66285590199785,1,6,11.287928630324844,6,1.0000510323489116,0,0.0,0
33358,62.298050612320395,3,0,21.195940521745065,7,0.9530741044813043,0,0.0,0
33359,53.81970952922179,3,1,10.061117411317644,7,0.4407995098504708,0,0.0,0
33360,25.9758380357106,4,1,8.887898422325435,1,0.16906039608420753,0,0.0,0
33361,49.826911065408886,4,4,20.00415507907632,7,1.0001703294927426,0,0.0,0
33362,17.980774171666333,3,5,20.000866082389773,1,0.0,0,0.0,0
33363,69.40214733522949,4,6,6.049968000070899,4,0.271024390279386,0,0.0,0
33364,45.338694812077684,5,5,22.67100582083125,1,0.6588548709228226,0,0.0,0
33365,28.300702300979076,2,1,1.658022066793734,4,0.7175547606600154,0,0.0,0
33366,70.75035397050249,2,2,8.103671446074944,7,0.9140077191707792,0,0.0,0
33367,39.52459188209843,3,3,7.2988413809168105,3,0.4916160631332873,0,0.0,0
33368,28.088540991515305,5,3,25.373978665842866,7,1.000202898438146,0,0.0,0
33369,26.430685317390598,3,3,15.64080306745915,2,0.3066719491877706,0,0.0,0
33370,44.789301864803114,2,7,9.838191211390765,9,0.5421887621008791,0,0.0,0
33371,48.276174856874896,4,6,19.019774413602708,6,0.23287809283486127,0,0.0,0
33372,24.602887245303716,4,4,3.8077161567419875,6,0.0,0,0.0,0
33373,46.48012086231237,3,5,10.23310577799831,7,0.6743080916416204,0,0.0,0
33374,51.358988615762826,3,2,14.238391556325933,3,1.000225339561684,0,0.0,0
33375,29.4934020538984,2,6,3.4730907993289843,6,0.7986341039532637,0,0.0,0
33376,62.91217873242734,3,4,15.581557912238392,1,0.9995996874878332,0,0.0,0
33377,49.1248424100858,2,3,7.888707481984883,2,0.19392181964102706,0,0.0,0
33378,61.00982169072711,3,6,10.426873400484574,1,1.027231478789103,0,0.0,0
33379,42.235093863728,3,4,11.71121747527009,1,0.9814328287927614,0,0.0,0
33380,55.71343221383203,3,6,10.472154536270294,3,0.999589305672999,0,0.0,0
33381,54.03618901703267,2,6,4.746458230434787,1,0.3969638519793243,0,0.0,0
33382,20.642555322019717,6,6,2.671041489663132,3,0.5028258994277294,0,0.0,0
33383,43.429960018981134,3,6,23.324055666938065,1,0.9025361135536287,0,0.0,0
33384,43.090403759031645,2,1,16.723549877260133,7,0.9995429188454006,0,0.0,0
33385,57.88972986275623,4,1,12.350902980348975,7,0.5260403541283959,0,0.0,0
33386,38.32864072312007,4,1,3.7524088317670916,7,0.4053378313387727,0,0.0,0
33387,51.172154605673065,3,3,6.478063576039496,7,0.827229571279104,0,0.0,0
33388,36.129665897259095,3,6,7.266157501918416,5,1.000007579201005,0,0.0,0
33389,27.601310892701306,1,5,13.921391197083167,3,0.3008307507808669,0,0.0,0
33390,39.82339803084559,3,6,26.386040959898907,7,1.0000942716511736,0,0.0,0
33391,31.335319602142906,2,6,9.912888587888665,7,0.3919087828813028,0,0.0,0
33392,31.696599535781207,3,6,4.050740489334065,5,0.9996251785297275,0,0.0,0
33393,57.59357017064856,1,2,15.634717835382293,7,0.8118985285363687,0,0.0,0
33394,47.99552190916239,3,6,14.867555052751207,5,0.99984211791642,0,0.0,0
33395,55.64952174141753,2,3,8.675247504161753,2,1.000532628446999,0,0.0,0
33396,54.91936664393789,3,6,20.01195481623605,5,0.9996729874876688,0,0.0,0
33397,46.2096862839781,0,3,5.163274700927494,3,0.15611006663920002,0,0.0,0
33398,28.744549713976554,5,1,17.370994969712548,7,0.5044083660635317,0,0.0,0
33399,50.33438322046344,2,3,12.763788723164692,4,1.000149557822297,0,0.0,0
33400,53.275402377061376,2,6,5.7988924217222255,5,0.5797027075346908,0,0.0,0
33401,63.331680047872,3,2,3.992473118293586,7,1.0005373441794057,0,0.0,0
33402,42.141855556113825,5,1,15.136381352623761,5,0.3948019311305126,0,0.0,0
33403,63.5534020987817,3,3,5.201878857505622,5,1.0004263911484674,0,0.0,0
33404,16.334126427330162,0,3,0.03581956699878752,1,0.626616972709463,0,0.0,0
33405,56.86358071317423,5,5,2.653350815203762,5,0.46573991190881214,0,0.0,0
33406,38.45687153402283,5,6,3.8141623724577283,1,0.9909972613650359,0,0.0,0
33407,26.81701213083991,3,6,13.800126038020059,5,0.6620566741477228,0,0.0,0
33408,67.15012487337152,3,3,7.920775628649242,2,0.9997301178609244,0,0.0,0
33409,48.421048170503134,4,6,13.470126042429854,6,0.9997776606033523,0,0.0,0
33410,22.861015466383126,1,5,10.065683331047255,2,0.63768878124215,0,0.0,0
33411,27.011021554436027,2,2,8.188426766668302,7,1.0476490107320282,1,7595.054716790935,1
33412,48.199671918011624,4,1,11.818398887268929,3,1.0000431005055601,0,0.0,0
33413,61.30035651674801,4,6,7.5731857588596485,7,0.9998898422971981,0,0.0,0
33414,51.83099993724715,4,5,10.611070805251984,5,0.49685238561082495,0,0.0,0
33415,34.771912578990424,2,4,20.00574297141474,1,0.9997230032519036,0,0.0,0
33416,54.16728486245042,2,5,22.842741534994214,7,0.670000977236265,0,0.0,0
33417,45.102026327875166,4,6,24.180663582974372,5,0.9998177208195111,0,0.0,0
33418,57.835109585738195,3,3,20.005299505703057,1,0.4768593742495015,0,0.0,0
33419,46.54289324016266,3,3,7.508638843225789,7,0.9998172470417684,0,0.0,0
33420,40.88059093567323,3,3,10.173257947331765,6,1.0002379252789757,0,0.0,0
33421,57.84093976488427,3,4,17.068329734839118,7,1.000532672344928,0,0.0,0
33422,63.43670517545051,4,2,6.470883795090665,6,0.8497651717819913,0,0.0,0
33423,50.658496270710266,4,3,3.4942541496512316,7,1.000199901713069,0,0.0,0
33424,48.071385422832904,3,4,8.130643964017803,0,0.08009118739250554,0,0.0,0
33425,54.345224834906034,6,3,7.95514582966741,2,0.2113702385158453,0,0.0,0
33426,59.426137180083714,4,3,15.132352018357562,1,0.9892732473326886,0,0.0,0
33427,19.956569939741982,3,6,8.800125622133473,4,0.29085427794215685,0,0.0,0
33428,42.39551111092679,3,3,12.978600261540617,1,0.5062882826455358,0,0.0,0
33429,39.60638965596798,1,5,7.67915239093265,1,0.4867377799769699,0,0.0,0
33430,38.62394111436118,5,3,11.31271838151817,4,1.0004104272704595,0,0.0,0
33431,33.83265781282768,3,4,14.731949760864321,7,0.7438691239481197,0,0.0,0
33432,24.742479692042995,3,2,19.98302458179594,1,1.0001109461673812,0,0.0,0
33433,38.43552576713029,2,1,7.313443885183634,0,0.08434897850160517,0,0.0,0
33434,53.72056776102694,5,3,10.8644855958324,3,0.4950723173407392,0,0.0,0
33435,38.42542504175715,1,5,7.208541963206197,1,0.5963422715728384,0,0.0,0
33436,38.72368971578335,2,6,13.704307984878625,6,0.6898570136452131,0,0.0,0
33437,40.91234982320753,2,2,13.299034686620358,1,0.7818897552354594,0,0.0,0
33438,29.508197225900503,4,2,12.48424854299697,1,0.4079223957360453,0,0.0,0
33439,23.121421817092976,3,2,11.612631475764424,1,0.7507904516014037,0,0.0,0
33440,31.02239438122679,3,3,14.661576597850893,1,0.999564841148119,0,0.0,0
33441,24.064226104573407,3,2,0.0,5,0.5627768413839717,0,0.0,0
33442,50.67474285117358,4,6,9.568824408750977,0,0.19078954979541013,0,0.0,0
33443,49.30970974806465,3,3,8.523076495938145,1,1.000076287729956,0,0.0,0
33444,27.605951352770774,2,7,1.2372332952617384,6,0.0,0,0.0,0
33445,30.36561956222028,3,3,20.000198775868526,4,0.561582964396997,0,0.0,0
33446,20.448277860523554,3,5,16.245445713929556,4,0.32516939648004184,0,0.0,0
33447,45.20926500771766,4,6,18.132102706349364,1,0.0,0,0.0,0
33448,46.25171888076611,2,4,20.009370555506436,7,1.0002765501086848,0,0.0,0
33449,35.064554226224665,2,1,19.997595712524088,3,0.30611393754242583,0,0.0,0
33450,52.82974185287445,3,4,16.011865979996458,1,0.9995982109675534,0,0.0,0
33451,42.89177119262307,3,6,12.95029554866239,2,1.0001406323842708,0,0.0,0
33452,49.26943765008535,3,5,20.011027289909027,1,1.0007938702578298,0,0.0,0
33453,52.534143231235504,5,3,8.211705733226452,7,0.3162335150430662,0,0.0,0
33454,42.223840247452124,2,3,9.13101750567007,7,1.0001492651636006,0,0.0,0
33455,65.05648079084399,4,4,17.182210990897193,7,0.6517526051915709,0,0.0,0
33456,47.82668214844891,5,3,21.903145333593564,7,0.5458544041933324,0,0.0,0
33457,31.165056379864872,2,5,20.300005696815106,7,0.1674238600168182,0,0.0,0
33458,40.584453437906475,3,1,14.277716764010123,7,1.0002665694475956,0,0.0,0
33459,56.458902603243054,2,3,3.15123538050958,7,1.0008340267729452,0,0.0,0
33460,58.518843030652064,2,2,20.010487585531884,1,0.8021478803351486,0,0.0,0
33461,28.472054214449994,4,2,3.1607019276752766,4,0.5590673444356764,0,0.0,0
33462,35.062320936392325,4,5,20.01031572456324,1,1.0001401560011902,0,0.0,0
33463,59.643185471833704,2,4,19.991155393607713,1,0.9999033815375318,0,0.0,0
33464,36.06930245634406,5,3,9.577221915355794,5,0.5025182145564298,0,0.0,0
33465,27.099710639481778,4,6,11.253065747693231,0,0.4149026605014355,0,0.0,0
33466,51.88494312139689,2,7,3.1807033812504644,6,0.3555110701376619,0,0.0,0
33467,35.183378863947745,4,6,3.8775944538980287,7,1.0001935291505433,0,0.0,0
33468,28.485306763091135,0,2,27.92978029592736,3,0.14880230390321014,0,0.0,0
33469,29.50667242866379,3,3,17.51304672345193,1,0.9727308747419738,0,0.0,0
33470,47.89897245558764,4,2,7.381482242820372,7,0.9995791724765142,0,0.0,0
33471,40.65867940479802,3,3,13.208228582450783,3,0.8415223381269772,0,0.0,0
33472,15.877948303431637,3,1,11.180547062729278,5,1.000092103195844,0,0.0,0
33473,25.487603884773502,2,2,19.9953293266297,1,0.6623740212089233,0,0.0,0
33474,31.11859196785792,3,2,12.747942156014048,1,0.4096575120611041,0,0.0,0
33475,30.490749971551722,3,2,0.0,7,0.7227543033327398,0,0.0,0
33476,43.519887225011196,2,4,0.0,3,0.576973746746381,0,0.0,0
33477,55.906358476213555,2,5,11.58254097316723,7,0.9998026475455972,0,0.0,0
33478,62.32584888132973,3,4,19.998998206846117,1,0.999899122530193,0,0.0,0
33479,55.94541015816811,3,1,6.499413982578687,1,0.49788318513761365,0,0.0,0
33480,18.6505521103353,1,3,7.615047434666753,2,0.3233300247533603,0,0.0,0
33481,69.13698153059073,3,4,20.002147356372085,1,0.8999278492816638,0,0.0,0
33482,18.496893958883142,3,4,20.00648918846366,1,0.5234518470232828,0,0.0,0
33483,45.61475423339359,4,3,17.96450680067536,7,0.9999644469505242,0,0.0,0
33484,22.79735199983556,3,2,14.989522369931237,0,0.28836569099709275,0,0.0,0
33485,28.05268931832154,4,3,5.318155034636131,1,0.4925803162883735,0,0.0,0
33486,56.67599760082049,1,1,8.31134567188052,3,0.9624912565444408,0,0.0,0
33487,62.55944049379846,5,3,9.301196165740782,4,0.255933774167555,0,0.0,0
33488,70.45243803669351,2,4,7.892892074305333,7,0.24361729368289092,0,0.0,0
33489,44.7017567089108,3,6,10.734855870915503,4,0.6818231901465542,0,0.0,0
33490,51.58737642329595,4,3,9.875575959809938,7,1.000093942139928,0,0.0,0
33491,47.61861100423695,4,4,8.762901532384522,6,0.5891653399512891,0,0.0,0
33492,24.462172808718925,3,2,9.270533964478329,1,1.0002128798057188,0,0.0,0
33493,29.448565802084794,5,2,11.025355909107093,3,0.46991456418962807,0,0.0,0
33494,26.376056783109185,3,6,15.922871037726146,3,0.8063365848855414,0,0.0,0
33495,40.88467521277429,3,3,13.234888394996798,7,0.8107368170567184,0,0.0,0
33496,51.48538030887467,3,6,12.342904805187878,7,0.5082730864217346,0,0.0,0
33497,45.512377791079786,4,6,11.114236029285362,7,0.9999891423404352,0,0.0,0
33498,25.324608454172967,2,4,19.99800519622074,1,0.9996556877511182,0,0.0,0
33499,28.264479236206096,3,3,1.459912010094687,3,0.1230783026758725,0,0.0,0
33500,47.73669267603083,3,4,20.013355461553658,1,1.0001102364089285,0,0.0,0
33501,39.620890043849684,5,2,15.841333144520664,7,1.0003611885665809,0,0.0,0
33502,29.749119849245204,4,4,19.993907378925933,1,0.5418473934130725,0,0.0,0
33503,27.486984775059774,2,6,11.021220019138662,1,0.3556329354612695,0,0.0,0
33504,32.964104949960664,4,3,13.34144675277864,7,0.8318010501233123,0,0.0,0
33505,42.875272003823966,1,2,4.050551891107204,7,0.30640966771865974,0,0.0,0
33506,42.654335743293565,4,2,12.197407772081382,7,0.27933605328098593,0,0.0,0
33507,50.96303234011509,4,2,10.940888129366126,6,0.9120310906334234,0,0.0,0
33508,29.262562948405893,1,2,10.289046874665672,4,0.4235261106285059,0,0.0,0
33509,55.88737747279385,3,3,12.231960983816311,3,1.000096603452307,0,0.0,0
33510,46.522270885240054,4,1,13.012041638920014,7,0.9998402376371993,0,0.0,0
33511,47.06421658374529,5,2,11.938895890938944,6,0.465813535669102,0,0.0,0
33512,26.75664009505124,3,1,10.368415932391875,6,1.000036497071109,0,0.0,0
33513,37.719085159842024,4,3,19.05650840620657,6,0.30292401481500997,0,0.0,0
33514,50.34962071589657,3,4,18.986190438904877,2,0.9356601288060481,0,0.0,0
33515,31.097146692555157,5,6,8.775890400931228,1,1.0003498391495331,0,0.0,0
33516,28.28375662944999,4,2,7.634970783163336,1,0.0,0,0.0,0
33517,45.123538000200035,3,2,4.774563837422699,6,0.9998732884592105,0,0.0,0
33518,63.31648084212422,2,3,19.943251279524894,2,0.9997363246276092,0,0.0,0
33519,42.18426069467901,3,1,10.031617579802512,7,0.42110808179660986,0,0.0,0
33520,49.18565955483207,3,1,2.154990841985411,7,0.9999067273679967,0,0.0,0
33521,55.27271963368551,3,1,7.1794164646451115,7,1.000019246463224,0,0.0,0
33522,44.752941349199546,4,2,12.7313988565701,7,1.0000161656223927,0,0.0,0
33523,18.2142136418623,3,2,12.80130949167736,1,1.0003980818620484,0,0.0,0
33524,55.532473944086085,3,0,1.6601934537929246,1,0.6013005649409804,0,0.0,0
33525,43.00187607416373,4,2,15.24732076781325,3,0.3799787067113889,0,0.0,0
33526,41.159535618923655,3,6,16.54440064726873,2,0.2042081312873465,0,0.0,0
33527,43.11356019481056,3,4,20.00219443595563,1,0.829114279909406,0,0.0,0
33528,44.65700354083395,4,1,22.461827157538995,7,1.0002623911186506,0,0.0,0
33529,45.17611468246229,4,4,4.299397541324571,7,1.0001077189543517,0,0.0,0
33530,39.1600398040117,4,2,11.324720118717426,6,0.301413387066385,0,0.0,0
33531,51.006051938694235,4,6,12.872947448923368,7,0.722812513819746,0,0.0,0
33532,48.515220405264444,3,3,20.37650006108239,7,0.9997071311050671,0,0.0,0
33533,37.26434966629325,3,3,1.3578215893384158,4,1.0001746988810747,0,0.0,0
33534,30.631528120707284,2,3,12.207608119374536,3,1.0000165122828122,0,0.0,0
33535,51.03161302886147,4,6,16.974480483535423,3,0.4012041326799978,0,0.0,0
33536,52.690155333806544,2,6,17.43532997392886,1,0.9801472241092106,0,0.0,0
33537,37.21554865747029,4,5,0.2710605486834812,1,0.012849643925007759,0,0.0,0
33538,48.35824613807436,3,3,18.382777539806504,2,0.9997663398274244,0,0.0,0
33539,33.937536199828635,2,6,18.41009948868694,4,0.9998252848058514,0,0.0,0
33540,52.67112199199006,3,3,20.0019178615257,5,0.9250224910280267,0,0.0,0
33541,79.78594922622273,3,4,0.9231583632041502,5,0.003900072121202247,0,0.0,0
33542,38.235941808815014,3,1,6.4031587298029695,5,0.9505271130602981,0,0.0,0
33543,37.037005457054256,0,3,22.68110568486508,2,0.810104140068144,0,0.0,0
33544,35.89774145237848,4,5,7.792604567075868,1,0.7297513540211062,0,0.0,0
33545,32.73118257571443,2,3,12.16523714134684,2,0.9421749112000664,0,0.0,0
33546,10.445390463114244,4,3,6.023332452473673,2,0.016465468924355853,0,0.0,0
33547,27.97805449298531,4,1,1.775552561657948,1,0.5250568936694308,0,0.0,0
33548,69.30768698624973,2,3,20.62304769475856,5,0.501725623128163,0,0.0,0
33549,47.63183730961285,3,1,12.21320245235158,0,0.4984022510373108,0,0.0,0
33550,31.371015023741414,1,1,0.41606889614834763,5,0.2137161284108216,0,0.0,0
33551,18.359893066197873,2,5,17.327602772384424,6,0.12234430662620244,0,0.0,0
33552,42.30514338865806,4,6,18.784112466664784,4,0.9995246674350899,0,0.0,0
33553,31.834639845609015,2,7,4.506547147031788,2,0.26047211121518504,0,0.0,0
33554,32.529152148671,3,4,2.8498116655532115,1,0.23078422856346287,0,0.0,0
33555,26.551505316358543,2,3,8.75844685560324,3,0.5021279896347075,0,0.0,0
33556,29.244197434974076,3,1,12.681941766347187,2,0.18758353609693235,0,0.0,0
33557,71.14654458067987,2,3,16.412128905626453,7,1.0004767258552716,0,0.0,0
33558,33.644008300329276,2,1,0.778716530325509,2,0.1873344446682944,0,0.0,0
33559,43.26383992012974,1,5,7.373274515496318,7,0.23518267948024585,0,0.0,0
33560,49.310001481428934,5,2,12.13248876705851,1,0.9996196427539812,0,0.0,0
33561,37.99087193982597,4,3,5.877310206856515,7,1.000370065300471,0,0.0,0
33562,62.21210524628835,3,4,19.99833497351335,7,0.5084674613208513,0,0.0,0
33563,48.91035709888222,2,1,15.74216879152815,7,0.42391004411287864,0,0.0,0
33564,66.6638316741736,4,1,5.786630527247804,7,0.9995916155283966,0,0.0,0
33565,37.14993480889292,6,4,19.999555433869556,1,0.7115899906852222,0,0.0,0
33566,38.99386486506467,3,6,13.199717042153218,4,0.5296670606498626,0,0.0,0
33567,33.73803757452468,1,6,12.430556957062553,4,1.0003538026308694,0,0.0,0
33568,29.676274930580234,3,1,11.174136158599904,7,0.4221925080722225,0,0.0,0
33569,37.60817988487186,3,2,5.571746429682327,1,0.7450287185590054,0,0.0,0
33570,37.626687070404124,2,3,10.528829598927551,6,0.31138881340536173,0,0.0,0
33571,66.11625741340978,2,4,3.9121329378549765,7,0.9307753785245141,0,0.0,0
33572,42.80071794300952,2,3,1.8654874360665392,2,0.6073733005311972,0,0.0,0
33573,23.690575846435756,3,3,19.061642786599066,0,0.502280779296297,0,0.0,0
33574,33.82188897440801,5,1,20.250378594493142,7,0.9686267881621804,0,0.0,0
33575,36.833281004010246,1,5,17.274721039122888,7,0.7907899726722881,0,0.0,0
33576,46.20912442067518,3,7,12.543622493944799,2,0.0,0,0.0,0
33577,27.745268837429713,3,4,16.131011527351376,1,0.5562115552157337,0,0.0,0
33578,21.03601947102181,2,6,7.534001816015305,7,0.20440438841879066,0,0.0,0
33579,44.514598375311024,2,5,9.649754282391049,7,0.9998867887476387,0,0.0,0
33580,56.189140553205014,4,4,19.997779235069405,6,0.7328092202880522,0,0.0,0
33581,57.873936627735446,3,6,3.4369201100192646,4,1.0001070314220397,0,0.0,0
33582,57.00924944477929,5,3,1.4730667598637943,1,1.0000877184973402,0,0.0,0
33583,28.506972705564763,3,3,18.207286312104113,7,1.0001651662805475,0,0.0,0
33584,26.166486408092634,2,2,5.803588394489966,4,0.30990597521509944,0,0.0,0
33585,26.986252770664514,3,6,9.127173979988783,3,0.035006569703378676,0,0.0,0
33586,35.00715371982683,2,4,12.964277156694173,2,0.5930117736279309,0,0.0,0
33587,52.49920760957854,3,3,16.609072147841463,4,0.6747357382392489,0,0.0,0
33588,24.377716525472675,1,3,8.139298474104741,2,0.2151584639311726,0,0.0,0
33589,44.87694638460377,4,3,7.750982592791383,4,0.9994077559825705,0,0.0,0
33590,45.975758061112444,3,6,4.552303466864595,2,0.5953484632113522,0,0.0,0
33591,34.63603795526974,4,3,4.681980802272897,2,0.9997686938091309,0,0.0,0
33592,40.03564156992023,3,5,18.148013151801983,3,0.38674465274243824,0,0.0,0
33593,37.349284938916455,3,6,14.92168477571771,7,1.00014882294654,0,0.0,0
33594,36.4970023528532,2,4,20.00342446531649,1,0.9999029535890123,0,0.0,0
33595,38.508290438089944,4,3,11.205387661995424,3,0.3523442169946164,0,0.0,0
33596,51.716637319276984,2,4,0.6771009991099479,1,0.4231710662055218,0,0.0,0
33597,51.287549642833795,2,2,18.726072030839614,7,1.0002258976019969,0,0.0,0
33598,39.468164560075174,3,1,20.006083869108423,4,0.48534929203416405,0,0.0,0
33599,40.63048003173667,3,6,12.562386940189779,7,0.9995231072110121,0,0.0,0
33600,53.16565294377439,4,1,19.86194848858976,7,1.000536177323938,0,0.0,0
33601,24.25332649019959,4,1,17.437614968852927,2,0.7127682734912097,0,0.0,0
33602,53.944148075892784,3,2,17.798076289526886,6,0.391159829510336,0,0.0,0
33603,62.29583116862329,1,3,11.98955605274695,3,1.0004659264565705,0,0.0,0
33604,26.129933115811983,4,6,15.813698258032824,7,1.0002314845344813,0,0.0,0
33605,56.9809484945981,4,2,12.240861699006986,1,0.7247517089863114,0,0.0,0
33606,46.41425663747594,4,3,6.496312802021853,4,0.90647967548939,0,0.0,0
33607,66.04097447053626,3,1,18.599508228535186,3,1.0000784473291522,0,0.0,0
33608,24.58745241796594,4,4,20.001360943488734,1,0.17623000044627923,0,0.0,0
33609,39.905640453101,2,3,6.659574112235532,2,0.31345692296296834,0,0.0,0
33610,34.169883142410356,4,6,8.088544925583285,4,1.000110078764321,0,0.0,0
33611,34.760904207537045,2,5,5.275448751948531,5,0.9899326985900829,0,0.0,0
33612,37.573835543763344,1,1,20.002048272550056,4,0.46877751134778406,0,0.0,0
33613,40.878861605145154,1,1,6.706427433729551,3,0.11172520227869642,1,54168.90979661915,1
33614,45.79052598913427,4,4,11.662806286919118,2,0.290853066438901,0,0.0,0
33615,35.33837103659197,3,1,10.989783905093168,7,0.9999662589256014,0,0.0,0
33616,37.129917397254985,3,3,1.929631230386363,7,0.9998312286634932,0,0.0,0
33617,27.33041550362126,1,2,13.530264664599219,5,0.7884751770128875,0,0.0,0
33618,40.030961415781654,5,3,5.6505448432390795,3,0.5010146161612634,0,0.0,0
33619,71.6390143068794,2,3,14.786784996595426,1,1.0180890313729578,0,0.0,0
33620,18.615316596115562,3,4,10.493744754199376,3,0.0,0,0.0,0
33621,40.65801888438516,1,6,15.585551563571164,3,1.0002338613174964,0,0.0,0
33622,27.943874785743652,3,1,19.793882555268333,7,0.426877745300227,0,0.0,0
33623,48.87897142312364,3,7,16.45635823803676,2,1.0000945443922822,0,0.0,0
33624,56.73286683169232,2,3,11.203822932969299,7,1.0000060396014319,0,0.0,0
33625,32.681875142481296,2,6,18.69426021699244,4,1.0002752954433973,0,0.0,0
33626,37.00745348414852,5,1,22.26611172970514,7,1.0004399781478484,0,0.0,0
33627,60.37462098726219,1,3,20.281474885878534,2,0.5001783674105656,0,0.0,0
33628,46.63223141653834,3,3,13.317343024608771,5,1.0002579287267022,0,0.0,0
33629,50.35378546576869,2,1,3.657609350846027,4,0.504338830404508,0,0.0,0
33630,50.354016849330705,2,2,14.0339476569533,5,0.6464527692130764,0,0.0,0
33631,24.554741493900956,1,1,12.112238672863068,7,1.0006753027430049,0,0.0,0
33632,58.3517485342198,2,6,15.498833584287134,6,0.3664339795539648,0,0.0,0
33633,22.32111228673117,2,6,4.189854697257692,3,0.2958995021800384,0,0.0,0
33634,47.918882551765826,4,1,14.100738483425287,4,0.7915973894510805,0,0.0,0
33635,36.877607789122266,2,4,11.91902487786524,1,0.9870901541756445,0,0.0,0
33636,34.547715302003624,3,1,21.657439607466273,7,0.9617392065181027,0,0.0,0
33637,45.45574707129563,5,6,11.607820526591187,5,0.9998065297242585,0,0.0,0
33638,39.673525516965405,1,1,15.179133244366284,3,0.5024214335553588,0,0.0,0
33639,60.78582241054785,2,3,17.6475968178635,4,0.28327105003503444,0,0.0,0
33640,28.39142271311605,2,1,11.429365958705281,4,0.44168536475472797,0,0.0,0
33641,24.138754841588486,6,1,10.085513420517568,2,0.669180005255207,0,0.0,0
33642,24.520657917308984,5,2,5.444972047856919,4,0.9751581998750315,0,0.0,0
33643,69.37788815032943,3,1,19.999325202228594,1,0.86758626999145,0,0.0,0
33644,59.07360085072334,1,3,8.867360153888304,4,0.49793489620275744,0,0.0,0
33645,38.86636835669695,2,4,8.721777330609374,4,0.29251474318883425,0,0.0,0
33646,42.67829515220864,3,4,11.382876410909708,7,0.8801009627955327,0,0.0,0
33647,33.26606211159268,2,6,20.00115206587106,1,0.9999680335942264,0,0.0,0
33648,28.12591836313438,3,1,6.068410442985315,4,0.2877155719978459,0,0.0,0
33649,28.853960572604983,2,1,17.66448451233282,1,0.9397899631720179,0,0.0,0
33650,41.08968077464687,2,2,0.0,1,0.17642095444952566,0,0.0,0
33651,34.5692378345439,3,1,19.997900693469823,4,0.7160105864332746,0,0.0,0
33652,45.17359229177586,4,3,11.28137868483351,5,0.49918877358772973,0,0.0,0
33653,43.15448659827081,2,6,14.028593006057307,1,0.9630252635487258,0,0.0,0
33654,35.479681538489345,3,3,0.0,7,0.9999802157040909,0,0.0,0
33655,29.96452269304845,3,3,10.687919290113655,7,0.9614378409149325,0,0.0,0
33656,42.50441264171141,4,3,12.205906004620076,3,1.0000343372714675,0,0.0,0
33657,66.3461378641307,5,3,5.734056895343041,7,0.19989160368726594,0,0.0,0
33658,38.28987377521007,2,6,11.824574267609298,2,0.2198615995248202,0,0.0,0
33659,35.80757760336182,2,2,14.5489970261434,7,0.9997833238610639,0,0.0,0
33660,50.46672748423368,3,7,9.014922455272405,7,0.5477097309184124,0,0.0,0
33661,72.90531818983672,3,3,14.048399175880718,6,0.9208179645696402,0,0.0,0
33662,31.947138355901558,4,3,16.35015555868383,2,0.2080973466197285,0,0.0,0
33663,47.00175433088317,3,5,2.7726637298178076,2,0.49976494479398564,0,0.0,0
33664,36.36256801716081,2,2,1.6495968729248087,7,0.1319670797575555,0,0.0,0
33665,69.61269927100206,4,2,7.762144810153357,1,0.5243059414200694,0,0.0,0
33666,26.99946768114252,2,1,20.001664414852197,4,1.2537387943252862,0,0.0,0
33667,44.289269809737235,2,3,16.266360327027645,0,0.6230698613796118,0,0.0,0
33668,43.87964837697156,2,6,11.925049879191063,0,0.26460347485638414,0,0.0,0
33669,49.6161056798628,3,7,15.88823287280853,7,1.0004855148889975,0,0.0,0
33670,43.889071627878714,4,3,19.503287443438698,3,0.9746272948714023,0,0.0,0
33671,35.56059986387281,2,6,14.550709204649403,1,0.6709345675197492,0,0.0,0
33672,35.121830097295735,3,3,12.92836432874185,7,0.3260862832388886,0,0.0,0
33673,41.796264091921046,4,1,15.094989111714396,3,0.968419313442582,0,0.0,0
33674,58.89024595859093,4,1,4.891082374360506,2,0.49785897739892987,0,0.0,0
33675,54.61313680166421,1,3,0.0,3,0.9326352593932665,0,0.0,0
33676,44.16272686941462,3,5,3.3805857481416615,1,0.335586868924765,0,0.0,0
33677,51.13301201100268,4,1,12.908460483526145,0,1.0003787121611707,0,0.0,0
33678,27.404125530879995,2,5,4.094099315291155,7,0.9622493530839265,0,0.0,0
33679,33.969113920513855,0,6,11.353270186567055,6,1.1948939186669034,0,0.0,0
33680,39.17044275225906,2,3,3.464614946204211,1,1.0003425632748135,0,0.0,0
33681,47.453261219098316,5,3,11.401834169095705,7,1.0004799018613793,0,0.0,0
33682,32.24808437487647,4,1,2.8638950332935114,3,0.4989095171502831,0,0.0,0
33683,32.582696702435285,3,5,17.19285312820179,3,0.5804521578531426,0,0.0,0
33684,26.908351842388058,4,1,9.856413548479297,2,0.543237586842251,0,0.0,0
33685,60.86685595062208,2,4,18.46778559435293,7,1.0002084908081486,0,0.0,0
33686,62.46945159715219,3,4,2.811108066615418,2,0.9994749620170046,0,0.0,0
33687,52.131094439344615,5,6,8.540395437216137,7,0.9998336380385004,0,0.0,0
33688,37.3977501646824,4,6,22.080195375348687,4,1.000486915947843,0,0.0,0
33689,15.585813312040951,3,5,11.694736377599352,1,0.6872303823749867,0,0.0,0
33690,57.42644758350178,0,4,19.99638768918224,7,0.47138722465322785,0,0.0,0
33691,33.09125023073395,2,4,5.416989932078126,1,0.4056712911866012,0,0.0,0
33692,57.55349646173538,4,2,23.095993113292664,7,0.9996831583921941,0,0.0,0
33693,65.84895746885545,5,4,19.996442413060386,1,0.5847339362163039,0,0.0,0
33694,27.512981353149105,1,4,12.85155458295211,1,1.013179231319178,0,0.0,0
33695,60.47140347880626,3,6,14.952279179218031,4,1.0512926736827386,0,0.0,0
33696,41.75797335773307,3,3,6.503055827793941,4,0.9693990631475428,0,0.0,0
33697,45.56982893959625,6,3,7.87135517173789,5,0.9997590543831376,0,0.0,0
33698,49.63330895105396,1,3,4.950890982292498,6,0.32751858693838276,0,0.0,0
33699,56.017505600321854,4,3,10.663773405474192,5,0.8733123952666382,0,0.0,0
33700,28.437963286958123,4,6,11.014336408461263,4,0.5038367570314705,0,0.0,0
33701,43.79231666560773,3,6,9.072942811797313,7,1.0003540261045605,0,0.0,0
33702,56.52554599170028,2,2,12.339251793519683,7,0.9998579442223837,0,0.0,0
33703,40.43190598603653,4,6,14.928580593501227,1,0.9494748580006598,0,0.0,0
33704,28.621643894786047,4,2,14.580052187950045,1,0.748638199700429,0,0.0,0
33705,16.991749239595116,5,4,3.6729921140234545,2,0.9997936022555725,0,0.0,0
33706,47.2176743047211,2,1,20.001989811505624,6,0.9452306760067541,0,0.0,0
33707,46.94426776558933,3,6,3.4638534308168207,1,0.15483787545749994,0,0.0,0
33708,69.21196356004756,3,6,11.340676740220855,7,0.9991592367368076,0,0.0,0
33709,49.92256461864438,4,6,12.100120707218965,3,1.0002872580306934,0,0.0,0
33710,25.81824763950847,2,3,19.161607951310167,0,0.27051901334561074,0,0.0,0
33711,36.30942947754869,4,3,20.00253643288036,1,0.4654290492656578,0,0.0,0
33712,27.053601333886597,4,6,4.45727669412372,3,0.999431682756557,0,0.0,0
33713,32.13657586696816,4,6,13.78315543416448,7,1.0003953862018267,0,0.0,0
33714,20.941417412372534,1,4,0.0,4,0.3627941964840293,0,0.0,0
33715,64.07825281974692,4,4,5.17129544500336,6,0.4557401845003225,0,0.0,0
33716,67.20472036763061,3,5,5.9400665813184395,7,0.9998155518465082,0,0.0,0
33717,55.19768110187205,3,4,0.9726208386278845,7,0.5085014436020684,0,0.0,0
33718,47.364073760917314,2,1,20.001863867045387,2,1.1277920356168174,0,0.0,0
33719,20.026245556036177,5,7,9.803692870929856,6,0.2537611835120086,0,0.0,0
33720,60.26963811886306,2,3,0.0,3,0.9997818400823486,0,0.0,0
33721,46.673926130665365,2,3,3.93718666872587,1,1.0000504329330082,0,0.0,0
33722,46.84897688169387,5,6,12.197821890273042,1,1.000053005747873,0,0.0,0
33723,23.47885329027637,2,2,8.196547908559602,1,1.000030059544398,0,0.0,0
33724,34.06967825937562,3,3,19.683155322247025,2,1.0041870553936212,0,0.0,0
33725,60.31294617419283,5,3,10.012878095646764,3,0.5194494711084489,0,0.0,0
33726,48.34426790767119,3,3,6.5238887377845245,1,0.5008500853664533,0,0.0,0
33727,18.89984271783962,2,1,19.99546947459835,1,1.4022388369938068,0,0.0,0
33728,39.2805719739312,4,2,10.136352089632313,4,0.17942861332304327,0,0.0,0
33729,22.869700688515984,3,3,9.40624390981649,0,1.0003230316005043,0,0.0,0
33730,44.1845683071214,2,1,9.13839242710111,2,0.5006766403732316,0,0.0,0
33731,20.47500821110648,1,1,20.00395029421967,3,0.35142297645018905,0,0.0,0
33732,54.47812780817437,3,1,21.4771805697954,6,1.000724654110483,0,0.0,0
33733,42.16069283049878,3,3,17.17952525688678,7,0.9994521543561949,0,0.0,0
33734,64.76949480862605,3,3,18.787941364832307,4,0.9992448702959114,0,0.0,0
33735,47.26520233838448,1,1,7.6820368802238335,2,1.0006440664755758,0,0.0,0
33736,54.57510940885751,3,6,10.924925046034376,7,1.0004096601817873,0,0.0,0
33737,39.18733083364922,4,3,9.471371144997711,4,0.8400325052306663,0,0.0,0
33738,41.23715433659134,2,3,7.877865171225954,2,0.6379873049624197,0,0.0,0
33739,28.963492484685993,4,3,17.790261967858356,7,0.99998062445969,0,0.0,0
33740,69.07123555780235,3,2,8.964686583969076,7,0.831625526829631,0,0.0,0
33741,51.8331685955088,3,3,14.350438776090652,1,0.9998932196972861,0,0.0,0
33742,28.992775189506204,2,6,4.069840894275369,7,1.0003504551942242,0,0.0,0
33743,66.56315438829911,2,4,20.004503905713033,7,0.8211303538007018,0,0.0,0
33744,69.92857579956947,3,4,19.98596971322423,3,0.4966573122105988,0,0.0,0
33745,32.55299852044023,3,1,8.30495539091896,7,0.9999830166032928,0,0.0,0
33746,49.033421978045155,4,1,19.993871301592357,4,0.0,0,0.0,0
33747,35.90215067792256,5,3,3.2835609613795222,0,0.49367553361322025,0,0.0,0
33748,64.03051952518304,3,6,18.905686960104756,2,0.5039599852896262,0,0.0,0
33749,61.343357716135436,5,3,8.476635662794449,3,1.0003872572647488,0,0.0,0
33750,37.05090900466925,3,2,11.670381461860686,1,0.6645238842890256,0,0.0,0
33751,37.10874267353889,4,3,7.865190047622004,2,0.8546662972515618,0,0.0,0
33752,36.88789838115314,2,1,8.612557053986679,4,0.4974859476345173,0,0.0,0
33753,44.784578369835536,6,6,16.139710051507855,2,0.1466675995075033,0,0.0,0
33754,47.44056160790252,3,1,4.581528496704897,1,0.23396385851292628,0,0.0,0
33755,24.618651968683693,5,1,0.0,2,0.4996746200720439,0,0.0,0
33756,58.977400989361016,6,3,11.08224146828145,2,0.24398195162065484,0,0.0,0
33757,37.52066744010914,2,1,22.46225838033397,3,0.9999802490128944,0,0.0,0
33758,5.187685470083338,1,4,17.863200924485696,5,0.8649843435027496,0,0.0,0
33759,27.513353817383177,3,1,17.85609348060564,5,0.4851393897340074,0,0.0,0
33760,31.336188079988652,1,2,1.5665061898153159,1,0.3716217800015791,0,0.0,0
33761,38.1189419157946,4,6,15.960978176141138,4,0.37477677394008313,0,0.0,0
33762,41.52029799080838,3,2,7.697943411442857,7,0.14688748882701586,0,0.0,0
33763,23.372206825506396,3,4,12.975912286714914,5,0.4883213780603113,0,0.0,0
33764,24.221667930892277,3,6,13.71381087691276,3,0.9994084226434358,0,0.0,0
33765,37.72274502942196,2,6,14.918277721309078,3,0.47536182328035204,0,0.0,0
33766,58.50777272016933,2,6,9.544697836025797,7,0.9997374899512361,0,0.0,0
33767,32.428420562995825,2,6,20.56530806503473,7,0.44805944221961735,0,0.0,0
33768,42.00995307303926,3,6,20.068579056890627,7,0.39003918462246256,0,0.0,0
33769,55.217488603040984,3,2,16.976570039069244,5,0.24847015418357493,0,0.0,0
33770,35.39073167497721,4,6,14.777941129491449,3,0.2069774120507858,0,0.0,0
33771,29.60560148820591,3,6,9.372502180364135,4,0.0,0,0.0,0
33772,40.10028813004484,1,5,6.7615105224699565,2,0.44494540921657777,0,0.0,0
33773,48.005092812695764,4,6,1.3875666505769253,3,0.8033747870572523,0,0.0,0
33774,43.53501240867644,2,2,23.047596006108506,7,0.9996291173520904,0,0.0,0
33775,48.00549188305685,3,3,6.878196750601016,3,1.0005239547366431,0,0.0,0
33776,38.65731611386251,2,2,0.0,7,0.3587938679676538,0,0.0,0
33777,42.73330535083978,1,3,0.0,2,0.0,0,0.0,0
33778,50.99730404598819,3,6,1.8686294570572741,3,0.07515315653822241,0,0.0,0
33779,33.51923468605493,1,3,1.5208462740541293,1,0.38512077114351206,0,0.0,0
33780,48.93026587665644,3,5,19.984914239397717,1,0.49823686890803576,0,0.0,0
33781,48.1518265028415,1,3,14.655486045719902,5,0.9423174113064485,1,4375.151319255334,1
33782,21.41920436194019,3,3,17.833346342314094,3,0.4812606212610435,0,0.0,0
33783,29.422511916792736,4,3,16.784960084399227,3,0.09423017705668557,0,0.0,0
33784,25.585669054591044,4,6,13.300744449325393,6,0.3180997992749816,0,0.0,0
33785,35.448178556448944,4,2,9.536918125417607,3,0.144012732737142,0,0.0,0
33786,46.24117541838309,4,0,18.03781877078297,6,0.4231548974657166,0,0.0,0
33787,59.61017377196174,2,3,13.831445484575239,3,0.44654250025416314,0,0.0,0
33788,35.757042087596105,1,3,0.0,7,0.9996928269110523,0,0.0,0
33789,52.265346559962445,4,4,20.001337885306093,1,1.0002407193262266,0,0.0,0
33790,48.170385472376026,2,1,7.1556620568066,7,0.9689916706996109,0,0.0,0
33791,16.758383160749073,5,4,10.647311846542632,1,1.000221137123423,0,0.0,0
33792,74.37630998312693,3,4,20.00539679612964,7,0.381533127901128,0,0.0,0
33793,45.64465795451021,6,1,16.185614692417005,7,1.0002610396894585,0,0.0,0
33794,47.37881601782312,4,3,6.95711046980849,2,0.9995477253155471,0,0.0,0
33795,62.606633584596956,3,2,4.208126041974789,7,1.1514927734481655,0,0.0,0
33796,43.60687048672008,4,2,20.001528588563865,1,1.3779112392550386,0,0.0,0
33797,21.566796218836505,4,4,19.995621732979696,2,0.4154916336677018,0,0.0,0
33798,21.056567909653396,3,4,16.07986516553897,7,0.6500008349054216,0,0.0,0
33799,36.815138316631604,3,5,14.178791131787763,1,1.0000094351820632,0,0.0,0
33800,28.450778657615448,5,6,7.328688952438064,1,1.0052330991798875,0,0.0,0
33801,64.03650859372472,3,4,20.000322783679152,1,0.765156684849998,0,0.0,0
33802,37.14721532503685,3,5,19.99382652645015,1,1.0002850235537748,0,0.0,0
33803,53.393108418619654,3,3,10.562041146594218,7,1.0000588381983644,0,0.0,0
33804,24.63554241215654,4,2,12.04733874235599,6,0.17689473297956992,0,0.0,0
33805,43.65310917819182,4,6,18.349713861510107,4,1.000049885307405,0,0.0,0
33806,20.611626598461218,1,2,6.062616201884512,5,0.029639054629491457,0,0.0,0
33807,39.78668755849864,3,3,19.99516221930282,7,0.8199067817781927,0,0.0,0
33808,55.79889508764661,3,3,3.5696594124632623,3,0.9997992181180789,0,0.0,0
33809,25.803438506015766,3,3,1.3367243942443086,3,1.0003900436755673,0,0.0,0
33810,7.299097920993788,4,7,6.9116684976262786,1,0.0,0,0.0,0
33811,51.85475083841964,4,1,8.152466834147413,7,1.000695006739474,0,0.0,0
33812,40.10239703542755,2,1,24.81002215791601,7,0.9880202703465326,0,0.0,0
33813,45.55576271670776,3,2,13.390031206457788,4,0.37684757545843506,0,0.0,0
33814,45.96683866439071,3,3,10.359556632396247,7,0.9588154499482434,0,0.0,0
33815,65.67777315277799,2,7,6.418195586827375,7,0.9470749115534701,0,0.0,0
33816,65.13119055128871,3,1,20.532418660143954,4,0.63067123158852,0,0.0,0
33817,25.83095482048525,3,6,0.7931143137758294,2,0.5222213896808862,0,0.0,0
33818,68.820156044071,4,5,18.424980984945506,2,1.0002325044172764,0,0.0,0
33819,38.10134845281355,3,1,20.006230512557572,1,0.5026861971465099,0,0.0,0
33820,57.495526341247206,2,5,18.234056284996775,5,0.5010446595288122,0,0.0,0
33821,27.103857779745326,2,2,2.080086231025623,1,0.0,0,0.0,0
33822,38.49008584906994,3,1,12.784278489041995,4,0.10464271173256745,0,0.0,0
33823,14.180280784760445,5,1,0.0,1,0.0,0,0.0,0
33824,47.32593390519094,3,5,17.23100183876458,3,1.000502908694241,0,0.0,0
33825,41.67087091107135,5,6,5.630996055048898,4,0.6031679922822839,0,0.0,0
33826,37.703963976032576,4,3,15.642688981408604,0,0.49881993710685857,0,0.0,0
33827,43.689664594354745,3,4,11.336954381848702,1,1.000561431565602,0,0.0,0
33828,46.83494505619552,2,4,20.002260901920238,1,1.0003790452312487,0,0.0,0
33829,32.51990013687039,3,3,4.522592798815608,5,0.02788448040137248,0,0.0,0
33830,56.63459534385679,2,1,16.19435030935838,2,0.4988940631158327,0,0.0,0
33831,26.894227167383068,2,6,4.081848830007918,4,0.6958943484392562,0,0.0,0
33832,71.84543124831504,4,3,15.703835946453307,7,1.0001354610104742,0,0.0,0
33833,32.44369518122211,1,3,12.046907993528336,2,0.9999406047888937,0,0.0,0
33834,43.209308309243475,3,3,16.322334688906437,7,0.3928350827970165,0,0.0,0
33835,47.72235800258098,3,5,15.121772493428628,7,0.15819053368814928,0,0.0,0
33836,45.359136682679505,2,3,17.921872783972653,1,0.9905384545695708,0,0.0,0
33837,65.3557127288459,1,4,20.002134765464277,1,0.9994614565478612,0,0.0,0
33838,41.77685460612205,4,2,14.836621512642218,1,0.999989807867659,0,0.0,0
33839,12.93535640946688,6,3,1.5072587378906608,4,0.29275282980668954,0,0.0,0
33840,48.18085491274637,3,3,14.863902576100259,4,0.3706974097484411,0,0.0,0
33841,47.96891790930121,3,2,1.8390459737196707,5,0.913880468939926,0,0.0,0
33842,55.36331131624913,4,3,18.838350521114272,7,0.9993195565241392,0,0.0,0
33843,45.30642401442533,3,2,1.9057867930683958,5,0.37726224448861356,0,0.0,0
33844,44.80259402723327,3,4,14.34853364289321,4,0.9995285795599704,0,0.0,0
33845,53.553557264071564,5,3,3.6548113149254435,0,0.15339876008483155,0,0.0,0
33846,59.772207463904124,4,5,11.315368799962059,7,1.000542135716696,0,0.0,0
33847,41.183276060183566,2,3,8.262080500775077,4,0.4825004124941964,0,0.0,0
33848,33.1860828709325,5,6,8.649389054235975,3,0.8076715830504753,0,0.0,0
33849,69.95595961560676,4,6,15.472410638786826,7,1.0000049336617567,0,0.0,0
33850,58.93188354929117,2,6,17.197757840074388,7,0.9998094899906649,0,0.0,0
33851,30.52589745861845,1,3,16.784807612413303,3,0.665682425630656,0,0.0,0
33852,18.591175880689704,5,6,5.291555992295359,2,0.3678182308062138,0,0.0,0
33853,53.315118418879216,4,4,19.99478499040445,2,0.7697322512312698,0,0.0,0
33854,25.967406931841364,1,2,5.887904356260197,0,0.49588304602785105,1,6783.711263481037,1
33855,74.63380517760069,3,1,16.814704250952627,0,0.9552817606578389,0,0.0,0
33856,40.813566345335126,1,1,7.968162422195672,2,1.0003461130944402,0,0.0,0
33857,71.77436717973002,3,3,12.785145586846356,3,1.0002462692553276,0,0.0,0
33858,49.534997036186596,4,3,0.0,2,1.0002477609433547,0,0.0,0
33859,41.95805199299432,3,6,1.8303654141529275,4,0.5257817697960583,0,0.0,0
33860,33.47138694747874,3,2,12.189143935977487,1,0.3606093081139736,0,0.0,0
33861,48.587013690425636,3,1,6.588347594642719,5,0.42896881129679787,0,0.0,0
33862,60.50837230220529,4,3,12.443488368346046,3,1.0001208930648129,0,0.0,0
33863,46.38469183270939,3,6,6.83188850731902,7,0.9994344136437932,0,0.0,0
33864,23.767716215338115,2,6,12.796638154353595,4,0.19702089563230868,0,0.0,0
33865,18.64430884057755,2,4,15.061512630044916,1,0.9745264571688861,0,0.0,0
33866,30.943420179027093,2,1,18.270461035566363,4,0.929185316694681,0,0.0,0
33867,42.82819194722908,4,6,9.549321982817245,1,0.4962622627958348,0,0.0,0
33868,34.477360052312406,3,4,0.0,7,0.648572240091612,0,0.0,0
33869,33.47424696778895,4,4,20.001636032487006,4,0.49631200015635996,0,0.0,0
33870,28.80262448906538,2,2,0.27197295627783724,1,0.5747534586456918,0,0.0,0
33871,56.232569176609175,4,3,22.945073166815394,7,0.7187482074110463,0,0.0,0
33872,31.772289768478206,6,2,8.719110513565552,7,0.4084899396733565,0,0.0,0
33873,35.34430011348127,3,4,20.00459059982598,2,0.9997214617217475,0,0.0,0
33874,29.52722661305547,3,5,1.8111729462148087,7,0.6286886684028118,0,0.0,0
33875,31.82642271140817,4,4,2.431685466987833,1,0.0,0,0.0,0
33876,51.32909168749376,3,3,12.688848974296205,3,0.9999464792926365,0,0.0,0
33877,64.40101616631422,4,2,11.617425198810123,1,1.000086809135879,0,0.0,0
33878,30.556339501028283,5,6,10.525305928759417,7,0.9999723976704604,0,0.0,0
33879,37.528152898780554,3,4,12.889771455296264,1,0.45176710510903095,0,0.0,0
33880,60.94194828952722,4,3,18.689426291470408,2,1.0002704072991764,0,0.0,0
33881,46.52082992345912,1,1,10.57033166050077,0,0.9445309073496995,0,0.0,0
33882,45.162198366573605,1,1,11.140960992332927,7,0.5500110730738792,0,0.0,0
33883,38.24417596387512,2,1,11.375766149747449,2,1.0000584365597867,0,0.0,0
33884,58.27691198987824,2,3,10.856330217208924,3,0.14429771507024702,0,0.0,0
33885,30.33884734617801,3,5,11.67438220194025,7,0.9999791467230393,0,0.0,0
33886,28.138735289180282,3,2,15.564273799376286,7,1.1212277537290374,0,0.0,0
33887,0.0,2,1,5.428340518997709,1,0.9241866163083775,0,0.0,0
33888,29.144247867739757,3,5,20.258911590301672,4,0.33068202771504174,0,0.0,0
33889,26.28845163156751,2,3,0.0,2,0.3756530420094541,0,0.0,0
33890,42.4048146925742,3,3,13.555805565032127,4,1.0002199429588816,0,0.0,0
33891,52.70934433895875,4,2,10.775709513637818,7,1.0002186230905399,0,0.0,0
33892,31.66681528888671,3,3,12.61540205576031,4,0.1944655816535148,0,0.0,0
33893,36.641195836009516,3,1,16.08280593849784,1,0.4469416025821351,0,0.0,0
33894,18.89294927832499,3,3,8.976773773910494,1,0.9996296946070393,0,0.0,0
33895,41.951975382687955,2,6,5.870029289157032,5,0.7937274769949296,0,0.0,0
33896,53.323909961644645,4,3,19.733044906980773,7,1.000247893874413,0,0.0,0
33897,33.32141854387647,0,1,0.0,7,0.33869754923331175,0,0.0,0
33898,23.023797725016287,2,6,14.189049664748541,6,0.8767650984539612,0,0.0,0
33899,53.48395954783513,4,1,0.14988362597595817,4,1.0000610790326383,0,0.0,0
33900,54.77816528409344,3,4,6.619060482743175,6,0.9940761361999373,0,0.0,0
33901,31.488457755569748,4,2,21.37620197298101,7,0.6054472549399839,0,0.0,0
33902,37.529270156110975,4,5,13.599694475665071,1,0.7610731733733479,0,0.0,0
33903,41.14553785756994,2,3,19.11821770398722,1,0.3486641552763992,0,0.0,0
33904,25.806929780929206,3,1,8.858504840715009,7,0.9998134371480604,0,0.0,0
33905,67.64664439047111,5,3,17.113762096969104,2,0.9634755861781045,0,0.0,0
33906,52.35488655888496,4,3,13.222731905773518,7,0.31092286246036277,0,0.0,0
33907,44.747489688884684,3,2,11.086012051198592,7,0.8904184472163887,0,0.0,0
33908,38.72567770181091,4,1,6.6489222689073175,4,0.0,0,0.0,0
33909,52.52212341033695,3,2,5.684356584165401,6,0.9998692356234615,0,0.0,0
33910,42.70678343176368,2,3,9.166470456989469,2,0.2047176576136071,0,0.0,0
33911,37.50883653749117,3,3,20.00425676981995,4,0.5566376607587324,0,0.0,0
33912,27.813255030301427,1,3,3.674078994643639,6,0.26803858877061726,0,0.0,0
33913,44.955303287399694,3,1,23.355665401187746,7,0.49689788649963257,0,0.0,0
33914,34.15866548759899,3,2,9.130773034844998,7,0.9996888636344936,0,0.0,0
33915,50.590657778059224,3,5,14.376158239669348,1,0.42625344841102486,0,0.0,0
33916,40.11703027708447,6,4,16.690480995571917,3,0.02378473834040362,0,0.0,0
33917,42.06529304985866,3,6,13.10078035832631,1,0.9820098081632611,0,0.0,0
33918,26.607272463833446,4,6,0.0,7,0.520114831267773,0,0.0,0
33919,36.382062671051685,2,2,0.0,7,0.5763777482354053,0,0.0,0
33920,65.55790625621009,3,4,8.150155052900214,7,0.7712110106810548,0,0.0,0
33921,37.93127059844257,3,3,15.098294722677652,2,1.0002711866539515,0,0.0,0
33922,44.24322386925355,2,6,16.57622155694918,8,1.0002568555766258,0,0.0,0
33923,33.03393546409176,4,4,20.00442125891408,4,0.6131083780350068,0,0.0,0
33924,66.46825339581221,4,3,18.851812576658833,3,0.49978549655505256,0,0.0,0
33925,31.49513833777293,4,1,13.978911081953092,7,0.6706500406961695,0,0.0,0
33926,57.51118339312734,3,6,3.9915877384976284,7,1.0000495476060418,0,0.0,0
33927,39.11578636134924,3,3,20.00576839394288,2,0.5187066742548156,0,0.0,0
33928,63.05228978813245,3,2,0.7756138458885786,7,0.9061590610588648,1,15693.599357523832,1
33929,34.94536796757789,3,1,20.76349977243943,6,1.0003501125627432,0,0.0,0
33930,51.559644186774705,1,2,7.030078017189375,6,0.0,0,0.0,0
33931,68.75461208697554,5,1,14.383852112698927,3,1.0003452926818492,0,0.0,0
33932,53.447073363597625,3,6,7.770935402469171,5,1.0006739289726534,0,0.0,0
33933,30.028043356530862,0,1,8.775688685140329,7,1.0004097064322315,0,0.0,0
33934,26.647560046402972,7,6,16.0849377201016,7,0.7102337985527671,0,0.0,0
33935,39.19648308190319,2,2,10.56562082047219,2,0.46332329836608566,0,0.0,0
33936,62.606810641434805,3,2,15.96651982822738,7,0.6070422218803093,0,0.0,0
33937,57.79052282908601,6,3,20.00782257526354,1,0.6240699863652482,0,0.0,0
33938,50.46321598109424,3,3,7.181393869020837,2,1.0003878256922722,0,0.0,0
33939,10.583821907059125,2,3,11.975562720886781,3,0.40119501885162484,0,0.0,0
33940,63.942618437599606,3,2,11.045285426727855,1,0.9999778444249863,0,0.0,0
33941,49.82930765918486,3,6,8.016396011288048,3,0.38897636322615875,0,0.0,0
33942,43.71085024318152,5,3,9.061752239631227,4,0.49856449937469005,0,0.0,0
33943,39.160370959475664,1,3,8.170724186179232,3,0.499193612105176,0,0.0,0
33944,46.98116242464503,4,5,6.352217254097882,2,0.1282914535661761,0,0.0,0
33945,50.732841875757934,4,6,8.269311633575558,7,0.9996939595584056,0,0.0,0
33946,28.878996116436447,4,3,5.055505606472114,1,1.0000455324571575,0,0.0,0
33947,56.621015737321514,3,1,11.597069834319427,7,1.000046624102933,0,0.0,0
33948,10.53456362754791,1,2,4.677198337682254,1,1.0001335318717106,0,0.0,0
33949,34.993826737390634,1,1,5.547186798896162,2,0.5001920249373693,0,0.0,0
33950,36.502529035064306,6,3,3.3662406960002462,1,0.2446459866702182,0,0.0,0
33951,44.734851349189526,1,4,7.663162911688508,5,0.04744077343504316,0,0.0,0
33952,22.15901462858365,2,2,3.833130900051457,3,0.2903654505469082,1,58514.90431248631,1
33953,62.13034164052996,1,1,7.869548241293492,2,0.499945501523261,0,0.0,0
33954,32.83073536861478,4,6,19.841481746235807,1,0.9711524725428413,0,0.0,0
33955,50.48942557089095,3,3,11.903612974877369,5,0.999912662535763,0,0.0,0
33956,44.77015285902563,2,2,7.968604830402668,7,0.9998369114571535,0,0.0,0
33957,17.501926481524443,1,6,18.450521519390268,2,0.3849996420908044,0,0.0,0
33958,48.411043592092135,3,3,16.141404173541446,5,1.0002060105034014,0,0.0,0
33959,47.264885483523315,5,2,12.31734148693582,7,1.0004265296707076,0,0.0,0
33960,35.5943834464883,4,6,6.704518806181428,6,0.6176625735321953,0,0.0,0
33961,40.5316164722082,4,6,19.819644891655848,7,0.664796994552981,0,0.0,0
33962,66.9325321524044,4,6,17.81413449962194,7,0.9998997997053878,0,0.0,0
33963,44.97846643375205,2,6,14.202396962536007,6,0.9996075562502058,0,0.0,0
33964,38.84406310432803,3,6,2.004396474357719,7,0.0,0,0.0,0
33965,16.853680581324305,3,6,9.78448921052242,7,0.0,0,0.0,0
33966,57.3632444491528,4,3,15.793353070688173,7,1.000015256215344,0,0.0,0
33967,50.639164646800914,1,1,5.4377476152022295,6,0.9142096457057453,0,0.0,0
33968,49.04053246757401,2,6,7.7981560258575575,7,1.000173984065474,0,0.0,0
33969,20.778569405209524,3,3,19.99355534935109,4,0.6002483228563269,0,0.0,0
33970,47.6054242877403,0,3,11.69990351709156,7,0.9999542954030964,0,0.0,0
33971,37.17607924797009,1,4,11.312149034901783,6,0.6011826734620799,0,0.0,0
33972,41.2338211161555,4,4,20.01388957779395,1,1.0001868384232357,0,0.0,0
33973,28.040128609361332,2,6,9.440131184416748,1,0.5625790304197128,0,0.0,0
33974,29.734338428787673,3,3,7.9918964640446735,6,0.10707497356855655,0,0.0,0
33975,45.92296219767321,2,3,8.61878549669621,2,1.0000482481279647,0,0.0,0
33976,55.52449248321041,3,6,12.655266088348895,7,0.9999464237842455,0,0.0,0
33977,25.22978957200551,2,1,8.781649920709771,7,0.633875679223711,0,0.0,0
33978,42.18019678958366,2,1,20.00547722398987,5,0.18864170729697455,0,0.0,0
33979,36.36606378513965,2,1,8.913117304630982,7,0.3630226361778303,0,0.0,0
33980,38.89918103359008,0,1,4.569400434063159,6,0.7377323635706464,0,0.0,0
33981,42.97227233310613,3,3,0.0,0,0.9989019554371907,0,0.0,0
33982,31.4976135368264,3,3,6.3688631655501196,4,0.99945835568883,0,0.0,0
33983,56.837714027608904,3,3,12.017423731685614,2,0.4980673169528867,0,0.0,0
33984,46.16116656903345,2,3,12.306967163175344,7,0.32242404690799437,0,0.0,0
33985,65.55162013975956,2,3,23.338089491317078,4,1.000184299681455,0,0.0,0
33986,49.43748655132883,3,5,20.378267302897378,5,0.9158186801412191,0,0.0,0
33987,33.63483181099896,2,3,8.409315468972364,4,0.9434657200363059,0,0.0,0
33988,62.28209483481453,3,1,2.4242940710390943,7,1.000556698844993,0,0.0,0
33989,34.60463407278872,2,5,0.024673783408337258,3,0.9693584265356658,0,0.0,0
33990,35.01674116625584,1,3,0.0,4,0.01953653692889279,0,0.0,0
33991,29.28417353637857,1,3,1.840018336362169,7,0.5983824146077515,0,0.0,0
33992,46.09197754496943,2,3,8.108096187904861,7,0.9999382030130954,0,0.0,0
33993,37.736437529697284,2,4,20.0165771618276,1,0.7143690507354082,0,0.0,0
33994,27.24003013134609,4,1,7.2742335291921485,2,0.49962362156093276,0,0.0,0
33995,47.025456757191996,3,3,4.947991059325231,1,0.5020722446263195,0,0.0,0
33996,37.72979376243512,4,3,0.0,2,0.3969017865689954,0,0.0,0
33997,47.45763893027613,5,2,2.2955468099353116,1,0.5274487667682505,0,0.0,0
33998,41.681362652968055,4,1,7.259849589541066,2,0.29812005773960054,0,0.0,0
33999,53.96291407691746,3,4,2.90445198011642,6,1.0001036333292503,0,0.0,0
34000,40.344998882737706,3,3,20.00313730102473,5,0.09031393850199665,0,0.0,0
34001,49.927424005752094,1,2,0.0,7,1.0000355736892046,0,0.0,0
34002,41.27610232838882,3,3,13.131182835264589,4,1.0005606874295108,0,0.0,0
34003,44.110756731206166,4,5,23.24875112907234,7,1.0003254442059062,0,0.0,0
34004,54.94885582265989,3,4,12.09879269712421,7,0.12645043894731,0,0.0,0
34005,60.1515808960232,2,1,5.918998798453851,2,0.3045295681533056,0,0.0,0
34006,62.00694137018674,4,2,3.012124670568788,6,0.7357305311751249,0,0.0,0
34007,28.660585166885262,1,5,0.6495660625195274,0,0.22328288447692823,0,0.0,0
34008,41.004729647705176,3,4,18.270578274685775,7,0.2682878051785728,0,0.0,0
34009,59.81559553176751,3,3,6.522946825175423,2,0.8537250472316688,0,0.0,0
34010,38.16052309843969,1,3,11.253145870835219,2,0.37401358838907894,0,0.0,0
34011,29.62657387302813,3,2,18.928336348490053,2,1.0006319198334515,0,0.0,0
34012,36.63234064557795,3,0,18.614060453260986,4,1.000458538329649,0,0.0,0
34013,59.29861244023054,4,6,7.248246864263698,6,1.0706456606498649,0,0.0,0
34014,65.5972288492469,3,2,4.941604157752601,6,0.9996616191837149,0,0.0,0
34015,49.095595637121114,5,1,13.25535506197211,1,0.3601070685009273,0,0.0,0
34016,44.94097497778078,3,6,7.485176115806653,7,0.0,0,0.0,0
34017,43.313606402120904,3,6,6.65150818280092,7,0.96759328573136,0,0.0,0
34018,31.204616707908954,5,1,12.88803780752795,3,0.5007258455410404,0,0.0,0
34019,25.278256383589667,5,4,19.994548119798615,1,0.27042684368105374,0,0.0,0
34020,58.35747662793665,2,1,14.90744256185527,7,0.99959116261029,0,0.0,0
34021,38.96231857764888,1,3,6.363882603782765,3,0.5055140741557932,0,0.0,0
34022,18.626673706116684,2,1,0.31669947562950895,3,0.1995800316582726,0,0.0,0
34023,59.481066738797196,0,6,3.872542861220545,7,0.5911293165357664,0,0.0,0
34024,29.12234745698602,1,2,15.282394074631235,3,0.45181031584152065,1,3650.385028552944,1
34025,32.734415135264314,1,3,5.742743147148668,6,0.657323371697053,0,0.0,0
34026,44.50834441562963,5,3,18.107019993849754,7,0.36130043665280787,0,0.0,0
34027,38.573994446591776,3,6,11.178704675052723,1,0.023332562814840307,0,0.0,0
34028,34.88463867859517,4,3,0.11139379639694802,6,0.8026872467723363,0,0.0,0
34029,58.69494835809819,4,3,4.401950676271264,4,0.0,0,0.0,0
34030,32.25766925755448,2,6,5.557508698998156,6,0.3076413245476159,0,0.0,0
34031,38.19400935568492,1,1,3.9872465785362143,2,0.24145466136997756,0,0.0,0
34032,49.64132025877297,2,6,17.49962905093668,6,0.5114324421382,0,0.0,0
34033,39.79940952673755,0,1,13.710817970225225,7,0.6287620365487707,0,0.0,0
34034,25.275907424316504,3,6,13.440039436365382,1,0.8248561473492741,0,0.0,0
34035,35.63192768625117,0,3,20.005270995844654,1,0.4507001947901037,0,0.0,0
34036,63.272107795586315,4,5,17.86583231532136,7,0.9994525019968942,1,10792.017429981726,1
34037,58.847487461380304,3,2,11.040759638262,7,0.43162348720440186,0,0.0,0
34038,37.361872602270395,2,2,5.903077164091495,1,0.32567381378393373,0,0.0,0
34039,69.23336794338962,2,1,20.00820627302712,6,0.6508634489675655,0,0.0,0
34040,37.18109926499885,4,6,7.791966680485828,4,0.388727371055525,0,0.0,0
34041,53.27286556282113,4,2,19.882166663289873,6,0.20257904487564637,0,0.0,0
34042,25.58712713711076,5,5,20.003140702140378,1,0.6760361901200023,0,0.0,0
34043,41.34517450243993,5,3,12.265637384588892,7,1.0004790042289922,0,0.0,0
34044,50.718878392180834,4,1,15.746157004373336,7,0.5206762108694368,0,0.0,0
34045,40.91477042820033,3,5,1.8609354401779523,1,0.34551969594820064,0,0.0,0
34046,61.134832073632715,3,3,12.13732419604145,2,0.9996545080985171,0,0.0,0
34047,33.662734146567956,2,3,8.512325686727923,4,0.5282856730356393,0,0.0,0
34048,39.42296614245998,4,2,10.124037510673999,4,0.9411750243463107,0,0.0,0
34049,51.95040772907463,2,6,13.519465290225583,1,0.9380414375237784,0,0.0,0
34050,23.968862586210346,1,2,16.047791197845573,1,0.7011266152430831,0,0.0,0
34051,29.034060249454207,3,3,2.3608736005838242,6,0.5692820408695823,0,0.0,0
34052,38.22270968540124,3,4,20.00929681890744,7,1.0000533607518736,0,0.0,0
34053,29.691952498141376,3,6,15.501899586283729,2,0.34757265450154207,0,0.0,0
34054,37.217203641036726,1,6,1.597308455023935,3,0.3493711488144637,0,0.0,0
34055,50.91884085669956,1,1,9.326547618705765,1,0.9384317070990448,0,0.0,0
34056,46.21979570953882,3,4,12.50528465709743,7,0.9328721894731139,0,0.0,0
34057,59.103626696946606,5,6,17.173597349501723,3,0.7092646419349007,0,0.0,0
34058,34.599194251139096,5,3,10.016590856749744,7,1.0002100996361571,0,0.0,0
34059,72.59264701932035,4,2,15.177443963874612,7,0.36058694520148454,0,0.0,0
34060,17.82798640977115,3,3,16.031393509604428,1,0.49793002405384257,0,0.0,0
34061,55.560983176562964,5,4,20.002989019053565,7,0.5706646672535272,0,0.0,0
34062,37.467323904885774,2,3,10.262158140552968,3,0.5033548641846843,0,0.0,0
34063,51.91548099239961,2,5,19.719325136156314,7,0.9990726309886346,0,0.0,0
34064,38.7470225209078,4,3,4.376266343573835,7,0.2696680659724707,0,0.0,0
34065,68.50451751885247,4,1,1.6895962813935395,4,0.9272653975978533,0,0.0,0
34066,39.584144229286956,4,3,13.969168407312903,3,0.6040582135165082,0,0.0,0
34067,38.17179292231157,2,4,20.000326363358553,3,0.9992907109587039,0,0.0,0
34068,60.57919805882578,2,6,8.100744274477169,6,0.0,0,0.0,0
34069,39.51202532468283,5,6,12.164042256290646,7,0.9999331284813842,0,0.0,0
34070,58.19756748871143,7,4,9.701311025963992,3,0.9998428383189344,0,0.0,0
34071,51.40655580633779,4,6,4.503778434010879,6,0.1684607419290305,0,0.0,0
34072,49.17512223618072,4,9,5.532208749386795,7,0.6172035406619414,0,0.0,0
34073,42.22732153987004,3,1,10.639608975872063,7,1.0001893778578272,0,0.0,0
34074,45.75270077881247,3,5,20.349522844840106,2,0.9999237231132354,0,0.0,0
34075,51.67112332729427,3,3,0.0,7,0.9998720993353842,0,0.0,0
34076,64.34872137342418,3,5,20.16122118012511,2,1.000200658077021,0,0.0,0
34077,46.24292659485668,4,3,10.224674018129408,3,1.0005583239328852,0,0.0,0
34078,28.62525905100975,3,4,19.9939688992998,7,0.4210606947346621,0,0.0,0
34079,61.98037479488495,4,3,10.431704558810946,4,1.0009006411337475,0,0.0,0
34080,54.436413176199835,4,4,18.31998681260975,7,0.9996963684683852,0,0.0,0
34081,31.043617395978153,4,3,10.392746849666064,7,0.3713835331418151,0,0.0,0
34082,45.30831728849116,3,1,9.183043740100231,3,0.4754014290037686,0,0.0,0
34083,53.70080670870269,6,6,18.388124872631455,2,0.1652905638926484,0,0.0,0
34084,41.49328054514999,1,3,11.840398191944427,2,1.0004325808881314,0,0.0,0
34085,37.399259850053696,3,1,6.786284447911062,3,0.1939197797655542,0,0.0,0
34086,52.09926831132199,2,6,14.968538011245483,2,0.018378003557115496,0,0.0,0
34087,29.583428680911787,5,2,6.556893371252543,6,0.45192646239199574,0,0.0,0
34088,63.522836243309044,3,6,9.753150578834545,3,0.46932983848175114,0,0.0,0
34089,40.42597207947234,3,3,3.3232201170610027,4,0.9702282041371264,0,0.0,0
34090,45.54265275342777,2,1,18.294660755433934,3,0.4988801434062668,0,0.0,0
34091,29.431972554363035,4,5,14.503668368593985,1,1.0000895728626145,0,0.0,0
34092,56.374815105660815,3,1,19.999510904846048,7,0.5127771076772103,0,0.0,0
34093,27.328843496814276,4,4,20.002230206583373,0,0.29690298051966496,0,0.0,0
34094,47.386810414720536,4,2,10.343353417209963,7,0.6332550795980313,0,0.0,0
34095,71.56884706171851,4,5,12.49486460750529,1,0.9710830292839419,0,0.0,0
34096,49.396216767235686,3,4,19.98825514445727,1,0.6904483113766443,0,0.0,0
34097,35.18916329971841,3,4,20.003557885501337,1,1.0004671875571494,0,0.0,0
34098,52.068707478136176,2,5,9.861757735571231,1,1.0301814321797444,0,0.0,0
34099,34.5796709088157,5,3,17.034156885766347,2,0.999934763613437,0,0.0,0
34100,26.639806980173113,4,5,5.663734672344654,1,0.4732823279385128,0,0.0,0
34101,54.197836336648685,2,6,22.24055891423155,2,1.0004760469026017,0,0.0,0
34102,41.03459169342988,3,2,7.552157153415759,2,0.394516034549096,0,0.0,0
34103,50.677308596234184,3,1,12.099622142050517,2,0.5764818406417744,0,0.0,0
34104,46.443128169557305,2,1,20.01376606188364,0,0.6673428482976734,0,0.0,0
34105,61.30446973243919,4,4,13.964040197546097,1,0.23274519939612193,0,0.0,0
34106,46.9372905995416,1,2,19.53081168420972,3,0.34325089305683737,0,0.0,0
34107,50.08993801597068,2,6,11.906555100540903,3,0.30406581097067903,0,0.0,0
34108,50.54589054640626,5,2,17.793512287612714,5,0.2924047228039853,0,0.0,0
34109,59.35579206317637,2,5,5.385668939806791,1,0.6071342996953462,0,0.0,0
34110,25.149660866999934,0,3,10.691266444145116,0,0.002878519361107057,0,0.0,0
34111,63.89987790904586,1,3,6.343498951146699,2,0.5006215621913436,0,0.0,0
34112,35.73176464035128,3,6,12.360190073580009,3,0.2071840364189288,0,0.0,0
34113,16.48034520959157,1,4,6.82154857161795,2,0.41959254963700593,0,0.0,0
34114,64.07909772808723,4,5,6.675497869759892,1,0.872272043667768,0,0.0,0
34115,43.835357830047535,5,3,10.286230450108423,3,1.0002642230246677,0,0.0,0
34116,59.362419557116276,0,1,2.6480190422668084,7,0.9998986336248814,0,0.0,0
34117,60.49565074521321,3,6,10.217635379775489,7,0.9994450188654325,0,0.0,0
34118,44.73934259555286,4,3,16.618430375452462,3,1.0007280334661193,0,0.0,0
34119,37.09544111426948,4,1,13.507520880778422,1,0.8100844753748396,0,0.0,0
34120,45.97379615890253,2,6,3.0834191133324538,7,1.0001750284361441,0,0.0,0
34121,61.79557688725228,3,6,13.488916522321395,4,0.41621238373739905,0,0.0,0
34122,30.420832558660944,4,1,1.5214295309637027,7,0.06956379376205335,0,0.0,0
34123,53.56903748103367,3,2,14.298166908316317,2,0.6146019929499464,0,0.0,0
34124,34.86212415254239,4,4,20.00975985008988,1,1.0004053382137403,0,0.0,0
34125,44.935280433621365,6,6,13.47477439356466,3,0.5070965620269274,0,0.0,0
34126,48.72715334698063,1,1,0.7878386877789723,1,0.9884874036968807,0,0.0,0
34127,43.87165588176479,1,1,13.162576028412566,2,0.456963367032711,0,0.0,0
34128,63.55465578610255,3,3,14.6024020274231,1,0.9998867973631163,0,0.0,0
34129,30.381371639394246,2,1,15.488119302335313,2,0.25443483256667115,0,0.0,0
34130,20.422007024465422,4,6,9.374038278629195,3,0.5526654164212292,0,0.0,0
34131,55.73910515907626,2,3,12.633062878966193,2,0.6004247985387933,0,0.0,0
34132,35.27491041308825,3,5,12.355705841697926,1,1.122570056140343,0,0.0,0
34133,49.21219543516275,4,6,0.0,7,1.0001754933387879,0,0.0,0
34134,25.04999755674451,2,3,4.43385595104656,1,0.9997837098250554,0,0.0,0
34135,40.237217142947266,3,3,18.28752052360316,2,0.999387080447262,0,0.0,0
34136,41.798154017059,4,6,9.179480594986696,7,1.0812905266006674,0,0.0,0
34137,32.63360188090527,3,6,15.348128439669537,0,0.26355707854601523,0,0.0,0
34138,56.80374620397967,3,2,9.570582243599777,4,0.9476768064310259,0,0.0,0
34139,41.477825686230354,6,3,6.303137336840654,3,0.0,0,0.0,0
34140,49.03484132990858,3,4,11.955427499592473,5,0.9255214458402881,0,0.0,0
34141,36.291599104531336,3,3,10.818474059745897,5,0.9836219084776907,0,0.0,0
34142,17.597555587369907,3,5,15.798625076285907,1,0.45146301939494393,0,0.0,0
34143,22.67278111917938,3,7,7.098382490772669,4,0.6775246547556911,0,0.0,0
34144,49.06027053475309,2,3,12.432848793166333,2,0.9999585452273133,0,0.0,0
34145,53.29698599622304,4,2,17.001955333367597,4,0.7272527742237153,0,0.0,0
34146,31.65194118773885,1,4,11.465224596465085,3,0.7846782916467768,0,0.0,0
34147,48.55310460788358,4,4,0.0,1,0.7972943896495035,0,0.0,0
34148,55.89588941811774,1,6,16.5950645743277,3,0.9999111002974056,0,0.0,0
34149,41.218749433983085,4,4,20.002103809724048,7,1.0483000932847497,0,0.0,0
34150,49.79264062857683,3,4,17.732928713368086,3,0.6983895707632748,0,0.0,0
34151,35.983072513888544,3,1,4.256205395518071,1,0.4966015325881715,0,0.0,0
34152,41.264896966384356,3,1,1.5077285299982641,2,0.2834762116511975,0,0.0,0
34153,48.944989233499584,5,3,4.821887431494458,2,0.7199971645341494,0,0.0,0
34154,44.10800813569095,5,4,19.998339154097863,7,0.4462138235644134,0,0.0,0
34155,44.45054446342892,2,6,16.35152189508943,4,1.000349076396005,0,0.0,0
34156,54.78699445740328,3,0,16.581391351790906,4,0.9993199946976555,0,0.0,0
34157,40.124583728518026,3,1,12.381783798667964,2,0.49396717040146776,0,0.0,0
34158,25.21349540800922,3,1,14.155671248896683,2,0.9999890652508583,0,0.0,0
34159,33.647751363721916,4,4,19.997743558706176,1,0.5121302689970055,0,0.0,0
34160,60.52832058505106,1,3,7.447372781145614,7,0.99989425458843,0,0.0,0
34161,42.87273348201535,3,4,22.392308412117657,2,1.000137474696124,0,0.0,0
34162,40.99488482697616,3,4,11.660673121515524,7,0.5174351712217472,0,0.0,0
34163,49.72191242013935,3,3,19.997619962952427,4,0.7295358224514987,0,0.0,0
34164,64.7382614144654,4,6,17.719407260322235,7,0.9999303327152154,0,0.0,0
34165,31.401970890947332,3,2,11.47573466243844,7,1.0002319760767258,0,0.0,0
34166,4.252352979779083,1,4,15.002352469050567,3,0.5566222812375469,0,0.0,0
34167,24.34416772173008,4,2,16.164763390129856,5,0.6039314014090198,0,0.0,0
34168,31.898978003357172,4,1,0.0,2,0.27576909932636606,0,0.0,0
34169,40.438942180600726,3,3,15.68509065741239,1,0.9704727348243243,0,0.0,0
34170,52.93474879486898,4,6,0.9139953304810788,0,0.1101248041055376,0,0.0,0
34171,36.79012822716009,3,5,4.813769812608854,4,0.49329392897657265,0,0.0,0
34172,52.56340602201574,3,4,20.008594561910947,1,0.7767493394525451,0,0.0,0
34173,55.203755872761946,0,3,0.0,2,0.36392493050151364,0,0.0,0
34174,43.61948160651066,5,3,11.347720300743973,3,0.5003688397224747,0,0.0,0
34175,22.621549278345093,2,2,4.900380524795603,5,0.15754202161378772,0,0.0,0
34176,24.568379088985093,3,2,2.176471064826396,4,0.545338155615238,0,0.0,0
34177,51.136773634938294,2,1,1.6566222606739718,6,0.3929504054899177,0,0.0,0
34178,20.243968708286648,3,3,9.499470250618932,7,0.465846458933301,0,0.0,0
34179,36.60259630138147,5,6,19.999048176272794,1,0.6985235966845968,0,0.0,0
34180,57.63589554084382,5,3,15.31415551834954,3,0.4979991800515182,0,0.0,0
34181,77.24692003138975,2,6,16.855130239332247,5,1.0001435603362472,0,0.0,0
34182,60.64348036474101,3,3,20.002653890630373,4,0.4543407319128195,0,0.0,0
34183,31.845584022510195,4,3,3.4158607951847904,3,0.9200129632014815,0,0.0,0
34184,67.84292608501134,2,2,14.053211044132714,7,0.9999242770006884,0,0.0,0
34185,48.770538387166596,3,6,14.704546403853126,6,0.46174320688618464,0,0.0,0
34186,58.3775749453701,3,4,21.563857975330656,3,0.49120659344051676,0,0.0,0
34187,39.28337712433439,4,3,10.647265727233547,3,1.0002936285884534,0,0.0,0
34188,25.136655053375915,3,2,2.786057249190092,5,0.35902162359166084,0,0.0,0
34189,40.569623104557174,1,1,3.757002559154663,2,0.9827779307684473,0,0.0,0
34190,37.1940837710585,2,1,20.0084188534291,3,0.6211491145536379,0,0.0,0
34191,35.87201347626503,1,3,4.904136678139271,2,0.9184620079751098,0,0.0,0
34192,29.828916481906283,3,6,8.070323492688896,4,0.9996633756385583,0,0.0,0
34193,34.69698746255204,4,2,2.05575826881209,7,0.9995595063861734,0,0.0,0
34194,29.298814847045005,2,1,0.0,4,0.944388663772884,0,0.0,0
34195,69.36077106682077,2,2,4.780234114264651,7,1.1486264221137001,0,0.0,0
34196,27.60235414242211,2,7,2.4001806858026065,10,0.0,0,0.0,0
34197,48.89135154849155,3,6,12.300793877916238,4,0.4069842152587375,0,0.0,0
34198,38.5787783585569,2,1,0.0,7,0.6444433580702105,0,0.0,0
34199,27.004085267468334,2,7,1.8354376120229734,2,2.7986315121020233e-05,0,0.0,0
34200,27.46348392061013,1,6,14.763062037991501,4,0.4992033170374869,0,0.0,0
34201,26.70840113008359,3,1,7.534988277217214,7,0.9994330527483467,0,0.0,0
34202,35.699040158203466,1,6,5.777854927107114,7,0.283474884033036,0,0.0,0
34203,36.532205097416025,1,1,17.396541695677385,4,0.997958604858127,0,0.0,0
34204,31.186259317664557,1,2,14.720744205497486,4,0.9736887684088973,0,0.0,0
34205,69.22338202653536,3,3,5.4253231193233065,0,0.9994905932684441,0,0.0,0
34206,59.278326472739316,2,3,9.155918260150111,2,1.0002423926395054,0,0.0,0
34207,41.90706864753113,2,6,19.54823302632908,6,0.7510360991944672,0,0.0,0
34208,68.83391867960368,3,5,15.647124418416812,3,0.5000775558450077,0,0.0,0
34209,29.630691124841736,3,4,4.999468427648856,7,0.31558080271893374,0,0.0,0
34210,30.753677230292734,3,1,14.455147638051843,7,0.9682137843092831,0,0.0,0
34211,51.47506018857662,2,1,16.090794884572396,2,0.1507875109847141,0,0.0,0
34212,65.16878184595035,2,5,19.03603746441202,1,0.7207456641142531,0,0.0,0
34213,64.09267788573051,3,3,3.32467998329047,7,0.999663348707706,0,0.0,0
34214,32.523530041761575,3,2,8.203863025863484,1,1.0001780144350205,0,0.0,0
34215,27.317998075813463,5,3,12.976390892799792,1,0.5009514517960871,0,0.0,0
34216,34.38921358275485,4,1,19.64546163204031,3,0.999518942176499,0,0.0,0
34217,46.44113062051799,1,2,2.7555288771288673,7,0.9997858137584821,1,1377.1629181344938,1
34218,46.634481625151004,4,3,8.022547620095853,2,0.19020858665350326,0,0.0,0
34219,63.62670776231779,3,3,17.225509140912894,2,0.9999632691384763,0,0.0,0
34220,42.899326324984955,5,1,8.606656425839724,1,0.0069679388933280295,0,0.0,0
34221,55.650533858447574,5,4,20.006842205806457,7,0.9997428316837851,0,0.0,0
34222,60.477812169282615,4,5,15.149958986183007,7,1.0001671000455095,0,0.0,0
34223,43.93483699309012,3,4,8.831741115506762,4,0.5603518006630308,0,0.0,0
34224,48.25448277213223,3,3,1.6793476816140984,4,1.0001900864853976,0,0.0,0
34225,49.47354397536252,3,6,1.2094816539160806,7,0.9175770022627481,0,0.0,0
34226,25.28784658199542,2,3,4.26167210114438,7,0.9282290136078273,0,0.0,0
34227,50.17852447972948,3,3,18.686521829791232,1,0.9573307508327957,0,0.0,0
34228,48.64551060245396,3,6,12.104084319521874,7,1.000009122995022,0,0.0,0
34229,49.034742480257904,3,6,15.958066863432641,4,0.31747318519699225,0,0.0,0
34230,16.76047102004158,4,3,2.3485598869106266,4,0.605926913410096,0,0.0,0
34231,50.55723327453159,4,4,14.318321792030222,7,1.0000058581914861,0,0.0,0
34232,72.47188936431921,3,3,0.0,2,0.0,0,0.0,0
34233,63.12417813163228,5,3,6.805596596559221,4,0.5061650101689513,0,0.0,0
34234,44.476487230915176,2,3,4.283441145277567,2,0.4974822143773383,0,0.0,0
34235,22.286253988552545,2,3,1.5555426821199827,1,0.2942343571692378,0,0.0,0
34236,36.65236819022463,3,6,9.55769224848528,6,0.39081593007858884,0,0.0,0
34237,26.19941349005857,3,3,5.1622524791411974,2,0.37654229690943025,0,0.0,0
34238,48.70804699680998,2,3,20.00001921428822,1,0.04527453340134979,0,0.0,0
34239,58.40599423250046,4,3,11.531316196838628,2,0.5071694959974495,0,0.0,0
34240,46.50221302788226,3,2,7.186053601051725,6,0.9375604388736423,0,0.0,0
34241,39.43982024390845,3,2,13.799356568376972,6,0.137196899784236,0,0.0,0
34242,29.586886068370422,4,6,14.678868118956132,1,0.9586282205801561,0,0.0,0
34243,35.968443800538886,1,6,15.589956260265275,1,0.9253426894152261,0,0.0,0
34244,19.78103471924795,2,1,15.511134877343196,4,0.6377321857943051,0,0.0,0
34245,21.60186378878627,4,6,1.0217726882199987,1,0.8725668054685445,0,0.0,0
34246,41.39098273345663,5,3,11.859341779922707,3,0.5034348532224586,0,0.0,0
34247,23.862156009475274,1,3,18.640250763587332,6,1.2925772481163051,0,0.0,0
34248,54.97026932428256,5,6,10.260320728928809,1,0.9842329125553454,0,0.0,0
34249,17.981219451660643,0,3,10.890647591731145,1,0.5760977021034147,0,0.0,0
34250,38.1868792542703,0,6,18.396991377414505,3,0.7715285223003125,0,0.0,0
34251,38.06797562443627,2,3,1.4728427996659796,2,0.9529323365223701,0,0.0,0
34252,49.863848379362764,3,1,4.641068724162475,3,0.9998497129410958,0,0.0,0
34253,50.376786237079756,1,2,8.042203300233853,7,0.816081806610325,0,0.0,0
34254,51.62038466768922,2,4,7.311214211921367,1,0.3355370901907721,0,0.0,0
34255,33.08125658623746,4,1,9.642828525229206,7,0.759925490955944,0,0.0,0
34256,57.77789618023681,5,1,17.976396581551484,7,0.9996663473406142,0,0.0,0
34257,41.062395010814264,5,6,18.475175918388565,6,1.2206116537663783,0,0.0,0
34258,42.89317546778688,6,3,23.972001393768558,1,0.5867612944238138,0,0.0,0
34259,59.768173615273,5,3,0.0,1,0.3312776729196069,0,0.0,0
34260,47.597205466599824,2,1,9.044258196328496,7,0.999956951876064,0,0.0,0
34261,47.56466229503577,2,4,14.128634934043443,7,0.9287815201231917,0,0.0,0
34262,25.941987621589597,5,2,8.155249011080718,5,0.06659916002847155,0,0.0,0
34263,43.32387220074692,4,1,10.123591365395537,3,0.27472352196507704,0,0.0,0
34264,31.146844510639777,4,5,11.974129691791928,7,0.2114449963454355,0,0.0,0
34265,62.85276439028445,4,6,15.323374475133868,7,0.9997748235567709,0,0.0,0
34266,49.47720992843038,3,3,14.325185525309426,2,0.9999744080184714,0,0.0,0
34267,45.358830013287566,3,1,4.260305971009991,1,0.5265632204569197,0,0.0,0
34268,49.18983602023556,4,1,20.006316941577786,5,0.3208866307940109,0,0.0,0
34269,37.47629327694551,3,2,6.996486401767155,1,0.8395383587295057,0,0.0,0
34270,38.44263065826003,1,6,14.019495393786539,3,0.37628805258782333,0,0.0,0
34271,43.61631964955145,5,6,15.657625272170442,7,0.8819071237286236,0,0.0,0
34272,45.08769410781015,4,3,4.578590352512242,1,0.4966466048354041,0,0.0,0
34273,68.00602235302166,2,6,10.403107867047929,1,0.9500097398628511,0,0.0,0
34274,45.36150585109721,3,4,15.77075165077213,1,0.9997873816573685,0,0.0,0
34275,44.87351656101073,3,3,18.346415548552088,7,0.9999203237490952,0,0.0,0
34276,46.28965976288075,1,1,19.99633535712146,1,0.9998287644409103,0,0.0,0
34277,55.4341771084314,4,1,13.832742532293206,1,0.26081616770031524,0,0.0,0
34278,38.83395711784765,3,6,12.800047962760889,3,0.6844976034433656,0,0.0,0
34279,26.870379805810977,4,1,2.5282368101482042,5,0.34456375079200874,0,0.0,0
34280,11.92462288672369,2,1,0.3247498011120111,3,0.5986954617185102,0,0.0,0
34281,19.314276642776377,4,4,19.995431403064806,7,0.9998109131442501,0,0.0,0
34282,49.72487767901251,3,6,0.12431363571738174,3,0.41830622123086175,0,0.0,0
34283,53.70318534029674,3,2,16.845887320641335,4,0.9797299094688828,0,0.0,0
34284,42.204110931267486,2,6,3.4812624111559565,2,0.288722137021504,0,0.0,0
34285,30.437912094116808,3,2,12.097635237150007,7,1.0000424936042211,0,0.0,0
34286,45.819763524242575,0,6,2.3777468449746664,4,0.6398578788619717,0,0.0,0
34287,47.45007820893122,6,2,10.03258706745669,3,0.9419507376976664,0,0.0,0
34288,48.28861788281088,5,3,14.233278716603758,7,1.0000699697244617,0,0.0,0
34289,58.217280150694506,3,5,7.5271076907440975,7,1.0002173732677107,0,0.0,0
34290,34.592873142609285,4,3,13.148936421262931,2,0.9997109731530209,0,0.0,0
34291,60.52969296149264,3,3,2.9771604925430974,3,1.000503507080069,0,0.0,0
34292,29.701435530211455,3,3,6.316696235151292,0,1.0002676783968178,0,0.0,0
34293,46.30153943328923,3,4,19.993634463033622,1,0.8323134063197608,0,0.0,0
34294,48.557915899931324,5,1,15.86673164202696,2,0.9875517244913983,0,0.0,0
34295,48.581753614100066,2,1,5.25070325389456,3,0.6294492931669272,0,0.0,0
34296,50.90785657245405,2,4,14.108966604991455,6,0.16752275142941486,0,0.0,0
34297,20.658600820861533,1,2,5.864574811105948,1,0.37087144382493553,0,0.0,0
34298,53.77918543860105,2,3,3.0066504168549706,3,0.3609703983609036,0,0.0,0
34299,64.32749812513632,4,3,0.0,4,0.038397941407849356,0,0.0,0
34300,46.98870964443605,2,4,6.919487406028303,7,0.931681080864432,0,0.0,0
34301,34.2381216254036,4,1,2.9226992235094045,4,0.3478506224076871,0,0.0,0
34302,48.42588627709063,0,1,17.538004375366008,2,0.6532436663843066,0,0.0,0
34303,39.903876322054046,2,3,20.011116627858833,1,0.21323234638766392,0,0.0,0
34304,54.60508222300808,3,3,4.01979742976933,2,1.0001834167779844,0,0.0,0
34305,34.65454934214276,3,4,11.603411717752708,6,0.9999333821008415,0,0.0,0
34306,31.05224972976065,1,4,15.012659669665275,3,0.731184905792535,0,0.0,0
34307,47.224113155788224,5,2,8.21397835002914,7,1.0002258253110594,0,0.0,0
34308,33.97256568360667,3,1,19.999828143356925,2,0.04465105795396851,0,0.0,0
34309,30.72358142135821,3,4,2.2376762748619594,7,0.5030387640059073,0,0.0,0
34310,46.61962781574314,3,4,12.174575739484979,3,0.9501633990472462,0,0.0,0
34311,53.59170629086931,2,3,0.0,0,1.0002295943146347,0,0.0,0
34312,44.17744606564255,3,2,9.25720212250086,2,0.21692789246676236,0,0.0,0
34313,39.267883688107744,3,3,23.353943527648138,2,0.3366283261865261,0,0.0,0
34314,38.398311122145486,2,3,8.825647346080078,2,0.9664879937597213,0,0.0,0
34315,48.90965201362541,3,3,20.72472800134431,7,1.0000775111725662,0,0.0,0
34316,41.12034711574747,2,3,12.249634992840512,6,0.9991575996422045,0,0.0,0
34317,36.34211704881542,6,6,15.079247296770474,3,0.7393891093633614,0,0.0,0
34318,68.00949798880893,1,6,0.0,7,1.0001656807083135,0,0.0,0
34319,54.3375628850986,2,6,20.638253338274794,3,0.1448503118226525,0,0.0,0
34320,50.58717022677865,3,4,20.000502230625287,7,0.9998570297450361,0,0.0,0
34321,64.67960026607665,3,6,8.321461102694968,7,0.440129738679933,0,0.0,0
34322,41.874391627577104,3,2,5.6605196937395155,1,0.18246880882367544,0,0.0,0
34323,55.41740200862361,0,3,7.158481677244948,1,0.999867968241426,0,0.0,0
34324,34.46319203134535,2,1,12.396406893465052,2,0.4928935401673062,0,0.0,0
34325,35.16294373755342,1,3,9.713854387262115,4,0.4939187051104369,0,0.0,0
34326,43.198045351617694,5,1,0.0,7,1.0013133775654381,0,0.0,0
34327,42.15529741205686,4,4,19.993991475128226,1,1.0001872310054967,0,0.0,0
34328,44.61974960079429,2,3,0.0,2,1.000408807129786,0,0.0,0
34329,42.87860866630366,4,2,10.044699456282297,2,0.5706275988629592,0,0.0,0
34330,70.00842022956766,2,5,18.647071112288636,1,0.6821606188337004,0,0.0,0
34331,30.940616201707336,3,4,3.2130778541332266,7,0.9870572078749045,0,0.0,0
34332,18.278637149113436,3,5,19.02435005790915,2,0.6399056650227021,0,0.0,0
34333,53.817831296787794,2,2,3.894191717577672,7,0.6636880489872987,1,20871.798119726285,1
34334,37.51881153208876,3,6,9.378053181213872,7,0.49288391995316216,0,0.0,0
34335,36.941352005899176,3,6,3.7519082526471994,7,1.000064566576373,0,0.0,0
34336,35.461549783885474,2,6,16.88104421448508,6,0.38531700436688215,0,0.0,0
34337,47.929061663229895,4,4,20.00213185691971,1,0.9995619689472325,0,0.0,0
34338,41.06298405395661,4,4,20.002470965082534,5,0.628377367638784,0,0.0,0
34339,44.7840594305137,3,4,11.93518127758931,2,0.0030672862886850227,0,0.0,0
34340,55.62099301665829,4,3,14.734684927523467,4,0.5043058926548923,0,0.0,0
34341,51.98619491521481,3,6,17.84801860442312,6,0.5707777630809393,0,0.0,0
34342,25.50577502511157,3,4,19.996626594883985,1,0.2654845550054461,0,0.0,0
34343,24.152639280508346,3,6,21.84286556355525,4,0.041584607627140335,0,0.0,0
34344,46.594330265205386,2,3,15.95195709650174,2,0.9536528220125771,0,0.0,0
34345,47.51663476286098,3,1,20.00327442794525,1,0.3854437178278115,0,0.0,0
34346,44.40563925853409,3,3,15.490856523435173,3,0.49693331038891797,0,0.0,0
34347,48.085962781466165,3,2,7.275917678864836,5,0.999819676066924,0,0.0,0
34348,36.23399332822093,3,1,3.9283722431529666,0,1.0005483730129563,0,0.0,0
34349,29.791831201685717,1,2,5.078907653810219,7,1.0003585881060277,0,0.0,0
34350,8.154752036904256,4,5,16.866477142150757,1,0.08083549381197697,0,0.0,0
34351,13.275408081015879,3,1,10.00618076264119,2,0.4276046343758263,0,0.0,0
34352,52.049882803200205,3,4,15.559786084519502,1,0.0,0,0.0,0
34353,50.582083792068,1,3,12.395416392667526,4,0.20312829469404564,0,0.0,0
34354,31.47798558611693,5,7,2.878839475090558,1,0.8540479320776746,0,0.0,0
34355,44.304800833859055,4,6,0.0,7,0.8695063408553881,0,0.0,0
34356,51.47786450331499,1,4,5.6206497033472305,6,0.7126430602421511,0,0.0,0
34357,16.48615431497243,4,3,10.815372343594735,1,0.22359435342898804,0,0.0,0
34358,48.43006984091343,3,1,0.0,5,0.499347336605002,0,0.0,0
34359,26.624956797780037,3,6,23.824645007184166,7,1.0005250605513196,0,0.0,0
34360,43.16551623362991,3,5,14.722389355009735,7,0.6813658833080292,0,0.0,0
34361,35.74235389781461,1,3,15.803526517190885,3,0.3904742945964303,0,0.0,0
34362,48.40530093327066,1,6,16.748599766659424,7,0.5967844264986268,0,0.0,0
34363,46.40979136494557,3,5,14.334317457786696,1,0.9995793143579439,0,0.0,0
34364,60.96456338558267,4,6,13.41993891815064,7,1.234575922522477,0,0.0,0
34365,50.360227521380494,2,1,12.557716941919296,6,0.5025810142337419,0,0.0,0
34366,52.71250638939948,2,3,7.03955828275943,4,0.4991429206873529,0,0.0,0
34367,33.43166196497106,1,1,1.5814733934161787,5,0.6067432127320719,0,0.0,0
34368,61.48945457992812,3,1,19.993564541838374,5,0.6316021364494504,0,0.0,0
34369,49.26611335942518,4,2,4.4082349666604905,7,0.6639674546666424,0,0.0,0
34370,30.962443756460544,4,4,12.031130389679747,6,0.5509559933120567,0,0.0,0
34371,35.189750682696534,4,1,3.88682479906144,0,0.3829707829833488,0,0.0,0
34372,69.72289276658641,3,6,13.152770628604102,1,0.4655703939309775,0,0.0,0
34373,48.490799003258054,4,6,11.959934693628169,4,0.7167625684786224,0,0.0,0
34374,37.893437890569345,3,6,20.26791746091937,7,0.9998206402980898,0,0.0,0
34375,42.368575712296035,3,3,0.6437926239701621,4,0.9223769481561641,0,0.0,0
34376,48.39730715613685,2,6,5.372342179632141,4,0.51125968136804,0,0.0,0
34377,39.42937046809282,4,6,16.24335799058364,4,0.5442233245791126,0,0.0,0
34378,51.903616959733185,3,6,6.3258258096102455,3,0.16006165997957633,0,0.0,0
34379,27.397169449570118,2,7,0.2722136908913093,6,0.799437787862359,0,0.0,0
34380,27.490290855803714,2,3,4.379996622018509,3,0.49969510635539194,0,0.0,0
34381,31.909460216784844,3,3,6.825569406864118,3,0.7146376733466995,0,0.0,0
34382,30.246309969094295,5,3,8.37706858450945,2,0.9996301594080383,0,0.0,0
34383,47.58081801727212,3,6,16.01076093025773,4,1.2294570276219794,0,0.0,0
34384,41.45000905309924,4,4,14.277738196755191,2,0.5168252302249383,0,0.0,0
34385,35.936639109266636,4,3,4.788031907637022,3,0.3644094142073849,0,0.0,0
34386,27.18596121098191,1,6,3.274823167632336,2,0.43752346393791447,1,4740.52904425505,1
34387,67.51591572407409,5,2,14.81082527872261,7,0.2353331026327095,0,0.0,0
34388,56.491880763283035,3,6,6.788144563484248,7,0.927254845206003,0,0.0,0
34389,28.40017477416203,6,6,7.54768858735444,2,0.47534331864642543,0,0.0,0
34390,48.09708709640725,3,3,3.7031725537768345,6,1.0000757667046871,0,0.0,0
34391,27.048310873436925,3,2,19.997326089334585,1,0.31504603316206853,0,0.0,0
34392,47.25720754269985,3,6,1.9808104242996496,2,0.32118399807388204,0,0.0,0
34393,51.2599908766601,4,6,18.354589575234,7,1.0003322198644808,0,0.0,0
34394,55.75001910579905,1,4,19.99270528550435,3,0.49955007451623884,0,0.0,0
34395,36.25596155286738,4,3,4.761302130284199,5,0.06470853823773537,0,0.0,0
34396,26.38660345962664,1,2,8.680694677044329,6,0.6406153558371106,0,0.0,0
34397,47.03570790932359,4,6,12.805672404534725,2,0.6651411097769687,0,0.0,0
34398,48.797168214394475,3,3,6.785452897779703,1,0.4980923029042914,0,0.0,0
34399,44.568441605169035,3,1,14.89056885130054,7,0.9994527073431134,0,0.0,0
34400,38.35466456217125,3,3,14.711026183866666,7,1.0003685891634166,0,0.0,0
34401,29.31529444106635,2,1,23.548506960588483,2,0.9998051349451961,0,0.0,0
34402,47.49571629955096,2,6,14.318003807293334,1,1.0002287794180789,0,0.0,0
34403,42.73090547544428,4,3,12.044901630477069,1,0.49902847651095406,0,0.0,0
34404,13.808598327424889,4,6,16.524468458128162,2,0.30159136263289743,0,0.0,0
34405,39.22015322157428,3,6,13.801579586958137,2,0.3989145583503149,0,0.0,0
34406,42.98057322261766,3,4,13.83929404077743,4,0.8297447185933016,0,0.0,0
34407,34.25774002660403,3,1,8.36898386009052,7,1.0000468476565576,0,0.0,0
34408,31.430235775258534,3,5,16.43628060747521,2,0.2840110894493215,0,0.0,0
34409,47.1085879438252,3,4,15.220114549344359,2,0.19602266082366548,0,0.0,0
34410,38.362289787531125,2,6,20.16268343664925,7,1.0000987791091536,0,0.0,0
34411,53.76392692507132,4,6,19.00575035257777,5,0.630396926342679,0,0.0,0
34412,38.34943628741398,5,2,10.703470257308389,7,0.9996070002564066,0,0.0,0
34413,48.380144692541855,3,3,12.074718594092248,4,1.00011219853754,0,0.0,0
34414,55.872722167844536,5,3,7.538506647139396,2,0.9997988544427032,0,0.0,0
34415,55.54095752800572,6,2,7.1065697275965345,2,0.7040983856371303,0,0.0,0
34416,56.16526379945989,4,3,13.54538213786968,4,0.4984835009637858,0,0.0,0
34417,27.07727717903363,4,3,18.748230116812945,7,0.3837658416806888,0,0.0,0
34418,39.225465647200956,3,3,15.569683868401459,4,0.8927167523749113,0,0.0,0
34419,32.8177847676432,5,1,13.519549526694174,0,0.1650619978525243,0,0.0,0
34420,59.13255177915025,6,3,14.34532546754963,6,0.9401598516080363,0,0.0,0
34421,56.61425288939237,3,1,14.542319924962806,7,0.9997850885856406,0,0.0,0
34422,47.00489692627222,3,1,18.554319143133313,2,0.9999944720703786,0,0.0,0
34423,48.90954139366274,2,3,13.116997936127605,3,0.9997540474379543,0,0.0,0
34424,28.834937793285853,3,0,1.2141290706395012,1,0.48973259384409906,0,0.0,0
34425,60.7972483594459,2,4,26.15164361102967,7,0.9996305436872429,0,0.0,0
34426,45.93715090343555,2,3,13.069306217858342,1,0.07289492519454777,0,0.0,0
34427,42.47062125509411,4,6,8.328336547897488,7,0.7870896305535094,0,0.0,0
34428,34.30625061047428,1,2,20.448492095508335,6,0.2958865009929938,0,0.0,0
34429,59.94681671204005,6,3,7.219367341536607,7,0.836922735117217,0,0.0,0
34430,19.000604570189303,2,3,18.25588603779799,1,0.9632377551998763,0,0.0,0
34431,37.750294959289306,4,3,2.4060757425670722,1,0.9764822676599849,0,0.0,0
34432,64.42380958909823,4,1,9.578076213014045,3,0.49804208497868296,0,0.0,0
34433,24.224260565857062,4,2,8.738920620172252,2,0.3632157637343543,0,0.0,0
34434,70.39719478654078,3,5,13.060903571678292,7,1.0000718261890973,0,0.0,0
34435,44.54443556348291,3,5,10.565552560250788,7,0.9997759011888371,0,0.0,0
34436,43.956282054593636,2,3,11.386433418489528,1,0.1461625663063777,0,0.0,0
34437,47.55095032072413,4,2,4.890201132103702,7,1.0002577670937018,0,0.0,0
34438,42.45039602348431,3,6,3.2972788350509683,7,0.3604163587553479,0,0.0,0
34439,30.41486396230795,1,1,19.79013648531791,1,0.4235316661365581,0,0.0,0
34440,58.10065846731722,3,4,20.00024544547978,1,0.7850764799939671,0,0.0,0
34441,44.771080481732554,2,1,5.072618293182596,5,0.33044996387819375,0,0.0,0
34442,41.38492509936874,1,3,7.194898137227908,3,1.0074285950070234,0,0.0,0
34443,52.837740338686395,4,6,21.584002785485957,3,1.0000542420237455,0,0.0,0
34444,24.19174390303593,3,4,19.998026232386763,2,0.9998352420864907,0,0.0,0
34445,61.198079525798555,5,3,3.159615773923533,3,0.32874071567050783,0,0.0,0
34446,50.96765303433065,2,7,3.957093044738654,5,0.24110743443448412,0,0.0,0
34447,20.154028874562574,1,3,0.0,3,0.6523397101616392,0,0.0,0
34448,45.01886648746156,5,1,0.0,4,0.49449823010815164,0,0.0,0
34449,20.832979420724506,3,7,1.692040616647562,4,0.0,0,0.0,0
34450,51.801691965221885,3,2,9.531661359727737,5,0.9998615721008945,0,0.0,0
34451,43.401941250498055,4,3,21.98769491546912,4,0.18841140591389266,0,0.0,0
34452,41.40466158859252,4,3,9.623180395472756,7,0.9997661112195857,0,0.0,0
34453,54.30579380427597,5,5,12.458942454045214,1,0.6086581093779899,0,0.0,0
34454,38.41321075840693,1,3,17.884796818239668,3,0.49983748020411367,0,0.0,0
34455,42.86355424055982,3,3,9.338298048348568,3,0.2852938163347289,0,0.0,0
34456,48.621084877224334,4,3,2.195756239551379,7,0.9996119221045088,0,0.0,0
34457,36.97565808117818,3,4,19.982086634955373,4,1.155411734771228,0,0.0,0
34458,56.24694042310415,1,6,12.666192138968153,6,0.2068891354771668,0,0.0,0
34459,58.813027326419856,1,4,20.00390347220601,1,0.9997645498067884,0,0.0,0
34460,58.74442571581922,4,6,4.076319074335837,3,0.4542323761170075,0,0.0,0
34461,30.31307972987659,3,6,10.18955354497071,5,0.7002282821536854,0,0.0,0
34462,43.70161448407714,2,5,5.280991715266672,1,0.8155940472041651,0,0.0,0
34463,59.85221941742394,4,6,7.866847054041662,7,0.9998163172980212,0,0.0,0
34464,54.466087662091454,3,5,9.380332229927165,7,0.9626178900520383,0,0.0,0
34465,74.08241202616789,2,2,3.49512055920506,3,0.17569438850484664,0,0.0,0
34466,25.591524258146002,3,1,17.39513042168334,7,0.23241927070390522,0,0.0,0
34467,46.89727226522929,5,3,7.026576355735778,7,1.000502866423388,0,0.0,0
34468,44.924571790302366,4,4,8.918071245860126,5,1.0000912451629493,0,0.0,0
34469,23.744820289977042,2,6,21.24409491824043,1,0.7865548871405648,0,0.0,0
34470,35.193904274240445,2,4,20.00061746681935,7,0.40123596250365523,0,0.0,0
34471,26.01489334157877,3,2,4.934685609838854,7,1.000210651225938,0,0.0,0
34472,34.54009954827368,5,6,14.282175958555895,2,0.7655112965321,0,0.0,0
34473,26.50680148906487,4,4,4.140447733140697,1,0.07784358754518028,0,0.0,0
34474,37.49795658848877,4,1,11.976434248736405,7,1.0000341254458522,0,0.0,0
34475,39.12276298603406,2,1,8.96346439328265,2,0.9578510037212999,0,0.0,0
34476,24.68186261585156,3,6,8.713548970665112,3,0.14669168787439424,0,0.0,0
34477,40.07815887554017,4,1,5.0118252338114155,0,0.9328760693430038,0,0.0,0
34478,26.158672123645083,4,4,4.0634326899761435,6,0.6838254275246225,0,0.0,0
34479,31.320010117836148,2,3,9.01609221498316,4,0.2294507777203259,0,0.0,0
34480,21.8136893736335,4,6,4.014484807936316,5,0.7599700726234082,0,0.0,0
34481,62.0091688855658,3,4,20.00021252886809,7,0.9997297785845152,0,0.0,0
34482,57.48246340322068,2,3,13.585450192948858,1,0.393389208673273,0,0.0,0
34483,41.929298913295945,4,3,5.21257136057254,1,0.9121751435819372,0,0.0,0
34484,45.685842880700505,2,6,11.185443184139466,1,1.0003113751106096,0,0.0,0
34485,46.487175490876595,1,3,18.500898834319436,1,0.5031957957770674,0,0.0,0
34486,53.89234402694606,2,1,20.003395236353803,0,0.7487334994508996,0,0.0,0
34487,54.418238910533134,3,6,7.395253051509913,6,0.9995049199808719,0,0.0,0
34488,53.05254335763718,4,6,14.353161782991387,5,0.17754720069658392,0,0.0,0
34489,45.82932410059643,3,2,18.61058188555405,4,0.9999438483491361,0,0.0,0
34490,40.2580599460185,4,2,17.113367312692755,2,0.44365439176842986,0,0.0,0
34491,49.40276145870484,3,3,20.009542687626954,4,0.8284226287442978,0,0.0,0
34492,20.998538639522895,1,6,2.998046126510326,4,0.5038271460569256,2,69748.84618463586,1
34493,29.751843772511275,1,1,19.988905207989838,1,0.9997378115691742,0,0.0,0
34494,21.933961239075938,1,2,0.0,1,0.0,0,0.0,0
34495,54.44969130820172,4,2,14.545634528754457,2,0.1450074294002769,0,0.0,0
34496,42.39031506756333,1,2,6.440637317420853,7,0.18750061386937145,0,0.0,0
34497,41.17036402016243,5,2,14.037500415799249,7,1.0003996978716483,0,0.0,0
34498,40.405960362045,3,4,16.819403456383885,3,0.42010134858336456,0,0.0,0
34499,48.77665026040464,2,6,18.031087795519486,6,0.7551008565247934,0,0.0,0
34500,33.47238142996845,4,1,7.070453699245255,2,0.24445503242163213,0,0.0,0
34501,56.06391002712447,3,2,14.36981948513269,5,0.7844226378656352,0,0.0,0
34502,43.9328150396057,4,1,13.874646891216063,3,0.058058924895105,0,0.0,0
34503,59.195973825037626,4,2,0.2680435188032604,1,0.37202917067842944,0,0.0,0
34504,26.125252984351498,4,6,11.681304103060485,3,0.9996924481000301,0,0.0,0
34505,58.57941662944147,2,2,11.541584485812768,3,0.8037240928788291,0,0.0,0
34506,43.32184891195909,3,5,6.380583776353332,1,0.4917700869173077,0,0.0,0
34507,33.5009031171579,1,6,12.940223345458316,2,0.999842220480037,0,0.0,0
34508,35.39547251854269,5,6,9.756326230964385,1,0.9008131642228172,0,0.0,0
34509,41.46424653913416,5,2,14.713564772164322,7,0.49044871627631015,0,0.0,0
34510,28.71615266187191,3,4,0.0,1,0.704115931382189,0,0.0,0
34511,54.03500880287318,2,2,2.682107197177018,7,0.7060982659599478,0,0.0,0
34512,19.79004872223643,3,3,24.375062403161532,7,0.19050740910564629,0,0.0,0
34513,48.285624681778216,2,3,6.810484572273339,2,1.0000865258692548,0,0.0,0
34514,51.98261037149273,3,1,20.011517338749442,5,0.9372782729926066,0,0.0,0
34515,42.98808182948509,6,6,9.402733974659505,6,0.7525847891167877,0,0.0,0
34516,58.255658017195515,4,1,8.262375931402376,6,0.5021764731118131,0,0.0,0
34517,42.96777109829092,1,3,0.6010453777695588,5,0.5065644465236314,0,0.0,0
34518,56.84755989492672,3,3,7.386139173762969,3,0.964612668157827,0,0.0,0
34519,47.158332982316956,4,2,17.150302846446056,1,0.9999796516429764,0,0.0,0
34520,52.41021563231818,3,3,17.217282034049653,4,0.17612358868741784,0,0.0,0
34521,58.08743338496791,4,6,9.049675887197385,7,1.0000542692800831,0,0.0,0
34522,34.86754500879564,3,3,15.281721463299679,0,0.9494641698942519,0,0.0,0
34523,50.017285171917074,2,4,20.004884027429057,7,0.15496202997874242,0,0.0,0
34524,57.60089904544427,2,3,3.822076418159398,7,0.9999590943775883,0,0.0,0
34525,37.542242676088996,3,6,17.28699649641378,7,0.999683804938074,0,0.0,0
34526,29.462635879169977,7,3,8.85662224918998,3,0.4958634898425569,0,0.0,0
34527,41.60410203628887,4,1,5.683462938455993,2,1.0006456214907415,0,0.0,0
34528,23.762848143326515,2,3,9.163977696724361,4,0.5535525547105812,0,0.0,0
34529,39.39281648389248,3,4,2.485827985023331,3,0.8022158455940052,0,0.0,0
34530,48.86349029676,4,1,10.458586506424027,2,0.9902359342418752,0,0.0,0
34531,21.04862253703326,5,6,9.095811473960406,0,0.46358490355998405,0,0.0,0
34532,39.29785053889043,3,3,13.296527387939603,4,1.000167164192588,0,0.0,0
34533,36.70879754192438,5,2,24.91767323602427,7,0.9540562984000838,0,0.0,0
34534,41.059526961954205,2,3,14.258943499938937,4,0.4995865126903269,0,0.0,0
34535,54.8652439472435,1,2,5.5066563178001635,5,0.39766338803032975,0,0.0,0
34536,70.81907522485707,3,3,11.90255850293236,5,0.9194363562690122,0,0.0,0
34537,33.5680381219147,3,4,20.00119773165826,1,0.5913455306677454,0,0.0,0
34538,26.367738111813605,5,1,16.669530048068626,3,0.2526407027981541,0,0.0,0
34539,50.902739175820415,2,6,9.79705437559937,7,1.0001586833163163,0,0.0,0
34540,56.12704227650072,2,3,1.9243472493920795,2,0.5712312600685152,0,0.0,0
34541,35.57473709133848,3,4,6.816574121003108,4,0.7187808619807046,0,0.0,0
34542,26.097334281215822,1,6,0.0,3,0.40317225369880566,0,0.0,0
34543,47.55184329459767,2,3,26.485220964134754,7,0.9998998317020398,0,0.0,0
34544,41.00334038846059,3,1,19.99170529100433,5,0.48740570282575046,0,0.0,0
34545,43.9942083279533,2,6,10.734373471635006,0,0.5463681536745193,0,0.0,0
34546,54.70225015435729,3,6,11.901156887701015,7,1.000097803394873,0,0.0,0
34547,31.031646824027632,3,6,16.924900915717203,7,0.49134750476657596,0,0.0,0
34548,46.23934219936817,3,2,18.706626480441855,1,0.999838673947508,0,0.0,0
34549,39.79108241784361,2,4,22.678546041008588,7,0.0,0,0.0,0
34550,36.75940438955468,3,5,11.953062115449097,1,0.3587013420859124,0,0.0,0
34551,26.24877862954832,3,1,11.654004801626392,7,0.3065886631415607,0,0.0,0
34552,49.21570334545325,3,4,20.008238177513192,1,0.07318160530916173,0,0.0,0
34553,47.447966729371274,5,6,15.322695233553876,4,0.48943190891117916,0,0.0,0
34554,46.73326537086976,3,3,20.000593204158214,2,0.7533687506132462,0,0.0,0
34555,34.19095265116289,3,7,5.417465996777798,7,0.9997125654700023,0,0.0,0
34556,58.65999252834975,4,3,8.203708579445884,6,0.5553828095676216,0,0.0,0
34557,42.630565012883174,2,3,4.970653368485278,2,1.0000853324201184,0,0.0,0
34558,56.02976678862796,3,5,0.0,3,0.10790461710806754,0,0.0,0
34559,36.55733305553224,2,4,14.249800877816721,1,0.6104819576140733,0,0.0,0
34560,46.73856043673491,3,3,4.085339945023426,4,0.8562836793137647,0,0.0,0
34561,39.05707615423302,3,2,5.247419701182145,7,0.3284304636896991,0,0.0,0
34562,71.35987955076281,2,4,13.48765406087354,7,0.4144661000123972,0,0.0,0
34563,36.64694159245492,3,3,18.487694386886467,1,0.9601425685464537,0,0.0,0
34564,55.06405990322487,3,1,19.996817732305203,5,0.8874126664551278,0,0.0,0
34565,52.56605966313842,1,6,13.28695099127089,7,0.9994619322554352,0,0.0,0
34566,50.716877145070185,5,5,11.047349902046577,1,0.39192713513162775,0,0.0,0
34567,68.89606813095854,4,4,14.512271050422205,7,0.35922377914290826,0,0.0,0
34568,20.940471765167562,2,3,12.430733710167939,3,0.9609858559012345,0,0.0,0
34569,50.83606240800846,1,4,6.977952292680373,7,1.0000138755834964,0,0.0,0
34570,40.105212589132286,1,2,22.084290540154768,6,0.472794791237669,0,0.0,0
34571,48.345688602238496,2,2,7.3212406559271175,1,0.10565933393869387,0,0.0,0
34572,53.05315052314449,3,4,20.003606524073497,6,0.4998739210318087,0,0.0,0
34573,31.974311863089675,0,3,7.932487638063491,4,0.38950501734806103,0,0.0,0
34574,60.19939565068301,5,1,3.8767848832020464,1,0.5836307791183453,0,0.0,0
34575,34.729155546540305,1,4,11.607281964701057,3,0.7823478006225355,0,0.0,0
34576,42.731619468546945,2,2,9.491952255906176,7,1.0008695937150192,0,0.0,0
34577,23.072899605696794,1,4,2.2462078532311747,2,0.2327765711279508,0,0.0,0
34578,40.281597574950254,3,2,16.500995677426143,4,0.9999651838506031,0,0.0,0
34579,48.02065160340248,1,2,14.314695690685616,5,0.3568551781454646,0,0.0,0
34580,45.158572324154214,2,4,15.351975839472924,3,0.8101372167476504,0,0.0,0
34581,51.05118090037535,3,3,12.724368232381908,1,0.2738165862195061,0,0.0,0
34582,40.128071892042705,2,6,16.2245390728824,7,0.9996201638162683,0,0.0,0
34583,42.27121670099689,4,1,2.2111274101145746,3,0.4948359409506158,0,0.0,0
34584,49.456345191393154,3,3,13.77892030779497,0,0.680202325239487,0,0.0,0
34585,25.01084875422236,4,2,7.709389826097776,3,0.5602405717196984,0,0.0,0
34586,50.44634204670674,2,3,9.59054922540492,7,0.27987415843039587,0,0.0,0
34587,59.56565054347645,3,4,16.935606996223886,0,0.5636206284769032,0,0.0,0
34588,37.925214376888796,3,2,19.639593419647113,1,0.9999603683513472,0,0.0,0
34589,54.63775361675612,4,2,12.728688227481765,1,0.19119761911272365,0,0.0,0
34590,50.656383620941426,2,1,2.9011964652622844,3,0.6010733908414582,0,0.0,0
34591,59.83532365833803,2,6,7.484430668354102,4,0.3290588057514164,0,0.0,0
34592,48.13286678237528,4,1,10.0552941008437,7,0.30665865604355447,0,0.0,0
34593,27.019485259143075,3,2,16.532847514290964,7,0.9431171062280408,0,0.0,0
34594,24.69959099034742,3,3,14.935522513197164,5,0.4986388379405536,0,0.0,0
34595,38.86374285054958,6,1,3.8342920624965,2,1.000114400597958,0,0.0,0
34596,31.826890533579736,4,3,9.348137570334613,4,0.5047569088763405,0,0.0,0
34597,25.629445198557363,4,6,5.593886539331584,6,0.1982192996015663,0,0.0,0
34598,62.725477752528114,3,6,5.546130567072685,3,0.3823267683030617,0,0.0,0
34599,36.856692713877464,3,6,4.596046519379384,7,1.0000464814383991,0,0.0,0
34600,61.51365650339615,1,5,17.284129431564548,7,0.11575590680851455,0,0.0,0
34601,29.484533528775692,2,2,13.657126220361215,3,0.2696776452462114,0,0.0,0
34602,47.85582660170479,2,2,4.9709168501830066,7,0.5951657665099093,0,0.0,0
34603,36.37053732890423,3,2,12.144502937993488,1,0.0,0,0.0,0
34604,39.76119744279769,3,6,9.823764576870852,6,0.43694550320874775,0,0.0,0
34605,28.23401934212276,1,3,12.801537301029246,2,0.9879571466829444,0,0.0,0
34606,50.967886939706005,4,1,7.935853771414449,7,1.00053677434694,0,0.0,0
34607,56.67721367784652,4,5,5.742144010310256,1,0.5750378515688839,0,0.0,0
34608,31.115223717583586,3,6,9.480519902068586,2,0.7377192027875099,0,0.0,0
34609,53.4788063786664,3,3,8.806048356044146,7,0.9995034981445046,0,0.0,0
34610,26.218615153688173,1,6,12.52801891364628,3,0.3841638070514064,0,0.0,0
34611,24.23497074344036,3,1,0.0,1,0.999590050420084,0,0.0,0
34612,28.440460625282455,2,3,8.940812880206344,1,0.9996369186787619,0,0.0,0
34613,45.150402779856236,2,6,4.552611282662509,3,0.7450519026214241,0,0.0,0
34614,39.13763291823703,4,3,1.2135245273784285,7,0.4819660753084776,0,0.0,0
34615,23.10661920211451,4,1,9.284789716202427,7,0.18812551398679078,0,0.0,0
34616,57.23110066616595,4,6,0.0,2,0.35428278134558727,0,0.0,0
34617,46.24084622942613,3,3,19.170165478571448,2,1.0002251350328035,0,0.0,0
34618,23.99172478701091,3,6,9.022023770259528,7,0.9997471675250074,0,0.0,0
34619,40.20302660204706,4,3,15.453652729680082,1,1.0001708966499172,0,0.0,0
34620,39.927238576687905,3,1,12.161803455817443,4,0.5004785330338218,0,0.0,0
34621,45.22038283408461,5,1,11.542491916621032,1,0.9999397453449856,0,0.0,0
34622,59.285582957279786,3,4,19.993848793657627,5,1.0000612502142852,0,0.0,0
34623,33.2915721268343,3,4,6.392781352934829,3,0.6860988678730534,0,0.0,0
34624,20.667669195454177,4,1,9.286889791304201,4,0.49881064400236846,0,0.0,0
34625,38.172469195945816,2,3,4.866089048669173,0,0.9910480853025065,0,0.0,0
34626,37.905368941854455,1,4,14.583840174844129,0,0.6081947953394266,0,0.0,0
34627,25.185986549654356,4,1,4.221664387098905,2,0.0885625971304782,0,0.0,0
34628,55.454386281889704,2,2,10.567257873531961,7,0.9993939921765083,0,0.0,0
34629,55.71645565837363,2,6,15.959946947179105,7,0.9999922371252672,0,0.0,0
34630,23.78971663776703,1,6,0.0,3,0.3416796744863117,0,0.0,0
34631,60.28687120004033,3,3,6.217720473808158,7,0.9999317898896289,0,0.0,0
34632,41.68049100159231,4,6,0.0,7,0.9999641285561975,0,0.0,0
34633,47.56302168387218,4,4,19.149522959867596,7,0.525609920468121,0,0.0,0
34634,61.29269860089673,5,6,16.01205398182858,2,0.4097524692626297,0,0.0,0
34635,51.564635620107566,3,6,10.904331269453241,7,0.9004270723205949,0,0.0,0
34636,53.30646120728568,2,3,10.518233525199316,0,0.7662694124190366,0,0.0,0
34637,31.811777986503373,6,6,13.901958396545183,2,0.7790281413103999,0,0.0,0
34638,40.2926514314521,4,6,12.043796869814647,1,0.9787809112342309,0,0.0,0
34639,37.80175647224617,3,4,20.342232774431874,2,0.755585107242308,0,0.0,0
34640,44.512436886445364,1,1,13.352706174228423,7,0.9996581583968432,0,0.0,0
34641,58.04283552454949,3,3,7.921310973807917,5,0.9999029237936882,0,0.0,0
34642,37.45549407565312,3,6,8.519565471546096,5,0.9571398659263805,0,0.0,0
34643,46.17850902827639,5,6,11.224892089422788,1,0.9926006537245748,0,0.0,0
34644,49.63813687320241,5,2,20.145215980789125,5,0.3575639991021656,0,0.0,0
34645,47.790529678928934,3,4,0.0,5,1.0003957604236613,0,0.0,0
34646,30.540732095076148,2,2,13.447202469797864,5,1.0327440957843863,0,0.0,0
34647,30.32524360059506,3,1,11.603856404829651,0,0.26470618852602357,0,0.0,0
34648,66.04476553895712,2,6,18.618450892982715,3,0.5453467499958735,0,0.0,0
34649,80.97687353934991,1,4,14.9865091242405,2,0.8615316700763345,0,0.0,0
34650,53.72011721838087,3,1,21.037446636618284,7,0.24084266954775707,0,0.0,0
34651,41.11546356545469,3,3,10.67295604889021,7,1.0002365095649548,0,0.0,0
34652,37.422115732017865,3,3,17.087160994036804,0,0.9993867268970349,0,0.0,0
34653,22.802985784526417,3,3,1.7404812081521932,5,0.1877687115477712,0,0.0,0
34654,48.952257746167945,3,3,18.231506338766902,3,0.9500075294302547,0,0.0,0
34655,45.83841092457026,3,1,3.068281387311231,7,0.9996505059427903,0,0.0,0
34656,34.361864780849395,3,2,17.12164719906686,3,0.9999432968576429,0,0.0,0
34657,53.22929429515432,3,3,9.161885859329015,5,1.0002042354553418,0,0.0,0
34658,42.73848145462104,2,2,7.176442583497099,7,0.9997371549876632,0,0.0,0
34659,19.65005911234132,3,1,13.966074625286696,2,0.4973968713787959,0,0.0,0
34660,49.267430072170384,5,6,12.286331870182307,7,1.0342967728388297,0,0.0,0
34661,29.20585952033116,4,6,14.161315810797328,1,0.9846086416416703,0,0.0,0
34662,28.45912239196655,2,3,13.82470591700108,1,1.0001865417276528,0,0.0,0
34663,42.98869967651389,4,4,11.739114744741826,2,0.5821882085113026,0,0.0,0
34664,71.64367185076564,4,3,4.184289342919274,7,0.9997546887018174,0,0.0,0
34665,38.50676272608078,0,1,20.414191108663566,7,0.9744079702649233,0,0.0,0
34666,35.291712088727955,3,2,19.451413614356213,1,0.3334096244758526,0,0.0,0
34667,46.1017883006496,1,3,2.9458289040919627,2,0.4413892676794777,0,0.0,0
34668,40.18699657461498,2,6,12.135998227723434,2,0.31124521986771697,0,0.0,0
34669,52.3563596802631,1,6,14.139429222100842,3,0.5174584653419834,0,0.0,0
34670,36.48701916703062,2,1,0.9780558423534735,7,1.000353038189052,0,0.0,0
34671,49.029906628874464,4,5,4.987181323088647,2,0.5004275860453452,0,0.0,0
34672,21.96388323061685,3,4,6.571502101973478,2,0.21958130226363298,0,0.0,0
34673,47.74190462128466,4,2,9.842348475841519,7,0.9996872265752109,0,0.0,0
34674,39.212589390508704,3,1,4.428090139016715,7,1.0002193458311626,0,0.0,0
34675,28.858847645443824,4,3,7.007899359884397,6,0.22944907708205586,0,0.0,0
34676,44.13830535239103,3,3,13.835312709109376,3,1.000291762088205,0,0.0,0
34677,18.135559966314933,4,3,23.604130600516562,7,0.39980596025730836,0,0.0,0
34678,33.58677746004888,1,3,1.9372486104132758,2,0.2752576503320221,0,0.0,0
34679,52.73850980550421,2,4,11.443234695360625,7,0.9994975580029453,0,0.0,0
34680,16.888357282093207,4,6,5.154489638237292,2,0.39048622835042623,0,0.0,0
34681,49.36653806892229,3,2,10.586094841969249,7,0.999736587035825,0,0.0,0
34682,41.72534251776044,1,1,11.938012012537698,4,0.34712576070213647,0,0.0,0
34683,48.569666968490296,2,5,8.13595261134423,7,0.8063416811098789,0,0.0,0
34684,60.43072635767095,4,3,15.974119112606576,1,0.924512834908336,0,0.0,0
34685,42.377502513633324,1,3,18.980679312698676,7,0.9999803886300012,0,0.0,0
34686,52.892541202959954,3,2,13.120184377669016,5,0.44064982505810857,0,0.0,0
34687,54.84947156282415,4,3,8.925252328768488,7,1.0001523788086768,0,0.0,0
34688,54.53337015172165,5,1,16.353513080455823,2,0.5022984405053459,0,0.0,0
34689,31.91197002890886,2,1,13.028500963280996,3,1.0001286815341859,0,0.0,0
34690,25.763443086397867,0,2,4.122490925790754,1,0.44854210935965244,0,0.0,0
34691,63.91425161899505,2,3,13.703767667902227,2,0.8299891779570103,0,0.0,0
34692,44.01436301850815,3,3,7.5102167312325,4,1.0000615699689313,0,0.0,0
34693,42.83311718365377,4,6,0.0,7,1.0003793988576937,0,0.0,0
34694,22.577594112974328,1,5,12.581292813140909,1,0.5550942062716218,0,0.0,0
34695,44.56776687621517,3,2,15.199927716663412,7,0.9841770836856817,0,0.0,0
34696,59.149984555403265,4,3,17.610642928191016,4,0.08592474820605223,0,0.0,0
34697,53.004310055663375,3,3,15.766118248147674,4,0.4968149329527173,0,0.0,0
34698,0.0,3,3,19.415013914723524,4,0.21929032335420007,0,0.0,0
34699,71.87694689134881,2,1,12.101097038575508,3,0.4986248261312085,0,0.0,0
34700,33.717012538016505,4,3,12.881243591307847,3,0.5885478134068318,0,0.0,0
34701,29.05930391482726,2,3,13.768016344159737,3,0.9267576372213114,0,0.0,0
34702,39.46427671775306,5,1,6.7111465543807745,4,0.49426045117563344,0,0.0,0
34703,55.288088502194405,3,6,7.063201883729401,3,0.4576897950301706,0,0.0,0
34704,53.0018854644232,3,2,13.543914763706855,4,0.9725065698335453,0,0.0,0
34705,16.867834596945368,5,1,7.81542201084161,2,0.4770613379532302,0,0.0,0
34706,49.09650011696138,6,3,12.437233391928713,3,0.9997620659519943,0,0.0,0
34707,62.021280044248385,3,4,9.81912660689442,1,1.0154244066758056,0,0.0,0
34708,33.93072229469469,2,3,4.647249942001462,2,0.3266779919667673,0,0.0,0
34709,61.54085415291807,3,2,3.9627229294114183,1,0.5150563379845945,0,0.0,0
34710,46.64825968338968,3,3,15.16078801166255,4,1.0001969526329813,0,0.0,0
34711,65.85995968065714,5,4,20.003442687688505,1,0.49697640665741327,0,0.0,0
34712,52.29067737322824,6,2,0.0,7,0.9991992265838427,0,0.0,0
34713,46.59952333929437,3,5,15.099910605713347,3,0.0,0,0.0,0
34714,18.49970736611692,2,1,23.41326798343026,4,1.0002552496348318,0,0.0,0
34715,42.884126392496114,3,4,12.35410110637892,7,0.9045829126506377,0,0.0,0
34716,19.80466070442155,5,4,20.00158514769957,1,1.0432414265669931,0,0.0,0
34717,34.376938345174324,5,1,7.4224935614478476,7,0.9392310204617215,0,0.0,0
34718,68.38012797871988,4,1,20.00065481301307,6,0.7871422474562915,0,0.0,0
34719,50.026411967579214,2,3,11.436659231034533,4,1.0005526435236891,0,0.0,0
34720,34.31800623619113,2,3,3.996710157548847,1,0.2796995640158853,0,0.0,0
34721,37.58108232990107,3,3,15.519257547136448,4,0.9998373999864978,0,0.0,0
34722,50.9380869837837,4,6,11.265610057134513,7,0.9997481177168065,0,0.0,0
34723,40.799626336983536,3,1,20.249909769770518,2,0.999568428437806,0,0.0,0
34724,37.51215284126127,0,6,18.43063260630049,6,0.7241643425998844,0,0.0,0
34725,66.3162935091525,4,3,10.885854616979671,2,1.0002392040909296,0,0.0,0
34726,38.26257477720279,4,3,17.46972077979602,3,0.4976324765993301,0,0.0,0
34727,18.72478795506568,3,2,8.965593339240392,1,0.7886615058126555,0,0.0,0
34728,43.04402262572104,0,1,12.671878611975101,7,0.9995095247323695,0,0.0,0
34729,63.66478684200711,3,3,0.0,4,0.5009660848897358,0,0.0,0
34730,63.92100149442014,0,4,10.871981166724268,7,0.9999178257866121,0,0.0,0
34731,46.99635738530844,3,1,6.616167943124372,7,1.0003412666321063,0,0.0,0
34732,32.93696673725918,1,3,7.189292427373327,6,0.49505109726984864,0,0.0,0
34733,45.00064992087799,4,6,9.021607959468998,0,0.11897416367841895,0,0.0,0
34734,43.65442873682518,4,5,4.684031243865154,0,0.49651410968150844,0,0.0,0
34735,41.702966711866495,1,3,21.89796053489767,3,0.7593128429314429,0,0.0,0
34736,57.19882732862033,3,1,2.3701404189670647,4,0.9993909445701536,0,0.0,0
34737,43.68779534312569,3,6,7.343495435652342,1,0.9871535838712366,0,0.0,0
34738,22.84478363880454,2,1,8.740917367915088,3,0.6239322360030619,0,0.0,0
34739,43.15145109650133,4,3,9.384767346421839,1,1.0008711870273888,0,0.0,0
34740,57.413907283534506,5,4,13.8500715257215,5,0.9272861282946421,0,0.0,0
34741,44.43471694374698,6,1,21.946221815917383,7,1.0003814531162547,0,0.0,0
34742,54.776169154748594,3,4,6.826334824356825,7,0.9401269845310295,0,0.0,0
34743,49.5270697845699,2,2,17.197192869536103,1,1.0000123667085699,0,0.0,0
34744,59.41062797286868,3,2,12.621462137349948,3,1.000551708352054,0,0.0,0
34745,43.84354789452759,4,6,8.570169018986046,7,1.0003650858761284,0,0.0,0
34746,44.96391148887985,3,6,4.346902725590353,4,0.430859648637526,0,0.0,0
34747,63.735187575223755,4,5,20.672352856193395,4,1.000475220505139,0,0.0,0
34748,46.11915102351072,3,2,11.996177965430183,7,1.0002245143401636,0,0.0,0
34749,22.33387304504146,2,1,3.173846048012794,3,0.11961090508402472,0,0.0,0
34750,60.394869331392194,3,3,8.362384934988246,3,0.31998178806205035,0,0.0,0
34751,47.95932853538352,3,4,19.99235000019017,1,1.228074012633633,0,0.0,0
34752,42.875411297514525,3,1,5.49283456559778,7,0.17309700134350425,0,0.0,0
34753,47.118573290630565,2,6,4.032372682170505,3,0.38938442450332106,0,0.0,0
34754,62.28427808608457,3,1,5.050076223656604,4,1.0004475605932766,0,0.0,0
34755,28.944877698231423,4,1,19.988144420204364,3,0.2099188548067102,0,0.0,0
34756,57.04601355662033,2,2,9.102175620297135,7,0.7658968401358521,0,0.0,0
34757,26.038516194888935,4,7,1.6584873107488072,6,0.00028305378698834094,0,0.0,0
34758,64.01289186387285,4,3,16.75649589664348,1,1.0002270298292553,0,0.0,0
34759,42.799556517145426,3,4,20.001335832648543,1,1.3302761448629188,0,0.0,0
34760,47.97531278349011,3,3,18.712933983412128,7,1.0000866769050636,0,0.0,0
34761,53.817777357587524,3,1,21.16368536115,7,0.2906941884693187,0,0.0,0
34762,48.2748152087511,4,6,14.961128444591164,2,0.9995424139614069,0,0.0,0
34763,58.37796266829729,0,3,10.774874870344814,7,0.14654652321192208,0,0.0,0
34764,38.009601142231574,3,5,19.99339220347807,1,0.0,0,0.0,0
34765,48.745121449914535,3,6,11.872834911366118,3,0.5396168402976542,0,0.0,0
34766,46.35600601264505,3,6,10.741451453846576,3,1.000012497741968,0,0.0,0
34767,30.55569061112776,4,5,20.01039326857856,1,0.999842846625447,0,0.0,0
34768,45.21503151642364,3,1,9.595281914315628,7,1.0001391287947574,0,0.0,0
34769,36.29324205159758,2,3,15.718057975201491,1,0.9998052820899835,0,0.0,0
34770,21.323111157256854,3,1,8.0333304645325,7,1.0003364013134306,0,0.0,0
34771,30.453121508192922,2,1,3.161679360801111,4,1.0002328055685445,0,0.0,0
34772,27.228802654185344,0,3,4.228436419026653,7,0.592954786817232,0,0.0,0
34773,43.03731736559714,1,3,12.247564719979827,2,0.4192574136343689,0,0.0,0
34774,44.10189250259536,4,6,14.23612326326969,6,0.5699628368510267,0,0.0,0
34775,39.82083696935328,3,6,6.0518623562268505,7,1.0002538783055794,0,0.0,0
34776,39.94393888726126,4,3,16.3443764780433,7,1.0001819281449333,0,0.0,0
34777,31.473280658389868,1,5,2.655823404484968,3,0.4531995747975787,0,0.0,0
34778,51.99352169408334,3,5,12.121348673949512,3,0.3033787114810115,0,0.0,0
34779,49.594550891860024,3,1,20.659313082631996,7,0.9994500949736241,0,0.0,0
34780,59.27771752118864,1,5,3.5222790525233263,5,0.7557107627310304,0,0.0,0
34781,58.30782672898552,3,1,20.00019924146978,2,0.30566102943422463,0,0.0,0
34782,51.3758208060744,3,4,2.1703603683207895,7,0.3349969157092681,0,0.0,0
34783,23.662490433487225,4,3,4.681070723875368,3,0.1697509581627119,0,0.0,0
34784,45.87277311110646,3,1,4.120249214204348,2,0.5033007794715267,0,0.0,0
34785,33.744231635204066,2,6,15.964653886171234,3,0.49070713617573297,0,0.0,0
34786,32.22424114471898,2,1,20.003326025920153,3,0.0,0,0.0,0
34787,22.374286102125048,2,1,11.0470311661913,2,0.9997619797971875,0,0.0,0
34788,44.86473144104598,4,4,19.999637723201573,3,0.5077732674190012,0,0.0,0
34789,40.34019520740622,4,5,10.338814277373553,5,0.4974344196410321,0,0.0,0
34790,51.799878371659794,4,3,7.1450052925827325,4,0.5968617243453781,0,0.0,0
34791,35.432441263607345,2,4,9.321015105546667,7,1.000132703900669,0,0.0,0
34792,47.13433081415906,5,3,16.264046314214543,4,0.49954814940858916,0,0.0,0
34793,28.449286341997684,2,1,20.007040943482608,5,0.5205268499214177,0,0.0,0
34794,23.33230681261055,5,6,6.982568896831026,3,0.2767558113183449,0,0.0,0
34795,39.59650614915369,3,1,11.99379883538444,2,0.3292468547390188,0,0.0,0
34796,61.20764992836527,6,1,1.5065917744666546,2,0.5159895055404379,0,0.0,0
34797,47.32649465008326,4,2,3.8447248648386534,7,0.38888761092457313,0,0.0,0
34798,41.4492169126333,4,4,19.99770457994282,6,0.4955370872134701,0,0.0,0
34799,56.83255860284078,2,3,3.574662516826871,7,1.0001883005839165,0,0.0,0
34800,51.470993229161756,4,2,5.1550995719012835,6,0.5141667172257596,0,0.0,0
34801,30.644430217550898,3,1,7.027973625036347,4,0.2516372698630295,0,0.0,0
34802,51.822146112434325,1,4,19.99974187412898,7,1.0006513866034796,0,0.0,0
34803,34.00796619475191,1,5,0.0,6,0.4740590022685821,0,0.0,0
34804,61.06228821461778,5,4,5.8627590410283545,7,0.9999979337691541,0,0.0,0
34805,58.34263764867029,4,2,12.025802641250067,6,0.8234782904206327,0,0.0,0
34806,33.439260661549184,4,3,11.111540280485242,4,0.16058849070575643,0,0.0,0
34807,23.416603412571973,3,5,19.337419774075073,1,1.0109942207176996,0,0.0,0
34808,29.422215470389013,2,3,6.7680088318129075,7,0.43379241605090685,0,0.0,0
34809,62.37373307416033,1,2,13.373708040556545,4,0.33710751424494534,0,0.0,0
34810,52.6850510939096,3,4,22.352635944917193,4,0.14839025132285433,0,0.0,0
34811,36.476510012307884,3,6,18.077072346935978,3,0.5906073800197809,0,0.0,0
34812,33.2902199638902,4,2,10.695728165889436,7,0.5737979264958409,0,0.0,0
34813,48.2629262918908,3,6,16.048913569329397,2,1.0004523676343582,0,0.0,0
34814,26.781013706466084,3,3,14.544241005927411,2,0.9509770393580069,0,0.0,0
34815,57.178353489398745,4,3,12.345445040234305,7,0.9999964758883768,0,0.0,0
34816,39.16783303554033,1,0,6.04816842992394,6,0.2322595324247887,0,0.0,0
34817,45.87944211455257,3,2,12.98226522472556,1,0.9997749149727034,0,0.0,0
34818,49.16490983845585,4,3,11.929020960772636,1,1.0045745089015523,0,0.0,0
34819,34.775534721944524,5,1,0.8460879130784402,2,0.9330516115143029,0,0.0,0
34820,55.80586976343688,3,4,25.798410613932724,2,0.36509143253561793,0,0.0,0
34821,57.43757497148124,4,5,8.17271826433186,4,0.49824010474086006,0,0.0,0
34822,45.250689847010264,3,1,12.753051447579239,2,0.3616409119377606,0,0.0,0
34823,54.83647510580062,3,4,6.142357785055815,1,0.3249612816775604,0,0.0,0
34824,33.01036076966924,1,5,11.806477707961562,1,0.9247735174713742,0,0.0,0
34825,47.631325513180876,3,1,15.120916311778046,2,1.0002833940809324,0,0.0,0
34826,57.38785004320958,3,1,9.14640694648621,7,1.0001710752167514,0,0.0,0
34827,24.862962287307532,4,6,12.505059628371548,5,0.4993601997800997,0,0.0,0
34828,45.275214324962604,2,4,2.905295331659479,3,0.1471864505800431,0,0.0,0
34829,50.212239063477064,5,6,7.078950650207549,2,0.48542902520051245,0,0.0,0
34830,51.74130879272019,3,3,7.9024471927436615,2,1.0000145175458615,0,0.0,0
34831,40.388540393678234,3,5,8.203442872757046,1,0.7388436710422304,0,0.0,0
34832,64.28029611025961,3,6,9.728567451435131,7,0.7197905048006654,0,0.0,0
34833,62.61482609934636,3,2,0.0,7,0.32913684623989814,0,0.0,0
34834,41.12836884199574,4,1,20.002095211755623,3,0.0,0,0.0,0
34835,38.39370554277579,3,2,17.081179734758486,5,1.0002709230334326,0,0.0,0
34836,50.821629393430456,3,6,5.040354293696324,6,0.3498069636324885,0,0.0,0
34837,39.60159264767908,2,2,20.007384454374055,1,0.9151729775397991,0,0.0,0
34838,52.787375638212566,5,1,13.93935743142787,3,0.49796669871870564,0,0.0,0
34839,45.538296669512555,4,3,13.890842220157584,6,0.9999791865740548,0,0.0,0
34840,42.20859637637041,5,1,14.50200503673888,2,0.3799784188200207,0,0.0,0
34841,43.2396944702969,4,6,9.210994003317445,6,0.24795838155505817,0,0.0,0
34842,49.38589178904028,5,3,9.43091729827329,4,0.9085738902192884,0,0.0,0
34843,53.67746094744274,3,5,8.996647585525533,1,1.4511822751929047,0,0.0,0
34844,33.05225436615412,4,5,5.532421879728163,4,0.49545004323975284,0,0.0,0
34845,32.40883091266513,2,6,6.508161744125981,3,0.27909523964562205,0,0.0,0
34846,45.07198760652692,2,6,13.405737299374715,7,1.000252026184719,1,11518.66602470715,1
34847,21.013500053544348,2,4,17.460219169440908,6,0.6428071200290516,0,0.0,0
34848,21.2964928515898,2,6,3.1617454746068807,1,0.8864995864245555,0,0.0,0
34849,58.80618744709941,4,5,20.00576035664421,1,0.5594891015397506,0,0.0,0
34850,26.387061821544144,1,2,11.781290934372263,7,1.0104500230473934,0,0.0,0
34851,58.74632440192211,2,2,15.540215367096948,7,0.49220051222826305,0,0.0,0
34852,38.81487468515981,3,4,20.00445818976666,1,1.0001957489846076,0,0.0,0
34853,21.108378564449783,3,3,9.770264227024189,5,0.22412590127537058,0,0.0,0
34854,35.975870547771876,3,1,25.023628065095302,7,1.00043697412942,0,0.0,0
34855,29.412622744275158,3,5,12.738357103776648,2,0.9996733225664253,0,0.0,0
34856,42.557564418838915,3,3,13.364735311352065,1,1.0002781761578263,0,0.0,0
34857,56.8575882808391,4,1,10.627303713823146,2,0.543408159282703,0,0.0,0
34858,48.26126178037285,3,3,20.002750560279715,5,0.6873998742318201,0,0.0,0
34859,51.06444302616164,3,6,10.95127654898555,1,0.42234260762018727,0,0.0,0
34860,51.80641330529954,2,7,9.863738885247924,4,0.5168887583488173,0,0.0,0
34861,36.391944436377536,5,2,15.008539680990893,7,0.9220881407405435,0,0.0,0
34862,42.51571641189895,2,6,8.760406221915895,4,0.3292062296989358,0,0.0,0
34863,26.849314414825397,2,6,1.718095246474272,6,0.4600606078820074,0,0.0,0
34864,57.20688583117338,0,3,1.1705637125908606,1,0.5208354100651953,0,0.0,0
34865,31.1494068987683,4,3,12.137599176665873,7,0.9996309902390577,0,0.0,0
34866,36.10458195286515,1,4,10.448952315157053,5,0.8531943946618804,0,0.0,0
34867,52.39654944893988,2,6,7.762841551591821,7,1.0004633124836257,0,0.0,0
34868,58.29548107150775,3,4,5.206947077229848,7,1.000136261084661,0,0.0,0
34869,28.94962380275895,5,3,1.655297842818392,4,0.6065704796944629,0,0.0,0
34870,34.72511166578852,1,1,7.857021927572591,7,0.9099409569721778,0,0.0,0
34871,29.171589632189395,2,2,15.353484285102809,1,0.07818431370211465,0,0.0,0
34872,36.28932304084208,1,1,0.0,3,0.2036722819336545,0,0.0,0
34873,37.157251296453595,3,4,20.00372865275926,1,0.5144397775654891,0,0.0,0
34874,66.10714847673336,3,3,19.161254501778014,6,0.9994806795563738,0,0.0,0
34875,39.98324640157433,3,3,17.11780465244654,3,0.9996461867388944,0,0.0,0
34876,46.98247308859872,4,3,4.852569879324316,1,0.9997000311634374,0,0.0,0
34877,36.12821763515428,3,1,10.46106593022236,2,0.6085389313902807,0,0.0,0
34878,28.868036763167837,5,6,8.504537828433548,2,0.5258563542012131,0,0.0,0
34879,34.682511070625054,2,6,14.215936165738404,1,0.9507666514360206,0,0.0,0
34880,35.29482693914281,3,6,22.440115891816262,4,1.0003347036750667,0,0.0,0
34881,50.748196967780494,5,1,11.722966184676135,3,0.21647383532927322,0,0.0,0
34882,65.78070398351501,4,4,19.998237719996407,7,0.8981855571504719,0,0.0,0
34883,61.176056255811375,3,3,15.411830377191661,2,0.5313177747824319,0,0.0,0
34884,24.621138900736348,1,3,0.0,4,1.000222812226864,0,0.0,0
34885,29.10753434967617,2,6,14.586871813509532,3,0.5830757094249672,0,0.0,0
34886,24.623153973154214,2,3,5.484077843300659,1,0.9994885346931145,0,0.0,0
34887,47.36310584444255,3,2,3.040001585782038,2,0.7387368274657244,0,0.0,0
34888,45.09421397260303,2,3,8.99660443497784,2,1.0002948810221053,0,0.0,0
34889,38.16470038054078,3,1,18.182617852096897,1,0.9996932480067311,0,0.0,0
34890,47.91221616256119,2,6,13.913638880608605,7,0.9999053297220132,0,0.0,0
34891,29.079026241246545,2,7,2.1452450598497954,4,0.0,0,0.0,0
34892,54.08624346985174,3,1,15.887099309132772,3,0.9998740409101243,0,0.0,0
34893,28.054131004236766,4,6,15.806364967744255,4,0.4777024634337082,0,0.0,0
34894,37.64262608601435,0,3,18.09880732614846,4,0.9356099561634661,0,0.0,0
34895,52.092159720121586,1,2,9.780824648697871,6,0.10011177218022382,0,0.0,0
34896,24.965951869402062,3,4,0.0,1,0.3716322804459987,0,0.0,0
34897,43.313075730995486,4,1,19.998481960837765,0,0.5551001490791183,0,0.0,0
34898,45.20460996495407,4,6,11.308576198867742,1,0.9826703704642319,0,0.0,0
34899,36.969895638692776,4,2,8.389881891878744,1,0.6944778351718178,0,0.0,0
34900,52.36557845179613,4,5,20.42416612051874,1,0.9616485056490394,0,0.0,0
34901,62.57917715563179,4,3,0.0,7,0.2615129230816124,0,0.0,0
34902,59.74507990804028,1,3,20.742218369186585,4,0.950688410449359,0,0.0,0
34903,47.41167527255233,3,3,4.104227060962995,3,0.9999038460059925,0,0.0,0
34904,35.85023495732887,1,3,23.375586999151864,7,0.9997763476021663,0,0.0,0
34905,37.9247172074381,3,3,9.945390946180606,3,0.9997022744747864,0,0.0,0
34906,44.07392854470674,4,3,19.99786029529494,1,0.2687583694248302,0,0.0,0
34907,19.092614474317344,2,3,0.39638471906822303,2,0.5078320105318708,0,0.0,0
34908,32.31918290270388,3,3,12.537740005891566,2,1.0004055127679963,0,0.0,0
34909,51.81750779229029,3,4,1.2452441451559348,1,1.0000537082337884,0,0.0,0
34910,24.7767449248615,5,6,9.810969919082511,1,0.20455953074769723,0,0.0,0
34911,52.488534346377534,2,6,5.987743397466518,7,1.0004151991602934,0,0.0,0
34912,32.35185884651743,7,6,10.342828952609409,7,0.5151644541556862,0,0.0,0
34913,56.4773028306947,4,1,11.468817945659389,3,1.0002466571124273,0,0.0,0
34914,43.01772083862395,1,5,19.98742397921602,1,0.6256050711298465,0,0.0,0
34915,52.16527331371205,3,2,11.038011639972414,3,0.2998460244396564,0,0.0,0
34916,24.42682801500198,1,2,10.27376164352986,2,0.45758861219708435,0,0.0,0
34917,33.70848692156832,5,3,9.538775525774481,2,1.0002585138331517,0,0.0,0
34918,45.011240424986156,4,5,13.754720300503402,1,0.4171297284197476,0,0.0,0
34919,83.17784317375887,2,4,20.00075753402286,7,0.4420438747553568,0,0.0,0
34920,23.10548626428614,1,3,6.846211755604023,1,0.9999456577753381,0,0.0,0
34921,43.795118400052516,1,3,6.5739192347764766,6,0.11870115102835532,0,0.0,0
34922,44.86898169491557,1,2,3.333650636687855,6,0.974499953046464,0,0.0,0
34923,41.58095319957162,1,4,9.856394810634221,2,0.9045614347867662,0,0.0,0
34924,26.485296478230683,2,4,20.01230697892148,1,0.49878123365202925,0,0.0,0
34925,28.127810923898753,4,3,6.975616721286909,6,0.43949954229002286,0,0.0,0
34926,59.848087140628394,1,1,19.99241887519303,2,0.55267424024556,0,0.0,0
34927,42.28471915521688,3,5,13.02028882042467,7,0.47571150368467613,0,0.0,0
34928,50.25129943634945,5,2,10.633250241605854,4,1.023966710251437,0,0.0,0
34929,40.586734733940276,3,6,23.34311338964084,6,1.0707873178936915,0,0.0,0
34930,36.96266334995102,3,2,11.16563639574286,0,0.9999721185844491,0,0.0,0
34931,34.135507577933424,4,4,20.001782260300335,4,0.9999923935189621,0,0.0,0
34932,40.20152184583942,4,2,11.45876044346063,1,0.9997579217713675,0,0.0,0
34933,42.43199175974642,3,4,18.255228455205522,1,0.9997223014095691,0,0.0,0
34934,47.948282861560486,3,1,11.20394548743959,7,0.9339966287581234,0,0.0,0
34935,56.160845214096554,3,3,25.14882368091034,5,1.0000823451814322,0,0.0,0
34936,52.67217776827873,4,6,10.3696827045306,2,0.4653207754589575,0,0.0,0
34937,55.14202695023701,1,5,4.246069549595119,7,0.10002254799490595,0,0.0,0
34938,42.778628233846526,5,6,12.86609081501474,0,0.6257662962383114,1,16587.663779332324,1
34939,44.54195610833005,3,1,10.691838392450512,5,0.4987941723290401,0,0.0,0
34940,61.51073283924108,3,1,15.164980242742171,2,0.4955206064744456,0,0.0,0
34941,51.691127210258564,2,3,5.862463015791774,4,1.0005318200110858,0,0.0,0
34942,36.90335504950483,3,5,11.747293654265214,1,1.0002065893989367,0,0.0,0
34943,27.813974726153038,3,4,17.549122202784545,3,0.0,0,0.0,0
34944,24.906627218723713,5,3,17.682985097269277,4,0.5309267683554995,0,0.0,0
34945,46.34276625935861,2,3,2.2640663054166996,5,0.5014088572896939,0,0.0,0
34946,34.67555748423298,4,3,3.659142121597191,0,0.9864413050876437,0,0.0,0
34947,29.145344104071953,6,6,12.21122012512441,7,1.000095882925972,0,0.0,0
34948,42.3965856997207,3,3,19.988032355763064,5,0.4317146353537578,0,0.0,0
34949,47.26183577077049,3,3,13.657003764073627,5,0.7535695542847203,0,0.0,0
34950,22.40783463934756,2,3,14.818960245752299,7,0.39881885344332085,0,0.0,0
34951,46.377009314309745,2,4,8.330386990582895,4,0.6038508821116648,0,0.0,0
34952,40.013683522388355,2,1,19.8752351905626,0,0.9394244934057276,0,0.0,0
34953,52.61693272795352,3,6,2.5605264075589638,7,1.0000134592953984,0,0.0,0
34954,62.75884315082696,3,4,19.658130813888548,7,0.9365553719344123,0,0.0,0
34955,39.088390499804376,1,3,25.246533077331456,7,1.0002267608839637,0,0.0,0
34956,67.12339569852382,3,3,20.00291192531821,5,0.6256464113190603,0,0.0,0
34957,34.868511698782115,5,2,0.49624592896390674,7,1.000298825643544,0,0.0,0
34958,51.5468938950967,5,6,15.904948124587138,3,0.47553064503102915,0,0.0,0
34959,13.567737676337629,4,1,4.137569888803921,1,0.1177662528861474,0,0.0,0
34960,40.41851462619588,5,1,15.463055774595956,7,0.9999528272957829,0,0.0,0
34961,29.284925757843983,4,1,11.161158050898484,0,0.5920040775274883,0,0.0,0
34962,55.900240706802634,4,1,20.001110887160706,2,0.10160094573738543,0,0.0,0
34963,27.29843703177611,2,3,12.425555785384697,4,0.13830221781010055,0,0.0,0
34964,30.85612730199972,3,1,3.143637922654059,1,0.5733205509073421,0,0.0,0
34965,51.22615386744519,0,1,11.405806024355421,5,0.0,0,0.0,0
34966,33.57440973535288,1,3,14.615753946950875,3,0.9995093181515432,0,0.0,0
34967,37.32089669981782,3,4,2.3547480070313167,3,0.7029287759341647,0,0.0,0
34968,31.19406522774153,3,2,14.284388817542629,1,0.0,0,0.0,0
34969,45.23923986213488,3,4,20.009191988433034,1,0.700708922823356,0,0.0,0
34970,39.498109526266546,3,5,12.390800214929579,3,0.49957664583283856,0,0.0,0
34971,64.2474658269838,3,3,4.729348461789378,7,0.22081016506569334,1,35987.99101855153,1
34972,62.14105162308172,3,0,21.544912673920706,2,1.000874505355522,0,0.0,0
34973,38.238064426246375,4,1,16.744654888840817,2,0.0,0,0.0,0
34974,45.128475747613976,3,1,27.64058200592166,0,0.49956466404408745,0,0.0,0
34975,50.985787649016544,3,1,19.9916230265981,5,0.5744042985716634,0,0.0,0
34976,29.559333122757387,3,1,9.705528817041202,7,0.3604484596180772,0,0.0,0
34977,37.115035166755206,3,6,16.65651748424679,2,0.7222581839260341,0,0.0,0
34978,58.3914449049403,4,3,23.093722378031025,5,1.0000113508582014,0,0.0,0
34979,15.196024325361929,1,1,19.996528590018478,2,0.1272362617012972,0,0.0,0
34980,40.58342915938107,3,5,12.6495935668216,2,0.0,0,0.0,0
34981,23.64538700855544,3,1,20.287730935267312,2,0.8328256536732469,0,0.0,0
34982,57.769536114860884,1,2,18.219248191890983,1,0.5824409717826723,0,0.0,0
34983,28.498105610331525,4,6,10.016864422622671,7,1.0005155888248884,0,0.0,0
34984,30.42918065465339,4,6,10.335929311341285,6,0.8145037301992767,0,0.0,0
34985,42.92102993795307,1,5,20.001881989446183,1,0.7391160041352076,0,0.0,0
34986,31.963441695543946,1,3,8.517544633159694,4,0.9999245243201995,0,0.0,0
34987,20.02649065788853,2,1,1.7633180961134673,2,0.16156141798269308,0,0.0,0
34988,27.585315745440873,3,6,0.0,2,0.08939050777714008,0,0.0,0
34989,34.685631526399284,1,6,7.1007648146302325,6,0.6893217768555993,0,0.0,0
34990,58.01548722008925,2,3,8.734568436672461,6,1.000028519092508,0,0.0,0
34991,49.89098671203222,4,4,20.004075195523185,1,0.9997593002717495,0,0.0,0
34992,58.33007191171352,1,3,8.347826416474858,5,0.9996539654190085,0,0.0,0
34993,27.87714563694825,2,2,7.867930277730111,1,0.2529625146610669,0,0.0,0
34994,34.83633779363682,1,4,0.0,4,0.7806358470240459,0,0.0,0
34995,46.256388734811445,1,3,5.801212602789757,6,0.51891211595178,0,0.0,0
34996,25.00223017123689,1,6,2.6494568601093427,2,0.30075228561626804,0,0.0,0
34997,22.0859802370796,0,6,10.711979430660229,4,0.05996909860014554,0,0.0,0
34998,46.638786799388775,3,1,19.998932354137963,6,0.1218697373121258,0,0.0,0
34999,40.144350641099194,0,1,4.7695366536921275,5,0.31472344348764886,0,0.0,0
35000,45.56190610709426,2,3,5.606875427426781,7,1.0002224159270232,0,0.0,0
35001,25.622553052650925,3,1,15.915953005652943,1,1.0000344516672617,0,0.0,0
35002,46.5463809181287,1,5,5.513221964197172,4,0.7940225913958195,0,0.0,0
35003,51.5953143545702,4,4,20.00203817271059,7,1.1239460620597035,0,0.0,0
35004,55.48224364936076,3,2,7.6873520697228965,7,1.0006117805202495,0,0.0,0
35005,52.39104431254038,3,3,16.979458222810784,3,0.9999418559937376,0,0.0,0
35006,86.83393948521955,4,5,17.843445267083155,1,0.7659527788263403,0,0.0,0
35007,50.893766063118775,2,3,9.215349298850393,6,1.000310676171767,0,0.0,0
35008,60.75839468476988,4,3,13.83522620683997,1,0.9996449588206575,0,0.0,0
35009,58.52754860288462,2,6,12.055100379021132,7,0.9998269486644873,0,0.0,0
35010,39.57793193761231,4,4,20.000517353760024,1,0.4752224753617246,0,0.0,0
35011,44.45859235504508,2,6,14.537963828650561,7,0.9994103205609177,0,0.0,0
35012,42.30116311260701,1,3,7.615082712688055,6,0.0,0,0.0,0
35013,42.73576981639924,4,3,1.7964476441263564,4,0.4223051684108067,0,0.0,0
35014,45.97703287203351,3,4,18.952125281131757,1,0.9569695101826527,0,0.0,0
35015,71.10704197743868,3,1,17.774990689599505,3,0.5003540776881679,0,0.0,0
35016,47.03979453692549,4,6,12.874559542454564,1,0.15604134538772618,0,0.0,0
35017,33.85269282951339,1,3,1.58122952265008,6,0.5528529905289989,0,0.0,0
35018,22.76896567868582,3,1,14.316355953570845,1,1.0000727234366051,0,0.0,0
35019,23.93692600246183,3,2,4.376147508268519,4,0.25704845237562085,0,0.0,0
35020,30.77401175575638,5,1,25.928219934785886,3,1.000308646678625,0,0.0,0
35021,42.385808279237885,4,5,13.321592425348552,4,1.000425186370586,0,0.0,0
35022,66.49289895459725,4,4,5.109399251704398,2,1.0003357450229986,0,0.0,0
35023,54.11820402866845,1,5,19.99440294876539,7,0.9909791983437867,0,0.0,0
35024,28.682488879789396,3,2,7.8192504925864155,1,1.0002365473879204,0,0.0,0
35025,36.8899436849234,4,3,18.255413491584633,7,0.7278118406130926,0,0.0,0
35026,43.96254872950508,4,5,8.70336719024081,7,0.8178413722591243,0,0.0,0
35027,55.805548246077045,1,3,0.0,1,0.5030888918120362,0,0.0,0
35028,58.863145188745634,3,5,14.21652988853166,7,0.9996103945388142,0,0.0,0
35029,44.34509156128264,4,5,15.693750234980994,6,0.49990690506700286,0,0.0,0
35030,78.05375588211899,2,1,16.57708788495438,3,0.8153478845850969,0,0.0,0
35031,66.52960518287907,4,1,0.38264988201348693,4,0.5057049347438788,0,0.0,0
35032,41.69464268444324,4,3,19.997728669922203,1,1.0002455642778079,0,0.0,0
35033,33.70112069161554,3,5,11.677017727178665,2,0.5441878917797152,0,0.0,0
35034,31.986342562370485,0,1,19.99988940203032,3,0.4721394185297595,0,0.0,0
35035,41.409658249657305,4,4,19.994612346387807,1,0.9995779437318892,0,0.0,0
35036,27.124716302791533,4,3,3.464362326977123,7,0.2958532134749863,0,0.0,0
35037,44.63536324946057,2,3,21.537508885525618,2,0.49906764280562727,0,0.0,0
35038,40.21021898896934,2,1,20.88817301254602,4,1.0001401083271977,0,0.0,0
35039,51.769026945036025,3,3,0.0,7,1.000125859341983,0,0.0,0
35040,80.91035023800711,5,3,14.176334836129222,2,0.958807948395578,0,0.0,0
35041,23.07702147118778,2,5,7.8884961825901945,4,0.22598073687956732,0,0.0,0
35042,37.35739853013684,3,4,8.823725484765674,1,0.9457862760457318,0,0.0,0
35043,47.07633811459113,3,3,10.142275903669546,4,0.999644682417671,0,0.0,0
35044,46.56437988384608,1,1,11.620213614024074,6,0.6402619183301441,0,0.0,0
35045,50.1873113884369,1,3,3.529622893220851,6,0.6437109021622849,0,0.0,0
35046,23.580571835585534,3,4,22.527940111654054,2,0.0,0,0.0,0
35047,30.629013660030985,2,3,7.079659828529734,1,0.49989773684713235,0,0.0,0
35048,65.35689014615063,2,4,20.002698290169484,7,1.0000091368574184,0,0.0,0
35049,53.05174525054848,3,4,19.99753007826613,1,0.18710341144651388,0,0.0,0
35050,58.40783546859393,2,5,8.486478653566067,6,0.4980218844798583,0,0.0,0
35051,42.92008624435796,2,3,19.998703086190176,7,0.9093517045872206,0,0.0,0
35052,50.6267085729706,4,1,3.435919168366424,3,0.9425161168471873,0,0.0,0
35053,42.627471929433725,2,3,3.8583129578929984,7,0.9996817778295081,0,0.0,0
35054,42.11438998954293,3,1,5.257317074324076,7,0.41726749765052146,0,0.0,0
35055,46.56450559463382,3,3,2.4415728817534497,7,0.9998584829950659,0,0.0,0
35056,32.356009634570064,0,3,6.955416399988744,7,0.6376451655092014,0,0.0,0
35057,19.715370902845535,3,4,17.68608882213799,2,0.0,0,0.0,0
35058,54.33135467828466,3,2,10.281647173703373,7,0.25315112740985146,0,0.0,0
35059,55.388308365037986,4,6,24.07243372512697,7,1.0001231929370658,0,0.0,0
35060,30.243860384531537,3,0,0.18283299678530618,0,0.4211989110135343,0,0.0,0
35061,54.415597311169684,4,3,4.842569240043041,7,1.0002412133015899,0,0.0,0
35062,30.294229408779124,3,5,8.728195717367056,5,0.49494884566742403,0,0.0,0
35063,32.80233821752546,2,1,19.990998980689625,2,0.17381822211850506,0,0.0,0
35064,41.143020428931656,5,2,0.0,7,0.5264298049276359,0,0.0,0
35065,37.76612278456451,4,3,4.53832731368546,5,0.6165911690783974,0,0.0,0
35066,31.408719232489638,6,4,20.00664512561706,1,0.9996805766498698,0,0.0,0
35067,37.28916007563841,2,2,9.722591977092396,7,0.999670097939193,0,0.0,0
35068,36.60348851755364,3,1,9.730970259821966,7,1.000588924981606,0,0.0,0
35069,40.09719797598467,3,6,10.604549624316107,3,0.724322495762813,0,0.0,0
35070,45.276569575330996,2,1,1.5820918538627655,0,0.9574334923367194,0,0.0,0
35071,37.09728311192713,3,3,16.7371038407073,5,0.9996045232532016,0,0.0,0
35072,71.30182662309743,4,5,0.0,4,0.4977926998954445,0,0.0,0
35073,41.07847995790522,2,3,12.185717236877165,2,0.6496492008208524,0,0.0,0
35074,51.68127318705375,3,2,10.601411591339282,5,0.9998618703673265,0,0.0,0
35075,58.236526089509404,5,1,8.978342772695042,7,0.15270355052483642,0,0.0,0
35076,49.041552379376675,2,3,1.0711917899493848,2,0.4948412860163994,0,0.0,0
35077,51.504965586836406,6,4,17.52111225970752,1,0.9449502877991565,0,0.0,0
35078,56.373525326965115,2,3,10.761618770671365,3,0.496756212462268,0,0.0,0
35079,44.09787339493118,2,4,18.89615132783703,6,0.531253970462016,0,0.0,0
35080,34.76134105489901,3,3,16.12866257094233,6,0.26899409852946216,0,0.0,0
35081,52.81595962054062,4,3,5.221331197422283,4,0.6752415832000259,0,0.0,0
35082,54.21212065354649,3,1,18.38763474128615,7,1.0004505797801988,0,0.0,0
35083,24.935148484991657,4,2,8.351861658748739,3,0.5695226479187576,0,0.0,0
35084,35.27101642764035,4,1,14.038679568023435,3,0.5000396161204658,0,0.0,0
35085,45.00824880827995,1,4,20.011440716040596,5,0.9998082239298036,0,0.0,0
35086,33.371580156586134,3,5,18.881330511023606,5,0.6425121383224919,0,0.0,0
35087,55.467853795165574,3,1,0.7531621689576422,1,0.5092207454052111,0,0.0,0
35088,22.36116716725898,4,5,18.940915225051622,1,0.4371103272144325,1,10870.295167193952,1
35089,58.5389557267616,3,1,14.833243760589479,4,0.3490914021282445,0,0.0,0
35090,53.64456853644252,3,3,14.822933859258502,6,1.0004027058187224,0,0.0,0
35091,32.336151933253255,4,5,11.491415429401123,1,1.310933266811468,0,0.0,0
35092,56.0301733020238,3,3,20.00515801791699,1,0.2627694223509673,0,0.0,0
35093,38.60950030248743,4,6,15.416595738352813,0,0.5555292353705338,0,0.0,0
35094,51.948281886738286,3,5,17.515378808330507,4,0.6604408439805248,0,0.0,0
35095,44.289001235733785,4,3,22.67708251086534,5,0.9659529095068111,0,0.0,0
35096,53.57204643304836,3,3,15.240933694948655,2,0.5628335174256665,0,0.0,0
35097,41.25726670109994,4,2,6.080102972800252,5,0.3105287916281425,0,0.0,0
35098,23.644316832687075,2,3,12.514837385481314,3,0.9996441628929624,0,0.0,0
35099,19.27573100815262,5,5,4.99228305363139,2,0.8196345942076854,1,8391.708993430297,1
35100,41.89143803009901,1,6,11.631242697964113,5,1.0003425509139823,0,0.0,0
35101,23.766490177340973,4,2,4.555027041081573,4,0.267593196386819,0,0.0,0
35102,24.052533867917905,2,6,8.674048683269895,4,0.8160455690566197,0,0.0,0
35103,52.592237748893105,3,4,15.214863247010742,1,1.0000303373766983,0,0.0,0
35104,42.27901999096001,2,3,8.287311904427455,3,0.9262855787301204,0,0.0,0
35105,58.84456150117158,3,6,5.601856185853523,4,0.6892298175232419,0,0.0,0
35106,39.030414543417905,3,6,16.472108176689005,7,1.0002385077307048,0,0.0,0
35107,44.75667497879393,3,6,17.15202998008003,7,1.0002861139578654,0,0.0,0
35108,56.93025220788701,3,3,22.46789188935599,7,0.9997536668717746,0,0.0,0
35109,42.9083032803818,4,3,5.191156530493705,5,0.32785714602729865,0,0.0,0
35110,71.94630660438945,5,3,16.245600835085735,6,0.5005098442079394,0,0.0,0
35111,31.154243553010087,1,3,16.553988364616238,6,1.0002427561314657,0,0.0,0
35112,23.06126679483199,4,2,4.59829955424231,7,0.5183755825032204,0,0.0,0
35113,33.71522804947638,2,3,5.302462098236376,6,1.0000017100086223,0,0.0,0
35114,46.28140885741059,6,6,8.405544727145628,7,0.9992952493586489,0,0.0,0
35115,61.370621831534464,5,6,20.00393791385718,1,0.6757494400980399,0,0.0,0
35116,36.16538920922261,4,4,12.083370607908744,2,0.5438230016289307,0,0.0,0
35117,32.82795661364372,3,1,17.834544089052784,1,0.3238133895899256,0,0.0,0
35118,53.79950134235921,2,3,12.860725703781952,7,0.999307562177264,0,0.0,0
35119,21.39752653088299,1,6,6.531663924980349,1,0.9501513484436765,0,0.0,0
35120,46.50272536002474,1,1,3.728385329799872,4,0.9999478228841099,0,0.0,0
35121,27.831408815005666,2,1,6.455076835346073,7,0.2633247493630732,0,0.0,0
35122,74.14955761878433,5,5,21.14145883280289,7,0.5620451736316885,0,0.0,0
35123,49.265949534594,2,4,17.08629808745939,1,0.9449167458054919,0,0.0,0
35124,40.10977323843317,3,1,21.38770946911815,7,0.9995616422582219,0,0.0,0
35125,43.69774305541738,3,3,14.886029775986998,2,1.0007402516254658,0,0.0,0
35126,49.64951866132864,3,4,10.533566785879803,3,1.0006528778231112,0,0.0,0
35127,47.78768606040454,5,4,19.9918423774184,1,1.0000155764688934,0,0.0,0
35128,33.08985608736272,3,2,14.991407330577294,1,1.00042825963979,0,0.0,0
35129,25.387695809151783,4,3,8.018833649874903,4,1.00984040574005,0,0.0,0
35130,36.19298691167781,4,1,20.00121963805234,2,0.7589221701701588,0,0.0,0
35131,53.488568674465185,3,5,17.006661901364232,2,0.9999045498010488,0,0.0,0
35132,29.732263085661046,3,3,5.686991348468872,3,0.9529299488544843,0,0.0,0
35133,35.08418911994099,3,4,19.992470355961476,1,0.9996681139112907,0,0.0,0
35134,51.602696518610585,2,3,8.456718041646342,5,0.49783192220458705,0,0.0,0
35135,52.19080485915515,5,2,12.306299488072888,1,1.0000017013630145,0,0.0,0
35136,58.85673110752536,4,3,15.634359536755092,1,0.1063691281154584,0,0.0,0
35137,46.26123324942961,4,3,7.885129692055646,7,1.000227326099336,0,0.0,0
35138,61.04374443924283,5,4,19.986690570538244,1,0.564546840753948,0,0.0,0
35139,45.38177711283161,3,4,5.98586924000909,7,0.5445278470507511,0,0.0,0
35140,43.97518277154978,4,1,9.820989368419287,2,0.5752138076734413,0,0.0,0
35141,25.67323395886764,3,3,12.136628800039658,2,0.9994341569834464,0,0.0,0
35142,50.59848622932954,1,1,17.415351132619012,6,0.5763427650895365,0,0.0,0
35143,48.83290268086739,3,3,2.4748210500986048,7,1.0001332334930138,0,0.0,0
35144,40.77614015446931,3,6,12.82669889732908,7,1.0000469545760708,0,0.0,0
35145,39.080506129319915,2,1,1.080433285693335,2,0.6091910115998047,0,0.0,0
35146,51.05178364609931,3,3,8.071083981944035,4,0.9996477972366528,0,0.0,0
35147,25.40497850129473,4,6,13.148807350104658,1,1.0146992780655235,0,0.0,0
35148,39.6673700965885,5,2,15.223918691680959,1,0.5707937856358376,0,0.0,0
35149,37.53443952210292,5,5,19.99683214560971,1,0.6167584417765818,0,0.0,0
35150,59.81084280907288,2,6,13.449949521990444,7,1.000022166672525,0,0.0,0
35151,58.90218974175856,5,1,8.42867804735322,6,0.0,0,0.0,0
35152,37.243273349833075,1,5,12.74316597684981,6,0.530902715156868,0,0.0,0
35153,37.43755978469803,2,3,12.191746362197026,2,1.0000661040816694,0,0.0,0
35154,16.695284524695158,3,4,12.632570511887035,0,0.34759268329384146,0,0.0,0
35155,37.87777319394582,3,6,19.076644251008553,7,0.9997363508752073,0,0.0,0
35156,55.18986902834804,4,6,12.892418372018861,6,0.3170927075634486,0,0.0,0
35157,54.68022770807996,1,3,7.669019887994121,7,0.9992235386617236,0,0.0,0
35158,31.250716536416423,2,3,10.083870610599682,2,0.34843332020417184,0,0.0,0
35159,43.391485798426615,2,4,20.004902100201924,1,0.0,0,0.0,0
35160,56.15000387964548,3,1,19.03150229710161,7,0.9996224863352572,0,0.0,0
35161,50.68725273012083,3,3,22.608366132003816,7,1.0004361331537526,0,0.0,0
35162,45.54563729378132,3,3,5.628940250215974,3,0.4723751413112315,0,0.0,0
35163,36.294326677412535,2,3,14.508135177913394,1,0.23939437067268327,0,0.0,0
35164,26.64888395853142,2,3,7.446763555827653,7,0.9999249548498255,0,0.0,0
35165,56.64114401701866,3,6,14.566023270359874,4,0.22718801270993433,0,0.0,0
35166,0.0,2,3,8.314103497030269,4,0.9758537417357118,0,0.0,0
35167,77.3183140526564,3,1,18.109079895651085,7,0.9349563155449476,0,0.0,0
35168,62.16786186334656,5,2,3.300050979509984,3,0.7387519297773966,0,0.0,0
35169,58.663986050075934,5,2,17.98474978978285,4,0.97603947929617,0,0.0,0
35170,51.656507325568654,1,4,7.997124763388949,6,0.43952944929199717,0,0.0,0
35171,48.73964768675638,1,1,6.709143042647049,7,0.754389003111364,0,0.0,0
35172,44.990868579371636,4,1,9.62376983516846,6,0.5259658853627647,0,0.0,0
35173,43.82996286691131,2,6,14.084256403547872,7,0.47894876242103845,0,0.0,0
35174,26.67809490374427,3,3,13.07307925690645,3,0.49052033810402795,0,0.0,0
35175,44.34808637236057,2,2,9.072375520319177,7,0.8025785583842576,0,0.0,0
35176,27.48462789364163,4,2,6.261002118486048,6,0.254856977396131,0,0.0,0
35177,53.458447952851095,2,3,13.203149159500219,2,0.47085461564367914,0,0.0,0
35178,25.505961152645902,3,6,4.368376219624829,2,0.4154060765990877,0,0.0,0
35179,57.14602451337283,3,6,14.260267511167012,6,0.7586186931583941,0,0.0,0
35180,25.21587499724792,2,1,16.816675953877397,3,0.49894699098700224,0,0.0,0
35181,51.45365578574466,2,6,7.753868742116097,6,0.41176623479285746,0,0.0,0
35182,52.98346192239807,2,6,18.10689272759855,3,0.1514709782284448,0,0.0,0
35183,42.44616592464199,1,6,12.27190416255613,7,0.7465523987572648,0,0.0,0
35184,50.49164715213062,3,6,10.684867221154848,6,1.1177470483635619,0,0.0,0
35185,54.46677279885273,2,5,8.548450402916954,7,1.000520613486014,0,0.0,0
35186,28.885588094605577,4,6,11.852849951048155,3,1.0001788160535252,0,0.0,0
35187,63.47163109603974,3,5,16.282278138906964,3,0.4941506174169122,0,0.0,0
35188,22.689406747689752,6,5,13.376725075655532,3,1.0000936651204557,0,0.0,0
35189,21.9813292037683,0,6,5.594380995717933,3,0.621531450709796,0,0.0,0
35190,51.96421079175632,2,5,20.000080286524664,1,0.5576648878053756,0,0.0,0
35191,39.77704819751302,3,1,14.290401765706887,1,0.9996918409525515,0,0.0,0
35192,26.598905091697574,4,1,17.230373817086193,1,0.9057929723390769,0,0.0,0
35193,48.73391442996863,2,2,7.15004041073399,2,0.25899233985628906,0,0.0,0
35194,36.819060250420954,3,2,12.314708041963346,3,0.5129769364262686,0,0.0,0
35195,45.264237678037624,1,1,18.157546412116545,7,0.3381116658604008,0,0.0,0
35196,29.679350962226096,3,1,0.0,3,0.5001678988865412,0,0.0,0
35197,60.091619906237554,3,3,14.476512931580174,2,0.5302637631972094,0,0.0,0
35198,33.77012552337001,3,6,14.621274008131675,6,0.7245753597463954,0,0.0,0
35199,26.175858178268037,2,3,7.23154053226795,2,1.0002500028393908,0,0.0,0
35200,50.13204920801775,3,2,11.729313695899231,4,0.6356819468017728,0,0.0,0
35201,22.941783498119214,4,6,3.64651672595772,2,0.18270593617594655,0,0.0,0
35202,52.15394869467533,4,3,7.259663688142497,6,1.0000216071770325,0,0.0,0
35203,33.650673818702195,3,3,11.1151350319686,2,0.9998876918264574,0,0.0,0
35204,38.793440964183176,2,3,19.41259806802288,4,0.3308091616287046,0,0.0,0
35205,41.76232983989971,3,6,15.487626726804848,2,0.6922835232664828,0,0.0,0
35206,53.58885379891898,2,2,3.1889002506160056,7,0.9997674922145289,0,0.0,0
35207,39.97152766733674,2,2,20.00196850451998,1,0.999934484057802,0,0.0,0
35208,40.53292988696265,2,3,8.205193220820638,7,0.9813898555959379,0,0.0,0
35209,39.47461117590659,1,2,3.4742988234974135,7,0.9996100809464636,0,0.0,0
35210,44.54143195911534,2,1,14.71430839649946,7,1.0001695384149332,0,0.0,0
35211,34.958336158812315,2,2,14.328473409507758,7,0.9999432330386475,0,0.0,0
35212,26.431953844704573,2,6,5.637965031584324,1,0.23948460191520848,0,0.0,0
35213,61.35546523821653,2,5,15.65627341894174,1,0.6437561740634243,0,0.0,0
35214,64.54121727203109,5,6,11.291259381577023,3,0.4338093324668902,0,0.0,0
35215,38.87991796145298,4,1,13.610026018256574,3,0.9997811430391561,0,0.0,0
35216,40.72011232492149,3,5,2.3967243004850403,3,0.9544147502725417,0,0.0,0
35217,38.156151846538634,3,5,2.562608029450649,7,0.9343906894415317,0,0.0,0
35218,33.78322280157661,5,1,14.488802125050775,7,0.4778354901156631,0,0.0,0
35219,33.27041540916616,3,6,9.959612655361775,3,0.999873559711443,0,0.0,0
35220,24.73997389723998,2,2,13.330436975371326,5,0.1924933184798957,0,0.0,0
35221,65.0113725771109,2,4,19.990092297593854,3,0.500949186765224,0,0.0,0
35222,42.74177000088351,3,2,9.850864133617213,6,0.845000621968366,0,0.0,0
35223,36.80571239976436,3,1,13.786876584457334,1,0.45405572902185115,0,0.0,0
35224,24.90320934614821,3,7,0.5966059968051081,0,7.051132478719246e-05,0,0.0,0
35225,49.745446644609736,3,3,14.662979935677999,3,1.0003176339669917,0,0.0,0
35226,60.131219053077615,1,2,9.71241562953703,7,0.548107964131182,0,0.0,0
35227,37.930230878067825,5,1,19.996986376101958,1,0.9998384856355301,0,0.0,0
35228,23.480966027283813,3,6,8.064397753654461,2,0.0,0,0.0,0
35229,24.81120363638033,0,1,5.627379230327992,0,0.5000569754551862,0,0.0,0
35230,60.61780563044242,3,1,18.859598335675855,4,0.9751552609963569,0,0.0,0
35231,68.28618660169181,3,6,16.037667624626373,7,0.48842819925075087,0,0.0,0
35232,53.762179702930325,2,3,15.13040952513111,4,0.49494753671890546,0,0.0,0
35233,44.40030610991023,2,3,14.371215144355515,4,1.000173388641346,0,0.0,0
35234,60.363115801272,2,3,6.844398901612688,7,1.0034308868333692,0,0.0,0
35235,37.941171712028684,1,4,16.216701198297905,2,0.37267533807372755,0,0.0,0
35236,28.520020030942764,3,6,10.366134450828316,1,0.9702405879605648,0,0.0,0
35237,42.30522510647587,2,2,14.905191271755037,7,0.5522543782566331,0,0.0,0
35238,34.5183274754404,4,3,8.121776078932843,3,0.4284212038089407,0,0.0,0
35239,45.0642056785995,1,3,11.911480479437435,7,1.00030156245942,0,0.0,0
35240,49.97419623946735,3,3,13.187936640928564,3,0.9997493341164514,0,0.0,0
35241,45.325921497028204,4,4,19.992988743956914,7,1.0003190771966743,0,0.0,0
35242,34.82803852397021,1,5,8.75292318334614,5,0.0,0,0.0,0
35243,53.32479282881388,2,6,17.685456922115904,3,0.2997525997408084,0,0.0,0
35244,22.71622175692291,2,6,6.900574199242931,3,0.3036517403905229,0,0.0,0
35245,26.867914991228677,1,5,1.0787522154919476,1,0.5440495546595774,0,0.0,0
35246,22.97013738731494,4,6,16.572011107064334,6,0.3998052767719655,0,0.0,0
35247,57.480112538501245,3,7,16.631596385883505,2,1.0000021409270508,0,0.0,0
35248,39.579479765914805,3,4,20.004414627072762,5,0.498217383566377,0,0.0,0
35249,37.01751193476464,3,0,21.61858183817317,7,0.9474235900173468,0,0.0,0
35250,44.596991885655136,6,3,5.11145603904087,2,0.47661505309598384,0,0.0,0
35251,34.52405679698994,5,6,9.464448615363287,6,0.8108764055863261,0,0.0,0
35252,36.17050819322608,3,3,15.428170660859779,3,0.2512046203359397,0,0.0,0
35253,35.57178009881407,4,6,4.643441559849419,7,0.9999412418625395,0,0.0,0
35254,40.906100763639245,3,3,12.715787477285978,0,0.19123223907590625,0,0.0,0
35255,44.414789612238785,2,1,4.831226245112572,1,0.32124917305745315,0,0.0,0
35256,35.44328338847029,3,6,18.307393241187306,3,1.000573195733936,0,0.0,0
35257,49.351146962246155,2,1,6.567322463810375,2,0.4976390018997727,0,0.0,0
35258,20.71154277125419,4,5,9.909982734045853,3,0.0,0,0.0,0
35259,39.95187951856474,3,2,7.294996959781619,7,0.9999987998962988,0,0.0,0
35260,52.431575404008214,5,3,9.120880257833829,7,0.0,0,0.0,0
35261,67.2888482004295,2,3,15.448837218768038,3,0.49818389693684084,0,0.0,0
35262,38.269411429080954,3,3,9.218865652335696,6,1.0002396393596773,0,0.0,0
35263,65.50100560707048,3,4,20.0006628432593,7,0.6942590367268421,0,0.0,0
35264,45.43794548962653,2,1,17.504140576065048,1,1.0000798048041177,0,0.0,0
35265,60.518612762844924,3,7,4.731844504503636,6,0.5606692649492218,0,0.0,0
35266,41.569125115257485,1,1,13.062339731768501,0,0.20090191654756523,0,0.0,0
35267,40.96586189402535,4,1,12.705924490549343,7,0.9880980680415532,0,0.0,0
35268,54.835913624493735,0,6,11.061706869350639,2,0.13137170125683317,0,0.0,0
35269,62.388126643455834,6,3,4.210047146522555,1,0.21682719017987523,0,0.0,0
35270,22.968989091309385,6,3,8.290983153918738,0,0.13479994965099584,0,0.0,0
35271,24.649753402933754,3,1,7.094864060935158,0,0.5038668672385437,0,0.0,0
35272,44.50434881637109,3,5,8.215269434691493,7,0.9629285638470286,0,0.0,0
35273,22.82133247901747,4,1,13.697745741742102,1,0.8951636192308398,0,0.0,0
35274,56.086182846852594,2,5,12.38147480151937,5,0.5040939967637611,0,0.0,0
35275,52.481808445662665,4,6,21.592381946820502,7,1.0165436271207946,0,0.0,0
35276,75.44165040208227,3,3,7.954094342419591,2,0.4974651729371323,0,0.0,0
35277,42.00552933958372,4,4,8.44707164493666,7,0.0,0,0.0,0
35278,40.405023443379555,3,7,2.1761331177647136,1,0.5909531653051091,0,0.0,0
35279,43.83988898865787,1,3,16.222541238304157,1,1.0006386061239934,0,0.0,0
35280,42.692248508112854,4,3,7.790395338385137,2,0.9025319395310056,0,0.0,0
35281,45.49705499259535,3,4,7.402173703557965,7,0.65780887399034,0,0.0,0
35282,43.87108782436304,3,3,7.5205293474590915,4,0.49926633505961865,0,0.0,0
35283,18.317291043869762,4,4,5.569232608241621,2,0.17376697156024024,0,0.0,0
35284,74.74560790993088,3,4,1.9706557071398496,1,0.7083500739749772,0,0.0,0
35285,71.57881189145614,4,3,1.665305010758951,4,0.5004753882115024,0,0.0,0
35286,40.035140336006414,5,3,6.259842106817633,3,1.0000990180471547,0,0.0,0
35287,53.07398463602787,1,6,7.164169192048185,7,0.9999723767052888,0,0.0,0
35288,54.168761947494104,5,6,6.160349321147798,7,0.9999373298096579,0,0.0,0
35289,52.113619182517006,4,2,4.644287597057469,7,0.265115077882667,0,0.0,0
35290,32.56678970473031,4,5,0.0,3,0.0,0,0.0,0
35291,44.95122660864133,2,3,6.577828581365429,4,0.5498825782901331,0,0.0,0
35292,43.761963015836734,4,3,18.39279241777546,1,0.999925934630965,0,0.0,0
35293,21.259489035869088,3,2,11.673035048783813,1,0.29626573826592123,0,0.0,0
35294,14.82440029676583,4,5,15.786826289696593,1,0.6970138463366584,0,0.0,0
35295,64.61522852750859,3,5,10.970961884697454,5,0.5005875300074769,0,0.0,0
35296,54.63579484427181,3,1,8.777096325385807,7,1.0004547401917288,0,0.0,0
35297,28.37294167983686,4,7,6.226047123908463,6,0.8757285782664472,0,0.0,0
35298,26.201147359815792,2,2,2.662598436605272,6,0.17751540954483325,0,0.0,0
35299,57.29441572167748,4,5,11.616677741405477,1,0.7892139490309892,0,0.0,0
35300,10.925456637529376,2,1,11.664728176170001,3,0.5004229578165408,0,0.0,0
35301,47.44570742890133,3,4,20.002417479106562,7,0.999824345300437,0,0.0,0
35302,40.982665222087064,1,4,3.542011649278564,1,0.3042167977995955,0,0.0,0
35303,49.48637204872842,3,4,8.185673222229983,1,1.0281734683857535,0,0.0,0
35304,51.497225745012585,3,3,13.670610111973406,6,0.9989536804457169,0,0.0,0
35305,46.38668622116424,3,4,6.771069360109179,7,0.42526322503790476,0,0.0,0
35306,48.14715617622702,4,6,19.33970304254246,7,1.0000988385632863,0,0.0,0
35307,59.23718463395515,4,1,9.071131897008678,7,0.9546955437044438,0,0.0,0
35308,33.85648095381206,4,6,16.407558620757335,4,0.7283588707866159,0,0.0,0
35309,40.89468844950638,3,1,23.381161822160756,7,1.0000689906529598,0,0.0,0
35310,40.35750083658531,1,3,19.040419352695512,7,0.36004027907865205,0,0.0,0
35311,57.742114387464795,4,1,14.959076075292671,4,1.0003070931300817,0,0.0,0
35312,41.2487883254172,2,4,20.00354444494957,1,1.000720542608305,0,0.0,0
35313,41.16170468328419,3,5,13.931328264700447,7,1.0001094303007663,0,0.0,0
35314,35.927597604046525,3,6,14.695543417892534,1,1.0135453649005346,0,0.0,0
35315,31.329740130158747,1,2,4.528487884449712,7,1.0001201620428466,0,0.0,0
35316,19.550053707298996,3,2,12.273263472738998,2,0.03372876995564322,0,0.0,0
35317,53.70726244758097,4,3,16.23877293402654,7,1.0001673958093031,0,0.0,0
35318,20.880589548724306,3,4,20.006650671678507,1,1.000657166641888,0,0.0,0
35319,43.89993969172015,0,3,4.614668161724575,2,0.9643474437844404,0,0.0,0
35320,50.25352445251215,3,3,3.2113585518803527,3,0.9999906016756079,0,0.0,0
35321,46.60457969186062,3,3,9.2059881914475,5,0.948009826753693,0,0.0,0
35322,39.938110850403504,4,3,9.863157397275648,3,0.49927084174600866,0,0.0,0
35323,38.9857265955591,3,1,4.510935268432186,2,0.9997388960243809,0,0.0,0
35324,54.05677563038917,4,4,19.99462529857871,7,0.3355314133585611,0,0.0,0
35325,39.5837834532315,2,3,7.345284940403143,5,1.0000217578365982,0,0.0,0
35326,35.46726202150846,3,3,9.721517253721036,6,0.9995734947100732,0,0.0,0
35327,45.19341769795296,1,4,14.082624114623957,5,0.6967873241079598,0,0.0,0
35328,49.19495103340857,1,2,8.14634151881658,6,0.7636661588378453,0,0.0,0
35329,25.016669704306963,2,2,8.555533368814066,2,0.07139968503961525,0,0.0,0
35330,46.63547539069868,3,1,13.71598515126254,3,0.4943308460515071,0,0.0,0
35331,59.41691771244881,3,3,1.659136548935658,3,1.0007563507919672,0,0.0,0
35332,42.71676501318763,5,3,9.826691267792587,5,0.9994115149446591,0,0.0,0
35333,53.12278509922707,3,6,19.268379435146763,4,0.5594762819421755,0,0.0,0
35334,25.69815125363121,3,3,1.5550865336976543,0,0.9144404817048618,0,0.0,0
35335,45.009352593074034,4,3,2.6793272884532566,7,0.9990184372601089,0,0.0,0
35336,55.95854200554065,2,1,5.517425966015725,4,1.0005025047214442,0,0.0,0
35337,34.487616680173836,3,2,0.0,7,0.37471406012412584,0,0.0,0
35338,34.10625059448512,2,1,9.112964898065858,2,0.9999931375251478,0,0.0,0
35339,59.88697364517516,2,3,0.0,7,0.9998156983927904,0,0.0,0
35340,53.65026108614832,2,3,19.47105499181892,7,0.9997139945154175,0,0.0,0
35341,35.459000373832474,2,2,10.358069433450357,7,1.0000290030652157,0,0.0,0
35342,77.8882594351022,3,4,20.001232875946037,7,0.9998404961617837,0,0.0,0
35343,52.71812978585747,3,1,10.866095983761673,7,1.0001567183097557,0,0.0,0
35344,33.97935663984221,6,2,12.15032180028744,6,0.5658580158046795,0,0.0,0
35345,35.16509386521669,1,1,8.051909303048287,4,0.9614575017634978,0,0.0,0
35346,46.317803070467015,3,3,5.9348685250491355,1,0.999922444650947,0,0.0,0
35347,30.049076708647608,3,1,12.656541635703626,6,0.9999277984950075,0,0.0,0
35348,51.20835889310443,2,2,3.902484102610547,7,0.2633368477123914,0,0.0,0
35349,40.82643209552108,3,6,1.8442631773241764,2,0.4702407576569031,0,0.0,0
35350,59.53621916249388,5,1,4.077115156165093,1,0.36694806727572216,0,0.0,0
35351,39.92504581050489,4,3,13.62003689597822,7,0.999938841310231,0,0.0,0
35352,46.69186164673066,3,3,18.482409200221966,7,0.9994701508284716,0,0.0,0
35353,38.88480178412978,2,1,1.7469495428447743,0,0.5372962972811248,0,0.0,0
35354,50.59394360811757,2,3,5.580775473895699,7,1.0004544189464073,0,0.0,0
35355,49.38384437988451,3,2,8.25252618306674,7,0.9996033287490165,0,0.0,0
35356,23.34089177095526,4,4,20.006439437668917,1,0.09485574846586786,0,0.0,0
35357,52.965797451654325,3,1,2.841093423878318,2,0.7250448896273873,0,0.0,0
35358,35.27140837717655,3,1,12.773220096580088,7,0.9996503901496306,0,0.0,0
35359,44.55183009974428,4,1,10.461691655811563,1,0.7617900275650773,0,0.0,0
35360,35.791551747880135,4,1,2.42325248577165,2,0.1687850372834807,0,0.0,0
35361,32.05500978837228,3,2,21.814445308589566,7,0.9999261305462557,0,0.0,0
35362,55.76649866892603,1,4,20.0015101887566,7,0.31107372957899215,0,0.0,0
35363,65.14214372916612,2,3,8.896629801300943,5,0.5051615559217147,0,0.0,0
35364,41.17542151959771,5,5,20.003219522507717,1,0.1677444201857894,0,0.0,0
35365,34.6785912638695,3,3,4.193367109615694,3,0.3750922232563588,0,0.0,0
35366,25.97729779064217,1,2,10.37991207925512,4,0.04501764184301982,0,0.0,0
35367,37.93241195652376,3,2,6.642257436909652,7,0.9995393116470468,0,0.0,0
35368,24.961833525880202,4,2,10.69759793978466,3,0.18669611124755414,0,0.0,0
35369,38.20161468414696,2,6,15.735821721139587,0,0.4151230295225093,0,0.0,0
35370,50.19459846209212,5,3,12.646062114957463,5,0.4228243475213865,0,0.0,0
35371,42.472336050846295,3,2,13.461452081421196,7,1.0005259398348565,0,0.0,0
35372,43.043091716752336,6,1,7.495149528310952,7,0.979731941308829,0,0.0,0
35373,46.36769854531297,4,4,5.960904743990207,4,0.6799549844452298,0,0.0,0
35374,37.27156182263494,3,4,10.23054458630202,2,0.13569617593944094,0,0.0,0
35375,30.613736435533617,5,1,15.27461804158121,7,0.34811726528121545,0,0.0,0
35376,29.28248585266717,4,6,12.257486658674864,7,0.6414053941387741,0,0.0,0
35377,63.55796740523971,3,4,20.01182218689693,1,0.5326193830217492,0,0.0,0
35378,38.69436027207897,3,3,4.161163324068391,5,0.49194094707458813,0,0.0,0
35379,31.218897196225065,4,5,2.872501558590672,1,0.6025914169639582,0,0.0,0
35380,50.4602864153687,1,3,13.996921466252351,4,0.5011703016241783,0,0.0,0
35381,46.71922705630425,3,3,10.631509078031133,3,1.0000116097705916,0,0.0,0
35382,57.75554420684676,6,4,13.145987161242154,3,0.6800679081568628,0,0.0,0
35383,63.094763211116685,2,2,8.089430055043344,7,0.9372126626664962,0,0.0,0
35384,47.9226195951764,4,3,14.22741441172342,2,0.9999529328731853,0,0.0,0
35385,48.305838387192146,3,1,12.119917744565464,7,0.9996848561458049,0,0.0,0
35386,49.4563033281396,4,3,7.808125278962638,7,0.3304926509503145,0,0.0,0
35387,54.83499342031004,3,3,9.339457504389689,7,1.085224105977744,1,260.4345830589876,1
35388,58.188639208590075,2,3,11.249894059816787,0,0.5016054501247335,0,0.0,0
35389,50.11331356667833,5,6,18.198168308660954,1,0.9918086536531008,0,0.0,0
35390,59.759406603246404,3,5,1.7402828199910072,3,0.27602313063947054,0,0.0,0
35391,55.999723294248014,3,2,10.609273749775982,7,0.9998379226066344,0,0.0,0
35392,36.03766289330112,1,4,10.588948959725377,5,0.5100795484335879,0,0.0,0
35393,46.84940557421562,4,6,5.5004600147647,3,0.5914090869417101,0,0.0,0
35394,51.58402801580524,2,1,19.9904556270981,5,0.6842392900083101,0,0.0,0
35395,45.28503657409147,5,1,15.624091551779745,4,0.9459772383184337,0,0.0,0
35396,17.520172663693035,2,5,20.7995332028907,1,0.0,0,0.0,0
35397,45.117036659196,0,2,13.859157993126988,1,0.4294391184439434,0,0.0,0
35398,52.72340877693226,5,2,12.690500542637086,7,0.999838750587867,0,0.0,0
35399,40.20422241688369,4,4,20.003268861722837,1,0.558587782029894,0,0.0,0
35400,70.05026192180415,4,3,8.09227941206011,4,0.49727333884874625,0,0.0,0
35401,25.71488195538885,3,6,11.625995812327664,4,0.9995967185458063,0,0.0,0
35402,16.947791331259346,1,1,7.172636909606938,4,0.9996119632778377,0,0.0,0
35403,40.21475379638654,4,2,6.94668853322506,7,0.9998450135026123,0,0.0,0
35404,34.7874235216968,3,5,7.853303893449143,5,0.9511899660184877,0,0.0,0
35405,39.1757096033284,3,5,9.671330705288938,7,0.9998057946984676,0,0.0,0
35406,31.512768240963617,3,7,1.1379658390082241,6,0.0002355466674730522,0,0.0,0
35407,50.57486499994037,4,2,19.996597245898943,1,0.29504354910745073,0,0.0,0
35408,41.00171540937433,3,7,18.773395283447357,4,0.8771750666171201,0,0.0,0
35409,48.32775664253031,4,3,8.470081503369768,4,0.6411125363789586,0,0.0,0
35410,14.220960668765692,1,4,12.933717390726422,3,0.20936272784312648,0,0.0,0
35411,39.83081923458339,2,1,20.000408150598126,3,0.3136071424240262,0,0.0,0
35412,43.77761842679956,6,2,14.129753343537477,2,0.7730970921201177,0,0.0,0
35413,56.167149002194776,3,6,16.092731585837466,4,0.0928440390221128,0,0.0,0
35414,57.8065016863985,1,5,5.515648674062335,4,0.1670773503436196,0,0.0,0
35415,42.268914734318614,4,6,12.664273494667981,1,1.0128298291211602,0,0.0,0
35416,48.53178952620156,2,1,4.961000252321433,3,0.9999478713681436,0,0.0,0
35417,34.48914336088165,1,1,3.2829170454771246,7,0.9998655951229607,0,0.0,0
35418,41.42797831261574,3,4,19.99277273723573,4,0.999239588416232,0,0.0,0
35419,37.052827998902906,3,1,8.835796319552943,7,1.0002993764927561,0,0.0,0
35420,30.97826904059322,2,4,15.246432272386818,2,0.3435056055470881,0,0.0,0
35421,20.41824466769391,4,6,15.473707499169123,3,0.6328973405077111,0,0.0,0
35422,58.560880331877,3,3,18.022544823185576,2,1.000124532008007,0,0.0,0
35423,44.93507409432927,1,3,5.806772085583069,4,0.9360892971778345,0,0.0,0
35424,44.302790245043646,3,2,12.13507911205259,7,0.9998315424454471,0,0.0,0
35425,62.74039027860863,4,3,19.417480815973367,7,1.0001472523611108,0,0.0,0
35426,31.41253910009986,4,3,21.920252062694356,2,0.9992877914960663,0,0.0,0
35427,16.557578188665605,1,3,1.2959141654778925,2,0.4001695777145305,0,0.0,0
35428,60.04384880924164,2,6,11.748675174824315,2,0.09671058111060271,0,0.0,0
35429,44.91343619488343,1,3,10.155868665117264,7,0.9999323607510123,0,0.0,0
35430,71.49584297225998,3,2,18.402384262939236,1,0.9997625018454814,0,0.0,0
35431,53.2223338153924,1,3,12.568984929892675,3,0.9235882746673172,0,0.0,0
35432,58.561077129340816,3,3,15.051129273335992,6,0.9996223186344031,0,0.0,0
35433,40.69384262753421,2,3,5.864848836295455,3,0.1827641397382106,0,0.0,0
35434,38.80860745177745,3,3,20.696682267056808,5,0.5042871512372217,0,0.0,0
35435,28.81771873517323,3,5,17.620029735554184,7,0.650000746086103,0,0.0,0
35436,34.31635170662524,3,1,19.559550087352598,7,0.333399447967037,0,0.0,0
35437,15.81319543709898,4,1,10.98373378711108,5,0.6700082322947929,0,0.0,0
35438,32.42542385891386,3,5,10.911105953761467,1,0.33863795192746726,0,0.0,0
35439,34.723804097665216,0,3,0.0,7,0.2255415476221463,0,0.0,0
35440,27.55103228949205,1,3,8.171930452476213,3,0.9253162253633695,0,0.0,0
35441,24.440019731400415,4,5,17.938549144548524,3,1.0006041450432082,0,0.0,0
35442,36.041331875734436,2,4,20.003338861814832,4,0.9996258790250168,0,0.0,0
35443,30.686589247054716,4,3,9.619581828943598,7,0.9996854357110211,0,0.0,0
35444,41.71786544377385,3,1,2.7216234409185933,7,0.9996655078229117,0,0.0,0
35445,48.503484177335245,1,4,11.498185407218063,6,0.4772793950281131,0,0.0,0
35446,26.050564718770968,4,4,14.686775648342547,7,0.49217304070292267,0,0.0,0
35447,45.38345097599702,6,6,13.463134634926778,1,0.49277661473865075,0,0.0,0
35448,36.723385412631664,5,1,8.357124566463332,7,0.5104336020073854,0,0.0,0
35449,26.004946149733378,1,6,11.497263295646857,1,0.26746181284553716,0,0.0,0
35450,58.30379890498523,2,6,0.0,7,1.0003501816568208,0,0.0,0
35451,48.604605894734014,0,1,20.00348574057334,5,0.2387900921266487,0,0.0,0
35452,53.717486596799375,3,6,16.741386545366485,6,0.5382554555279062,0,0.0,0
35453,22.03929936588651,2,6,9.587877236074789,4,0.6773035760277175,0,0.0,0
35454,68.2883230419263,0,6,7.469970838849276,7,0.9999036668301716,0,0.0,0
35455,28.585476765026147,3,6,15.923179726154963,4,0.5235619524968322,0,0.0,0
35456,42.95967901667875,3,6,12.163931548514263,7,1.000027935743502,0,0.0,0
35457,48.997631232757676,3,1,15.493402813900751,0,0.9900975231569207,0,0.0,0
35458,21.659938728585452,3,6,0.0,3,0.6556570476576465,0,0.0,0
35459,49.76530122309392,1,3,10.795484380444684,6,0.5011644920649311,0,0.0,0
35460,49.97485777791236,5,3,15.529265235116458,4,0.4987229222119144,0,0.0,0
35461,50.15327386661295,1,2,14.99894495383182,1,0.3791248167082214,0,0.0,0
35462,1.1967084046733802,1,6,17.087924020963207,2,0.0891713348690768,0,0.0,0
35463,28.751203947435997,4,4,3.3322701784343973,7,0.6712041222581117,0,0.0,0
35464,53.91099352688741,1,3,9.321638793489617,4,0.977296160148155,0,0.0,0
35465,59.717177721589835,0,6,21.43819655514892,7,1.0001333751724868,0,0.0,0
35466,50.63617722807335,4,6,14.662248653076256,7,0.39469673948760947,0,0.0,0
35467,45.39353994133275,3,3,13.680333077788838,2,1.0005776693959767,0,0.0,0
35468,36.74188743636801,3,3,19.472728145170127,1,0.9354136339023251,0,0.0,0
35469,36.974137964276196,2,2,12.384609729534308,7,0.9998685541120191,0,0.0,0
35470,41.42653939132733,4,2,1.6513575692476756,7,0.1854002416013799,0,0.0,0
35471,42.429768556478436,4,3,10.164613955803672,2,1.0002082977466815,0,0.0,0
35472,55.32315385987677,3,3,14.043233075432846,4,0.44952850857520854,0,0.0,0
35473,40.19156033195027,1,5,17.253930210200714,1,0.4862001041483647,0,0.0,0
35474,40.646353272814785,3,1,19.989906889958387,1,0.2006914246117814,0,0.0,0
35475,63.56227750778263,2,5,12.141280851253729,7,1.0002548099835797,0,0.0,0
35476,45.060933272239204,3,7,19.999989612212246,1,0.9994839955011352,0,0.0,0
35477,49.83514980352162,3,3,18.855082247056774,7,0.9742234923856474,0,0.0,0
35478,45.54603901743921,2,4,17.993690564913162,3,0.7143697294527073,0,0.0,0
35479,42.99630788596477,3,5,17.88520102083348,2,1.0009800531803432,0,0.0,0
35480,30.885543711167294,5,1,12.831248945048214,1,0.999923224664291,0,0.0,0
35481,61.946702867105046,1,6,14.941887454604423,4,0.4342728907605197,0,0.0,0
35482,49.25127059854987,2,2,7.228717719407689,3,0.4156510424845553,0,0.0,0
35483,39.6361737586743,4,3,13.774828015195247,1,0.9995421347330551,0,0.0,0
35484,29.130996327379997,3,3,14.027680638504656,2,0.5059881291175,0,0.0,0
35485,37.02830199710988,2,1,4.944396778904897,4,0.28901144177409105,0,0.0,0
35486,14.90149062518352,3,4,9.794783296106944,4,0.0,0,0.0,0
35487,49.71388291366986,3,5,11.522011337267001,7,1.0002625879370846,0,0.0,0
35488,28.874001248078265,4,4,9.760102754097357,4,0.22902395110297008,0,0.0,0
35489,45.572735494366384,3,3,11.1478504845635,3,0.38107037274663313,0,0.0,0
35490,52.131339736705335,2,1,2.900253017488877,7,0.9663601749968634,0,0.0,0
35491,52.20035639047578,6,1,12.53285852343878,0,0.3204413800150456,0,0.0,0
35492,27.33102680128069,2,1,3.260356324049841,4,0.8662701208805763,0,0.0,0
35493,28.349072298655585,4,3,4.121319081913288,3,0.910628916428754,0,0.0,0
35494,10.485906539484763,3,3,12.94010142310566,5,0.34581171353739676,0,0.0,0
35495,51.518893619597314,2,2,14.434979789344558,4,0.29932423479856646,0,0.0,0
35496,61.38204341822561,4,5,9.228886522165409,7,0.6046609935209043,0,0.0,0
35497,32.20882059667804,3,6,4.970392826131376,6,0.4455578224518364,0,0.0,0
35498,52.05410665422861,2,6,15.730091369337593,3,0.9997308454896077,0,0.0,0
35499,31.24630362882509,4,5,8.956171503331955,7,1.0006816006130268,0,0.0,0
35500,40.57214971631902,2,6,11.756052759988439,4,0.9999218887909187,0,0.0,0
35501,40.6005129445855,2,2,19.99932704521405,1,0.9996002133998284,0,0.0,0
35502,46.37636382741245,3,3,8.319981999976385,2,0.08527504555580478,0,0.0,0
35503,60.67555635322181,4,1,14.37659813017872,7,1.0001632068769426,0,0.0,0
35504,24.04386126505438,4,1,12.59105731733609,3,1.0002305849914905,0,0.0,0
35505,46.30642999891095,3,2,17.16998957393594,5,0.6421981631779755,0,0.0,0
35506,44.424512242129325,2,1,12.049187750234864,2,0.49547745376072344,0,0.0,0
35507,45.59026951731733,3,6,15.386430595888342,1,0.630340706619387,0,0.0,0
35508,46.57797036303731,3,5,18.376238120123126,6,0.5765613954629939,0,0.0,0
35509,34.651589153510315,4,3,11.551849134723197,0,1.0007820258970015,0,0.0,0
35510,38.582305017558284,3,1,8.22568623754147,5,0.4962912410480925,0,0.0,0
35511,53.78287329890005,6,1,18.86716038124927,7,0.9991191507685901,0,0.0,0
35512,21.59644134225109,5,2,3.5871235914558675,5,0.2426186471399513,0,0.0,0
35513,46.95195642059166,6,1,20.005633570232625,4,0.24294566749047236,0,0.0,0
35514,49.24783507936306,3,2,13.719987787422031,3,0.9385009722842648,0,0.0,0
35515,27.049735633609796,5,2,7.985282159928415,2,0.29512363867453933,0,0.0,0
35516,62.065164509452146,5,4,6.5030678855086785,1,0.9785559123884795,0,0.0,0
35517,42.47185174370387,1,3,5.448214744499558,2,0.46894651238362084,0,0.0,0
35518,49.84785504617359,2,2,13.092554193936179,1,0.7873182719491327,0,0.0,0
35519,51.73046213317465,2,6,9.6858450454566,6,0.6811668501141952,0,0.0,0
35520,62.58018260961914,4,2,7.389595933712507,7,0.9996317338357773,0,0.0,0
35521,25.552288616750722,3,5,11.46736411124739,1,0.6333180697750845,0,0.0,0
35522,42.067826599370946,5,3,0.08448280741550107,7,0.9996351256949786,0,0.0,0
35523,56.063098312794665,2,4,20.002358713776957,7,0.9997182454519493,0,0.0,0
35524,54.129266555281234,3,3,19.99102743001631,6,0.5189809730214382,0,0.0,0
35525,74.74856636083298,2,3,7.052760805489015,7,1.0001801472243506,0,0.0,0
35526,58.18138194153461,3,3,19.995703695118777,1,1.0003231753704735,0,0.0,0
35527,31.793981576902127,3,3,0.0,2,0.27312150643011507,0,0.0,0
35528,36.57861341781135,4,6,15.194721465707158,5,0.3860390723187233,0,0.0,0
35529,48.1780832095491,4,4,4.38077567465727,6,0.39611848023679114,0,0.0,0
35530,35.50184583701399,2,3,12.768126798277692,1,0.9999743456759855,0,0.0,0
35531,27.431483568868543,2,1,20.006314872936642,5,1.0008038751760215,0,0.0,0
35532,44.97049411628925,1,5,7.093429066306483,7,0.739551439109606,0,0.0,0
35533,34.76885640302502,5,1,0.0,2,0.6481489235094999,0,0.0,0
35534,54.09231340283439,2,6,1.6354931329846458,4,1.00037258446251,0,0.0,0
35535,26.78327776196355,6,6,18.93142513749026,1,0.13115577226834652,1,20633.757809403305,1
35536,44.70681270739509,3,6,11.918398583480862,1,0.9569225677010246,0,0.0,0
35537,47.39584192175534,5,3,2.150761850652726,6,0.4862267520631466,0,0.0,0
35538,46.48104136960976,4,6,10.158443274341197,7,1.00026005870735,0,0.0,0
35539,48.665448078000416,5,2,12.62030452517133,4,0.9646865639888651,0,0.0,0
35540,46.19127140157601,1,1,18.23753644469973,7,0.3607666665850208,0,0.0,0
35541,61.048744998674664,3,5,0.0,7,0.31468208819283605,0,0.0,0
35542,40.310787044555624,3,6,8.461457433434342,2,0.23537675455910834,0,0.0,0
35543,30.824702580705512,1,6,7.52606798429933,4,0.2108978596974696,0,0.0,0
35544,61.934182837515024,0,3,0.0,7,0.8786489256210872,0,0.0,0
35545,47.40579723018382,3,4,19.99893940874805,4,0.9998792295375336,0,0.0,0
35546,34.265157848321536,2,1,14.965537438186939,7,0.0,0,0.0,0
35547,35.82667307585605,1,4,7.35540862411185,1,0.08920932388090064,0,0.0,0
35548,60.018025237499415,2,4,19.993420665365612,7,0.9994404472912839,0,0.0,0
35549,60.28070876722342,5,3,20.160489167263144,7,0.8618433361894079,0,0.0,0
35550,38.16128824979582,4,4,19.997893945016713,7,0.31890668778061826,0,0.0,0
35551,23.359554042653052,2,3,19.10207550511442,0,0.27056441142405097,0,0.0,0
35552,28.426057944384006,3,4,20.008795050422897,1,0.5816406817559431,0,0.0,0
35553,53.68351266643358,5,1,5.911313129347426,7,0.0541602490252705,0,0.0,0
35554,44.75424499593485,1,4,7.914991893164856,4,0.39141815257341106,0,0.0,0
35555,28.91211102849215,3,1,13.198355068748088,4,0.6810866884365164,0,0.0,0
35556,31.76159871609274,2,3,8.221754329282337,2,0.3963364041921383,0,0.0,0
35557,5.004286841262889,2,3,21.828763571286647,2,0.5784602987151846,0,0.0,0
35558,64.98332253787245,4,4,6.374071868898979,4,0.6100612029652178,0,0.0,0
35559,36.88862289829729,4,6,15.22445024129339,5,0.3823726113633143,0,0.0,0
35560,34.99551573259142,4,1,7.201949609216259,2,0.5472197360973647,0,0.0,0
35561,70.40952241545108,1,3,17.051020630275804,7,1.025268087881122,0,0.0,0
35562,36.25225225999943,2,3,10.689382676506616,3,0.9504934342451189,0,0.0,0
35563,24.071585386603402,3,6,6.1739738551914884,4,0.31464470750555423,0,0.0,0
35564,28.34944780006609,2,5,6.224392860753412,1,1.001747830325781,0,0.0,0
35565,38.251006913660945,4,6,13.990610883914073,5,1.0001865416450695,0,0.0,0
35566,28.246364474726867,5,6,6.110905434584082,3,0.5852373507064912,0,0.0,0
35567,51.760860774289014,3,6,14.471930948642445,3,1.0004777272949608,0,0.0,0
35568,36.89386355077996,1,7,19.95778561828577,7,0.3131969947767258,0,0.0,0
35569,44.67373555543993,3,1,16.236376109207953,2,0.0,0,0.0,0
35570,44.55578822329587,3,3,4.781599233494247,5,0.17487113579606905,0,0.0,0
35571,51.11262877278446,3,4,19.996663905732515,1,1.0014744860800153,0,0.0,0
35572,44.55075212806425,3,1,3.0477652043387096,7,0.9998600073277684,0,0.0,0
35573,51.59417273497888,3,1,23.661639755230034,3,0.49914368424072997,0,0.0,0
35574,39.53920350857647,3,4,20.01122767424541,1,0.2828843840915783,0,0.0,0
35575,13.23864253100282,3,3,10.718256275792069,5,0.7040259303450813,0,0.0,0
35576,50.579300974843925,1,1,10.516531420383917,7,0.2948386326472979,0,0.0,0
35577,28.348635035528897,2,2,0.8469521980566075,4,0.4096830914911893,0,0.0,0
35578,43.07755064461339,1,3,0.0,3,1.0005269846345826,0,0.0,0
35579,26.243802640541173,6,4,0.0,1,0.9774920088244434,0,0.0,0
35580,50.17667225714169,2,6,15.193540085409774,5,0.4568685193795637,0,0.0,0
35581,31.97497880612365,4,5,14.708728124511556,6,0.08542295968987768,0,0.0,0
35582,40.663167717397215,0,3,1.2542913844731416,4,1.0005176091232135,0,0.0,0
35583,58.05159071045261,3,3,14.57966336603801,5,0.5033974730749438,0,0.0,0
35584,66.11705074920611,3,3,7.701256311824871,5,0.5020600216262618,0,0.0,0
35585,27.65027104346223,3,4,13.0256319316267,2,1.0004669591676838,0,0.0,0
35586,31.118472686288467,3,3,2.460837312782857,4,0.5343947301245853,0,0.0,0
35587,27.221224155233465,3,1,8.521190933692848,7,1.0002091389826488,0,0.0,0
35588,47.22670505563205,6,3,4.170282490819816,1,0.2924749106020285,0,0.0,0
35589,28.442496619434458,3,1,1.0624463757705698,2,1.0053767235141962,0,0.0,0
35590,37.5451467727494,4,2,9.745074007489169,4,0.0,0,0.0,0
35591,50.07416870925502,1,3,10.413655523413325,1,0.9397433654863787,0,0.0,0
35592,37.93191229805565,7,2,11.94995559311619,1,0.5866170719767668,0,0.0,0
35593,17.89161415694976,4,4,5.19154223225717,2,1.0007449955755539,0,0.0,0
35594,38.80519647240904,1,3,8.953044880351582,6,0.2770771113274133,0,0.0,0
35595,58.879746028435335,5,3,2.9756451916790656,7,1.0000523420836234,0,0.0,0
35596,42.58249708464107,3,2,11.971780784942899,4,0.44107333335332644,0,0.0,0
35597,52.741046751306094,4,4,20.008418649137823,7,0.9994857749102202,0,0.0,0
35598,58.56112821824633,3,2,19.062485528690665,1,0.999685124624945,0,0.0,0
35599,46.182505114500515,2,3,18.260556682868447,7,0.964519618826568,0,0.0,0
35600,34.71197439248433,3,3,20.011133044565693,5,0.6848639674963528,0,0.0,0
35601,23.452086698543066,4,3,0.9067696029968513,4,0.6286280490728547,0,0.0,0
35602,39.136558048145126,2,2,10.961403502663252,5,0.8476222571177146,0,0.0,0
35603,56.2655412748438,5,3,0.0,7,1.0001203315907827,0,0.0,0
35604,43.63236347310423,3,2,14.430844895749814,3,1.0001661475961023,0,0.0,0
35605,35.74025563757468,0,3,9.540764672136984,7,0.12908639562602187,0,0.0,0
35606,43.0221609018858,2,2,13.124685476609528,7,0.29362861974997906,0,0.0,0
35607,19.835280767029058,4,1,7.528550171210368,1,0.9745810030832579,0,0.0,0
35608,22.831790464008474,3,6,12.88137531401105,1,0.9758622274369835,0,0.0,0
35609,67.14964551364598,3,2,10.833098719629294,1,0.3944287210885331,0,0.0,0
35610,32.7562185024863,2,4,20.005607263007526,7,0.9999950163276713,0,0.0,0
35611,17.40858990461013,3,3,12.018824373249995,2,0.3820064698895541,0,0.0,0
35612,44.77584278642693,3,3,10.873106571614404,4,1.0003475515892701,0,0.0,0
35613,54.15336447188665,2,3,4.449101236257416,7,0.9995693788349309,0,0.0,0
35614,46.47241577942217,3,1,15.52263813901066,2,0.9624659246450852,0,0.0,0
35615,40.80617265577688,3,6,27.555163183904284,1,1.019861165258055,0,0.0,0
35616,37.812212994748705,3,3,0.0,1,0.32065726876017486,0,0.0,0
35617,45.598889678692295,6,6,7.5333061163374655,3,1.0004897810042863,0,0.0,0
35618,52.21324773030441,2,3,6.074072876240946,7,1.0037866551633468,0,0.0,0
35619,25.107586654721185,1,3,19.36128616970331,7,0.6822671063685305,0,0.0,0
35620,56.518657682470206,2,4,20.00218502465831,7,0.6206160724020668,0,0.0,0
35621,23.93659458317632,6,2,8.645868908122761,3,0.5855545501884784,0,0.0,0
35622,47.25329509434359,4,4,17.443666843595388,7,0.8597914810147703,0,0.0,0
35623,53.371541305986355,3,3,14.495864090871954,1,1.0002982290977345,0,0.0,0
35624,38.19971757830895,2,3,11.657617006608703,7,1.0000904139621465,0,0.0,0
35625,38.65289094308838,3,1,3.803762168525198,7,0.9651372544978379,0,0.0,0
35626,44.55880217999956,5,6,21.802629326431237,7,0.9997486477179538,0,0.0,0
35627,34.92460806251547,1,6,15.381716646704188,3,0.47519655114324255,0,0.0,0
35628,35.72528733192821,1,3,0.49266697786433333,6,0.5930130136429411,0,0.0,0
35629,16.86853634658939,4,4,2.076293619118651,1,0.999753990017799,0,0.0,0
35630,26.209363072002592,3,4,8.550032697317357,2,0.5430678512061116,0,0.0,0
35631,48.88873446044705,4,3,23.978239557904804,3,1.0003066707655424,0,0.0,0
35632,49.02067099263542,4,3,20.890698997661637,3,0.5676588037250572,0,0.0,0
35633,38.76070516827192,5,6,2.473297867746906,6,0.5162102455213566,0,0.0,0
35634,35.990571487150305,3,2,18.238633973727186,6,0.571148743556909,0,0.0,0
35635,61.091448343695845,3,6,11.129141015998735,7,0.6954410001246853,0,0.0,0
35636,77.41863256456685,3,3,7.449632358649119,5,1.0002716973283436,0,0.0,0
35637,53.972644886980454,4,2,1.0836310898672572,7,0.8580473396895585,0,0.0,0
35638,41.33898454341496,3,3,18.550305204090634,2,1.0002729702946191,0,0.0,0
35639,52.36882851413009,2,1,3.3208072541723173,4,0.49935094443909367,0,0.0,0
35640,53.281496152085296,3,1,6.365246771438638,4,0.5002440919721745,0,0.0,0
35641,53.562349501283585,5,5,19.999286300712,7,0.9558480135619138,0,0.0,0
35642,55.210104113841666,3,4,17.573471670887884,7,0.9576774110062716,0,0.0,0
35643,27.074141907634555,3,7,1.611547537038529,6,0.0,0,0.0,0
35644,34.56909368496288,1,3,4.704349777381078,6,0.6516972438936692,0,0.0,0
35645,56.222570145833934,6,3,2.127529065617175,4,0.999421023402242,0,0.0,0
35646,48.73255198205844,3,2,4.222234795716745,5,0.23747297691863478,0,0.0,0
35647,58.83210865476157,3,2,15.214935279277974,7,1.0002500875576135,0,0.0,0
35648,34.41623523618025,3,3,17.006915396872824,0,0.0274059283599023,0,0.0,0
35649,62.618937718824114,4,3,19.57825234920322,2,1.0005738984172345,0,0.0,0
35650,47.92868126454831,3,3,19.99865124307934,4,1.0169900371255258,0,0.0,0
35651,41.16901591725372,2,4,19.993716222046913,4,0.999934506947676,0,0.0,0
35652,34.526866773240705,5,1,4.669471868880394,3,1.0072531877420687,0,0.0,0
35653,57.702950195929674,4,6,12.344211225349293,5,1.000030734460289,0,0.0,0
35654,46.731759782932926,4,1,15.255711261562958,2,1.000104225873303,0,0.0,0
35655,52.99602546407677,3,4,13.138084725221871,1,0.361443046439225,0,0.0,0
35656,65.33904898278561,4,3,18.99716314499465,5,0.5836301191860651,0,0.0,0
35657,49.13578899674823,4,6,0.0,7,1.000534920847755,0,0.0,0
35658,39.80939544198253,5,3,17.000031664595028,5,0.42412789987653043,0,0.0,0
35659,36.31699623484354,3,3,7.103192219838025,3,0.9997915502632158,0,0.0,0
35660,46.52838624628225,3,3,1.9681211331870596,2,1.0000073649313568,0,0.0,0
35661,37.68478579570512,3,6,10.938871797696393,7,1.0001553637453577,0,0.0,0
35662,35.91769432821144,6,3,15.54397597952818,1,0.6722148089230775,0,0.0,0
35663,48.39015160408417,2,6,15.264356801414175,3,0.964811349551836,0,0.0,0
35664,29.793485292239545,5,3,16.606390175517976,2,0.49878786532617275,0,0.0,0
35665,57.4679169983058,7,3,5.283774223837173,5,0.5218902247267472,0,0.0,0
35666,46.57863715173139,3,3,20.852224339001623,7,1.0001402172207212,0,0.0,0
35667,56.74885326226715,3,2,18.43376924401988,2,0.9997128088215809,0,0.0,0
35668,44.220060504069465,3,4,9.889718002892636,3,0.9997858084405683,0,0.0,0
35669,52.71671322467593,3,6,11.665214744964697,3,1.0001179757827834,0,0.0,0
35670,47.279791108274466,2,5,16.777090482645438,7,0.9999909601979852,1,10414.97606321249,1
35671,50.98132094436815,3,2,19.806731613950973,1,1.000633999920384,0,0.0,0
35672,36.584072933398495,3,2,22.160196675363313,0,0.9998607529515638,0,0.0,0
35673,60.914758394925855,3,1,12.848200014489526,7,0.9760625599784595,0,0.0,0
35674,59.33568064226989,3,5,21.537362963657152,3,0.9999072563775504,0,0.0,0
35675,43.565327265361816,2,3,11.004798411621236,4,0.5349067662000673,0,0.0,0
35676,11.185375252568747,4,1,20.00530936709801,3,0.6659296142323805,0,0.0,0
35677,22.39328656675776,4,3,10.612424060837522,7,0.7766332282310974,0,0.0,0
35678,36.98191743037155,3,2,15.62967214232715,7,1.000594126282011,0,0.0,0
35679,57.54829286060699,4,3,0.0,7,1.1245152360084016,0,0.0,0
35680,30.73183843184942,4,6,14.06718396276859,7,0.14887818384967133,0,0.0,0
35681,41.311636113106054,5,3,12.508947483937781,7,1.000450708472543,0,0.0,0
35682,23.96482835533469,2,6,10.824720992280067,3,0.2305841396399706,0,0.0,0
35683,55.82699594952773,3,5,2.199092993406426,2,0.39304253780170595,0,0.0,0
35684,45.67784004821259,3,5,19.128377921552747,1,0.960046749876222,0,0.0,0
35685,58.255004870781626,2,5,13.410206296299176,2,0.0,0,0.0,0
35686,62.884668167619814,5,6,12.966089158171613,7,0.3789592235510206,0,0.0,0
35687,61.19263008548508,4,1,4.695814505473012,3,0.49822801824397134,0,0.0,0
35688,53.777727857648685,1,3,13.110067741006763,6,0.5016804774458372,0,0.0,0
35689,43.8528741076691,4,3,0.0,2,0.9996688180837314,0,0.0,0
35690,60.53280071007565,5,3,7.667869027366606,1,0.49883752128672626,0,0.0,0
35691,30.010781797979067,3,6,12.147224503721409,1,1.0000713710212532,0,0.0,0
35692,46.33387048746202,3,1,17.829760334733514,7,1.0002839954460345,0,0.0,0
35693,73.87068189974619,3,2,10.407314243984874,7,0.7732372281717589,0,0.0,0
35694,30.133326639258115,2,1,3.8644770615905486,3,0.3193935998035179,0,0.0,0
35695,22.52614956407821,4,4,19.99768015058682,5,0.12463679946257644,0,0.0,0
35696,42.628591829621044,6,1,9.262471106780524,5,0.986903600777806,0,0.0,0
35697,37.98927006430171,3,3,3.887399508838154,3,0.2828514173332565,0,0.0,0
35698,32.37166061540936,2,6,0.0,7,0.951888548374923,0,0.0,0
35699,50.32584887476893,2,3,10.509009827755744,3,0.9996973858317149,0,0.0,0
35700,17.700209280742495,0,3,6.587339816977717,4,0.501647052599703,0,0.0,0
35701,48.06071918807442,3,6,8.102037480061696,7,1.0001317741221598,0,0.0,0
35702,46.617229794385494,3,2,18.957636653373612,2,1.0005131377966556,0,0.0,0
35703,41.51423861914588,6,2,2.8695682734475305,1,0.5095619115928803,0,0.0,0
35704,40.42854233130558,3,3,13.360724517799039,3,0.49816756969599285,0,0.0,0
35705,26.256376407290094,2,6,10.038298607902313,3,0.0,0,0.0,0
35706,47.69081512921245,1,4,9.327500246567794,7,0.9994648631451866,0,0.0,0
35707,60.27702193939628,4,6,10.722969990924357,7,0.999927786269243,0,0.0,0
35708,45.3072368077346,3,2,16.405966195970546,7,0.9994483397091716,0,0.0,0
35709,60.23234297846412,4,1,8.477248590738899,2,1.0003509631531056,0,0.0,0
35710,19.59246882886156,3,1,14.489401293287795,2,0.5161981621953731,0,0.0,0
35711,40.77611025082334,4,1,10.655598456929138,1,0.5004953267928614,0,0.0,0
35712,32.58771811702711,3,1,2.5271129791530065,3,0.9407682272504984,0,0.0,0
35713,47.72383512341504,3,3,21.780586791098123,4,0.43742276718654294,0,0.0,0
35714,21.973956962146378,3,5,11.195155593860392,2,0.549670025321462,0,0.0,0
35715,21.023699375678163,3,4,8.456309996270512,3,0.5552607960641919,0,0.0,0
35716,31.869270244310876,2,6,14.35621915977467,3,0.6461003870296342,0,0.0,0
35717,61.64369895614446,3,3,15.383810048934233,7,0.9995092055147361,0,0.0,0
35718,56.737910376304114,2,1,11.570326004500293,2,0.6084888893860252,0,0.0,0
35719,65.21494385007485,5,1,14.118400746999257,5,0.5047439997324312,0,0.0,0
35720,46.02288983462321,2,6,3.3160645630354724,4,0.9993181101996094,0,0.0,0
35721,31.026537804452097,4,1,0.45610955075897586,0,0.475436345934907,0,0.0,0
35722,47.18306950807754,3,5,20.00156811299861,7,0.965164347186555,0,0.0,0
35723,34.21324652203778,2,4,16.395079230450644,5,0.14991031188697823,0,0.0,0
35724,0.0,2,6,2.624413520660129,6,0.44918336716974816,0,0.0,0
35725,45.103888444503326,4,6,22.145581915529327,1,0.953633873128182,0,0.0,0
35726,32.701315106020516,2,4,19.999552052048884,1,0.2690191212691667,0,0.0,0
35727,52.45169840046964,1,3,0.19258066453168254,7,1.0000539935174828,0,0.0,0
35728,49.09414812271865,1,4,0.0,6,0.8406058119350697,0,0.0,0
35729,41.65593597318641,3,6,6.674572023127559,7,0.9994226937759727,0,0.0,0
35730,53.744304247218835,4,5,6.336302591608357,1,0.4504546615576024,0,0.0,0
35731,27.401293042145035,2,7,1.7014083923719046,3,0.00015031505115681298,0,0.0,0
35732,52.56768309450362,2,3,0.0,7,1.0000050148613817,0,0.0,0
35733,41.097648381588165,4,6,12.163578210782038,1,0.9998942019094472,0,0.0,0
35734,24.652464325332545,1,5,5.887223426417735,2,0.5078085733365493,0,0.0,0
35735,59.50645371104443,3,3,5.525921275618489,5,0.4953884913568727,0,0.0,0
35736,61.11681441643437,4,3,0.0,3,0.5013930662884603,0,0.0,0
35737,49.65292442485253,4,3,8.62115883917562,6,1.000336257020379,0,0.0,0
35738,41.96081797620308,4,2,8.055380055216279,2,0.47418122599810064,0,0.0,0
35739,25.737731253247368,3,2,8.954071727826276,3,0.0,0,0.0,0
35740,58.91303336346934,2,3,11.07669344654124,7,0.4940105580131062,0,0.0,0
35741,66.9912634813302,4,1,17.781873373180183,3,0.9370794122312699,0,0.0,0
35742,45.781139520320146,3,3,6.851508582186001,3,0.9998650364414601,0,0.0,0
35743,30.769204648594368,2,1,5.63099543242141,1,0.37658454864094687,0,0.0,0
35744,27.027782431447164,4,3,19.90623034804802,6,1.0003380371694597,0,0.0,0
35745,60.191614476332546,3,6,14.600907931827297,7,0.9999790088942947,0,0.0,0
35746,35.830033779720445,3,1,21.111856289164855,7,1.000580362998497,0,0.0,0
35747,37.99613549447844,4,4,20.0026263499289,1,0.9997338254027017,0,0.0,0
35748,45.99078605395967,3,5,21.680520090341826,7,0.15263345392777639,0,0.0,0
35749,29.274799357524323,1,3,7.680701844911766,7,0.26770359651828907,0,0.0,0
35750,44.535748794066585,5,1,11.34821592455009,0,0.9999028661313526,0,0.0,0
35751,64.6855650311166,3,4,7.122840523243573,1,0.4676686422796232,0,0.0,0
35752,34.39503644702593,3,1,6.148932708159637,1,0.9131887883627711,0,0.0,0
35753,58.27577441413543,3,4,10.401766224555448,7,0.8662539538380278,0,0.0,0
35754,35.59213821241664,3,0,12.935671430593157,2,0.9997408441993259,0,0.0,0
35755,47.6175266741006,2,2,8.671831598327458,7,0.426614983880916,0,0.0,0
35756,32.66579610334332,4,3,11.312210158183875,2,0.9995510644985386,0,0.0,0
35757,37.40285528436899,5,3,0.0,2,0.9996501236322577,0,0.0,0
35758,52.00109518199426,3,5,12.458578448805177,7,0.9999370319363337,0,0.0,0
35759,33.56060485330871,3,5,13.771603932231095,2,0.9867400289701089,0,0.0,0
35760,51.5169609472392,3,1,4.438307877467751,3,0.6970941971806578,0,0.0,0
35761,45.06551680821466,3,1,13.306876317140624,3,0.9996547722889337,0,0.0,0
35762,24.798486007433706,3,4,8.225529977013695,1,0.9999736933730139,0,0.0,0
35763,20.114646012659524,4,6,7.226782147389132,3,0.7412737809971885,0,0.0,0
35764,38.506993022499486,3,3,15.501871268413716,2,1.0001467724516162,0,0.0,0
35765,45.86859679828502,2,3,0.0,7,1.0001174488550302,0,0.0,0
35766,20.188553358427278,4,3,15.700771978067444,2,0.9300017524617316,0,0.0,0
35767,54.14811854607233,4,3,9.397465674936235,7,1.0003880013291873,0,0.0,0
35768,44.94896642252056,4,1,5.329333766641172,4,0.13815863081924684,0,0.0,0
35769,48.33782867839882,4,3,10.767588680748549,5,0.9468014393990991,0,0.0,0
35770,28.9993164998079,5,3,10.354605458899007,3,0.47126053184288075,0,0.0,0
35771,35.19846329090728,3,2,4.798217199643176,1,0.47501038309426924,0,0.0,0
35772,36.11675282709702,3,2,0.7565690560512675,4,0.3513611419758199,0,0.0,0
35773,54.717825824730454,5,6,17.424042024495776,7,0.9994322249551741,0,0.0,0
35774,26.19925949983168,2,2,13.971796493020154,5,0.71974179564489,0,0.0,0
35775,66.28126697026869,3,3,7.22079545569105,0,0.49826351868869834,0,0.0,0
35776,41.35071643331257,3,1,13.76548750755432,7,0.9996033810142632,0,0.0,0
35777,31.12634378813986,3,2,5.8555199104349045,6,0.3460368807456922,0,0.0,0
35778,32.92121142793452,2,6,15.084490416414624,6,0.9121947414944478,0,0.0,0
35779,72.12016421145186,3,3,4.467849280338195,2,1.0000296420851968,0,0.0,0
35780,56.259922026028356,4,4,20.002370431430215,4,1.0001923050017296,0,0.0,0
35781,64.40072224876783,5,2,17.405819745232108,2,0.36165014619720287,0,0.0,0
35782,55.196420328326376,5,1,2.2290526356274487,2,0.12488803435252105,0,0.0,0
35783,33.35874469751964,2,1,13.474122141192165,1,0.5008419783922374,0,0.0,0
35784,23.027226020019942,1,6,11.662130979602432,5,0.6061523675487143,0,0.0,0
35785,55.626898997409334,2,3,9.750786267890126,1,0.24344956458765543,0,0.0,0
35786,22.87923388720636,2,1,9.099765062687126,1,0.49698887920800694,0,0.0,0
35787,31.223819637592555,4,6,8.327890246160669,6,0.0,0,0.0,0
35788,55.4791160645089,3,6,16.697374803115537,6,0.7088682340917077,0,0.0,0
35789,65.60136965180445,2,2,16.523552493309822,7,0.3416922308661879,0,0.0,0
35790,36.51482575312877,3,6,8.699539492633168,2,0.9996267434885928,0,0.0,0
35791,57.64141850329634,4,3,14.150143638246949,2,0.4981319524953066,0,0.0,0
35792,52.93853864398552,3,4,20.000366303651703,1,0.5117818193076026,0,0.0,0
35793,27.684269132077816,3,6,2.883601576833346,1,0.2713507032052981,0,0.0,0
35794,52.100189163864975,5,3,3.6421724807528646,4,0.9999760198858548,0,0.0,0
35795,48.68427467965254,5,2,5.582143781839764,7,0.9996480321228824,0,0.0,0
35796,43.24997367853972,6,6,15.698119231487272,2,0.11136599414526094,0,0.0,0
35797,35.25888909202749,2,3,8.903157768489978,1,0.9999395728711307,0,0.0,0
35798,29.090849763950374,4,6,11.583953285942318,5,0.9998187379908366,0,0.0,0
35799,27.49524625096253,3,1,7.821176512643044,4,0.3118723836112133,0,0.0,0
35800,33.14921703621448,2,2,16.41953866620277,7,1.0002074471944964,0,0.0,0
35801,49.40713295275025,1,4,20.00313483387724,7,0.7516636369763964,0,0.0,0
35802,68.83098035594774,3,3,12.068994564516252,3,1.0000818310450978,0,0.0,0
35803,42.199102318497225,3,4,19.99862262581825,1,0.7295733495813932,0,0.0,0
35804,52.724350552850545,2,6,17.502949359110257,1,1.0065562034741762,0,0.0,0
35805,35.000119122437304,4,1,0.2635379458685687,7,0.9123576085721086,0,0.0,0
35806,36.954831683474374,3,3,14.589034632469616,2,0.499198225694086,0,0.0,0
35807,35.64410208645505,4,1,10.177586266423182,7,0.9199921160393423,0,0.0,0
35808,59.15774655245123,2,4,17.208103313064363,6,1.0383932290464615,0,0.0,0
35809,34.38636688608574,3,2,18.665999520374182,6,0.9997799206991602,0,0.0,0
35810,33.51909236719027,2,4,17.268721168868762,2,0.6533312987672208,0,0.0,0
35811,39.73161264332843,2,3,12.670559840358166,6,1.000429090338233,0,0.0,0
35812,39.08936076407006,4,1,3.7363864664377022,3,0.028358296553042117,0,0.0,0
35813,49.56750831964435,2,2,13.397945566310412,2,0.7171705084102178,0,0.0,0
35814,60.8716598678295,3,3,14.727888828407863,4,0.999858304188046,0,0.0,0
35815,33.86022627094671,0,1,5.608713355416121,4,0.2891155596898357,0,0.0,0
35816,29.951155150583467,1,3,18.731668100499135,7,0.8123004243428652,0,0.0,0
35817,35.93996785898125,5,3,0.0,7,0.9557542565850385,0,0.0,0
35818,51.599945750252814,3,3,3.9609107890399056,3,0.9999979983648939,0,0.0,0
35819,52.60596317387319,2,3,2.6203838849309022,7,0.9995204066725323,0,0.0,0
35820,27.410966782228655,3,3,9.648686271020717,7,0.9995915446546859,0,0.0,0
35821,26.821212216034837,2,1,5.526215654197199,3,0.04052923616848447,0,0.0,0
35822,72.62699771670029,4,2,13.221826884930428,7,0.38116408435879806,0,0.0,0
35823,48.85185649684571,3,3,10.816402473313893,7,0.5216107684654114,0,0.0,0
35824,35.49307256996959,3,1,7.173778847994113,1,0.9995967988292958,0,0.0,0
35825,29.105114909440566,4,3,14.625613683948483,5,0.02548837319670938,0,0.0,0
35826,39.497467817962054,3,1,1.5890950889246724,5,0.0,0,0.0,0
35827,51.65126901600402,4,3,0.45096851195085996,2,0.49775317910305483,0,0.0,0
35828,43.548080979067,3,3,16.549377873245984,1,0.9564362385376443,0,0.0,0
35829,18.555233920289417,3,3,11.657538408990714,1,0.5406887363288575,0,0.0,0
35830,53.53026905088697,1,2,12.791681448511893,7,0.7206477905497287,0,0.0,0
35831,20.292587759458982,2,3,9.94156617122032,2,0.9998282586331217,0,0.0,0
35832,28.027590379280813,3,5,19.99733368839469,1,0.8445380696564384,0,0.0,0
35833,39.51468594750432,1,1,8.991324255429786,6,0.4733821568755975,0,0.0,0
35834,53.86831956985064,2,1,0.0,4,1.000384215486002,0,0.0,0
35835,41.96504127334413,4,6,16.236815159280567,3,0.6480721316513569,0,0.0,0
35836,42.3610712911947,2,6,3.8488522483578604,3,0.22808933313072488,0,0.0,0
35837,54.11518935427109,0,6,11.466989000411496,7,0.9999150691601968,0,0.0,0
35838,42.21122549433627,3,3,16.909957336043146,2,0.4607460262865141,0,0.0,0
35839,77.99653483798741,3,4,1.377134767788709,5,0.0,0,0.0,0
35840,36.44845745488604,3,1,10.803997496303761,3,0.5007300569247959,0,0.0,0
35841,36.841297653358076,3,3,22.076194298302603,2,0.9728668039094375,0,0.0,0
35842,43.74359641607163,3,5,13.76368585912543,2,0.9997889539774969,0,0.0,0
35843,56.9144832738516,4,6,17.47615597290185,5,1.0004054363562085,0,0.0,0
35844,39.99834254962867,1,5,8.717149221069537,8,0.40619339392654197,0,0.0,0
35845,40.79938060328075,3,3,0.0,2,0.9997893622730297,0,0.0,0
35846,35.04999837601327,2,1,20.003388526596424,1,0.4551833001208563,0,0.0,0
35847,51.51409531257947,3,3,0.4928793891710459,7,0.9997012214272467,0,0.0,0
35848,32.10702188930235,3,3,9.98638595074893,1,0.5019304050230866,0,0.0,0
35849,32.02769193069591,1,3,0.0,2,0.9997058138609227,0,0.0,0
35850,47.521971739576216,1,2,16.91624289869859,6,0.8102910701401975,0,0.0,0
35851,34.74195277709378,2,6,18.21806824739417,6,0.6819944240151287,0,0.0,0
35852,27.173530103219438,6,3,11.056938220684131,1,0.4238757296957981,0,0.0,0
35853,35.982165318806175,4,1,13.355799696379423,7,0.12639021233323922,0,0.0,0
35854,27.68752489802809,5,4,9.140526277896317,1,0.5140802016179074,0,0.0,0
35855,46.53378861837216,3,4,14.236323470476679,2,0.623867366399763,0,0.0,0
35856,22.595465429167707,4,6,15.259249232415174,7,0.49123067534385445,0,0.0,0
35857,45.65063074935337,4,2,10.998992503005875,7,1.0001499805529175,0,0.0,0
35858,55.87547400361288,4,2,9.851445019599332,6,0.8731808685509632,0,0.0,0
35859,64.56833576927552,5,4,20.002735487695254,7,1.0004946630485756,0,0.0,0
35860,37.23299608530033,3,3,13.471441746482604,0,1.0003794108575397,0,0.0,0
35861,44.17082050321434,2,1,3.9286975754343185,7,1.000071499803406,0,0.0,0
35862,46.651471812051454,4,3,7.392305212947665,5,0.5511277942571515,0,0.0,0
35863,35.28439959008899,5,3,9.60481209079748,3,0.2746305417540557,0,0.0,0
35864,41.10101234384942,4,2,9.673100615942053,5,0.563696916370328,0,0.0,0
35865,39.82375586733164,2,4,17.073458992779848,4,0.38020383964798965,0,0.0,0
35866,46.75297115848548,5,2,13.291410945477427,7,0.4377456036081886,0,0.0,0
35867,43.521184922283794,4,6,20.291128738701957,1,0.9620161016183054,0,0.0,0
35868,46.52243759047029,5,3,0.8068486357856859,2,1.0001915198567322,0,0.0,0
35869,47.9606415777873,3,4,20.003744987170066,3,0.9994850537119825,0,0.0,0
35870,44.70612953210561,4,1,6.152031673247408,7,1.0004857525856448,0,0.0,0
35871,39.06529219743595,2,1,21.034366291088226,7,1.0000787043743007,0,0.0,0
35872,28.890387760184215,5,6,7.41031203619251,7,0.3354258976714213,0,0.0,0
35873,42.44858362744474,3,2,11.939171764960268,7,0.17383079508439891,0,0.0,0
35874,46.72549285620609,2,1,20.00385651184955,0,0.4107815055116748,0,0.0,0
35875,50.77874491544842,4,3,8.353415437656682,7,1.0000267890296035,0,0.0,0
35876,58.813790956978835,3,5,11.040107404056549,1,0.520563921673153,0,0.0,0
35877,37.10449769387823,5,1,2.4253767871661402,1,0.0,0,0.0,0
35878,54.15086140498416,2,6,12.144424910858739,6,1.2079058145878867,0,0.0,0
35879,34.57821064774715,2,6,13.887954131301973,7,0.999741510454702,0,0.0,0
35880,59.14910625200183,2,1,6.995856061305641,4,0.4977735384242136,0,0.0,0
35881,46.587669141278916,3,2,20.258024504509102,1,0.9997311402472162,0,0.0,0
35882,51.94279055112993,4,1,16.357216140624182,4,0.9996932752874799,0,0.0,0
35883,69.14711468459312,4,7,7.024497432174087,7,0.29030541919093694,0,0.0,0
35884,48.25684643255618,2,1,20.007722831559665,0,0.6718922726033414,0,0.0,0
35885,57.93854190581267,4,4,19.998452271353568,7,0.5906030659521712,0,0.0,0
35886,45.230370243648146,2,3,14.015050022069886,2,0.9999271752259824,0,0.0,0
35887,48.00340991045776,3,1,10.94525405561198,7,1.0001053995275724,0,0.0,0
35888,28.68822511273398,4,6,13.856837868627053,1,0.9791200057038304,0,0.0,0
35889,61.86383172944721,3,1,20.84270335197162,7,0.9997614294655426,0,0.0,0
35890,38.48469486211226,3,6,16.158687966952044,7,0.2119362330313811,0,0.0,0
35891,48.927110084031995,2,3,16.942520440545948,6,0.5008730737073229,0,0.0,0
35892,49.61060651101341,0,1,3.2851929870199648,3,0.1717423595055969,0,0.0,0
35893,44.749741542571925,2,2,19.556385579872252,4,0.7429380076700203,0,0.0,0
35894,52.109346411954164,3,4,20.001824227971937,1,0.5519083349629229,0,0.0,0
35895,47.06859812545098,2,1,20.001200069082486,6,0.7544155443750267,0,0.0,0
35896,75.2913921109253,4,5,18.52753949919198,1,1.0001747734495854,0,0.0,0
35897,33.72024659013315,3,1,7.6093362384158265,7,0.013156022207332474,0,0.0,0
35898,24.819432395527116,4,3,14.496157489399177,7,0.6608229741874656,0,0.0,0
35899,43.562731509889176,2,3,20.004740081890017,1,0.8231866508695765,0,0.0,0
35900,57.69880447215505,0,3,5.738416833498259,1,0.578569503705066,0,0.0,0
35901,43.10872193898041,3,4,10.117646357144023,3,0.8013500456619906,0,0.0,0
35902,13.775740381384292,4,6,5.797899000617892,1,1.00387629145712,0,0.0,0
35903,33.429291825853845,6,2,10.003724701994585,7,0.6713710523254638,0,0.0,0
35904,55.24245345685188,4,1,7.7575776197974164,2,1.0002543610901249,0,0.0,0
35905,31.99573475074211,2,6,8.881116408194568,6,0.9997148832696361,0,0.0,0
35906,46.28891329585377,3,3,3.2850241623480567,7,0.999946953957362,0,0.0,0
35907,30.46082361818789,0,3,6.788882370191111,7,0.9998268584245161,0,0.0,0
35908,51.65786894236546,1,3,19.036109097724,1,0.9998462419226241,0,0.0,0
35909,47.650299734173856,2,1,7.400222343194703,1,0.9994942536097392,0,0.0,0
35910,35.38969662165729,4,6,11.662594466064434,4,0.9998185458063903,0,0.0,0
35911,33.35103292096658,3,3,17.322111063418703,1,1.0002849984070785,0,0.0,0
35912,14.131324791753833,3,4,11.447904962242912,2,0.9998817061984813,0,0.0,0
35913,39.751254181702095,1,3,3.8972398423879886,7,0.7203765171763943,0,0.0,0
35914,31.01266367236636,2,6,0.0,4,0.6452836139761322,0,0.0,0
35915,44.595065838010214,4,3,25.586423053823665,3,0.16792754142698862,0,0.0,0
35916,32.199447329536255,4,1,12.825794698539807,2,0.19260931956651212,0,0.0,0
35917,36.07169937740392,3,6,12.40826793017594,4,0.9361293076460666,0,0.0,0
35918,39.67477082096485,4,1,1.2649314772721123,2,0.38585145086958705,0,0.0,0
35919,40.50377298771347,3,4,9.17942618947577,2,0.9617733473785338,0,0.0,0
35920,68.42224875078865,4,3,10.10853464989486,2,0.5063459624347427,0,0.0,0
35921,43.850805786784974,1,4,6.334698050096714,3,0.5516840396359777,0,0.0,0
35922,45.5359674967488,2,5,6.833870076143472,2,0.1707948381322748,0,0.0,0
35923,52.08086979827875,2,6,6.086801692261733,7,0.18356796730398972,0,0.0,0
35924,35.954794258734836,4,6,5.305651384191611,7,1.0000108693777243,0,0.0,0
35925,20.609956875745254,1,1,5.219101246431056,3,0.12186509850381022,0,0.0,0
35926,60.74518352413445,5,6,17.62819806211314,7,1.0001353582442962,0,0.0,0
35927,38.18348336347325,3,2,15.007802982539605,3,0.9999606337599709,0,0.0,0
35928,60.27513233824479,0,3,1.2008222809102111,0,0.9993860465354947,0,0.0,0
35929,54.20722476465056,2,3,9.062106533917794,2,1.0001422794565313,0,0.0,0
35930,37.20969097855656,5,6,5.283835487694471,7,0.999715072263451,0,0.0,0
35931,56.24666133484118,3,4,12.725511367790011,7,0.7269081217966267,0,0.0,0
35932,51.17442966007334,0,3,5.965977768562716,2,0.34086813322506654,0,0.0,0
35933,25.87600178920114,2,2,3.9319047311174726,6,0.4903613197056837,0,0.0,0
35934,43.37830178357087,3,2,12.283952900514159,1,1.0004262765325045,0,0.0,0
35935,52.47383558087425,3,3,0.0,5,0.9998973270511125,0,0.0,0
35936,48.3563564971239,3,3,12.353740187305549,6,1.0005201630552487,0,0.0,0
35937,26.69818324319106,3,6,10.841500210158971,3,0.09884180788665275,0,0.0,0
35938,36.143399530338314,3,4,10.026509206080874,5,0.9999778642003209,0,0.0,0
35939,31.958350053855902,4,3,6.058574555338385,4,0.37310273528267035,0,0.0,0
35940,48.64794098979695,4,3,3.3790952966645875,3,1.0000739081367218,0,0.0,0
35941,27.767093985941536,5,6,17.567338825911502,2,0.25102131335317185,0,0.0,0
35942,55.92809239204505,5,1,18.671885156871028,7,0.9998314938775119,0,0.0,0
35943,30.117828307180485,3,1,5.531110022698245,3,0.1645332082024894,0,0.0,0
35944,39.74044026641444,4,3,19.959898768346022,7,0.9997319743265297,0,0.0,0
35945,32.86358098108699,2,3,17.420669816417167,4,0.7498685414675572,0,0.0,0
35946,42.29540781203472,3,2,11.212162481022498,7,0.8795360948612754,0,0.0,0
35947,40.935762721384776,3,2,6.497502529619964,7,1.0001131003130512,0,0.0,0
35948,51.291444681451225,4,6,14.349204446125846,3,0.9990720169608065,0,0.0,0
35949,31.069847130523826,4,3,4.865140874982494,3,0.3757862376629115,0,0.0,0
35950,38.24626887730301,3,3,11.217857225023783,2,0.9999904729940866,0,0.0,0
35951,42.979434297561994,2,6,4.764607214030454,7,1.000138989659312,0,0.0,0
35952,48.523071621876824,3,4,9.271652151370947,5,0.999801532280796,0,0.0,0
35953,46.15724865315415,3,3,15.36706029441966,7,1.0003328559037152,0,0.0,0
35954,41.19192733042601,6,2,17.275650449291803,4,0.9793069272064002,0,0.0,0
35955,58.451856953933245,1,5,16.58742854866598,2,0.4068662761082932,0,0.0,0
35956,37.51227186087381,3,3,10.88803952930108,2,0.039616886948041,0,0.0,0
35957,28.830084465569122,3,3,7.727821030978733,3,0.3424650745479844,0,0.0,0
35958,40.64017540260875,2,6,0.0,1,0.49606803382194675,0,0.0,0
35959,16.342592570107712,2,6,20.90400181541311,1,0.9995193437848093,0,0.0,0
35960,42.2573787550851,3,3,13.905020469688596,5,0.4981883578574907,0,0.0,0
35961,60.99851381447844,3,1,7.27480671306423,7,1.0002029409693831,0,0.0,0
35962,34.55808792728287,2,3,11.163066256982466,7,0.9550453364054738,0,0.0,0
35963,36.23423693906808,3,1,14.01674735757489,3,1.000328407061289,0,0.0,0
35964,12.500165036860075,3,4,0.0,0,0.09563367852957305,0,0.0,0
35965,33.154355980750594,2,2,1.9244175969517734,7,1.0002869299078434,0,0.0,0
35966,66.3046818154757,3,1,15.287761361662966,2,0.25341487869056556,0,0.0,0
35967,18.290297740639552,1,1,20.008056794354246,0,0.6688833597949203,0,0.0,0
35968,49.87505151409676,2,1,7.518943865283154,4,0.5329945768341298,0,0.0,0
35969,60.37725837362879,3,4,5.438568035541679,0,0.0,0,0.0,0
35970,22.357096567257923,3,4,18.34375677440368,1,0.0,0,0.0,0
35971,48.37271106122307,2,5,7.707766046635834,5,0.9519113822084352,0,0.0,0
35972,36.75387191889692,4,4,0.0,6,0.770572026764727,0,0.0,0
35973,55.64739309940658,5,6,0.0,2,0.9508954395311686,0,0.0,0
35974,82.5634293469453,3,4,20.006229798697156,1,0.692361188635977,0,0.0,0
35975,52.71232806807612,2,6,0.843886008932289,4,0.6243309971411695,0,0.0,0
35976,34.53310066220743,3,7,14.047063174391463,2,1.0000236286623243,0,0.0,0
35977,69.16679046276103,2,3,7.435259805084265,0,1.0000315546904828,0,0.0,0
35978,41.857104972385635,2,4,14.17002746200717,1,1.0397981750126215,0,0.0,0
35979,54.68610825329517,3,6,10.728580345348208,7,0.9992350438734503,0,0.0,0
35980,63.274350976596075,3,3,14.250302315263216,7,0.9995800380786615,0,0.0,0
35981,38.539026579149635,3,6,17.735499255598256,2,1.0006238411255743,0,0.0,0
35982,45.09422867018335,2,3,20.329304022882365,4,0.5191500515322616,0,0.0,0
35983,56.32282795779724,3,2,9.718844371103938,6,0.740865529023633,0,0.0,0
35984,82.41627051975198,3,4,27.114369584179663,2,0.0,0,0.0,0
35985,48.52016092800758,4,3,14.220406717422643,2,0.9992077044799758,0,0.0,0
35986,17.026138508726287,1,1,12.090456036332899,3,0.21124682104580444,0,0.0,0
35987,18.673755612465857,4,2,12.92550789643309,1,0.5710113707414076,0,0.0,0
35988,54.46449601988287,2,3,16.556139379428863,3,0.49883144801924434,0,0.0,0
35989,40.51463448106149,3,3,7.457565991758875,2,1.000174418961571,0,0.0,0
35990,33.36112990854434,4,6,17.813980387568407,3,0.9998182095316726,0,0.0,0
35991,25.24723164625128,2,1,15.41001366224652,5,0.6715527842844707,0,0.0,0
35992,60.041507630345436,2,3,3.8273646234666607,4,1.0001980398463646,0,0.0,0
35993,67.21616172630277,1,1,16.804470950607563,5,0.9997308724134264,0,0.0,0
35994,29.154583001922465,3,1,10.45317396373031,7,0.6259064522231871,0,0.0,0
35995,58.318157993122185,2,4,20.003445207743653,7,0.9999833659429047,0,0.0,0
35996,59.08792074087063,3,1,14.423414178237433,7,0.9995827026044182,0,0.0,0
35997,25.63731806611264,4,2,12.471927432514267,4,0.47362794764621663,0,0.0,0
35998,53.87111316047686,3,1,13.818049249228316,2,0.3915786033401715,0,0.0,0
35999,73.00691418854203,2,0,5.877617688406906,7,0.9269486196493513,0,0.0,0
36000,73.59926249910576,4,3,3.7672417324166307,5,0.5026021577689446,0,0.0,0
36001,63.977337706900755,2,2,15.468019307329241,7,0.9997792767293743,0,0.0,0
36002,52.18100436363871,5,4,21.975813541133757,7,0.9997854998170465,0,0.0,0
36003,64.72709317850449,5,1,11.904949201473228,2,0.94419171969405,0,0.0,0
36004,30.178741772979073,4,6,15.056990426975503,6,0.43501974694393913,0,0.0,0
36005,37.37940035732697,1,2,20.003102658744,1,0.3037697925478335,0,0.0,0
36006,28.000678770231993,4,3,15.81919820501675,2,0.14619028418699187,0,0.0,0
36007,19.173002414798948,1,1,3.5838336494388985,6,0.9999489234259572,0,0.0,0
36008,65.89268656642778,3,1,15.90029329802024,0,0.9999451166923902,0,0.0,0
36009,46.82805322490566,2,2,13.808008091772676,7,0.7662667144346251,0,0.0,0
36010,32.49845199072019,1,3,9.936812215871033,7,1.0000444290043244,0,0.0,0
36011,53.591187265785756,2,1,15.288658940688858,7,1.000744547967905,0,0.0,0
36012,51.256753227246875,4,3,10.140488398962248,2,0.996527681512094,0,0.0,0
36013,43.12295223892059,1,5,4.578131079200191,6,0.43603168583580987,0,0.0,0
36014,41.53445157829157,4,6,3.820070687406104,3,0.9995939174767233,0,0.0,0
36015,44.5728908381534,3,5,7.934510157534418,4,0.9998902327162552,0,0.0,0
36016,36.50246330443359,3,6,17.090429875401878,1,0.9684656848119622,0,0.0,0
36017,44.5383056945121,2,3,4.898610175034566,7,0.9329078519162199,0,0.0,0
36018,35.0742729635014,2,3,11.610071778811669,7,0.9996348574067124,0,0.0,0
36019,50.357161190287606,4,6,12.815112062293423,1,0.1033273711050483,0,0.0,0
36020,37.97893745921639,3,3,11.640002010900611,0,0.6280898846909784,0,0.0,0
36021,19.26734504590357,0,1,6.653998737745373,3,0.35303271146316484,0,0.0,0
36022,61.81708294938366,4,2,12.633326292986332,7,0.9993742792655195,0,0.0,0
36023,44.28893491406232,2,4,6.868332149051449,5,0.0,0,0.0,0
36024,55.39573734689654,4,2,7.509657576247177,1,0.10432631753029109,0,0.0,0
36025,37.663617408118924,4,3,8.927501785756448,3,0.9682850588290585,0,0.0,0
36026,39.01787087271279,3,4,15.042891367689027,7,0.9689492390983206,0,0.0,0
36027,9.22101370166304,4,2,6.419778618605838,1,0.25878145944769576,0,0.0,0
36028,32.420196745890024,4,4,12.09919673765128,7,0.33943077307031205,0,0.0,0
36029,44.99116192137635,3,6,11.693108415664758,7,0.9996251096053898,0,0.0,0
36030,32.351865040867246,3,3,9.892311755994287,2,1.0000841124738387,0,0.0,0
36031,24.74158965658346,3,2,7.0955729074979645,6,0.9998152389705957,0,0.0,0
36032,56.06783676956879,3,2,12.166868119489322,7,0.047075390332261824,0,0.0,0
36033,25.34733054053212,3,4,21.191291891370504,7,0.7333691368260153,0,0.0,0
36034,23.721326194332658,3,6,19.99076770544966,1,0.4393234176187424,0,0.0,0
36035,57.101811653525544,2,4,13.395528025733919,7,0.9124795083857895,0,0.0,0
36036,25.80133582340614,3,6,23.465846183079613,2,0.7996331168928976,0,0.0,0
36037,55.434580753788914,3,6,14.439258259259374,5,0.7803375118212885,0,0.0,0
36038,34.25762552321528,3,2,9.474021582171481,1,1.0009081223309928,0,0.0,0
36039,12.420138122898123,2,6,9.7476775379435,6,0.4804300049803178,0,0.0,0
36040,42.88002254289234,3,2,14.392714204459397,5,1.000642555353589,0,0.0,0
36041,59.50752152267908,4,6,16.178392269025018,7,0.7932702340730978,0,0.0,0
36042,38.287811286209006,3,2,8.363688823719524,1,1.0004444380426551,0,0.0,0
36043,58.699691528688405,5,1,19.518399199965547,7,0.9996751903237031,0,0.0,0
36044,50.608580666131594,3,1,9.981832927719907,7,0.9375599060495015,0,0.0,0
36045,52.99975054160717,4,3,6.749092293057796,2,0.9996634253228474,0,0.0,0
36046,48.452067855883485,3,3,0.0,4,0.9995195228770251,0,0.0,0
36047,60.145408397191524,5,4,20.00448820534325,1,0.9999671712330973,0,0.0,0
36048,55.39280381079239,3,5,1.169838957023087,3,1.0003228323872564,0,0.0,0
36049,38.03963562150774,3,4,19.99856655577151,7,0.5535329616790747,0,0.0,0
36050,46.28855625605461,3,2,16.901456799270804,7,0.818184562596476,0,0.0,0
36051,36.29595474141305,2,1,2.466976916436428,0,0.585787565521819,0,0.0,0
36052,46.8221630906147,3,5,18.21075752848695,7,1.000588528294617,0,0.0,0
36053,47.05196767675751,0,3,0.0,5,0.16110364931186016,0,0.0,0
36054,25.19365409851642,3,6,5.646142437734725,3,0.2857855275570436,0,0.0,0
36055,22.1642801196827,3,6,6.942422665236696,5,0.03524659149968168,0,0.0,0
36056,50.49359493455624,2,6,8.16252079587884,4,0.9997718448777149,0,0.0,0
36057,29.571934876536474,3,3,17.520826048490786,1,0.9659223879949433,0,0.0,0
36058,45.968092923576194,2,1,15.194682501457555,6,0.9998390635430264,0,0.0,0
36059,45.545254062715365,4,6,11.370854039176853,4,1.0001658964590596,0,0.0,0
36060,28.96085164935549,2,2,5.714110440375696,6,1.0001426546463852,0,0.0,0
36061,51.26181214447111,3,4,20.001396196538163,7,0.0,0,0.0,0
36062,58.256891976148104,4,6,15.129072396543581,4,0.6170304650055417,0,0.0,0
36063,51.01566208390875,3,6,1.8395584785591232,3,0.669119837907661,0,0.0,0
36064,49.648440931284895,4,2,0.5551350312610488,5,0.43700513833518156,0,0.0,0
36065,51.983680190936674,2,3,4.258415778999061,2,0.7281326741997585,0,0.0,0
36066,55.17800908425137,3,1,19.995043284920797,4,0.8910992404803394,0,0.0,0
36067,38.138798599411146,4,6,20.758190843787343,4,0.9999341943585331,0,0.0,0
36068,56.48934224156316,3,6,19.18015560879339,4,0.07180755225528757,0,0.0,0
36069,55.67715538301674,1,2,19.996206493421248,1,0.9189784757194693,0,0.0,0
36070,45.70428956797434,4,2,13.951384260522532,7,1.0005014663950933,0,0.0,0
36071,56.73035932199738,3,1,20.001389586469788,5,0.06564895506501323,0,0.0,0
36072,27.066005882428637,1,6,17.93023924433946,3,0.16416012036425498,0,0.0,0
36073,47.66560596559625,2,0,7.116981796682324,7,0.9474770651777038,0,0.0,0
36074,57.3524636277145,4,2,20.009980821222584,1,0.6559874849969891,0,0.0,0
36075,4.381955425086531,3,3,11.921394524981803,0,0.482570552928855,0,0.0,0
36076,40.24740921991849,4,1,15.058780364044758,7,0.9056838888695168,0,0.0,0
36077,52.47266756678322,3,4,19.990300736308825,1,0.24822529758699574,0,0.0,0
36078,29.253326022142815,3,6,5.591517573561324,1,0.9701385770759787,0,0.0,0
36079,31.4831082109087,3,2,12.497752761177118,1,0.9992695089495867,0,0.0,0
36080,48.6583171094277,3,3,16.74065311301884,6,0.9998984381828839,0,0.0,0
36081,58.91488922037932,2,1,15.210408362795683,7,0.3449285778965951,0,0.0,0
36082,39.33708230045503,4,3,11.431455237487063,4,1.0001686386606976,0,0.0,0
36083,49.41349023750756,3,6,18.45235290400103,3,1.0000314458112252,0,0.0,0
36084,73.12536927530763,3,4,2.4921232817292935,6,0.5438073714035137,0,0.0,0
36085,50.22492978517712,0,1,5.314305182467298,1,1.0000965326848716,0,0.0,0
36086,53.130140995083885,4,3,5.980782027648277,4,0.9996827401092644,0,0.0,0
36087,52.06104888071339,2,5,8.020588513820766,7,0.9996912286190915,0,0.0,0
36088,32.73422560730875,3,3,7.6971798662209245,1,1.0000935183717101,0,0.0,0
36089,33.2197354884843,2,1,19.991302443454394,1,0.8412819140130129,0,0.0,0
36090,31.746494115325113,4,3,3.7172780824906297,3,0.999897985557161,0,0.0,0
36091,25.525782376761622,4,2,10.496354887884339,4,0.24572128970964058,0,0.0,0
36092,46.32196441566851,4,5,14.623173746381426,3,0.5019297767422879,0,0.0,0
36093,76.13797335238999,8,4,19.990739536636394,7,0.36184011199862304,0,0.0,0
36094,54.11083697689368,2,6,8.150335286855077,7,0.9998504289812823,0,0.0,0
36095,23.96917149493812,2,6,0.9956540525554942,4,0.36102533239760604,0,0.0,0
36096,42.47523985040609,1,3,17.702856060729456,6,0.5018951634564854,0,0.0,0
36097,38.15015879989066,3,4,20.00102718553829,1,1.2095419359051904,0,0.0,0
36098,63.22881525297325,4,6,14.618276397661166,6,1.5049710551573021,0,0.0,0
36099,53.86410418836215,4,6,10.937454055832152,1,0.270471116694018,0,0.0,0
36100,72.3285166029463,3,3,1.6879850056270005,5,0.5030523120437272,0,0.0,0
36101,42.90660275565787,2,6,11.68480665507073,3,0.4358048669770422,0,0.0,0
36102,43.007167782874724,5,1,12.201050195481345,7,1.0002811227713164,0,0.0,0
36103,39.442685182174515,3,1,8.858558656192175,2,0.9996903010310808,0,0.0,0
36104,19.71615578638464,3,7,1.198723435204382,6,0.0,0,0.0,0
36105,49.62697154711207,3,1,13.32700566639356,2,0.5690465620312537,0,0.0,0
36106,45.25782049289314,1,2,8.492582093142227,6,0.0,0,0.0,0
36107,38.62097304634243,2,1,13.442383069874076,6,0.9999475964179804,0,0.0,0
36108,51.268570696144906,1,6,7.014753902307894,7,0.9998628236945835,0,0.0,0
36109,64.89462474993289,3,6,11.945525350351145,3,0.24146116569992493,0,0.0,0
36110,55.78778377027905,5,6,14.87956162668523,7,1.0003755070750444,0,0.0,0
36111,35.91657409298319,2,6,19.5906168930442,2,0.414946866792738,0,0.0,0
36112,37.80000698229758,1,3,11.967729652976603,2,0.9994174657479231,0,0.0,0
36113,26.97504306597706,1,5,17.753809375460982,2,0.25175989502379686,0,0.0,0
36114,39.48661989263188,4,1,0.06534914154599569,5,0.6753142564282565,0,0.0,0
36115,35.86975152698116,3,4,20.00375040284446,7,0.5089957652173679,0,0.0,0
36116,35.920097340789,6,4,12.368674914638097,7,0.9999999568572377,0,0.0,0
36117,26.67748344922932,3,0,8.713140547442615,3,0.9996297863942413,0,0.0,0
36118,48.760632631373255,3,6,10.115880282684413,2,0.7316632813931584,1,16436.437376502712,1
36119,63.33509147631884,3,6,10.878094454251315,7,1.000145628730722,0,0.0,0
36120,29.070459360365895,1,2,7.89444805958936,3,0.6976487945971187,0,0.0,0
36121,24.876696545739357,5,4,19.997267578526348,1,0.0,0,0.0,0
36122,33.607181090948615,3,3,10.766208821134159,3,0.5030372115386466,0,0.0,0
36123,37.29034335466394,2,3,6.112113858360923,2,1.012049594907068,0,0.0,0
36124,39.823339770170875,1,3,5.268978937916925,3,1.0003578763321286,0,0.0,0
36125,40.304781130042365,3,2,3.867260186939676,7,0.08065416872675335,0,0.0,0
36126,47.492036186946386,5,1,16.14929042202634,4,0.9643582910400459,0,0.0,0
36127,34.26181632025077,3,3,0.0,2,0.49553072355508265,0,0.0,0
36128,27.926770055661216,2,2,11.085683906357875,4,0.20776929915987447,1,4252.120093676402,1
36129,33.017497622521404,3,2,10.324944775590415,7,0.9999040960294301,0,0.0,0
36130,62.34743459066843,6,1,14.422205816532884,7,0.9999174918000397,0,0.0,0
36131,27.513997193610596,3,3,6.946387273482869,3,0.9996165262805341,0,0.0,0
36132,45.252018488106536,2,3,9.283185110098577,4,0.5796941480962153,0,0.0,0
36133,59.01579408059684,3,2,6.592550601063186,5,0.2930933947990618,0,0.0,0
36134,47.888440000730846,1,1,4.294425866112746,3,0.5003148315166225,0,0.0,0
36135,61.499261069375024,7,1,10.690251376452592,7,1.0002721233005758,0,0.0,0
36136,30.607746527324018,4,2,9.821636174156797,3,0.9481851594467688,0,0.0,0
36137,49.499289019901255,4,1,14.22770845746242,3,0.9994733587362152,0,0.0,0
36138,36.12573256822426,3,3,17.544916300865275,2,0.495056256714119,0,0.0,0
36139,29.31133417275354,3,1,18.00709854275184,7,0.9994030780857528,0,0.0,0
36140,46.19101699974398,3,5,17.893974038434205,4,1.000266820693643,0,0.0,0
36141,32.703317191285066,3,2,11.79279496452409,7,0.8577360167260346,0,0.0,0
36142,35.783780616596815,3,6,4.897081750408245,7,0.6078968301059823,0,0.0,0
36143,57.842067484943236,4,6,4.170173439215204,7,0.8313702145495383,0,0.0,0
36144,47.570274306903414,1,2,12.44601791074853,7,0.23991041487949832,0,0.0,0
36145,59.06317579365685,2,1,14.57215539899148,6,0.495311342401882,0,0.0,0
36146,61.616521150254115,5,6,15.086983500678498,3,0.6032675946658749,0,0.0,0
36147,34.875290642143426,4,3,10.295805411513264,6,0.2931411223165456,0,0.0,0
36148,51.80378284739021,2,3,5.764481973043885,1,0.9820606373465521,0,0.0,0
36149,54.0851462129637,3,2,19.835277911308363,6,0.4898638399227875,0,0.0,0
36150,20.356307222798936,4,3,0.0,3,0.5675686442927501,0,0.0,0
36151,17.1561536683655,5,6,10.12331416900981,1,0.24991842348187604,0,0.0,0
36152,48.53584225382778,2,3,3.5741835633335315,4,0.23750162361557892,0,0.0,0
36153,31.01985881786172,2,3,14.375147978654987,4,0.033918993769947114,0,0.0,0
36154,24.991736635137833,3,3,11.59151336342096,2,1.000076986863219,0,0.0,0
36155,23.200813657175384,2,6,7.388664794985097,2,0.4092893569585353,0,0.0,0
36156,52.74356361470632,0,2,8.995958722197326,1,0.5285501980675923,0,0.0,0
36157,42.36045396208998,5,3,20.00405164850728,1,0.6001917203743764,0,0.0,0
36158,20.710221357841593,1,1,1.2704482709866305,4,0.9597714934073378,0,0.0,0
36159,54.52450287028417,3,1,14.064005012760738,4,0.9716443804689299,0,0.0,0
36160,47.9359565358472,2,3,6.368339062411594,3,1.0003508657625793,0,0.0,0
36161,39.90949521300882,4,6,15.9931066745074,7,0.30283064984333924,0,0.0,0
36162,23.59367236392407,5,6,8.345344407292288,3,1.0813154932376836,0,0.0,0
36163,52.65422628561464,4,1,16.924183449626128,1,0.9566149499375054,0,0.0,0
36164,47.54131426148043,2,3,13.84568163556269,7,1.000116947821635,0,0.0,0
36165,31.483006520291635,6,4,13.080191774024645,7,0.9997183299526106,0,0.0,0
36166,44.27715961337111,2,3,10.101354486673518,7,0.17416556375570513,0,0.0,0
36167,26.479112119841965,3,6,21.046624915904143,1,0.93533383275681,0,0.0,0
36168,21.044654838811994,6,6,7.429081789308052,3,0.7093608198510943,0,0.0,0
36169,53.35396961831954,3,3,4.860019295053182,0,0.5679933589630343,0,0.0,0
36170,70.44412866235903,1,3,4.965926146840468,7,1.0000559774764248,0,0.0,0
36171,45.82531360152982,4,5,4.920041025995087,7,0.9998982629145354,0,0.0,0
36172,41.477429551822645,1,1,13.706088961048561,5,0.9998014932488861,0,0.0,0
36173,43.076560862291856,6,2,9.847769376337707,6,0.8345125057306867,0,0.0,0
36174,40.207261552810195,3,6,0.0,2,0.0,0,0.0,0
36175,49.34990069534032,3,6,11.194117818849943,3,0.9993810661311779,0,0.0,0
36176,33.875390430505476,3,3,2.495427146786632,5,0.48383015627569526,0,0.0,0
36177,43.892131335582185,4,3,0.0,5,0.26381504818312346,0,0.0,0
36178,46.776385246505576,3,0,17.05991337241578,1,0.999971644943286,0,0.0,0
36179,23.856649570791728,3,6,10.724049462140014,4,1.0000911867757407,0,0.0,0
36180,36.05887341294239,1,2,0.5647451335105984,7,0.2983643353319731,0,0.0,0
36181,56.40218542792323,8,6,20.010912538921705,6,1.167711509375662,0,0.0,0
36182,53.237895692129264,3,4,20.007016385960874,7,0.9995447264931301,0,0.0,0
36183,43.77112322045436,3,1,13.208244863402282,7,1.000258042502606,0,0.0,0
36184,33.96170280095143,4,3,3.591103750988613,3,0.9992829337141784,0,0.0,0
36185,31.7950681908282,2,1,17.470850828887947,4,0.10017570580292856,0,0.0,0
36186,48.98964142251455,2,3,11.481355688087424,7,1.000008031547265,0,0.0,0
36187,49.56826655273057,3,1,16.696591952002635,7,0.9997966232254494,0,0.0,0
36188,54.97830902710245,4,6,14.482308357893546,3,0.8884609234699731,0,0.0,0
36189,54.389935247301175,4,1,19.98943096050372,0,0.16238541131425843,0,0.0,0
36190,31.924146518197986,1,3,18.72406304176175,3,0.5654044814126419,0,0.0,0
36191,55.13231624090425,4,3,8.002468185809406,7,0.9500523592038357,1,2555.550661418216,1
36192,60.59698430794913,3,1,8.44386842348141,7,0.3648168559392775,0,0.0,0
36193,19.195091821672335,2,3,4.448726932747012,3,0.0,0,0.0,0
36194,43.433126136088596,2,1,12.452416055737283,2,0.5763229123762853,0,0.0,0
36195,27.546936447623324,2,2,10.068705704640601,4,0.9767521744878815,0,0.0,0
36196,32.33508787764872,0,6,5.028468480038201,6,0.789510160407763,0,0.0,0
36197,59.81513898359799,4,6,16.581655800974662,2,1.0000054590049472,0,0.0,0
36198,43.41416638981913,4,3,3.8314010342836697,7,0.9996929762104145,0,0.0,0
36199,34.07287972293595,4,4,20.011418309855312,4,1.0000765700136902,0,0.0,0
36200,45.510722245484374,3,4,18.444249300758663,1,1.0001370381764079,0,0.0,0
36201,34.87065482852956,5,5,4.255321989574717,1,0.8852141883058551,0,0.0,0
36202,30.077313078820403,4,5,2.5357440421897657,4,0.45659415840152107,0,0.0,0
36203,48.71709060999692,3,7,19.994613267512705,7,0.9861890996249205,0,0.0,0
36204,39.55190084935506,3,3,20.030106140879194,6,0.9999726286002799,0,0.0,0
36205,51.687902662975496,2,6,15.164677174950576,6,0.4584403200444137,0,0.0,0
36206,56.94020676738998,4,4,7.652164946634945,3,0.9998580047264406,0,0.0,0
36207,38.18124628650715,4,5,5.224335241974421,1,0.08683251898896005,0,0.0,0
36208,44.023598620000946,4,2,10.42878379915635,5,0.8071551353319613,0,0.0,0
36209,53.77999755503067,2,6,13.30686362864564,0,0.7705597785469913,0,0.0,0
36210,34.221700570872386,2,6,8.51644978866702,7,0.8399525585034398,0,0.0,0
36211,47.86882413451503,3,3,3.5153392389870106,2,0.9289183584883468,0,0.0,0
36212,48.642540673431625,4,4,13.843088708285789,1,1.0000330382898992,0,0.0,0
36213,40.544668568219485,2,3,7.612837328593792,2,0.4996829032064737,0,0.0,0
36214,47.729156890226434,3,2,12.100067390188947,4,0.9997953866766078,0,0.0,0
36215,37.642187007416325,1,2,19.999979217784535,1,1.0440031184912275,0,0.0,0
36216,29.47277547012318,3,3,6.82813170131075,3,0.9524325899714561,0,0.0,0
36217,60.24141038013459,2,1,12.666230975885936,2,0.500913663933219,0,0.0,0
36218,40.777034285688785,3,1,7.789473794993977,7,1.0003538283293278,0,0.0,0
36219,39.09068708458003,3,1,15.742559984116582,7,0.9999359486297132,0,0.0,0
36220,40.21904168997076,2,1,19.997113792221235,1,0.8839402885820098,0,0.0,0
36221,55.670986943533734,4,2,13.219489057289167,3,0.97802220929794,0,0.0,0
36222,58.27149232124529,3,2,0.25451647825003754,5,0.2794369260468788,0,0.0,0
36223,29.61994183687174,1,4,11.92920754452877,6,0.5328506237101931,0,0.0,0
36224,31.27679021883748,2,4,8.314487528783308,5,1.0950238282330036,1,6395.360447199932,1
36225,24.78599850135441,2,2,16.446429129747195,3,0.6806920767148906,0,0.0,0
36226,8.482059337541422,2,1,5.936154755294781,5,0.3198779340010226,0,0.0,0
36227,34.38963254307762,5,6,4.02981790918348,2,0.18805021038557962,0,0.0,0
36228,55.441629444044494,3,3,5.207165694478471,7,0.6072553977226742,0,0.0,0
36229,49.359598608357594,4,6,9.704409156714652,7,0.9998544503016684,0,0.0,0
36230,30.54359308249472,1,3,17.24887090426539,3,0.4005575862086362,0,0.0,0
36231,66.59479335471693,3,3,4.618595449308963,5,0.5448490832687012,0,0.0,0
36232,56.833130859304845,3,2,13.788536673489702,5,1.0003819983090723,0,0.0,0
36233,26.213260973810442,4,6,3.0440271444016016,7,0.9658069600399206,0,0.0,0
36234,63.75787797229547,4,5,3.3619603419039947,7,0.8651090805475029,0,0.0,0
36235,52.405701339965084,4,1,13.17471579189135,7,0.4324738224445088,0,0.0,0
36236,54.078613188623436,6,3,14.816588758897364,3,0.49777498721706137,0,0.0,0
36237,47.25220738682055,3,3,8.905369241994894,0,0.3529613343989212,0,0.0,0
36238,12.512485437386726,2,6,18.510786429046888,3,0.4091518498158691,0,0.0,0
36239,18.235791045382275,2,6,18.791171140769073,2,0.9995533801720033,0,0.0,0
36240,34.931653683378876,4,6,12.464397462115189,1,0.978531497724813,0,0.0,0
36241,41.5320375630568,5,5,13.627328656189704,1,0.6326659138551048,0,0.0,0
36242,40.1389820624516,3,6,7.40321833584529,6,0.38641910095508997,0,0.0,0
36243,61.48321739967329,4,1,1.622766679826741,2,0.9998848138334976,1,60872.70839394468,1
36244,23.76211188211018,4,1,11.755877659373597,2,0.23213158214598778,0,0.0,0
36245,43.46663211473298,3,5,10.774291163415132,6,0.4980326003304859,0,0.0,0
36246,37.8561499027573,3,3,10.257856510211422,3,0.25214669872397183,0,0.0,0
36247,30.6652043056202,3,6,10.199992384287519,5,0.8331362532343106,0,0.0,0
36248,32.375840638448906,4,6,16.1357224882494,3,0.3777627036167176,0,0.0,0
36249,42.71469957031405,5,0,19.992757921015823,1,1.0000722422527133,0,0.0,0
36250,65.80830826685607,3,3,12.979114471271325,0,0.9535833594387084,0,0.0,0
36251,57.072312428748134,3,5,7.306949823352089,5,0.4963024061933665,0,0.0,0
36252,54.724111377507995,2,1,9.794122803918206,7,0.9999790948197247,0,0.0,0
36253,58.01101747861533,2,4,27.048770914294337,7,0.9914867530698164,0,0.0,0
36254,37.94141154626818,3,3,2.6418893191928063,7,1.0002324983128865,0,0.0,0
36255,43.86498788789495,3,2,19.438572514390913,6,0.9997055341460331,0,0.0,0
36256,45.96785461348234,3,3,8.804114358130686,5,0.2656829557674002,0,0.0,0
36257,50.557676459115754,5,6,14.06788437380869,2,0.45747560983907876,0,0.0,0
36258,55.08330594563084,5,6,8.78099664303019,7,0.43686797736890887,0,0.0,0
36259,47.05048949756105,4,5,12.133484598950849,7,0.9998161692622229,0,0.0,0
36260,31.659673838505235,3,2,12.319276150432364,5,0.11361898206169074,0,0.0,0
36261,52.19186916503944,5,3,10.967116292123404,7,1.000245382077601,0,0.0,0
36262,59.05422881111808,1,3,18.835867345052495,5,0.503699300109643,0,0.0,0
36263,37.1286679400922,4,2,18.86139882038005,6,0.5437451786440501,0,0.0,0
36264,46.50996934390634,3,2,20.42838495926809,1,1.000218668593405,0,0.0,0
36265,49.481128429055374,4,1,20.00276620827686,4,0.6240465890455319,0,0.0,0
36266,55.349672629862596,2,3,0.0,7,0.9999671556399804,0,0.0,0
36267,46.519268858988994,4,4,6.728871544674468,7,1.0000054010904753,0,0.0,0
36268,42.24548816586092,4,4,19.99633657033958,7,0.2862472148449962,0,0.0,0
36269,59.30358500203975,3,4,13.694005957007258,7,0.2649171604781066,0,0.0,0
36270,57.801680378158835,5,3,12.518220555483227,3,0.9996377796034556,0,0.0,0
36271,34.88008242355214,2,6,8.646095246568034,6,0.3236242380146373,0,0.0,0
36272,48.96619757980605,1,3,6.977635195048676,5,0.3782951599882312,0,0.0,0
36273,51.29524702366415,3,6,11.235498782222463,7,1.0001756117054734,0,0.0,0
36274,34.42448290927364,1,2,3.4093371518770716,6,0.5820495028248402,0,0.0,0
36275,46.17770047611859,1,4,4.632020292826451,6,0.14770948454295585,0,0.0,0
36276,31.74310262358927,5,1,19.99908450572027,1,0.14482665208120926,0,0.0,0
36277,43.90401458357894,3,5,18.24558167086321,2,1.0011482413171218,0,0.0,0
36278,25.31941933579707,3,3,5.899150599035499,7,1.0001957548731468,0,0.0,0
36279,30.53901166452402,2,3,10.807351536778201,0,0.0,0,0.0,0
36280,54.813165292715325,3,1,13.543295958939847,6,0.5010444464681171,0,0.0,0
36281,37.87600800188746,2,2,3.0655653527855016,1,0.28008880930037305,0,0.0,0
36282,57.97477477167128,4,2,0.0,7,0.9900373483959637,0,0.0,0
36283,49.48280359299956,2,1,20.39684878586395,7,1.0005198034678755,0,0.0,0
36284,46.01840586283383,3,3,10.735767381932448,3,0.9824000460083306,0,0.0,0
36285,36.81696223471031,3,6,8.577484155582253,1,1.0212471638696692,0,0.0,0
36286,45.55150166337933,4,1,3.4642134500977706,3,0.9999768742871259,0,0.0,0
36287,73.02820965851676,3,3,9.661479905922972,7,0.9997308975372647,0,0.0,0
36288,43.65506285487862,3,5,10.542328937335776,3,0.5002166381179929,0,0.0,0
36289,10.852773220416978,3,5,12.012457027145476,1,1.0008734008389768,0,0.0,0
36290,47.18104919490278,3,2,8.98233851417044,6,0.6274872102313988,0,0.0,0
36291,58.19084870618363,3,5,16.497214932221453,5,1.0003277957345076,0,0.0,0
36292,39.346687410364915,2,3,12.802032069257171,3,0.7162082167980404,0,0.0,0
36293,27.940346955005527,2,6,6.016208561349011,7,1.000139866166908,0,0.0,0
36294,50.08233729605375,3,4,19.992492723198048,7,0.9998016121094202,0,0.0,0
36295,37.64269719232343,3,3,4.77692076610115,2,0.9999754146473181,0,0.0,0
36296,31.318712831883975,3,4,20.0058052520317,1,0.2388477567329289,0,0.0,0
36297,58.452053337026456,3,3,7.8681502192560835,2,0.5020870639145525,0,0.0,0
36298,50.242960626375826,2,3,3.8721319583717886,3,0.4994073949515134,0,0.0,0
36299,54.50380161007955,0,3,11.198523623430729,7,1.0000750219271335,0,0.0,0
36300,39.03119322280303,3,3,20.00886808440339,1,1.0001319201545953,0,0.0,0
36301,54.865189705696004,3,3,17.4184738494328,1,0.9999204042153655,0,0.0,0
36302,49.97471398575698,3,4,3.374116908228693,2,0.3544115408834112,0,0.0,0
36303,62.386390721380366,1,3,21.140427177284522,0,0.9993919154413595,0,0.0,0
36304,40.92102766712693,1,6,20.631677717368905,7,0.9998979465830893,0,0.0,0
36305,72.14538849689627,3,1,8.033789263133125,5,0.9993128026561445,0,0.0,0
36306,32.99688637932919,2,1,11.459179116529494,2,0.6686666085019084,0,0.0,0
36307,46.56802933206853,6,3,6.286480557553856,2,0.501772119410109,0,0.0,0
36308,60.39517605687405,6,5,14.161660411299922,5,0.96968385197973,0,0.0,0
36309,33.01942176231399,4,2,8.93676641218304,7,1.0010920893512996,0,0.0,0
36310,41.28746218427308,4,1,4.137982362128746,0,0.3925419074601302,0,0.0,0
36311,41.7908843887254,2,3,20.001439089311457,1,0.36707206688597654,0,0.0,0
36312,30.001162465027704,4,6,22.266888510754427,3,0.9995693332923417,0,0.0,0
36313,38.02607695470506,4,5,1.6277058527931398,4,0.2397867093003475,0,0.0,0
36314,27.36380635139792,4,6,15.069990752846618,5,0.6845769840185619,0,0.0,0
36315,52.39459166388081,6,2,7.791200441444032,7,0.9421375185082055,0,0.0,0
36316,26.210688869738107,4,2,8.715939156512693,4,0.42740113537282076,0,0.0,0
36317,33.87738847035901,4,3,1.826332136778614,2,0.49996559250784434,0,0.0,0
36318,36.505125669723114,3,6,23.089977533436723,1,0.9841715098672568,0,0.0,0
36319,42.11313231861975,4,4,8.511991364301371,6,0.6630281568260646,0,0.0,0
36320,61.746329090702616,3,5,4.32299313455373,7,0.951656479272452,0,0.0,0
36321,26.98132780975798,1,4,19.996839578996905,7,0.3934091549042955,0,0.0,0
36322,65.17886668816305,4,1,18.11839896405771,2,0.9595613093465051,0,0.0,0
36323,73.95761739089924,1,3,7.060240202891361,2,0.603945902336539,0,0.0,0
36324,66.57863351977122,5,3,14.720748650293618,4,0.49567309564517936,0,0.0,0
36325,32.28195303782458,3,4,2.4397722780704516,2,0.7677410055629814,0,0.0,0
36326,52.78623627583204,3,6,14.730083685050749,1,1.006544649574436,0,0.0,0
36327,53.172805118731226,3,2,15.594102315497848,2,0.9997718087745882,0,0.0,0
36328,28.448397097804985,3,2,6.421762281156089,4,0.23573167972904613,0,0.0,0
36329,47.5839209578637,3,6,10.280185913528465,4,1.0005305680177192,0,0.0,0
36330,39.58297550038918,5,6,5.709241303251399,2,0.1925218435804233,0,0.0,0
36331,39.51498004464669,4,2,19.9998484862922,1,0.9994480290843253,0,0.0,0
36332,28.813323813197485,3,5,12.090339253328986,1,0.24618223083701624,0,0.0,0
36333,55.89797543500019,5,2,7.418025960928315,1,0.17823145094839965,0,0.0,0
36334,46.797711771598046,5,3,18.09768515669014,7,0.7547419552054356,0,0.0,0
36335,20.727569559153448,5,6,12.489375609437314,3,0.6271406120818231,0,0.0,0
36336,48.577214826305116,3,2,2.4037082747626517,7,0.9991967756767981,1,63765.59194347287,1
36337,41.59298901557351,1,3,6.839749688372775,1,0.2311822542771499,0,0.0,0
36338,56.37461732327069,5,4,20.003768349252283,7,0.25375104582013835,0,0.0,0
36339,43.31676292178893,3,2,6.90640107320407,2,0.9998321097269078,0,0.0,0
36340,53.27489352566165,3,1,16.69051156215642,7,0.9999484345894474,0,0.0,0
36341,57.49400117784404,2,2,20.0054302475229,6,0.6282169506709915,0,0.0,0
36342,27.019278054433762,1,3,7.48872370273927,7,0.9997685549068348,0,0.0,0
36343,38.151703805059675,1,6,8.078094494745258,4,1.0001213090655878,0,0.0,0
36344,24.809401257939133,3,6,15.622666120113617,3,0.3722426312937357,0,0.0,0
36345,47.558472475617236,4,2,6.0924488914218475,6,0.9999471057410855,0,0.0,0
36346,32.50107448539758,2,6,17.080732188381283,3,0.6189658773914364,0,0.0,0
36347,24.535894047947846,2,2,8.948705405085168,7,0.9997392157806301,0,0.0,0
36348,58.35868723556156,5,3,8.835334375552486,3,0.4983057734942776,0,0.0,0
36349,54.90406066328378,3,6,6.563692566240032,7,0.9996463137164323,0,0.0,0
36350,45.32327969755237,2,1,19.988385210103317,5,0.48847916132752534,0,0.0,0
36351,54.75184826637327,4,2,1.841819380720601,1,0.36120966199563104,0,0.0,0
36352,40.025706499199934,4,2,6.080325847249222,5,0.8692965478516135,0,0.0,0
36353,75.09604762948614,2,2,15.852192164828853,7,0.9872577141540197,0,0.0,0
36354,18.576269994568083,2,6,21.95870775284876,3,0.5726808098897659,0,0.0,0
36355,29.602654230848337,2,6,20.91200239190265,6,0.6625192634332896,0,0.0,0
36356,53.50085844235029,3,6,15.772844771513785,7,0.3145197141205548,0,0.0,0
36357,51.96077452124572,1,1,0.0,3,0.1557895618129297,0,0.0,0
36358,46.85684983170157,4,3,8.540830850125996,1,0.0,0,0.0,0
36359,53.574038255928166,4,6,6.204354963861778,2,0.7344304090125814,0,0.0,0
36360,43.92288494639305,3,1,20.00499686830004,3,0.629486627707126,0,0.0,0
36361,26.55327716515997,4,7,13.535450423828877,2,0.6223135205531071,0,0.0,0
36362,66.93087897762328,3,1,6.017958548441608,4,0.5002138808276182,0,0.0,0
36363,22.037886211230873,5,6,7.539610770635631,2,0.5840890332719408,0,0.0,0
36364,53.309125016458864,3,6,4.300000866753576,3,0.4218748004794716,0,0.0,0
36365,55.1794826323144,3,1,4.95199060957894,6,0.5000140343411124,0,0.0,0
36366,19.39723690411701,3,6,1.8248829284407364,2,0.319556279708506,0,0.0,0
36367,45.11367044761926,3,1,19.997400131848373,2,1.0742201597895324,0,0.0,0
36368,56.90688375484973,2,6,17.96466207999975,2,0.5426917763556891,0,0.0,0
36369,47.75307881260641,1,3,12.284596612428798,4,0.552024920100401,0,0.0,0
36370,49.067928376630526,3,3,19.997459128348687,7,0.5943629301663098,0,0.0,0
36371,21.870008154929387,4,5,8.331682887143522,2,0.2375589701605168,0,0.0,0
36372,55.01970038771695,1,1,13.018338230200898,2,0.6537127276831818,0,0.0,0
36373,61.87408991909135,2,4,20.00291331698093,1,1.0002547122005017,0,0.0,0
36374,39.48592044569648,1,3,19.53137633604126,0,1.0005224846009475,0,0.0,0
36375,5.310064182801952,3,5,12.941994393538481,7,0.9837113740007255,0,0.0,0
36376,49.641027617189096,5,6,10.33515641882668,4,1.0000281673087024,0,0.0,0
36377,42.27840572697513,2,1,10.722381871939453,3,0.2386924868069355,0,0.0,0
36378,36.324192406636186,2,3,19.097481724151848,3,0.9818465554162639,0,0.0,0
36379,28.314332349499303,3,2,11.964867083207851,2,0.9797933613768153,0,0.0,0
36380,28.358597281460554,4,7,8.962034493043042,6,0.5607830089304106,0,0.0,0
36381,48.52075438854042,3,2,10.383766018591288,7,0.999715198344543,0,0.0,0
36382,33.687115869433896,3,6,7.910209075811986,7,0.9998625205683158,0,0.0,0
36383,56.120072254399474,3,3,12.127917434694913,7,1.0004094813729194,0,0.0,0
36384,44.36145549819694,4,4,19.992365831814425,1,0.9999524896909523,0,0.0,0
36385,59.99293923848187,3,1,8.486795073233697,7,0.9040148741904639,0,0.0,0
36386,48.571057107435486,3,2,19.99805140579265,1,0.04589475330209625,0,0.0,0
36387,21.314405994662977,1,3,2.5930566575282334,4,0.764608227896509,1,1374.204414282767,1
36388,35.39838412859877,3,3,3.420543597712709,3,0.11937092408138317,0,0.0,0
36389,21.893551504925544,3,6,9.127128571084578,3,0.9323143129678467,0,0.0,0
36390,51.107330918119004,2,3,15.02518009906216,3,0.7749222070657215,0,0.0,0
36391,27.575916886607878,2,6,21.160015130025883,1,0.9656167215648901,0,0.0,0
36392,40.304918417387974,2,4,15.872237292514743,2,0.49230991732414087,0,0.0,0
36393,43.21368036567865,3,2,5.971312957400249,7,0.9997465049934237,0,0.0,0
36394,53.552510720698706,4,1,6.951053251042032,7,0.999616621051644,0,0.0,0
36395,50.7731878287304,4,3,18.776415820504386,7,1.0002457226369224,0,0.0,0
36396,55.348653360490246,0,3,3.456200603173034,0,1.0001873930004546,0,0.0,0
36397,42.70200268756261,4,6,9.299026142097674,7,0.999969585752547,0,0.0,0
36398,59.56421397026671,3,1,13.593621994421033,7,1.0001712734817247,0,0.0,0
36399,39.060703029728195,2,6,10.201103822056531,7,0.6335071114236834,0,0.0,0
36400,37.758461328257184,4,4,24.228814169687787,2,0.704637732797747,0,0.0,0
36401,44.11171105240888,4,2,2.3999185797523612,7,0.9996785662431725,0,0.0,0
36402,54.77392264653764,2,3,6.8406986242241326,7,0.9999894736945514,0,0.0,0
36403,27.171302250725244,4,6,4.216439388921979,5,0.5128721293586358,0,0.0,0
36404,63.15131034224043,0,2,6.976098972036686,2,0.7008922054634847,0,0.0,0
36405,39.88399259806148,3,3,20.00462922557973,7,0.9957310991503873,0,0.0,0
36406,39.80661839256924,2,6,13.097122283289728,7,0.13029651499208983,0,0.0,0
36407,71.69448830549001,4,3,9.966152986817175,5,0.4985986621517604,0,0.0,0
36408,42.43588053814018,1,3,7.436993115124126,2,1.0004800415098005,0,0.0,0
36409,45.74763841230799,0,1,20.003507097767617,2,0.7160774195064725,0,0.0,0
36410,36.05547888110298,4,3,17.11568922995986,6,0.924736012746097,0,0.0,0
36411,49.0307702579403,1,6,9.837624689813115,2,0.5614248719990981,0,0.0,0
36412,34.48208898139896,2,2,4.808200137512593,1,0.4237242856999182,0,0.0,0
36413,45.10173568245315,2,3,0.0,0,0.26578576064020765,0,0.0,0
36414,43.473999869958845,4,4,6.520276568265459,6,0.024805882553633363,0,0.0,0
36415,51.605235076778975,1,6,10.263968248895996,4,0.5830908024518823,0,0.0,0
36416,30.997905327489885,5,6,3.3991669292253137,6,0.6008514239609196,0,0.0,0
36417,38.50259317470622,2,6,3.3260957746629565,7,1.000163004566013,0,0.0,0
36418,61.723775548602056,1,6,16.976403289611383,5,0.9339437233861508,0,0.0,0
36419,26.184462865411028,3,2,9.91491469558184,2,0.44593166928489336,0,0.0,0
36420,24.208443966032213,3,3,3.758499826548233,7,1.0001278817080024,0,0.0,0
36421,42.21812433123274,2,3,16.887598112917363,1,0.9710158306551252,0,0.0,0
36422,69.09769762191539,1,3,17.312709744870496,4,0.5742387031735839,0,0.0,0
36423,31.36080031258821,4,4,16.97892368529903,1,1.0260754611829634,0,0.0,0
36424,52.65411935997613,1,6,7.1198014425605205,7,0.07968593033983018,0,0.0,0
36425,31.422494856212285,3,3,8.946068359636891,6,1.0002164918855063,0,0.0,0
36426,70.95971978262286,6,1,0.0,2,1.0003813468095217,0,0.0,0
36427,45.520406172253246,0,3,12.57710235937414,7,0.7023047373702435,0,0.0,0
36428,33.810546452056904,5,3,12.762043160596264,2,1.0001044829164827,0,0.0,0
36429,44.90192913855971,6,3,8.752694612090865,1,0.48795841297953224,0,0.0,0
36430,55.31038635893179,3,4,15.409354612795719,1,0.9993917572376361,0,0.0,0
36431,36.53248492262584,2,5,5.724041238281235,1,0.7867092339804178,0,0.0,0
36432,42.194042265905814,3,1,2.3191287471010877,4,0.300976865140788,0,0.0,0
36433,45.164774498397875,2,6,5.70179248489129,7,1.000476137537604,0,0.0,0
36434,49.95427813966991,4,3,7.560608371995444,6,0.9997665151135198,0,0.0,0
36435,35.87464421220247,4,3,2.0631891858166327,4,1.0043900391682223,0,0.0,0
36436,30.309106426265902,4,3,18.578399347815363,1,0.9326509088981775,0,0.0,0
36437,41.30483548239807,2,5,20.921234101712663,2,0.9775780294877008,0,0.0,0
36438,54.1344320132592,1,5,6.8887628380685,7,0.923816575469758,0,0.0,0
36439,55.351419692967,3,2,6.1936886406673395,1,0.9999537009360778,0,0.0,0
36440,39.53763812582686,3,2,15.851537895883691,4,1.0000941472447895,0,0.0,0
36441,41.43969641886863,3,3,6.359118249066792,6,0.9355098615616168,0,0.0,0
36442,69.92902145350652,3,4,20.000883722147297,1,0.6528902936437864,0,0.0,0
36443,49.18255321494091,5,3,16.67051212904803,6,0.501688747954391,0,0.0,0
36444,52.18657369762241,4,6,9.487961615214193,7,1.0002858122251677,0,0.0,0
36445,26.537057060304612,3,3,6.034454079171981,2,0.5040019691519269,0,0.0,0
36446,63.10443553856894,2,6,11.612398206739824,5,1.0005945990961407,0,0.0,0
36447,48.705879827351396,3,3,7.561190226258132,1,0.9966834738004791,0,0.0,0
36448,45.53925798366111,1,2,17.400063837305265,7,0.9998848052924691,0,0.0,0
36449,60.49371056975512,4,2,9.037208906815499,3,0.3173762148621164,0,0.0,0
36450,35.80894451943027,3,2,10.792454553931647,1,0.9991623457173208,0,0.0,0
36451,49.51841004379273,2,1,8.793326481881511,6,0.9368709920599476,0,0.0,0
36452,46.087435453051135,2,3,6.7122082889142325,2,0.9716056799046682,0,0.0,0
36453,27.054954219411666,1,3,11.560831354399955,1,0.0,0,0.0,0
36454,51.36532764241855,3,2,10.087354939611467,7,0.7595690802741802,0,0.0,0
36455,40.58613790486653,3,5,18.504300018748204,7,1.0002811061992727,1,5009.588730121507,1
36456,44.44484283885492,4,1,0.0,5,0.9997631848084884,0,0.0,0
36457,39.255290256736615,2,3,11.842919565448886,2,0.97891359884748,0,0.0,0
36458,37.97298354791716,3,2,19.252411866151046,4,0.9992139018086847,0,0.0,0
36459,63.840124654062464,4,5,20.80675770893664,7,0.9996209151269811,0,0.0,0
36460,45.2853629574014,4,3,7.446061611519453,7,0.9998916896931828,0,0.0,0
36461,44.421887516511646,6,3,8.268127083522817,7,0.8216568529078768,0,0.0,0
36462,34.71479825390375,2,6,8.186380991342892,4,0.9998592261438473,0,0.0,0
36463,61.48473030640653,5,3,10.047498239886842,3,1.0004063255313322,0,0.0,0
36464,60.86914113441126,1,1,23.6801523410317,7,0.9715076767881956,0,0.0,0
36465,29.299072579430778,5,6,3.160970359736111,2,0.5523863144389302,0,0.0,0
36466,40.63765741994008,6,6,10.754906409936147,1,0.0,0,0.0,0
36467,61.040502948565916,2,4,20.010541739030067,1,1.0001409883618302,0,0.0,0
36468,53.658239202153766,2,1,8.013158253112676,3,0.6402318508785352,0,0.0,0
36469,49.983919933861465,2,6,12.769576160006462,3,0.9997414052909599,0,0.0,0
36470,43.441062201903804,4,2,10.206383684903432,7,1.0000645196684899,0,0.0,0
36471,55.36377499136793,2,4,13.336558391468344,7,1.0004558693433903,0,0.0,0
36472,28.473666619170267,2,6,14.491068276199531,3,0.3260546915443731,0,0.0,0
36473,26.85397580274068,1,5,5.95171343644869,0,0.7833305615249562,0,0.0,0
36474,46.063268967752215,3,3,9.65478215511105,6,0.9517792870181587,0,0.0,0
36475,45.84990771252916,3,1,19.209757355866124,5,1.0002013020078937,0,0.0,0
36476,46.47813878716087,4,2,16.34229752125288,7,0.999755986032125,0,0.0,0
36477,0.0,3,4,12.364826943675762,3,0.40150281584186753,0,0.0,0
36478,52.40752213419704,4,6,5.043576003471049,1,0.9481413739422433,0,0.0,0
36479,42.76013740211475,6,3,0.0,2,0.4301739552674286,0,0.0,0
36480,45.74500834264644,2,3,1.1103945032953124,7,0.9993884497811814,0,0.0,0
36481,57.20848253622619,3,4,17.316725970970747,1,0.9995969505377742,0,0.0,0
36482,33.61438016261009,4,6,9.236954015900182,7,0.9998663006614923,0,0.0,0
36483,19.39688828255854,5,3,3.887990950657686,3,0.18639293887823116,0,0.0,0
36484,38.11045738267292,3,6,8.155754308937219,4,1.0000867984231192,0,0.0,0
36485,40.65587263935276,3,5,6.6977333857890216,7,0.2155608326629373,0,0.0,0
36486,55.21610012114144,4,6,15.214533934703049,6,0.9996869252293392,0,0.0,0
36487,41.13142305427142,3,2,2.8265446174947435,1,0.9750725666382979,0,0.0,0
36488,33.45889872318624,4,6,14.744727038652817,2,0.0,0,0.0,0
36489,39.52642080949061,5,2,14.176045995383522,1,0.20580418803915507,0,0.0,0
36490,41.8543958260938,3,6,13.568485752946648,7,0.33255680812051697,0,0.0,0
36491,59.65733772368304,3,3,2.4998638316470725,7,0.9995883772073213,0,0.0,0
36492,52.17578185237447,3,7,15.737488218808572,6,0.49657132335768606,0,0.0,0
36493,46.15517341670736,3,3,16.656183283200267,1,0.9588780620721328,0,0.0,0
36494,44.05387620905056,3,6,14.782148011368449,7,1.000357340820139,0,0.0,0
36495,46.69656311008205,5,6,5.9851522969794395,2,0.061019063435793885,0,0.0,0
36496,32.06657441714003,3,7,6.720399866343028,7,0.580720459132551,0,0.0,0
36497,51.33135268141719,4,3,7.681995015981535,4,1.000103062229706,0,0.0,0
36498,43.62003841476105,1,1,7.188633872327381,7,0.4246190335033048,0,0.0,0
36499,36.04276922470663,2,3,3.2615612856292993,3,0.3576580954618746,0,0.0,0
36500,41.42911519957908,4,5,18.45211373152783,7,1.0000519241179258,0,0.0,0
36501,16.99597415881063,4,2,4.121910930918361,7,1.0001912596017986,0,0.0,0
36502,57.36573443047809,3,6,6.73314250983536,7,0.9780464749287452,0,0.0,0
36503,38.20338987163706,1,3,11.852301106618363,7,1.0000557187994632,0,0.0,0
36504,36.34955676647344,3,4,19.992336653309067,7,0.9998667370394628,0,0.0,0
36505,65.93180047921598,2,2,15.362161251371685,7,0.9994067997250484,0,0.0,0
36506,38.09990147385205,4,3,4.310764296946968,3,0.3210332206411242,0,0.0,0
36507,21.679868511739585,3,3,4.313641357974903,2,0.4474455029458383,0,0.0,0
36508,27.489275535066632,3,2,2.164323482505571,5,0.9646231318974527,0,0.0,0
36509,42.60723314956382,3,2,12.405979438293276,1,0.057722976845939966,0,0.0,0
36510,31.573831568788997,4,3,11.11690921209028,1,0.1348070515735128,0,0.0,0
36511,53.49607026275871,3,1,0.6416525659341534,7,0.7670471620583472,0,0.0,0
36512,16.044453952749755,3,2,11.862236989586046,1,0.008465599689260861,0,0.0,0
36513,54.54749263454078,4,1,13.716142037317338,3,0.9720279056727481,0,0.0,0
36514,27.521053044175964,3,1,8.941855299706031,7,0.6963349374605794,0,0.0,0
36515,49.11348860597337,3,6,12.442978381789915,7,0.9991318530438333,0,0.0,0
36516,31.427448425176117,4,1,7.610204014208835,7,0.3106926845183274,0,0.0,0
36517,64.06618245675021,0,3,6.187736894311203,2,0.522274638862908,0,0.0,0
36518,36.656926474198826,4,2,14.535997289943218,5,0.5610380465126203,0,0.0,0
36519,36.483832061275216,4,2,12.917209275800674,1,0.9996687380694772,0,0.0,0
36520,46.03689151093935,3,1,13.460126348911702,7,0.5732807836613911,0,0.0,0
36521,30.821688737628318,3,5,6.415499345416812,1,1.119079443664086,0,0.0,0
36522,35.67222128869462,2,3,14.03607462805531,4,0.7159621337219708,0,0.0,0
36523,36.08663631201465,1,3,13.124387609796813,1,0.0,0,0.0,0
36524,17.77729676607584,4,2,3.297028922251309,7,0.1657685634743279,0,0.0,0
36525,62.542434914043994,3,4,19.99724857000116,2,1.000125264174469,0,0.0,0
36526,74.78621075339524,5,3,11.855715620013818,7,0.12417248730676711,0,0.0,0
36527,36.09831575922009,3,1,2.751508603961792,4,0.9934468176682749,0,0.0,0
36528,48.33398487228934,2,6,1.850657808081687,2,0.5854702939532676,0,0.0,0
36529,54.333369740550246,4,5,19.836249640950406,5,0.9997876305133437,0,0.0,0
36530,54.413652691066005,2,3,6.5950071494220275,7,0.9995297224003434,0,0.0,0
36531,24.685123327635186,7,5,11.837637838957226,3,0.6809342293126014,0,0.0,0
36532,38.24263559135507,4,3,10.837074237019072,6,1.0227481558661604,0,0.0,0
36533,39.19914469947509,4,1,0.0,0,0.33844932373144015,0,0.0,0
36534,49.15239113629157,3,2,11.544032275392825,3,0.944223688383167,0,0.0,0
36535,22.270581728829487,5,2,14.52897742659793,1,0.5416121413087359,0,0.0,0
36536,43.42858077870373,3,1,14.4442331092579,7,0.6975274380155925,0,0.0,0
36537,27.673534152364397,2,3,7.766277708226561,7,0.3891568472495864,0,0.0,0
36538,43.98329832686564,1,4,20.002637487778497,7,0.8054469720417072,0,0.0,0
36539,26.125319805025715,3,2,3.7740400115109507,4,0.3175454575742374,0,0.0,0
36540,49.130539341389834,4,6,20.16075351593976,2,0.06520101837433367,0,0.0,0
36541,65.4816994512373,2,3,5.79626686851954,2,0.5014524650189354,0,0.0,0
36542,63.12429083287619,4,1,1.9963309425229845,3,0.9996891147788249,0,0.0,0
36543,36.57356438738845,3,3,11.80764327906984,7,0.48660752748964864,0,0.0,0
36544,21.011295495721864,3,1,7.669130191719146,2,0.497555951087409,0,0.0,0
36545,44.91372786466195,4,2,5.684867256917393,7,0.9997283847425734,0,0.0,0
36546,37.119954142919,3,1,3.1261945197189505,7,0.42540713910343575,0,0.0,0
36547,53.97455937039349,3,1,16.424463746991606,2,0.9999490198057401,0,0.0,0
36548,25.092958291799153,5,2,6.065893225574836,2,0.3239743186932447,0,0.0,0
36549,26.667435283564547,3,3,17.633742989815925,2,0.999956626140624,0,0.0,0
36550,24.874014432250213,1,5,1.379228394278483,2,0.0023603548030719512,0,0.0,0
36551,55.628508073667646,2,5,4.10439661059959,0,0.9995652795921215,0,0.0,0
36552,30.128831388184135,2,1,7.674396460455717,4,1.0006551120445726,0,0.0,0
36553,46.38186797693872,3,1,20.00774532732563,3,0.24094688574410428,0,0.0,0
36554,49.17212959165652,3,5,5.615969192832811,3,1.000472928863093,0,0.0,0
36555,39.92445667426227,4,2,13.718202857718122,3,0.289076292017065,0,0.0,0
36556,44.90509481163774,5,2,17.6831944193304,7,0.9999500474471457,0,0.0,0
36557,61.04224276849962,2,3,2.9556356393379755,1,0.9998777072778565,0,0.0,0
36558,71.87359946880512,4,4,7.9201252666487925,1,0.9889766229622181,0,0.0,0
36559,33.82967604108909,1,4,20.00252084883646,1,0.9997085695986547,0,0.0,0
36560,25.713176376305054,4,3,6.389223311865378,0,0.3965809336525188,0,0.0,0
36561,24.75806131264007,4,1,16.504392662515034,1,0.33043781834206165,0,0.0,0
36562,47.022024958553665,3,5,12.279368490443176,7,0.10016813160451898,0,0.0,0
36563,53.41771197108634,2,3,8.801432033482447,4,1.000180752115474,0,0.0,0
36564,30.146802779671468,3,2,9.900277863258493,1,0.39965989438765237,0,0.0,0
36565,53.377853582565066,4,5,12.47895670817798,7,0.9999500233480532,0,0.0,0
36566,33.782333088022014,3,3,3.254383952138377,3,0.999400014503502,0,0.0,0
36567,51.15425832844622,4,4,16.045713359838864,7,0.7836036779509685,0,0.0,0
36568,51.21387555924312,0,4,19.997101826088915,7,0.1721375983508301,0,0.0,0
36569,47.00813428739196,2,6,6.942740668645818,3,0.46578105771101996,0,0.0,0
36570,62.33771901156256,3,7,3.845527832722044,7,0.974042542574366,0,0.0,0
36571,35.50345214112731,2,4,13.110821616373666,0,0.4231506067627651,0,0.0,0
36572,31.721151121927143,4,4,12.983525728591317,7,0.9999385135789556,0,0.0,0
36573,40.335617768382846,0,1,11.053125054580427,7,1.0001794311965262,0,0.0,0
36574,49.39173658756263,4,1,2.1498011827431167,5,0.5071706551133865,0,0.0,0
36575,44.83860421830381,1,4,7.11569416276459,4,0.890498636352604,0,0.0,0
36576,72.58744977317764,2,4,0.0,1,0.9696230649900217,0,0.0,0
36577,48.46480497017964,5,4,17.002675500657592,1,0.987380561409797,0,0.0,0
36578,77.3545357844425,3,3,12.801684810627323,7,0.990532613369618,0,0.0,0
36579,33.9522923622663,2,3,5.353692293675257,2,0.31074658543029965,0,0.0,0
36580,28.325544177752633,3,6,23.561993900960594,3,0.7749165289660984,0,0.0,0
36581,47.29786774418337,4,2,2.929909753347257,1,0.1758640253022027,0,0.0,0
36582,28.870993129005686,3,2,20.021256436542856,4,1.0005184273914876,0,0.0,0
36583,62.14722588953679,1,2,16.811823090338223,1,0.7504123391853438,0,0.0,0
36584,53.94519046739114,4,3,18.450015956238133,4,0.28503458001618664,0,0.0,0
36585,30.865231815737665,2,4,8.799519285331296,5,0.18868746803258335,0,0.0,0
36586,60.38132550770113,3,5,14.812631474882332,2,0.5003915944491929,0,0.0,0
36587,37.0952385384896,2,6,14.743763998476993,7,0.49475177592201813,0,0.0,0
36588,34.46235552147414,4,1,13.742644536771694,7,0.6766829378191254,0,0.0,0
36589,51.003898443978976,1,3,16.665061215998,5,0.5001361019658592,0,0.0,0
36590,45.77316538897741,3,4,14.17958432031159,2,0.7746405226501439,0,0.0,0
36591,33.87441719949047,4,5,1.2551802802917482,2,0.9246527286113106,0,0.0,0
36592,19.995631009416005,3,6,26.754070298006873,6,0.3338757788347761,0,0.0,0
36593,18.971398856139103,0,1,4.983145682938569,1,0.0,0,0.0,0
36594,45.17610441067681,3,2,7.1708909143793065,4,0.7106152873482763,0,0.0,0
36595,26.56445044811371,2,3,15.187860711460807,1,0.9363904370055327,0,0.0,0
36596,41.654596481472836,6,1,13.460321661540215,7,0.9345265655916086,0,0.0,0
36597,52.59586424730351,4,6,8.764893695218774,4,0.567573083584487,0,0.0,0
36598,23.516053018441035,0,1,16.717750333143936,7,0.9998305749714392,0,0.0,0
36599,41.81469542600428,2,6,9.288821558841414,5,1.0000028920012771,0,0.0,0
36600,35.172933963622654,3,3,19.9879799039226,4,0.954283400631173,0,0.0,0
36601,38.28643175027037,5,3,5.884660373764085,3,0.5049229180685116,0,0.0,0
36602,48.393470057998854,1,6,18.664124336343576,5,0.444193214480663,0,0.0,0
36603,62.34061361900136,4,3,13.05199090063698,1,0.9995998082902127,0,0.0,0
36604,36.406314788780755,2,3,7.973344423172219,1,0.23241045475768707,0,0.0,0
36605,53.533845117944395,0,3,9.530270014893034,7,1.0005675788096213,0,0.0,0
36606,45.195974146506444,2,6,13.244158900941787,5,0.4837649503796975,0,0.0,0
36607,60.79639303657896,2,5,14.402999152599255,5,0.4977252725104261,0,0.0,0
36608,50.67529865121361,3,5,0.0,0,0.9999398987596166,0,0.0,0
36609,53.16659041523706,2,6,14.311676962371722,7,0.4366173157529014,0,0.0,0
36610,20.90124022299014,3,1,12.861583409332134,2,0.21840991140766597,0,0.0,0
36611,30.270291366608234,2,6,4.026418637863799,6,0.2987024652849333,0,0.0,0
36612,37.909951283092354,3,3,10.992763861817332,2,1.0000921954625048,0,0.0,0
36613,42.448531833325475,4,6,11.327789738611004,6,0.9995407725332326,0,0.0,0
36614,53.709635687545706,1,0,13.728270527528704,6,0.15696107901196232,0,0.0,0
36615,41.792821577736234,2,3,22.61137599505237,4,0.49695457342530325,0,0.0,0
36616,48.96391647397227,4,0,14.846533724213204,6,0.7266276529667864,0,0.0,0
36617,28.118482922563402,2,2,10.52568668903432,3,0.9709072636311356,0,0.0,0
36618,51.327807480247024,3,4,20.008397565437875,1,0.9999662393519639,0,0.0,0
36619,27.36578529360404,3,4,15.870332763849891,2,0.0,0,0.0,0
36620,40.034587144176726,4,3,16.059959477501913,6,0.10331735093733141,0,0.0,0
36621,38.468168343282976,3,3,20.717841685776115,1,1.000353177358992,0,0.0,0
36622,18.178406969200505,2,6,14.277344103800424,1,0.3828831545524841,0,0.0,0
36623,38.886527231313906,2,5,13.5851306476895,2,0.3890339076265167,0,0.0,0
36624,65.05271778769446,1,4,19.998028119132712,2,1.0003209144173764,0,0.0,0
36625,15.212162578151549,2,7,9.2226644982407,1,0.1388610417277687,0,0.0,0
36626,54.9038304521565,2,6,12.22985798898334,7,1.0002866006126625,0,0.0,0
36627,39.84686545315439,2,6,17.985441893504703,4,0.7998486468457107,0,0.0,0
36628,36.285967106292304,1,1,16.476180895410202,3,1.000761035657088,0,0.0,0
36629,36.99082611917485,4,5,12.36784557100005,7,0.999909670731961,0,0.0,0
36630,34.93331752399291,1,2,15.904904638184483,5,0.3151805139861903,0,0.0,0
36631,44.93928337847608,2,1,13.053548837794423,5,0.4419601373005091,0,0.0,0
36632,54.84513800680313,1,5,3.3877249479843803,3,0.9603075563650338,0,0.0,0
36633,25.783863943093372,3,1,7.164851741937758,7,0.0,0,0.0,0
36634,34.30235785981803,4,1,13.814692102240528,4,0.3749428035443543,0,0.0,0
36635,52.989251514979856,3,3,9.579598744301752,3,0.5003888802505134,0,0.0,0
36636,35.386538227019045,3,1,11.431016754219344,3,1.0000871019915065,0,0.0,0
36637,51.81953746944223,1,6,15.357554383502748,3,0.15515180536681883,0,0.0,0
36638,28.596723598667893,6,2,3.1608032705220532,3,0.23389372826394883,0,0.0,0
36639,52.00082082824383,2,2,5.816268851341826,7,0.6128025565453451,0,0.0,0
36640,33.09303113411873,2,1,18.337312545038603,7,0.7038771712422075,0,0.0,0
36641,42.18272515367927,6,3,8.65784770712799,1,0.4969736927706786,0,0.0,0
36642,48.99980617839276,3,3,15.064937357238438,7,1.0000951256461175,0,0.0,0
36643,44.78235141180548,3,2,11.32294044251594,5,0.6327104161493956,0,0.0,0
36644,31.937321254478622,5,1,0.42268867619666395,3,0.36608611936856406,0,0.0,0
36645,31.774128367704364,3,2,5.438145397187913,7,0.6789440165456289,0,0.0,0
36646,34.24574754693212,3,2,9.55608751390819,5,0.33081686017614853,0,0.0,0
36647,31.28921457801645,4,3,8.460820270440678,0,0.4977827353084602,0,0.0,0
36648,46.19037266851065,2,4,11.864641738249757,7,0.96471652153705,0,0.0,0
36649,49.56763809888987,1,2,4.45586281579849,7,0.33904877491151736,0,0.0,0
36650,37.928260864605704,2,1,7.227309241986826,5,0.6665094337619835,0,0.0,0
36651,29.041372536813647,3,1,4.594707614166458,4,0.6165667787845035,0,0.0,0
36652,37.716914611225036,3,2,15.31537452216171,3,0.9991770526086309,0,0.0,0
36653,38.18991575904815,1,6,20.000004015351216,1,0.25368745599762393,0,0.0,0
36654,60.55050688741882,3,6,17.009114083423185,4,0.9998827226484275,0,0.0,0
36655,43.54175542061698,3,1,17.17786100914177,3,0.9993339944176516,0,0.0,0
36656,44.007684232996525,2,6,4.711767482446379,1,0.0,0,0.0,0
36657,47.25230337538512,4,3,16.883141292884083,3,0.49505665202129734,0,0.0,0
36658,39.13100765957516,4,1,0.0,3,0.20042812005068056,0,0.0,0
36659,53.166504934507884,2,6,16.458669271179566,6,1.4344115050799098,0,0.0,0
36660,35.010843871349124,3,4,8.143860114982092,7,0.22404481432861467,0,0.0,0
36661,45.732249725985426,1,1,20.00325659191926,5,0.4132100609134712,0,0.0,0
36662,47.8481584736178,3,2,15.385547132452569,1,0.4663507982333219,0,0.0,0
36663,18.117786959958682,4,6,11.815086838841568,6,0.4169687964753001,0,0.0,0
36664,19.15888972556664,3,2,12.455303232309276,2,0.9518761829224508,1,1301.5737918185232,1
36665,45.031173954074376,2,5,11.886204275216343,1,0.9726475694667017,0,0.0,0
36666,32.204958029210175,2,3,8.963104727951913,2,0.0,0,0.0,0
36667,83.36312450859178,3,3,19.249229100936347,2,0.5037464043519101,0,0.0,0
36668,27.497289382411406,1,6,0.0,4,0.22342016305248358,0,0.0,0
36669,41.61201185524526,3,1,14.93398978321769,2,1.000047746506186,0,0.0,0
36670,58.313790852807,4,2,12.001788563952474,7,1.0000841684423234,0,0.0,0
36671,33.21141346464945,2,1,0.0,4,0.9999098182155934,0,0.0,0
36672,46.25365590599507,4,3,10.908769080997581,2,0.9994812356776783,0,0.0,0
36673,22.804530742567284,1,3,3.3718012339039554,3,0.1305742145781028,0,0.0,0
36674,28.686314291878077,4,4,7.719557952160046,1,0.6158046642970272,0,0.0,0
36675,64.34641961055567,3,4,6.972703130880182,6,0.4101191008723941,0,0.0,0
36676,37.55139811208582,4,3,11.119232464315063,4,0.21037673110771693,0,0.0,0
36677,36.647149195950114,2,5,1.8295350480509267,7,0.9367184223425017,0,0.0,0
36678,30.134472406025303,3,3,14.968308909423957,4,0.4929435537294662,0,0.0,0
36679,46.44335246686673,3,2,6.2081663871541455,7,0.9995926250868686,0,0.0,0
36680,22.958421753495593,5,6,11.237283431934738,1,0.3463359034951145,0,0.0,0
36681,65.31619344227644,5,2,13.84913920822083,7,0.7652990615114141,0,0.0,0
36682,33.21921509266969,4,2,9.50571483120753,7,0.9997086247980883,0,0.0,0
36683,66.83999584164877,5,3,11.075238352933932,7,1.0004438575431946,0,0.0,0
36684,41.576044833861054,2,1,19.99657042175331,1,0.0,0,0.0,0
36685,43.375927591174566,3,2,14.30068988304593,5,0.9993859007886317,0,0.0,0
36686,30.936993351664505,6,6,8.542932464900604,7,0.5012217637656988,0,0.0,0
36687,47.89731612258991,3,6,4.511423657402363,7,0.019085381966807424,0,0.0,0
36688,44.81447373615456,3,5,10.64921635694592,7,1.0001075799310248,0,0.0,0
36689,24.70968774811022,3,3,3.7179584758850277,3,0.44236853304491863,0,0.0,0
36690,40.83490885451063,4,3,0.0,3,0.5028821742023911,0,0.0,0
36691,46.63555795421368,4,3,13.284845267914493,3,0.502616933929033,0,0.0,0
36692,21.731692284443277,3,2,0.0,7,0.0914360018081426,0,0.0,0
36693,26.621041458290485,2,3,19.554750618641854,2,1.0001920447467003,0,0.0,0
36694,33.05377821572021,2,6,9.834913204685877,7,0.38471461145164926,0,0.0,0
36695,61.502836667813895,2,6,3.1565966767876716,3,1.0005000487912499,0,0.0,0
36696,57.72544194278144,3,6,5.031740740429516,7,0.9996270875037447,0,0.0,0
36697,31.493290419374482,3,1,7.831445558839212,4,0.9996853717394032,0,0.0,0
36698,38.75967342971169,5,3,4.616432938886187,5,0.0,0,0.0,0
36699,34.47543955375817,4,1,3.3541097650777667,2,0.541160217550517,0,0.0,0
36700,51.79450412571113,3,3,13.394481366366406,4,0.9995939813067953,0,0.0,0
36701,46.51810893010707,2,2,19.34582054651974,7,0.5419347225305593,0,0.0,0
36702,49.21500169791889,1,3,5.20758912273481,5,0.5494031840121829,0,0.0,0
36703,44.84201094415341,3,5,15.299898953508706,3,1.0000044666948207,0,0.0,0
36704,52.50433912235201,4,3,6.203893277929903,7,0.999605158994802,0,0.0,0
36705,18.168869591478515,4,1,3.260398476551389,7,0.12040739231162334,0,0.0,0
36706,54.90140918073118,3,3,2.9700985060568925,3,0.503579868268329,0,0.0,0
36707,30.44580609281758,0,3,11.426716781824833,7,0.3069405132446599,0,0.0,0
36708,41.576205010077864,3,3,20.918830713041984,4,1.0006967638971267,0,0.0,0
36709,56.87241754580895,4,2,4.101291740170469,6,0.28163317892240086,0,0.0,0
36710,64.95619417077921,1,3,3.4009678235613734,7,1.0001266292038034,0,0.0,0
36711,59.62087462847436,5,6,7.123395766959451,6,0.8875890516792102,0,0.0,0
36712,42.59531413878072,4,6,16.97823512543131,1,1.0063941478314458,0,0.0,0
36713,59.24342877766453,3,5,14.802642958185567,5,0.49809710045468375,0,0.0,0
36714,46.00566817159942,3,2,9.400744890443372,6,0.23589689378463802,0,0.0,0
36715,48.214505284028,3,5,16.939959212682975,5,0.37418567013686155,0,0.0,0
36716,36.70150826878803,1,3,15.286452670062076,2,0.6162326917012291,0,0.0,0
36717,56.33157156705482,2,3,8.008121727581752,1,1.0001047356471664,0,0.0,0
36718,45.981516916687994,2,5,9.638639710055713,7,1.0003047468091957,0,0.0,0
36719,43.216226072719614,3,0,19.99697513439891,1,1.000048449413616,0,0.0,0
36720,45.90470477111815,3,3,20.000406054292796,3,0.6351356904533673,0,0.0,0
36721,49.64575685176083,3,2,15.737266941968628,7,0.9999176031623118,0,0.0,0
36722,26.238704995343806,2,6,20.61653833995798,1,0.9742893949607669,0,0.0,0
36723,41.440231235385745,3,3,17.744234435424477,7,1.0003091630820995,0,0.0,0
36724,24.54567487309358,2,3,7.679879351979274,7,0.9705219981108362,0,0.0,0
36725,17.048861191499544,4,4,2.9438034142932032,7,0.0,0,0.0,0
36726,24.74556665684033,1,3,7.9004550385386025,2,0.9380169651044836,0,0.0,0
36727,22.861944828863493,4,2,8.062108754131168,5,0.5939830810569989,0,0.0,0
36728,23.015403610574875,1,2,7.888755828097834,4,1.015916742490291,0,0.0,0
36729,20.065559368925967,7,4,16.20651656877561,1,0.46499317234742593,0,0.0,0
36730,47.575839869193196,4,3,15.801752418121755,0,0.583629780090016,0,0.0,0
36731,55.02731139068531,4,2,15.866457075452937,1,0.5567545217581842,0,0.0,0
36732,48.42359007082109,2,1,16.725144282259812,4,0.9817313374432062,0,0.0,0
36733,53.35954843287518,0,6,20.217801661509064,7,1.000366367123018,0,0.0,0
36734,56.327186667570004,5,6,4.763868484000144,3,0.26655603052318255,0,0.0,0
36735,29.45065145675423,3,1,19.999111773206522,4,0.45338304232812576,0,0.0,0
36736,43.38515143319122,4,2,14.358140072968352,5,0.41584768985330467,0,0.0,0
36737,38.43260136097734,3,1,13.61456066135672,3,0.49995634893861285,0,0.0,0
36738,28.327695433655386,1,3,0.0,4,0.3447397437979401,0,0.0,0
36739,42.20271100939875,3,1,11.090928512377504,3,1.000420700607039,0,0.0,0
36740,74.21781970163224,4,5,22.66255472945779,7,1.0000672321085462,0,0.0,0
36741,56.585971229893325,3,3,14.874693129929831,1,0.9722561706097395,0,0.0,0
36742,55.82104093361564,3,4,5.758676839660688,3,0.8553213461718261,0,0.0,0
36743,30.452425862056753,5,3,20.81695651826927,7,0.9998223227820842,0,0.0,0
36744,62.882785623298275,3,4,19.99104418699436,1,0.5071037794280802,0,0.0,0
36745,28.055171969266034,4,1,11.720278788283705,2,0.0,0,0.0,0
36746,32.20261674401155,1,7,9.473568066535744,1,0.7140216025984852,0,0.0,0
36747,48.991357542956806,5,3,13.961940941563292,6,0.4949862771313639,0,0.0,0
36748,41.869988233710096,4,1,6.921684667755075,3,0.9998303745934829,0,0.0,0
36749,53.76932666012766,4,5,15.725818502547412,5,0.7266722456108976,0,0.0,0
36750,56.52638598597923,4,3,14.655106530599841,1,0.7822259599709771,0,0.0,0
36751,53.7417617138649,1,1,13.73683809128365,3,0.04327000374929446,0,0.0,0
36752,55.93329181564649,4,4,20.000329473103378,2,0.5020370794435955,0,0.0,0
36753,28.39087960972921,3,1,9.044438327618572,1,0.9996815245698583,0,0.0,0
36754,40.28410253857421,2,4,0.0,4,0.49218148448592824,0,0.0,0
36755,38.066180150591144,3,4,12.498486896143755,1,1.00002894121782,0,0.0,0
36756,53.04774059928572,3,2,8.42462935976838,7,0.9995375725614797,0,0.0,0
36757,49.96714237985016,3,2,4.46228338676953,1,0.20307646586256284,0,0.0,0
36758,37.39735156902714,3,2,8.659587398983366,1,0.4540840804329146,0,0.0,0
36759,56.33716249315172,4,1,16.906113232146293,2,1.000682888855189,0,0.0,0
36760,37.73062935201827,4,3,11.1401290362895,1,0.9544711170318567,0,0.0,0
36761,44.432165164931455,4,1,19.080025775039083,2,1.0001515324915664,0,0.0,0
36762,39.34518913915666,3,6,15.289584303574898,7,0.9997865884213013,0,0.0,0
36763,59.97141513389006,4,6,16.92221214051694,7,1.0001990066074131,0,0.0,0
36764,54.70634611795974,4,3,7.831748504801823,0,0.4949350927935107,0,0.0,0
36765,67.64784469204085,4,3,16.147750692584943,7,0.9998947709391068,0,0.0,0
36766,48.12661009768969,5,5,19.996750013519637,1,0.3679882306813374,0,0.0,0
36767,45.989484579782626,4,2,4.1239233266018696,7,1.0002183099681021,0,0.0,0
36768,25.967643062898652,5,3,14.1511417911758,3,1.0000298929032,0,0.0,0
36769,32.06448664268265,2,1,19.997875834803477,3,0.600591085513481,0,0.0,0
36770,38.71672671338148,3,6,14.622984776293427,7,0.0,0,0.0,0
36771,44.80515549881648,5,6,4.824509906896545,7,0.1746989244579189,0,0.0,0
36772,39.70818954128042,3,1,13.717866542395784,2,0.28342611365768516,1,1292.6711663693186,1
36773,46.0755288736233,1,3,16.768400370152204,1,1.0003814633737913,0,0.0,0
36774,32.91538012859205,4,6,18.571349549861402,7,0.9996236985792846,0,0.0,0
36775,13.866519497004482,3,1,6.742188287828857,4,0.340471050698492,0,0.0,0
36776,39.128521913021835,4,2,11.917245635633538,7,0.3244794180461248,0,0.0,0
36777,40.69520567028989,3,3,21.99682388382456,1,0.1290122088921557,0,0.0,0
36778,49.10939911416625,3,6,9.777950496946666,7,0.360339383674565,0,0.0,0
36779,33.101180043665366,3,3,0.0,7,0.9999026426383517,0,0.0,0
36780,43.27329590416491,4,3,14.841492196993668,0,0.4931952818566965,0,0.0,0
36781,18.766492066177264,3,2,9.710854936643946,4,0.0,0,0.0,0
36782,52.344641614877865,3,3,2.2477139071736456,3,0.9920198030597931,0,0.0,0
36783,42.90644138547796,6,1,2.3285424708600555,3,0.33643967743775105,0,0.0,0
36784,67.30220764218952,4,6,2.1243216503390645,5,0.6158279386797219,0,0.0,0
36785,15.87744654911246,3,3,7.816950208130448,6,0.6139579027127868,0,0.0,0
36786,33.81470623499834,1,4,0.0,2,0.8789357020357862,0,0.0,0
36787,49.55820762577887,2,6,11.103784709595303,2,0.41288927996451835,0,0.0,0
36788,56.01654471230151,4,6,3.074349913965264,5,0.9999164473682955,0,0.0,0
36789,47.384551685027276,3,4,19.98994448754533,4,0.4998164371263988,0,0.0,0
36790,36.78327446048961,3,1,17.590824418017128,7,0.77543024417187,0,0.0,0
36791,28.883460981763584,6,4,11.437398404628206,1,1.0092816104160807,0,0.0,0
36792,32.33402021603451,2,2,12.81377404858101,1,0.9997145749116096,0,0.0,0
36793,45.02015746303295,2,1,7.475981257203575,2,0.9858845918825853,0,0.0,0
36794,46.421086014925415,1,6,7.633181821607198,7,1.000387501872619,0,0.0,0
36795,41.10576751438306,3,6,15.676761542287835,2,0.8818540188095403,0,0.0,0
36796,25.187055366676294,0,6,7.235121607095714,3,0.38008281897276314,0,0.0,0
36797,32.733503574243024,2,6,10.352413456719152,7,0.6109860643874863,0,0.0,0
36798,27.84549470026098,1,5,1.6035403220017308,1,0.5428857932786867,0,0.0,0
36799,21.32493101063268,3,6,15.383469830273274,4,0.5946288922394757,0,0.0,0
36800,68.94226105389562,4,3,11.202018341477979,3,0.5047175174251697,0,0.0,0
36801,60.23555607072715,4,4,19.993694495779607,1,0.847412225971192,0,0.0,0
36802,55.03891921167775,3,3,21.820842885778887,1,0.4952924558195947,0,0.0,0
36803,23.555485238656132,2,5,20.00081260070783,1,1.0000719812932934,0,0.0,0
36804,32.43481720799883,4,1,13.13341606378942,4,0.9995304616546979,0,0.0,0
36805,43.53873167400771,3,2,17.367286914941626,3,0.41889304730812904,0,0.0,0
36806,61.39057955694176,4,3,14.648622108562616,3,0.0,0,0.0,0
36807,50.43069713858537,3,5,16.983270442866647,2,0.856805404684713,0,0.0,0
36808,31.745733150649567,3,3,7.89316482694729,5,0.9999475675674442,0,0.0,0
36809,29.021942843939982,1,2,14.033292675552087,6,0.9873823839741833,0,0.0,0
36810,43.09524992285535,2,6,12.053089896135118,3,0.6647374886330599,0,0.0,0
36811,48.19763602062433,6,3,7.191003360898518,2,0.4983541454665755,0,0.0,0
36812,54.90728776838373,5,3,5.459552559238686,2,1.0002247338468793,0,0.0,0
36813,42.659578471149956,2,6,17.190973180767276,3,1.000030973820293,0,0.0,0
36814,28.39922701501002,4,6,11.927876120671307,3,0.0,0,0.0,0
36815,41.6904682289642,1,3,16.582742196165274,1,0.24669920357931963,0,0.0,0
36816,42.93051927957697,4,1,13.63027609750349,6,0.5195486898358996,0,0.0,0
36817,34.09815731665743,4,4,6.063674180958881,6,0.543339996096569,0,0.0,0
36818,23.108912970818725,3,6,17.518417424352638,1,0.9995945288993959,0,0.0,0
36819,36.182575747780284,1,3,11.56368006283804,2,1.0006727270068134,0,0.0,0
36820,12.220144704500878,2,1,7.232186995499191,3,0.18111235550037774,0,0.0,0
36821,46.254366250035154,3,1,15.337121645913715,4,1.0003535478936525,0,0.0,0
36822,34.19018145257684,3,1,6.466513800371513,4,0.4976390352134188,0,0.0,0
36823,44.615569277740406,3,6,19.778066345505593,2,0.7357307316804353,0,0.0,0
36824,47.093697144831395,4,5,1.2194806860183842,1,0.0,0,0.0,0
36825,44.88019607192529,4,2,4.2838858552916035,7,1.000304801970398,0,0.0,0
36826,34.09029511254201,3,4,17.02421546189107,4,0.9664099109108613,0,0.0,0
36827,43.04701538784856,4,7,3.8487982625973807,1,0.0,0,0.0,0
36828,23.2905328747495,1,5,10.616098482777952,0,0.5398090666908335,0,0.0,0
36829,36.00159998811462,3,1,4.000725656260852,4,0.15558993778239705,0,0.0,0
36830,53.81455767962894,2,1,12.514373510224681,7,0.999743490773582,0,0.0,0
36831,51.35706956848971,3,1,9.549921710299534,4,0.9995370441970397,0,0.0,0
36832,43.94664775786133,3,5,20.227288788341234,7,0.9999706378526164,0,0.0,0
36833,18.049443166957307,1,3,11.330804665059144,3,0.4890110256807627,0,0.0,0
36834,30.35946903444973,4,4,20.013270953496004,1,0.46936640589520917,0,0.0,0
36835,44.51859393793643,4,3,23.108797564931734,7,1.1537906072771926,0,0.0,0
36836,45.19214420100825,5,6,7.968317389484405,4,1.000520224536734,0,0.0,0
36837,23.927759348361395,2,1,8.74995712836824,7,0.3331665726201942,0,0.0,0
36838,51.99245262563129,2,3,3.5933141166665346,7,0.9996999054236739,0,0.0,0
36839,44.411089732436835,3,2,10.250410971172787,1,1.0001512191882427,0,0.0,0
36840,45.25799900346197,4,6,4.183833121107415,7,0.9999285483305991,0,0.0,0
36841,61.25252554981927,2,2,2.6806837505082033,5,0.3256506295270276,0,0.0,0
36842,59.78193627702248,3,2,16.287335994304712,1,0.9998158253153699,0,0.0,0
36843,46.4850380441282,2,2,17.079096229997702,7,0.9996054137326198,0,0.0,0
36844,25.348853395420207,1,1,19.458296002537303,4,0.49981739035897066,0,0.0,0
36845,41.159705967429765,4,1,18.55738989672048,6,0.27938173423501955,0,0.0,0
36846,59.74653157722727,1,1,12.409724620461375,7,1.0002148331268612,0,0.0,0
36847,51.049722407299306,2,4,3.6677590447644217,4,0.43107532141489757,0,0.0,0
36848,55.78702336705217,3,4,10.323298443461935,5,1.0003449399615265,0,0.0,0
36849,37.79820638976469,2,6,16.86948698430527,5,1.000226144934565,0,0.0,0
36850,53.08984961395061,4,1,15.542175233538693,7,0.6932913896518258,0,0.0,0
36851,55.56347994605842,1,1,3.401090057086339,2,0.23364952812876527,0,0.0,0
36852,41.06926113611015,3,5,3.9869130221436064,1,0.4791073714112971,0,0.0,0
36853,51.09455372545579,6,1,1.1405756109334035,4,0.5010318980726639,0,0.0,0
36854,41.25737305277123,2,1,0.8269955594884841,2,0.648126415915514,0,0.0,0
36855,42.064852309759985,1,2,13.098888840647083,6,0.17225092689126953,0,0.0,0
36856,51.0477046046293,3,6,4.177400074586839,7,1.2705538021524414,0,0.0,0
36857,39.33495867406171,0,3,27.256141048286448,3,1.0003717469386373,0,0.0,0
36858,46.74704803810811,2,2,8.38708608112556,7,0.28486662625206577,0,0.0,0
36859,45.31973796238946,4,1,20.000604666689313,5,0.0,0,0.0,0
36860,32.484151739257065,4,2,6.540706527922355,5,0.5355399047442835,0,0.0,0
36861,32.332183776590234,3,4,10.34472922820416,2,1.0001438074897626,0,0.0,0
36862,71.03584317772012,4,1,0.21266389732980429,6,0.5735027955337467,0,0.0,0
36863,51.31211340727225,4,1,14.625167627207375,7,1.0002521543952134,0,0.0,0
36864,36.164661362788976,3,2,3.2031416471865786,7,0.6223840972470176,1,89158.47047455893,1
36865,66.40158806353818,1,5,19.74841801633135,5,0.2329381720520407,0,0.0,0
36866,33.72790772529388,2,5,17.685805991130017,1,0.5319249942343309,0,0.0,0
36867,33.44508888826595,5,2,4.173584431225926,7,0.5798053628723436,0,0.0,0
36868,30.30967486155577,3,1,17.871303727328723,2,0.9243085389747359,0,0.0,0
36869,32.304698792731465,6,6,10.988795166687172,7,0.5017031170595101,0,0.0,0
36870,43.917390498521044,3,2,14.214476674197659,7,0.9997518099706338,0,0.0,0
36871,54.78774413272269,5,1,6.278431414588205,2,0.4970278699039482,0,0.0,0
36872,23.336879760831383,4,6,12.398021047391776,5,0.2353372687414243,0,0.0,0
36873,35.178213529759425,3,3,4.674449245737041,7,0.9996087081280094,0,0.0,0
36874,41.38779307198311,1,1,18.35706804722653,2,0.4980311734650055,0,0.0,0
36875,30.675295536290374,2,6,12.780429056562863,7,1.0000014886477615,0,0.0,0
36876,32.85384159035925,3,4,20.002287838116544,1,0.3735694738390724,0,0.0,0
36877,19.329136864329122,4,1,1.2229460291938672,3,0.2998361801978997,0,0.0,0
36878,31.60143116151482,5,1,20.00655855011234,0,0.2904254123541679,0,0.0,0
36879,22.93868347874928,2,2,3.8531959395536655,2,0.0,0,0.0,0
36880,68.90919699544561,7,1,6.471899333903038,7,1.000285138993736,0,0.0,0
36881,20.74312092856552,4,3,7.59821882384241,1,0.5051947669884906,0,0.0,0
36882,48.179811707874634,1,6,14.830281910393198,7,0.9993633245925297,0,0.0,0
36883,33.39372784945275,4,6,7.848417453550988,7,1.0000159740194443,0,0.0,0
36884,57.18289215948894,3,3,5.857198161987636,3,0.43785079910343594,0,0.0,0
36885,25.93657942674022,3,5,2.141131115786237,1,0.05242552407885159,0,0.0,0
36886,58.50158751580198,1,2,4.73152359799025,6,0.2600553513775008,0,0.0,0
36887,2.731186243078419,3,1,10.14345677430093,2,0.027854135120824686,0,0.0,0
36888,30.15121508577908,3,6,15.58668485338654,1,0.39178545686876554,0,0.0,0
36889,41.16082761125263,4,3,9.321881700321715,5,0.9995870800459415,0,0.0,0
36890,50.495094214798144,2,5,8.37437850791309,7,0.9406752677825543,0,0.0,0
36891,36.844688424755034,3,6,7.968720162880809,7,1.0002315700778408,0,0.0,0
36892,66.63528854819248,2,3,5.5541921318208045,3,0.5825884301892365,0,0.0,0
36893,35.266047342833396,3,1,13.615314808416944,7,1.0006962632509049,0,0.0,0
36894,30.956850430927183,3,5,19.900661606845407,2,0.6708276788132055,0,0.0,0
36895,40.35118559247485,3,2,16.827885435581663,4,0.9998804637781553,0,0.0,0
36896,36.73578931515544,3,2,12.423408150153998,3,1.0001546290413912,0,0.0,0
36897,63.17935077587408,3,4,25.360680031905833,5,0.0,0,0.0,0
36898,57.69593198668715,3,6,15.761960119589414,3,0.5898002718071658,0,0.0,0
36899,65.63295083667063,1,5,14.457917833143185,1,0.41202115271116707,0,0.0,0
36900,42.501243450377736,3,1,3.530060644019385,4,0.28319375788235873,0,0.0,0
36901,51.992270417456275,2,1,4.955668101970814,7,0.9797361239060209,0,0.0,0
36902,44.74243805331763,3,2,14.060287815437487,7,1.000066112902154,0,0.0,0
36903,37.4126976255731,3,2,7.7724155857706485,1,0.9997106711318371,0,0.0,0
36904,36.505398997062855,1,4,20.00037015256074,1,0.14860873695231447,0,0.0,0
36905,48.56304912060877,4,6,7.8824953994601845,2,0.771228888774911,0,0.0,0
36906,49.97362626901791,2,4,19.99190144264046,7,0.8205952278935292,0,0.0,0
36907,44.98150797403987,4,3,9.81307404511189,3,0.497317622380221,0,0.0,0
36908,61.88234198072139,4,1,0.0,6,0.21512225285660957,0,0.0,0
36909,47.69797048186085,3,1,20.295645455478592,4,1.0002472823411999,0,0.0,0
36910,59.9795359575062,4,4,19.995053592077603,7,1.3339143033600263,0,0.0,0
36911,50.723996189541495,2,3,4.335535944730663,4,0.48179204487369853,0,0.0,0
36912,34.25166153263696,4,2,17.5112805000433,6,0.999479977313088,0,0.0,0
36913,41.82343469351251,1,5,11.812908531070375,1,0.7597164047708348,0,0.0,0
36914,33.383760373851544,3,5,0.8867613613122494,0,0.5023158685752963,0,0.0,0
36915,45.7660431825317,4,6,18.75019195002462,2,0.8702427074832182,0,0.0,0
36916,26.142994358988638,4,2,7.693105177852644,4,0.5511193210124354,0,0.0,0
36917,29.095350174413973,2,2,20.006079059944817,0,1.2303217769496997,0,0.0,0
36918,47.176624057733385,3,6,12.768013495720492,4,0.4052968563517777,0,0.0,0
36919,35.91192541673825,1,6,15.052188919052654,7,1.0001820387701144,0,0.0,0
36920,46.15247350394903,4,6,10.224150095722882,7,0.9998132936523363,0,0.0,0
36921,17.34816953232312,2,6,2.7471387926050337,3,0.5080040999637035,0,0.0,0
36922,16.239464406119637,2,7,2.195651393459796,6,0.08755475990190964,0,0.0,0
36923,46.09579463781142,1,1,10.597920404491127,2,0.9744804837319307,0,0.0,0
36924,44.62543030419137,5,2,9.317350403505097,5,0.577085614672248,0,0.0,0
36925,26.844286132848822,4,2,11.685549278811557,4,1.0005917724334292,0,0.0,0
36926,32.97794275514376,4,3,14.15110512647809,1,1.0000705464199948,0,0.0,0
36927,38.14158455516205,3,4,20.005493331582734,1,0.41453125400823704,0,0.0,0
36928,37.77398578832602,3,3,13.06041241641895,4,0.9997756866614416,0,0.0,0
36929,26.66766046553585,2,2,15.222020635696664,4,0.6365610846695099,0,0.0,0
36930,38.07700073256906,2,2,10.433290370967873,1,1.00039189597499,0,0.0,0
36931,60.9185032448125,3,3,14.730215695483226,7,1.000250379109491,0,0.0,0
36932,42.30987433028149,4,6,5.821841942009386,6,1.0002058479651565,0,0.0,0
36933,41.91746540000622,2,4,11.80500111046404,1,1.007528410758768,0,0.0,0
36934,9.328666274676536,3,1,19.988024793980763,3,0.0,0,0.0,0
36935,25.3827300694154,5,2,9.827194778394796,3,0.7562003696519264,0,0.0,0
36936,66.34475293099943,3,1,11.296158055763104,7,0.9995602679864618,0,0.0,0
36937,59.384522055608116,2,6,11.304554112165613,7,0.9997537762134802,0,0.0,0
36938,52.34909004176005,1,3,6.686505581259956,3,0.4976905266702851,0,0.0,0
36939,32.21850889609,2,3,8.754484704851757,5,0.4979917495857272,0,0.0,0
36940,27.776660611382603,3,6,13.624740764079013,3,1.000019674362236,0,0.0,0
36941,41.387685610416014,1,6,17.483729941702236,5,0.3354453255838801,0,0.0,0
36942,40.57583112280265,1,6,8.381748397268598,7,0.9998301781295468,0,0.0,0
36943,26.22136752466824,2,4,2.0090381352410667,3,0.45417169729060947,0,0.0,0
36944,42.855107256421654,3,6,15.488465702179923,4,0.6131689857626617,0,0.0,0
36945,57.62092385346969,1,1,2.5103100905597913,7,1.0005892792293565,0,0.0,0
36946,53.17104902369173,5,1,18.71724554867336,3,0.5007490078208006,0,0.0,0
36947,50.05061064319981,2,3,18.079727725039415,2,0.3010657458676538,0,0.0,0
36948,35.800041954558495,4,4,19.998941830751974,7,0.3211631032320323,0,0.0,0
36949,45.74702832072913,3,2,4.367696544095581,2,0.9628768391084962,0,0.0,0
36950,46.42768093029864,4,1,20.005233393347268,5,0.697103348739737,0,0.0,0
36951,53.14071052038169,1,2,11.064755300927928,6,0.9997755595977089,0,0.0,0
36952,67.8575368098021,3,1,24.874622526361506,7,0.9678779888981501,0,0.0,0
36953,33.530736768315045,4,3,7.337739519844397,2,1.0003208833287542,0,0.0,0
36954,53.45031319862652,1,6,11.093532952718554,2,0.19070159505987755,0,0.0,0
36955,45.185046711179275,3,3,14.989834151887827,3,0.5035121220722385,0,0.0,0
36956,51.11794889328051,2,3,20.000415193642805,7,0.9414271586890721,0,0.0,0
36957,42.367866275397304,3,6,13.78399477951541,3,0.5835351119503617,0,0.0,0
36958,42.515060320969134,3,6,8.76145340782051,1,1.033463876907272,0,0.0,0
36959,34.13845880714629,5,1,19.991977129793888,3,1.1009524479375628,0,0.0,0
36960,27.628520398996574,2,1,16.13166162456092,3,0.9798411687463998,0,0.0,0
36961,51.24306246186003,0,3,15.425657539073015,7,0.9998366152995188,0,0.0,0
36962,36.040332019492645,3,3,17.305872287602533,2,1.0005694481882408,0,0.0,0
36963,40.92125068750158,4,6,9.096961873597408,7,0.9993309533641792,0,0.0,0
36964,29.80992577890195,1,2,2.944300744855436,7,0.999803273606547,0,0.0,0
36965,46.424904587926626,3,6,12.058975313073834,7,0.9995761903532747,0,0.0,0
36966,12.688495034771389,3,1,10.144686754094055,5,0.6097094701288229,0,0.0,0
36967,53.164190458691564,2,3,12.101324301839615,2,0.9996996990445317,0,0.0,0
36968,69.18609846844683,2,1,15.966886973745623,3,0.7473508317252514,0,0.0,0
36969,19.067759992966533,3,6,20.140870546392875,2,1.000021778289366,0,0.0,0
36970,42.94982020678938,3,3,14.40177242158753,1,0.9217592486795377,0,0.0,0
36971,58.64115001384251,1,6,20.037373588114626,7,1.0003349705379763,0,0.0,0
36972,32.508792170331986,2,3,6.191739468746715,1,0.5011746581286766,0,0.0,0
36973,44.9289635204872,6,3,11.001775773218428,4,0.999879642737169,0,0.0,0
36974,39.97701549985981,5,5,3.118114048736164,1,0.7550734619417703,0,0.0,0
36975,35.25915040308809,4,3,4.148693422380841,3,1.000335229832153,0,0.0,0
36976,50.21974397933673,2,3,15.808039253959834,0,0.6102262764122529,0,0.0,0
36977,35.23848005946066,3,2,5.269265231689052,1,0.07798347341843492,0,0.0,0
36978,49.63211097160309,3,5,12.040095317695455,7,0.2587929178473075,0,0.0,0
36979,52.24344480879162,1,3,0.0,7,0.9997591141735969,0,0.0,0
36980,29.79845595460956,1,0,9.430334673265842,6,1.0068290942174318,0,0.0,0
36981,54.10632203973097,1,5,16.77484116208384,6,0.26129061548879345,0,0.0,0
36982,48.030740919297465,3,1,5.016906038602591,1,0.07692556927664063,0,0.0,0
36983,49.17179867042178,3,6,22.56343051628776,7,1.000109082675686,0,0.0,0
36984,36.49360391666074,4,3,0.0,7,0.18544611340165051,0,0.0,0
36985,54.67195562273341,3,2,20.000935497891724,7,0.9401763857537239,0,0.0,0
36986,20.122574712017766,1,2,12.506985597003741,4,0.03166539101752297,0,0.0,0
36987,55.58219183055626,2,2,6.4422694713843285,7,0.9629272477811602,0,0.0,0
36988,16.416854986771057,4,1,8.189900419296693,7,0.390709438278044,0,0.0,0
36989,52.75378457014368,2,4,20.00537194837206,1,0.9994726750203307,0,0.0,0
36990,23.075607384188082,2,6,16.956679581459245,3,0.030796447993089338,0,0.0,0
36991,39.01947083926821,3,1,12.254804958692361,7,0.9998407171166058,0,0.0,0
36992,49.3855081924966,2,6,8.90853041192382,7,1.0003045597664,0,0.0,0
36993,44.28771702931926,1,3,9.942986992201742,2,0.9997145902987196,0,0.0,0
36994,37.06131493638688,3,6,16.97133563168763,5,0.7512872151862612,0,0.0,0
36995,28.535962564410294,0,3,20.95258646137374,6,0.8464189530348765,0,0.0,0
36996,24.084528793011657,3,2,13.195431281984776,1,0.45259508392970726,0,0.0,0
36997,19.104930885193603,4,4,9.466254813294015,1,0.9873614134144445,0,0.0,0
36998,67.84307511304341,1,3,2.30387456276741,4,0.5032918256604668,0,0.0,0
36999,28.777691455951597,3,2,8.791002018442942,5,0.45245626404886663,0,0.0,0
37000,47.09897054031018,2,1,23.533026726811805,3,1.0001791220968432,0,0.0,0
37001,43.72502479748606,2,2,10.434522658447456,4,0.9536736521391124,0,0.0,0
37002,23.98041772982857,1,7,9.172598262400063,7,0.1861324779938438,0,0.0,0
37003,21.861985508698464,3,1,16.97267975711009,0,0.25727124002664653,0,0.0,0
37004,19.515974829169988,3,1,8.500516093132013,6,0.9999468614117446,0,0.0,0
37005,34.44512024136954,4,2,10.58744715807945,7,1.000411686739271,0,0.0,0
37006,45.75690414995267,5,4,5.312460425341393,2,0.49741459200442706,0,0.0,0
37007,32.52445247116169,3,2,13.18045978189931,7,0.06659847166173072,0,0.0,0
37008,65.53329117400864,2,3,20.06950193112243,2,0.9999898747950745,0,0.0,0
37009,51.75337263855819,0,1,15.605527994886671,5,0.9790550697660655,0,0.0,0
37010,27.16857807146275,3,1,13.577710258194022,3,0.49744852377808035,0,0.0,0
37011,51.101110590311706,2,1,14.465765064331919,3,0.5800641270426273,0,0.0,0
37012,10.804432399188833,7,4,14.470142606993955,1,0.4928681572358593,0,0.0,0
37013,49.664744966032174,4,1,6.005869950146373,4,0.14715282170842658,0,0.0,0
37014,37.26890815503755,3,2,11.25396829302529,1,0.5626086468312927,0,0.0,0
37015,56.95169002224794,3,5,21.677605080365836,7,0.9998858894924114,0,0.0,0
37016,39.14177493596027,2,2,8.589404817645889,7,0.9998802016585095,0,0.0,0
37017,47.39014538298917,3,3,19.999183327638143,6,0.2336367235546603,0,0.0,0
37018,48.06664200496853,6,1,3.4160034201993037,6,0.5019266025298758,0,0.0,0
37019,43.201967528924214,3,7,20.002925535867885,1,0.594193034817927,0,0.0,0
37020,48.875923869457374,5,4,3.732420884830889,3,0.49905415438546563,0,0.0,0
37021,64.20920170713316,4,2,5.86983629930662,3,0.8686624376427391,0,0.0,0
37022,38.71136089522825,2,1,3.5220736727005875,5,0.33367025511378495,0,0.0,0
37023,38.6569591924629,4,6,10.518777034656488,7,0.9998426466538903,0,0.0,0
37024,24.76959197649743,2,6,3.043902346651075,4,0.36916811214764017,0,0.0,0
37025,69.80620825406822,5,6,15.750535208489858,7,1.0001145202290003,0,0.0,0
37026,43.25049422884092,3,1,9.090825648628595,7,1.0001934931096466,0,0.0,0
37027,28.1525326855219,0,1,15.006204312477578,7,0.9999119371599854,0,0.0,0
37028,32.43433167077832,6,6,6.639863369387154,7,0.49393707515015844,0,0.0,0
37029,49.49226365789804,3,3,12.854364610328176,5,0.999791134137666,0,0.0,0
37030,44.83159918409808,7,1,7.156641530281891,5,0.4965414975012993,0,0.0,0
37031,33.07938166283654,3,3,14.104262798219377,2,1.0000062161636776,0,0.0,0
37032,52.536396510951356,5,3,9.673102446703638,7,1.000515345790711,0,0.0,0
37033,37.22157461604033,3,4,12.630057307356543,3,0.2535990448235484,0,0.0,0
37034,36.18652757239209,3,1,9.452176562637652,7,0.9376355460895476,0,0.0,0
37035,68.50955909615685,3,5,17.82971747638068,4,0.02386069834501192,0,0.0,0
37036,40.944292210001954,3,5,4.890440224778329,1,0.4941432821546985,0,0.0,0
37037,49.300397203497944,2,3,0.0,3,0.9997646468705793,0,0.0,0
37038,14.508617521359373,4,3,13.070560144124432,3,0.36523924451445094,0,0.0,0
37039,29.121115104140777,4,3,6.780958204454567,3,0.9391180890088633,0,0.0,0
37040,47.61436149002072,5,3,9.623647556424055,7,0.23686277346779044,0,0.0,0
37041,53.989457902369466,5,3,5.460993468467196,2,0.9997247377820448,0,0.0,0
37042,29.4041399432049,3,6,2.9397634954866803,3,0.26198000187059334,0,0.0,0
37043,25.4941838881204,3,2,8.433518707329302,1,1.0002462076601728,0,0.0,0
37044,41.80188717658405,2,1,12.24418695771989,7,0.6271437634599003,0,0.0,0
37045,49.227571366014466,2,2,15.297584508788553,1,1.0000029656143732,0,0.0,0
37046,51.77203212357028,4,3,6.514340237875035,7,1.000036642538283,0,0.0,0
37047,47.69603787167281,3,6,9.509767358860154,2,0.8591829259392266,0,0.0,0
37048,43.70122804276235,3,4,4.434023873085034,7,0.3740157197276865,0,0.0,0
37049,30.49391522490645,4,5,1.5244835592004797,1,0.18782126659404474,0,0.0,0
37050,42.990091264525134,5,3,5.9678146078543035,7,0.9999257913904023,0,0.0,0
37051,49.98379511536421,4,6,24.513903714666696,7,1.1469289616928862,0,0.0,0
37052,53.16597451706622,4,2,12.785525564932282,2,0.44192985422235465,0,0.0,0
37053,58.26538217492633,2,5,21.96110558176658,6,0.9998590601942523,0,0.0,0
37054,57.380318896823795,3,3,16.471280479955478,2,0.5031545611769737,0,0.0,0
37055,54.74812511557277,2,1,1.767949138255192,7,0.7893400310888045,0,0.0,0
37056,44.45539812392513,3,3,19.132350719210912,7,0.2929077234720522,0,0.0,0
37057,34.885378891883235,5,3,4.697510973071444,4,0.47758510683688976,0,0.0,0
37058,43.040475029628915,1,3,10.291535291109252,1,0.7251487099002555,0,0.0,0
37059,24.854684059290214,4,2,11.933350900664784,6,1.0457207649892952,1,260.4345830589876,1
37060,41.75929503347266,3,1,7.935150809670344,2,0.5025772964452986,0,0.0,0
37061,18.513490346451988,2,1,10.485684937728358,4,1.0005280659117042,0,0.0,0
37062,55.72805503070796,4,4,20.00671527256071,7,0.11203998298552631,0,0.0,0
37063,32.50818057247568,5,5,2.443739247807331,2,0.7494791173264562,0,0.0,0
37064,28.654090063474857,3,6,9.491941475056755,5,0.5646955125717991,0,0.0,0
37065,33.464234154542766,4,5,16.383831631974587,4,0.5015899783388517,0,0.0,0
37066,27.99250924566823,5,6,4.115138291226815,2,0.855906966219149,1,10170.337308716867,1
37067,39.46388865193125,2,1,3.6797394286566574,5,0.4966333146369376,0,0.0,0
37068,65.03663378352186,1,4,3.8652122767441117,2,0.20352077773647032,0,0.0,0
37069,65.22192240242319,3,1,3.8213051641265556,7,0.6843803237660058,0,0.0,0
37070,39.61346409318893,3,4,20.018105271921897,1,0.6031256721622608,0,0.0,0
37071,39.58435928283173,3,2,19.98620349357261,1,1.0002167843014773,0,0.0,0
37072,20.992893805855005,3,6,8.78475852889257,3,0.5315749486416826,0,0.0,0
37073,48.661681042742735,4,6,2.49882120386585,3,0.5558980794379791,0,0.0,0
37074,31.63494155112464,1,3,10.683094848586105,7,1.0001316798286684,0,0.0,0
37075,56.48659699740846,1,4,19.99943034155149,7,0.9999998613924665,0,0.0,0
37076,48.78799802917629,0,1,12.120029648565703,7,0.26009410236806746,0,0.0,0
37077,68.15379322868512,4,4,0.0,3,1.0001707595632863,0,0.0,0
37078,53.31347014575455,1,2,14.656618066017266,3,0.8033170671188524,0,0.0,0
37079,41.62351359796719,2,2,21.045718155809467,7,0.2214611374478998,0,0.0,0
37080,41.986822704893335,1,1,12.456748211628035,3,0.49622765966881854,0,0.0,0
37081,42.04771491381108,2,2,4.373157757467814,1,0.6547552916270988,0,0.0,0
37082,58.12714327731083,3,3,16.10873638703377,6,0.5131152715261168,0,0.0,0
37083,42.1434413666294,3,2,11.820276682235212,7,1.0000606460066974,0,0.0,0
37084,34.035503442188144,3,1,6.550042072181021,4,1.000023698263737,0,0.0,0
37085,36.67531258414072,3,3,7.8273142195894465,6,0.9992767631679191,0,0.0,0
37086,27.60949000518318,3,3,19.99686934015322,3,0.5522996645485911,0,0.0,0
37087,9.484440720246504,4,3,2.9913619802647737,7,0.49618236577240526,0,0.0,0
37088,53.22853502427412,4,2,8.349175111321067,7,0.5247186652952661,0,0.0,0
37089,55.30976970875311,1,3,0.6434777961392069,7,1.000054868030752,0,0.0,0
37090,57.409287244264334,3,6,15.180509053668807,7,0.9998974812017447,0,0.0,0
37091,40.546382204977576,1,3,13.536765142571372,6,1.003679320598784,0,0.0,0
37092,46.0745610296829,2,6,0.0,1,0.5867283981191974,0,0.0,0
37093,49.32034394482575,2,6,13.071797279635234,7,1.000405904720593,0,0.0,0
37094,47.39637492532997,0,6,16.79402488952621,3,0.9998790044582269,0,0.0,0
37095,58.87177273693004,4,2,0.6388194927780724,7,0.5701927382469552,0,0.0,0
37096,37.725515872625266,6,2,5.947016659603967,7,0.7630087101393906,0,0.0,0
37097,35.477338330077394,3,4,19.991725623535487,1,1.0000515730951771,0,0.0,0
37098,33.9260088926391,3,3,20.000695306859946,6,0.6709443223480229,0,0.0,0
37099,51.67741480528357,2,3,1.045403751804015,1,1.000062696197442,0,0.0,0
37100,44.99243825461249,2,1,4.423099847570584,2,0.9896929178554732,0,0.0,0
37101,52.30811549247035,2,1,20.005941347967664,2,0.19557429150170924,0,0.0,0
37102,40.93687298215315,3,6,15.982563809233877,1,1.020058138053442,0,0.0,0
37103,53.647437265698095,3,4,8.309064143289167,4,0.4265616019529483,0,0.0,0
37104,40.15792475827168,5,1,2.3906991325346443,3,0.5009019222100921,0,0.0,0
37105,43.93805552958915,3,4,16.749114251531918,2,1.0001658589092577,0,0.0,0
37106,34.356169799462336,5,1,3.1300005582640553,1,0.9997751408204468,0,0.0,0
37107,38.637234905121495,2,2,12.656932834303928,7,0.9991400245290968,0,0.0,0
37108,21.49898319348181,4,9,12.06698273624904,7,0.09963507460008036,0,0.0,0
37109,48.516640141611006,3,6,20.005239778965116,1,1.0000241325570762,0,0.0,0
37110,43.23143064216457,5,1,9.340380865880608,3,0.49545281191997803,0,0.0,0
37111,47.00499413343807,3,7,4.4538605953015855,7,0.9553483425989042,0,0.0,0
37112,17.152210644762445,4,4,4.6076224188005925,1,1.000520035726451,0,0.0,0
37113,43.05255880956848,1,5,4.839451961577679,6,0.5171297676236886,0,0.0,0
37114,56.41709970779262,3,1,11.561348345814459,3,0.5191680365279416,0,0.0,0
37115,55.101805769903834,2,6,15.589903256523922,2,0.11138392628994065,0,0.0,0
37116,43.036738910901946,3,5,17.906380271584453,7,1.000141005339363,0,0.0,0
37117,20.003794183659767,1,3,13.676905991661656,3,0.9890662591311581,0,0.0,0
37118,35.452625660782594,4,1,0.0,1,0.5701067172377532,0,0.0,0
37119,21.341047048404352,3,6,12.407288950940583,1,0.9387033948715348,0,0.0,0
37120,43.897088234998066,4,1,10.396303842914254,6,0.6159269653391075,0,0.0,0
37121,39.050420561440774,4,1,15.33969050198753,7,0.49903801184773755,0,0.0,0
37122,47.651743773418595,4,3,20.001173491033803,1,1.0000386028960193,0,0.0,0
37123,27.212551068649443,5,1,2.2417135076752395,5,0.9994486933811382,0,0.0,0
37124,30.77709669495571,5,6,11.166249495925662,1,1.0092279074341324,0,0.0,0
37125,48.41058388432041,3,1,5.847085877573498,7,1.0000656769831573,0,0.0,0
37126,54.43618420286985,2,2,10.769813343310876,7,1.0003425112949798,0,0.0,0
37127,48.28360017317427,3,1,14.187622110728295,7,0.28513528591175064,0,0.0,0
37128,45.158354977399306,3,1,12.050028276748256,1,0.11905372438117312,0,0.0,0
37129,46.19807221737867,2,6,26.154814069705075,3,1.0001835978511535,0,0.0,0
37130,36.81413643905995,1,4,12.284928487935012,6,0.5344554435286047,0,0.0,0
37131,45.71489999268463,2,6,6.77094474866673,7,1.0002576920768058,0,0.0,0
37132,39.29842905988906,3,2,18.036219717867436,3,0.9995907964766608,0,0.0,0
37133,68.5121942101762,3,3,24.45833633040803,3,1.0005800840977503,0,0.0,0
37134,31.985793764272458,2,2,17.510845308444765,7,0.9999696708085128,0,0.0,0
37135,61.30366973024272,3,3,0.0,3,0.945984307739413,0,0.0,0
37136,57.632127711811336,4,4,19.997126087531562,5,0.5003488934365604,0,0.0,0
37137,18.52713560891027,3,3,9.614125070375515,7,0.9693236688564335,0,0.0,0
37138,38.59899687963747,1,2,4.097255363995231,6,0.5070223697090801,0,0.0,0
37139,25.405781400031454,3,6,0.0,4,0.4223283291086018,0,0.0,0
37140,44.668575558535075,2,1,13.07836536263995,5,0.6982560398124659,0,0.0,0
37141,50.23026342394852,5,2,17.617490470122746,7,0.27087776892765675,0,0.0,0
37142,45.904951381022926,2,6,13.833337993108021,4,0.6454935015934197,0,0.0,0
37143,24.819705890211434,6,3,9.514287523510122,1,0.15315334667498892,0,0.0,0
37144,42.56668921561666,3,7,12.397190974457304,7,0.2659921312069878,0,0.0,0
37145,50.99712596457499,1,2,12.275426713205709,2,0.04584867091073763,0,0.0,0
37146,39.708344592752375,5,5,12.391238081730508,4,1.0000688496950723,0,0.0,0
37147,46.6881659219894,3,3,30.709714064592713,7,1.0000392842282346,0,0.0,0
37148,46.67795645451214,4,3,5.266442533864648,7,0.6635124302410526,0,0.0,0
37149,32.85223615434337,7,1,18.997455219237295,4,0.9903711752463218,0,0.0,0
37150,32.80776961677654,2,1,8.555192001897904,3,0.9989975517304736,0,0.0,0
37151,49.802531187476035,3,4,7.33185467761087,7,0.789504625435658,0,0.0,0
37152,18.58322843351487,3,6,14.319148487166363,1,0.5445840621734939,0,0.0,0
37153,52.21121039784523,3,6,17.07968750971395,4,1.000167308830567,0,0.0,0
37154,26.931978552426067,1,3,19.790824172503143,2,0.9999096859262425,0,0.0,0
37155,44.21679176699118,4,3,13.459170622480102,8,0.49890827780410396,0,0.0,0
37156,39.848913567681166,6,1,2.299333459111139,2,0.3966786347983146,0,0.0,0
37157,24.016250661251398,3,3,8.470232001997033,0,1.0003322077253498,0,0.0,0
37158,51.64692757300867,3,3,4.820747149706234,5,0.9995815603494278,0,0.0,0
37159,37.50196139367424,3,3,1.343639912737146,2,0.4858130829553029,0,0.0,0
37160,45.9802888385498,4,3,12.882363938165005,7,1.0001756456133366,0,0.0,0
37161,59.893519429093786,2,1,4.605716624294593,7,1.002976623181031,0,0.0,0
37162,30.445622565025353,3,6,9.094449237061248,1,0.9953857309591623,0,0.0,0
37163,64.45238882017796,3,4,15.483022066147782,7,0.9193937927747364,0,0.0,0
37164,27.020273660695146,4,2,6.012397658953227,1,0.8614420451232241,0,0.0,0
37165,73.93046153036383,6,3,13.021033596307598,5,0.49736639375907354,0,0.0,0
37166,39.614102059800516,3,7,10.127055633105023,1,0.5907970372594358,0,0.0,0
37167,57.033529973862095,1,3,9.12649704368479,4,1.0000767912272885,0,0.0,0
37168,42.23676444147238,0,6,2.8677346142268867,7,0.9997278771086852,0,0.0,0
37169,36.17488671914386,6,2,2.5847756110842965,7,0.40608278074585735,0,0.0,0
37170,35.431021951443675,3,2,11.198237747936085,1,0.9998201965656293,0,0.0,0
37171,40.59660060639188,3,6,13.69769973139423,1,0.20754062489440106,0,0.0,0
37172,45.453990857249764,3,5,12.933633442309498,1,0.7154081930332056,0,0.0,0
37173,48.25648180445459,4,3,17.363557751638226,7,0.6356802463919144,0,0.0,0
37174,25.83244841376574,1,2,10.581873444794084,5,0.0,0,0.0,0
37175,31.033585010822534,3,1,9.474176193582945,7,1.0002111282623778,0,0.0,0
37176,39.25439029667874,5,6,11.2129227925597,6,0.4134977681196913,0,0.0,0
37177,37.353816641100416,3,2,4.707307079059448,7,0.7115602872659943,0,0.0,0
37178,42.58911312360535,2,6,15.804526730490558,7,0.9999958058531311,0,0.0,0
37179,31.498628206562735,4,6,7.851460888408015,1,0.961230911458189,0,0.0,0
37180,53.34656312256271,3,6,12.50602714564784,2,0.7599950244480913,0,0.0,0
37181,48.733837610441526,2,4,19.9968515568037,1,1.0004372167774034,0,0.0,0
37182,25.077492626175562,3,3,11.062676288553439,3,0.2609050745010487,0,0.0,0
37183,24.69035103064588,3,2,12.200906917528599,5,0.42795298435857265,0,0.0,0
37184,49.22916134767011,3,3,16.548995303643757,1,0.002087219644133942,0,0.0,0
37185,45.66426224588168,1,3,11.756008445670881,1,0.502922017598325,0,0.0,0
37186,24.549008579030605,1,6,11.277243206497689,1,0.5920626982668746,0,0.0,0
37187,49.74296960377309,3,4,20.914555886100857,5,0.7522239150131198,0,0.0,0
37188,53.09591840068863,4,3,0.0,2,0.9683495657250232,0,0.0,0
37189,33.322513045455295,1,6,13.159419247931867,1,0.9557927401251309,0,0.0,0
37190,36.05269076294183,4,6,16.269708664666695,1,1.1649703169421128,0,0.0,0
37191,35.362179477346494,3,4,0.47855524130946137,5,0.9565297076220074,0,0.0,0
37192,35.4987289385555,3,1,14.586462576604887,7,0.9999145586628915,0,0.0,0
37193,27.9012644021258,4,2,14.073657379772897,7,1.000094243835876,0,0.0,0
37194,38.66328037652459,2,2,9.885334752052795,1,0.9995668765388761,0,0.0,0
37195,29.456873019148787,4,3,19.8696204850457,2,0.9998488064898625,0,0.0,0
37196,9.09855327113867,2,2,2.1510245529841843,1,0.5305541032752972,0,0.0,0
37197,46.44634493213655,3,7,6.031264052526504,5,0.0,0,0.0,0
37198,50.61358461608034,4,6,14.8496158141293,2,0.22754436139641054,0,0.0,0
37199,59.86265136453386,3,3,0.0,4,0.999835882934459,0,0.0,0
37200,23.61455145010176,4,2,10.367556747985612,3,0.2683996325495136,0,0.0,0
37201,22.89606648767212,1,1,3.0857496815703023,3,0.491877887937869,0,0.0,0
37202,34.242483029315906,3,4,20.00686964637198,1,0.5292016743393272,0,0.0,0
37203,55.32542522426034,4,3,7.810262660249425,1,1.0004688771383305,0,0.0,0
37204,30.517851136953887,3,6,8.327843667257232,3,0.3488381004127805,0,0.0,0
37205,54.66403239242136,4,3,0.0,3,1.0005206665783901,0,0.0,0
37206,52.72162594484505,3,4,19.98878912924662,4,1.0000446868267399,0,0.0,0
37207,26.379165762580385,3,2,15.211267331488193,3,0.34742169680854446,0,0.0,0
37208,47.51705811488625,1,1,13.328655425781694,5,0.0,0,0.0,0
37209,66.32199392003787,2,6,17.895577743766165,7,0.9998668962248645,0,0.0,0
37210,37.45884118583297,3,2,11.273440982455421,5,0.43102299431580626,0,0.0,0
37211,37.687266204912255,3,1,10.104449167403791,7,0.9995051526568677,0,0.0,0
37212,47.18796402888808,3,6,11.077766719798214,7,0.3374626407961611,0,0.0,0
37213,32.76578330644688,4,1,12.689955391553935,5,0.3739650982956063,0,0.0,0
37214,47.2285501941896,4,4,19.99763931152099,2,0.45844330831645386,0,0.0,0
37215,51.00867001854393,1,6,8.574497205613431,2,0.37511465172372244,0,0.0,0
37216,54.21749096413505,4,6,22.49542468480074,7,0.8116524075752043,0,0.0,0
37217,25.42679656615553,3,7,0.42499138166587613,2,2.7483118996141087e-05,0,0.0,0
37218,50.89259342371789,1,3,15.515591652303389,7,1.0201993448484281,0,0.0,0
37219,47.586310655841864,3,4,19.98856604179851,1,0.9446893571748034,0,0.0,0
37220,48.54235354368722,2,1,4.253988758886592,6,1.0002276971314021,0,0.0,0
37221,49.24299927798877,2,5,19.38552332892801,3,0.6761956189715748,0,0.0,0
37222,41.907684783540795,2,1,13.896852367200543,0,0.5465034786245238,0,0.0,0
37223,55.40328330578914,3,5,7.937612892283462,7,0.5690881121667988,0,0.0,0
37224,36.98026968440182,4,3,7.070016217751663,4,1.0002074345440604,0,0.0,0
37225,48.34334815796887,3,4,0.0,1,0.3852720105836375,0,0.0,0
37226,44.227802809549814,4,2,15.69739756695796,7,0.32046639648491787,0,0.0,0
37227,26.623255814591634,5,3,12.919070355910819,3,0.5079448173376107,0,0.0,0
37228,42.7346923621279,3,6,18.066913762550904,7,0.9998070923128171,0,0.0,0
37229,24.345063241653616,3,7,20.005501489812524,1,0.3983122649426316,0,0.0,0
37230,25.422480976965254,4,2,26.93012815740155,1,0.2790949169419524,0,0.0,0
37231,45.378484823892485,2,3,18.123932537952577,6,1.000146560211864,0,0.0,0
37232,41.52453150253915,2,1,12.049845921297285,4,0.5835142977816526,0,0.0,0
37233,53.40258989708005,3,1,19.990860663849475,3,0.5987446909962131,0,0.0,0
37234,44.52275149264274,3,1,16.581021488596566,7,1.000068120256586,0,0.0,0
37235,22.258542509675795,4,2,5.992003436080018,1,0.0,0,0.0,0
37236,54.872976954939176,5,4,19.999743330444737,1,0.5919389798993754,0,0.0,0
37237,50.228590616689395,4,3,11.707414733594426,6,0.26936175386958955,0,0.0,0
37238,26.03244542659634,1,5,5.383252805849511,2,0.4553902660257412,0,0.0,0
37239,50.83605571204176,4,1,12.49015671498166,2,0.018281128918180345,0,0.0,0
37240,20.459918045941667,3,3,13.41919563787711,3,0.22725550799423822,0,0.0,0
37241,60.04402522080335,4,1,7.8013028238388085,6,0.8358917055010001,0,0.0,0
37242,19.96721669565858,2,3,13.083646935602113,1,0.3594513482080375,0,0.0,0
37243,55.06568240316881,3,3,0.0,5,0.4979145769210051,0,0.0,0
37244,54.56750616414358,2,4,19.99450414117843,7,1.0001682810902266,0,0.0,0
37245,45.73667137799218,4,3,2.253558807612027,6,0.0,0,0.0,0
37246,57.49954588360247,3,4,16.324565990952735,7,0.7471232625617983,0,0.0,0
37247,33.85518065326086,5,2,6.852935620053599,1,0.9999576554100591,0,0.0,0
37248,47.97912112040761,3,2,5.208901713525273,2,0.32791634562096067,0,0.0,0
37249,47.99592040889757,1,1,9.813857622488976,7,0.9994195890108158,0,0.0,0
37250,47.26003067982615,4,4,19.996044302258653,1,0.8537488612731006,0,0.0,0
37251,23.571298416185638,5,1,6.785682504481811,7,0.9998901087618663,0,0.0,0
37252,45.84627894797328,2,4,5.1365838302803235,7,0.0,0,0.0,0
37253,53.167821726537035,4,5,4.98856340249306,1,0.3580858594790843,0,0.0,0
37254,42.804242866799584,2,3,4.542275047245007,5,0.3994477030569696,0,0.0,0
37255,53.01875492607244,4,4,8.564039529458075,7,0.40955030885438226,0,0.0,0
37256,30.165350923124606,3,4,18.10650734368374,2,0.6252414220755985,0,0.0,0
37257,22.255711068694946,4,4,7.1187839066337695,4,0.27552532692058374,0,0.0,0
37258,23.447249743770495,0,3,7.93904256296193,7,0.6443816713208306,0,0.0,0
37259,45.78201455169911,4,1,16.696822834410106,2,1.0003397657793784,0,0.0,0
37260,54.720177473137475,4,3,4.505126187183049,3,0.9968053876923726,0,0.0,0
37261,41.18892999756111,2,2,10.414015747500638,1,1.0000477279989752,0,0.0,0
37262,26.083079416331827,3,5,0.0,4,0.5022647553901473,0,0.0,0
37263,42.989214609720314,3,3,8.360895844969917,3,0.2518006682307446,0,0.0,0
37264,57.40930327029139,5,6,21.23874539853089,7,1.00017751256968,0,0.0,0
37265,55.9758051228351,3,4,24.737618188905053,4,0.10758704436784061,0,0.0,0
37266,41.10430523986507,3,3,2.82635439875971,7,0.9998144195934189,0,0.0,0
37267,50.154966898314825,3,3,18.135464249819908,3,0.4993697460518015,0,0.0,0
37268,35.56261722381885,3,0,15.942513275961,1,0.9996942293978381,0,0.0,0
37269,40.14655398744315,5,7,5.030675318156305,1,0.36259748659632823,0,0.0,0
37270,27.923665098392924,4,6,10.23475643175377,0,0.4880712255969729,0,0.0,0
37271,32.28134535075123,2,6,19.99607524182378,1,0.7245527068851773,0,0.0,0
37272,38.767194478612545,1,6,17.539968633585897,2,0.5423126913921321,0,0.0,0
37273,38.87846805966645,2,3,8.572613383452468,3,0.9670988897043881,0,0.0,0
37274,24.337798021520882,3,2,17.99702859184302,4,0.8302070147080096,0,0.0,0
37275,29.968040338516367,1,2,3.1566505382200454,1,0.0,0,0.0,0
37276,31.52695268797313,3,1,2.1885183329383295,7,1.0000832726318842,0,0.0,0
37277,20.111733381788465,2,5,17.305228727760554,1,0.08838041903126581,0,0.0,0
37278,30.173788217372447,3,6,8.451602929530752,0,0.5003293745159443,0,0.0,0
37279,53.304032439882405,3,6,14.43462619324827,2,0.6178061970060788,0,0.0,0
37280,51.47837618004859,4,6,10.16129717930484,5,1.0000927609334298,0,0.0,0
37281,44.3436580419268,3,3,16.757470200442327,1,0.2296633716030987,0,0.0,0
37282,49.75408222140072,4,4,20.00254611663047,3,0.49874955769263296,0,0.0,0
37283,11.80132820065884,4,1,3.697080186937786,2,0.0,0,0.0,0
37284,31.711577933112665,3,5,19.98903480956714,1,0.8150624464613787,0,0.0,0
37285,36.91900192086427,3,1,1.8179382582037498,4,0.33631083360789094,0,0.0,0
37286,52.62324786469137,4,6,12.244484840501881,5,1.0002824347396917,0,0.0,0
37287,23.67993599120531,2,2,5.0713096497274,4,0.2783438680530166,0,0.0,0
37288,71.72335166238929,3,1,0.0,4,0.4978828843277135,0,0.0,0
37289,59.30383766072012,3,5,20.001522550540244,1,0.6581024568460905,0,0.0,0
37290,60.83275112070601,3,1,24.547822926342484,3,0.9999015688229589,0,0.0,0
37291,39.174008764206086,1,5,3.366343295182027,9,0.3159102412091441,0,0.0,0
37292,32.83251741073312,3,2,22.71142840189758,7,0.40022538718132106,0,0.0,0
37293,58.58419963784266,1,3,15.67285060720278,7,0.9996077913880835,0,0.0,0
37294,30.66033714362966,5,3,1.2028356602076347,1,0.13071181443642388,0,0.0,0
37295,29.75492246074806,2,3,9.246812559128735,7,0.8778206381975459,0,0.0,0
37296,18.437260683985482,5,2,13.600403591969243,7,0.0,0,0.0,0
37297,50.655359380333984,1,1,8.482928277554224,4,0.5006790518255169,0,0.0,0
37298,27.299890435830218,2,6,13.851282614818548,2,0.7614650432609257,0,0.0,0
37299,38.8556405247227,1,1,20.002690861021573,4,0.6890507862617149,0,0.0,0
37300,48.046009325471424,4,4,9.169131161126582,7,0.9998058625491033,0,0.0,0
37301,36.06705424274738,4,3,12.586794857354414,3,0.9998271581642837,0,0.0,0
37302,54.8345814503395,3,4,16.751613209191003,2,1.0002145666884583,0,0.0,0
37303,32.69809736000497,3,4,20.000770913063413,1,0.25966185766578165,0,0.0,0
37304,28.871805107944247,3,6,18.825991979727913,3,0.24973266319807202,0,0.0,0
37305,43.73751743158792,5,3,13.05267886520057,2,0.7428714900061438,0,0.0,0
37306,49.16924142167824,3,2,7.940660030238622,1,0.9999559288493469,0,0.0,0
37307,41.195364813568254,3,3,12.822560898584332,3,0.9997453394311622,0,0.0,0
37308,19.05782653301914,1,3,14.75761832623575,1,0.9308524050327008,0,0.0,0
37309,66.91196747500211,3,3,19.189007059058834,3,0.5011159747243141,0,0.0,0
37310,28.31403257087064,1,5,18.083946717766693,3,0.029562934956417264,0,0.0,0
37311,39.84180838772874,4,2,16.748655498265375,7,0.4806924517008034,0,0.0,0
37312,45.892991548477,2,1,11.704813250387167,5,0.9997107522137287,0,0.0,0
37313,60.17995348247092,3,2,1.7041211256998032,7,0.9999058357529156,0,0.0,0
37314,36.948145059882314,3,3,21.110136303704746,3,0.507861854170651,0,0.0,0
37315,44.08487727985958,4,4,11.692575399565929,6,0.3576403799716228,0,0.0,0
37316,18.017880487796443,3,4,3.938428432182249,2,0.41403271998713714,0,0.0,0
37317,60.55616975269744,4,4,20.014053798611457,1,1.000944890640266,0,0.0,0
37318,42.27747544309884,4,6,19.71975658717902,7,0.42074999418991765,0,0.0,0
37319,46.135405030502135,2,4,2.248010433645261,3,0.0,0,0.0,0
37320,49.79782822349954,4,3,0.0,3,0.42471682129186483,0,0.0,0
37321,26.980472131799694,4,2,10.429545954378971,3,0.34075375525884743,0,0.0,0
37322,48.83868985830983,2,6,18.0221655035916,7,0.9998817682601713,0,0.0,0
37323,47.54079250882465,3,3,15.81834149895461,4,0.999674477297305,0,0.0,0
37324,46.49806112110008,3,2,13.159973115398909,3,0.9795177698960789,0,0.0,0
37325,24.191694567758955,2,1,6.847226620449075,4,0.5025382581088164,0,0.0,0
37326,63.05867410520267,4,1,7.928064032033543,4,0.20823967173227914,0,0.0,0
37327,28.06351466494039,6,6,12.768454964420483,2,0.0029210046401343392,0,0.0,0
37328,50.116854913477056,2,1,11.212291327563136,3,0.9994493248059633,0,0.0,0
37329,63.716573967274414,5,2,8.590872858915459,7,0.7230348104067583,0,0.0,0
37330,50.03585019707367,1,6,12.52311422050868,4,0.6774434316823927,0,0.0,0
37331,39.4118730292104,3,3,10.017797140480798,5,1.0004990313005009,0,0.0,0
37332,33.98149633193244,2,6,0.0,7,1.0001255698286342,0,0.0,0
37333,29.18652278276464,3,2,3.573063230180071,5,0.9565839615420382,0,0.0,0
37334,68.1594420041927,4,3,14.673258113116333,7,0.9998647541243981,0,0.0,0
37335,33.66951923757148,3,2,10.687028048492595,6,0.6917265233655853,0,0.0,0
37336,48.082864329946155,3,2,12.178342542017017,7,1.000118719274598,1,4994.874644870994,1
37337,51.4724301260317,3,6,10.637844859428021,7,1.00015143270684,0,0.0,0
37338,45.25218473949626,3,3,20.019212051546454,5,0.6116257573501362,0,0.0,0
37339,78.40550838233094,2,3,17.279314563604867,3,0.9262358061564999,0,0.0,0
37340,20.04497903202034,3,3,10.099640209707628,1,0.5000598866309933,0,0.0,0
37341,46.641822824121796,3,3,11.200766865832138,7,0.9993892307211403,0,0.0,0
37342,12.297254864292146,3,5,11.752300636406687,1,0.8907451417828559,0,0.0,0
37343,24.18233673518568,4,1,6.490410935094396,1,0.9852235136745504,0,0.0,0
37344,33.130302446589816,2,5,13.491717711337696,1,0.23598231078009657,0,0.0,0
37345,46.7185230356084,6,3,13.522941616940283,1,0.3178089411092301,0,0.0,0
37346,24.46859907526912,3,6,6.315662762200233,3,0.2957967437723127,0,0.0,0
37347,48.82832378086844,4,6,11.455367984467392,7,0.564613577567771,0,0.0,0
37348,54.06708365626504,2,5,13.61291349297581,7,0.9993353799721285,0,0.0,0
37349,57.24407518849958,3,4,8.48560398202969,7,0.94750535638976,0,0.0,0
37350,29.426642337008474,4,5,1.5143734813598009,6,0.5477836423198107,0,0.0,0
37351,63.40130971725404,4,6,16.021534636929694,7,1.0000353358120484,0,0.0,0
37352,48.176554367034,3,3,5.058416357968717,3,0.4677429190123914,0,0.0,0
37353,32.559157886624874,1,1,2.957061130338138,4,0.6308299195960213,0,0.0,0
37354,46.58478275372725,2,3,12.395581706064661,1,0.9657753778653357,0,0.0,0
37355,57.11060420425129,4,3,17.072148375329263,2,0.9655494110282219,0,0.0,0
37356,31.70356850434836,1,1,5.105493434470808,1,0.26743984947107036,0,0.0,0
37357,25.852054119307365,2,2,4.343443066236621,4,0.10056419567944319,0,0.0,0
37358,42.0335382787657,3,2,18.397470094259816,1,1.0001896316491028,0,0.0,0
37359,47.13670311693337,3,2,12.8202846397132,3,1.0003289033117606,0,0.0,0
37360,47.13109637656196,1,6,12.392237864797025,4,0.266871457069469,0,0.0,0
37361,29.251214119181057,3,1,18.79738714432588,7,0.5022224367723643,0,0.0,0
37362,20.700740516623735,1,6,8.78788433672879,2,0.016440764147227838,0,0.0,0
37363,24.79929863241334,3,4,20.536818338934644,7,0.1959054719532206,0,0.0,0
37364,45.17351998377705,5,6,14.977245290762472,3,0.5795471806151027,0,0.0,0
37365,48.88083907993381,3,1,18.58581201695211,7,1.0001692290417297,0,0.0,0
37366,72.70859823534424,5,1,0.0,2,0.5004314663336151,0,0.0,0
37367,29.033187707799556,3,2,3.2200193281641045,3,1.0004522429132587,0,0.0,0
37368,41.36183310752215,3,3,3.166683747636748,7,0.9998939779334488,0,0.0,0
37369,57.62584154989777,5,2,6.563622880554997,1,0.34273394830504167,0,0.0,0
37370,27.323076318654486,4,3,11.933553087087438,5,0.0,0,0.0,0
37371,32.02664713230424,2,4,6.3587729307726475,3,0.1178059417364693,0,0.0,0
37372,31.650620659271947,6,3,9.413920982439475,1,0.9154039610717309,0,0.0,0
37373,50.7062718939098,3,6,15.934101056375997,3,0.2563975688329207,0,0.0,0
37374,43.52935286130116,1,1,14.341650749429528,2,0.9995847705634656,0,0.0,0
37375,16.197153433583587,0,1,16.7722334622592,1,0.46237491256452057,0,0.0,0
37376,68.42029766019202,3,3,7.999653616611244,3,0.9999709856321555,0,0.0,0
37377,80.0400117183402,2,3,12.730613953550671,5,0.50306593432705,0,0.0,0
37378,36.88927824919341,4,3,1.235218252997889,7,0.75587324759402,0,0.0,0
37379,23.480592496333426,5,5,13.577168782160452,7,0.9996312603688773,0,0.0,0
37380,50.61178502702494,1,1,7.266948818053791,7,0.9999318852068748,0,0.0,0
37381,44.29152066216608,2,6,11.751656700276802,8,1.0003906774725153,0,0.0,0
37382,32.42389066160854,3,4,3.5872913858576743,4,0.21860673030329064,0,0.0,0
37383,46.04943583129998,3,6,11.77012144317112,1,0.6005743829237215,0,0.0,0
37384,44.00306377978603,3,4,20.008652893858745,3,0.4025144237631283,1,53005.6208825733,1
37385,32.880727626967555,0,3,29.998675267286774,4,0.5027687956131014,0,0.0,0
37386,46.51119065934638,3,5,11.663518738203038,7,0.2843439739372673,0,0.0,0
37387,42.4378660940337,2,3,20.009947062436652,1,0.9999811513992449,0,0.0,0
37388,52.356373873144506,3,4,20.001060580364154,3,0.5018467283637356,0,0.0,0
37389,33.15971384091703,2,6,1.2838744065927052,7,1.0003540748170336,0,0.0,0
37390,46.106257681048206,2,1,5.235805589024911,2,0.5011426423796885,0,0.0,0
37391,31.378981698884694,4,4,4.0345255277357674,3,0.5212444899502638,0,0.0,0
37392,48.28843822859737,3,3,16.73145371505124,2,0.9996682979938671,0,0.0,0
37393,38.05086205651255,3,1,11.084184458483385,7,0.9995247015499675,0,0.0,0
37394,64.12873637589323,3,3,10.485282346276609,5,0.5018477045306233,0,0.0,0
37395,40.89848224641069,5,5,12.20248675298377,1,1.0702602434506359,0,0.0,0
37396,36.083655130687276,4,3,0.0,2,1.000603734533772,0,0.0,0
37397,41.16699832205102,4,3,2.658465693051383,7,0.9995551384645798,0,0.0,0
37398,44.68207894353622,1,3,9.9973185823056,3,0.9998055657049583,0,0.0,0
37399,24.971701118816867,4,6,13.703624466610275,3,0.30476612948185466,0,0.0,0
37400,17.57469164806434,3,8,13.032158675168347,2,1.0004639615240127,0,0.0,0
37401,43.022198504885225,2,6,6.694545214869403,0,1.0004022990079988,0,0.0,0
37402,56.18136116226567,4,3,5.950710762685612,2,1.0002977632976728,0,0.0,0
37403,45.1493897820329,4,1,19.99185824929698,3,0.14934984630616166,0,0.0,0
37404,37.20556358247114,3,6,0.8317533534222612,7,0.9994246756767771,0,0.0,0
37405,43.749166232648555,4,3,8.528262074070728,4,0.49660543062764884,0,0.0,0
37406,39.09237856864231,2,3,13.077548415691131,6,0.5001074064218941,0,0.0,0
37407,21.007911427416452,3,2,15.509972021567567,1,1.0002711979617604,0,0.0,0
37408,19.223245118071905,3,1,1.6648925300767985,3,0.32377421164471115,0,0.0,0
37409,20.686383009643766,1,3,3.070691713963031,4,0.7199898713366742,0,0.0,0
37410,26.92227059976935,5,2,17.73173713887131,5,0.5625069669577276,0,0.0,0
37411,30.667421952308942,5,2,5.260086829460074,1,0.35032766130665816,0,0.0,0
37412,58.8058532255067,2,5,11.358382639654758,1,1.183143693859873,0,0.0,0
37413,53.54065101388689,5,1,3.5350236295139164,7,1.0000778242941626,0,0.0,0
37414,48.41987691246919,5,2,13.241721398879328,7,0.9992133372645329,0,0.0,0
37415,52.3463368317127,4,2,14.756914131341496,3,0.16418449297098547,0,0.0,0
37416,40.46539740603009,3,6,18.911993373323874,1,1.0409407320018669,0,0.0,0
37417,56.10536615205247,3,4,17.705160994825796,1,0.9998608814119472,0,0.0,0
37418,43.6597488918994,5,2,15.054794377175854,7,0.9999542284039495,0,0.0,0
37419,29.535456774955353,3,7,1.2263850303014934,7,0.0,0,0.0,0
37420,30.60732109885045,3,6,26.09056245672994,7,0.7559305231270672,0,0.0,0
37421,31.274685652781375,2,3,13.941395180359752,7,0.6962695281828124,0,0.0,0
37422,21.129972380931672,4,6,12.445806554708414,4,0.4381700538500605,0,0.0,0
37423,23.836195767503146,7,4,0.0,7,0.159369323373438,0,0.0,0
37424,21.70375342699404,1,5,7.97740874021986,1,0.4319786398474966,0,0.0,0
37425,60.911139321932055,4,5,15.049064969613536,7,0.38388381408923933,0,0.0,0
37426,29.580850474404436,3,3,0.1765426929595293,4,0.999732542304314,0,0.0,0
37427,47.208882247870534,3,1,12.586642247026145,7,0.5706305896339275,0,0.0,0
37428,54.28502240756132,3,2,9.582062291509146,7,1.0004392037228913,0,0.0,0
37429,37.48492639646154,2,3,16.29315399973629,1,0.9175291403197396,0,0.0,0
37430,62.323448665049895,5,6,16.85298288452482,6,1.0018065204912532,0,0.0,0
37431,50.94266173346851,3,3,8.99286450150166,3,0.9997233754041136,0,0.0,0
37432,23.293555613076904,2,6,11.632876406077264,7,0.9226565504758912,0,0.0,0
37433,38.13822885231605,2,6,12.883021919696438,6,1.0001787686595491,0,0.0,0
37434,20.48666613377643,4,3,7.722904676284376,1,1.0002150466618627,0,0.0,0
37435,23.936980091489822,5,6,11.037006332148682,0,0.37529005720263636,0,0.0,0
37436,44.414946617846,2,6,21.651281170720146,4,0.9991720778575658,0,0.0,0
37437,36.34616074095452,3,6,7.146118429214743,7,0.9996315161884047,0,0.0,0
37438,37.339327524776735,3,6,10.013233309941436,7,1.0003316661559016,0,0.0,0
37439,38.008328308927,3,1,14.707159590070736,2,0.6024716075436003,0,0.0,0
37440,27.08393497081674,2,5,22.66923376854657,2,0.3142980077017003,0,0.0,0
37441,61.92947706926749,3,4,16.194657873676846,7,0.8371756995467025,0,0.0,0
37442,23.7863895911164,0,3,8.62702709617268,3,0.5013865288657312,0,0.0,0
37443,31.283014596881394,3,4,22.310384742605464,1,0.30457632813894725,0,0.0,0
37444,60.830134594152284,4,3,7.4993045243472825,7,1.1858846688623,0,0.0,0
37445,50.55487524211556,2,3,6.563727880911259,2,0.6375921766011527,0,0.0,0
37446,36.9409801256139,2,6,15.094202568084931,7,0.9998137827235162,0,0.0,0
37447,39.90838995772164,3,2,8.21800579876887,7,1.000152638831248,0,0.0,0
37448,36.645789463280266,3,5,10.008143486648915,5,0.5011986569472772,0,0.0,0
37449,48.82304237726019,2,6,9.255482019761667,1,1.0000153788581412,0,0.0,0
37450,60.348773278982456,1,1,0.0,0,0.5041835809048951,0,0.0,0
37451,55.606204449509605,3,1,2.7822089946246926,6,0.9485207495679311,0,0.0,0
37452,30.162881506451583,4,1,19.999503903959706,1,1.0003170189810258,0,0.0,0
37453,72.3574729403192,2,3,10.662923657860171,3,0.9999268277177433,0,0.0,0
37454,45.78112041475281,4,3,11.635269926783879,2,1.00059879910901,0,0.0,0
37455,45.210387662734675,4,1,4.729390162646763,1,0.0,0,0.0,0
37456,19.49395419982713,2,2,9.918635428313458,3,0.5606231184633057,0,0.0,0
37457,52.91474360034524,3,6,16.194587169869134,7,1.0002503652148063,0,0.0,0
37458,45.736952901685044,3,6,0.0,7,0.33405311170363494,0,0.0,0
37459,66.12394411759982,3,1,17.867188236152124,7,1.0002596048290147,0,0.0,0
37460,44.30359409368906,1,2,9.06578694949274,1,0.4554879045956901,0,0.0,0
37461,45.48071417180923,4,1,16.43752059919283,6,0.9994214245426145,0,0.0,0
37462,35.4033944576383,3,3,15.406508774394469,7,0.6932417470565673,0,0.0,0
37463,48.157449680803175,3,8,19.984328809241347,1,1.000157285901986,0,0.0,0
37464,30.785282348151238,3,4,8.735459642391394,7,0.14958173990361645,0,0.0,0
37465,43.677480133391654,3,6,12.525623908488846,3,0.7609295768021911,0,0.0,0
37466,54.462955035179014,2,5,9.069483675806822,5,0.30276686965184724,0,0.0,0
37467,29.880955724240124,1,2,4.040322589063084,7,0.9998033334997525,0,0.0,0
37468,33.0028736548846,4,3,12.381829962530782,2,1.000784009363109,0,0.0,0
37469,10.262451678839824,1,1,25.5881247217529,7,0.9077494691456856,0,0.0,0
37470,39.89629981712437,3,6,6.144415377327221,7,1.0002641541060653,0,0.0,0
37471,37.54344370003355,3,4,4.831311554403453,4,0.49265167724079784,0,0.0,0
37472,60.2741701385533,3,6,16.74381793381169,1,0.9956013220559027,0,0.0,0
37473,55.92891993015665,4,3,7.842501628433996,7,0.18263099986821552,0,0.0,0
37474,59.47277629104143,5,3,9.752962487120142,2,1.000786358726367,0,0.0,0
37475,28.673751399367305,2,3,5.45531946817726,3,0.9204159146271449,0,0.0,0
37476,33.97994153244035,4,6,14.348841700102168,7,1.0001279508919794,0,0.0,0
37477,25.79944377869353,2,1,20.000362207376682,3,0.6206914220135101,0,0.0,0
37478,30.566213184177055,2,4,20.000704453425847,1,0.3122630998181636,0,0.0,0
37479,27.237976658868206,2,2,1.9162570512591834,6,0.19084232077639623,0,0.0,0
37480,43.567797518407374,7,6,14.263058486410266,7,0.6182760444687649,0,0.0,0
37481,33.31884276460598,3,6,13.25681078008173,3,1.0003444583626642,0,0.0,0
37482,39.21271970844993,4,3,17.45435920203301,4,0.9993119007303608,0,0.0,0
37483,53.12719030140184,3,6,9.002883044381152,7,1.0004348917272263,0,0.0,0
37484,30.815608059096462,4,3,8.637761009392676,7,0.4751248411354805,0,0.0,0
37485,29.061928290293856,3,1,18.561624690086358,3,1.0001065816845942,0,0.0,0
37486,15.996360361499303,4,6,6.382706503982078,7,0.14827470206697768,0,0.0,0
37487,31.21464199481966,2,4,13.53379165946422,3,0.2514263455490489,0,0.0,0
37488,58.21641868308639,6,4,11.999839953205836,3,0.7617780352792807,0,0.0,0
37489,34.52064265980429,3,5,14.386342610621007,2,1.0005045832486132,0,0.0,0
37490,23.219432990713212,4,6,17.675447537137487,1,0.9172817666852207,0,0.0,0
37491,37.13326227943091,2,2,8.422200992706475,4,0.29315724204781557,0,0.0,0
37492,32.640805221260734,3,1,6.374958947882123,7,0.9999493756140145,0,0.0,0
37493,42.93218007660587,5,5,0.0,3,0.7786337167914448,0,0.0,0
37494,43.127929087737456,3,4,19.993548046983165,1,0.3863760800736973,0,0.0,0
37495,39.5759001562489,4,2,7.927017549350123,1,0.4692202493122064,0,0.0,0
37496,52.876947296386554,3,1,17.05503246181845,3,0.9885156099001282,0,0.0,0
37497,52.41255376624734,3,3,7.908571824053926,2,0.9623470214648815,0,0.0,0
37498,49.34239806793911,4,3,0.0,6,0.7185267146292778,0,0.0,0
37499,37.25762054913895,3,1,11.827398117157088,5,1.0001149149471737,0,0.0,0
37500,41.9846060806944,5,3,12.00920939886722,5,0.5026484539822331,0,0.0,0
37501,35.76836517663452,3,4,19.998277216576817,1,0.030532763167297583,0,0.0,0
37502,50.3555337613931,7,3,14.904549765182477,7,0.811923104934047,0,0.0,0
37503,41.49545677434593,3,3,12.197162793203029,4,0.9996303617357399,0,0.0,0
37504,47.22769099990012,2,2,19.596321378372753,6,1.0003408509561584,0,0.0,0
37505,41.71828169518099,1,5,0.30574508102106357,4,0.42576443189456303,0,0.0,0
37506,43.127453808902736,2,4,19.999197120819396,2,0.999403304017433,0,0.0,0
37507,49.58771552514248,4,4,6.078735539376421,7,0.3788439384330707,0,0.0,0
37508,38.09893048018887,2,6,9.998732073586615,3,1.0002258611589943,0,0.0,0
37509,22.884024164501255,1,3,10.624319059247116,1,0.3844348922844132,0,0.0,0
37510,51.27794159550106,3,3,15.215869128612312,2,0.9993626189082789,0,0.0,0
37511,40.35745041407557,2,1,2.222535104364278,5,0.9284392354694856,0,0.0,0
37512,57.734181001719286,3,1,12.126880674664482,7,0.9626152607379618,0,0.0,0
37513,42.84685278493561,6,1,12.014562923830065,3,0.22391924835473692,0,0.0,0
37514,41.82723188084068,4,1,8.902543585927294,3,1.0003289570993874,0,0.0,0
37515,35.65221800951619,4,3,7.12350179731787,4,0.9982939653947918,0,0.0,0
37516,20.30881558244328,3,1,8.26586887139598,1,0.8466353809023053,0,0.0,0
37517,24.648908088786637,3,4,2.51331673785527,7,0.008210317472796325,0,0.0,0
37518,42.14441636383228,5,3,0.0,2,0.44391788572655055,0,0.0,0
37519,62.77212850857167,2,3,9.922854703306557,7,1.0005183504957893,0,0.0,0
37520,79.27569291714602,5,5,3.174098218181114,0,0.558599509429449,0,0.0,0
37521,45.01801426494015,1,3,14.381377519624241,3,0.732865218711904,0,0.0,0
37522,39.55768330109498,2,3,8.624277570431836,2,0.4952475372973595,0,0.0,0
37523,28.096806741800645,2,3,3.4630346926918634,1,0.5791112012539765,0,0.0,0
37524,33.89272501444349,2,4,8.947771856312638,5,0.4164316632368227,0,0.0,0
37525,39.931831469250724,3,1,19.996512058886836,4,0.4379649540654721,0,0.0,0
37526,26.936318053521234,1,2,4.181931538939747,4,0.0385806132417299,0,0.0,0
37527,17.670542361483726,3,3,0.19201499911055642,0,0.3065213178145004,0,0.0,0
37528,30.58418298816651,1,3,1.632898459823906,2,0.2856773471784085,0,0.0,0
37529,19.205813047521676,2,2,8.00936586455052,1,0.9999440572907543,0,0.0,0
37530,58.75686731974596,1,3,10.225373455767848,7,0.5794666772907393,0,0.0,0
37531,45.24784007260855,5,4,20.007048086151592,1,0.9997332553987012,0,0.0,0
37532,45.92251354884417,2,3,7.1573585779647155,7,0.5531384599277841,0,0.0,0
37533,35.42667215819974,3,3,4.536718988852964,4,0.012029442557386805,0,0.0,0
37534,33.7835890314052,2,2,14.387429358908417,6,1.000163345876071,0,0.0,0
37535,45.59619013507826,4,6,15.177779857235292,7,1.0002968344606256,0,0.0,0
37536,47.78798152173876,2,6,17.168876441163828,4,1.0001489795985838,0,0.0,0
37537,24.53292464769744,2,6,9.144120400672891,5,0.43204710449817696,0,0.0,0
37538,26.874995305308737,2,6,0.0,7,0.0,0,0.0,0
37539,26.87489587012622,2,5,8.44596223395359,7,0.8699021014724867,0,0.0,0
37540,48.19546069417205,3,1,6.52602407647415,7,0.9997001866616917,0,0.0,0
37541,47.71565980529176,5,2,6.643209104797317,7,0.7983236190287056,0,0.0,0
37542,58.48038752873745,2,3,18.49319191420845,7,0.20588159856535998,0,0.0,0
37543,40.084341001906985,3,6,3.0175600674302174,7,1.000401077241576,0,0.0,0
37544,23.417239850805373,1,2,13.20992015852934,4,0.35723745581324207,0,0.0,0
37545,30.60168436356594,3,1,19.988515384507508,1,0.9664904508762459,0,0.0,0
37546,33.707567074226084,4,0,19.994749056795406,1,0.9999017612510103,0,0.0,0
37547,55.07681863674232,3,1,19.67338385183492,6,0.9999186990838582,0,0.0,0
37548,59.12957898621219,5,1,2.224744675602855,6,0.4954240109137038,0,0.0,0
37549,36.86459602254514,4,1,10.264535852496977,6,0.8167823546883068,0,0.0,0
37550,33.89940775165506,3,0,20.002163399430643,1,1.0004164282592258,0,0.0,0
37551,49.98628331938674,4,5,16.69103430513979,6,0.500580935188303,0,0.0,0
37552,36.79540304802365,2,4,15.373613027118015,1,1.00708755666315,0,0.0,0
37553,21.840987722622984,3,1,11.37607818100794,4,0.9994602569237687,0,0.0,0
37554,49.57439284565966,2,1,10.537342279009932,3,0.37417340213981704,0,0.0,0
37555,47.410796937937235,2,3,8.810953940299912,2,0.9998167616905294,0,0.0,0
37556,54.77968219007895,2,3,7.315956561666255,7,0.6329299278247851,0,0.0,0
37557,32.451954957309965,3,3,12.62322403667769,2,0.35341491877086084,0,0.0,0
37558,36.742364806787464,3,3,0.9305255356833868,7,0.2633835258137114,0,0.0,0
37559,47.53160605615256,3,2,13.693508130384375,1,0.13712005696108853,0,0.0,0
37560,67.21427839679717,2,3,13.621123092501055,7,0.2685085344591284,0,0.0,0
37561,40.70666433195863,4,2,4.292265064667742,5,0.3378825561554366,0,0.0,0
37562,47.73395084857942,3,3,5.607414517632017,2,0.999566258545997,0,0.0,0
37563,70.80353051904612,4,6,7.6215350091793415,7,0.9999576989290639,0,0.0,0
37564,38.87934568678234,4,3,17.3468644639968,7,0.46112635232914656,0,0.0,0
37565,17.37070753202701,4,2,0.0,6,0.4174605079373655,0,0.0,0
37566,40.00688828945843,3,3,20.00210497734762,5,0.4321280145158202,0,0.0,0
37567,26.225099886701617,3,2,5.61847581169392,5,0.9995475860904632,0,0.0,0
37568,33.58301853389205,1,1,3.3156971105436153,1,0.5731539654388051,0,0.0,0
37569,52.494646784551925,2,4,15.977879851572595,7,0.9169525039082325,0,0.0,0
37570,43.49700459759552,3,4,8.695892834494117,7,0.6390282899396581,0,0.0,0
37571,53.52426784770612,3,6,14.624883335183057,3,1.0006805509520458,0,0.0,0
37572,48.57925760192768,4,2,17.18546451034859,6,0.6140935877920165,0,0.0,0
37573,29.50876020742819,3,1,9.464111817820429,3,0.4947483276485376,0,0.0,0
37574,44.13045644512156,4,6,1.826751563704665,0,0.09969443442603065,0,0.0,0
37575,47.70103118879832,4,4,20.007368459857176,2,0.6526726390396315,0,0.0,0
37576,36.14345770676284,4,6,15.289074288883189,7,1.0003941984173494,0,0.0,0
37577,41.60730409156355,3,1,10.544351109451437,3,1.0004336257046011,0,0.0,0
37578,61.12449219015959,1,5,5.903773675999519,6,1.0049306434645482,0,0.0,0
37579,60.35027002177461,3,5,12.507620478421861,5,0.5014766033903929,0,0.0,0
37580,56.83213171057811,1,3,16.65315020737535,3,0.5002352076666083,0,0.0,0
37581,38.64290063543486,4,1,2.8548793923775104,5,0.9445782424333437,0,0.0,0
37582,29.468586240959702,2,2,5.676496909633647,1,0.9996298884383807,0,0.0,0
37583,55.429577732521224,2,1,8.953274879489413,4,0.49820988985670356,0,0.0,0
37584,49.236020600482036,4,3,7.479508540874219,3,0.13724605538445256,0,0.0,0
37585,46.39671207048756,2,6,15.61835408922834,7,0.9999036692422648,0,0.0,0
37586,44.08327002462403,2,2,0.6050747919432045,4,0.41527418060663174,0,0.0,0
37587,33.08240414803671,4,1,13.389258554891466,4,1.0262052932049341,0,0.0,0
37588,32.980264150029406,4,1,2.8558370080544098,5,0.498508270848623,0,0.0,0
37589,37.62760204467292,5,6,14.079796613398416,3,0.14520832729380895,0,0.0,0
37590,52.77135518996626,3,1,2.102961280702635,7,0.999849735580208,0,0.0,0
37591,29.288627482080972,0,1,0.0,7,0.4155696802916247,0,0.0,0
37592,64.71285363394824,4,5,11.010111689795556,7,0.8148172034996928,0,0.0,0
37593,27.906475993355848,4,2,5.23184673944668,7,0.8106170374872158,0,0.0,0
37594,26.83793523598166,4,6,8.575223632571799,1,0.9604996648578212,0,0.0,0
37595,43.4326381943744,4,4,11.402277473430942,7,0.7608907645149044,0,0.0,0
37596,75.22227779922622,3,1,12.111427334890767,5,0.4972626045200851,0,0.0,0
37597,13.29258921074878,3,3,7.773323632472179,1,0.9999355332558832,0,0.0,0
37598,30.30649623550739,2,6,17.541485955568245,5,0.999805008190785,0,0.0,0
37599,63.196979509934465,5,3,11.85483664017433,3,0.49816486993804976,0,0.0,0
37600,30.810761936549447,3,4,7.7164359071223485,0,0.37991811228231215,1,260.4345830589876,1
37601,46.258515615537895,5,2,10.333299978106396,7,0.19840765757642942,0,0.0,0
37602,43.5700460491955,4,6,18.042922193214796,7,1.0002393475438822,0,0.0,0
37603,33.39141056704972,3,1,21.09349778076495,7,0.9994786545956073,0,0.0,0
37604,40.556487157150364,2,1,7.497845166975976,5,0.49733968254999117,0,0.0,0
37605,41.45694464807107,4,1,13.276375974027971,7,1.0000794219914653,0,0.0,0
37606,22.069725395027607,4,2,5.985408250325139,3,0.4515557981709408,0,0.0,0
37607,32.045478989007094,4,0,0.547902355712683,7,1.0002667443827573,0,0.0,0
37608,31.47985293664271,1,1,10.652616124826114,4,0.49779207342287124,0,0.0,0
37609,48.928785894835144,3,6,5.627658063184368,7,1.0003396248027225,0,0.0,0
37610,45.873565998070745,3,4,20.004954891825104,1,0.9003699340187317,0,0.0,0
37611,45.431743161197836,4,2,11.515820602980494,7,0.9999184244355637,0,0.0,0
37612,34.326220981964234,3,1,20.00240108560162,5,0.24010471278615908,0,0.0,0
37613,55.89923033278154,3,6,21.176769384824233,7,0.7084531193933021,0,0.0,0
37614,47.78427232483143,4,3,10.528405217061268,3,0.9794300650538416,0,0.0,0
37615,34.301925876066235,4,3,15.565612663684405,2,1.0160483120101786,0,0.0,0
37616,10.7792159854218,3,5,15.29607822902894,7,0.9838242390774437,0,0.0,0
37617,24.760331913307276,3,1,3.2772939772149856,3,0.354618800197342,0,0.0,0
37618,24.542492370068185,1,2,5.228256248663703,1,0.8725610452455584,0,0.0,0
37619,45.44412528204839,4,2,9.179236035514132,2,0.12296270021877576,0,0.0,0
37620,32.21974170010358,2,3,12.617562602634179,2,0.593232326338703,0,0.0,0
37621,30.807751088040213,4,1,8.18182488697784,5,0.9802643734198343,0,0.0,0
37622,38.03968100680479,5,5,8.01998344484438,1,0.6426149174494082,0,0.0,0
37623,31.68895102382011,4,3,17.120907155338745,0,1.000350165547183,0,0.0,0
37624,40.722371709346106,3,5,12.253070666604627,7,0.9998370230005981,0,0.0,0
37625,54.80983379679483,4,5,4.058372564947213,2,1.000525862241987,0,0.0,0
37626,38.69317405787051,3,4,20.00097429725527,7,0.9435282743559421,0,0.0,0
37627,39.78245444215682,2,1,19.99408837593826,4,0.4197000417211166,0,0.0,0
37628,26.765936253494683,0,1,0.9539880601219295,1,0.30869031870630614,0,0.0,0
37629,53.28120511386709,2,6,10.04294536678589,1,1.025331809204324,0,0.0,0
37630,45.131613406599314,3,2,7.731453340681743,7,0.9999073026705161,0,0.0,0
37631,38.26763695943658,2,5,14.9298299352372,2,1.0151689104475698,0,0.0,0
37632,52.64186543632802,5,2,4.770131654679738,7,1.0004289971603835,0,0.0,0
37633,44.0084591046585,4,1,8.566082292646591,7,0.6940293806685277,0,0.0,0
37634,48.45154980541333,4,1,12.946215551224372,1,0.0252141166672617,0,0.0,0
37635,51.85328962875074,3,3,9.887679823968623,7,1.0002255464091108,0,0.0,0
37636,53.421930520749314,3,2,12.815428724588095,3,0.3910031426540579,0,0.0,0
37637,41.737073001680955,4,5,0.0,7,0.4558961465558409,0,0.0,0
37638,59.61587276494836,4,3,6.956133693545557,7,0.9997800603822085,0,0.0,0
37639,53.99263676026919,1,1,0.8324245941958548,7,1.0000220425781337,0,0.0,0
37640,57.36641880707,3,3,11.725269865698403,5,0.4996211129894198,0,0.0,0
37641,59.612472066813204,3,1,23.95570472215291,4,0.4978861744234957,0,0.0,0
37642,37.12344604812392,4,1,4.420637750321144,7,0.24360270908619164,0,0.0,0
37643,34.59867896034297,3,6,14.757270032648876,6,0.3471294217627167,0,0.0,0
37644,56.307100512295165,5,4,19.996889621271173,4,0.4921025321840117,0,0.0,0
37645,15.410311967918243,5,1,12.13947274103664,2,0.686198187473968,0,0.0,0
37646,62.45364048594333,3,4,19.858086966004134,2,1.0003464647829499,0,0.0,0
37647,65.68685859501176,3,4,10.123480519591162,1,0.9729895050131243,0,0.0,0
37648,36.719319719626746,4,1,7.346809769731089,4,0.4729165553692193,0,0.0,0
37649,48.9582790034402,4,6,19.252983213035563,4,0.9997641286924885,0,0.0,0
37650,46.308410268108794,3,1,0.7307886133856965,7,1.0006415466978842,0,0.0,0
37651,18.674196787904645,8,3,8.299759874958186,2,0.3953685295720517,0,0.0,0
37652,54.395096865897855,3,1,3.9302378692525233,3,0.16459034619101576,0,0.0,0
37653,56.06649330619269,4,3,14.434222819361233,2,0.49830934181950903,0,0.0,0
37654,38.99045513194368,3,3,2.0058068105460904,3,0.4955927325861498,0,0.0,0
37655,53.53010874045931,2,3,13.429420821714906,4,0.9999387642794323,0,0.0,0
37656,46.157849626818,4,1,17.184992066090732,3,0.999989384066132,0,0.0,0
37657,45.093355669972944,3,3,20.00025767260317,5,0.7079805909240218,0,0.0,0
37658,54.443843658773496,3,3,14.253828956970317,7,0.9998805655090863,0,0.0,0
37659,47.95054680772604,5,1,14.488169316706879,7,0.9993547499109758,0,0.0,0
37660,37.267683182998276,4,2,11.199556317433336,7,0.41070624377412673,0,0.0,0
37661,35.73193917389476,4,3,3.7456785699203596,4,0.5999624769206823,0,0.0,0
37662,43.993234230779656,3,6,14.121880288119385,7,1.0000809870946552,0,0.0,0
37663,58.88937166068507,5,4,20.007703315394878,7,0.3607496336441968,0,0.0,0
37664,50.004084303493414,3,4,16.25605578764929,0,0.9994473875747403,0,0.0,0
37665,59.30130645377517,3,3,10.862928577032973,5,1.000113695127503,0,0.0,0
37666,39.27839966292912,2,3,7.922642657257718,3,0.031579487629613934,0,0.0,0
37667,49.68619443036563,3,2,14.035974212650054,3,1.0004229622606853,0,0.0,0
37668,29.579629376856445,2,4,20.304635656289342,1,0.9915868964426044,0,0.0,0
37669,36.872419769282416,4,6,14.81979689068365,3,0.9311045935095351,0,0.0,0
37670,54.863665257668565,3,3,20.001588258681224,3,0.8017042357754589,0,0.0,0
37671,58.76605668819306,3,3,13.776606089311647,3,0.5034386284533303,0,0.0,0
37672,34.44315841364359,3,3,17.49065499427992,7,0.9998246061303286,0,0.0,0
37673,57.979805325226195,3,0,19.99775523561705,1,0.9998535052580171,0,0.0,0
37674,64.60104106340648,2,1,18.646535755414995,9,0.9447927763131139,0,0.0,0
37675,29.889003555837068,4,4,26.191060898549537,2,0.12955100511603834,0,0.0,0
37676,20.325027729659066,2,5,13.03792231726646,3,0.47318812055014664,0,0.0,0
37677,46.62472168720516,2,1,6.388053685724841,7,0.9997733011777447,0,0.0,0
37678,40.41752358066722,3,2,15.652223148171217,7,1.000366860112293,0,0.0,0
37679,35.517857888692355,4,3,7.941846851849764,3,0.1355369331744266,0,0.0,0
37680,36.83606827637262,3,6,14.911340824838115,2,1.000486476930462,0,0.0,0
37681,51.84091168068706,3,2,12.79928900706514,2,0.9994364263315024,0,0.0,0
37682,64.81195460572758,3,4,9.651612509242737,7,1.4712668887270781,0,0.0,0
37683,38.76083161421489,2,2,16.341246676315684,1,0.6582584090300693,0,0.0,0
37684,23.60150235969353,1,7,2.084826031071783,4,0.00045080829437738057,0,0.0,0
37685,22.02494455228395,5,3,5.733060525494037,4,0.36760445309870676,0,0.0,0
37686,61.51496015128522,4,3,12.04550937985262,7,0.9994827010402166,0,0.0,0
37687,32.445266149870456,2,3,8.276549301612585,2,0.9291063490518411,0,0.0,0
37688,51.5525234704518,5,2,13.877658697611148,1,0.5562093867263879,0,0.0,0
37689,39.29578966314281,0,6,3.663454558752103,7,0.7565688691463226,0,0.0,0
37690,50.16782450365782,3,4,13.032207507611002,1,1.000501693881515,0,0.0,0
37691,54.44036268883525,2,4,20.01136294227065,7,0.776025119869973,0,0.0,0
37692,42.34256333143289,3,3,11.189784958802703,7,0.9993488367540583,0,0.0,0
37693,29.549920875180575,3,1,6.679049218586278,2,0.9996283425341943,0,0.0,0
37694,24.712781382313203,4,5,3.900189640389156,7,0.5414781498581213,0,0.0,0
37695,45.986540769457264,3,3,17.162032961995536,2,0.5803910077959814,0,0.0,0
37696,18.485812791739868,3,4,8.619590426177298,4,0.999718972988879,0,0.0,0
37697,38.56283125466197,3,5,14.97159015696872,3,0.5020466564296101,0,0.0,0
37698,43.11366519323728,5,6,14.93380587159531,5,0.5083159851824026,0,0.0,0
37699,28.271008849098173,4,4,8.94099300611403,1,1.0130115972434772,0,0.0,0
37700,57.50667550451193,2,4,16.670730222998387,3,0.3904644002148818,0,0.0,0
37701,49.61709664955115,1,3,14.840856424033763,3,0.9997430483309758,0,0.0,0
37702,31.167581860618736,2,1,20.00831946439996,2,0.9694784934998961,0,0.0,0
37703,45.710584040714835,4,6,19.31750401625557,2,0.5039936128438505,0,0.0,0
37704,51.23100511377626,3,5,14.855589730766146,2,1.0000019717332758,0,0.0,0
37705,35.86724856158067,3,1,3.9158165957112168,1,0.9999530130941416,0,0.0,0
37706,61.60883176009461,2,6,13.22813346006518,7,1.0007075500864286,0,0.0,0
37707,50.75897890212746,4,3,2.28639150871601,7,0.8356953376302023,0,0.0,0
37708,57.9869376683344,3,5,14.553485245941637,3,1.0001909349089921,0,0.0,0
37709,53.66138973995467,5,3,16.567120497057896,1,0.9426452853563807,0,0.0,0
37710,44.95310142969054,3,4,20.00951838039149,0,0.49798325438073976,0,0.0,0
37711,43.83746286328828,3,6,16.966680374073555,3,1.0000523295631851,0,0.0,0
37712,47.72868715820233,3,6,18.019997485065524,7,0.9994378821998005,0,0.0,0
37713,62.80665450691629,3,6,0.0,7,1.0001219885810084,0,0.0,0
37714,59.913781198886966,3,3,11.727280253931985,5,0.9997606365051338,0,0.0,0
37715,47.95058763066035,5,6,21.095967832402962,7,1.0003844865006575,0,0.0,0
37716,47.926439565938985,4,0,10.898940188396107,7,0.07025041067980442,0,0.0,0
37717,34.05942299446645,1,3,5.728045703266509,5,0.28698128336662476,0,0.0,0
37718,33.39232184239995,4,4,11.797931354711428,1,1.0112366195589328,0,0.0,0
37719,21.571736314522013,1,5,9.538211942569433,2,0.5432218013832568,0,0.0,0
37720,48.43346040981962,3,2,10.930844319928335,1,0.0,0,0.0,0
37721,27.620189601046125,3,2,4.677138071533705,7,0.9995659455700613,0,0.0,0
37722,48.55781339071444,3,3,15.419071792563031,5,0.9999358063048227,0,0.0,0
37723,16.99233849183376,2,1,2.8340872172089053,2,0.3823797550054791,0,0.0,0
37724,16.610422125879143,4,4,13.373994451317888,1,0.9999708793555837,0,0.0,0
37725,51.752633664720264,1,2,11.871729669010636,7,0.9994519795662342,0,0.0,0
37726,60.90709840140457,4,4,13.583453081446905,1,0.3735706575441678,0,0.0,0
37727,26.565592497944866,2,3,9.208962109929669,0,0.2324240035345469,0,0.0,0
37728,64.51664188819896,2,1,17.037535466154416,6,0.4974993326935905,0,0.0,0
37729,28.20257299293072,1,4,21.99804412216674,4,0.4317901399088911,0,0.0,0
37730,42.29287256043406,3,1,8.26816226357576,2,0.999808981482349,0,0.0,0
37731,28.07709461996402,2,2,3.167691220746277,5,0.06076213518499707,0,0.0,0
37732,22.600024608186814,1,3,3.8022700972446595,1,0.11208896315695382,0,0.0,0
37733,52.85572038370056,4,4,19.99941952524736,5,1.000052554936678,0,0.0,0
37734,25.2848660805064,2,6,12.237023741710198,3,0.514489919575354,0,0.0,0
37735,38.49211705882171,5,4,14.550682590392556,6,0.9996705321894175,0,0.0,0
37736,28.344238948416937,3,3,19.07963771114086,2,0.9563532575929241,0,0.0,0
37737,56.091053226051486,2,1,3.073268932340298,3,0.2576173888774074,0,0.0,0
37738,24.9597470660935,3,4,17.69984266794004,7,0.0323015890434889,0,0.0,0
37739,24.03892042614215,6,6,11.576238972610833,3,0.6613774938890015,0,0.0,0
37740,58.98835034797246,3,5,21.040844806025078,1,0.7152431655398921,0,0.0,0
37741,19.489801904450566,2,5,3.94446644595906,6,0.49738424295552264,0,0.0,0
37742,22.54927391816261,3,1,9.725654001595071,3,0.092026414336283,0,0.0,0
37743,34.33521296032222,2,6,15.65710138468079,0,0.36234055760275335,0,0.0,0
37744,44.21450117801115,1,4,8.079709764327594,1,0.45227059098153,0,0.0,0
37745,56.565299796319266,2,6,19.534167830340266,2,0.9998804331857585,0,0.0,0
37746,31.72669456666942,5,3,10.46689368844661,4,0.49536128947663416,0,0.0,0
37747,16.892849200647813,3,4,1.633030391904386,1,0.3093943825957401,0,0.0,0
37748,43.470634157624,5,2,8.73427033987599,4,0.12472334558127984,0,0.0,0
37749,43.272322653452576,2,1,2.5179854257880905,0,0.3455818739762218,0,0.0,0
37750,35.176445196056264,5,3,8.71264578564304,3,0.05524917012821651,0,0.0,0
37751,30.602922070677717,0,1,2.2433206362274465,2,0.33518703617034623,0,0.0,0
37752,25.004215999534598,3,1,17.34833625274844,2,0.09813799926187472,0,0.0,0
37753,48.41874635166951,3,4,11.16861933465754,1,0.2202608617079559,0,0.0,0
37754,42.00525022568808,3,4,0.0,7,0.07964854464503912,0,0.0,0
37755,24.669050723182725,5,5,7.200498979332098,3,0.9907910694492306,0,0.0,0
37756,32.25281851509368,3,3,1.3766559543596024,5,0.9996310877450305,0,0.0,0
37757,39.564854341192245,4,1,18.79270453605939,7,0.47634585327427925,0,0.0,0
37758,60.9537908368887,2,2,20.006814133049616,2,0.8570747845954795,0,0.0,0
37759,61.12719816595887,3,3,10.842229888969985,2,0.9996500974995525,0,0.0,0
37760,65.74577411780699,5,3,2.0451297661536785,7,1.0001776703414444,0,0.0,0
37761,33.6375481741944,1,6,4.110646875406987,7,0.9998914080072887,0,0.0,0
37762,67.16568437534552,2,1,15.90976673756193,4,0.4946278978792268,0,0.0,0
37763,49.501636390453534,1,6,0.0,4,0.062080892646365626,0,0.0,0
37764,46.54171376850625,3,1,16.970130801536914,1,0.5190688770950251,0,0.0,0
37765,45.84351957312395,5,6,9.804079170231384,2,0.6560017885754611,0,0.0,0
37766,24.775098740606452,2,5,13.841214861597635,2,1.06578435709251,0,0.0,0
37767,65.96407512351627,3,5,14.20333378561151,1,0.6105738717804957,0,0.0,0
37768,45.695176202510865,4,1,12.926627305018865,1,0.15516757559680872,0,0.0,0
37769,31.031748289418395,2,1,19.997521904758685,6,0.63122339647003,0,0.0,0
37770,60.03841994900033,1,1,12.369243346037116,7,1.0003399843066432,0,0.0,0
37771,24.540339210518116,2,2,3.141136153307632,6,0.8994207905163805,1,14124.206136047347,1
37772,23.66441793377365,3,6,13.3886078254704,2,0.6733048534092393,0,0.0,0
37773,36.876002844507134,3,5,16.254101795387545,1,1.0001531677457087,0,0.0,0
37774,37.69775188224664,3,4,19.996553196625513,1,0.6455820826830695,0,0.0,0
37775,43.988674520714355,3,3,3.788017584746475,5,1.00009664838083,0,0.0,0
37776,45.69394471611472,5,1,10.337168833281737,3,0.5050225157854432,0,0.0,0
37777,42.33516026683152,4,3,18.075412919611175,4,0.0,0,0.0,0
37778,45.26745290885156,5,6,12.15512159548039,7,0.6944060183411914,0,0.0,0
37779,37.15650729015569,2,6,13.623680372383706,5,0.9994615421100951,0,0.0,0
37780,32.07990162063625,4,3,5.011055809505227,3,0.23776093762485606,0,0.0,0
37781,30.818121104995498,2,3,17.584241663388386,4,0.2858011919036294,0,0.0,0
37782,45.23570783501556,4,2,8.929483791707462,1,0.32163396823670654,0,0.0,0
37783,45.81480390915632,2,1,14.615603931141859,3,0.999943470626957,0,0.0,0
37784,27.779277185542725,6,3,12.596136734851646,1,1.1823016499620582,0,0.0,0
37785,59.37285741089545,5,3,14.549005323443279,7,0.9999147609124772,0,0.0,0
37786,53.26827502227013,2,1,20.005999676887527,1,1.0010268836834373,0,0.0,0
37787,60.0008223093112,3,1,10.476855603750288,7,0.9771082825878272,0,0.0,0
37788,20.27966830005536,1,3,5.765901531354607,2,0.5035840849744775,0,0.0,0
37789,65.15412566949811,4,2,8.952164253430315,7,0.25871843653013427,0,0.0,0
37790,31.283477886026724,4,3,20.001018430423237,1,0.9995017402144271,0,0.0,0
37791,24.648706664699198,4,1,5.381807353149356,3,0.174491844921982,0,0.0,0
37792,36.16118335194754,3,1,12.431496454867842,3,0.512314818637843,0,0.0,0
37793,49.81338054494318,5,2,8.274328037594673,7,0.16977516867465126,0,0.0,0
37794,33.80324957790554,3,3,13.991848153127194,3,0.1741436563897325,0,0.0,0
37795,48.57674323411483,3,6,15.533064037792375,1,0.7030209014048685,0,0.0,0
37796,61.31256451240702,2,5,1.829588063364275,7,1.0002575933599818,0,0.0,0
37797,57.434810190536695,2,1,15.09650983412013,7,0.9473375163048904,0,0.0,0
37798,31.53346321586975,1,6,13.659280079671639,1,0.9997631949328653,0,0.0,0
37799,40.287408467545646,3,4,19.996046854109565,1,0.39049171642421027,0,0.0,0
37800,18.29630760621495,3,3,0.0,5,0.2650830407817166,0,0.0,0
37801,54.12831661503756,3,5,16.768071679668214,6,0.4686314647155927,0,0.0,0
37802,38.90797676901283,2,4,0.0,4,0.0,0,0.0,0
37803,54.582814880952284,5,6,16.915487987298405,7,0.9532172166527171,0,0.0,0
37804,27.942092741924128,3,3,20.00822237814396,6,0.656717436314344,0,0.0,0
37805,38.32515079278154,4,3,11.288643551562028,3,0.23422808434319375,0,0.0,0
37806,33.5963113289216,2,2,9.892946200381562,7,0.4424172487227205,0,0.0,0
37807,29.39115865943691,2,5,9.602761168353519,4,0.1579206951678579,0,0.0,0
37808,53.038912586838926,5,1,5.37875509752941,3,0.9464695334991577,0,0.0,0
37809,42.30102910245479,3,3,19.998993602378526,4,0.6213276954763609,0,0.0,0
37810,52.98976699320261,4,2,5.698653780115134,6,0.8089759799961327,0,0.0,0
37811,62.72548137932016,4,2,7.228374170274966,7,1.0008834460950573,0,0.0,0
37812,27.66731806574476,2,4,1.1683565680860468,1,0.7959488676520298,0,0.0,0
37813,24.388580234814288,1,2,16.4220827861682,7,0.27803970892034974,0,0.0,0
37814,25.929942338361393,4,3,1.917433572549541,7,0.4631857493344418,0,0.0,0
37815,29.608482885897736,1,4,16.040094635840003,5,0.9346546586525046,0,0.0,0
37816,51.120201972295995,3,4,1.9088980175826382,7,0.487487457457945,0,0.0,0
37817,34.45651297412923,6,1,3.896299185769034,1,0.0,0,0.0,0
37818,26.765243455257043,1,2,17.194477728480294,6,0.5060778937031498,0,0.0,0
37819,49.579631311180634,4,2,17.13336534594957,1,1.436869977623543,0,0.0,0
37820,37.22058504093956,4,1,9.963326213383318,3,0.0,0,0.0,0
37821,50.2762790858044,4,1,4.6219013566951395,0,0.0,0,0.0,0
37822,54.6410299870437,4,3,6.4700511314958105,2,0.7950513134883971,0,0.0,0
37823,51.65302787361264,4,1,13.076982597570943,7,1.0001647784897931,0,0.0,0
37824,43.311529236985066,2,5,1.977714273337643,7,1.000125044169923,0,0.0,0
37825,41.89474080186798,3,4,0.0,1,0.11339744822092546,0,0.0,0
37826,39.06881753682244,4,3,6.5981171442864435,7,0.999931497751489,0,0.0,0
37827,27.434504900992074,4,6,1.6667038354239665,1,0.3498365211383091,0,0.0,0
37828,7.446188100085905,2,6,10.297975906079088,7,0.05695307462062815,0,0.0,0
37829,51.90093682793753,3,1,15.742246272396509,5,0.5002716882190303,0,0.0,0
37830,46.25094303578899,3,1,15.348589369783305,3,0.5044596275975309,0,0.0,0
37831,23.523672865791934,3,6,8.993691338952937,2,0.3815469132131263,0,0.0,0
37832,43.43584040740875,5,3,16.423294702326316,0,0.5803920517644336,0,0.0,0
37833,48.22721495205691,0,3,7.035225289817387,7,0.999924021598317,0,0.0,0
37834,27.946837676890247,2,1,2.6541224553856626,3,0.39477348376903965,0,0.0,0
37835,42.475024186798294,2,1,20.00139048813614,1,0.8353568649305676,0,0.0,0
37836,55.877892622761266,4,3,14.57318157442587,3,1.0000237302182633,0,0.0,0
37837,44.04460945372199,3,2,15.529970405165578,2,1.0001569262009546,0,0.0,0
37838,29.264284254154713,4,2,10.880085736051457,7,0.218851081417064,0,0.0,0
37839,53.00234758169066,4,1,20.004902338830114,1,0.5737475492425436,0,0.0,0
37840,34.461631295046054,3,5,19.99757658356409,1,0.3760564607739801,0,0.0,0
37841,62.59854537790531,3,3,29.139310629461665,2,0.8410405641792296,0,0.0,0
37842,54.31365120568516,2,3,12.252950472404706,3,0.9369097523495824,0,0.0,0
37843,55.85102765119075,2,6,4.2226794797788845,7,0.9998050456265479,1,3294.409273458515,1
37844,20.73547018262962,3,3,1.4594914487139068,2,0.6440460320875796,0,0.0,0
37845,33.07598437782764,1,2,9.677085314091544,7,0.342789565379486,0,0.0,0
37846,37.690595713696474,1,3,8.781885518249698,2,0.4986776353624396,0,0.0,0
37847,50.15215992195253,2,6,14.306822369909213,5,0.8186739425761638,0,0.0,0
37848,35.57775431872355,2,3,22.42981464408117,2,1.0003017674538883,0,0.0,0
37849,19.001706272772612,4,4,20.006652571531205,1,0.21026372412517091,0,0.0,0
37850,37.60260004442015,3,3,7.1126349084902625,2,0.4980546854727379,0,0.0,0
37851,26.203361374502194,5,6,11.992043858587262,4,0.5285870612453625,0,0.0,0
37852,39.28249021218524,2,5,27.61743842697519,3,1.0027952312389576,0,0.0,0
37853,74.74576168526094,5,3,25.307299790412504,2,0.9997249388064664,0,0.0,0
37854,53.284639518197224,6,4,4.920879788626076,7,1.0001893131371622,0,0.0,0
37855,24.655433159925707,3,7,6.6776198869113,3,0.2250121277590973,0,0.0,0
37856,69.21298747719085,3,0,19.446098094639552,2,0.9995680809147384,0,0.0,0
37857,42.68406085872559,4,1,9.808931492744282,2,0.5576686134331192,0,0.0,0
37858,45.86330472893637,2,1,3.4148503360872535,3,0.9997651853298668,0,0.0,0
37859,48.17570695814842,5,4,8.180313495222453,6,0.4874028962214658,0,0.0,0
37860,45.577578538070455,5,3,6.066685541627304,2,0.916534518546895,0,0.0,0
37861,58.424876104041175,2,3,16.352630917500324,3,0.9596702786692963,0,0.0,0
37862,56.50476510935319,4,1,3.3829234954729532,3,0.9210867134616851,0,0.0,0
37863,55.3827886139577,2,6,10.668369749630612,7,0.9995974209869138,0,0.0,0
37864,56.08671917465649,4,2,9.565560149914043,7,0.7738487955300493,0,0.0,0
37865,12.43489303888856,1,3,16.605536165947075,3,0.4939594614346642,0,0.0,0
37866,32.0185995953436,2,6,3.882534944906622,3,0.2736989029648383,0,0.0,0
37867,31.918827517883514,2,3,12.847446805926925,1,0.26716581057055666,0,0.0,0
37868,62.85345201185447,3,4,3.3316663283059844,5,0.9197379721579453,0,0.0,0
37869,48.769415360287816,3,1,22.06595004557241,2,1.0004532454615656,0,0.0,0
37870,65.19046032969814,3,4,17.177072094455298,1,0.9575371862487738,0,0.0,0
37871,59.2214177529839,3,1,10.82826737841376,7,0.9999479560736528,0,0.0,0
37872,67.99094464926341,3,4,6.230959468721506,7,0.9660570030913347,0,0.0,0
37873,48.49019357701799,3,1,10.508034800186191,4,0.9999597759746408,0,0.0,0
37874,53.61230441325757,3,5,16.83591523979277,1,0.39539800920741874,0,0.0,0
37875,48.222616123666356,3,1,20.009238492632523,2,0.6525025858256155,0,0.0,0
37876,49.85169478250365,4,3,10.275935450999903,5,0.430831512556296,0,0.0,0
37877,29.846847253659,1,3,10.337361726400893,2,0.2520913511214557,0,0.0,0
37878,30.832763257931777,2,3,0.0,4,0.2919759079935375,0,0.0,0
37879,60.24680472571468,4,4,16.43258832593353,7,1.0000195641170828,0,0.0,0
37880,57.859123661763164,3,6,14.17307248259417,1,0.9292400242882026,0,0.0,0
37881,44.40164387928988,2,6,1.4567447884688285,2,0.09467725496990842,0,0.0,0
37882,33.87978476294419,3,3,19.995687563456215,1,1.0001483570192828,0,0.0,0
37883,50.355440622851646,5,1,18.710108162421083,0,0.2565048149385759,0,0.0,0
37884,38.55863011429608,1,3,13.254119521283563,3,0.5017249161151709,0,0.0,0
37885,47.104250065311426,3,1,14.587666724485532,6,0.5024641305902224,0,0.0,0
37886,49.508142197986764,2,3,12.963221435215953,4,0.9434985714772932,0,0.0,0
37887,68.34708618269572,1,3,20.464070638624165,7,1.0000137853008113,0,0.0,0
37888,27.514334340555465,1,2,4.483908931174515,5,0.5882541670957491,0,0.0,0
37889,39.29322417407267,2,3,6.847898483519853,2,1.0000577495838783,0,0.0,0
37890,29.8321136906451,1,2,7.20174413667055,4,0.9999084961242561,0,0.0,0
37891,36.62556325591367,0,1,3.2350483888971464,3,0.5020512162942949,0,0.0,0
37892,48.23426811142947,4,3,14.483921181898587,7,0.9996463431546764,0,0.0,0
37893,45.401624490311804,1,4,3.509143372544174,7,1.0000482131651496,0,0.0,0
37894,56.02152727848172,5,3,23.27850342798691,4,0.5060007595793438,0,0.0,0
37895,60.33647163905415,3,3,5.80633046451012,2,0.5021338584697115,0,0.0,0
37896,41.932702316249504,4,3,3.3508792336878566,4,0.0,0,0.0,0
37897,63.69400486189964,4,6,13.649425776286076,6,0.5930449090845265,0,0.0,0
37898,48.7800698419385,2,1,14.852053830633624,2,0.9999691775478465,0,0.0,0
37899,27.755015211405762,4,6,13.398467925738434,1,0.10526342013793688,0,0.0,0
37900,44.1100592199821,3,6,15.002951462181889,4,1.0007134079611446,0,0.0,0
37901,59.24792410576393,6,6,8.176555012825526,7,0.5615980681402448,0,0.0,0
37902,28.567572084678826,2,4,14.545710563335396,2,0.386556665972686,0,0.0,0
37903,39.466140176933365,5,2,12.230269092690705,3,0.0776057309648176,0,0.0,0
37904,28.651676445670404,2,4,4.831884756443497,5,0.8986885218294325,0,0.0,0
37905,42.85470505794945,5,1,8.583906276270632,3,0.9607285569680517,0,0.0,0
37906,52.13904663106556,3,4,19.999821869760545,1,0.9998568853248386,0,0.0,0
37907,57.31626879664452,3,3,7.746126511176299,7,0.9997799900804827,0,0.0,0
37908,73.76955439642833,3,3,16.04748828561236,1,1.0000268948417288,0,0.0,0
37909,46.05859056269527,4,6,22.90531193055379,7,1.000274695014844,0,0.0,0
37910,64.31940150086136,4,6,10.15246208930065,1,1.0003858277292113,0,0.0,0
37911,47.229401117126784,4,3,13.501631671976554,3,0.2913251198112442,0,0.0,0
37912,24.08987724343512,4,6,3.2705471220935793,4,0.3225019447889145,0,0.0,0
37913,35.42348769582355,3,2,3.3723810847767988,7,0.9998972638061228,0,0.0,0
37914,41.62790324622282,4,4,19.993625635001518,3,0.3729664676879835,0,0.0,0
37915,56.30180243252097,3,2,14.4938955731711,7,0.9997670759918553,0,0.0,0
37916,35.055312855649255,3,3,4.653784422321805,3,0.999436789960612,0,0.0,0
37917,48.41972534929501,4,3,5.9218959799968625,1,0.9576584994884769,0,0.0,0
37918,26.36103588167478,3,6,16.337359098441798,1,0.6717503851141827,0,0.0,0
37919,34.94338278664316,1,1,12.902930714021137,7,0.7856952257555857,0,0.0,0
37920,45.32924052654214,4,6,13.753101797822968,7,1.0000544543108625,0,0.0,0
37921,33.320543274509866,0,1,11.620709769232587,3,0.13798469654117163,0,0.0,0
37922,17.871642117133156,2,4,11.733378454897629,2,1.000100897114161,0,0.0,0
37923,47.51733601616121,3,3,16.299991991962273,2,0.9997367784036129,0,0.0,0
37924,30.94887004525553,4,1,20.001256861341567,2,0.17626331816705865,0,0.0,0
37925,62.97594536783713,1,2,10.837670359112105,1,0.29216231684661903,0,0.0,0
37926,29.382016032406327,2,2,15.111763659376187,7,0.9951838631545517,0,0.0,0
37927,63.421262003991615,1,1,19.992812978568168,7,0.795058135611342,0,0.0,0
37928,40.55058288995012,3,4,11.507258887519974,7,1.000054664100488,0,0.0,0
37929,24.615201351725233,1,1,20.00887492405271,2,0.3965957914047892,0,0.0,0
37930,40.798639161156764,6,3,18.250632749822042,1,0.5316215337525039,0,0.0,0
37931,40.79126650435123,2,1,6.798090407949685,7,0.5153347086334821,0,0.0,0
37932,34.404986827498796,4,1,7.311015463142981,4,0.5002631780557438,0,0.0,0
37933,40.57789813211145,2,6,10.78792090320368,1,0.9689097719644596,0,0.0,0
37934,32.20469134785055,3,2,5.146386970694742,7,0.999948570460944,0,0.0,0
37935,60.34777528734409,5,3,26.302751367078663,3,0.9999600017524766,0,0.0,0
37936,26.33885829483857,3,2,0.0,1,0.5479590051217125,0,0.0,0
37937,50.103900714279135,3,3,23.69981529308771,7,1.0005866265935428,0,0.0,0
37938,51.416562940034964,1,4,13.132048349304966,2,0.9106071852658539,0,0.0,0
37939,50.85630593761688,3,1,8.135132408301786,7,0.9995408918145949,0,0.0,0
37940,45.20160366781914,3,3,5.21707484228367,5,0.500763035048996,0,0.0,0
37941,25.062366229524702,3,6,8.877504980381982,1,0.45925295772912367,0,0.0,0
37942,20.984651282155465,4,6,7.413707633803025,1,0.08041721290696946,0,0.0,0
37943,28.779597717860092,6,3,13.151609767780204,1,0.6095051322663005,0,0.0,0
37944,39.3444948958002,3,3,23.86406083900004,2,1.000310298194076,0,0.0,0
37945,32.77690651935289,4,3,7.193562128838952,7,1.0000767063620954,0,0.0,0
37946,20.73434794360364,4,3,18.30331020914918,7,1.0005208545202096,0,0.0,0
37947,52.62647090518768,3,3,8.085657973309715,6,0.18983825728889586,0,0.0,0
37948,23.59163073388703,2,7,2.2040496437144323,4,0.0,0,0.0,0
37949,41.76058056436722,3,2,3.789252481422004,7,0.0,0,0.0,0
37950,41.527300212615074,3,1,0.0,3,0.4579686212958835,0,0.0,0
37951,38.70431899370542,4,2,15.272722498452953,7,0.9999762450268519,0,0.0,0
37952,44.937097073509086,4,6,12.143527095551168,7,0.4602473991381163,0,0.0,0
37953,50.98329180803992,3,4,19.996453333769267,7,0.9997114227846323,0,0.0,0
37954,64.1152510965278,2,1,0.0,7,0.9999228302112579,0,0.0,0
37955,53.27902247840506,3,5,31.917663943886097,4,0.49907720420008705,0,0.0,0
37956,46.18407204833219,2,1,13.717722072658784,6,0.6315812280739175,0,0.0,0
37957,40.545358848907455,2,4,18.847912551760494,4,1.023971461187771,0,0.0,0
37958,37.16641472850466,4,2,0.7965482821384331,7,0.9997383962874411,0,0.0,0
37959,24.039462308039266,3,2,5.12903358473287,6,0.2360071951560318,0,0.0,0
37960,47.45492102526568,1,1,9.437885471586512,2,0.9561865653225559,0,0.0,0
37961,15.205722783110655,3,3,7.219059738411788,6,0.9993091573109496,0,0.0,0
37962,60.91671918170504,2,2,8.338788659325267,1,0.9997714232136578,0,0.0,0
37963,47.86559853255007,2,1,13.264068658949522,7,0.999845320718606,0,0.0,0
37964,35.357802774723496,4,6,15.117828525691372,2,0.12838091146079178,0,0.0,0
37965,39.49197074388801,3,3,13.937981872368606,2,0.9994392629453956,0,0.0,0
37966,48.33080742859286,4,6,8.616860278220038,7,0.6476372235771286,0,0.0,0
37967,46.49393831348222,3,6,14.97346015839549,4,0.9994446982838094,0,0.0,0
37968,59.59404183512231,2,5,13.826208714236554,7,0.9564150173831296,0,0.0,0
37969,67.26708869327956,0,3,9.927522834933342,7,0.9996344394403915,0,0.0,0
37970,63.24525753152852,3,3,6.936348296706603,3,0.9999640241225358,0,0.0,0
37971,29.941172168549695,3,5,9.520134292934868,7,0.945805300864205,0,0.0,0
37972,16.167722719934527,3,5,11.75599284315318,1,0.43345805322862785,0,0.0,0
37973,35.56582168676407,2,6,24.4293019616921,7,0.9997643587949052,0,0.0,0
37974,23.124552011351117,2,1,3.0144296294787623,1,0.5530674630017098,0,0.0,0
37975,63.86911490231212,5,5,5.130630086146602,1,1.1561848944363178,0,0.0,0
37976,33.913907398405556,3,1,15.35999479408872,4,1.0049664863922452,0,0.0,0
37977,64.75355734211772,2,1,0.0,4,0.9994521575268901,0,0.0,0
37978,47.967416952984905,3,3,9.743333267161846,7,1.0005878508797945,0,0.0,0
37979,35.452838650229694,4,3,9.58829773903024,5,0.5061043597600604,0,0.0,0
37980,32.895279406263505,2,6,2.567085478970851,4,0.3834496322938922,0,0.0,0
37981,42.237299687638135,1,2,14.283043706046314,3,0.40147121083526316,0,0.0,0
37982,42.12569421463246,4,6,13.359567206158848,7,0.9996927162261503,0,0.0,0
37983,56.91064691296811,2,2,0.0,7,0.7963783172104208,1,495.5071591577042,1
37984,58.74524592179586,3,4,10.055524270636083,1,0.511284740724913,0,0.0,0
37985,25.676163764283647,4,2,15.441749253615786,7,1.0000979162373054,0,0.0,0
37986,47.51013805107569,3,4,21.678923370196138,2,0.999967460010803,0,0.0,0
37987,59.79450746561733,5,1,8.235479764964444,2,0.4958711403119698,0,0.0,0
37988,47.46699739225824,2,5,14.199688741176885,6,0.4989883545558451,0,0.0,0
37989,41.1912529801109,3,3,3.5008759631287614,7,0.999365466588803,0,0.0,0
37990,32.91430088191343,4,6,8.617146550779513,7,0.3605460992017156,0,0.0,0
37991,49.353392336685644,4,6,10.076344103742716,3,1.0009918854083217,0,0.0,0
37992,39.80974231406042,3,4,16.602372388698015,1,0.9996664412396932,0,0.0,0
37993,48.52324055013497,3,3,13.37332568076048,6,1.00022502227619,0,0.0,0
37994,21.19250881887328,3,1,12.709628678852216,3,0.47177811284356097,0,0.0,0
37995,45.632464995888725,5,3,13.502713859068386,0,0.999833162948241,0,0.0,0
37996,34.48579983350793,3,3,15.864788400558648,7,1.0001231935939332,0,0.0,0
37997,32.23053371106811,2,1,1.0680412491802418,3,0.0,0,0.0,0
37998,58.51918869863284,0,4,19.995438197166315,7,0.9994030070778843,0,0.0,0
37999,54.41069747563934,3,3,12.748908923868775,1,1.000719330325262,0,0.0,0
38000,52.79882641689897,5,4,6.568642362981679,4,0.4202148361830278,0,0.0,0
38001,35.42378062804161,2,3,19.9948359796427,1,0.3655240499983253,0,0.0,0
38002,28.138937783576992,1,1,1.8583144273881889,6,0.48064972556011437,0,0.0,0
38003,21.40723965564477,2,1,16.94601465494889,5,0.49890823715387544,0,0.0,0
38004,35.48494438303327,2,5,4.4231436478300425,7,0.40931909861342813,0,0.0,0
38005,59.366495608344835,3,1,19.69766900633652,5,0.9364168948246611,0,0.0,0
38006,38.9618876744574,4,3,17.593387519934154,4,0.9584655507196974,0,0.0,0
38007,22.91386970944865,3,3,15.801993654031541,3,0.527594082564265,0,0.0,0
38008,21.112406680564064,5,1,14.99584086163555,2,0.9496279485359284,0,0.0,0
38009,56.884036694773,2,1,14.045436996026488,1,0.7072126026250063,0,0.0,0
38010,46.35625880315198,3,5,10.680460777315133,2,1.0002420885021255,0,0.0,0
38011,29.091054418611055,5,1,3.273593673395232,6,0.28117715169885216,0,0.0,0
38012,64.77281571666387,4,3,11.604340021129188,4,0.9993031608744491,0,0.0,0
38013,39.69574084879573,3,3,15.052426106158405,5,0.9695897610052804,0,0.0,0
38014,35.141602441920426,3,2,3.5086949766937554,7,0.829321049183587,0,0.0,0
38015,16.567278291671368,3,3,15.139836367156677,1,0.9996681083972474,0,0.0,0
38016,23.640458122872605,4,6,6.69314982600813,5,0.10564737677644154,0,0.0,0
38017,33.89862508553308,1,1,18.68386925558364,3,1.0096205869354415,0,0.0,0
38018,57.99932644821244,2,4,20.00194257851122,3,0.5008304081528885,0,0.0,0
38019,23.638169711980343,4,5,13.6784538860633,3,0.999282297318902,0,0.0,0
38020,46.11219727280213,4,1,5.902017684556858,2,0.6703855171658852,0,0.0,0
38021,52.53703960776774,4,6,5.922088724562032,5,0.5826147299259229,0,0.0,0
38022,41.03128399276986,5,4,9.800214751506935,2,0.08281296280224681,0,0.0,0
38023,38.63767246957744,5,3,12.47421430209595,7,0.9997692011673356,0,0.0,0
38024,43.80159406756346,2,3,3.5795421644957024,2,0.2929025914285093,0,0.0,0
38025,13.028860516735566,6,2,20.001588745449844,1,0.0,0,0.0,0
38026,23.202114496571205,3,6,11.544753234309585,4,0.0,0,0.0,0
38027,33.70364471389191,4,3,21.985302263025787,6,0.06378906830051045,0,0.0,0
38028,57.02805047806751,3,6,3.6827583365795515,3,0.5163623917750437,0,0.0,0
38029,20.097140597634535,1,3,18.242084354939173,4,1.0000017593186175,0,0.0,0
38030,34.04113478460327,3,7,12.895037389760422,7,1.0000315881468975,0,0.0,0
38031,68.71818821730696,1,6,19.009791169388265,6,0.4727544448213489,0,0.0,0
38032,53.879290179336806,3,3,0.0,1,1.0000061968959055,0,0.0,0
38033,18.0508941704327,3,3,6.052813289637805,2,0.4010747253860821,0,0.0,0
38034,34.77766253365511,2,5,10.02898316975696,2,1.006423388123415,0,0.0,0
38035,27.464756157749804,2,2,12.122505588599312,3,1.0148313231684147,0,0.0,0
38036,49.182172301670064,4,4,2.4681197489316613,2,0.49664005552740875,0,0.0,0
38037,28.884425558531085,2,2,16.163345094293557,1,1.000150391262681,0,0.0,0
38038,39.67776719765366,5,3,27.613826965420063,4,0.9997382916089116,0,0.0,0
38039,31.11435423741348,2,2,9.342188850757244,6,0.44646023542978625,0,0.0,0
38040,39.41195919033014,5,2,9.437938907839053,7,0.7772454045470849,0,0.0,0
38041,40.4450173156682,5,2,6.469993237985752,7,0.49219631428148514,0,0.0,0
38042,35.294131057493345,4,3,15.853689990065437,4,0.4868667493875946,0,0.0,0
38043,54.25011864087182,4,5,12.313875924921854,1,0.6212582038488669,0,0.0,0
38044,42.40711246138357,1,4,1.3341619826254032,4,0.5157614993000751,0,0.0,0
38045,49.5920663133358,4,3,7.916180221549662,3,0.9999396965189544,0,0.0,0
38046,54.7272947399426,2,1,15.375683918100274,7,0.9432853177648151,0,0.0,0
38047,33.51281166078374,5,1,3.7197117861423425,2,0.9740193122661652,0,0.0,0
38048,46.01563663887048,4,1,12.266661237630144,7,0.42199841471795113,0,0.0,0
38049,27.239664763727472,4,6,16.235759636998225,2,0.36392747364377487,1,23119.108444115875,1
38050,34.564803205048015,3,7,16.420649024350524,2,1.000516442865599,0,0.0,0
38051,51.49840446079024,5,5,8.425075257109775,1,1.0824226022067671,0,0.0,0
38052,27.122940677789785,2,2,9.087201598324135,5,0.552666655949814,0,0.0,0
38053,34.87568382743131,3,3,3.310613127844314,2,0.9994981201269162,0,0.0,0
38054,48.17193987452646,0,3,0.0,3,0.5019980531077608,0,0.0,0
38055,51.20679865312732,2,3,23.314727075328356,7,1.0007697882261486,0,0.0,0
38056,57.49950642413229,1,6,15.6478316560496,3,0.00778439349355442,0,0.0,0
38057,50.85698329027375,2,6,16.502695160646685,1,1.0077369581221998,0,0.0,0
38058,45.688627273844745,1,3,4.134654466030599,6,0.8322657088175561,0,0.0,0
38059,37.44187494458261,4,1,16.00367509044356,2,0.36688621271839733,0,0.0,0
38060,57.58129114912226,0,1,0.0,3,0.0,0,0.0,0
38061,37.334687271028855,4,6,17.83846660820879,1,0.9763895964628375,0,0.0,0
38062,47.3626434347463,4,6,4.570037362272799,7,0.9999203478813812,0,0.0,0
38063,24.930010671294344,2,6,15.022124403377244,2,0.23273448588297613,0,0.0,0
38064,54.29460139646245,5,6,16.22622922915955,3,0.9994136971438199,0,0.0,0
38065,42.08135626169401,3,2,13.037127410661128,7,0.9999896673434825,0,0.0,0
38066,26.667010092343567,4,1,14.412911989151384,7,0.9999341095259284,0,0.0,0
38067,41.73696462183055,2,6,14.911317840389865,7,0.9995331121812516,0,0.0,0
38068,55.9709405784068,3,3,14.791126705230557,0,0.5011773571225673,0,0.0,0
38069,51.73558566917985,2,6,0.0,7,1.0000520283904597,0,0.0,0
38070,49.46690470853832,1,6,8.158839128124404,7,0.4004526200126816,0,0.0,0
38071,47.08253631615,2,3,7.901745515291532,3,0.5026494763578615,0,0.0,0
38072,48.60281339940016,3,3,8.815275504993348,3,0.9996396458528201,0,0.0,0
38073,46.10124995585145,1,1,8.670419197205765,4,0.9993791894754389,0,0.0,0
38074,51.9186706195149,4,5,10.256652144600908,2,0.16663208514747185,0,0.0,0
38075,49.284527742928205,1,2,3.990527989125778,7,0.4330517637184339,0,0.0,0
38076,41.06497397724747,4,3,12.372328532287389,7,1.000307149070621,0,0.0,0
38077,70.68383324016047,2,3,12.149171280315592,2,0.495510209633161,0,0.0,0
38078,27.5331650894542,1,7,4.69825577241312,2,0.0,0,0.0,0
38079,51.94597237103276,2,6,4.745744088519635,7,0.9999996277040466,0,0.0,0
38080,47.53752971732758,3,2,7.661202089511888,8,1.0000452311041443,0,0.0,0
38081,31.423844896937425,2,3,2.9494840697280527,7,1.0002181920681557,0,0.0,0
38082,24.01429133577848,2,3,8.4666228690173,1,0.6327559405028393,0,0.0,0
38083,59.742329318993555,7,6,3.425625387102566,7,0.582186398980291,0,0.0,0
38084,26.11262672184184,4,5,4.720380038168888,1,0.9175706878359569,0,0.0,0
38085,22.271037445030263,4,6,1.6986583069216632,2,0.3331669846471643,0,0.0,0
38086,69.59216423710242,0,3,0.0,7,0.9999044983901384,0,0.0,0
38087,24.708753579740222,4,1,0.0,4,0.9474510050458667,0,0.0,0
38088,48.08969344105616,1,1,0.0,7,1.0005289037037428,0,0.0,0
38089,41.58791296299662,4,5,9.465081080616564,1,0.7898520508086445,0,0.0,0
38090,44.7559709517671,3,4,10.50476564855047,1,0.6215028670389982,0,0.0,0
38091,40.54985462829264,1,3,14.179169744218088,3,0.4959070165866698,0,0.0,0
38092,35.72479907447928,2,2,9.000277561819727,7,0.8898849118305072,0,0.0,0
38093,17.957058078796045,2,2,11.345856109832155,2,0.3151904982890379,1,19727.003863378504,1
38094,40.991452157492525,4,3,10.872631523882989,3,0.9998069055074856,0,0.0,0
38095,51.3328333204374,2,6,11.353200095150104,7,1.0006680479348515,0,0.0,0
38096,31.902635867222504,4,2,15.219746544902442,1,0.18982083647209153,0,0.0,0
38097,46.398268497338776,6,2,5.073377315585987,7,0.09210000432641297,0,0.0,0
38098,41.88028596212995,1,5,13.290396915800756,7,1.0004622601008872,0,0.0,0
38099,35.018714037867824,0,3,8.969720606346971,3,0.9482401872449664,0,0.0,0
38100,51.07732392382144,2,2,14.414816838682512,4,0.3750160390608399,0,0.0,0
38101,23.042643041632815,4,2,8.043387144229131,4,0.24945373330449505,0,0.0,0
38102,32.38623897452245,3,3,1.8994505162143263,1,0.3292297842490931,0,0.0,0
38103,33.542452669052224,3,1,7.253221052674351,2,0.3635040513881253,0,0.0,0
38104,49.10326987958649,2,3,9.77964387966691,2,0.4974731042413189,0,0.0,0
38105,61.46199498036583,4,3,15.318641356359727,1,0.9288537752461488,0,0.0,0
38106,47.89982865986403,3,3,4.204517439210585,0,0.22151339176190038,0,0.0,0
38107,34.68846557744797,3,3,6.971567537761389,4,0.9997071077285756,0,0.0,0
38108,49.8255703879234,4,3,0.0,2,0.938168545597656,0,0.0,0
38109,25.57604083425054,3,5,12.414745971311103,1,0.9996982872169771,0,0.0,0
38110,24.196323439686015,4,1,6.405791452302702,1,0.7119550027754877,0,0.0,0
38111,36.00501397094007,2,3,0.0,4,0.4521267127547538,0,0.0,0
38112,38.24156912312217,2,6,0.0,7,0.9999594374965461,0,0.0,0
38113,32.56636244908403,2,3,12.425003312476555,7,0.32584624435726023,0,0.0,0
38114,31.766015432110734,3,5,16.86735247279641,2,0.9997463111972211,0,0.0,0
38115,54.893233553378096,4,3,18.627745160486747,4,0.49595195504213474,0,0.0,0
38116,44.245558529573394,2,3,0.0,1,0.3595445180424209,0,0.0,0
38117,39.43780116823856,3,4,11.997903310218863,1,0.42252642363153353,0,0.0,0
38118,49.99152830601507,3,4,9.288408568330825,1,0.9946680036358899,0,0.0,0
38119,43.350776723884586,5,3,6.100439630494323,5,0.9996262406885812,0,0.0,0
38120,57.33347621276178,4,4,20.003747231780604,2,0.50074272719475,0,0.0,0
38121,37.309504582075704,2,3,4.280967746617937,7,0.49885561167140247,0,0.0,0
38122,47.72876855440189,1,1,8.019101499910587,7,1.0005347629408987,0,0.0,0
38123,44.491563744332154,0,6,3.666229486112619,2,0.37037142902972564,0,0.0,0
38124,41.94254775030191,2,4,14.070331171812565,1,1.0040809083010385,0,0.0,0
38125,37.90505360730465,3,6,6.280303922200098,6,0.46194338216953246,0,0.0,0
38126,40.05707772467182,1,4,20.26681177451679,2,0.8517925644480235,0,0.0,0
38127,52.973860768497524,2,1,0.326856980023166,3,0.0,0,0.0,0
38128,37.57771283630843,3,6,0.0,7,0.39165382963113365,0,0.0,0
38129,44.99416095345504,3,2,8.314709867729093,7,1.000046588159676,0,0.0,0
38130,43.04412163594632,3,5,16.734309438645536,1,1.1328774835747706,0,0.0,0
38131,16.089526015073094,3,3,11.787200755547229,4,0.9994003198562516,0,0.0,0
38132,56.14790239248695,2,3,8.569695771622486,3,1.000198023734497,0,0.0,0
38133,41.8692521432584,5,1,19.997684187809657,2,0.0,0,0.0,0
38134,58.43446376445521,2,6,1.733318759535159,5,0.5062978836879227,0,0.0,0
38135,37.59872501211382,5,3,5.080463921015271,5,0.4964447304893817,0,0.0,0
38136,25.007107736806027,1,1,7.00694621584955,3,0.35913205072206233,1,102999.84519632769,1
38137,35.303917187635804,4,1,0.0,0,0.44097985260473294,0,0.0,0
38138,41.284960055440536,3,3,14.514016228650293,4,0.9998802282014948,0,0.0,0
38139,17.20504442139583,4,1,10.410742455675502,3,1.0002158047346408,0,0.0,0
38140,29.94760259533023,3,6,10.655932041402403,1,0.9418927090680029,0,0.0,0
38141,25.627467392145352,3,3,2.9765070247422845,2,0.345915758419543,0,0.0,0
38142,57.760935196613566,3,4,20.002713000683844,1,0.5891623669909951,0,0.0,0
38143,40.41526903383592,3,1,14.091869730547232,7,1.0003522183401388,0,0.0,0
38144,62.15006268773624,3,3,20.007679512832176,4,0.5858476532380109,0,0.0,0
38145,37.85908280835522,4,4,19.993968103396195,6,0.10500487111555401,0,0.0,0
38146,56.94270146813414,3,4,19.990790116799015,1,0.5821032698215525,0,0.0,0
38147,26.033232190302403,3,6,20.314407599260868,6,0.597960531008738,0,0.0,0
38148,33.864556344171206,3,4,5.420294922516534,2,0.4866166531146605,0,0.0,0
38149,35.21066064861148,3,6,15.529217526994282,7,1.0000094718198795,0,0.0,0
38150,42.153290051746694,3,6,13.754739926820164,7,0.9998411246907943,0,0.0,0
38151,29.502036423648192,3,4,20.006624838776087,3,0.999915694795044,0,0.0,0
38152,65.92480115646832,4,4,19.994383631789834,1,1.000056798480729,0,0.0,0
38153,49.254845455877,2,1,6.866593044043815,2,1.0004149345525652,0,0.0,0
38154,43.043779891841034,0,1,7.232220643138318,3,1.0002766071427647,0,0.0,0
38155,35.37594017695382,2,2,8.655219334439915,7,1.0002087382738267,0,0.0,0
38156,42.73762224338394,3,4,20.00026126587781,1,0.2158424593022924,0,0.0,0
38157,26.731490070491745,5,2,5.918465859100862,3,0.5104128442846493,0,0.0,0
38158,31.671888807413957,3,4,6.1198445823642915,4,0.5420339005714536,0,0.0,0
38159,41.42289888050249,3,1,9.90276125332858,2,0.999615393152776,0,0.0,0
38160,45.38536374259532,4,3,11.058523135134667,3,1.000091490587353,0,0.0,0
38161,35.61803744408316,4,1,7.696763287862664,6,1.0005842815914698,0,0.0,0
38162,37.927381135211775,2,3,13.774371633864677,7,1.0000025413638731,0,0.0,0
38163,61.98474667139864,1,6,8.834241797618564,7,1.000321706235189,0,0.0,0
38164,38.002862210886725,2,3,20.243768685805257,3,0.3639937820455705,0,0.0,0
38165,35.014811775293865,3,2,9.72628590598673,1,0.9996625490276033,0,0.0,0
38166,45.52977975653067,2,1,4.620540920920586,5,0.5067214674015383,0,0.0,0
38167,23.824565695873513,6,3,3.243517248758086,1,0.2720807100165585,0,0.0,0
38168,52.98611494310076,2,6,9.315998716504186,4,0.5701420232082969,0,0.0,0
38169,37.139185344263254,1,3,10.216420660131122,7,1.0005335266947384,0,0.0,0
38170,36.813202894137675,1,2,3.214543729021285,7,0.9999326557456815,0,0.0,0
38171,23.100785395476155,2,6,1.1137282856236972,3,0.47246961965395906,0,0.0,0
38172,29.083562242076034,3,4,20.01101396616336,1,0.9462297268345339,0,0.0,0
38173,32.55329492213132,3,6,14.168473129686094,2,0.6588518239444006,0,0.0,0
38174,37.78453502622228,3,4,14.521838740020739,4,0.26011737107664495,0,0.0,0
38175,33.4114677506609,1,3,11.82828402377139,2,0.4939407547240695,0,0.0,0
38176,37.40842217027869,3,4,15.277929374734214,2,1.0001618407418438,0,0.0,0
38177,39.12878921971787,4,1,16.247946745425743,5,1.0003355562212457,0,0.0,0
38178,55.41834939153715,3,2,15.607450903194927,4,0.5446711818716187,0,0.0,0
38179,28.56257092293543,2,4,0.0,4,0.5380125230343796,0,0.0,0
38180,37.993682838977534,1,6,15.86289532671299,7,0.9994756708915075,0,0.0,0
38181,57.737383225224136,4,5,24.02677318771974,7,1.0005940388248655,0,0.0,0
38182,26.388554066977644,3,6,7.067114631798727,5,0.3293723562707697,0,0.0,0
38183,40.97854791354395,3,1,20.004668621122633,0,0.654016968713526,0,0.0,0
38184,28.323734059902648,3,1,16.724167228576945,2,0.9740100846603266,0,0.0,0
38185,40.57874794533642,3,3,5.0346410492446765,6,0.9551204746686985,0,0.0,0
38186,60.8269391662658,4,6,15.763102111120677,1,0.37889971530073385,0,0.0,0
38187,57.22154633965644,4,3,3.8649836911391873,4,0.504325271023034,0,0.0,0
38188,34.851452451937696,3,2,5.860570617032417,1,0.24756602137930178,0,0.0,0
38189,54.85864801751516,4,6,7.159151559515763,6,0.6003441584079696,0,0.0,0
38190,56.64829097982786,4,2,15.0819900574854,5,0.961595565729137,0,0.0,0
38191,25.894104976084368,1,6,4.487319316138874,1,0.2716239686604896,0,0.0,0
38192,27.43528157572402,4,4,5.470895404953448,6,0.0,0,0.0,0
38193,43.14896647410022,2,4,5.455275038506365,6,0.48429518306978736,0,0.0,0
38194,53.85741221807129,4,4,19.9945658879886,7,0.9997539343234105,0,0.0,0
38195,56.53599440069093,3,6,12.71997464183089,4,1.000259311749252,0,0.0,0
38196,42.91203397366052,2,5,12.57547451404907,1,0.6347621604208239,0,0.0,0
38197,22.97028017369648,0,3,7.352943043200089,2,0.5000931595150504,0,0.0,0
38198,43.94798628087522,5,3,8.944815293647856,3,0.0,0,0.0,0
38199,37.03472912205709,3,1,23.026672450588528,7,1.000250679989201,0,0.0,0
38200,44.08412417055852,3,6,24.223424370972843,1,0.9649768063057768,0,0.0,0
38201,65.77154366781974,5,4,20.008555800460787,1,1.0003195828148228,0,0.0,0
38202,55.1128107357646,4,3,17.067347500559695,3,0.973976470571009,0,0.0,0
38203,50.95899494957769,4,2,13.427695810193779,5,0.9357148969634735,0,0.0,0
38204,56.07617369506991,4,3,15.431150434340136,3,0.177459068494784,0,0.0,0
38205,42.324860331449436,3,2,9.646657176536621,5,1.000738104803814,0,0.0,0
38206,42.4413312744519,2,4,12.891082459782824,4,0.7424424461212332,0,0.0,0
38207,41.402160172693165,3,2,13.906010647369733,1,1.0005891321304354,0,0.0,0
38208,28.137612831570856,3,1,12.257475803666722,0,1.0001666485542913,0,0.0,0
38209,32.36770607740371,4,5,14.622098025758202,1,0.7866266291435756,0,0.0,0
38210,40.68080530424114,2,2,5.950129977428287,7,0.9999356483922961,0,0.0,0
38211,38.82546598985124,3,3,1.7632107065883247,2,0.0,0,0.0,0
38212,34.38657904103471,4,3,9.306577291765935,2,0.653121879130868,0,0.0,0
38213,35.84187348769797,2,1,12.605397752530385,0,0.21254528524044258,0,0.0,0
38214,50.08358595564569,3,1,6.664781685088236,2,0.0006319829216185902,0,0.0,0
38215,67.24091891745734,3,3,8.532314240017001,4,0.9655361647338765,0,0.0,0
38216,20.14881449396971,1,1,13.961766363596391,2,0.9997689085654461,0,0.0,0
38217,47.442569729620025,3,5,3.9479149235930944,1,0.880818063273595,0,0.0,0
38218,31.96919493066163,1,1,7.948099295766182,4,1.0004671634957956,0,0.0,0
38219,53.7002003465475,3,3,0.7902883386177297,0,0.9998938690737702,0,0.0,0
38220,25.639310133561793,4,2,12.217580702699946,1,1.000071010882213,0,0.0,0
38221,24.356213658237515,2,5,0.0,3,0.7199733414156018,0,0.0,0
38222,30.791723545836305,5,6,15.90325295989128,1,0.5420139147899663,0,0.0,0
38223,52.73564253502277,5,6,17.1571086238934,7,1.0003211231436673,0,0.0,0
38224,46.786490397274825,2,1,15.346160096562976,2,0.5469889810273816,0,0.0,0
38225,32.0438334234954,3,7,16.352593294243036,2,1.0002877205354617,0,0.0,0
38226,42.3145026534882,2,5,16.708894100236243,1,1.09758807418811,0,0.0,0
38227,45.24103139886027,5,4,4.1600288824127665,1,0.3347520673156225,0,0.0,0
38228,39.97995700943028,5,1,12.46805668228608,0,0.6706748528905557,0,0.0,0
38229,62.028088706616394,4,6,11.201291504794108,0,0.6202972431569715,0,0.0,0
38230,46.69846051067666,3,1,11.198529177669572,7,0.9994680032604257,0,0.0,0
38231,21.25586541357318,2,1,3.090040210639769,7,0.5307879820224748,0,0.0,0
38232,42.39599554155068,4,3,10.138248504296655,3,0.9490459939431208,0,0.0,0
38233,44.60144611563909,3,6,16.970815323514223,1,1.0141589195881648,0,0.0,0
38234,22.06669093804529,3,6,7.040428538054309,2,0.5597717794819767,0,0.0,0
38235,26.263648432937693,1,2,0.6475411459107345,1,0.38135049604309285,0,0.0,0
38236,60.52590192993681,5,4,8.842961460755374,5,1.0002679245317254,0,0.0,0
38237,32.97356061097299,3,1,11.176652915118702,3,0.976499755294578,0,0.0,0
38238,38.99684923630909,3,2,5.3678708219954725,7,0.9999564169145753,0,0.0,0
38239,32.6338787963558,4,1,14.631378752761725,7,0.7382782356347806,0,0.0,0
38240,36.48494097361138,3,5,13.01867779996095,4,0.9613786582096422,0,0.0,0
38241,33.89707281651954,4,6,16.074254769203478,7,0.9999578821830937,0,0.0,0
38242,60.32245268282662,3,2,14.837807502439372,7,0.9997356882748247,0,0.0,0
38243,59.4968098895711,4,6,15.95378796137151,1,0.2844293025186707,0,0.0,0
38244,33.08748173871574,2,1,3.2634015173618884,3,0.31267288269195675,0,0.0,0
38245,74.19145032291254,3,1,3.354445293658105,1,0.04359542366903035,0,0.0,0
38246,33.25942626993141,6,3,8.694163801985441,1,0.22926020243515333,0,0.0,0
38247,42.477101051075955,3,5,8.224327639246216,7,0.0,0,0.0,0
38248,51.851140347145865,4,6,11.795350892582423,7,1.000021880948168,0,0.0,0
38249,30.79302270361005,3,7,4.265192195720002,5,0.4050861022882663,0,0.0,0
38250,52.62276544054466,2,2,1.6690004047715465,1,0.23548989345687477,0,0.0,0
38251,50.58137040867614,1,1,11.057532800655519,7,1.0000105231816783,0,0.0,0
38252,58.937259261821666,3,6,11.051081763017445,4,0.5414245718346687,0,0.0,0
38253,12.809375682436222,1,3,6.605823740283407,4,0.39019022078030485,0,0.0,0
38254,44.97814555110809,3,1,0.4784848818647447,5,0.0,0,0.0,0
38255,51.96750154499485,3,2,17.124993074166643,3,0.9996643670461055,0,0.0,0
38256,45.44853221365289,3,3,10.083148784232304,5,0.5042854534534871,0,0.0,0
38257,30.183696056618555,5,5,11.981329451692064,1,0.4135558017337127,0,0.0,0
38258,41.931214388176556,0,3,17.580717078639303,7,0.999731343141119,0,0.0,0
38259,61.90170400752184,3,3,3.32722795770544,3,1.000243253310799,0,0.0,0
38260,22.29169673440579,3,2,7.671073518398438,6,0.9998452931270219,0,0.0,0
38261,29.936911278623143,3,3,12.677680505467926,3,0.5017814355449169,0,0.0,0
38262,24.5566589021473,2,6,9.78701908707092,7,0.0,0,0.0,0
38263,52.6836901569897,2,6,3.562826324213292,7,1.000467401026845,0,0.0,0
38264,40.69312594218784,5,6,3.762717990235279,7,1.0002054512156264,0,0.0,0
38265,43.47029064240141,2,1,14.465090570996095,1,0.3909681574656772,0,0.0,0
38266,23.012085387217763,3,3,8.968398512378574,5,0.6134118258697259,0,0.0,0
38267,31.10131849826021,2,6,0.0,5,0.3414022810040391,0,0.0,0
38268,29.357022172383413,3,6,18.018041408089687,5,0.6199000139437147,0,0.0,0
38269,35.737191012205614,3,3,20.003438722573755,4,0.8966164074219147,0,0.0,0
38270,56.66490570601391,3,3,9.145150034158503,5,0.9998198036956558,0,0.0,0
38271,41.52795104240188,4,5,24.465810982718576,3,0.5842934627378713,0,0.0,0
38272,37.63714239268092,2,3,4.428835375651328,7,0.9993846174756016,0,0.0,0
38273,37.5629790902574,3,3,14.756932269257518,3,1.000205929426258,0,0.0,0
38274,45.06781480211694,4,4,9.652426959829274,7,1.0001283091332893,0,0.0,0
38275,34.31009622534065,5,2,7.577248868228797,7,0.9995686677948649,0,0.0,0
38276,45.537955880775364,3,5,17.70553868697794,3,0.7925638455419158,0,0.0,0
38277,29.96797953339864,4,1,8.324374277148522,2,0.08623140923421868,0,0.0,0
38278,86.64021822513911,3,1,15.761765952409203,7,0.9996864940124599,0,0.0,0
38279,32.239773407313805,0,2,8.02594403504223,1,0.13804673907839693,0,0.0,0
38280,40.278512073031585,7,3,6.019134741632474,3,0.5021321630410787,0,0.0,0
38281,35.888852091835766,1,5,4.839477743532675,7,0.7593684260673905,0,0.0,0
38282,52.98629752227875,2,3,10.496531206106901,4,0.49345365662170615,0,0.0,0
38283,40.70091505845102,2,2,4.972855596776906,1,0.44287425595384755,0,0.0,0
38284,25.949093994280027,4,1,14.102205221840428,2,0.1195008982285185,0,0.0,0
38285,32.25707100327917,3,4,19.990674654441584,1,0.3670115165535008,0,0.0,0
38286,47.535473531096414,3,1,12.253128799714347,4,0.999874169139404,0,0.0,0
38287,60.427593988493086,3,6,16.330886859160874,7,0.5366758772842462,0,0.0,0
38288,29.386857843468604,4,6,9.56052356519983,1,0.9211562898566017,0,0.0,0
38289,54.396649401636466,6,6,16.153984830784353,4,0.40532715395060814,0,0.0,0
38290,41.939294305716736,2,7,4.572807064282381,4,0.21883890074122142,0,0.0,0
38291,27.73520386668092,3,3,17.8382334776252,7,0.43713843439073835,0,0.0,0
38292,40.35889876335629,2,2,12.014965699409204,1,0.08492800219963492,0,0.0,0
38293,30.20183005011809,2,4,19.993968203241323,1,0.99986549887967,0,0.0,0
38294,40.93761324506839,2,3,20.483891131796057,7,0.9998060194732419,0,0.0,0
38295,50.80973436803774,4,5,11.776018374699593,7,0.8069120842396512,0,0.0,0
38296,46.014305963903965,2,5,8.107919996346094,7,0.9998286260686763,0,0.0,0
38297,61.92741734083347,3,1,0.0,4,0.4989217723294701,0,0.0,0
38298,35.08949637513254,3,4,17.892275935884054,1,1.0118911288811772,0,0.0,0
38299,43.83176280096235,2,1,11.642143353667553,7,1.0001838346486407,0,0.0,0
38300,45.223819165837696,4,5,15.169876912064632,7,1.000051791546853,0,0.0,0
38301,23.748814829550803,3,2,19.082464655806763,7,0.9995095122573976,0,0.0,0
38302,58.799483250984814,4,3,12.308213134714544,4,1.000502187239653,0,0.0,0
38303,59.55417494820276,3,3,14.161576355193526,2,0.9998377572323749,0,0.0,0
38304,38.377313310746494,3,1,3.8013104036342797,2,0.9994258585425962,0,0.0,0
38305,22.5797711644056,3,3,15.409074381096932,1,0.8358966413508736,0,0.0,0
38306,53.05626004359479,1,4,19.99300732922398,4,0.5012386387424969,0,0.0,0
38307,41.982644045219985,3,3,2.6663358993510773,1,0.9612372016032913,0,0.0,0
38308,22.52616531139644,3,4,19.691804017791092,1,0.999467977307193,0,0.0,0
38309,22.579185526841766,4,1,15.39842153606223,4,0.0,0,0.0,0
38310,45.282459271479226,3,2,4.96291778712777,7,0.6823024314134694,0,0.0,0
38311,23.038548514768173,2,6,11.063717931915061,1,0.06082454061478415,0,0.0,0
38312,62.948256137021474,3,3,8.991705303862645,5,1.0001436294626511,0,0.0,0
38313,24.596382099997054,3,6,9.931962704571903,2,0.3187862683859817,0,0.0,0
38314,20.45957233853894,4,2,6.301129564618621,4,0.32614730450934276,0,0.0,0
38315,19.834558527776977,4,4,5.785051965209212,7,1.0005978924082923,0,0.0,0
38316,42.31013722906657,6,3,16.703965424850136,1,0.0,0,0.0,0
38317,35.317512362944186,3,2,4.977851874573718,7,1.000070756071224,0,0.0,0
38318,49.730546000636686,2,2,13.442214197543858,7,0.38978127427993436,0,0.0,0
38319,53.9811679557199,1,5,6.43017166335261,3,0.6164518863160734,0,0.0,0
38320,23.609192784430885,3,2,7.9999398563503625,5,0.7745856425012312,0,0.0,0
38321,50.507776516548965,5,2,18.266473634494332,3,0.5677664426997082,0,0.0,0
38322,21.69443238555393,3,3,13.363280417668495,7,0.49857163155342266,0,0.0,0
38323,61.839053855040255,4,4,21.77093025722715,2,0.5006073795360456,0,0.0,0
38324,47.921369613885815,3,1,9.084465029772678,0,0.6697148751908978,0,0.0,0
38325,56.264250857666475,4,5,13.772503424284306,3,0.5038897449290263,0,0.0,0
38326,54.704603032131104,3,6,17.095758976691233,2,0.6763181678397394,0,0.0,0
38327,45.3774908614405,4,4,19.99587477067046,4,0.061691322981964114,0,0.0,0
38328,73.79815262139374,4,3,2.102830260900186,6,0.500322958728856,0,0.0,0
38329,53.15737493935609,3,4,20.00448183234449,7,0.7223484562048019,0,0.0,0
38330,48.05101166329503,2,6,12.199624533024645,7,0.9353927564243982,0,0.0,0
38331,39.71742726828807,6,6,17.475566874421055,3,0.39922822473660435,0,0.0,0
38332,55.534482666689286,5,1,5.455621915981188,7,0.9609472814123381,0,0.0,0
38333,21.97042161388009,0,2,8.005549523786648,2,0.03156400814601268,0,0.0,0
38334,56.62330677328825,1,6,17.533543705999904,3,0.28829329455302627,0,0.0,0
38335,59.49870521486531,3,4,20.00946164505636,7,0.8702010206220053,0,0.0,0
38336,35.024913109050104,4,2,4.068218702529986,7,0.0,0,0.0,0
38337,51.15627490773399,6,3,12.891326152565295,4,0.5822684296973014,0,0.0,0
38338,68.24108396944634,3,1,5.921035945677418,7,0.7704809215398549,0,0.0,0
38339,46.882642463782524,4,1,15.729197105060358,5,1.0009020998056353,0,0.0,0
38340,71.19010368263392,5,1,4.338423739402573,0,0.9705002781605361,0,0.0,0
38341,33.507367922813245,2,3,0.0,2,0.9969964193836756,0,0.0,0
38342,58.46916231686843,2,4,20.010873113911597,7,1.000018324182562,0,0.0,0
38343,15.095596939114564,3,3,10.023852859262957,7,0.035660772642227556,0,0.0,0
38344,38.4791637489427,3,1,17.36654475544233,5,0.9996080401314725,0,0.0,0
38345,68.37132515121033,3,3,1.8615110775883377,7,1.0005187755551364,0,0.0,0
38346,70.6306194970407,4,2,5.782885992899006,7,1.0000025489496935,0,0.0,0
38347,44.484998349599486,3,2,12.905393469574635,4,0.9997453868230466,0,0.0,0
38348,55.54494671122062,2,1,23.11684351428405,6,0.5041494754980566,0,0.0,0
38349,53.416955571948165,3,1,13.641364690843393,5,0.4977401180036921,0,0.0,0
38350,54.28987524040388,2,4,20.007102709756843,7,0.9994825385460202,0,0.0,0
38351,25.13380385282068,1,3,0.0,1,0.8612571871363461,0,0.0,0
38352,62.67667075551856,4,3,7.463721925968232,4,0.49831614837554966,0,0.0,0
38353,24.36423106290431,3,6,7.994294774635675,4,0.3470740690185964,0,0.0,0
38354,47.39987028038576,1,3,15.329486958333682,5,0.9816880279848592,1,5136.514085188368,1
38355,29.34973195045196,7,3,11.52033117782096,7,1.0932101195490613,0,0.0,0
38356,8.537759033919102,3,1,14.726539487806665,1,0.5079362236772587,0,0.0,0
38357,21.445959068924612,4,1,19.99713589572379,5,0.7399417669415226,0,0.0,0
38358,44.612740398395964,2,3,11.015270813815903,3,1.0001061932181825,0,0.0,0
38359,56.1222485959811,3,4,12.915472637459796,5,1.0003552344111082,0,0.0,0
38360,32.188348675458904,4,6,16.808068230469587,6,0.6141057023249529,0,0.0,0
38361,44.29945691145288,5,6,17.82755771918078,7,0.5289377041062382,0,0.0,0
38362,29.19955203378546,3,2,16.47188300561642,7,0.8160104038475117,0,0.0,0
38363,71.54191871921789,4,4,19.989000710680394,1,1.0003504515261705,0,0.0,0
38364,44.35361893008061,3,3,6.072141909367765,7,1.0001178193588696,0,0.0,0
38365,40.59023426901526,3,3,17.39964248721627,2,0.8260722986402833,0,0.0,0
38366,64.25464046490654,3,3,11.964480543999345,2,1.0006008143338372,0,0.0,0
38367,46.943495521376704,4,6,17.316050896828706,7,0.9997135038107862,0,0.0,0
38368,39.780938028245984,2,1,19.99927973525872,3,0.7389793583959563,0,0.0,0
38369,54.870191330761614,2,5,15.453564266471298,7,1.0004707384821627,0,0.0,0
38370,43.87623610725447,3,1,5.700638631408039,2,0.7317808925757895,0,0.0,0
38371,36.5076991745223,4,6,14.481679603370534,5,1.000148609102927,0,0.0,0
38372,29.948624036376515,3,1,8.916246580966677,2,0.5011461190904996,0,0.0,0
38373,49.89902409957754,2,5,14.80640086405785,7,0.9997328351830119,0,0.0,0
38374,40.12865870310466,3,1,8.304533220603874,6,1.0004217706660774,0,0.0,0
38375,46.373494122590344,3,6,8.125358338901403,7,0.9998281280081329,0,0.0,0
38376,39.039090029997986,3,3,0.0,2,0.16814119674040873,0,0.0,0
38377,43.27452206545407,3,3,15.153764553513431,6,1.0002078989205638,0,0.0,0
38378,67.87999388197962,4,4,11.76296783743281,7,1.000461789672777,0,0.0,0
38379,26.41303071060137,2,2,10.94346244221538,1,1.000699381302533,0,0.0,0
38380,53.96426320028277,2,3,4.044148333082381,7,0.9997601522692738,0,0.0,0
38381,56.33018238719228,3,4,12.617184903403086,1,0.1783316739193126,0,0.0,0
38382,41.02070464589839,2,4,6.730177222417867,7,0.999440407488433,0,0.0,0
38383,36.4217948175755,4,1,1.077697274435307,7,1.0000539440415217,0,0.0,0
38384,58.435127345427006,2,4,20.000621158370528,7,0.9993343354570171,0,0.0,0
38385,29.879026665313738,0,3,0.0,0,0.9747400884793963,0,0.0,0
38386,41.39935748407566,5,6,18.964504403752642,3,0.6314984269643078,0,0.0,0
38387,50.72965410264757,1,4,19.992293765170245,4,0.9991398757258486,0,0.0,0
38388,46.89401758499503,3,4,20.000015882897067,1,0.9998551257167317,0,0.0,0
38389,43.1496650493902,2,6,10.895647314111622,3,0.6715854774031785,0,0.0,0
38390,56.71158134135425,6,3,10.9092249617664,3,0.5688605128573606,0,0.0,0
38391,45.374692696362615,3,4,0.0,1,0.9558223831738143,0,0.0,0
38392,43.16674735100719,2,4,19.991758896119464,1,1.0002722792236423,0,0.0,0
38393,47.64350752795237,2,3,22.83379944356273,7,1.000448138100849,0,0.0,0
38394,57.797359129132715,5,6,10.314120295883074,2,1.0005121256790113,0,0.0,0
38395,45.406070057832736,3,7,16.812269973702985,8,0.458154732973565,0,0.0,0
38396,32.75048150883115,2,1,3.3335251160915647,0,0.08861755753788025,0,0.0,0
38397,31.817579760322225,1,4,11.97699286639725,1,0.9920556059194716,0,0.0,0
38398,33.481944664442025,4,1,9.278723878880404,1,1.0000768240511961,0,0.0,0
38399,45.60427548376691,4,6,8.091760544923101,7,1.0002528300133002,0,0.0,0
38400,32.31715709253241,2,6,4.384574038876715,6,0.42523199054499466,0,0.0,0
38401,29.566151732368578,3,3,10.063156467943614,3,0.28641922298868827,0,0.0,0
38402,15.812028203737334,5,1,3.377777645404663,2,0.7159008874252485,0,0.0,0
38403,37.80661494486424,3,6,22.497757803543603,5,0.9892228205872462,0,0.0,0
38404,56.482248936245966,3,6,11.838802085897912,3,0.46609370320570886,0,0.0,0
38405,34.82499776734089,6,6,7.143970010607797,7,0.8660174960341778,0,0.0,0
38406,35.281957927159326,2,1,17.285203884381605,1,0.536813163928051,0,0.0,0
38407,38.11258492924475,3,6,9.297966928498921,0,0.9998597167658614,0,0.0,0
38408,35.95679453878252,3,1,18.677525759710093,7,0.9999989281062471,0,0.0,0
38409,46.295932106188204,5,2,8.917700480053476,1,0.62576878928022,0,0.0,0
38410,28.91040792338866,2,6,17.616364415355257,3,1.0006090667872825,0,0.0,0
38411,55.463868179576885,4,3,9.876205635093795,7,0.6698411585545313,0,0.0,0
38412,39.433229484483604,3,6,23.11535074002336,3,1.0003523271772439,0,0.0,0
38413,43.315854298947635,3,4,7.299635844756526,7,0.5431293776448525,0,0.0,0
38414,43.781248390341915,3,3,11.472728269623287,7,0.9544151081398858,0,0.0,0
38415,27.719187278500044,3,5,5.542969996035533,4,1.2190331709934186,0,0.0,0
38416,53.94827541877574,4,5,6.3684829103082174,7,0.9998510572551427,0,0.0,0
38417,34.293335621212975,1,3,14.216040983599818,4,0.4948591840935326,0,0.0,0
38418,73.99224232712629,2,3,10.452687097782142,7,0.9329067106172504,0,0.0,0
38419,70.17759922586976,1,6,3.6549535819514123,7,1.000256129926051,0,0.0,0
38420,45.95069075782038,2,3,16.770706894469203,7,0.9996270766456361,0,0.0,0
38421,20.840232899203095,3,1,6.869457371639782,2,0.377911987309465,0,0.0,0
38422,52.041992683016595,1,6,15.81572152984163,7,1.0337156433232408,0,0.0,0
38423,55.63017805002683,1,0,14.296601789403748,6,0.9769269920989343,0,0.0,0
38424,35.631483412279415,3,2,8.905848805762497,7,0.3719288719828118,0,0.0,0
38425,38.09534560345101,2,2,9.475883660636445,1,0.2112877117092174,1,4080.5163944522988,1
38426,43.01016945739822,4,6,5.187401266315941,2,0.13937221136413247,0,0.0,0
38427,31.160600728617112,2,4,0.2716730034213892,3,0.3776215053885796,0,0.0,0
38428,38.27894603804164,3,2,13.532120137252612,1,0.9196910199058079,0,0.0,0
38429,64.81723022482686,3,3,12.070811193443962,2,0.9993892962037525,0,0.0,0
38430,33.997302844675986,3,4,20.006576367914114,1,0.7184575298135478,0,0.0,0
38431,48.01670920969197,1,5,12.692294124053058,2,0.5027001186922443,0,0.0,0
38432,49.91796279530522,1,6,8.033993565009728,7,0.9997723948055622,0,0.0,0
38433,35.20050864746624,3,5,11.542034734008062,1,0.9581655485576072,0,0.0,0
38434,48.21386710483408,2,6,16.80851008292486,4,0.5225055615315881,0,0.0,0
38435,43.13700405432169,4,5,8.629998873257504,1,0.232603472528092,0,0.0,0
38436,42.272829087055044,1,6,7.862417307112079,7,0.5543606478533418,0,0.0,0
38437,37.861859034151294,0,6,18.05770798736523,1,0.9627947464248184,0,0.0,0
38438,44.51418798521251,3,1,0.29291573452436914,3,0.37256899253652365,0,0.0,0
38439,47.064503941949305,4,3,19.881541699176587,2,1.0063064013055538,0,0.0,0
38440,41.17844007842775,4,6,0.0,7,1.0005377475337522,0,0.0,0
38441,46.63863530771309,0,1,20.007279968871064,4,0.21585291083366365,0,0.0,0
38442,24.002842773471933,3,3,6.437930298474746,2,0.0,0,0.0,0
38443,37.09390007368464,2,1,15.36445556499003,7,0.9999225363339479,0,0.0,0
38444,31.35727396944161,4,6,13.62908207861902,1,0.6220601973506585,0,0.0,0
38445,54.04997425968638,6,6,16.276811027550874,3,0.2130739951504219,0,0.0,0
38446,15.32966296835398,2,1,20.008732444583963,3,0.9922094824285597,0,0.0,0
38447,26.66800512981046,2,6,18.569047562254227,1,0.9897770228825425,0,0.0,0
38448,35.558381219610645,5,4,0.0,7,0.06875664817841054,0,0.0,0
38449,35.450267413841836,3,5,19.996473622621345,1,0.5947546477231989,0,0.0,0
38450,67.03273949965362,6,2,20.36230102956991,7,1.0002041604854162,0,0.0,0
38451,50.0988638812309,3,6,14.101551910230196,7,0.489945940268849,0,0.0,0
38452,35.67085818919308,3,3,17.937436502680594,6,0.9998192308606343,0,0.0,0
38453,54.759979649726766,2,2,13.00513028178999,2,0.46797057010928683,0,0.0,0
38454,40.81529901632962,6,4,11.868775827769202,7,1.000280071550424,0,0.0,0
38455,39.479911167877404,3,1,25.533744274616556,7,0.9999803394615163,0,0.0,0
38456,45.07950595750821,4,1,2.195990425368084,5,0.9852589735402625,0,0.0,0
38457,23.73420895923384,4,1,17.010276651363966,7,0.32148119507583983,0,0.0,0
38458,49.6233592837088,1,1,9.74201962127594,2,0.2713715372186079,0,0.0,0
38459,48.86830796239697,4,5,17.642098856702017,5,0.5047996660655523,0,0.0,0
38460,29.44093594756191,3,1,4.779046801955824,7,0.9997340641056769,0,0.0,0
38461,47.0285529947317,2,4,9.180593933513563,5,1.0973392255179815,0,0.0,0
38462,25.956313888755556,1,2,7.0946424995322115,6,0.9864523447424062,0,0.0,0
38463,43.93026955168727,3,0,18.839628545386073,5,0.9998464295879077,0,0.0,0
38464,25.64643073023277,3,1,11.427870071470196,5,1.0003083025986004,0,0.0,0
38465,40.274279756046546,3,1,2.8209508966315706,4,0.2513881662726291,0,0.0,0
38466,49.89183215301237,3,3,1.561555966446404,7,1.0005277594946602,1,7507.306621882449,1
38467,56.21413395921544,2,5,15.607126326284654,1,0.46249115401919416,0,0.0,0
38468,32.92027882821231,3,3,9.361096589162845,6,0.9999886845159123,0,0.0,0
38469,45.12302246444554,3,5,9.032360606919056,7,0.9997573960768151,0,0.0,0
38470,26.945324952382734,4,6,8.59708748104463,1,0.6519336412986146,0,0.0,0
38471,45.41173313059906,5,3,14.769525954369955,7,1.0005735327371132,0,0.0,0
38472,15.906680396043495,3,4,16.100012804255527,5,0.33698032756496543,0,0.0,0
38473,42.73461537481526,3,1,16.040089862854302,3,0.9993508669818485,0,0.0,0
38474,50.65454992633849,4,1,4.1123124490057945,8,0.4978065186680269,0,0.0,0
38475,19.11869918286931,6,3,18.264936352338317,1,0.4401364607462346,0,0.0,0
38476,26.28874732665859,4,2,10.079241060024112,5,0.4138579920033164,0,0.0,0
38477,44.65283341996933,3,3,8.50517347593657,7,0.03477010925147672,0,0.0,0
38478,54.44522721889807,3,3,18.894351859565116,1,0.923725706166324,0,0.0,0
38479,49.39442928510939,3,3,2.908040029956773,2,0.9952057068060434,0,0.0,0
38480,57.79600072259002,4,5,14.052478973769963,7,0.6618868802046649,0,0.0,0
38481,35.31315353351813,4,4,2.768540822159604,5,0.3633518750680718,0,0.0,0
38482,48.0454630362752,3,2,19.249936157217256,2,0.9999080508192291,0,0.0,0
38483,46.45549825242296,4,1,7.057458044614572,7,0.41781254159064934,0,0.0,0
38484,42.67128357453567,4,3,4.321326729416554,3,0.49834977315667206,0,0.0,0
38485,26.661645353388543,2,6,6.67550551173713,7,0.6943539785298078,1,12708.286960023186,1
38486,39.534410024258904,2,2,12.937892682511483,1,0.999808069009727,0,0.0,0
38487,43.144774005238745,5,3,10.683324319505711,2,1.0003020705487171,0,0.0,0
38488,62.49163592442714,3,3,18.61661486115193,4,1.0002159873497125,0,0.0,0
38489,34.0976192862773,3,2,9.249093287443587,7,0.99950812013027,0,0.0,0
38490,23.60942292109637,3,2,14.949036043703096,3,1.0139887997854113,0,0.0,0
38491,45.36586855894244,2,5,5.397701411850926,8,0.14398779772551606,0,0.0,0
38492,41.32183289506273,0,3,4.433058357399438,3,0.0,0,0.0,0
38493,46.92281751926224,1,1,15.622256127597616,6,1.069736698645919,0,0.0,0
38494,49.00137791224762,4,1,4.058841549925067,2,0.5024886873408354,0,0.0,0
38495,41.22274867667741,3,3,11.43099789665495,5,0.9379337314889542,0,0.0,0
38496,53.957608210111005,2,6,10.444570643866472,7,1.0000875473244417,0,0.0,0
38497,46.28838392755328,4,6,6.693569430990012,4,1.0000275249520003,0,0.0,0
38498,50.08397560776848,0,3,8.28649388836778,0,0.39164173527654367,0,0.0,0
38499,37.20632850043129,3,4,19.999064166201904,3,0.49823726494646614,0,0.0,0
38500,47.22209458271678,0,3,20.70987778039182,5,0.503216394694791,0,0.0,0
38501,49.47007333354049,4,3,8.28109038873582,3,0.9525553074307378,0,0.0,0
38502,64.21868637497937,4,6,16.13802430360015,1,1.0288668594976296,0,0.0,0
38503,46.21780140982363,3,1,12.393672231676646,4,0.5049084457914864,0,0.0,0
38504,39.303926032215884,3,6,20.53029108888586,7,0.9991955749240196,0,0.0,0
38505,29.296934869797376,2,7,1.5392301507627426,7,0.0,0,0.0,0
38506,45.84762713504059,2,5,18.243663478839643,2,0.9243990803357676,0,0.0,0
38507,50.60030928330929,6,2,7.8526121430101625,7,0.5340972317101987,0,0.0,0
38508,26.532572105267562,6,7,11.670734290123782,8,0.5152814903127361,0,0.0,0
38509,41.660971695533874,4,3,9.902208685054624,2,1.0002056449686938,0,0.0,0
38510,52.17581526656849,4,2,14.283162105085115,7,1.0005535856777084,0,0.0,0
38511,43.25667171030336,5,3,3.231787622708066,6,1.0000104489508368,0,0.0,0
38512,20.470065322366327,4,3,19.25044682860457,7,0.0,0,0.0,0
38513,47.20309167345113,2,6,17.03278353821338,3,1.000254898483478,0,0.0,0
38514,46.41156282402644,1,3,7.819888207857081,5,0.02679313832337138,0,0.0,0
38515,13.127073872263392,3,1,6.9971218741583066,4,0.5752459594352547,0,0.0,0
38516,44.629260740912315,3,3,5.801677905430183,7,0.999950652567962,0,0.0,0
38517,54.77227305724319,3,3,5.306036313682438,7,0.9996427392908889,0,0.0,0
38518,50.15768328158009,3,3,1.7478036977495908,7,1.0003322288446026,1,7723.430652426708,1
38519,41.989717815708666,3,3,22.9343944437147,7,0.916425963370852,0,0.0,0
38520,22.69072845379068,4,4,6.182280506154699,3,0.41606041713562747,0,0.0,0
38521,52.38729654784515,3,3,13.951584700182112,7,1.0002670814771346,0,0.0,0
38522,37.86799157977176,4,2,11.075992503723231,1,0.6463784587811586,0,0.0,0
38523,25.385742196128074,4,5,8.171035383199243,1,0.5763890754427052,0,0.0,0
38524,53.60832477268687,3,6,3.5319287075093895,5,0.7195640398867682,0,0.0,0
38525,34.164977314024156,2,3,9.164214715659513,2,1.0003906148138393,0,0.0,0
38526,55.85166153879279,3,4,20.009843773127507,1,0.5699063698484154,0,0.0,0
38527,39.28254705808648,3,4,19.999003887865403,7,1.0002795328299374,0,0.0,0
38528,60.70688987209137,5,1,16.602693053453848,2,0.9393901402662552,0,0.0,0
38529,54.19149261965635,3,3,20.01693230030505,5,0.999785057826093,0,0.0,0
38530,36.53103583033681,4,6,1.825180738089367,7,0.49333610828052443,0,0.0,0
38531,62.10278492529052,3,6,10.501326726095515,4,0.7953664349106382,0,0.0,0
38532,50.13488096899697,3,3,9.300556297183617,4,0.4993041641190752,0,0.0,0
38533,43.65878372315592,3,3,21.92030248102934,3,0.9997748155901989,0,0.0,0
38534,41.74989246628053,4,3,14.698081914605343,3,0.902290892056281,0,0.0,0
38535,37.9602025112226,4,4,19.999909349245975,5,0.3583675819660111,0,0.0,0
38536,28.56173501592361,2,6,12.59898211964423,1,0.3863765254809855,0,0.0,0
38537,39.35415949139249,3,3,7.969518562448182,5,0.8920424360176313,0,0.0,0
38538,46.23263747413023,1,4,9.572143204821101,4,0.5075465329934423,0,0.0,0
38539,32.15001896270412,3,1,0.8728928149931274,2,0.0,0,0.0,0
38540,8.192260703201605,1,1,3.6620080214461064,4,0.46878682281081274,0,0.0,0
38541,47.41799276259046,1,3,9.554498534826685,7,0.567747119963566,0,0.0,0
38542,31.072399154026265,2,6,5.0449817365009215,7,1.0002108611383074,0,0.0,0
38543,43.030712747318276,4,1,15.98337075337708,0,0.9996116481734421,0,0.0,0
38544,61.381631851210216,2,3,7.771012126368825,3,0.18988031075168033,0,0.0,0
38545,18.356319465842237,5,6,0.0,0,0.057821722304538414,0,0.0,0
38546,10.369546821438938,3,3,13.64041348407042,3,0.5034298327315488,0,0.0,0
38547,46.55280728744667,3,3,0.985959266389635,3,0.9994130977106139,0,0.0,0
38548,35.241558325324846,3,2,7.934064880450872,5,1.0004256935900926,0,0.0,0
38549,61.27679931221816,3,2,9.116340728568213,7,1.0001489217693664,0,0.0,0
38550,50.52609737582453,2,6,6.680908637275275,3,1.0001148116689542,0,0.0,0
38551,45.73012043106754,3,6,21.059687889757875,1,0.9819320098536749,0,0.0,0
38552,24.26801878284665,3,2,9.175996701551021,1,0.8989882419277352,0,0.0,0
38553,38.58086893111176,2,6,4.128739472438778,1,0.9561090571351891,0,0.0,0
38554,68.27815196813853,2,1,5.462353652471719,7,1.000287439661803,0,0.0,0
38555,37.64979076107235,6,3,8.198117487484096,1,0.9995825664661848,0,0.0,0
38556,38.21183513881479,2,3,5.627654668710446,4,0.5041633959932158,0,0.0,0
38557,34.82854213854872,3,6,10.951709633415959,6,0.306663595056329,1,7652.798945364978,1
38558,38.467842148893716,2,1,20.00279889646377,1,0.5270481906489412,0,0.0,0
38559,47.348038366796274,4,4,16.430131635823837,2,0.6336565393960133,0,0.0,0
38560,27.73289202160471,2,3,16.969413931370784,3,1.000198695948607,0,0.0,0
38561,61.571833053141575,4,5,4.871447554949116,3,1.0000049126010095,0,0.0,0
38562,34.26690514658758,3,4,19.68009719311869,2,1.0003522962444373,0,0.0,0
38563,33.49458466441695,4,1,9.06793482470578,7,0.2790314426369432,0,0.0,0
38564,46.72248076532517,2,6,0.0,7,1.0007169916145275,1,2676.5041376579634,1
38565,74.16222671146721,2,2,12.313078779285428,1,0.4182029971149055,0,0.0,0
38566,30.261923161589372,1,3,21.4668148992631,2,1.0000346013258765,0,0.0,0
38567,58.52053397398076,3,2,5.043035477756416,7,1.0004025933063168,0,0.0,0
38568,47.220091529318296,3,3,5.936601075658258,2,0.059741005473020525,0,0.0,0
38569,44.994017729875935,6,5,14.764633912508407,3,1.084548914666643,0,0.0,0
38570,40.33661661886224,5,4,16.82891861510621,6,0.24523127056618332,0,0.0,0
38571,20.33939594342438,3,4,20.000172384566614,1,0.786898146370269,0,0.0,0
38572,74.07226165718316,2,1,4.25270360282511,0,0.7394278776510999,0,0.0,0
38573,53.353748749427446,6,3,2.592274534918971,7,0.7551711255718885,0,0.0,0
38574,52.16170958157893,3,1,9.294887402548646,3,0.49918932456884985,0,0.0,0
38575,54.74334399901587,2,5,12.533101200970005,7,0.9991946173032173,0,0.0,0
38576,56.796966729071215,3,4,20.002799183491526,7,1.0001659488344763,0,0.0,0
38577,45.17750643700348,3,6,12.532632647888763,2,0.4021763318724701,0,0.0,0
38578,24.326638530774368,2,6,11.120938676957342,1,0.6953977963762766,0,0.0,0
38579,59.116814182417016,3,6,12.214004311351866,4,0.04182039297392215,0,0.0,0
38580,66.66082640253326,3,1,14.972401284777586,2,0.9999989337804833,0,0.0,0
38581,43.70255409364734,3,6,16.897234942451547,3,0.6720998876115264,0,0.0,0
38582,48.83633253838376,3,1,7.140218972687157,7,1.000002736540131,0,0.0,0
38583,51.95625063378989,1,3,0.0,6,0.7256006073866628,0,0.0,0
38584,48.128559486654524,5,2,4.74807459381331,2,0.5087714944019773,0,0.0,0
38585,27.76101118007127,3,3,19.994364533063326,5,0.2426044141980641,0,0.0,0
38586,53.60641821181765,1,1,6.754648116300289,1,0.48633052594486975,0,0.0,0
38587,37.02123744940388,1,3,5.824901711589069,6,0.0,0,0.0,0
38588,26.739931620001883,3,1,3.0488452221638234,0,0.9998259345325686,0,0.0,0
38589,25.385030140117117,3,6,9.368875879126037,5,0.4905109227669345,0,0.0,0
38590,48.64749485699083,3,5,0.0,4,0.9407203678235284,0,0.0,0
38591,63.13960291179461,4,1,8.534220779840165,1,0.5014301895888456,0,0.0,0
38592,42.40354824482341,6,3,9.264464554060885,4,0.6187653161766754,0,0.0,0
38593,49.85944333580801,4,6,14.347016436406559,4,1.0008176312227473,0,0.0,0
38594,32.526277861388444,2,2,10.622594917894203,1,0.28351531473398545,0,0.0,0
38595,35.57861782987627,2,2,0.0,6,1.0000555828797848,0,0.0,0
38596,39.541618845378416,3,6,14.463821317434084,3,0.809402942422253,0,0.0,0
38597,16.87095639056093,1,1,10.253280723016683,3,0.5015277993987023,0,0.0,0
38598,48.05625630804095,3,3,9.374342770145219,6,0.28829758908013675,0,0.0,0
38599,42.75905366346788,4,4,20.006610086949763,7,0.9733874015315381,0,0.0,0
38600,61.58365548373952,4,4,17.69192431804523,4,0.5713144211716901,0,0.0,0
38601,57.82489461063127,3,3,0.33260318178240134,4,0.5966559725186905,0,0.0,0
38602,42.342416242918304,1,1,13.08917200058994,5,0.49776530368796096,0,0.0,0
38603,27.42185797873433,4,2,0.90700670083638,6,0.21951887024611694,0,0.0,0
38604,47.17685120699978,4,4,4.320525860699923,3,0.49915889652067125,0,0.0,0
38605,35.927519570931594,2,3,5.337591156019824,2,0.43833398881100466,0,0.0,0
38606,39.34388693243557,5,3,9.321267227817469,7,0.5685300664086986,0,0.0,0
38607,40.50540821701962,4,3,12.849503939891791,4,0.49921900186336443,0,0.0,0
38608,51.21857102980837,3,6,12.435391023645458,2,0.36847146907210354,0,0.0,0
38609,39.50180020535919,2,2,5.781131077519877,2,0.5870559617837566,0,0.0,0
38610,26.723180865482036,4,7,7.107676998724138,1,0.0,0,0.0,0
38611,36.599739010527614,4,3,6.778328135322,3,0.6359364130634919,0,0.0,0
38612,20.338747143261717,3,6,9.582519103382033,2,0.31183902319928797,0,0.0,0
38613,21.830718894773106,4,6,6.891724320192189,5,0.5056000038451137,0,0.0,0
38614,56.081257738763554,5,1,13.71384518445345,5,0.5021295159083525,0,0.0,0
38615,49.14972466901084,2,2,19.997568094987624,6,1.0027333410381767,0,0.0,0
38616,36.2838964839319,5,6,15.323939039278025,2,0.34533933675809786,0,0.0,0
38617,67.47512669653823,3,4,10.70882193713792,7,0.5571509059312244,0,0.0,0
38618,29.737704940917325,4,1,7.167315484467688,7,0.897446404922749,0,0.0,0
38619,54.05492449232837,2,1,1.0043125460214792,4,0.5043901112724368,0,0.0,0
38620,49.27926789826491,3,2,15.190824071952248,2,0.9999368793598943,0,0.0,0
38621,60.156006090232154,2,1,11.587219498532942,7,0.999882823050116,0,0.0,0
38622,36.05974073450528,2,3,19.997472835243883,7,0.9708193613125959,0,0.0,0
38623,64.32069566636852,4,4,4.900199287743276,6,0.8020159241980604,0,0.0,0
38624,13.757565339980165,2,2,7.692771942709674,1,0.8241729281997883,1,8053.477675232007,1
38625,59.7686400597172,4,3,9.539188901596848,7,0.9997038317148015,0,0.0,0
38626,41.50779922537796,4,6,13.87346222092584,6,0.23523415827846417,0,0.0,0
38627,50.95650014893207,3,2,19.99620389545165,1,1.000187764416483,0,0.0,0
38628,21.09366770521346,3,4,19.996541216806165,1,0.10872669869396523,0,0.0,0
38629,60.16315650418531,2,4,20.008665209314657,7,1.1153891599705723,0,0.0,0
38630,26.213991316683373,4,7,3.0385053329727185,5,0.543391824016968,0,0.0,0
38631,55.65504610341399,3,1,16.215576329176596,2,0.33339627596305366,0,0.0,0
38632,43.36851827008097,2,3,14.267790910231712,4,0.618859602588174,0,0.0,0
38633,53.74098162725958,3,1,19.3691984563086,7,0.9998350825536225,0,0.0,0
38634,38.93087527521881,1,4,6.9013232929938715,1,0.7312550762490563,0,0.0,0
38635,48.34540555708729,2,3,0.0,3,1.0000345898573422,0,0.0,0
38636,40.132641711594204,2,3,3.111205955819692,2,0.999971633173286,0,0.0,0
38637,22.157044164090703,2,6,12.891885182396699,7,0.7362647788958308,0,0.0,0
38638,11.47534397647479,3,7,17.761666275252622,7,0.9344462680429527,0,0.0,0
38639,46.23375121591716,2,6,7.951272722962145,2,0.9999007285100814,0,0.0,0
38640,12.870997138557463,4,5,13.832895328128556,1,0.7765372982156945,0,0.0,0
38641,65.1675172812624,4,6,8.020399354799471,7,0.999910953478842,0,0.0,0
38642,51.221227967623484,2,3,7.849450871593328,1,0.5248969858492446,0,0.0,0
38643,27.657003896342758,1,6,5.408158275160838,3,0.131808806852176,0,0.0,0
38644,35.70186064232961,2,1,7.176658023879737,2,0.9999163281926187,0,0.0,0
38645,25.437496502939933,2,5,10.275850684017383,7,0.9996986196015056,0,0.0,0
38646,33.88649681704672,4,6,6.82466470029034,6,0.17343271354771328,0,0.0,0
38647,52.86779275542394,3,5,11.441788713717388,2,0.9993832653426282,0,0.0,0
38648,23.681734122076904,0,3,11.882197997926427,1,0.49492706588544644,0,0.0,0
38649,38.799047925260524,6,3,22.994000975602923,1,0.6855000172775426,0,0.0,0
38650,40.58591711432107,5,5,17.099576751853036,3,0.45127208101951866,0,0.0,0
38651,77.20699989800485,1,4,7.706565911036927,1,1.0035371624432043,0,0.0,0
38652,30.050788556740763,0,1,19.99412332854801,0,0.6687723865117364,0,0.0,0
38653,36.3163424122293,4,4,15.21691672650909,1,0.6616968123396382,0,0.0,0
38654,41.5068244372286,3,1,18.384931762009813,1,0.3085269996162624,0,0.0,0
38655,47.40378925928639,0,6,10.0086451412146,6,0.761688200645276,0,0.0,0
38656,32.563606844164696,1,1,21.333290412578677,4,1.0001623339368124,0,0.0,0
38657,58.7253679646175,3,3,13.630369553021495,7,0.3274545873439342,0,0.0,0
38658,46.53061803971126,4,6,20.247910846670358,2,0.5447048083092372,0,0.0,0
38659,58.802199121624454,3,4,20.610467624585596,4,0.6360871465664925,0,0.0,0
38660,19.552012931659046,3,6,10.77831969101675,2,0.171290374658161,0,0.0,0
38661,43.430415463229785,3,1,13.533423070579396,2,1.000786605989217,0,0.0,0
38662,62.61112486403765,4,5,1.9946012958614503,7,0.684618212536241,0,0.0,0
38663,40.46839883569902,1,1,12.86125791444699,7,0.9998983004931498,0,0.0,0
38664,42.24391233732798,4,6,7.638426540028814,0,0.5981584830223642,0,0.0,0
38665,36.06677740524087,2,2,20.134665722565554,7,0.9997932076276363,0,0.0,0
38666,34.8533649001924,4,2,0.0,7,0.7262994619587823,0,0.0,0
38667,34.96518683255089,4,6,0.0,4,0.32973246291570085,0,0.0,0
38668,29.261646102210918,3,1,3.1719654443743526,6,0.6874097777682477,0,0.0,0
38669,33.238031422348286,3,7,10.078688731646457,6,0.883487824931425,0,0.0,0
38670,44.03925159834789,5,5,17.863064062443684,5,1.0002426701926679,0,0.0,0
38671,31.02480530149269,6,1,15.495947180930498,1,0.4124515201242692,0,0.0,0
38672,40.997165340381116,3,4,22.442899549154937,2,0.6649632323733596,0,0.0,0
38673,28.728290261681998,2,4,7.491929891575757,6,0.43028244749912986,0,0.0,0
38674,70.18549276963485,2,6,16.013440465480386,7,0.999701806791004,0,0.0,0
38675,53.283081874038594,0,3,4.8825057072958735,7,0.9997018365848833,0,0.0,0
38676,35.42387003466839,2,2,15.047705113832578,7,0.9997379364890815,0,0.0,0
38677,42.01551650626946,5,4,11.87336898601957,7,1.0002068877846837,0,0.0,0
38678,28.81654763414265,2,4,14.979823790469155,7,0.6519831792902897,0,0.0,0
38679,56.805164766582436,4,3,0.0,2,0.8325005410891702,0,0.0,0
38680,54.47363011670712,3,5,8.675249642154794,5,0.4976527772872067,0,0.0,0
38681,28.81773477362303,3,2,12.041944871541194,4,0.4394476089137537,0,0.0,0
38682,56.7628867580098,1,4,8.590186502892031,1,0.9767694909463239,0,0.0,0
38683,33.2207520009108,2,4,9.28171146408773,1,0.1009988978590568,0,0.0,0
38684,45.43364987617262,5,1,6.895398031411357,3,0.4647246458513654,0,0.0,0
38685,23.584018528011253,3,2,11.939645007944224,1,0.9995392101078809,0,0.0,0
38686,40.90211833037725,1,1,18.24462820831987,7,0.9315883738552349,0,0.0,0
38687,43.54267648805541,5,1,9.796591453018358,3,1.000036499525265,0,0.0,0
38688,61.98243262545239,3,1,9.492840493739621,7,0.9996101851476255,0,0.0,0
38689,31.979780106270653,2,1,16.288260515195912,7,0.0,0,0.0,0
38690,36.69904101805808,3,1,17.369606636981615,5,1.000126865656748,0,0.0,0
38691,51.64048475831342,4,4,10.523455631291553,6,0.9014819222973766,0,0.0,0
38692,10.903475683833282,3,1,3.638109326143426,7,0.18072689666411412,0,0.0,0
38693,51.45484927399081,2,4,2.3784191374580317,7,1.000039336374509,0,0.0,0
38694,51.68131502168244,4,5,3.482521826295925,7,0.9994583797605991,0,0.0,0
38695,62.44858777906651,2,3,10.679321011512465,2,0.5009257223654762,0,0.0,0
38696,53.21407170596975,2,2,9.38474954458929,7,1.000040595328282,0,0.0,0
38697,37.26084194633134,5,2,8.394253297351515,7,0.9997456696109492,0,0.0,0
38698,31.317150091950737,1,1,20.000406561766926,3,0.32369321707091225,0,0.0,0
38699,61.272622939109894,3,6,13.122454421232849,7,1.000236843874642,0,0.0,0
38700,34.953552436372355,4,4,19.994071955293798,1,0.1104138800049258,0,0.0,0
38701,41.55576092377127,5,3,6.8900749926174445,1,0.9999452758302481,0,0.0,0
38702,19.355479006282934,4,2,2.867934751160746,1,0.48550155414123874,0,0.0,0
38703,50.39863429686439,4,3,15.970325148201269,3,0.0,0,0.0,0
38704,48.22351335662157,2,4,22.613759528909046,7,0.9999302993729309,0,0.0,0
38705,48.26104508706702,1,6,8.156472097997117,3,0.6807853277319087,0,0.0,0
38706,56.10787263471931,4,2,10.107692335608032,7,0.6162330105718268,0,0.0,0
38707,23.953386948097197,3,6,20.32960994578448,1,0.9999291208992087,0,0.0,0
38708,42.82736556058473,3,3,7.287516508430448,5,0.19970032464483772,0,0.0,0
38709,23.514456821707906,3,6,7.782103852662965,7,0.590207941550254,0,0.0,0
38710,41.816134782119256,5,4,15.39288167949092,7,1.0003806272032225,0,0.0,0
38711,39.31639263277686,4,2,17.921996374577603,7,1.0006212516738815,0,0.0,0
38712,47.11830932045851,3,5,13.792375545133734,5,0.4991826519942728,0,0.0,0
38713,43.55914762756157,3,1,15.522634974882962,7,0.43958089126506006,0,0.0,0
38714,47.27704504121428,4,3,4.662349828817937,7,0.999658016053085,0,0.0,0
38715,63.179168964480155,5,4,18.49483345162011,4,0.9527592781648742,0,0.0,0
38716,56.979559441894786,2,1,5.220650256182852,5,0.4989607161628048,0,0.0,0
38717,47.001407758044095,3,1,9.642008023025301,7,0.9997315024966591,0,0.0,0
38718,36.822964504836996,3,3,19.85523711321643,3,0.9995764883234237,0,0.0,0
38719,40.51767629416076,3,6,13.552757342217316,7,0.564516643450014,0,0.0,0
38720,40.590482314070044,4,1,9.826223403326463,7,0.4830669344767848,0,0.0,0
38721,45.22496163922885,5,1,16.968250032860333,7,0.6051018986491488,0,0.0,0
38722,17.906415378934657,2,5,4.4038970813389335,1,0.4686898072052817,0,0.0,0
38723,33.845381265555545,3,4,19.997632299127474,1,1.2351242329137773,0,0.0,0
38724,22.49457990048655,4,6,9.341311172658967,1,0.3339162241896012,0,0.0,0
38725,54.08686048743954,5,2,6.149174016052134,7,0.9994964070332057,0,0.0,0
38726,64.01193366646088,3,6,17.91488749186017,2,0.939943995104634,0,0.0,0
38727,27.865612793774126,1,3,3.6838515019574,1,0.9999369380917011,0,0.0,0
38728,48.987967132977495,2,0,19.997503364712006,1,1.0001151962805004,0,0.0,0
38729,50.6201960960737,2,3,2.3286183212420806,0,0.6140225033031739,0,0.0,0
38730,46.804531569914516,4,3,5.783010518730792,2,0.49888399218015594,0,0.0,0
38731,43.61839658427353,1,3,12.498778501435503,2,0.3860631586464612,0,0.0,0
38732,52.42335800659798,2,4,12.61920640210689,7,0.6590716308228289,0,0.0,0
38733,29.516726275527297,2,6,7.72336543858683,1,0.9826880207902959,0,0.0,0
38734,36.61399118432192,0,3,0.0,5,0.3054972199492057,0,0.0,0
38735,36.25829627663212,3,1,2.7916744415937114,3,0.0,0,0.0,0
38736,29.528936036295345,3,3,9.285690546463591,3,0.501321258329767,0,0.0,0
38737,37.633358626343714,2,5,0.0,2,0.5018961039571486,0,0.0,0
38738,67.6608338369754,3,3,16.3419240471004,7,1.0001915110465944,0,0.0,0
38739,45.29542328748465,4,5,14.331293987589765,1,0.5767055874628866,0,0.0,0
38740,64.10514944936591,5,1,11.107624144524516,7,1.0001958618899152,0,0.0,0
38741,63.8536290204154,4,6,11.924441075779601,3,0.44214158656692026,0,0.0,0
38742,65.47636903336462,3,3,11.671949066966775,7,0.9988498544418285,0,0.0,0
38743,41.81434660055771,5,1,4.211968157645679,5,0.21921095959144837,0,0.0,0
38744,64.3564856674386,3,3,12.61665838129525,5,1.106842800335412,0,0.0,0
38745,23.529570047786923,2,3,10.690042557160952,1,1.0003854196741733,0,0.0,0
38746,51.097738673377066,3,4,8.001175984692914,1,0.9916677818808048,0,0.0,0
38747,37.846838901866164,5,5,3.8899599662132474,4,1.0004410785819404,0,0.0,0
38748,34.39920545751585,4,1,7.398840207485977,5,0.08753902364520039,0,0.0,0
38749,55.34731892313258,5,2,10.811988086537536,2,0.9778513217695215,0,0.0,0
38750,68.68821739335895,3,5,2.722656116898584,2,0.9997421990968709,0,0.0,0
38751,36.20186791121178,3,2,18.18939822640633,7,0.9995431707236238,0,0.0,0
38752,45.79579501824566,5,3,7.452975423306058,1,0.2621820932268623,0,0.0,0
38753,61.285264487833146,3,3,3.286898615026435,2,0.414770630068741,0,0.0,0
38754,64.68983326616095,2,4,19.996781997076667,1,1.000107674169471,0,0.0,0
38755,26.55030326985647,3,3,17.01651536768663,1,0.9998503339034864,0,0.0,0
38756,48.92217357176496,3,4,3.6857926276890822,4,0.78587686091296,0,0.0,0
38757,58.02525173612775,3,3,12.083865624154072,4,0.8834933679884387,0,0.0,0
38758,45.839088902381064,3,3,2.141310894508706,4,0.9997594565646657,0,0.0,0
38759,62.64796232543361,4,3,0.0,2,0.9998640883887718,0,0.0,0
38760,27.682175668292395,2,6,11.947322257896095,1,0.9271326208806855,0,0.0,0
38761,36.354787926241485,1,3,11.148849112585781,3,0.9999013028299775,0,0.0,0
38762,68.52140995222703,1,3,7.7631222504590935,2,0.6959370347307796,0,0.0,0
38763,56.10048788720769,3,3,7.098866356661333,7,0.9996309240859318,0,0.0,0
38764,47.181198835092744,4,6,10.143585644044395,7,0.9998018540649202,0,0.0,0
38765,21.561515459405122,4,6,19.02232144512617,1,0.7611964035034188,0,0.0,0
38766,52.37616986360656,1,2,16.6782834332407,3,0.2415205427424162,0,0.0,0
38767,48.23092096491046,3,4,2.5440248525492155,1,0.31510120676464876,0,0.0,0
38768,26.72998637629293,4,1,11.366774651886177,3,0.592708918215605,1,2970.503798949066,1
38769,72.93497857136498,5,1,10.195723023600447,7,0.5045472369514669,0,0.0,0
38770,63.89809340241537,5,1,0.0,4,1.000166494996305,0,0.0,0
38771,53.94334337336257,4,4,19.99981427537955,7,0.4964419835448179,0,0.0,0
38772,45.75362104369984,3,1,13.82667477388017,6,1.0005712764256305,0,0.0,0
38773,41.34357380258356,3,4,11.796116176497415,7,1.0004281425852042,0,0.0,0
38774,54.69861272770564,3,4,15.317066829719776,1,1.0005674750722402,0,0.0,0
38775,40.979836177024474,0,3,5.878907563515497,6,0.4245542600890145,0,0.0,0
38776,24.639512004451333,1,2,10.71668520771551,4,0.383126032538598,0,0.0,0
38777,56.14435415518598,1,4,19.99512620882431,1,1.0003242190945587,0,0.0,0
38778,49.09643125135029,4,3,15.91635748548422,4,1.0001532761445568,0,0.0,0
38779,46.996372259059655,1,3,9.481393795176443,7,0.9997674439655028,0,0.0,0
38780,68.72862672031043,3,5,15.264316578155887,7,0.9614623597153134,0,0.0,0
38781,54.69368711121638,3,6,7.259272062108838,5,0.9940251906026325,0,0.0,0
38782,22.762312552446964,3,6,15.941935038619741,1,0.0,0,0.0,0
38783,52.3367815901572,3,3,8.986212803531897,4,1.0004184987611282,0,0.0,0
38784,71.25134459336792,4,4,19.995088469312435,2,0.9997747162916549,0,0.0,0
38785,38.18720716888953,2,3,11.888725544414905,1,0.4938426791570526,0,0.0,0
38786,40.364348276011164,3,5,11.147201142090106,1,1.0002244045689506,0,0.0,0
38787,52.13592685698484,5,1,10.254641105360077,7,0.8193110414223632,0,0.0,0
38788,20.141214407088405,5,6,7.6521879634764325,3,0.14605311921401853,0,0.0,0
38789,55.11022557589935,2,3,2.1690992171167114,3,0.49996909038549026,0,0.0,0
38790,52.42077176691141,2,6,21.736011921576853,6,0.46834850618500534,0,0.0,0
38791,41.3345888075335,3,3,10.898326768156508,6,0.271276957314046,0,0.0,0
38792,28.140527589044492,3,4,20.000913746834968,1,1.159788610443071,0,0.0,0
38793,37.597204508809966,4,1,19.997353098389084,3,0.6102784529285578,0,0.0,0
38794,50.44467387744851,3,1,8.303553426179846,4,0.4984460250938728,0,0.0,0
38795,35.85642328953302,3,5,15.390926111859208,1,0.8679984900287919,0,0.0,0
38796,44.257592668440154,5,5,9.15194450193912,3,0.23214359432121257,0,0.0,0
38797,49.92251212139338,2,4,19.995814325200065,3,1.0002305339386204,0,0.0,0
38798,37.53125566064607,1,3,13.564113078963022,0,0.008318052497641726,0,0.0,0
38799,54.81378528280838,5,2,3.4346330461255272,7,0.2544606107325223,0,0.0,0
38800,32.482313483469646,3,4,19.583307018783735,3,0.19728243766536213,0,0.0,0
38801,21.900664456944096,1,3,19.998643426587144,1,1.0001905689775878,0,0.0,0
38802,44.07713448646673,4,1,13.97139492922462,7,0.9157135010411518,0,0.0,0
38803,64.15230854452659,4,1,14.323454272477727,4,0.5009648308377685,0,0.0,0
38804,35.221259420175876,3,1,20.554286547703867,7,0.3201251117437741,0,0.0,0
38805,44.568560240253504,3,7,8.354348371367028,5,0.8756666485743242,0,0.0,0
38806,33.930025841093766,3,5,9.791423214421952,3,0.5231960389842975,0,0.0,0
38807,38.80359580534622,4,0,16.54131597003748,6,0.06076042334454024,0,0.0,0
38808,40.855161300828485,3,1,9.542071928519313,7,1.0004031319134388,0,0.0,0
38809,59.1887968195979,2,1,15.783700425043872,0,0.3051413869950781,0,0.0,0
38810,24.57996961867075,3,2,16.325676771438633,1,1.0002634702060191,0,0.0,0
38811,37.78607438223024,4,3,10.575665567953102,5,0.39732285527357913,0,0.0,0
38812,47.536045653584104,3,1,5.242448486517939,3,0.99946744566351,0,0.0,0
38813,54.093256256030706,3,1,10.126730733629213,7,0.9996476182600436,0,0.0,0
38814,47.18816826490576,2,4,6.520239049139626,1,0.9901989082810456,0,0.0,0
38815,55.31885707647275,3,4,19.996322475476163,4,0.5019507813963496,0,0.0,0
38816,45.75486442551796,3,6,13.133084714069096,3,0.7375484902828934,0,0.0,0
38817,31.433155389652548,4,3,10.699638294528203,6,0.23875928842623823,0,0.0,0
38818,36.02060635217119,0,2,6.039019883081795,1,0.19208931044014982,0,0.0,0
38819,43.71173819982973,1,3,9.849924960399472,7,0.403307404769929,0,0.0,0
38820,26.095484532251493,3,1,12.759239759336301,7,1.000183092039734,0,0.0,0
38821,59.757755068103,2,5,8.762908713053216,1,1.1405290466149725,0,0.0,0
38822,45.807621841728434,4,6,6.217428076322917,2,0.382519275706377,0,0.0,0
38823,48.15930666213292,2,3,9.393612681863413,6,1.0004624421057333,0,0.0,0
38824,35.766150987074354,2,5,3.5943004877261773,3,0.5017168857769543,0,0.0,0
38825,26.548368680770334,2,6,9.821624922933381,3,0.4500375352678349,1,18180.476553582434,1
38826,43.33544367735655,2,5,16.05459010694582,3,1.0388441214804192,0,0.0,0
38827,61.21599573555625,2,2,10.725621605574814,7,0.4556558480842632,0,0.0,0
38828,53.75618668053474,5,4,9.40496218133055,2,0.811661398007354,0,0.0,0
38829,29.594418495395733,3,6,10.291527167499794,2,0.47978204818389336,0,0.0,0
38830,18.44239733908909,2,4,16.452881549765547,2,1.0001264111380426,0,0.0,0
38831,47.37944044760604,5,6,10.727646224814109,7,0.11788932198382873,0,0.0,0
38832,28.678936633285517,3,6,9.534019824636129,3,0.0,0,0.0,0
38833,25.190325248852325,4,6,12.73707576829598,5,0.9997697479637992,0,0.0,0
38834,64.11993824908615,3,6,7.1640553070342,3,0.5649533287370816,0,0.0,0
38835,55.73836810267507,5,3,4.799835949385645,5,0.032729669112268045,0,0.0,0
38836,24.45304230532571,3,2,3.878349128155703,6,1.0000852079414906,0,0.0,0
38837,31.82530707572652,3,1,19.9976927991501,4,0.44212663329642354,0,0.0,0
38838,44.875060348524784,4,3,0.0,5,0.42520021995560214,0,0.0,0
38839,49.30029233773288,3,4,12.779877563295557,3,0.1957288267023432,0,0.0,0
38840,44.675434016031986,2,6,10.585365119635354,6,0.8896418619121799,0,0.0,0
38841,49.31963990723096,5,6,0.0,3,0.7330865806967047,0,0.0,0
38842,22.63200246166721,3,6,25.927667880022806,6,0.8226703128811881,0,0.0,0
38843,55.423153869210815,3,3,14.857403453057119,5,0.9998162904976515,0,0.0,0
38844,25.255259109055608,3,6,12.506112052112261,4,0.6958721421500211,0,0.0,0
38845,57.244592001246424,2,2,9.712990860101913,7,1.0001609196659316,0,0.0,0
38846,57.689432934423536,2,3,0.0,0,0.9990500294145501,0,0.0,0
38847,39.4330226578304,4,6,9.252877647028637,1,0.9223199242816429,0,0.0,0
38848,31.985069200081043,1,5,10.016467624080441,0,1.0083400222822805,0,0.0,0
38849,23.212518734188514,4,5,14.640003491307233,2,0.39544592178353416,0,0.0,0
38850,51.88228099048458,5,6,6.044887083769994,7,0.7941405673726171,0,0.0,0
38851,45.08019811375563,3,3,17.74510038251171,3,0.5038478884211913,0,0.0,0
38852,26.490134033066035,4,3,10.491761764950809,4,0.07727052462383888,0,0.0,0
38853,39.86725392818969,3,1,5.392708205861388,1,0.22029634199831843,0,0.0,0
38854,57.291821537770865,4,2,20.015022546054652,1,0.4787169831343708,0,0.0,0
38855,45.500222839644366,6,2,4.231018052892823,5,0.25805124357180886,0,0.0,0
38856,69.78099368584446,2,4,5.553244927715908,6,0.2820590242379724,0,0.0,0
38857,32.62894388061085,2,6,16.547712758639268,3,0.5383325348356522,0,0.0,0
38858,44.052942514354136,4,4,19.991675734532087,2,1.0004257041895228,0,0.0,0
38859,45.51363317120739,3,4,6.945228956090604,7,0.6306318864821091,0,0.0,0
38860,44.2442863821898,5,6,7.917203770996712,7,0.6964787120707671,0,0.0,0
38861,49.707041521419136,4,3,9.776503350940123,2,0.999772399541162,0,0.0,0
38862,52.627296991561764,2,3,15.225754861234382,1,0.9712377578441638,0,0.0,0
38863,42.18418878034507,3,6,22.56516913769344,2,0.4550426378064622,0,0.0,0
38864,43.54520955953898,4,2,10.869728768358502,5,0.5862410920933445,0,0.0,0
38865,32.708915587252136,1,3,12.001940262832626,2,0.4954170875518663,0,0.0,0
38866,28.89021791968819,5,2,13.382919843013191,7,0.9995582240744687,0,0.0,0
38867,28.719898453822886,2,6,14.634552936211126,1,0.881636882805635,0,0.0,0
38868,27.989180457005084,3,7,6.152909843339265,6,0.43050466611212757,0,0.0,0
38869,41.17954440566282,4,6,4.095534834556848,7,0.999955285861911,0,0.0,0
38870,29.126216070604393,3,3,10.236940319500775,0,0.13922529373375803,0,0.0,0
38871,34.69036408314663,0,2,13.001722160308642,1,0.2624007773033967,0,0.0,0
38872,47.179739616072645,3,4,8.992651517622694,5,1.000414814987891,0,0.0,0
38873,25.019995587714234,2,3,3.602505374907211,3,1.1179839861705971,0,0.0,0
38874,61.79841953466088,4,4,20.00132353563906,3,0.501838728678217,0,0.0,0
38875,49.0083608165805,5,4,0.7032567816995421,5,0.9014742007743309,0,0.0,0
38876,47.677702473294225,2,1,15.704183572502123,2,0.9998795099650253,0,0.0,0
38877,43.55215164691638,4,1,11.508083378394529,3,0.6479546582715426,0,0.0,0
38878,39.24089699296523,3,3,14.343319457731427,2,0.9997387547905117,0,0.0,0
38879,65.53683144067017,3,4,14.049313390972294,7,0.9998857260487182,0,0.0,0
38880,32.398479714662486,4,4,19.993336727194936,1,0.5870918117708457,0,0.0,0
38881,45.91773627005596,4,6,8.27897597553224,4,0.9999385310675728,0,0.0,0
38882,18.803155500738786,5,6,15.231354338904929,2,0.7486269848086021,0,0.0,0
38883,47.13468164226666,3,1,23.55285833260338,7,0.9996660807708682,0,0.0,0
38884,55.67660353186679,4,6,22.247244005170657,2,0.9997603782250377,0,0.0,0
38885,43.46426783207191,3,4,15.630358787518546,4,0.9246909153212,0,0.0,0
38886,45.114753524407234,1,4,20.003298910314363,7,0.3329788203681239,0,0.0,0
38887,62.33886339907845,3,4,3.49963872869795,7,0.704817318584613,0,0.0,0
38888,27.17252484739555,1,3,0.8373996587854133,7,0.9998329290187851,0,0.0,0
38889,49.77149588885019,3,2,7.9944193922476074,7,0.9996697939508268,1,4293.878152888731,1
38890,33.32189740840794,3,6,18.33241562652962,7,0.4528380847351402,0,0.0,0
38891,44.05385863265325,3,3,8.134095444967661,6,0.9992971536315298,0,0.0,0
38892,45.70394178107815,1,2,8.995913505332295,7,0.851173554012786,0,0.0,0
38893,43.765333577223906,1,3,14.923804759469709,2,0.5048392652782298,0,0.0,0
38894,44.92009331458594,4,3,15.555521257821876,4,0.505208147767286,0,0.0,0
38895,41.89012572844716,2,1,20.001983433572335,1,0.5972702166799942,0,0.0,0
38896,52.166417426785614,6,5,24.56960896903926,7,0.41101685829601586,0,0.0,0
38897,41.663780426551355,0,1,16.798048330462503,5,0.9563461419147674,0,0.0,0
38898,54.54841416196227,3,1,17.773148534105346,7,1.0004824313259095,0,0.0,0
38899,40.22491159486575,2,4,8.396395246014492,1,0.9653072111288961,0,0.0,0
38900,47.17613796454826,0,3,12.073957211247984,6,0.9999793032719664,0,0.0,0
38901,29.093725508357032,4,6,6.33575947742646,4,0.2494817729637674,0,0.0,0
38902,33.86184145607877,4,2,2.405545159303477,7,1.0001069310254338,0,0.0,0
38903,58.166595594689646,3,1,21.95922602699278,7,0.9994230793009757,0,0.0,0
38904,48.166035367844714,1,1,8.281720591589288,7,0.9998369500984852,0,0.0,0
38905,38.40875500577795,1,1,12.055146538283957,3,0.3883848868852964,0,0.0,0
38906,68.92787798366723,4,3,17.225241281008667,5,0.5008872683331346,0,0.0,0
38907,18.063703563211824,3,3,3.3191165240530722,2,0.9692032707593863,0,0.0,0
38908,37.48247524403431,2,3,4.840944220775917,7,1.000166397263654,0,0.0,0
38909,47.2496365610193,4,4,12.029259386281895,1,0.9628085918750346,0,0.0,0
38910,34.67344002578687,3,6,13.019828073048188,7,0.4261475470745165,0,0.0,0
38911,37.43415691549228,2,4,9.601765371476082,7,0.9996563079073918,0,0.0,0
38912,45.462206071245944,1,4,13.061951576005827,1,0.9610125988865541,0,0.0,0
38913,49.81461002672708,1,3,9.442687156560392,4,0.21401205574092413,0,0.0,0
38914,25.400414188030574,6,6,10.947448784734549,7,1.0001866544375486,0,0.0,0
38915,30.862404941860504,3,4,12.602549935188282,2,0.9996996040851487,0,0.0,0
38916,57.91391305529575,5,3,0.0,4,1.000564117908975,0,0.0,0
38917,63.683154352524184,4,1,15.85530575720686,2,1.0004447225246165,0,0.0,0
38918,49.611242079793065,2,3,7.468986582495977,4,0.5047302931517217,0,0.0,0
38919,41.58068593409768,4,3,0.0,7,0.9077210569322738,0,0.0,0
38920,35.43039858426463,5,3,3.0625845069547797,3,0.0,0,0.0,0
38921,62.54782013498459,4,2,5.3592902513660405,7,0.9999064927428449,0,0.0,0
38922,17.79187307736491,2,4,9.585065862620105,1,0.9996709850091079,0,0.0,0
38923,40.96143997339296,3,1,7.004417579018681,5,0.49938284830177326,0,0.0,0
38924,45.81651881337711,4,6,11.975096441095701,4,0.27767071966978085,0,0.0,0
38925,39.195183329112496,3,6,19.560474821603606,4,0.6299594638205405,0,0.0,0
38926,54.7186831989556,4,3,12.915709196695792,3,0.9995470912049609,0,0.0,0
38927,48.81192302053291,3,6,9.6896022646912,1,0.8696357469459537,0,0.0,0
38928,51.165747117296405,2,3,8.973457343174148,7,0.9431029983167714,0,0.0,0
38929,73.08121100027498,2,3,16.2294241194392,3,0.5007567810325179,0,0.0,0
38930,48.03564796046668,5,3,9.118414292661745,3,1.0000850624444957,0,0.0,0
38931,33.01132459605549,3,4,17.849809553655486,5,0.7104123648404759,0,0.0,0
38932,25.754835777922928,4,2,4.56870898912691,6,0.6445520003298374,0,0.0,0
38933,22.69177497383147,1,5,28.796766663218467,2,0.0,0,0.0,0
38934,45.026313832587235,3,1,19.997652988814227,3,0.6098631742625192,0,0.0,0
38935,70.50818959717718,3,4,11.834117648093638,7,0.9847748060909407,0,0.0,0
38936,36.25696282284206,4,4,19.994978561823658,4,0.9998823634477574,0,0.0,0
38937,50.904368136369825,2,3,3.0249265360388176,4,0.09320830325605922,0,0.0,0
38938,68.87288173733576,4,2,17.2528868933779,7,1.0000762512165058,0,0.0,0
38939,45.16651484656967,3,2,21.833293750919445,4,0.5986556011478069,0,0.0,0
38940,47.19522952458213,5,6,14.712921255047341,5,0.30689748352267926,0,0.0,0
38941,44.190580898299366,1,6,16.280785753483045,7,0.34153726934924183,0,0.0,0
38942,39.86869397429834,2,6,12.297473922129402,6,0.7114055156661891,0,0.0,0
38943,49.30886614602483,4,2,14.865847379769974,0,0.9957648943462691,0,0.0,0
38944,65.02770303666874,2,2,6.964864675128654,7,0.9916465045875934,0,0.0,0
38945,53.56304815430109,4,3,0.9600309324161458,3,0.49841623358829823,0,0.0,0
38946,50.81590429762112,4,3,17.87171802043882,7,0.999867284526882,0,0.0,0
38947,39.840397432481275,2,2,22.617515999582203,4,0.4477781936647728,0,0.0,0
38948,60.571666500387124,1,5,17.91665593429531,5,0.42567828937447777,0,0.0,0
38949,35.811832469579706,3,6,3.169473646491298,3,1.0001507517216468,0,0.0,0
38950,32.80746383758385,2,2,17.68867522674572,4,0.421125258684906,0,0.0,0
38951,50.16663706643442,2,2,0.4543867951574043,7,0.6980106788062769,1,636.2790098290529,1
38952,39.451053768012756,3,5,12.965096053514866,1,1.0000374806595451,0,0.0,0
38953,62.35547460455693,2,3,3.3125333399030277,3,0.9572099972295585,0,0.0,0
38954,41.12034440129934,3,4,20.005723418857098,6,0.5005764290916715,0,0.0,0
38955,32.59085681639542,5,6,0.7570867017385776,7,0.9996977338657046,0,0.0,0
38956,42.06619166507916,2,1,15.267583694080614,5,0.9993372101681212,0,0.0,0
38957,16.280959000597246,3,2,8.09321059402334,1,0.6121471268553137,0,0.0,0
38958,45.15026540193887,4,4,19.998926196441346,7,0.9996560420065755,0,0.0,0
38959,14.701849121325257,3,2,13.075809786765259,1,0.9994960220183351,0,0.0,0
38960,54.349785592826805,3,6,11.168242421510287,1,0.968412658753451,0,0.0,0
38961,36.30056630560106,3,7,13.36006559521121,7,0.4498500669145491,0,0.0,0
38962,40.96905204362993,0,3,6.710728393945749,5,0.49672919362265505,0,0.0,0
38963,47.889913547181436,2,3,9.2778654837203,3,0.9998570431088497,0,0.0,0
38964,29.488180122106513,3,0,5.2129077570699645,6,0.9994319674244301,0,0.0,0
38965,45.58978681278904,3,4,13.008300475502693,1,0.9509070457229143,0,0.0,0
38966,40.576797702751186,0,2,15.57373614013963,1,0.27740529145586296,0,0.0,0
38967,49.93789471052419,4,3,5.294061993114494,7,0.9997809538109231,0,0.0,0
38968,28.650080030258597,2,1,0.0,7,0.18646715090644284,0,0.0,0
38969,48.35353806321325,3,2,14.073923458098832,4,0.8132680313074683,0,0.0,0
38970,42.60121797633186,3,1,4.976172208256249,4,0.18591828935896537,0,0.0,0
38971,60.80392292900699,3,2,18.747769838527034,4,0.540925989212898,0,0.0,0
38972,38.32328572998822,2,6,14.153860829886945,1,0.8997656311933657,0,0.0,0
38973,50.835082840700345,1,6,11.453378383480104,7,0.6387029648776947,0,0.0,0
38974,46.67406711908178,3,4,20.010615870783393,1,1.0002934361782656,0,0.0,0
38975,31.021969950189415,1,5,0.0,2,0.49479561157998225,0,0.0,0
38976,51.09411755246048,4,6,17.91950955988827,4,1.000121949532246,0,0.0,0
38977,44.21463144384479,7,3,22.940694857957375,1,0.6515213782411967,0,0.0,0
38978,69.97055783972274,3,4,1.8637200260099984,7,0.9257500838740222,0,0.0,0
38979,59.22431580698917,3,3,15.250921749939124,3,1.0002010462454056,0,0.0,0
38980,21.441525182455525,4,2,15.505930710102664,3,0.9801733059389681,0,0.0,0
38981,52.681005793784315,2,2,5.535550697856033,6,0.2064366171844672,0,0.0,0
38982,45.56576840472108,1,3,13.85650241061878,7,1.0004656893986836,0,0.0,0
38983,19.00438369791879,4,2,7.24944990268164,1,0.41773044520067854,0,0.0,0
38984,52.75278708259348,1,6,14.268400976798613,2,0.5656499217248926,0,0.0,0
38985,38.547795312445395,3,3,2.3690202503414266,2,0.49688121771591476,0,0.0,0
38986,25.196979400109356,0,6,25.15696404857711,7,0.24591214141560114,0,0.0,0
38987,47.16638712496087,3,3,2.1252568308694553,7,1.0001321454742482,0,0.0,0
38988,26.524131486920133,4,3,12.359617046738242,6,0.9108814968862542,0,0.0,0
38989,54.28767948872891,3,5,10.926108575877592,1,1.1209853931941165,0,0.0,0
38990,50.63601951366013,3,6,4.174620690604935,3,0.5341784544449681,0,0.0,0
38991,34.769288156522926,3,1,15.480348549582407,5,0.1461599204538142,0,0.0,0
38992,60.25706789665356,5,3,7.03536779405914,4,0.49642565330567856,0,0.0,0
38993,39.58006839345081,4,2,5.2786930288257485,7,0.6445730709053284,0,0.0,0
38994,56.37131530807882,3,5,19.538430519394765,5,0.9996083411398518,0,0.0,0
38995,49.180396904716936,1,3,19.36114382239594,3,1.0000893461127591,0,0.0,0
38996,69.89868575487199,6,2,8.58884169630409,7,1.146785219850674,0,0.0,0
38997,60.41562576314162,5,3,25.113065303171005,7,0.9998837240279577,0,0.0,0
38998,58.94810537698539,3,6,9.707130471050263,7,1.0004555336211978,0,0.0,0
38999,9.51925709996334,4,5,6.363978041779298,1,0.6199870613758449,0,0.0,0
39000,35.586107956909316,1,4,9.346970038136519,3,0.0,0,0.0,0
39001,38.70991626959371,3,3,14.564579572777387,2,0.9999779145611815,0,0.0,0
39002,71.59131388191479,6,3,14.347810127118908,1,1.1852026232854562,0,0.0,0
39003,39.3666077554506,3,6,16.486104666655677,4,0.3737189126431968,0,0.0,0
39004,41.702206766841854,2,6,16.114342236647182,4,1.0001151300645044,0,0.0,0
39005,31.40673089532855,3,4,16.85787388918268,0,1.2130654910852465,0,0.0,0
39006,55.587943398530236,2,2,10.691257716616237,2,0.2769817068006387,0,0.0,0
39007,19.00230660903943,2,4,13.42865010695484,2,0.9997892324563445,0,0.0,0
39008,43.886255207004126,4,3,8.065931328751741,2,0.9995797653798093,0,0.0,0
39009,35.019101094126675,2,6,18.45264972399871,0,0.4660292985903194,0,0.0,0
39010,22.807691524773322,4,6,12.753294600476574,0,0.4265283057679852,0,0.0,0
39011,41.469203438588245,2,6,19.45098150703614,5,0.5208253551038671,0,0.0,0
39012,42.98698573199102,2,3,6.042535199531489,3,0.4983291647390587,0,0.0,0
39013,19.18746851179952,3,6,6.242055692676079,7,0.6198915797183748,0,0.0,0
39014,38.96439422500376,5,3,7.3318782803110985,7,1.0001796561936118,0,0.0,0
39015,52.260488350261035,2,3,13.474754746036417,7,0.9999090453737502,0,0.0,0
39016,41.60386561706059,1,6,3.994456550852836,7,0.9997544087268777,0,0.0,0
39017,39.52439963364943,5,6,19.175445765060378,6,0.4976581532724679,0,0.0,0
39018,32.05268225001411,3,4,20.011781111316388,1,0.5948678625972362,0,0.0,0
39019,27.082457688075113,2,5,8.217742843272285,0,1.0126447820259337,0,0.0,0
39020,68.25194005969618,3,4,8.333493121956865,4,0.9998434469506593,0,0.0,0
39021,33.700272114522875,1,3,9.02884053967846,4,0.02757716033466462,0,0.0,0
39022,23.370076361378423,4,1,19.99809445101005,2,0.2545326861266385,0,0.0,0
39023,13.136624892531483,4,1,11.633786164540734,3,0.38762762259818656,0,0.0,0
39024,24.500297264298332,3,2,6.1760085562733495,3,0.1922144873618914,0,0.0,0
39025,54.241796319049556,4,3,2.511341563942752,7,0.34815981639994675,0,0.0,0
39026,44.542533174026666,2,6,14.840837384062286,0,0.43243952895807675,0,0.0,0
39027,28.411242591876064,5,2,10.652992344049656,4,0.0,0,0.0,0
39028,63.93299708645749,3,2,15.246577951438875,7,0.9998480488970785,0,0.0,0
39029,26.939338964319894,5,1,12.021592905413636,1,0.29376312583379993,0,0.0,0
39030,30.12626343930975,3,1,15.092971757143271,6,0.4985277780022053,0,0.0,0
39031,57.21290650966267,2,0,1.1443980971686276,7,0.9722973887823867,0,0.0,0
39032,46.09920000162048,2,3,11.115176585115869,3,0.5348657133009607,0,0.0,0
39033,56.00064842230049,3,3,8.34386005764209,4,0.9999956641863252,0,0.0,0
39034,50.59914946664394,2,1,1.3027911717486091,1,0.2178748700794927,0,0.0,0
39035,32.149178714793976,3,1,15.897245048657958,1,0.9594954556843954,0,0.0,0
39036,37.46297251344819,2,1,0.0,3,0.13816238249054003,0,0.0,0
39037,34.00782433307711,0,1,19.997816696083255,3,0.21371329943565126,0,0.0,0
39038,45.41623258823308,6,1,1.1781048694836578,0,0.1961004910001523,0,0.0,0
39039,27.630296696458224,3,5,12.626250710142779,5,0.35709326169888356,0,0.0,0
39040,54.54959986516205,4,1,17.348248957623287,2,0.49389639921457973,0,0.0,0
39041,38.81175608002145,2,1,4.493652909518976,2,0.4884070696706756,0,0.0,0
39042,43.00250339382294,3,1,19.997221436661782,4,0.31202739163950777,0,0.0,0
39043,46.75006813337293,2,3,14.808119246760453,7,1.0002574461320815,0,0.0,0
39044,50.59800791399827,4,3,7.605357064274962,7,1.0008989791098135,0,0.0,0
39045,59.99076863815414,4,6,0.0,7,0.9989853338786101,0,0.0,0
39046,52.024745510177716,4,5,14.768733922911922,7,0.9999935618890676,0,0.0,0
39047,47.490071217065115,3,3,5.158460981361213,4,0.979135623007042,0,0.0,0
39048,60.847892499964956,5,3,10.774684931369178,4,0.4977575741521685,0,0.0,0
39049,30.559845036490206,5,6,12.67081652485118,7,0.6435417220736278,0,0.0,0
39050,27.9466250130751,2,3,0.0,1,1.0001157472577842,0,0.0,0
39051,42.94725776791244,3,1,7.673396648788062,4,0.9999624520287984,0,0.0,0
39052,11.612519171621432,3,3,11.589635066355394,1,0.6234844896295166,0,0.0,0
39053,37.05321357677255,3,3,6.386560648518193,4,1.0001049787324114,0,0.0,0
39054,69.4224202014044,4,3,0.0,7,0.9290365641726753,0,0.0,0
39055,47.66622218498047,3,5,11.133893099755387,6,0.018637930507474088,0,0.0,0
39056,30.380744753789976,5,6,12.168466763203204,1,0.9512093650610123,0,0.0,0
39057,47.703188658272886,2,5,17.643013447814987,3,0.18638755714810418,0,0.0,0
39058,54.16992453147567,5,3,0.0,7,1.000161133056425,0,0.0,0
39059,31.306665585062753,4,1,28.145646513522394,1,1.000480875148414,0,0.0,0
39060,23.084658937283457,4,6,15.406432492612407,6,0.49587022960091687,0,0.0,0
39061,20.18569926901886,3,1,14.274184373848673,7,0.5945119448554381,0,0.0,0
39062,23.452064376604728,0,6,20.534675832936436,3,0.22049234855450894,0,0.0,0
39063,31.478989191778364,5,7,7.7913250271029835,3,0.29304568816614035,0,0.0,0
39064,48.1169880719457,2,1,6.820179189624647,3,1.0000663000605967,0,0.0,0
39065,39.7467587518574,2,6,28.520676855377427,6,0.6032254611668096,0,0.0,0
39066,56.05011962438074,3,1,16.67320429741599,7,0.9995091907865143,0,0.0,0
39067,42.788667417800816,4,3,12.23408789027826,1,0.9998718747377291,0,0.0,0
39068,38.276926279452034,1,3,5.180804959915897,2,0.5026659365078497,0,0.0,0
39069,68.48332493761474,5,1,5.254015656036918,3,0.49562426965278505,0,0.0,0
39070,51.41747398758394,3,2,13.89991937000948,2,0.769624609216693,0,0.0,0
39071,26.00728822102665,3,2,5.710821565381775,6,0.9998655195429593,0,0.0,0
39072,57.79755349774456,5,4,2.0920139653983316,1,0.4002746371164346,0,0.0,0
39073,44.873446537012875,2,3,13.588111462835103,4,0.5035155399745527,0,0.0,0
39074,62.82062951573014,3,4,14.055614865950297,3,0.4945779956337519,0,0.0,0
39075,68.75264581413208,4,4,19.999828195129723,7,1.0000609225570427,0,0.0,0
39076,59.281527068844056,2,6,8.09218632304751,7,0.7007319065126094,0,0.0,0
39077,29.249979696217714,4,6,4.504783119650588,3,0.6836372758081832,0,0.0,0
39078,20.447587931365828,4,2,7.222633561490033,3,0.7004503556900415,0,0.0,0
39079,26.984910651555523,2,4,2.902030355200612,1,0.325177872949659,0,0.0,0
39080,67.80313061599102,3,3,2.016322556742576,4,0.9666982687052335,0,0.0,0
39081,56.28158175809405,4,2,5.713358309396401,3,0.3452235319503706,0,0.0,0
39082,57.965997361188826,5,1,8.59795158945195,7,0.7211561048010667,0,0.0,0
39083,44.65823082248981,1,5,14.94890596881046,7,0.5164733089642328,0,0.0,0
39084,72.48193899279354,2,3,19.54337433876192,2,0.41380318127492316,0,0.0,0
39085,54.83865563573842,2,3,2.084385117428157,4,1.0000124606277545,0,0.0,0
39086,25.13655946466119,1,2,8.066479093209725,6,0.3914288893918666,0,0.0,0
39087,45.170889806415055,4,6,11.626241930523058,1,1.0226662206428279,0,0.0,0
39088,42.07905024084616,3,2,13.602451618586125,1,1.0000775142864833,0,0.0,0
39089,52.79204706779244,4,3,17.0600077799738,1,0.9522565781129797,0,0.0,0
39090,67.12056151765043,3,3,15.932695387743356,4,0.980192829114797,0,0.0,0
39091,51.06587940067037,2,3,17.351575568360875,7,0.11763295662686235,0,0.0,0
39092,49.97913732593192,3,6,13.73927819036954,7,0.7293237650943436,0,0.0,0
39093,63.986120735696346,4,3,5.368179803744128,7,1.000180331264818,0,0.0,0
39094,37.61320777107587,3,1,0.8191250659668263,7,0.9693727899157167,0,0.0,0
39095,29.405322672226788,4,4,19.996467942515235,6,0.3791773060188942,0,0.0,0
39096,60.0068249303164,2,6,20.78429292735084,7,0.9993821233119471,0,0.0,0
39097,40.14945351731877,2,2,11.136506017281842,1,0.760249876789682,0,0.0,0
39098,36.17450567470813,1,1,4.483006813546246,4,0.5118376216815059,0,0.0,0
39099,57.99717828160065,4,5,22.51487976404058,7,0.9997006930554955,0,0.0,0
39100,66.53336541114801,3,4,12.305466532602209,3,0.48242065847289695,0,0.0,0
39101,51.43305289832534,5,4,19.99728926259829,1,0.999722847016968,0,0.0,0
39102,18.963732533578955,4,6,17.857566104228766,1,0.9806847680438944,0,0.0,0
39103,34.58676243835242,3,4,19.778701504583978,3,0.16914428821680505,0,0.0,0
39104,24.014933180439233,3,2,6.5025092705929275,2,0.45515115453024435,2,31916.931008366428,1
39105,34.020385388980955,2,6,18.8760113644133,2,0.999812890150291,0,0.0,0
39106,34.52637062818107,4,5,12.351711360254763,1,0.8460490978636424,0,0.0,0
39107,22.213688263337104,3,2,17.827147122357378,0,1.0002247871826866,0,0.0,0
39108,24.340919051610097,2,3,4.397950981241404,2,0.926846860858132,0,0.0,0
39109,37.290660315224294,3,5,10.261982412037437,1,0.8665598746791594,0,0.0,0
39110,58.275555958313575,2,6,12.93119072035873,7,1.000067531333671,0,0.0,0
39111,44.500171725906036,3,3,10.98996489237581,4,0.49527351445923423,0,0.0,0
39112,68.76842747030358,4,6,13.038069612147648,2,0.9998294747643279,0,0.0,0
39113,34.822298728641215,5,6,23.404733856577856,7,0.6262825749117397,0,0.0,0
39114,61.22264780750325,3,2,11.36567329471547,5,1.017303620500404,0,0.0,0
39115,37.710538315842676,5,5,10.713474985489531,1,1.3511097774589773,0,0.0,0
39116,29.00428229679133,5,6,13.020310010454532,5,0.9950655370270463,0,0.0,0
39117,42.20092523271921,3,5,12.702279500502527,3,0.500568589338569,0,0.0,0
39118,33.22963584078259,3,1,12.49204723610414,4,1.000012137434327,0,0.0,0
39119,44.89589118905377,3,2,2.4332886414502966,3,1.0003362206228006,0,0.0,0
39120,46.13847590429435,2,3,5.185453852287111,1,0.49943635448041124,0,0.0,0
39121,32.02640889367706,3,1,11.439185594185039,5,0.9996690655113907,0,0.0,0
39122,36.22414800487791,5,3,0.0772442136692355,2,0.25558873879961,0,0.0,0
39123,39.11614210110557,4,5,8.354552652509827,7,0.9995448387207577,0,0.0,0
39124,46.163940525774095,3,3,20.008663484400145,7,0.9751425837670806,0,0.0,0
39125,37.36784446450921,2,1,6.475000977972589,5,0.49929238546959154,0,0.0,0
39126,38.58989502620801,3,5,4.099079212398214,2,0.2998029911140211,0,0.0,0
39127,18.24774531970491,3,5,1.1075640254916923,4,0.8931614111296035,0,0.0,0
39128,50.885891487116005,2,3,4.77786667734693,1,0.686964594976262,0,0.0,0
39129,47.77123282837515,2,1,14.936635438598103,1,0.7196162858749379,0,0.0,0
39130,50.981782092947746,4,2,4.9768658064163525,4,0.45677186168926387,0,0.0,0
39131,49.33487359337769,4,5,2.7526286348216153,1,1.006565405052824,0,0.0,0
39132,15.853690257574748,4,3,5.495324669627751,2,0.0,0,0.0,0
39133,50.88772326080804,3,3,8.046936221418392,5,0.42308233211804464,0,0.0,0
39134,47.45145895987864,3,1,10.969031762856352,4,1.000113386914488,0,0.0,0
39135,26.07797102954484,3,3,11.376663403154403,4,1.0003558433330397,0,0.0,0
39136,36.42055279421819,4,3,10.069997175278843,5,0.49857326457656054,0,0.0,0
39137,49.68330593990444,2,6,2.2459808148083678,2,0.9220617942402419,0,0.0,0
39138,47.13861657625279,2,1,20.198027628855122,7,0.9524342025186134,0,0.0,0
39139,56.21666585882217,4,6,19.998713558778633,4,0.4476808197724308,0,0.0,0
39140,41.46285482993695,2,2,20.511203186624847,7,1.0001174936515396,0,0.0,0
39141,34.44994643870244,3,1,4.9110304839411985,4,0.27376391641683534,0,0.0,0
39142,51.42670179976899,1,1,8.413848140193643,1,0.23163912256390018,0,0.0,0
39143,39.79772566166437,3,1,1.9039504832162528,7,0.9991949000324991,0,0.0,0
39144,46.86605337838334,3,1,8.053596732980562,7,1.000000328443433,0,0.0,0
39145,51.605405232850316,3,6,8.822882871634642,7,0.996121103116631,0,0.0,0
39146,50.48866174537545,4,3,6.893347985509912,3,1.0001472369426168,0,0.0,0
39147,33.27134080044592,0,4,5.144281864112793,2,1.0355948274003233,0,0.0,0
39148,28.734494714218997,3,3,13.763264292941747,2,1.0003759069687856,0,0.0,0
39149,31.394567194232174,3,1,9.906406927743276,5,0.5026003251735383,0,0.0,0
39150,19.928777459310183,4,3,1.9447261360059702,1,0.29103602883875607,0,0.0,0
39151,40.298603774078245,3,4,20.00563694502013,7,1.0000471472141723,0,0.0,0
39152,64.3202713663857,1,3,11.634015524114806,7,0.857927287465797,0,0.0,0
39153,25.240949948269282,3,3,10.124912640213163,2,0.9999051089026445,0,0.0,0
39154,52.34261940490368,2,6,11.394131947626933,3,0.8783833362936875,0,0.0,0
39155,48.83116214575349,4,3,19.054747047444096,7,1.1988292166043693,0,0.0,0
39156,70.77154768664728,3,5,13.33002657629588,5,0.0,0,0.0,0
39157,28.553923385015928,4,3,20.581579098837032,3,0.10870367352683619,0,0.0,0
39158,28.912586199276575,4,5,0.2492041639021778,1,0.7584926648409909,0,0.0,0
39159,46.27101274756343,4,5,13.825660403597105,7,1.000323658926867,0,0.0,0
39160,39.55494945813382,2,4,20.00036883126432,1,0.7307841365465298,0,0.0,0
39161,42.02347752306566,4,6,15.036799415883046,7,0.9999158593441949,0,0.0,0
39162,18.873939201149202,3,2,17.57997547363845,1,0.6782690472131493,0,0.0,0
39163,33.57234481243371,1,5,0.0,2,0.544475206490048,0,0.0,0
39164,43.911596937432755,3,2,11.116607795181539,7,1.0004451852942755,0,0.0,0
39165,40.775047530807484,3,4,15.442862617776836,7,0.6148301230364036,0,0.0,0
39166,45.04492947756871,4,2,3.0520851255792287,7,0.348661968233071,0,0.0,0
39167,33.26136875406151,2,7,11.013282782642126,6,0.3521322110621099,0,0.0,0
39168,48.800282466497215,3,3,4.4640749392612715,2,0.4335843092157319,0,0.0,0
39169,46.28766166353537,3,1,5.2570716932080215,7,0.9996436045162639,0,0.0,0
39170,68.31959887006798,3,3,15.814033404750834,8,0.9997905955985213,0,0.0,0
39171,52.99796249977535,2,3,16.813418217649435,5,0.9999720744728133,0,0.0,0
39172,49.541197279081715,2,3,10.208729314944138,5,0.5755781272340873,0,0.0,0
39173,41.45172365033889,0,3,8.521686750355336,2,0.1830424287054011,0,0.0,0
39174,34.30259161757141,1,4,15.761387352584936,4,0.980419581128833,0,0.0,0
39175,18.105160506040384,3,3,5.4824482035667375,7,0.9187912233795493,0,0.0,0
39176,50.23551581519351,4,6,13.10504830250637,7,0.8002547352380737,0,0.0,0
39177,43.057467259991064,3,7,5.266398834809017,7,0.25886278315342937,0,0.0,0
39178,36.95877814614909,2,4,20.000569911883908,1,0.9996782868581553,0,0.0,0
39179,60.64224765354382,4,1,2.860235406808341,7,0.9998710302568817,0,0.0,0
39180,58.039006626880386,4,4,4.2945295238214,2,0.6270442018474283,0,0.0,0
39181,35.54358232235919,1,3,0.0,2,0.9998704251134027,0,0.0,0
39182,39.25943532963965,4,3,20.616330423424383,4,0.4971652147340688,0,0.0,0
39183,32.89308860324304,4,6,10.283272920580801,6,0.19752282688732686,0,0.0,0
39184,58.559913182382104,2,3,6.831330962201239,2,1.0001228619864289,0,0.0,0
39185,37.164328663364245,3,6,0.0,7,0.15365925183435902,0,0.0,0
39186,26.039534351524786,3,6,14.8951869770925,4,0.4499076605911777,0,0.0,0
39187,39.45857607122919,3,2,9.296091888098054,1,0.9996694084152391,0,0.0,0
39188,49.87762546970002,3,1,11.13183411430197,3,0.49991163239655967,0,0.0,0
39189,31.72582809634141,5,3,17.069482907048062,5,0.26829360457691875,0,0.0,0
39190,59.64158107791003,1,2,3.57012131914314,6,0.0,0,0.0,0
39191,51.799223553781964,3,6,9.701763704168812,1,0.08172843464409474,0,0.0,0
39192,23.92642201927222,2,1,8.70809272616534,7,0.8975714198832436,0,0.0,0
39193,34.751260035995976,3,6,9.916291693831669,2,0.7322117384023771,0,0.0,0
39194,51.79498297123853,3,5,5.3363645076424335,1,0.5796539685721114,0,0.0,0
39195,26.598784118907936,4,2,6.3536285574944005,7,0.1551833680462248,0,0.0,0
39196,39.97545698240494,4,3,0.09477913174354846,1,1.000820887972782,0,0.0,0
39197,35.95982282847862,5,2,10.814805094403283,7,0.3423006991535384,0,0.0,0
39198,34.4768378618907,2,6,14.570947232825077,1,0.21270955867157054,0,0.0,0
39199,30.043369608175883,0,4,20.0016659554012,1,1.0001715604517616,0,0.0,0
39200,58.690875799033144,4,3,16.202395693719126,7,0.9998787612925807,0,0.0,0
39201,62.90043368501247,0,5,20.968234881228422,1,0.8074521549128618,0,0.0,0
39202,67.34657780359424,3,2,11.434661787445984,7,0.34888215558105345,0,0.0,0
39203,29.953322517464578,2,3,10.205336478388189,3,0.059227285244880745,0,0.0,0
39204,50.37310298449045,4,2,11.39541325329767,6,0.6205611396670281,0,0.0,0
39205,36.16059930856084,2,1,10.851569587642073,4,0.38006360211995704,0,0.0,0
39206,29.53412996192477,3,1,4.74280465302998,4,0.9999921345372055,0,0.0,0
39207,19.441521493310212,3,3,20.004477946732237,1,0.7839025802290505,0,0.0,0
39208,47.33447451957789,4,3,10.976906720753215,7,0.999814166473257,0,0.0,0
39209,52.549485317969186,4,6,7.116962728320107,7,0.9997649785369792,0,0.0,0
39210,30.326110352633933,1,4,16.109381976483924,6,0.7193300192717258,0,0.0,0
39211,21.072734993133963,2,6,12.6509022315666,3,0.23128694845973813,0,0.0,0
39212,31.756788492032257,1,1,5.007793972644024,6,0.15549650153661432,0,0.0,0
39213,26.226585969322986,4,2,6.738944835053224,6,0.1896356946942505,0,0.0,0
39214,31.910685034542418,2,1,29.05823177496677,7,0.8983879535756214,0,0.0,0
39215,57.34741000238658,2,6,17.726398155265873,2,0.6959251831183034,0,0.0,0
39216,56.031845138400016,2,3,17.10263105080923,7,0.40718470995533446,0,0.0,0
39217,33.90698584599031,3,0,14.618292666347088,2,1.000188593096213,0,0.0,0
39218,52.76913488018096,4,2,10.605731183525435,2,0.43154529131746927,0,0.0,0
39219,61.37173755216295,4,5,15.661808906523758,2,0.7723245425819766,0,0.0,0
39220,73.01935053630544,2,3,9.71292371300608,7,0.4583808913293562,0,0.0,0
39221,57.37274571881401,2,6,4.502552687408611,7,0.9997669266085736,0,0.0,0
39222,57.026153510375295,4,3,10.378167293929367,7,1.0002394669517822,0,0.0,0
39223,20.607439871015004,3,4,6.964253927750152,7,0.3081965263462907,0,0.0,0
39224,21.62170050185668,2,1,4.530701308279904,3,0.2515465394455012,0,0.0,0
39225,39.32743490494358,4,3,17.22017189850223,7,1.000008447753265,0,0.0,0
39226,59.975206079312116,3,3,14.172529078006097,2,0.8069430729889044,0,0.0,0
39227,61.99044450853226,1,2,2.121126556152918,2,0.6452656094657748,0,0.0,0
39228,42.69330252853,3,2,8.602948513827549,1,0.2939892069033997,0,0.0,0
39229,51.59675407098889,3,1,12.969144804512252,7,0.9997689329736157,0,0.0,0
39230,48.240650614514294,3,4,8.308933289732565,1,0.9737621208551699,0,0.0,0
39231,48.23835090544857,5,2,9.130343877156742,1,0.17376981347787301,0,0.0,0
39232,70.64281762460078,3,6,15.540349623710476,7,1.000279001103094,0,0.0,0
39233,49.40474102734058,4,1,18.2308065768038,4,0.9715875932139968,0,0.0,0
39234,31.527489748170314,4,6,17.243420112767723,4,0.9999858401132904,0,0.0,0
39235,40.396582419542504,4,5,2.2583032859283154,5,0.7605580860679628,0,0.0,0
39236,43.918005407332004,4,6,6.646526974022036,7,0.9998308530533095,0,0.0,0
39237,55.179075459237396,4,4,20.00566513436577,1,0.4992518187945446,0,0.0,0
39238,33.5980036805563,3,4,5.414938143372077,7,0.21000281019373207,0,0.0,0
39239,47.05339739882563,5,3,15.424489479596929,0,0.49585355167806044,0,0.0,0
39240,39.19806807719194,4,1,0.7149753079509207,3,0.41732355460265713,0,0.0,0
39241,33.177162313200185,4,6,10.990661158440528,7,0.36328631720625937,0,0.0,0
39242,31.941765606123994,0,3,18.75637293150494,7,0.17435410792771966,0,0.0,0
39243,23.970884671705925,3,6,7.1364033037887635,1,0.15661374159431685,0,0.0,0
39244,35.01296568680427,3,2,1.1987034389049303,7,1.000402076838344,0,0.0,0
39245,42.45494203218568,3,1,7.950037717012589,3,0.49924474759942494,0,0.0,0
39246,67.42377626400923,3,4,20.00865239805153,1,0.1526561316919287,0,0.0,0
39247,47.64105625758496,2,3,5.102236854771679,1,0.48320059153481687,0,0.0,0
39248,49.586860098508375,3,4,7.436596424626279,7,1.0507064466388727,0,0.0,0
39249,39.79132852827779,4,6,16.704446892722622,6,0.503636119540485,0,0.0,0
39250,60.32338526759568,1,6,12.610718008151718,2,0.9819068815007249,0,0.0,0
39251,34.78669754864525,3,2,26.184292060703193,5,1.0003425600896834,0,0.0,0
39252,39.84466627818134,4,6,13.671221948372306,7,0.6674260218798583,0,0.0,0
39253,58.48591686219693,2,6,3.0282735315738627,4,0.6966220363219515,0,0.0,0
39254,62.82146231285543,4,5,16.494673331515003,2,0.7278424040928696,0,0.0,0
39255,28.218515847838837,3,1,19.76708735256382,7,0.9997329348386024,0,0.0,0
39256,42.45955221120988,3,3,19.99880509066387,6,0.8958113023757566,0,0.0,0
39257,55.77231199330325,3,6,19.22986374788008,6,0.9941202959581985,0,0.0,0
39258,53.46930857958176,2,3,0.0,2,0.9999598392722349,0,0.0,0
39259,44.22316349881304,2,1,7.796939865220817,3,1.0002399361609664,0,0.0,0
39260,33.96382195784142,2,4,17.82726178858774,2,0.7053151172759454,0,0.0,0
39261,8.848755569323693,3,4,9.927357311139762,2,0.9998095656361702,0,0.0,0
39262,32.62233968856943,4,3,7.227332458289832,0,1.0001748527171126,0,0.0,0
39263,38.7110953098408,1,3,13.553957369677079,2,0.5186001449188837,0,0.0,0
39264,40.47032403740654,0,1,13.746627895665657,3,0.0,0,0.0,0
39265,39.95225390989003,2,3,10.52115295444638,7,1.000671469000439,0,0.0,0
39266,53.015593083073675,7,6,10.413790832512833,7,0.5540473160552988,0,0.0,0
39267,40.72747317635631,1,5,10.887536736137049,4,0.08105153276758814,0,0.0,0
39268,38.59364241520188,4,5,0.9460189795709706,1,0.7063258257370417,0,0.0,0
39269,41.33075339440312,3,4,16.346591185104295,4,0.9126983793845005,0,0.0,0
39270,61.155369475877464,3,2,5.556024308170371,7,0.9994732131634395,0,0.0,0
39271,35.032930954851345,2,1,12.459731716946303,1,1.0212332446493422,0,0.0,0
39272,27.067962373310454,1,5,15.131907163137235,3,0.06750455609531258,0,0.0,0
39273,70.68135135886804,3,4,20.346325560543782,7,1.4340104055572567,0,0.0,0
39274,55.18166335788231,4,5,15.792568128951972,2,1.0710929017795148,0,0.0,0
39275,42.8687348456763,2,1,12.132355155737859,7,0.9996850214914886,0,0.0,0
39276,38.91593148704654,2,4,16.758628112048747,2,0.0,0,0.0,0
39277,53.29627547782642,4,3,16.926069731758105,2,0.9662011080556104,0,0.0,0
39278,66.8762723345612,3,3,16.387888019168464,1,1.000250952470781,0,0.0,0
39279,67.06915752897412,3,3,11.344300273966711,7,1.000085220271388,0,0.0,0
39280,36.04187973403285,4,2,12.959270308155654,7,0.9997931522375612,0,0.0,0
39281,37.160826600782485,2,4,15.958872076602578,1,0.6145161336678964,0,0.0,0
39282,42.726669890441364,3,2,12.56139261634694,7,0.9999091272571103,0,0.0,0
39283,64.16035390348749,4,2,19.298006974452868,5,0.2262461590984574,0,0.0,0
39284,29.796130525450067,5,4,10.30660097759351,2,0.3769642113469566,0,0.0,0
39285,47.07671081515511,3,3,10.119675015240844,7,0.39329701535364703,0,0.0,0
39286,40.926797945059846,1,1,5.697491595662456,7,0.9990353179969045,0,0.0,0
39287,25.168925562877302,2,4,20.001991654619854,7,0.10287592511838328,0,0.0,0
39288,45.633375917720514,3,3,12.558747102107827,3,0.49589033065705956,0,0.0,0
39289,19.842558502102936,2,2,13.133135926957118,1,0.4671259037526788,0,0.0,0
39290,49.09765562426908,2,3,6.181421339915336,0,0.5020250288658707,0,0.0,0
39291,53.90181573303528,1,3,2.071809392973197,1,0.5431578380279025,0,0.0,0
39292,18.69005830052771,2,2,3.193604225016708,3,0.3241972820196671,0,0.0,0
39293,46.5232697924873,4,1,20.001591861357063,0,0.7644593789710559,0,0.0,0
39294,46.21578236780734,2,3,9.972435095427382,3,0.4755667597182811,0,0.0,0
39295,54.31334063841362,6,4,8.569421489430376,7,0.5456398309312467,0,0.0,0
39296,51.459856261419965,4,5,12.211804257016587,1,1.0921189874296897,0,0.0,0
39297,66.5033910600253,2,4,15.953857798069178,1,0.9697259443010605,0,0.0,0
39298,48.22608054856421,4,6,16.19120001809962,4,0.2959652590332298,0,0.0,0
39299,52.874817906077666,7,1,15.167074271215442,4,0.06584145473774994,0,0.0,0
39300,43.64049945770987,1,5,6.76044615079287,1,0.5132767993965796,0,0.0,0
39301,9.687059460602406,3,4,19.366235852335073,2,0.309232129910388,0,0.0,0
39302,29.944139790630402,1,6,7.322132269368659,5,0.725671101278317,0,0.0,0
39303,49.282890272337305,5,5,0.9939273954065353,5,0.627173476843785,1,5173.5525867941415,1
39304,63.82503351755571,3,6,10.894274163455677,6,0.7587895060036509,0,0.0,0
39305,55.454928032202666,2,3,7.325482285800466,1,0.9734626039879875,0,0.0,0
39306,27.796327475786732,3,2,8.442265305697596,1,1.0000706293419084,0,0.0,0
39307,19.565235859559674,5,4,9.570448735262445,1,0.263438255505185,0,0.0,0
39308,28.845982959604537,4,3,5.108339313754912,3,0.5050023820494699,0,0.0,0
39309,30.97251820415472,2,1,1.4887713526420363,2,0.5184975510732224,0,0.0,0
39310,52.70624540814719,4,6,5.818983442589076,4,1.0005115361886172,0,0.0,0
39311,15.3459821571399,3,2,17.98965739857196,1,0.5445209466631542,0,0.0,0
39312,63.907670445138706,4,3,19.08833039711193,0,1.0002034772858919,0,0.0,0
39313,44.529184871265095,3,3,14.83836000630229,3,1.0000283269252837,0,0.0,0
39314,25.075341649067216,4,6,15.029874144800853,4,0.5181237001067657,0,0.0,0
39315,43.129394803993,3,1,19.99630086765132,2,0.49763987572965945,0,0.0,0
39316,55.359594519106736,2,6,14.578875458073483,1,0.7296593181338319,0,0.0,0
39317,33.01382064998488,1,2,3.2524717950237907,6,0.21459439300275523,0,0.0,0
39318,55.93307806490214,3,6,17.557849707942715,5,0.6149616243032506,0,0.0,0
39319,27.32656517097842,4,2,20.004962068287075,1,0.3250803050490302,0,0.0,0
39320,40.51028228529497,3,3,6.569629022668513,5,0.49018712957413696,0,0.0,0
39321,52.215198608152036,5,3,8.815758747870191,7,0.9997037304720846,0,0.0,0
39322,43.64077242319006,3,3,20.000727702085364,4,0.9186981646890067,0,0.0,0
39323,19.05044060087972,4,3,20.002280253454554,1,0.4324252430551769,0,0.0,0
39324,63.51512917343563,4,3,7.588628929581328,1,0.14094851226748883,0,0.0,0
39325,43.89716529086014,2,3,2.8816679825547507,5,0.5007441058679414,0,0.0,0
39326,33.36123626763982,2,6,5.7135002498005,7,1.0003565848445193,0,0.0,0
39327,30.291386624015594,4,4,17.221588662618345,7,0.42494225080038434,0,0.0,0
39328,71.20512577958026,3,4,19.998701701002663,1,0.8391142784591731,0,0.0,0
39329,58.23123166436571,5,1,24.67234463613839,7,1.000153490657546,0,0.0,0
39330,14.250064102687599,3,2,15.084748757082897,1,0.6784852920300605,0,0.0,0
39331,48.703144142262715,4,2,11.695824732856485,1,1.000272917492462,0,0.0,0
39332,34.32193453310823,4,1,20.012279911848353,2,0.49148476371347843,0,0.0,0
39333,36.410520964503476,2,2,17.829445275064213,6,0.5887005768315667,0,0.0,0
39334,25.81117236076004,2,3,9.008630475354833,4,0.410447428716386,0,0.0,0
39335,55.917244261842185,3,1,9.16512180874677,4,0.5020270851865378,0,0.0,0
39336,25.7150301767869,3,3,11.790992963103314,7,0.5499838013538951,0,0.0,0
39337,28.66733534682824,3,5,12.357071750873295,1,0.03101523424231034,1,5877.383211863494,1
39338,59.96361156380455,3,3,8.41089744375704,0,0.9991669127461,0,0.0,0
39339,50.35996223814952,4,5,16.4675950129131,2,0.8992699635487456,0,0.0,0
39340,72.59883006667603,5,3,9.265540019368798,7,0.9311000243461857,0,0.0,0
39341,27.771964398398467,5,3,3.035612270973271,3,0.999858071748812,0,0.0,0
39342,24.26433284000846,2,2,3.2422327275109755,3,0.0,0,0.0,0
39343,53.78707426613599,2,4,4.968311275783222,1,0.9694023358697081,0,0.0,0
39344,54.162473562228676,3,6,15.634908688686192,2,0.7192353471292519,0,0.0,0
39345,15.228963455351359,3,6,10.248318609289715,7,0.6177457695926718,0,0.0,0
39346,69.61327649348092,3,3,1.8060289935411884,7,0.05076135244003821,0,0.0,0
39347,28.22601829315215,3,4,17.876996620912443,5,0.7647321890962147,0,0.0,0
39348,57.39612058787048,1,4,19.999814714545842,1,0.4036021005646107,0,0.0,0
39349,28.959726025975044,3,1,15.124797300781323,3,0.37257947129831676,0,0.0,0
39350,24.21170992755328,3,1,17.774214934933827,4,1.0003747987338214,0,0.0,0
39351,44.544086649672714,5,6,8.29656796602369,2,0.48157551173291846,0,0.0,0
39352,38.70055007225003,5,6,23.620836614709646,6,0.6983531065426886,0,0.0,0
39353,57.77786907565069,5,3,6.478192172145388,3,1.0001352397286096,0,0.0,0
39354,21.814328280472115,3,4,0.0,7,0.4596283682724158,0,0.0,0
39355,45.79224305221871,3,6,13.369710043203346,7,1.0001456969749616,0,0.0,0
39356,58.38813990684797,1,5,20.000115136774753,1,0.9997274567901466,0,0.0,0
39357,60.907178509707656,2,3,10.59815006117324,3,0.9995374636242109,0,0.0,0
39358,46.139989878554296,1,2,8.966834901681432,7,0.5715322877866335,0,0.0,0
39359,53.15864852005585,4,3,9.406262501927424,6,1.000275341943258,0,0.0,0
39360,40.48252418600475,3,2,0.8860901963139334,7,0.3067022342050825,0,0.0,0
39361,24.581666198267047,4,3,13.909944367599877,7,0.64538044319121,0,0.0,0
39362,38.01327009791337,5,3,4.146005196448192,1,0.2943082067357913,0,0.0,0
39363,37.31527532515651,1,1,2.382284889769945,4,0.5159994785777502,0,0.0,0
39364,23.681576707664497,2,2,4.757136472954956,4,0.7304379168259446,0,0.0,0
39365,42.902838391459746,2,6,10.371364944732045,7,0.9997032095600433,0,0.0,0
39366,34.42275439387677,4,2,12.00791036551108,6,0.5728625832861162,0,0.0,0
39367,22.725486418101564,3,4,16.36589986893413,5,0.3361555465463471,0,0.0,0
39368,58.62955035909947,3,1,6.803157009658845,7,1.000582694244025,0,0.0,0
39369,33.18755410662102,3,2,12.75423017654678,7,0.999868970080301,0,0.0,0
39370,37.431409673722875,3,2,11.279941115244016,1,0.9999255127499831,0,0.0,0
39371,36.14436443475508,1,6,14.19401515099704,1,0.9973713031940643,0,0.0,0
39372,57.65335274796052,1,6,13.568603430152645,3,0.5640649071235064,0,0.0,0
39373,28.48129443802,3,4,11.425304588008608,1,0.39474594606533914,0,0.0,0
39374,30.354029008796566,4,3,14.455822679755212,3,0.9993051231905065,0,0.0,0
39375,43.69007695700904,3,3,13.47159197069165,2,0.49756199835641723,0,0.0,0
39376,53.943716890416,2,1,20.00333632779747,7,1.3145329902929173,0,0.0,0
39377,51.41600757172436,4,4,9.163769582983313,1,0.952365463525032,0,0.0,0
39378,31.89667770276283,2,1,9.058765861302962,7,0.5637442954356391,0,0.0,0
39379,29.984357868625594,5,6,3.4672827300440066,7,0.3711143271153438,0,0.0,0
39380,42.99645572012652,3,2,17.303494591002064,5,0.999474486574611,0,0.0,0
39381,50.16785345221611,2,2,2.657085848793935,7,0.1079016474318748,0,0.0,0
39382,27.083829320828077,4,6,1.579075247516485,2,0.2963924449727836,0,0.0,0
39383,39.300879562838304,3,3,1.7975651187549602,7,1.0003352564931947,0,0.0,0
39384,32.13596582351698,3,3,14.182013554921074,7,0.9991139380859553,0,0.0,0
39385,38.92664144783245,4,1,4.619100717232177,5,1.0002425249843474,0,0.0,0
39386,39.035795753747244,1,3,13.294413232084548,3,0.4967504832232252,0,0.0,0
39387,62.92542504500015,2,3,0.7823979001423336,7,1.0006047743891704,0,0.0,0
39388,43.12661783651345,2,3,14.949552475828321,6,1.0002016574383807,0,0.0,0
39389,30.562370829490845,2,5,22.9689816043063,6,0.26378458760121326,0,0.0,0
39390,35.11245462574017,4,4,9.80652274876255,2,0.3297746489949079,0,0.0,0
39391,49.46746288885157,3,2,11.394908369287434,1,0.10587613582245803,0,0.0,0
39392,47.77771580144109,3,6,4.967877296440174,6,0.7109967583370953,0,0.0,0
39393,40.64660463337197,2,2,9.900184983956276,2,0.5215222022956817,0,0.0,0
39394,38.9599933033937,4,1,0.6074437439589175,7,1.00008870590654,0,0.0,0
39395,45.02622084418592,3,1,3.7091304537161536,0,0.0,0,0.0,0
39396,25.834991011151814,1,5,14.46583996245981,1,0.0,0,0.0,0
39397,47.7005459443687,4,1,18.947420988664984,7,0.7228823151957152,0,0.0,0
39398,53.675255484395,2,3,13.100025305334048,1,0.18807455029264464,0,0.0,0
39399,45.92352544609408,3,4,6.892999708042847,4,0.1690325548362025,0,0.0,0
39400,41.996806985229036,4,3,11.374388650315469,2,0.999663792853106,0,0.0,0
39401,40.395072356037865,3,1,2.7110719860010537,2,0.5029371677220144,0,0.0,0
39402,41.650035940940334,3,1,6.865801227249795,2,0.9484728712839271,0,0.0,0
39403,33.25324003757005,3,5,9.745706388824157,6,0.3851287862533523,0,0.0,0
39404,52.85378033742253,5,1,8.210250352987819,1,0.9998971211997625,0,0.0,0
39405,47.05172990289839,4,3,14.807479420843144,3,0.6062140792634013,0,0.0,0
39406,34.31958667515805,3,3,11.115181637400733,3,0.41603396084292443,0,0.0,0
39407,29.076922574449362,1,1,15.201105611130759,1,0.35457737413210544,0,0.0,0
39408,32.030909545552134,2,6,6.263739915199879,6,0.809323596730705,0,0.0,0
39409,28.953511429200965,2,6,15.058394076372952,6,1.0276341965750502,0,0.0,0
39410,35.25967930414491,6,2,11.985105323048067,1,0.35668966109896355,0,0.0,0
39411,47.88399145273624,3,6,5.776329265355067,3,0.9998094489668302,0,0.0,0
39412,52.5127872651744,3,3,2.232669172492672,7,0.9997703494179664,0,0.0,0
39413,67.24923566488991,3,3,17.66691294574056,2,0.5701685805827229,0,0.0,0
39414,56.355706892096535,3,6,3.0545036745117518,7,1.0001039278996402,0,0.0,0
39415,58.22185314936725,2,4,8.463608062198832,6,0.46655231301381384,0,0.0,0
39416,51.96440047721788,3,6,0.14036825380802753,7,0.9998611231160991,0,0.0,0
39417,31.7061653595892,5,2,19.08081528182673,7,0.6265922458395908,0,0.0,0
39418,61.54763154613772,4,1,14.309651427054925,5,0.7455325929343376,0,0.0,0
39419,65.0915821365524,3,3,5.991896762004895,1,0.9994015806675574,0,0.0,0
39420,37.336213286852484,3,6,0.0,1,0.0,0,0.0,0
39421,49.02112704149381,3,3,7.53567303484875,4,0.9997228068405507,0,0.0,0
39422,42.84874754967486,1,3,11.854886018171861,6,0.6411209071924682,0,0.0,0
39423,50.35574141730078,3,3,5.578683769346943,7,0.9186125214836433,0,0.0,0
39424,59.86824062844869,4,6,14.497144219818669,1,0.9426909699129045,0,0.0,0
39425,28.516277830372523,2,1,0.0,0,0.25835943426628066,0,0.0,0
39426,55.376097368221984,3,4,16.837765258283465,4,0.5687815947900328,0,0.0,0
39427,56.499803825688694,3,1,18.545694370298712,7,1.0000433998209521,0,0.0,0
39428,58.31016592123858,4,3,24.312689050562195,7,0.9999872238068392,0,0.0,0
39429,38.3899344157542,3,5,12.583852231671097,4,0.34849663115479035,0,0.0,0
39430,29.940575920814478,3,1,13.686253815231073,7,0.22272478618653707,0,0.0,0
39431,14.838017078848619,3,1,7.300304417218289,4,0.8027035369183622,0,0.0,0
39432,35.87004406599026,2,2,6.994183181053973,7,1.00022994008375,0,0.0,0
39433,48.71571984624257,2,5,3.760144001970944,1,0.6152105997979173,0,0.0,0
39434,47.79560238668015,2,4,19.99389517015275,7,0.9481832336951386,0,0.0,0
39435,38.587160619214856,4,1,10.750909224539287,3,0.5864010560120153,0,0.0,0
39436,45.63327009238541,1,5,8.829091621554245,8,0.5322307866952907,0,0.0,0
39437,74.07305772904428,2,7,28.86668794669661,7,0.9994148365574462,0,0.0,0
39438,30.912504620324782,2,4,0.0,1,0.3420517645022449,0,0.0,0
39439,35.48965666796158,2,3,5.326511461166756,4,0.13385402872224295,0,0.0,0
39440,48.85801806334068,2,1,7.387687165442188,6,0.3016299388749928,1,3246.523259796755,1
39441,33.71131301835771,4,3,0.0,2,1.2784938002870436,0,0.0,0
39442,24.337546186166172,3,7,12.689328380076944,1,0.0,0,0.0,0
39443,29.406551975534605,1,3,13.146269000657613,1,0.3589583603801399,0,0.0,0
39444,27.669915530216763,3,3,8.511609036163827,3,0.9996247031287694,0,0.0,0
39445,49.95712616152798,3,3,15.19416068274938,7,1.0000829773037012,0,0.0,0
39446,53.73324392565769,4,3,19.993630392893966,1,0.12401017170617779,0,0.0,0
39447,46.60912225120772,2,3,5.9626429453607805,0,0.35808367523548446,0,0.0,0
39448,33.6755802001018,1,6,4.086710791501314,1,0.8385116051217187,0,0.0,0
39449,66.64324045093686,3,3,16.192123453852552,2,0.9999528531265215,0,0.0,0
39450,61.61375437037335,4,3,22.09326721870983,3,0.999849072021066,0,0.0,0
39451,53.59778560593667,5,5,12.321052241828683,2,0.9727013704268002,0,0.0,0
39452,26.463578347370643,5,1,5.654311402810012,6,0.6013503612171561,0,0.0,0
39453,29.819101422707043,2,6,16.187517129121716,7,0.655230228176103,0,0.0,0
39454,26.2665022631643,2,1,0.0,7,0.4345535285002524,0,0.0,0
39455,41.984220235095655,4,1,12.755897912897556,3,0.4441525452800672,0,0.0,0
39456,49.512003995188785,7,2,19.480990429078275,3,0.5343693703555974,0,0.0,0
39457,52.92954582919868,4,3,19.961705907497382,7,1.000613046305095,0,0.0,0
39458,56.3095306956866,5,5,27.427065021189808,7,1.0001514440296582,0,0.0,0
39459,25.698940258985953,4,6,7.88438169391681,2,0.48447401798339396,0,0.0,0
39460,41.98933796048147,4,3,24.565117147174604,7,1.0003726161972872,0,0.0,0
39461,22.103254006670134,2,6,9.109773285732865,4,0.40333337249551754,0,0.0,0
39462,61.479599588690434,5,2,1.1998279106561132,4,0.12277708041949953,0,0.0,0
39463,51.53235782191217,5,6,16.610349806943173,2,0.5324833233991543,0,0.0,0
39464,15.779525890369914,4,5,6.848186640734616,1,0.642526377700096,0,0.0,0
39465,55.7112399675178,3,2,11.774556633242195,4,0.9588801583027389,0,0.0,0
39466,57.08162342781482,3,2,11.393775020659564,7,1.0000257415239726,0,0.0,0
39467,41.80939797792586,3,6,17.76143234723821,1,0.21838505860330215,0,0.0,0
39468,20.29064987871395,2,6,6.801586112145081,1,0.4058853903244956,0,0.0,0
39469,54.042766066762105,3,1,5.737798364696155,7,0.9999010756623566,0,0.0,0
39470,28.954736706523818,4,3,9.713223175020415,7,0.9995436788278462,0,0.0,0
39471,51.76333376436362,4,1,14.661523107379399,2,0.49569880622055446,0,0.0,0
39472,83.83948263206307,3,0,9.493825530581947,7,0.9777337731262614,0,0.0,0
39473,42.48663850758633,3,2,1.8352143153695,7,0.6107574075402741,0,0.0,0
39474,33.40084192464366,5,2,10.578921936750632,7,0.5076037074360937,0,0.0,0
39475,45.12243414571683,3,3,15.889659982633585,2,0.3283295507941949,0,0.0,0
39476,38.22802932782605,3,3,5.589298187644805,6,0.9248337605425975,0,0.0,0
39477,41.85544610583049,1,3,8.228320595617884,2,0.10235431063142697,0,0.0,0
39478,18.330120288309733,1,6,13.324131264395175,1,0.46204324954772874,0,0.0,0
39479,42.32916116443865,3,2,10.319252702137666,7,0.1633210830773878,0,0.0,0
39480,24.60844506148315,1,6,9.922186562983134,5,0.686703501850476,0,0.0,0
39481,64.4720069190414,5,2,9.109652509801702,4,0.6051957496867235,0,0.0,0
39482,37.90241125967391,2,5,18.209212506542467,1,0.9826918675081553,0,0.0,0
39483,35.75729022633281,3,1,10.556778931735737,7,1.0000712199065562,0,0.0,0
39484,46.57563762622969,1,2,10.741461419266914,7,0.5490524495876263,0,0.0,0
39485,41.48418233431257,3,3,9.078569258083869,7,0.0,0,0.0,0
39486,57.37376792656438,3,7,14.423479551671587,8,0.49506825215021816,0,0.0,0
39487,41.879090129685544,3,3,19.988489640337747,6,0.7395976651381068,0,0.0,0
39488,41.894567445430056,5,3,13.360570117939714,4,0.43940818198561893,0,0.0,0
39489,48.76304680013774,4,4,5.757453855183544,6,0.015427257760933455,0,0.0,0
39490,46.801635498430926,0,3,4.433109655581239,3,0.49897586895172813,0,0.0,0
39491,63.97116546656635,3,3,9.05781290066536,7,0.9545475790483919,0,0.0,0
39492,37.65499886468838,1,4,0.0,4,1.4362827457370386e-05,0,0.0,0
39493,19.948720710340353,3,6,7.979210762154473,3,0.0,0,0.0,0
39494,50.07186380337964,2,1,6.137198310127038,2,0.9637817340984223,0,0.0,0
39495,55.32741557868816,2,4,9.9527319307865,8,0.6114859026226975,0,0.0,0
39496,23.370441348573507,3,4,15.978019088905892,1,0.29224912314297535,0,0.0,0
39497,34.431086040324,1,3,20.613229368602802,2,0.4768230215302205,0,0.0,0
39498,46.83619206921769,3,3,11.529872860225765,4,1.0001469486788195,0,0.0,0
39499,53.17443774977675,1,4,1.0111512616390108,7,0.5964833769287208,0,0.0,0
39500,47.17561469189898,4,1,8.292292979190348,2,1.000236757520308,0,0.0,0
39501,32.70455512643742,2,4,20.000142731505417,7,1.0001024067301443,0,0.0,0
39502,28.81972848109411,4,6,11.436198333846196,0,0.49893798142184453,0,0.0,0
39503,39.1278738839475,2,1,16.454544708454314,5,0.18291920304231546,0,0.0,0
39504,21.30821618558348,4,3,6.271655323100045,2,0.3740650943403955,0,0.0,0
39505,34.165913751287576,2,0,20.013202003299966,1,0.6152219149410457,0,0.0,0
39506,37.09550945547884,2,6,21.63992209658202,6,1.0343327548331418,0,0.0,0
39507,44.96720975373688,2,1,1.9587716563561024,3,1.0001644614202116,0,0.0,0
39508,42.4937366889986,3,4,19.997702721096456,7,1.0000062846396895,0,0.0,0
39509,47.73411506447662,3,1,18.798671667635972,7,1.0000303641643962,0,0.0,0
39510,50.81400644129967,3,4,7.93821428950975,1,0.4836526660722895,0,0.0,0
39511,44.746213982802466,4,3,13.42668357919395,1,0.9494383132811874,0,0.0,0
39512,50.97365932666593,2,6,6.180998212683561,1,0.3193461444124766,0,0.0,0
39513,46.18990501733485,2,1,8.55824879400416,7,0.890661488161265,0,0.0,0
39514,32.88071432978845,3,1,9.058474618119792,3,0.0,0,0.0,0
39515,23.98601148715138,1,1,9.798024028457238,6,0.534331981564257,0,0.0,0
39516,51.712331509253616,3,3,5.122540435116545,5,0.2564300047640855,0,0.0,0
39517,59.758827448557284,3,5,19.362620070079316,7,0.9164075760362165,0,0.0,0
39518,27.000254466409473,1,6,5.997909656712802,7,0.7226198962940419,2,91583.72214303703,1
39519,18.40680330098523,4,6,11.982481205299418,3,0.13080512063083927,0,0.0,0
39520,35.858499900976774,3,3,20.007748694875655,6,0.999384040764316,0,0.0,0
39521,26.999957509944245,1,3,5.608558880154614,3,1.0002189214832615,0,0.0,0
39522,25.786801623975713,4,3,12.659060794208884,7,0.4117697676488732,0,0.0,0
39523,44.709683324443624,2,4,19.998557411562437,7,0.5876155556430939,0,0.0,0
39524,48.56025802746621,4,6,3.608978974538031,7,0.9995128666262054,0,0.0,0
39525,46.93040145609423,2,1,18.59921080276508,3,0.9999252358621851,0,0.0,0
39526,45.156668681625376,4,2,12.729813735785262,1,0.4070906871364261,0,0.0,0
39527,39.295480895859185,0,7,19.99625908348976,1,0.5084945091453286,0,0.0,0
39528,48.60244216818688,3,1,15.326608347660947,2,0.9995115577395437,0,0.0,0
39529,52.94268888925742,4,1,19.94722781162957,2,0.9996969699304257,0,0.0,0
39530,52.399633401409105,2,6,15.790162542722014,0,0.12612304418675813,0,0.0,0
39531,50.79045198943274,1,1,18.53387898519299,2,0.41106381128623587,0,0.0,0
39532,50.218926186099125,2,3,15.425411173717613,5,0.5049248812088007,0,0.0,0
39533,49.11087372235694,3,2,13.757584002270342,6,1.0001563701320306,0,0.0,0
39534,27.557517131078797,2,2,3.54809268382788,2,0.3189462078528616,0,0.0,0
39535,15.080497879954805,1,2,14.2571126194329,1,0.659229827443314,0,0.0,0
39536,40.3967079694792,4,3,11.317486710450162,6,0.734488942946714,0,0.0,0
39537,61.05605000248744,3,2,12.977468280077629,7,0.47378891166769715,0,0.0,0
39538,20.246117902343542,5,6,18.088909937101732,3,0.8865563034274684,0,0.0,0
39539,45.91041627031035,4,3,10.713554805576011,2,0.21811127447682888,0,0.0,0
39540,42.56071747585116,5,4,20.00254984997786,3,0.4971732417905782,0,0.0,0
39541,51.99107846673286,5,6,11.897576008725387,7,1.000143648999403,0,0.0,0
39542,30.108214401735033,4,3,3.1127079133004436,4,1.0006972080197967,0,0.0,0
39543,45.5586958765128,4,1,15.85075842406491,5,0.965245929906942,0,0.0,0
39544,44.60786452138234,0,2,11.371226992990328,4,1.0120497460207627,0,0.0,0
39545,28.84463073408358,0,6,17.322518211095495,6,0.625453477476996,0,0.0,0
39546,56.41652528574538,2,1,16.39491233571154,4,1.00162313431036,0,0.0,0
39547,36.35337359251923,2,6,16.034495315463914,3,0.26662378248733315,0,0.0,0
39548,50.707631096678725,4,1,19.999894223018686,0,0.6125587662785025,0,0.0,0
39549,27.75185658365238,3,2,6.327230174337643,3,0.7446004239957836,0,0.0,0
39550,65.12615930087539,4,5,18.04077832811264,7,0.9999775799773103,0,0.0,0
39551,30.055390337273927,1,2,10.099179995977211,6,0.9942879742156217,0,0.0,0
39552,35.0058986654235,3,1,16.52873973226108,4,0.11348928539512315,0,0.0,0
39553,26.77043324270756,4,1,20.001223054022468,2,0.8278524310258363,0,0.0,0
39554,59.72963545370278,4,6,20.82294790410966,7,1.000363236135573,0,0.0,0
39555,32.98684866508983,4,3,3.520348266136076,1,0.9788693368813175,0,0.0,0
39556,60.981248373594816,3,3,14.60617771394799,1,0.9733690322245026,0,0.0,0
39557,52.5621406461043,2,2,10.838217291601081,7,1.0001977907335542,0,0.0,0
39558,31.67588533968638,4,2,17.32325778654719,6,0.4771620978696989,0,0.0,0
39559,59.05246613374212,3,3,10.56489909188127,4,0.244364726769425,0,0.0,0
39560,25.594523674170638,0,3,3.31152721456884,3,0.8101031046850787,0,0.0,0
39561,44.77577916421553,3,3,16.956373565870273,4,0.9998349580495115,0,0.0,0
39562,43.67483696506751,4,2,9.576556800647197,7,0.6253461703190965,0,0.0,0
39563,37.08239089748416,6,3,0.9581987325766441,0,1.000213973347982,0,0.0,0
39564,42.6687512262023,2,1,14.259138805965652,2,1.0000944993094696,0,0.0,0
39565,41.41063917751643,4,3,19.592954818441783,4,0.4537862168144895,0,0.0,0
39566,14.944966785430932,3,5,15.370579893555691,1,0.9998868891924366,0,0.0,0
39567,34.97417835418234,7,4,15.96946781289774,5,0.2633598643878374,0,0.0,0
39568,68.32033537217117,3,3,10.827502488339698,4,1.000363293848178,0,0.0,0
39569,35.634455225258804,6,1,9.927007364929873,1,1.3417123817592018,0,0.0,0
39570,46.9113597149657,5,2,16.32505370044713,5,0.9903279938129717,0,0.0,0
39571,43.37117800639263,3,6,1.789420090303386,7,0.9998419646420293,0,0.0,0
39572,53.69359583330932,3,1,20.932963099095577,3,0.9998251764143837,0,0.0,0
39573,51.587954555499714,3,3,7.742910864484183,1,0.9995262278000405,0,0.0,0
39574,45.68309945183119,3,4,10.425166077666779,6,0.9996928898181485,0,0.0,0
39575,72.5758314577714,3,3,10.828628565934286,7,1.0003640598996715,0,0.0,0
39576,33.19859887315322,2,6,19.229313917393156,1,0.9994857301872531,0,0.0,0
39577,35.04825520265734,2,1,14.690170109850833,2,0.30289756160358267,0,0.0,0
39578,44.03060322970934,4,4,0.0,6,0.29449410642530865,0,0.0,0
39579,50.28655910361934,4,3,5.293835725724565,6,0.5089631582563809,0,0.0,0
39580,31.604022121296666,2,3,12.317095880319993,4,0.49968797883566374,0,0.0,0
39581,25.044813251914633,4,2,10.054574169740286,4,0.09430952600811848,0,0.0,0
39582,52.465277909076335,4,3,18.346327994727417,3,0.174950583928552,0,0.0,0
39583,42.29159394590412,4,3,15.443939257960688,7,0.3427165254583853,0,0.0,0
39584,34.81228940157974,1,6,4.811564059431139,2,0.474272059958146,0,0.0,0
39585,45.993315458321774,6,3,14.193038989762865,1,0.23014917619250969,0,0.0,0
39586,55.9258257213431,5,4,5.214221068910259,1,0.5651534428799134,0,0.0,0
39587,49.57169993289821,4,1,15.494255269941121,3,0.42278121495599186,0,0.0,0
39588,16.88189341269821,2,1,19.996053710111234,2,0.6955875824763527,0,0.0,0
39589,46.21199984036324,1,3,5.011647875249335,1,0.9997348117933751,0,0.0,0
39590,29.47883712337107,1,5,7.705437834753859,0,0.9932841650182198,0,0.0,0
39591,57.25211087985941,3,1,4.289672080856684,1,1.0003482690997554,0,0.0,0
39592,44.59610359218826,3,4,1.8244263081584489,6,0.3025824843870403,0,0.0,0
39593,43.000911473764724,6,3,7.119251377871096,1,0.4566599462753399,0,0.0,0
39594,28.4533759863619,3,2,3.2478447104549417,6,0.9539367023980796,0,0.0,0
39595,19.093550713137397,2,1,15.108563869070709,0,1.007119295314235,0,0.0,0
39596,32.726514380298894,2,5,4.7815172175496725,2,1.0042648308665703,0,0.0,0
39597,40.286663844750095,2,3,21.199492275966932,7,0.5618881182102176,0,0.0,0
39598,47.74038362996494,1,1,14.690285326659987,7,0.6649424917919453,0,0.0,0
39599,52.30662143491615,3,2,14.919857833455454,5,1.0002241072749694,0,0.0,0
39600,51.92904971007066,4,4,20.007037905458418,2,0.49992571847892564,0,0.0,0
39601,50.29187746688204,1,2,7.36414458212957,1,0.5099891128904653,0,0.0,0
39602,40.047956223170885,3,3,12.51695612339799,4,0.21721739752119557,0,0.0,0
39603,27.718014106669425,1,6,1.8842452244099785,0,0.25374938043465234,0,0.0,0
39604,26.417328506178094,4,6,9.072845339298691,4,0.8089480975311806,0,0.0,0
39605,61.47308282823654,4,2,15.995620409594569,4,0.3212363986166854,0,0.0,0
39606,23.607118438409916,3,6,17.153279455907153,0,0.4044695987579174,0,0.0,0
39607,63.17383064132785,3,3,12.079156189957734,4,1.0002942038822622,0,0.0,0
39608,52.47476504826932,3,4,16.969263083975488,2,0.9992290301150393,0,0.0,0
39609,52.48868104236975,3,2,6.098686200577612,7,0.8249272643235364,0,0.0,0
39610,56.357601624836434,3,1,4.3653069034924465,7,0.6655905565831886,0,0.0,0
39611,37.50051290017583,4,1,19.99197878681661,6,1.2644034990955562,0,0.0,0
39612,45.46826346698676,2,3,8.382900813666392,1,0.9997377133603547,0,0.0,0
39613,46.432086478634716,4,2,12.869590006830387,7,0.3963162618325473,0,0.0,0
39614,17.05781176792811,4,2,11.730448378971161,7,0.323450869982022,0,0.0,0
39615,66.43691112893129,3,1,18.53101246213572,4,1.0001956399500331,0,0.0,0
39616,52.76135457362534,2,3,14.427938530669152,7,0.9996826791761722,0,0.0,0
39617,57.08841626026202,5,2,10.306513174437367,7,1.000469024653057,0,0.0,0
39618,53.893968609878996,2,2,8.053408123114046,3,0.21781765814549858,0,0.0,0
39619,56.369363645606086,4,1,3.0142503690822693,1,1.0002527813536615,0,0.0,0
39620,58.980125650308366,3,6,17.442266164195967,6,0.3607606819759088,0,0.0,0
39621,45.33187211631767,3,2,16.937881869604837,1,0.43197606360059176,0,0.0,0
39622,48.421224560791046,3,1,3.646168916765988,0,0.946743255668627,0,0.0,0
39623,40.45053073058135,3,3,14.94378661157278,4,0.9999214338586766,0,0.0,0
39624,43.24892954983592,3,4,9.47013303950064,2,0.5181644379878928,0,0.0,0
39625,22.686706076914987,3,5,19.99983170371471,1,0.45305263040405463,0,0.0,0
39626,40.94519377255475,1,1,25.127021436972147,2,0.9998635151322562,0,0.0,0
39627,38.03594900820809,3,2,16.370294771388853,7,0.024670975908096526,0,0.0,0
39628,57.46416164427107,4,1,2.909877731083588,3,0.5000936525108088,0,0.0,0
39629,58.84745864776399,4,2,14.884763513381921,5,0.26334091382442637,0,0.0,0
39630,47.900571361711286,5,2,9.31644340040355,1,0.6546857976977233,0,0.0,0
39631,54.64271103170426,3,6,13.655145332567077,7,0.9329354191736674,0,0.0,0
39632,59.53481254113961,3,4,19.99313711967915,7,1.0003090186059118,0,0.0,0
39633,30.60139293459266,2,1,6.076702023150636,0,0.6733367788136309,0,0.0,0
39634,53.06539935859047,3,5,15.123718396703708,3,0.0,0,0.0,0
39635,42.94847014907528,2,3,10.019569054168029,3,0.5004394214152257,0,0.0,0
39636,40.67221430762871,2,4,6.818232495013239,1,0.3382315110811959,0,0.0,0
39637,44.63523032788321,4,3,11.1411829431186,2,0.22954829156698775,0,0.0,0
39638,52.787301041423234,3,4,10.196421221608958,6,1.0000200046067271,0,0.0,0
39639,41.4242265171118,1,3,4.205890530457835,2,0.9571926262548061,0,0.0,0
39640,29.487128532286665,3,3,0.0,1,0.7036561271188594,0,0.0,0
39641,58.54227974251763,3,1,0.0,7,1.000190242505297,0,0.0,0
39642,26.44258708153564,1,3,6.919148726381938,2,0.3626003272352729,0,0.0,0
39643,28.064223928211305,3,6,13.70510855199645,4,0.6252475575445301,0,0.0,0
39644,35.74058416699491,3,3,15.449501061205519,2,0.49120964476316353,0,0.0,0
39645,50.246414925184745,3,4,6.398132101398735,7,0.5056084189875756,0,0.0,0
39646,53.0257552404339,2,3,9.974526874444129,4,1.0001454290046032,0,0.0,0
39647,47.819457277357564,4,2,8.06605538964923,7,1.0009135861619987,0,0.0,0
39648,54.66307870630048,3,1,12.98458294318351,0,1.0000597484766782,0,0.0,0
39649,51.931084240380706,3,3,9.21802073638668,7,0.2863488330989808,0,0.0,0
39650,49.820256297644015,3,3,10.989720626197373,2,0.9999879921676219,0,0.0,0
39651,27.16910388258036,3,2,15.711452758747903,2,1.0002714447249208,0,0.0,0
39652,47.27139955853298,3,1,23.898076140433993,7,0.633237205589293,0,0.0,0
39653,36.28518480931058,3,1,10.957213525427544,5,0.8586186563141822,0,0.0,0
39654,47.25973395435122,3,3,6.532355938686023,5,0.9999338024507817,0,0.0,0
39655,32.66801896073672,3,1,0.0,7,0.9997821250764064,0,0.0,0
39656,20.76200979238968,2,6,0.0,7,0.5986064679539677,0,0.0,0
39657,36.900519107097466,5,1,13.540251309744129,7,0.9997978813881399,0,0.0,0
39658,30.074451000435232,3,3,22.355486782081947,1,0.6088328719336487,0,0.0,0
39659,27.018245642178698,3,3,17.74997082706771,7,0.9998720094955885,0,0.0,0
39660,59.998080197841105,2,6,1.6417071346847703,4,0.1839815390136511,0,0.0,0
39661,22.163762971628305,3,2,6.171392034225599,4,0.40452765736170654,0,0.0,0
39662,50.44176481007486,3,6,13.864986992208536,3,0.6831698862756855,0,0.0,0
39663,56.23634293275038,3,5,26.06330901033274,7,0.4641035038272374,0,0.0,0
39664,23.836402740513986,3,6,13.718279851478295,2,1.072195981567384,0,0.0,0
39665,53.05657012276479,4,2,11.737806128307149,1,0.9997070602151013,0,0.0,0
39666,32.67718523773572,4,5,16.16713264475014,4,1.0006587606190174,0,0.0,0
39667,25.754545247335102,3,2,11.765554584890701,4,0.9996867665561201,0,0.0,0
39668,41.231384487614335,4,3,6.07027239057306,4,0.9511322840075334,0,0.0,0
39669,34.12381996046062,1,1,15.410797838724635,6,0.9554500460120144,0,0.0,0
39670,45.00417178918231,2,2,20.002602315621264,5,0.4075571373448247,0,0.0,0
39671,30.035164427719067,5,7,1.4151512438988334,4,0.0006006706534064099,0,0.0,0
39672,59.921980566541166,4,4,20.01129337354931,7,0.9994664496773288,0,0.0,0
39673,29.03274906662807,4,3,3.8253867594249353,5,0.5007125985749056,0,0.0,0
39674,63.55132501541736,2,3,6.824639252875867,7,0.9994912254677315,0,0.0,0
39675,15.501201472996836,2,3,12.314642764889914,3,0.5207320383741824,0,0.0,0
39676,45.51164819769468,3,2,9.238845002345158,7,0.4099664608350735,0,0.0,0
39677,57.932676858791055,3,3,20.00041117292946,5,0.8162603672314583,0,0.0,0
39678,26.348618186360227,1,6,14.21555667137408,5,0.9992928651887649,0,0.0,0
39679,46.707374205030845,1,1,0.0,7,0.15326253956499547,0,0.0,0
39680,50.3307516488217,2,7,8.776360868504117,6,0.40399287121207583,0,0.0,0
39681,54.50150439394848,3,3,8.076267015798566,7,0.0,0,0.0,0
39682,70.67091769517819,3,4,9.652411831453303,1,1.022911503300536,0,0.0,0
39683,18.47665054349276,1,5,0.0,2,0.7997783681600114,0,0.0,0
39684,62.529586590818695,2,4,19.987957334541882,7,0.14811186133591925,0,0.0,0
39685,28.35778520501774,3,2,9.106291623226323,5,0.1489720826844423,0,0.0,0
39686,34.63557781777532,3,4,7.377204911290685,1,0.9983408710530228,0,0.0,0
39687,59.197868512414985,0,6,16.08805101191134,6,0.35515186951399375,0,0.0,0
39688,32.873552284775194,5,2,8.928693609977687,1,0.20092296553093053,0,0.0,0
39689,28.477907123697747,3,2,19.917843820727597,3,0.6317801652687439,0,0.0,0
39690,62.822870967811966,4,5,29.1016002355795,7,1.0001596618145847,0,0.0,0
39691,40.07623802140107,1,4,20.00343924526604,7,0.9994022380666311,0,0.0,0
39692,25.838434084482913,4,6,15.898905975806503,1,0.28041298067253717,0,0.0,0
39693,56.49839631664832,3,5,2.307691823172558,1,0.6422237128406514,0,0.0,0
39694,55.53839515590672,6,3,6.819559561151302,5,0.1836366006798864,0,0.0,0
39695,40.56579124821518,5,4,15.19007079051508,7,0.9475147152503327,0,0.0,0
39696,40.460516311055834,3,2,10.877768814569189,6,0.9999336176108011,0,0.0,0
39697,44.69491509206608,5,1,1.2122035663519615,3,0.13863162080254432,0,0.0,0
39698,40.85579258907036,2,4,4.721829060534678,1,0.3033163162373949,0,0.0,0
39699,49.71890224395792,3,6,27.853085387220002,7,0.9996910924205088,0,0.0,0
39700,58.964668158499784,1,3,10.421343209424288,6,0.999849450548518,0,0.0,0
39701,38.438376146923076,3,1,12.714254391951197,1,0.49562214078280725,0,0.0,0
39702,49.687541570008364,4,3,18.152250158822216,7,1.0003176368584086,0,0.0,0
39703,34.19442851106943,2,2,20.006187645873332,1,1.0000521274460104,0,0.0,0
39704,56.57676857193124,3,4,9.526262168613243,7,0.6773247339638938,0,0.0,0
39705,32.21073017440856,4,6,16.228369922985657,5,0.13346223853125172,0,0.0,0
39706,46.004267983588925,3,4,10.622541243683528,7,0.8035521544944455,0,0.0,0
39707,49.59605026415829,3,2,12.333918990422436,7,1.000587828736081,0,0.0,0
39708,42.108114281597764,3,3,4.040911577830519,2,0.3013456173875416,0,0.0,0
39709,31.674772607654575,3,5,13.590617528317658,4,0.0,0,0.0,0
39710,39.103582147934965,3,4,13.946173975925568,1,0.9996563099277209,0,0.0,0
39711,26.018305506167593,4,3,9.601053889666105,3,0.5014914814692589,0,0.0,0
39712,48.72136025587336,1,6,9.24155565940359,7,0.8159022027320059,0,0.0,0
39713,26.250934066211656,2,1,15.975210944189993,1,1.0000044227580438,0,0.0,0
39714,47.961511778237934,2,1,6.510499047156262,7,0.12168311429045364,0,0.0,0
39715,41.84048816785787,3,3,16.07213499266961,1,0.9997920655556111,0,0.0,0
39716,42.45810921757173,5,6,15.63199067994192,7,1.000081220801945,0,0.0,0
39717,45.26862533280013,3,4,14.007380729087451,1,0.9996133240338035,0,0.0,0
39718,49.53790376972918,2,6,19.997940462063433,1,1.0005189093891769,0,0.0,0
39719,48.06007892657011,4,1,17.95542682439895,4,1.0001469335349213,0,0.0,0
39720,47.22926479330548,4,1,9.733533772054365,7,0.5684707491395442,0,0.0,0
39721,44.475536677437916,2,6,4.922424513392515,7,1.0003431427586376,0,0.0,0
39722,43.636298932832986,4,1,15.687170906332378,2,1.0001049266319026,0,0.0,0
39723,60.850787262295896,4,5,6.913643923599997,7,0.5500778857141031,0,0.0,0
39724,54.61572878966785,1,2,19.90086270158441,6,0.7062406701853289,0,0.0,0
39725,56.55152909764301,3,6,16.239936311385488,7,1.0000085398041274,0,0.0,0
39726,33.47057379446808,4,1,11.754228033204871,3,0.9697907604272022,0,0.0,0
39727,13.70404688042479,4,5,18.073931999799058,7,0.5112371624414007,0,0.0,0
39728,35.42642081193135,2,5,23.252524397000528,2,0.9738185105241222,0,0.0,0
39729,59.484516119020654,2,5,15.35584787708613,4,0.5005314304126663,0,0.0,0
39730,40.28405955082628,3,3,15.921775953006419,2,0.9996376201256569,0,0.0,0
39731,33.35564304281968,3,5,14.532256515910925,4,0.24506561335756605,0,0.0,0
39732,33.1822554963204,2,4,19.98845148202174,7,0.9998630712817028,0,0.0,0
39733,59.95594358169512,3,3,16.384729737901537,2,1.0005327176583783,0,0.0,0
39734,61.16603614681689,5,2,2.0682655603045372,7,0.45207528334113656,0,0.0,0
39735,34.96167215682813,1,4,2.3939551366733482,6,0.5228327440897927,0,0.0,0
39736,40.77707738125448,3,4,12.139911902121328,1,0.03958702939923453,0,0.0,0
39737,45.62807739093507,1,1,4.357574559849204,7,1.000606309334215,0,0.0,0
39738,23.437086578475274,2,2,14.979335878264575,1,0.4779983512447409,0,0.0,0
39739,30.1622476794476,4,2,13.242310954972297,6,0.40012078298696724,0,0.0,0
39740,59.553541811272424,3,6,14.69051098355959,4,0.9996880863154878,0,0.0,0
39741,46.24132713829306,2,4,17.473674273657245,4,0.4538873151306661,0,0.0,0
39742,10.381228973140978,2,5,0.0,3,0.9651636443500279,0,0.0,0
39743,47.30289135198474,4,6,15.966406506569117,4,0.5183011253277898,0,0.0,0
39744,26.780829601942024,3,5,9.6581190751346,2,1.0000960543251396,0,0.0,0
39745,60.542885199743914,3,3,20.002046237567143,1,0.39102014223930887,0,0.0,0
39746,51.339591932779314,3,4,13.401885147452688,2,0.999816118936703,0,0.0,0
39747,48.016743102663824,5,3,21.071600300058236,2,0.9998908637366465,0,0.0,0
39748,35.09480146408745,2,3,0.0,7,1.0002785665236325,0,0.0,0
39749,44.68842871526853,3,2,10.830985443757232,2,0.6232545636669746,0,0.0,0
39750,22.401087774761077,4,2,9.001935219529555,4,0.48257297247389674,0,0.0,0
39751,45.847594247778034,2,4,19.99722912944287,6,1.0008613163373064,0,0.0,0
39752,42.005637351130744,3,1,17.625120898459347,3,0.9999827336686564,0,0.0,0
39753,25.063929976715215,2,6,12.991069385363335,2,0.22646791574208175,0,0.0,0
39754,44.823094690444314,2,2,16.705200275548975,7,1.000635416711987,0,0.0,0
39755,51.85516050715162,1,6,1.9781490168867162,7,1.000172982875146,0,0.0,0
39756,36.98979818905156,2,2,16.176681343822068,7,0.999879039559312,0,0.0,0
39757,50.64035711816882,3,2,10.324983878545439,1,0.530055219237219,0,0.0,0
39758,54.68510395328165,6,3,10.309152903300474,2,0.49960759464481475,0,0.0,0
39759,38.80330643504655,4,6,11.94634607287482,1,1.0259277334395405,0,0.0,0
39760,38.645245141432,2,3,11.607056981899794,3,0.3618766356141569,0,0.0,0
39761,49.98935407032149,3,1,10.931416404808902,4,0.45705554756667405,0,0.0,0
39762,32.34602215239958,3,1,14.24232446122293,7,1.000206031463379,0,0.0,0
39763,46.835046029106664,3,3,4.510533701756895,3,0.5458365300088301,0,0.0,0
39764,58.60295815423892,3,6,8.656163059425479,7,1.0002820203711253,0,0.0,0
39765,65.77157650839156,3,6,11.999975597474391,7,0.9997792836833318,0,0.0,0
39766,41.88500260432824,4,3,12.629178303841513,1,0.999782995166534,0,0.0,0
39767,47.209717556127735,3,1,16.43784126511997,4,1.000265049893831,0,0.0,0
39768,57.78259156902655,1,1,18.477964587358656,4,0.5822342525908998,0,0.0,0
39769,27.27712476670762,4,3,7.713481112094036,7,1.0003109134161396,0,0.0,0
39770,24.326753865570776,2,3,17.852121388065072,7,0.15160430768536315,0,0.0,0
39771,41.34053866960651,2,6,11.255517418601297,2,0.7701385541451056,0,0.0,0
39772,60.33968577832669,2,3,14.017533372999456,0,0.40074986688009934,0,0.0,0
39773,31.834468468992974,3,6,0.0,5,0.5628765674604593,0,0.0,0
39774,31.931529033697586,3,3,6.037916994137772,2,0.7468126507575858,1,64756.863347358296,1
39775,62.612571936137904,2,6,16.576883103343317,3,0.8035256736621987,0,0.0,0
39776,16.103018448019427,2,1,1.3678841911346176,4,0.0,0,0.0,0
39777,47.83986604830263,3,4,4.104867447218639,2,0.6288434869890442,0,0.0,0
39778,37.125331850776114,1,3,8.754817124798253,7,0.2161374323893872,0,0.0,0
39779,26.443798829060395,0,3,7.611220903261233,7,0.9998350233834494,0,0.0,0
39780,33.68197367502603,6,3,0.0,1,0.12079943304102048,0,0.0,0
39781,60.656677027400775,3,7,1.9967336164517473,7,0.19674925302092588,0,0.0,0
39782,34.648898381132774,3,3,7.821669092106652,4,0.19355910600280962,0,0.0,0
39783,54.29949491690498,3,3,15.401307982121892,1,1.0004308058450062,0,0.0,0
39784,39.83477446772141,4,4,19.981667400958223,4,0.4998192508819571,0,0.0,0
39785,37.56968373989352,3,1,3.7793278762742366,3,0.48575982081273905,0,0.0,0
39786,53.275529918641254,4,3,15.645601404562315,1,0.9481839444108378,0,0.0,0
39787,53.55204347725617,3,6,20.226911538869672,7,0.366645925262284,0,0.0,0
39788,62.08199582476246,3,3,14.914737719219723,7,0.7700737220733325,0,0.0,0
39789,40.965915779694704,3,1,13.014707336585868,4,0.11870651563354218,0,0.0,0
39790,39.418969505941405,5,3,5.3217084215541055,5,0.5025685321958495,0,0.0,0
39791,26.75117327299902,4,6,8.060776085986681,3,0.40118205785720207,0,0.0,0
39792,33.67488824318157,4,6,11.413537420334944,2,0.6077555469843842,0,0.0,0
39793,54.655529838117495,4,6,16.068840438443104,4,0.2470346050737559,0,0.0,0
39794,27.433660936639065,4,4,16.50450700015573,2,0.522506866494458,0,0.0,0
39795,27.315499056119172,3,7,1.8112593888320951,3,0.0,0,0.0,0
39796,38.14118552345305,0,3,19.99907775296383,1,0.9996544572191253,0,0.0,0
39797,51.789308963920135,4,6,18.24676775792417,3,0.6854156196236973,0,0.0,0
39798,22.638871709083098,1,2,4.085905139796206,1,0.8035677510953032,1,6932.235179826873,1
39799,29.57735504361686,2,1,14.668246987404377,1,0.39850991248198964,0,0.0,0
39800,71.30605331479913,1,5,9.688196653837357,5,0.555363579945711,0,0.0,0
39801,25.56634818107646,3,1,8.700642501170478,4,0.4592856567763022,0,0.0,0
39802,32.3292756142099,5,6,3.5218909302549113,7,0.31836427441269066,0,0.0,0
39803,44.09704451526619,3,4,6.981613845311396,3,0.9999701205288027,0,0.0,0
39804,40.816775824444335,5,3,13.928614576138608,7,0.9997880064389152,0,0.0,0
39805,49.51836913135146,4,1,8.088077479615508,2,0.5020435193961603,0,0.0,0
39806,58.53654829766976,3,1,17.058032711189252,4,0.9996821484961567,0,0.0,0
39807,41.69106484232389,3,1,20.148177000355542,7,1.0003288503529795,0,0.0,0
39808,49.542113351033876,5,6,13.959992357801566,2,0.22226805681032719,0,0.0,0
39809,30.189207374247168,5,3,2.2563067732816933,4,0.4975816598015085,0,0.0,0
39810,37.98913947420768,4,4,0.0,7,0.1973964013708963,0,0.0,0
39811,43.170201626721614,3,1,0.0,7,0.6647118273971527,0,0.0,0
39812,38.5984837872631,3,3,8.801224347216259,7,1.0002223860037158,0,0.0,0
39813,50.83974184307072,1,5,0.0,4,0.9125168107164184,0,0.0,0
39814,51.82306529796557,3,6,8.29272638870193,2,1.0003365791383019,0,0.0,0
39815,38.06420880129447,4,4,19.998047305043734,1,1.0000762348319596,0,0.0,0
39816,46.77938456373462,3,3,10.822569251489272,2,0.3151966986317457,0,0.0,0
39817,49.093506478690706,1,3,8.941609830404404,4,1.0001300469734788,0,0.0,0
39818,61.90991494837897,3,6,12.389062849131028,1,0.9865467715548972,0,0.0,0
39819,25.552924578132824,2,6,16.454210446558516,1,0.2945748004006841,0,0.0,0
39820,28.079074708938684,6,1,3.876773806843741,5,0.9699953759770661,0,0.0,0
39821,40.06321607308583,3,3,19.545295512785813,1,0.9611938525218786,0,0.0,0
39822,3.860718218906051,3,5,21.987100200235822,1,0.12920018559794522,0,0.0,0
39823,28.857078477579655,4,3,10.669600366659107,3,1.0005616864085385,0,0.0,0
39824,33.89071162558762,3,7,10.301891476806277,4,0.3019881888617976,0,0.0,0
39825,34.561716134614585,3,6,15.349187485958087,7,0.24547594337416923,0,0.0,0
39826,36.19976789053419,3,1,22.26093927961793,7,1.00052648222862,0,0.0,0
39827,51.024198795846964,4,2,4.408470897562764,7,0.858126154766933,0,0.0,0
39828,27.794971335000476,2,1,8.312099179892364,7,0.39136591582598385,0,0.0,0
39829,44.798745668823855,5,6,20.007690827675383,1,0.15392741240401187,0,0.0,0
39830,47.35618099107408,4,3,4.535634673533035,2,1.0004808581778877,0,0.0,0
39831,44.91736127146894,4,6,0.0,7,0.9999429099635009,0,0.0,0
39832,40.36485986415902,1,1,10.140172035617766,1,0.0,0,0.0,0
39833,60.97106664252209,3,4,3.6905062964870536,2,0.40581968550641306,0,0.0,0
39834,51.07203775091128,3,3,12.935878262502445,2,1.00045381086273,0,0.0,0
39835,39.158229782574594,4,1,13.943901726057934,3,1.000138415608058,0,0.0,0
39836,34.028195803842245,6,6,17.74327496085527,3,1.0002569701334776,0,0.0,0
39837,51.06358382826662,4,2,6.977331532883414,3,0.5622124539720965,0,0.0,0
39838,38.744390884015594,3,3,14.2048555353621,2,1.0002441724031201,0,0.0,0
39839,46.67400616579203,3,2,1.2578161344919874,1,0.4450502270366855,0,0.0,0
39840,45.26766512564535,2,3,22.45494686304058,7,0.17274995282900663,0,0.0,0
39841,24.519119206508154,2,4,12.353218463840435,1,0.9694002097091776,0,0.0,0
39842,38.14963000931641,3,4,6.345047351703102,7,0.9832254221303621,0,0.0,0
39843,21.234625034796544,5,1,19.99653187535067,4,0.49103136625986793,0,0.0,0
39844,53.37386422118412,4,6,11.884391126400557,7,1.0001816031453783,0,0.0,0
39845,41.37590753370843,2,3,13.281029401314989,5,0.37225527942722003,0,0.0,0
39846,35.50278685109673,4,5,9.853482010532645,3,0.5025939859432113,0,0.0,0
39847,47.25021356721378,6,2,10.038021329917733,7,1.000219106044039,0,0.0,0
39848,42.87958265171986,3,3,17.647301966210712,2,1.0005774435613808,0,0.0,0
39849,61.35886338847935,3,2,9.770697037882282,4,0.758058966646078,0,0.0,0
39850,29.535450415805496,3,4,7.205124881733479,1,0.5610528959482477,0,0.0,0
39851,36.50669136213436,3,3,1.2547577111037072,4,0.16784522577583283,0,0.0,0
39852,56.74736681401922,3,6,0.9033825110382327,7,0.9998088470305556,0,0.0,0
39853,52.536432601140085,4,5,4.6041384766767175,2,0.583688511149757,0,0.0,0
39854,42.892417896600584,4,4,20.003523462184166,1,1.0003788151239954,0,0.0,0
39855,57.79397190492032,4,2,14.637241704700948,2,0.0,0,0.0,0
39856,17.429922326815984,0,3,15.85110811895673,2,0.9448052508685868,0,0.0,0
39857,28.483660917207217,1,5,21.270880607984907,1,1.019539204337085,0,0.0,0
39858,45.762048400642186,3,5,13.403172273094839,7,0.0,0,0.0,0
39859,34.89428640649004,3,1,19.863182709065384,2,0.4986395485397522,0,0.0,0
39860,47.8257836235526,3,6,17.227306895102355,4,0.9993183330743511,0,0.0,0
39861,61.765909875009896,1,1,7.2245281031822906,7,0.37450899244940167,0,0.0,0
39862,54.546200379465816,4,2,12.969936098144082,2,0.5736603719199194,0,0.0,0
39863,23.73576270267699,6,6,16.827791468310803,3,0.0,0,0.0,0
39864,46.88597220850254,4,6,3.4907477655509815,7,0.9994575449783256,0,0.0,0
39865,30.352023001759257,4,4,15.831560053328825,3,0.8411897288262226,0,0.0,0
39866,45.72963712796003,5,3,10.91107157209595,3,1.0001602143852493,0,0.0,0
39867,50.1320232138289,0,1,16.839943037212247,4,0.49581734827116064,0,0.0,0
39868,34.26205648904851,3,3,11.159198930955196,7,0.6921852057833656,0,0.0,0
39869,36.37625336984521,2,4,0.0,3,0.3174770759110708,0,0.0,0
39870,20.001270575321055,4,5,16.18537251718929,2,0.1828626401448994,0,0.0,0
39871,44.49583178165159,1,3,16.807873612673102,3,0.5029425444069912,0,0.0,0
39872,46.22928169253692,6,3,10.753034592635052,7,0.3544475626245069,0,0.0,0
39873,48.50603654607658,3,4,5.168897719552202,3,0.3519074650272245,0,0.0,0
39874,63.07651448897849,4,1,22.682433242399156,3,0.9996625447543765,0,0.0,0
39875,45.0961175973149,4,1,13.154994814537238,3,1.000118022731004,0,0.0,0
39876,40.75041508155919,5,2,9.110281044630431,7,0.8711413290022356,0,0.0,0
39877,41.65136505103259,3,6,15.208617140542229,7,0.9999090904811125,0,0.0,0
39878,59.130672563502074,3,1,8.528654600021113,3,1.0003238074741847,0,0.0,0
39879,39.411065128776144,3,3,15.140061149812537,0,0.2995963455460219,0,0.0,0
39880,36.900711064360245,3,1,19.994537448040326,6,0.22513959724847632,0,0.0,0
39881,39.383189107327574,3,3,6.334970520794985,6,0.9996809877161961,0,0.0,0
39882,35.602985307297274,3,4,15.876182760072183,2,0.9996519983082003,0,0.0,0
39883,43.434508444588396,1,4,8.308869344631258,1,1.038769464273871,0,0.0,0
39884,54.59295998891995,3,1,17.334292060297635,3,0.9999719575730696,0,0.0,0
39885,55.404834702342676,3,7,6.366852150418059,8,0.8384723326267013,0,0.0,0
39886,17.532031385836284,3,5,15.848225235641756,2,0.02540287852154388,0,0.0,0
39887,49.327561912135415,3,1,16.46638307936687,1,1.0499381978819615,0,0.0,0
39888,34.448036188295795,4,1,4.412241840359615,4,0.6286442714167763,0,0.0,0
39889,44.34970960209841,1,6,10.425449588341008,7,0.9998908330523614,0,0.0,0
39890,54.824752446552324,1,6,15.076745235259882,6,1.0000487085751162,0,0.0,0
39891,61.576847706834144,4,3,0.0,2,0.5024411910307455,0,0.0,0
39892,35.075175805944376,2,3,6.654662165382015,4,0.6784366111030423,0,0.0,0
39893,30.029949440302588,2,3,8.486094920376038,3,0.5014952778045617,0,0.0,0
39894,35.977535433752024,1,1,18.691136976032997,3,0.982805967862986,0,0.0,0
39895,41.849020534716935,1,1,2.8674816496313884,7,0.999693052813425,0,0.0,0
39896,25.182034658035157,3,7,14.092143711595424,4,0.45145265407310126,0,0.0,0
39897,27.606607022941283,3,7,1.0403525161881966,3,0.000330800695985789,0,0.0,0
39898,36.571382854016555,4,2,6.864218312714135,3,0.03890957643115989,0,0.0,0
39899,61.259786550032075,5,3,10.088873657930753,3,0.4501684758013927,0,0.0,0
39900,50.35637718618326,4,6,11.590522460436913,2,0.5079630832285821,0,0.0,0
39901,39.325670437595704,1,1,20.007515557246315,3,0.4993824765512216,0,0.0,0
39902,34.87865270600825,2,3,9.950324424795422,4,1.0001554442511975,0,0.0,0
39903,38.58211382046877,4,3,12.26556474119953,7,0.7978557820908938,0,0.0,0
39904,35.897665375201065,4,6,7.910569290777603,7,0.9851321186105719,0,0.0,0
39905,47.71258071750713,1,1,0.0,7,1.0001047194940011,0,0.0,0
39906,50.65549050872416,5,6,20.31039557443764,5,0.46903260754244974,0,0.0,0
39907,52.42728851630873,1,6,4.687589452000618,7,0.9995710776237643,0,0.0,0
39908,76.65455805524783,3,2,3.6846407769404648,7,1.0002683078569152,0,0.0,0
39909,56.79035988882326,3,1,0.768768768909851,7,1.0005408467179373,0,0.0,0
39910,53.08769999537518,5,3,10.142165040513534,4,0.5009978675391682,0,0.0,0
39911,20.951537493590553,4,1,17.442740390550398,0,0.9762365698520418,0,0.0,0
39912,42.43868871648513,3,1,10.481967294805335,3,0.946576158001446,0,0.0,0
39913,48.017501219703846,3,3,20.004327685775046,4,1.0195679971875222,0,0.0,0
39914,16.38056249275616,2,1,12.47904564943822,3,0.4990580185676476,0,0.0,0
39915,58.01339294591256,3,6,13.912393401441589,5,0.4862056093099709,0,0.0,0
39916,35.00862691497361,3,1,16.90370921870595,7,1.000798975321835,0,0.0,0
39917,39.345268257654396,3,5,4.8739890366977585,1,0.5780695030554497,0,0.0,0
39918,39.74303830225988,3,2,6.688280296887855,7,1.0003025065734281,0,0.0,0
39919,14.690324653890265,4,3,11.342398058260214,6,0.5946733834304976,0,0.0,0
39920,28.761537940925788,2,1,12.772520438580816,3,0.24151553519987612,0,0.0,0
39921,52.024563807342226,4,5,24.28208909338472,1,0.5668727636847137,0,0.0,0
39922,23.232694310925957,3,6,14.162654357510641,1,0.6006646243394613,0,0.0,0
39923,35.04234521606476,3,5,15.445171802960209,4,0.4884867379285577,0,0.0,0
39924,46.200635846886314,3,2,6.782826210602589,4,0.9999421848537966,0,0.0,0
39925,31.78976179648223,1,3,20.00841548790929,3,0.5014380593446806,0,0.0,0
39926,39.5621208376007,2,6,15.530044478224596,1,0.9481829358244445,0,0.0,0
39927,56.38148159282256,3,4,11.161930914124456,3,0.6510670869269036,0,0.0,0
39928,51.99928426202119,5,2,12.743526621446762,6,1.0055046529743685,0,0.0,0
39929,42.00228983237267,2,2,5.888247208834979,7,0.751993505456382,0,0.0,0
39930,40.333140703029265,5,3,7.0047018705215605,2,0.9814887066613347,0,0.0,0
39931,26.962403606111593,1,1,0.0,6,0.543620219727729,0,0.0,0
39932,47.40693213514649,3,6,4.642751286657568,7,0.44623456454543925,0,0.0,0
39933,25.76144366127924,3,2,0.904390402884454,6,0.1928175549020883,1,10429.301179297718,1
39934,36.64284941195739,1,4,0.0,3,1.1638148800049404,0,0.0,0
39935,22.818425974489482,2,4,11.04052258894911,1,0.7731204492121907,0,0.0,0
39936,51.63008155652709,3,2,0.8046349741425907,3,0.1788235077123761,0,0.0,0
39937,52.626101964914135,1,5,8.927423316455393,7,1.0002781545578083,0,0.0,0
39938,50.381489184346634,3,4,16.78495667983417,2,0.9998017442893086,0,0.0,0
39939,29.7459493792118,2,3,8.850155262141731,1,0.10905349375654227,1,5940.127503712283,1
39940,10.399807296689076,3,2,15.153019700915358,7,0.9998109311980024,0,0.0,0
39941,52.415534974989754,3,2,11.021075911111463,7,0.976972996962549,0,0.0,0
39942,46.313497455020524,3,2,6.484881212281458,6,0.9390855072452362,0,0.0,0
39943,56.148580793822994,4,2,15.991931424865435,7,0.30410828341458956,0,0.0,0
39944,70.32328518882908,3,1,0.0,7,0.9998908793804708,0,0.0,0
39945,50.01645442386997,3,6,8.145770589295568,6,0.37313037388417014,0,0.0,0
39946,22.23543853015727,1,5,8.606157333560844,2,0.5260376806215065,0,0.0,0
39947,65.21681864866417,2,6,0.0,0,0.0,0,0.0,0
39948,58.946590429659764,4,3,0.0,6,0.9998323177372596,0,0.0,0
39949,46.81701638696653,3,4,13.372583813060789,7,0.5819482357125044,0,0.0,0
39950,29.84643858181605,5,3,0.16063410296751712,4,0.2064506091580609,0,0.0,0
39951,47.7031944655913,3,2,7.900847033470946,4,0.5008965900528799,0,0.0,0
39952,60.56575323166764,4,6,5.1745396170883575,2,0.0,0,0.0,0
39953,39.05905849203271,4,6,11.315666783638983,2,0.9997870543865073,0,0.0,0
39954,47.821755415758105,3,1,15.128029474643899,4,0.4919781370013647,0,0.0,0
39955,74.27899188402216,3,3,4.681623532920108,5,0.9749221012958722,0,0.0,0
39956,56.49194642545157,1,5,6.912187290670671,1,0.14526036442709223,0,0.0,0
39957,54.99546189402605,5,5,0.0,7,0.9580121180869745,0,0.0,0
39958,33.27988504693806,3,3,8.154142293773878,5,0.9881497244997922,0,0.0,0
39959,40.63851459702558,4,6,8.70228882723402,6,0.3010237086786494,0,0.0,0
39960,71.42183789616385,4,1,8.095379407951427,7,0.4965286114539509,0,0.0,0
39961,26.960516924909086,6,6,19.218371758143512,3,0.20035344031516744,0,0.0,0
39962,22.479160412712265,3,2,9.523454766359944,7,0.4658357309372497,0,0.0,0
39963,62.78749293548438,3,1,15.841404671480891,7,1.0003228330661906,0,0.0,0
39964,22.247123498598974,4,6,10.693929812937798,7,0.2155531073157868,0,0.0,0
39965,36.659996784512,2,3,10.923365239002175,3,0.4997337530962559,0,0.0,0
39966,42.10448747114822,4,3,17.741073063163736,0,1.0066300781514206,0,0.0,0
39967,58.89234611175928,1,6,15.557249379025507,5,0.3877423996163128,0,0.0,0
39968,37.54455960442678,3,3,8.92959055178826,2,1.0000427503430274,0,0.0,0
39969,58.68309755408724,4,6,6.724272241833651,4,0.7119808991551945,0,0.0,0
39970,54.55597044997245,2,1,17.759755326719446,4,0.5060610939780421,0,0.0,0
39971,47.68200153212001,1,3,12.950452722973697,7,0.19757076653437866,0,0.0,0
39972,67.44425513491836,1,4,19.992495533659316,1,1.000008750409704,0,0.0,0
39973,54.84014281778821,3,1,28.0264748334322,7,0.9998576899229827,0,0.0,0
39974,49.99898566724421,3,5,17.276758560564442,5,0.973713480809667,0,0.0,0
39975,40.210740318755846,4,1,11.935688029830551,0,1.0000615937989683,0,0.0,0
39976,20.78071079567882,3,6,12.10824938176913,1,0.9680436832137685,0,0.0,0
39977,28.818059820101524,3,2,18.041310469813784,3,0.9994207694104892,0,0.0,0
39978,40.99858526195842,2,1,16.803048247655234,7,0.9633222663411578,0,0.0,0
39979,47.26445278027991,2,4,13.03596143641775,2,0.6982291342454912,0,0.0,0
39980,46.84125518013348,3,3,9.487050242655092,7,1.0002223218063342,0,0.0,0
39981,62.70526698621033,3,3,6.793302322297321,6,1.0006098497101845,0,0.0,0
39982,3.6689013165380544,3,3,5.529090961096542,4,0.3275568375593122,0,0.0,0
39983,53.98837889652644,4,3,0.0,7,0.5650868477397718,0,0.0,0
39984,36.91372079503512,3,6,2.9532222192257596,7,0.2182990290375142,0,0.0,0
39985,24.609027104199075,3,2,1.8124617157135905,2,0.33932726327960183,0,0.0,0
39986,52.44522371189467,3,6,17.09317642888918,6,0.3124650610876996,0,0.0,0
39987,47.15270277203341,3,3,16.962224561853176,6,1.0003843053152388,0,0.0,0
39988,44.65794901083697,1,1,25.544256650783822,7,0.36014573327540517,0,0.0,0
39989,23.414208840572318,6,6,14.219732623837027,0,0.5585248783712411,0,0.0,0
39990,26.80361061833887,3,6,0.4817601852030631,2,0.40643985836347524,1,117012.57059628122,1
39991,65.12951100430223,3,1,17.767733357513016,7,0.9998811046014293,0,0.0,0
39992,58.0140285625281,3,4,19.998142018870652,1,0.08489024036269288,0,0.0,0
39993,39.71226840663374,6,6,14.968641202685653,1,0.1499413721661389,0,0.0,0
39994,42.716772686205175,3,6,15.601028150598168,7,0.9187284975185368,0,0.0,0
39995,47.67853379457881,4,2,4.809780170653639,7,0.9990148636435895,0,0.0,0
39996,46.681574620600976,5,6,22.604105314915767,4,1.000492155985102,0,0.0,0
39997,24.267953944290436,3,2,8.590504854115197,3,1.0326340977718902,0,0.0,0
39998,24.35974199726767,3,4,19.999461719573496,4,0.9997729785979761,0,0.0,0
39999,29.6665352895509,2,5,16.404210239238278,1,0.9729470888759741,0,0.0,0
40000,30.77966577509926,2,5,19.995391755764285,1,0.14766731177949,0,0.0,0
40001,63.1870590045646,3,2,7.458895354754619,2,0.6019806449708991,0,0.0,0
40002,41.492033074996996,4,6,12.896210452476895,1,0.9592401258069343,0,0.0,0
40003,36.014089091002404,5,1,20.00110341119005,3,0.4405892520891735,0,0.0,0
40004,44.49542793093378,5,3,11.178511404974255,5,0.49996640417818206,0,0.0,0
40005,58.4326519184405,3,5,10.220038797848078,7,0.6519388769044391,0,0.0,0
40006,38.87622597688806,4,6,12.314689241993845,7,1.000033703892902,0,0.0,0
40007,49.17478106979216,3,1,14.193686389278621,7,1.0004138247703116,0,0.0,0
40008,23.205300367115928,3,2,9.631662232611326,5,0.6110787887140682,0,0.0,0
40009,30.504358036924277,4,5,16.041905015908952,1,0.1719286771667261,0,0.0,0
40010,46.46971800309531,3,4,14.79999934304044,5,0.9800671036904327,0,0.0,0
40011,37.00627484313384,1,3,11.360309250711257,3,0.9629195212080142,0,0.0,0
40012,60.21717913590793,6,3,19.596030094537397,3,1.000460944473379,0,0.0,0
40013,46.61931988776406,3,1,18.592158547527685,3,0.9864170643252509,0,0.0,0
40014,48.44237116640057,5,4,19.99876098129284,7,0.6052799375684329,0,0.0,0
40015,48.18447577845809,3,4,20.671120148564455,7,0.5460074748268035,0,0.0,0
40016,46.21650334841711,4,6,18.289778486268943,7,1.0001764108044597,0,0.0,0
40017,57.32031787168522,0,3,6.344604624871994,4,0.5010199504583506,0,0.0,0
40018,26.1517490510421,3,6,14.912978709575597,3,0.44304390710411945,0,0.0,0
40019,50.03055045505275,4,6,6.91337406637028,6,0.1973226701208065,0,0.0,0
40020,35.075968352648445,2,1,14.535546671552389,3,0.9994181160083044,0,0.0,0
40021,55.72311997676931,3,3,13.921331625894062,4,0.49700719500961976,0,0.0,0
40022,43.39827495942694,1,3,15.188269062523146,3,0.6449483022438743,0,0.0,0
40023,35.21013840106356,4,6,10.195086883370617,5,1.0000092716813345,0,0.0,0
40024,56.40201839650402,3,5,21.783407543174604,2,0.9999884066129732,0,0.0,0
40025,46.362680301078036,2,4,20.005733622835063,7,0.7522984638134251,0,0.0,0
40026,23.57141436281589,5,2,14.763281067419406,3,0.5144238651064597,0,0.0,0
40027,46.73113342489335,3,6,19.346964800596815,3,0.9999511836989183,0,0.0,0
40028,50.06236701436796,3,3,9.994672434706539,7,0.9997407192924289,0,0.0,0
40029,28.69615936777366,5,5,3.7316305831949137,1,0.6519033633058566,0,0.0,0
40030,28.11826405137304,2,3,13.530097069970235,2,0.26478808480071825,0,0.0,0
40031,52.41854977624393,2,6,13.734807060566336,6,1.0003264529923037,0,0.0,0
40032,17.604388908528037,2,1,3.483080818947994,4,0.49950362238956547,0,0.0,0
40033,52.17819221532117,3,3,7.88948904867362,3,0.9995919404016429,0,0.0,0
40034,44.47331100001413,4,4,18.392226717305455,1,0.6013110623013426,0,0.0,0
40035,39.04736807557318,1,2,0.0,7,1.0005089865244101,0,0.0,0
40036,46.04328407445742,3,3,4.117414239511653,1,1.0005014022209768,0,0.0,0
40037,36.98163732785041,3,5,18.143525025489534,1,0.6049721290430387,0,0.0,0
40038,34.580276144818555,4,1,3.7725865304832604,7,1.0001469308922162,0,0.0,0
40039,46.19974153223651,5,2,6.166739722079092,6,0.226133369401868,0,0.0,0
40040,47.01779503736502,2,3,9.617143638073548,6,1.0231237951529408,0,0.0,0
40041,16.476521123478726,3,3,10.177699027664662,2,0.9995675060616473,0,0.0,0
40042,28.0278967035126,3,6,9.17939457293207,5,0.4592884870170998,1,22214.735897481147,1
40043,32.46682026906677,4,4,20.00051805698131,3,0.4994380464799233,0,0.0,0
40044,28.48174080151338,4,1,19.996269563505372,0,0.4398242627141829,0,0.0,0
40045,24.92446738400313,3,2,9.559143564887776,2,0.3782467775086237,0,0.0,0
40046,66.4836929686887,4,3,13.473607057903058,4,1.000266688827824,0,0.0,0
40047,47.690868725278925,1,3,17.535642359466436,2,0.5050307445937295,0,0.0,0
40048,54.492244213191086,3,7,18.735145103573046,7,1.0008885465032125,0,0.0,0
40049,33.42954042965364,4,2,15.284398303339675,6,0.9995209591615027,0,0.0,0
40050,52.89651007682791,4,1,6.149592896931785,2,0.3122205177887167,0,0.0,0
40051,30.3799340337917,4,3,19.99598759337625,1,0.9995699005444723,0,0.0,0
40052,46.312851463744906,2,3,8.136824185679476,6,1.000161029878706,0,0.0,0
40053,40.64767995164715,5,6,18.10712805379648,3,0.3435644091626537,0,0.0,0
40054,30.744307606453276,3,4,11.535392516961474,2,0.9908978062111407,0,0.0,0
40055,35.2665917318281,2,5,9.863205604057967,1,0.5569037717644183,0,0.0,0
40056,48.59590287626135,4,3,9.862638050148298,0,0.9229807382306897,0,0.0,0
40057,45.613424768965814,2,4,6.112957068444502,3,0.9995066548238147,0,0.0,0
40058,46.628403591101915,2,3,4.8195825664702046,1,0.9996446978633203,0,0.0,0
40059,26.350072444869863,2,6,10.440329930179447,2,0.6614558895506304,0,0.0,0
40060,44.641173469820565,3,6,9.857492584766547,7,0.9999858887629167,0,0.0,0
40061,26.975583115665493,1,3,1.894741334221255,2,0.6559408792598183,1,15681.005619955418,1
40062,34.44628066012622,1,2,10.908770259568508,7,0.38113168304759193,0,0.0,0
40063,35.57317117394071,2,1,14.394044506675119,2,1.0006667960705478,0,0.0,0
40064,57.02848199198202,4,6,14.79926745403067,7,0.3967768050480318,0,0.0,0
40065,42.956301490665886,6,2,10.41073561699375,7,0.0,0,0.0,0
40066,36.98385483543579,3,5,13.140494300361256,7,0.22486623874791478,0,0.0,0
40067,44.711126153949735,2,6,5.849755059622569,7,0.9997900861878202,0,0.0,0
40068,55.929324556633475,3,1,15.930068874987768,7,1.000487647604946,0,0.0,0
40069,36.08436270969745,3,3,14.895439826569682,2,0.999730353871261,0,0.0,0
40070,55.83856405815223,4,6,8.32983369824119,3,0.19211092998165874,0,0.0,0
40071,60.564356731227136,3,6,19.013855233719546,7,0.9998279740660974,0,0.0,0
40072,41.048897661628025,1,4,6.283065374910098,2,1.000488683094667,0,0.0,0
40073,35.3191209553333,2,3,8.80375411177458,7,0.5806027033832831,0,0.0,0
40074,25.968109289881795,2,6,23.92446765168883,3,0.7597948422654237,0,0.0,0
40075,50.009535247738675,4,2,11.540727928485198,3,0.49954478644795197,0,0.0,0
40076,42.98507075190683,4,2,12.209540486800684,4,0.41626914301539164,0,0.0,0
40077,51.0623567009798,2,3,12.203497233577947,7,0.2901947409654365,0,0.0,0
40078,48.85775937837519,3,2,12.823226691942738,3,0.34853901263790155,0,0.0,0
40079,26.099714037569928,3,3,11.98581595626993,4,0.38170952779676665,0,0.0,0
40080,47.20268414566118,3,6,6.472924922039494,4,0.9402349549515274,0,0.0,0
40081,35.04347972281854,3,3,19.995095464451577,5,0.5921042936948783,0,0.0,0
40082,28.698251952769162,3,6,10.197096847657228,1,0.979811122546257,0,0.0,0
40083,49.05582759324352,4,3,24.68011512300886,7,0.9999005541076749,0,0.0,0
40084,47.082622403869216,7,3,9.085992098780904,7,0.10791855259167094,0,0.0,0
40085,42.126554936072544,3,6,13.853236729674602,3,0.07409667279607735,0,0.0,0
40086,62.29608559082365,2,5,15.04991247593475,7,1.0004428276323583,0,0.0,0
40087,58.25502860264272,3,3,5.28787038182466,4,1.000054917361949,0,0.0,0
40088,64.60748130473412,3,4,10.094834408387936,7,0.9865888478440878,0,0.0,0
40089,45.70902568542912,3,2,17.144750005198393,6,0.9999592562563251,0,0.0,0
40090,44.60664190975448,3,1,16.092042851982136,7,1.0001056001533732,0,0.0,0
40091,36.74715356822199,6,6,16.664687486486784,3,0.8703797817565138,0,0.0,0
40092,42.46463865504006,4,1,7.514000286851921,1,0.999944763311522,0,0.0,0
40093,47.02863465446624,3,4,20.003320750537412,1,1.061550957055443,0,0.0,0
40094,55.94267226034798,4,5,15.850430059375665,1,0.16367855162896672,0,0.0,0
40095,26.78632600970201,2,1,19.42058244628182,7,0.8756462275506927,0,0.0,0
40096,42.521215086702924,3,3,15.369320372034245,7,0.9997501793858186,0,0.0,0
40097,36.854369943717984,3,2,8.474123853144455,3,0.999817570626404,0,0.0,0
40098,31.76095529816131,3,4,14.407792562160708,2,0.9997284816106108,0,0.0,0
40099,58.16726483237683,2,1,19.997117439522164,6,0.09793759209705855,0,0.0,0
40100,52.16268537429,3,3,0.0,7,1.0865348954800327,0,0.0,0
40101,0.0,4,5,8.672294937302254,1,0.6291578537121493,0,0.0,0
40102,46.94060917882667,3,1,20.001357871911537,4,0.42771708041423895,0,0.0,0
40103,43.985194096056624,3,1,0.0,3,0.0,0,0.0,0
40104,67.22164934794688,3,2,15.507058852811207,6,0.9998185671232265,0,0.0,0
40105,70.4688027628305,2,6,19.076616224499272,5,1.000520068770525,0,0.0,0
40106,51.34014523840561,4,2,19.99607277419054,1,1.0000983485627837,0,0.0,0
40107,31.901007090972968,4,6,0.12660699605644332,7,1.000230437667919,0,0.0,0
40108,45.63631908072758,3,2,11.019516333805779,1,0.7132060126614722,0,0.0,0
40109,59.67989613883614,3,5,11.246176293214704,7,1.0001773491863681,0,0.0,0
40110,53.45929915594024,4,1,14.559536532169966,2,0.33594633221466735,0,0.0,0
40111,60.42711371369508,3,6,9.895330205434279,7,1.0005038656236664,0,0.0,0
40112,37.96692809221954,3,6,7.922388942074484,6,0.7511253307732187,0,0.0,0
40113,53.048673323547376,4,6,11.53461397937452,1,1.0074551267273804,0,0.0,0
40114,22.249243812006625,2,2,2.676187639659954,5,0.6651215733849286,0,0.0,0
40115,20.075805100635087,4,5,17.17154288838741,2,0.12438826631114386,0,0.0,0
40116,26.4034547131495,3,2,9.02002995250181,5,0.38919445922979645,0,0.0,0
40117,50.06849365078412,0,1,11.920462298415654,7,0.9997244737931954,0,0.0,0
40118,39.78700925731235,2,6,9.848611934903408,1,0.9279880271120253,0,0.0,0
40119,42.455220654800655,1,4,16.366520882525432,0,0.6134612647657511,0,0.0,0
40120,34.97750179107594,3,4,13.003297595404952,5,0.950515874907619,0,0.0,0
40121,28.435753344342338,4,6,8.866545382900023,6,0.5505610582007245,0,0.0,0
40122,47.5302247617403,3,3,20.002837362879262,2,0.4831186343263614,0,0.0,0
40123,38.21738185945459,3,6,21.211314304298966,7,0.9997083897161176,0,0.0,0
40124,41.97482802089188,2,3,10.198071505911713,2,1.0000906573757469,0,0.0,0
40125,41.27617932438325,5,1,12.00255910193785,3,0.49681859139140777,0,0.0,0
40126,36.32537885383868,4,4,10.977799198176026,6,0.8961539236219496,0,0.0,0
40127,40.02727257338759,3,3,19.994962527058654,1,0.7363331816566289,0,0.0,0
40128,43.583980741987055,4,3,24.338421724004014,2,1.0002785172732618,0,0.0,0
40129,30.635543794016336,4,6,13.977337856365281,7,0.9996627886860714,0,0.0,0
40130,9.86504169565793,2,3,6.12130618022558,0,0.999757930628651,0,0.0,0
40131,43.950448790203005,4,4,6.514873553380924,4,0.8132124338089666,0,0.0,0
40132,32.16044566171568,4,3,11.127731525725624,6,0.9418055079197247,0,0.0,0
40133,33.42466162899819,1,3,3.1159371099044346,3,0.4304251734233878,0,0.0,0
40134,48.10082118185224,1,3,6.579810647263016,3,0.9920334029891634,0,0.0,0
40135,37.356688379405355,2,4,19.99556899814086,1,1.0006265669680074,0,0.0,0
40136,58.970058965152376,2,3,0.0,2,0.08452286507071216,0,0.0,0
40137,43.9047786740666,4,2,6.389515792965916,1,0.3814493354677504,0,0.0,0
40138,44.029593043689886,4,3,10.54118058446974,1,0.9994984830295301,0,0.0,0
40139,62.8529002629999,3,4,10.225353917704298,3,0.6997907559769714,0,0.0,0
40140,43.38836238551691,5,3,0.08265048775061601,3,1.0004268765659026,0,0.0,0
40141,37.15083321917725,2,2,14.518937141364804,7,0.8983945083497533,0,0.0,0
40142,30.504066072814567,3,6,19.998891435209526,1,0.999886265973948,0,0.0,0
40143,39.408762138630436,4,3,3.5719253462137726,3,0.016647846857929083,0,0.0,0
40144,36.54710341458096,1,1,8.832675085217385,4,0.4293854874417616,0,0.0,0
40145,48.695715817968185,3,3,4.51474083105305,7,0.707943110419973,0,0.0,0
40146,26.56348459929812,3,6,16.80646873047781,1,0.12147521925654647,0,0.0,0
40147,31.614787045083567,2,4,4.724926473651981,1,0.481185369974651,0,0.0,0
40148,33.90230664717149,3,7,4.0398827378692985,3,0.20527734191615354,0,0.0,0
40149,34.8276196030465,2,6,1.6479637871139712,7,0.9997179157282905,0,0.0,0
40150,58.41963168708817,2,6,17.465815884971796,6,0.999655709422371,0,0.0,0
40151,45.0105931471902,0,3,6.907322539266444,1,0.3364720967088254,0,0.0,0
40152,36.562369071947415,4,1,11.97060898971158,3,0.36006504332611694,0,0.0,0
40153,37.68786365958122,1,4,15.773723015078883,7,1.0001992227765957,0,0.0,0
40154,42.96080357600269,4,2,12.410020622141618,1,0.3170998760209997,1,3179.788267746588,1
40155,21.926961311594763,2,3,6.7447036300778445,3,1.0000076911305322,0,0.0,0
40156,52.171163554214175,0,3,15.089729337533942,4,0.36349091503225983,0,0.0,0
40157,18.592487948195277,1,2,1.4701677952670753,5,0.1604950343463385,0,0.0,0
40158,70.8919982467005,3,3,2.3503314319228483,3,0.4744029097430618,0,0.0,0
40159,27.87140369532609,4,3,9.512087104068616,4,0.9604123757336018,0,0.0,0
40160,20.491033517288404,2,2,11.587600816704176,1,0.39836996238334005,0,0.0,0
40161,30.7911086426447,2,4,9.756873550358828,7,0.07053117463667702,0,0.0,0
40162,47.0934542870971,3,3,17.728617705196836,3,0.05330927131361429,0,0.0,0
40163,61.95156093264648,4,3,6.137906505342122,4,0.9999072777191196,0,0.0,0
40164,23.802391678170967,5,1,11.116278050323782,3,0.3729253768606677,0,0.0,0
40165,45.46978595072404,4,2,4.751794821919788,7,1.0003189778266508,0,0.0,0
40166,25.379924115186302,3,6,19.54093230348821,3,0.4324709610340637,0,0.0,0
40167,62.18357487571741,4,6,22.982088373367514,6,0.9669134420477477,0,0.0,0
40168,51.46715824890351,2,3,8.111854007943784,4,0.0,0,0.0,0
40169,51.115937463031514,2,5,26.635439913505373,7,1.0000580394961271,0,0.0,0
40170,37.02284375966153,4,3,9.085033450577068,4,0.49985121935946497,0,0.0,0
40171,36.81887191704147,2,3,6.001910594316738,2,0.3285703813213755,0,0.0,0
40172,21.082641161172596,3,6,22.319027640609963,1,0.38274952041095367,0,0.0,0
40173,43.56580716008101,2,2,0.0,7,1.0002177884080812,1,5601.064779650457,1
40174,49.78222546394953,3,3,7.719962313415909,0,1.0005760259630234,0,0.0,0
40175,36.0767559906098,1,3,10.912370272490973,4,0.5236486506794502,0,0.0,0
40176,29.676759990648193,2,2,16.638400234245495,2,0.5365243931771994,0,0.0,0
40177,38.3912830819811,2,1,19.992730636616898,8,0.2287358573630618,0,0.0,0
40178,29.626084218624623,2,3,0.0,5,0.9995294914851155,0,0.0,0
40179,33.81681672151176,2,3,24.06535361302719,4,0.5021680863688242,0,0.0,0
40180,45.944111829642914,2,3,9.89277380312369,4,1.0000951453701634,0,0.0,0
40181,63.1063023659479,3,4,20.002390062800032,4,0.5044655626038227,0,0.0,0
40182,32.0251947800346,3,5,16.966893825767865,7,0.2228094050625049,0,0.0,0
40183,48.331508652534986,3,4,19.994648028636938,2,0.9997708780931135,0,0.0,0
40184,41.130853594002055,3,6,7.1656550506688355,7,1.0001051204339715,0,0.0,0
40185,36.33663696909856,3,4,19.998799236066446,1,1.0000915233768557,0,0.0,0
40186,53.52894806815673,2,1,6.770479771784597,7,0.5285456743127936,0,0.0,0
40187,31.32470992615978,2,6,3.0565401736215723,2,0.35731426923290904,0,0.0,0
40188,58.806465913202366,3,4,11.264156168890345,3,0.12470341913128646,0,0.0,0
40189,45.45329507916236,3,4,19.997305163745096,7,1.0001484711095685,0,0.0,0
40190,27.794076102312488,3,2,10.663954522614965,1,0.0,0,0.0,0
40191,66.9307636541803,2,1,12.437648202963963,3,1.0000145468461408,0,0.0,0
40192,48.21214006778198,3,1,20.007132386935638,0,1.3250370456634695,0,0.0,0
40193,54.49984201432487,2,5,12.257752197383274,7,1.0004480170231758,0,0.0,0
40194,22.62410238104406,1,3,9.603479188571043,6,0.7642426749386587,0,0.0,0
40195,56.75743782353065,3,2,11.754932991752906,5,0.20064146291201457,0,0.0,0
40196,22.7397618493767,3,1,15.973097857916269,7,1.000408812974108,0,0.0,0
40197,54.59630880930793,2,6,20.488188140238297,2,0.5687778082964088,0,0.0,0
40198,62.295029458331356,3,3,24.894508636183893,2,1.000029598495314,0,0.0,0
40199,63.59003501291931,2,3,9.701128352300408,4,0.376094931870333,0,0.0,0
40200,27.81159219068626,2,1,19.586431588731124,7,0.9998504485927995,0,0.0,0
40201,36.35682731557239,4,6,10.138012344319888,7,0.6700954818654729,0,0.0,0
40202,52.438808454014904,4,6,0.6787354125425775,7,1.000240133946999,0,0.0,0
40203,54.55958232257609,3,6,17.648123673913762,3,0.52083961747989,0,0.0,0
40204,39.4380597385536,5,3,18.04238024692493,7,1.0004292973467892,0,0.0,0
40205,45.243452705851084,3,4,16.34622729556579,1,0.6246582427991028,0,0.0,0
40206,39.54094478757707,1,7,15.349657448424823,7,0.1548366311879067,0,0.0,0
40207,32.25526943615191,2,3,2.859712115408339,3,0.4125556283595769,0,0.0,0
40208,64.59427688660483,4,1,14.240462060811119,5,0.5981022065501366,0,0.0,0
40209,32.21797398487885,1,1,15.478138796121293,4,0.5007914011777461,0,0.0,0
40210,48.999945645727735,4,3,12.137463967518196,7,0.6393623158531114,0,0.0,0
40211,47.678969926976634,6,1,12.862109382117769,2,0.5069503252575993,0,0.0,0
40212,30.193953512716213,3,2,10.58936194265435,4,1.012925011302067,0,0.0,0
40213,30.187754448293067,1,2,11.78945633984856,4,1.0012938883054674,0,0.0,0
40214,60.68258572301183,2,3,14.315077474220358,7,0.7455453530715522,0,0.0,0
40215,54.055326374025775,3,3,11.393662162527598,6,0.9749697106140054,0,0.0,0
40216,50.550830523344544,4,2,4.052397479167045,7,0.6656255661794696,0,0.0,0
40217,24.002111626269965,3,2,2.8557301180988066,3,0.5063489529092096,0,0.0,0
40218,30.3978511004906,3,2,0.0,7,0.9998836514271843,0,0.0,0
40219,30.64653005714329,0,6,5.398802827744246,1,0.15373954908697818,0,0.0,0
40220,33.83775081431623,2,7,11.785597137917613,1,0.17438369871636894,0,0.0,0
40221,28.732457255084924,6,4,7.980165630849793,1,0.968589356553591,0,0.0,0
40222,32.449900615357635,2,3,6.308904575821059,4,0.49801994884580003,0,0.0,0
40223,26.047894228548216,2,3,1.237489481268824,0,1.0001422011623398,0,0.0,0
40224,56.0990784503129,3,3,12.246982900020914,1,0.9998422343545903,0,0.0,0
40225,51.46493585186367,3,3,14.820483135202453,1,0.9999171352358368,0,0.0,0
40226,47.266583769432344,6,3,3.4962243162162263,7,1.1469706000436695,0,0.0,0
40227,38.473875725016995,1,5,14.62723006711803,2,0.9465073875477572,0,0.0,0
40228,38.52519804378358,1,1,5.653557920890728,7,0.9999841224910396,0,0.0,0
40229,54.96302668960866,4,3,12.47154191934436,7,0.9999528122387509,0,0.0,0
40230,24.28876696803995,3,0,11.692221046145612,4,1.000415058521597,0,0.0,0
40231,53.804425904208586,3,1,15.14834539005933,1,0.5106868422120936,0,0.0,0
40232,49.07415616429881,3,3,4.838770557994743,7,0.07092884073168215,0,0.0,0
40233,63.83760666734923,3,3,4.676457172347839,3,0.9998313301107766,0,0.0,0
40234,45.0088121135698,4,6,20.75293970040002,7,0.9997461551691748,0,0.0,0
40235,45.72595214595701,3,6,2.101486595953185,7,0.18243642452827458,0,0.0,0
40236,51.43685702248053,3,3,9.492488154103397,1,0.4973909378840812,0,0.0,0
40237,52.0903372482146,2,1,15.103454813172283,3,0.4002413758693073,0,0.0,0
40238,48.63768534141474,4,3,11.421740525610472,4,1.0003307377828337,0,0.0,0
40239,27.958417777523096,4,3,1.8015616947190303,6,0.45625970082167566,1,47172.3624175181,1
40240,48.18168860344153,3,0,16.855275592447946,2,0.999598895203053,0,0.0,0
40241,23.87695713445241,1,3,14.437395001283452,1,0.9531281726159798,0,0.0,0
40242,45.262039266189085,3,2,0.5781629070525174,7,1.000117679450119,0,0.0,0
40243,40.95322163767533,5,3,2.8204300673595952,4,0.0,0,0.0,0
40244,42.934989856743414,6,3,0.0,5,1.0541172231922573,0,0.0,0
40245,17.946000121282385,2,1,15.743772226733746,0,0.4916601249447422,0,0.0,0
40246,30.572145838160303,1,3,8.712910450424388,7,0.19010265658598186,0,0.0,0
40247,52.82669759771755,5,4,13.319081464062807,7,0.8995044349947586,0,0.0,0
40248,66.70699538898022,2,3,15.583372309580684,4,0.32810862037619554,0,0.0,0
40249,48.2333382258718,4,3,12.397743695581292,3,0.9997142157488105,0,0.0,0
40250,30.132960276105962,1,4,2.688017555683535,3,0.6068928196817321,0,0.0,0
40251,46.40562104693152,3,6,15.846201571030992,2,0.4993162449131915,0,0.0,0
40252,49.86973943854731,2,3,7.774342410080548,7,0.9998725911558894,0,0.0,0
40253,47.66193804848565,5,6,2.435605680249349,6,0.7189575538340176,0,0.0,0
40254,33.88421249031522,3,6,27.210944720678203,4,1.0003874545189897,0,0.0,0
40255,45.530340176157054,2,2,2.955165706976178,7,0.9271956807571788,0,0.0,0
40256,36.412771792215736,3,5,17.463924307827405,7,0.9686618711246802,0,0.0,0
40257,28.79657169673754,5,7,17.410888749021495,6,0.0,0,0.0,0
40258,53.14084233568781,3,5,11.409720418038377,3,0.5044692735415841,0,0.0,0
40259,33.58641458111791,4,3,1.6787031725364052,3,0.467199006828254,0,0.0,0
40260,64.34777471758058,4,4,19.99840921658972,1,0.211796594621543,0,0.0,0
40261,30.342397174102004,3,3,12.17177190705161,4,0.33248273871492384,0,0.0,0
40262,53.063084016075564,3,3,3.411664438724065,3,0.9997138002448618,0,0.0,0
40263,25.99138792478772,1,1,0.0,7,0.0,0,0.0,0
40264,48.66404497036075,5,6,22.266514136944924,7,0.18777216063864222,0,0.0,0
40265,47.7962883478234,1,6,10.298139881316896,7,0.47232730032852244,1,2456.392708170795,1
40266,38.063712680187834,3,3,1.5421062973888215,2,0.47845481259472045,0,0.0,0
40267,28.553448145544863,4,1,3.3845552660765543,3,0.999836827945404,0,0.0,0
40268,23.746014712571757,3,2,12.577520880186862,5,0.583877144463638,0,0.0,0
40269,41.59460874277035,4,6,4.205588528212839,2,0.13366219118758704,0,0.0,0
40270,35.212461987390995,4,1,8.462434732681688,7,0.9729568155546018,0,0.0,0
40271,36.59149370344172,2,3,9.28235561338036,3,0.2704796819402158,0,0.0,0
40272,41.47738047879757,3,6,13.143618751125423,1,0.9351970088438504,0,0.0,0
40273,39.32469206716291,2,2,16.826244326783193,7,0.9998137690870323,0,0.0,0
40274,65.8909230284653,1,6,4.2436672564896005,7,1.0000453532656246,0,0.0,0
40275,40.42992786301739,6,5,15.906229490900916,7,0.9250316436954099,0,0.0,0
40276,55.865502982921186,4,2,15.337193732333233,1,0.9999577212377186,0,0.0,0
40277,33.08209975779729,3,6,4.5163472046296596,7,0.9997319622894082,0,0.0,0
40278,29.434655145618564,4,3,8.07073555131333,2,1.0004709263654286,0,0.0,0
40279,17.27554324072812,4,6,10.276922871559867,1,0.8972155672713263,0,0.0,0
40280,35.57578050380968,4,3,17.07069176572329,7,0.7713721697824547,0,0.0,0
40281,40.6068527418967,5,6,15.34531005134886,1,0.9626317869182499,0,0.0,0
40282,33.469128131296316,4,2,18.178020766800913,2,0.9732567195608749,0,0.0,0
40283,38.00546964490612,3,1,12.475449339563115,3,0.49417381754641715,0,0.0,0
40284,56.869823737721624,5,4,20.01235147290123,1,1.0001725954397493,0,0.0,0
40285,71.69783270277765,4,1,13.49747150546507,5,0.9996590264294458,0,0.0,0
40286,40.105846211513885,4,3,20.376120254028955,6,0.4923072160184755,0,0.0,0
40287,36.91509111908707,5,3,7.77394004978018,7,0.7117799868576893,0,0.0,0
40288,39.45762678057731,3,4,20.00729187103463,5,0.5020938835985361,0,0.0,0
40289,31.19996609541574,4,6,7.47948146961161,2,1.0000223637050643,0,0.0,0
40290,36.89358713725868,5,2,6.423028659839558,7,0.4719586647695331,0,0.0,0
40291,41.20182548345966,1,6,21.77113682662133,6,0.7716689717121872,0,0.0,0
40292,33.06917584328632,0,1,0.44446601360838933,0,0.24452492453205749,0,0.0,0
40293,41.23407394541047,3,1,7.023533251651518,5,1.0001767858074126,0,0.0,0
40294,20.495757108146247,6,6,8.435838460663991,2,0.2818960238396425,0,0.0,0
40295,41.334244440767286,2,3,11.796821956732664,7,0.9999656590007028,0,0.0,0
40296,53.836324852404836,5,2,5.741744867182121,5,0.9066348299432672,0,0.0,0
40297,33.937796673319156,3,5,12.637342734854071,1,1.0003909256352344,0,0.0,0
40298,31.855030264119,4,6,16.44317737283686,2,0.28955881994423976,0,0.0,0
40299,41.86029512202171,2,6,2.882725703368928,6,0.7121088669435555,0,0.0,0
40300,11.296665159108954,2,3,4.6370455187878665,3,0.2762155902011964,0,0.0,0
40301,46.92528594754044,3,2,16.375800628087987,7,0.9994556490868798,1,10902.87482300862,1
40302,56.96582568209734,4,3,2.6098020818603747,6,0.4889448992784028,0,0.0,0
40303,45.1149378277092,4,6,9.727732804852474,1,0.9670327630838886,0,0.0,0
40304,35.815821892233345,2,3,14.659185699002371,7,0.9999580555807823,0,0.0,0
40305,52.571759704775964,4,3,5.615070877450997,2,1.0002041943715814,0,0.0,0
40306,30.613004163250842,2,3,7.094552799249905,1,0.8892059907735207,0,0.0,0
40307,39.25323570631775,1,7,13.91612624410697,7,0.5677295854351361,0,0.0,0
40308,51.534006638262,2,1,18.517563998784908,2,0.7312519503404338,0,0.0,0
40309,66.82544475582688,2,3,15.231601925782591,7,0.3665439217052942,0,0.0,0
40310,30.06138233243258,4,1,2.6550708767105036,5,0.5126922709353743,0,0.0,0
40311,43.44202668160903,3,3,18.140420453000615,1,0.24746729644108795,0,0.0,0
40312,42.07600785026431,4,1,19.999659715967226,0,0.0,0,0.0,0
40313,61.5878570434155,3,1,13.341753262133176,1,0.0943466104745806,0,0.0,0
40314,53.22152227848859,3,1,19.51248468165898,7,0.9998986671515637,0,0.0,0
40315,39.14050987127769,2,3,16.598401053900574,1,0.6390626041099517,0,0.0,0
40316,57.47267266730405,2,3,6.29602852146454,7,0.9999338939815494,0,0.0,0
40317,14.17088108760154,3,4,9.135414559854395,1,0.9690203990488874,0,0.0,0
40318,63.02094956389136,3,3,14.854239991947459,5,1.0001396706646937,0,0.0,0
40319,51.659544887206685,4,2,13.142630511738586,1,0.9970532793042911,0,0.0,0
40320,48.52186877685473,3,4,0.0,1,0.7055920033793498,0,0.0,0
40321,61.74874220142794,4,1,3.577548299977236,5,0.4972469929329504,0,0.0,0
40322,27.562129275631904,2,3,14.264376945398633,7,0.9183628853531771,0,0.0,0
40323,38.745374552695935,3,6,13.281749766029025,6,1.1097378053790923,0,0.0,0
40324,25.095268844983714,4,5,6.482347443397484,4,0.3473844804679865,0,0.0,0
40325,58.990206207443606,3,1,9.976675098180026,7,1.000053947471753,0,0.0,0
40326,23.407107076982026,2,3,14.810397443662959,1,0.396577223948916,0,0.0,0
40327,34.54087297315552,4,3,13.217893605196704,7,1.0000664334845089,0,0.0,0
40328,37.11792140806163,2,3,7.320337659487411,2,1.000383033589984,0,0.0,0
40329,45.41007468456657,1,3,2.2947557676435775,6,1.0005367933438467,0,0.0,0
40330,23.757855975238908,2,3,0.6213302199389972,3,0.7008038135771294,0,0.0,0
40331,31.07597164166002,2,3,0.0,2,1.0004225670217568,0,0.0,0
40332,36.303822738575064,2,1,11.686636885621917,2,0.6451612283925551,0,0.0,0
40333,39.01919520172467,1,3,12.881904361386958,0,0.40423257468107016,0,0.0,0
40334,30.610285531845378,5,6,0.0,1,0.4245748558447162,0,0.0,0
40335,35.06158355612259,2,1,8.460784841277182,7,0.1635504067589496,0,0.0,0
40336,49.09891751294219,4,2,13.105554192700266,1,0.17231677083744013,0,0.0,0
40337,23.814504378870012,3,3,12.224411140297855,4,0.5567173585648385,0,0.0,0
40338,35.4634423401357,1,6,18.30154346023891,1,0.6190889208022486,0,0.0,0
40339,50.42615618175775,3,4,0.5813629137037069,7,0.956904331515466,0,0.0,0
40340,18.292532458471864,4,5,11.044837312208045,3,0.0,0,0.0,0
40341,46.774209710098475,0,1,1.8813317099404756,5,0.49672299212292736,0,0.0,0
40342,32.04035093204268,3,3,12.264729546887093,7,0.27768453569142315,0,0.0,0
40343,65.05882073895299,2,3,11.837579945116245,7,1.0000016191134422,0,0.0,0
40344,44.566275244986834,4,5,15.02860085673004,1,0.5036852458238613,0,0.0,0
40345,34.94322861619124,3,2,12.619999498507699,2,1.0004644410778603,0,0.0,0
40346,49.59535867510111,3,5,14.735332647405622,7,0.49635006528788944,0,0.0,0
40347,39.47073576227863,2,3,19.708143609397023,2,1.0000754108426866,0,0.0,0
40348,32.53296753633908,4,6,3.766437515574088,4,0.14792119544403082,0,0.0,0
40349,55.56943720265598,2,6,5.518480994149975,4,1.000663652091816,0,0.0,0
40350,40.77555540344931,4,6,8.496974668083546,1,0.987986966156222,0,0.0,0
40351,37.71382054884855,5,3,7.498876491011493,7,0.20334833886772724,0,0.0,0
40352,39.034742599797205,4,5,12.126419929487634,1,0.6699691969075546,0,0.0,0
40353,50.4603501119381,3,3,5.132110634775197,1,0.06617219444743039,0,0.0,0
40354,13.584599749396194,4,2,3.513069569273802,7,0.44195152978380625,0,0.0,0
40355,38.77496297646042,2,2,4.400232936534671,7,0.7939313766004712,1,21835.931403377333,1
40356,39.97881622372477,2,3,13.447116852224333,3,0.14600892574224966,0,0.0,0
40357,52.93303843724706,2,3,7.431454960929118,2,0.23607067997706177,0,0.0,0
40358,50.38427153888503,5,2,13.943616196399354,4,0.9764447475293516,0,0.0,0
40359,44.99488762583682,4,4,22.08036724658151,7,0.34386773516377483,0,0.0,0
40360,72.01944987956445,3,3,21.806357703423885,3,1.0001101369288325,0,0.0,0
40361,50.30149534734762,3,2,0.0,7,0.5955925447881353,0,0.0,0
40362,55.20256631014669,3,3,20.000805396703086,5,0.7289625131561561,0,0.0,0
40363,52.10647061737142,1,3,22.226883132195383,7,1.0003011594925582,0,0.0,0
40364,40.1399209864306,2,4,6.57379150209735,1,0.9502864173067544,0,0.0,0
40365,25.30646747452548,1,3,3.1797392520140715,2,0.5622045121582426,1,6811.728827855285,1
40366,51.086984749087904,3,5,17.44951193816963,2,0.2246493404308969,0,0.0,0
40367,48.63149479456997,2,1,15.91593530885687,4,0.3206379485369018,0,0.0,0
40368,17.457575699818502,5,2,4.370999036691235,1,0.5513963682202605,0,0.0,0
40369,42.62807752555806,4,1,16.398960343834034,7,0.30250823270569327,0,0.0,0
40370,52.14656213171365,3,2,22.574588465584153,7,0.8009911258949871,0,0.0,0
40371,24.54549218733974,2,3,0.0,2,0.1640548806108938,0,0.0,0
40372,47.80018635358789,4,6,1.7634322411598653,7,0.5837519380429378,0,0.0,0
40373,21.589972103512522,3,3,6.3528420635704155,2,0.9999565797897858,1,17516.589435467446,1
40374,30.494688987682952,4,3,5.317854612603931,7,0.9998810556779837,0,0.0,0
40375,7.554384360150337,2,7,6.83841371168125,7,0.0,0,0.0,0
40376,70.32258375223925,3,3,20.216622317912922,3,1.000176457645486,0,0.0,0
40377,45.789489600881794,3,1,16.35419538869329,5,0.7041542126479747,0,0.0,0
40378,48.943605205109726,1,1,0.17580033702466835,7,1.0003268902484583,0,0.0,0
40379,61.382564300718364,5,1,3.8565385244580934,7,0.9992600455596279,0,0.0,0
40380,26.722884781388508,4,3,0.7489466522504014,4,0.3874837150922496,0,0.0,0
40381,54.005887824940466,4,6,14.835490907890815,7,0.9999110768627517,0,0.0,0
40382,26.318152623479516,2,4,15.518955148289232,1,0.965934221988441,0,0.0,0
40383,40.3538912872742,3,1,8.70853027661963,7,0.9999263695288165,0,0.0,0
40384,67.14885843791606,2,4,17.233919257313417,7,1.0063008280695476,0,0.0,0
40385,48.46311922819582,2,6,16.655027879450255,2,0.9999787499256965,0,0.0,0
40386,54.62705149131696,3,3,11.09949815147843,3,0.9999032870242874,0,0.0,0
40387,50.97322706620437,2,3,0.3650178413424001,7,0.8827245555301534,0,0.0,0
40388,40.618086092769566,4,6,10.510343706515036,6,0.7085658990945314,0,0.0,0
40389,59.977150748351065,4,4,17.93656831148526,7,0.39539189376553147,0,0.0,0
40390,38.93485334440308,2,4,19.992644491603485,7,0.9994405176048128,0,0.0,0
40391,55.093860901696736,2,3,10.644997494822032,4,0.9891993185736523,0,0.0,0
40392,24.82350562721705,3,2,4.593125132476319,7,0.9992716271004931,0,0.0,0
40393,62.25474809117247,3,6,6.923971461831253,6,0.3093353249597279,0,0.0,0
40394,51.23495517644807,2,3,12.656151264411324,6,0.9998942408186825,0,0.0,0
40395,54.79236087221023,3,6,17.3505398177325,2,0.4269016985334821,0,0.0,0
40396,24.808172298118173,2,2,13.529080154029874,2,0.1190987336386875,0,0.0,0
40397,49.42700979971366,4,2,6.125884014508811,5,0.7338811915390876,0,0.0,0
40398,30.76875317501828,1,3,5.800176045834417,7,0.8110896860016918,0,0.0,0
40399,55.117573845956485,1,1,15.841128749500715,7,0.999862779983272,0,0.0,0
40400,47.23534745796721,4,4,20.003295949124997,7,0.6361265714184259,0,0.0,0
40401,54.387597148700415,3,3,16.246897021401416,6,1.000271668020235,0,0.0,0
40402,24.67172966230866,1,2,13.51800067634429,4,0.35515753339023554,0,0.0,0
40403,42.43174789961736,4,3,16.114038782685405,4,0.44116216281292786,0,0.0,0
40404,38.35141025836428,3,4,7.428048733834637,4,1.0005267237118356,0,0.0,0
40405,28.39042989237818,4,2,11.153703662188292,1,0.45427499051485987,0,0.0,0
40406,68.0630186015364,4,1,8.137873153211684,7,0.9993743586629654,0,0.0,0
40407,55.52806023019438,1,5,0.0,5,0.6476115908477857,0,0.0,0
40408,34.21586926946377,2,3,5.860888137085316,3,0.9999822166751737,0,0.0,0
40409,27.183539642216893,4,4,14.924584596515018,4,0.5248889162652141,0,0.0,0
40410,51.24573356531833,4,4,19.997522067927953,1,1.0000712110113574,0,0.0,0
40411,38.24204381654579,3,4,5.952785806617919,4,0.9998906310945599,0,0.0,0
40412,32.96192240351038,2,6,19.234926890374584,5,0.5736145013686184,0,0.0,0
40413,23.390374135891356,3,2,3.9227947375835814,4,1.0001242374472996,0,0.0,0
40414,71.38879554904548,4,3,9.035299191335998,4,1.0001003484762387,0,0.0,0
40415,34.95491971626013,3,4,14.966839202151679,3,0.6171900199534277,0,0.0,0
40416,44.647267669407185,3,6,3.733747609472334,6,0.4294809031779584,0,0.0,0
40417,33.920095536023844,1,1,0.2459218428485741,6,0.4463915981256952,0,0.0,0
40418,43.993043462923225,2,3,13.342372403837505,7,0.0888065968474614,0,0.0,0
40419,29.98839057558375,7,7,12.385025887281788,5,0.18804266444338225,0,0.0,0
40420,32.4485099218451,4,2,7.991651501476444,7,0.6962106457228748,0,0.0,0
40421,49.677305246787995,3,6,3.965527919475634,7,1.0003233278652435,0,0.0,0
40422,46.680468524014024,3,3,16.69541630353788,3,0.9993259405953903,1,1490.541571970081,1
40423,45.617476041301465,3,6,19.083224680068444,2,0.4875939629074341,0,0.0,0
40424,36.79678089148142,1,2,12.734215393112452,7,1.0661961329963607,0,0.0,0
40425,35.50052029448752,1,1,19.98503856953449,3,0.29384650428714376,0,0.0,0
40426,50.54623311112028,1,3,2.311398218322797,4,1.0007127979713595,0,0.0,0
40427,26.00114957403785,2,6,3.975014887040965,2,0.5815281912910697,0,0.0,0
40428,59.17166289581418,2,3,6.33339673751086,1,1.0001846757124613,0,0.0,0
40429,28.80495004372996,2,3,12.061833779518484,7,0.6478485596936921,0,0.0,0
40430,49.87248035476304,3,3,10.837060646752992,7,0.3408033662932118,0,0.0,0
40431,61.74530583630292,2,5,13.923067051153922,3,0.8871493979198213,0,0.0,0
40432,47.04820344510643,0,3,7.193679208502708,6,0.9999564547137254,0,0.0,0
40433,34.72931595896178,3,3,12.913964701865394,0,0.07995308044082527,0,0.0,0
40434,51.700630996240534,3,1,15.335876231012112,3,0.5007770909528096,0,0.0,0
40435,52.61813151453968,6,3,0.0,6,0.35894972462058566,0,0.0,0
40436,55.87722642116334,6,3,9.046957452620639,1,0.6491728545025285,0,0.0,0
40437,57.18852003545669,5,1,7.372338061492382,5,1.0000696288665574,0,0.0,0
40438,40.57223400320346,3,2,14.4846052260161,4,1.0002032804435221,0,0.0,0
40439,29.90952479693955,3,0,22.899263803816567,4,0.9999469431932184,0,0.0,0
40440,36.64472646353271,2,3,0.0,7,0.9995748567492619,0,0.0,0
40441,36.87370078360522,3,4,21.885757046473064,1,0.32797530742745684,0,0.0,0
40442,38.171635059456015,4,5,12.75918041220039,7,0.999787141034431,0,0.0,0
40443,35.195139612826424,6,3,16.115002211178243,1,0.6962966238835545,0,0.0,0
40444,18.9292716739881,4,3,23.606279436278054,3,0.22469956867427515,0,0.0,0
40445,38.4008777241238,3,1,0.0,7,0.4374804550933658,0,0.0,0
40446,38.24568557589912,3,3,2.0288333701293784,6,0.9995306938358879,0,0.0,0
40447,27.10095030974634,1,3,22.09197450040122,6,0.9997172880494156,0,0.0,0
40448,78.3974229338506,2,4,5.734511249165645,1,1.016142781768783,0,0.0,0
40449,28.236430768022323,3,7,0.0,8,0.01331315833632929,0,0.0,0
40450,39.08100473381746,3,3,7.633762588199952,7,1.0004114556719887,0,0.0,0
40451,37.74427233496978,4,3,14.803327816715736,2,0.4987144753648139,0,0.0,0
40452,60.733554119049245,3,3,17.408407723669654,7,0.9999992112042284,0,0.0,0
40453,36.418980435721615,3,1,11.514259344513153,4,0.999738232358695,0,0.0,0
40454,63.73037066910196,3,4,19.992218138952566,1,0.8013967961988386,0,0.0,0
40455,48.930217285871976,2,3,9.573551436748682,4,1.0003147272684567,0,0.0,0
40456,46.84118909707418,3,6,16.12740176648075,7,0.9999413050173617,0,0.0,0
40457,55.276061934317774,6,4,6.183177796033326,1,0.9829840413294084,0,0.0,0
40458,34.69021521543748,3,2,7.481360605548803,6,0.9639754514937784,0,0.0,0
40459,60.2650109793839,2,3,12.810651870252446,7,0.9997509504574591,0,0.0,0
40460,45.258421361583586,3,3,7.826542806990722,7,0.49891253944335634,0,0.0,0
40461,28.72358888731287,5,6,14.069464722954251,3,0.5695715901887862,0,0.0,0
40462,39.74550118466848,3,6,16.520117127957906,3,0.9998506298167947,0,0.0,0
40463,14.312854501046125,3,3,10.496309116511576,2,0.9075702243902549,0,0.0,0
40464,52.0269423098843,4,6,7.4635733854921416,4,0.07804606949515269,0,0.0,0
40465,41.97913259217583,3,5,13.118132592887358,7,0.9998074924821629,0,0.0,0
40466,18.97209277583167,5,1,15.441044006504786,7,0.0,0,0.0,0
40467,33.608099853087424,6,3,5.681085149248539,0,0.33797215037374057,0,0.0,0
40468,70.11783885375468,4,6,19.993399829978284,1,0.4092908983852965,0,0.0,0
40469,41.37588769675836,3,4,4.171705699085733,5,0.6355197374703393,0,0.0,0
40470,30.295575033341557,2,1,1.1764168583669843,7,0.12579685234903282,0,0.0,0
40471,46.68083358454558,3,1,12.783132259395728,2,0.9919757023232366,0,0.0,0
40472,43.128038297252644,2,6,13.985768560239986,5,0.9994929592725204,0,0.0,0
40473,43.23531456351882,3,2,6.48978506236801,7,1.00090312127721,0,0.0,0
40474,39.444704706413866,3,3,18.739110766858694,3,0.9995579269918325,0,0.0,0
40475,31.09695822043284,3,4,19.979346810797786,7,0.003295005064891443,0,0.0,0
40476,40.83100744222972,3,2,1.0194257568082126,6,0.25454373683251186,0,0.0,0
40477,30.828803718267025,2,6,4.691290936595084,7,0.19758075013888438,0,0.0,0
40478,52.7395234751059,3,4,20.002189393975534,7,0.9998264212717818,0,0.0,0
40479,25.515139670995882,3,1,11.878839592507731,2,1.0005431381060363,0,0.0,0
40480,33.55944471928114,6,1,19.99365167385789,2,0.752499599472524,0,0.0,0
40481,51.72920840872186,3,1,0.49073493020696546,1,0.7097760003265444,0,0.0,0
40482,45.48432951305801,5,5,12.390226739109485,5,0.5004838070760496,0,0.0,0
40483,61.32860845327333,3,2,11.14137665214726,2,1.0004636573447614,0,0.0,0
40484,35.74362004137814,4,2,16.026828943502807,1,0.5558842562292775,0,0.0,0
40485,24.971434656956774,4,6,10.86902051530736,2,0.3149793655498851,0,0.0,0
40486,43.76045331938502,4,6,17.06280352757008,2,0.7633255966702305,0,0.0,0
40487,50.47817735429291,4,3,0.0,4,0.49907016026744355,0,0.0,0
40488,62.17020659153154,4,5,5.077041826643012,1,0.0,0,0.0,0
40489,35.620971652140796,5,5,19.994990768687252,1,0.8343485643850652,0,0.0,0
40490,43.24845230998511,2,5,7.5813837006088995,7,0.9998745517425145,0,0.0,0
40491,51.00634702440639,3,2,11.247389721078537,7,1.0001048219168647,0,0.0,0
40492,51.317580753116644,3,3,18.929494257405427,7,1.0004392540552824,0,0.0,0
40493,56.93586751104941,3,7,14.77707026500201,7,0.9507818363223244,0,0.0,0
40494,57.451016499026586,2,6,15.25996554877376,1,0.7474372412665744,0,0.0,0
40495,40.24732511406514,3,3,20.005816428123232,8,0.49757140602253414,0,0.0,0
40496,44.52946793117547,3,6,15.224816118503597,1,0.5699779862461448,0,0.0,0
40497,40.344190003837525,3,4,20.00194351585902,1,0.6224170222730578,0,0.0,0
40498,29.73622608237695,4,1,4.398995873972817,3,0.3169491661223317,0,0.0,0
40499,35.37907449344153,5,6,17.50386263753109,4,0.48027946368429075,0,0.0,0
40500,53.38063512904141,2,6,11.77605718636859,7,0.9999056109348339,0,0.0,0
40501,26.299456132430283,3,2,8.420021303165466,5,0.9995983147109624,0,0.0,0
40502,65.13786041455157,5,6,16.90783088899585,0,1.0001076558892272,0,0.0,0
40503,59.52700535180722,3,3,12.359269928947128,7,0.9995191440908431,0,0.0,0
40504,30.325920471596483,1,5,5.83121875773528,4,0.9922932145254348,0,0.0,0
40505,47.222851619500894,2,1,15.703714856020296,4,0.9998669175502565,0,0.0,0
40506,18.64586056709951,4,3,22.20617707506029,1,0.9435449581751707,0,0.0,0
40507,36.07176012523302,3,1,15.482692024109273,4,0.43038668745321373,0,0.0,0
40508,30.436518576229183,3,3,16.769987343804303,1,0.4970476727147849,0,0.0,0
40509,47.24522955119188,1,6,14.371824772348377,3,0.5295434383211794,0,0.0,0
40510,29.784508143320917,4,1,17.033594284416548,2,0.9766831443800081,0,0.0,0
40511,25.44670774484522,4,2,15.628397285435828,1,0.5528311979157146,0,0.0,0
40512,23.781447426893532,3,1,9.625756696067658,0,0.20270863551305307,0,0.0,0
40513,54.523689429005685,5,5,20.80193148300952,3,0.9999733801247974,0,0.0,0
40514,27.90389234847791,2,1,12.098968877301578,1,1.000038425824997,0,0.0,0
40515,32.60426669935151,0,1,5.038306480194889,4,0.170050193275191,0,0.0,0
40516,34.177437788186495,3,3,19.998141717952137,5,0.47629962698225536,0,0.0,0
40517,24.57413336646722,2,6,12.4739869490585,4,1.0005426644930353,0,0.0,0
40518,38.22300935443477,3,1,20.009692003730542,2,0.22112368376439762,0,0.0,0
40519,14.866108435613494,1,4,7.771331507468945,4,0.11966437153980292,0,0.0,0
40520,35.236099717330895,2,1,11.677974215840392,7,0.4754735217441728,0,0.0,0
40521,42.85932145509962,4,3,14.232811517369672,5,0.5431772594587672,0,0.0,0
40522,35.30774121257157,4,3,3.2420036061001873,7,0.8974301377403737,0,0.0,0
40523,19.607986376834546,3,5,5.820981250653756,2,0.3309152541104668,0,0.0,0
40524,54.31442670532098,1,3,14.398530128245865,4,0.9997442845069697,0,0.0,0
40525,30.15795850461743,3,1,20.006047975799163,3,0.31732754193015644,0,0.0,0
40526,51.261986910497725,3,4,1.304465092874862,7,1.3550676068745329,0,0.0,0
40527,41.49251280563887,3,3,8.524062064322088,7,0.9996383919850687,0,0.0,0
40528,50.19765852076397,1,1,8.10533215199921,6,0.6099977131949333,0,0.0,0
40529,47.91948950597542,5,6,11.696572688501819,7,0.5551155878502458,0,0.0,0
40530,37.09816396170589,3,0,18.215984174242262,4,0.9997904259455375,0,0.0,0
40531,46.15754260015923,4,5,14.720159083050193,4,0.2917803652366534,0,0.0,0
40532,42.487250482845276,2,1,7.555420978658235,7,1.000232521527769,0,0.0,0
40533,60.30729383138261,3,4,19.115252572916297,5,0.8222652350696088,0,0.0,0
40534,39.61509000379583,6,6,18.74991039911497,7,0.2051061313697824,0,0.0,0
40535,39.58194400764085,3,3,21.23780750650016,7,1.0003941862166368,0,0.0,0
40536,57.2440655613424,3,2,13.894438025430002,7,0.6596944722643199,0,0.0,0
40537,53.22612518948006,2,7,8.54623804956735,7,0.6084069994246074,0,0.0,0
40538,20.54966065811102,3,3,15.894817544331241,3,0.7349271232799885,0,0.0,0
40539,37.16150561264158,3,3,20.000481869596232,0,0.27236642258610133,0,0.0,0
40540,49.96537671911223,4,5,17.865736647922823,5,1.0003875480887032,0,0.0,0
40541,27.702662952795762,3,1,11.67421688641167,0,1.0005124911015355,0,0.0,0
40542,39.47692399812233,3,1,1.878790409606843,2,1.0001374989990528,0,0.0,0
40543,57.48270911676906,3,5,14.147583265556271,2,1.0006071431568417,0,0.0,0
40544,52.793219424258794,2,1,13.080079456944151,3,0.6300996225336654,0,0.0,0
40545,55.85545293800624,3,6,7.4093787458218445,4,0.0754503256211988,0,0.0,0
40546,38.95389362387799,3,6,8.249279870596283,1,0.9300015742138488,0,0.0,0
40547,64.84720795015568,3,3,3.6896062976687833,7,0.7741955442264916,0,0.0,0
40548,58.397049159597294,3,2,9.592730160655,6,0.27320037863655455,1,52234.419941656364,1
40549,40.844186170651284,3,1,12.38138559994153,7,0.28789727576498925,0,0.0,0
40550,23.529268632006655,2,1,16.889046051735615,7,0.9995092480232355,0,0.0,0
40551,60.53781536313744,3,3,5.774635620360209,4,0.0,0,0.0,0
40552,55.841784684977426,1,3,0.0,7,1.0005552884691098,0,0.0,0
40553,36.29702529738913,2,4,20.376722599568204,6,0.9995243599068628,0,0.0,0
40554,61.646968226080105,3,6,17.53923631324356,6,1.0000354327082994,0,0.0,0
40555,29.40349175143176,4,6,10.288040002307833,7,0.3325138763297692,0,0.0,0
40556,52.66457571305758,4,2,18.56713651315375,4,1.0168692793745342,0,0.0,0
40557,48.836373534398255,4,6,10.12047387657057,5,1.0000690948345325,0,0.0,0
40558,56.47447337125344,0,2,12.90369181481875,7,0.5834107167554167,0,0.0,0
40559,46.29748568746855,1,2,10.76571223304218,7,0.9997693457368988,0,0.0,0
40560,51.649025917848064,1,3,0.0,7,0.9993356397775502,0,0.0,0
40561,51.374423284295176,2,6,11.000158062928573,2,0.44132267538413283,0,0.0,0
40562,37.33457620226547,2,3,7.225088808770597,3,0.9991137405108608,0,0.0,0
40563,61.32813750381612,6,6,15.387814564282124,3,0.5931531792307332,0,0.0,0
40564,63.401028071955245,4,3,8.907200741676622,2,0.4999213606149199,0,0.0,0
40565,56.85296912287066,2,6,11.4534671374372,7,0.9993396787576236,0,0.0,0
40566,50.07605773359209,1,1,0.0,3,0.0,0,0.0,0
40567,46.86669088155199,1,2,11.098888784938021,3,1.0364429307502216,0,0.0,0
40568,37.7491280253878,3,3,14.862506821835343,4,0.5001858965515865,0,0.0,0
40569,49.17204283256999,2,3,20.93259688258238,5,0.9923842590119466,0,0.0,0
40570,50.72086974363135,2,3,12.995867226707022,1,1.000102668495037,0,0.0,0
40571,55.89668814202302,2,3,7.735774729785987,5,0.4986170499246878,0,0.0,0
40572,52.73162016633059,3,2,13.632677985900095,1,0.1548539734370622,0,0.0,0
40573,45.989077798232955,4,6,12.663206136123609,6,0.4359972662597395,0,0.0,0
40574,69.9763972425407,3,5,12.375028926119601,7,1.0003432666350758,0,0.0,0
40575,47.09562081931515,4,2,2.8062305710088733,7,0.5757580109770621,0,0.0,0
40576,34.70287134026179,3,5,7.212905022743696,1,0.6447394551507543,0,0.0,0
40577,79.01628178090257,1,5,2.8207861521959003,5,0.4202822242865811,0,0.0,0
40578,22.302493557189187,1,1,2.4065735359871425,0,0.0649545975727226,0,0.0,0
40579,40.92900933956809,2,4,14.165316793166674,7,1.0000768581139876,0,0.0,0
40580,35.02170766354658,4,6,6.37853190094337,7,0.3533371549724398,0,0.0,0
40581,26.895801807920428,5,3,7.550777011991094,1,0.4976750029803719,0,0.0,0
40582,45.042863889702836,2,1,19.989069369071547,1,0.5061090715159082,0,0.0,0
40583,44.380992525592774,3,5,13.366323065643707,1,1.0001291203658447,0,0.0,0
40584,41.926730866555644,4,5,10.493083737354748,1,0.5026753917318623,0,0.0,0
40585,55.6452700622393,4,2,18.1445518102397,4,0.9668291376870186,0,0.0,0
40586,39.36454551465829,3,3,9.634561870992954,0,1.000349538108587,0,0.0,0
40587,31.265546320929186,4,6,4.134143658768479,3,0.21407027449510363,0,0.0,0
40588,49.12874418804186,1,3,16.321223171170338,1,1.000000549765206,0,0.0,0
40589,40.81159614121861,3,1,11.624913739739773,7,1.0006940106690154,0,0.0,0
40590,20.321685239146717,3,3,13.360619770857257,1,0.9999152096973039,0,0.0,0
40591,41.9155895526694,2,1,6.703135357425238,7,0.9396928979241717,0,0.0,0
40592,44.810923075978536,4,3,6.495112900908378,7,0.9995462157634876,0,0.0,0
40593,25.73683458415311,1,1,3.414368716018104,2,0.32514458030164933,0,0.0,0
40594,41.729811908615446,6,5,0.0,3,0.29020665902260184,0,0.0,0
40595,38.712776539966804,2,2,12.438509299624014,1,0.41332063060578295,0,0.0,0
40596,45.676363342818085,3,3,11.767085606263969,7,0.28824272120413985,0,0.0,0
40597,18.336902173213343,3,4,2.3252779942043773,3,0.14896420022651713,0,0.0,0
40598,52.045238188614576,5,2,0.0,7,1.0001852459648026,0,0.0,0
40599,6.610374692557357,2,6,3.5417014374725584,1,1.0175891198587477,0,0.0,0
40600,55.28556338285766,4,4,4.242645103847728,1,0.9428947009856445,0,0.0,0
40601,36.81454891112543,5,2,5.921592001150937,7,0.6691181505971356,0,0.0,0
40602,29.13564966493587,2,3,11.158704652829305,3,0.34474418896166215,0,0.0,0
40603,53.2039625601203,2,1,19.997072280400253,3,0.6853646118491584,0,0.0,0
40604,58.26382448920752,4,2,9.03814156231829,7,1.0001503726894354,0,0.0,0
40605,31.551516443521955,1,4,4.054999652262904,3,0.39873926150833183,1,1824.4846755498468,1
40606,44.20681866091213,4,4,4.398250159025577,1,0.24663496682686964,0,0.0,0
40607,42.97783539638006,7,6,14.59179202388098,1,1.112279090540091,0,0.0,0
40608,43.02961069219398,4,3,8.234176247403015,5,0.6021096523750505,0,0.0,0
40609,41.003952288978375,5,1,4.588489887076519,7,0.9550018314026121,0,0.0,0
40610,56.48913726245526,3,3,13.951026129280327,7,0.3830573467714426,0,0.0,0
40611,52.19029098869226,3,6,9.884234442837675,1,0.2234575892482779,0,0.0,0
40612,58.24194304285594,1,1,6.758762997720018,6,0.9994941585443327,0,0.0,0
40613,38.67524601374695,2,1,1.9814682508497903,4,0.5699703553725359,0,0.0,0
40614,43.548209618944455,4,6,12.839887046989405,7,1.000416472991202,0,0.0,0
40615,34.349452289112,3,4,15.856039368977857,2,1.0003483618960627,0,0.0,0
40616,55.994658470769366,4,3,6.107282598468124,0,1.0004318313621243,0,0.0,0
40617,30.070890248964396,3,2,9.12471344038475,7,0.9999674415312703,0,0.0,0
40618,37.47471098554911,2,4,2.8934798502357086,7,0.9255571027396436,0,0.0,0
40619,51.7150296747224,3,3,15.578518940987964,3,0.9999720680236559,0,0.0,0
40620,47.954817146930424,1,3,0.0,3,0.24052709079473078,0,0.0,0
40621,28.258785094816723,3,1,20.004242942160566,2,0.5859656032629403,0,0.0,0
40622,52.870021897116665,2,2,5.9900304840347935,5,0.2509759521472028,0,0.0,0
40623,34.137022821201526,2,3,7.4214256305759925,4,0.9642245601703561,0,0.0,0
40624,35.43054248992844,4,2,8.013380224029344,3,0.4540641436452302,0,0.0,0
40625,59.82305575966733,2,3,9.66664635050966,7,0.5034517417899479,0,0.0,0
40626,44.28922313331918,5,1,5.936380786254828,2,0.5018806240195055,0,0.0,0
40627,35.618138599242805,4,5,17.277743799965265,1,0.3819006899567932,0,0.0,0
40628,43.37260425781677,2,1,4.332516552071944,4,0.4973976716938622,0,0.0,0
40629,37.95847934487652,2,6,7.007333382687198,2,0.35984044968772677,0,0.0,0
40630,22.216359541647066,4,5,3.136640525479133,1,0.8735528882213486,0,0.0,0
40631,42.65706321992692,4,6,10.654093572964037,7,0.9998415528220118,0,0.0,0
40632,55.30260149873079,2,6,27.642971505231614,7,1.087781785728579,0,0.0,0
40633,56.841867386928385,4,5,19.995896703649013,1,0.38471333659490087,0,0.0,0
40634,54.97674228459821,4,3,9.501174762640524,7,0.7995879931557146,0,0.0,0
40635,37.25597660171737,6,3,10.491705696169506,4,0.49759504520914566,0,0.0,0
40636,28.953363312984127,4,4,11.925338550657663,6,0.7379245131945642,0,0.0,0
40637,33.541350393296476,3,1,15.727759092866576,6,0.999906197765266,0,0.0,0
40638,41.7717787120668,2,3,0.0,3,0.8210853866969037,0,0.0,0
40639,39.917551844302835,3,3,10.716068930935808,2,1.0003547505447572,0,0.0,0
40640,40.83925550381164,3,3,20.789348393755056,1,0.9997397741727692,0,0.0,0
40641,60.26942009836956,5,3,6.627181606105187,5,0.9996579029911872,0,0.0,0
40642,43.240484479282465,4,2,5.714144873559915,7,1.0002606407313972,0,0.0,0
40643,50.401835534885805,5,1,15.085776301517354,5,1.0004413206449363,0,0.0,0
40644,63.52759184070433,3,2,14.949848235939193,1,1.0005001080526545,0,0.0,0
40645,27.180421597491524,2,3,1.4752100775257322,0,0.15378678259106382,0,0.0,0
40646,54.84694259596059,1,4,19.995603059876444,1,0.0,0,0.0,0
40647,32.748389690949125,4,5,0.0,5,0.3899050132434883,0,0.0,0
40648,21.681618913123355,3,4,7.008002341950394,1,0.6102222469731242,0,0.0,0
40649,37.602487237899034,4,5,1.1199629874942651,1,0.676612283675541,0,0.0,0
40650,54.547241900725446,4,4,20.00616070058348,7,1.0003060293836064,0,0.0,0
40651,54.39477373043435,3,3,10.676967729203886,1,0.9999382179411072,0,0.0,0
40652,31.786553055639637,3,2,16.77003642614607,1,1.0000336981646978,0,0.0,0
40653,38.707259250782066,5,6,14.465520561878632,2,0.7308696854604887,0,0.0,0
40654,42.064143603833,3,3,11.037954385511908,4,0.5010976500752183,0,0.0,0
40655,25.09120916903904,1,5,8.507632247645521,6,0.0,0,0.0,0
40656,55.4839662042896,3,2,13.750574760531862,3,0.9995606503285883,0,0.0,0
40657,37.05902306526987,2,1,20.00921455682612,4,1.0034092713619804,0,0.0,0
40658,36.01724067457525,3,4,7.3918089460233976,0,1.0005058381913885,0,0.0,0
40659,39.28047754944871,4,5,4.53123725508275,4,0.9950380186862327,0,0.0,0
40660,49.66312084544586,1,1,1.2289027435713447,0,0.20403565961704645,0,0.0,0
40661,49.69122332001754,2,4,20.007219225038746,4,1.0000801819286602,0,0.0,0
40662,57.09838193710605,3,5,7.147495438338804,6,0.49652700055720256,0,0.0,0
40663,40.78164914751417,4,4,19.99424045542002,1,0.14694851468729775,0,0.0,0
40664,36.385432486062776,3,3,19.441717578381734,3,0.23717421863128635,0,0.0,0
40665,62.50677261501523,3,2,12.981687831552883,7,0.99949848832177,0,0.0,0
40666,23.100819131470693,3,1,3.6622161804256583,3,0.359752569162082,0,0.0,0
40667,40.504715778108654,4,3,0.0,7,0.9999153784094987,0,0.0,0
40668,32.903639570532214,2,5,2.0177422868256674,1,0.1274409611696874,0,0.0,0
40669,56.921164742424054,4,5,27.554331814482087,7,0.46128880413654133,0,0.0,0
40670,56.36383967870342,3,1,1.472016106901144,3,0.2214767729677562,0,0.0,0
40671,48.75939163249084,3,3,7.697407416014398,1,0.23350891266122104,0,0.0,0
40672,45.10450214836084,3,4,19.99361858991162,3,1.0004064489481397,0,0.0,0
40673,38.90383177403026,2,1,11.09967458279953,3,0.9997629381657755,0,0.0,0
40674,53.95690651567949,3,6,2.5368424866858685,7,0.9558471332948626,0,0.0,0
40675,17.308033851846226,2,1,10.93664962396928,4,0.6138388785791469,0,0.0,0
40676,40.75175443215101,0,3,16.158771192015678,7,1.000166689538028,0,0.0,0
40677,36.00567892867461,2,3,14.49382606980036,5,0.3014537744729455,0,0.0,0
40678,19.279352414888578,0,1,3.595324136419949,7,0.2703988133638174,0,0.0,0
40679,47.4344438599104,3,1,20.00672450581709,3,0.49469062178424783,0,0.0,0
40680,31.15086904882572,1,6,20.00958515893047,1,0.7484105414186324,0,0.0,0
40681,55.627679609567174,2,1,14.114725285831389,7,0.9998802493348338,0,0.0,0
40682,31.390128339534435,2,3,3.2771059124009394,4,0.21514892789251977,0,0.0,0
40683,28.67955375317713,3,5,19.99770448789812,7,0.9337146681344027,0,0.0,0
40684,73.1177306610607,4,3,13.391172786942429,3,0.30430319600187267,0,0.0,0
40685,58.41113009785881,5,6,5.284956279220793,7,1.0002971845730209,0,0.0,0
40686,30.779684857974047,3,6,21.9632345550852,3,0.5743718810198136,0,0.0,0
40687,37.7045192916745,5,1,11.510922339815137,3,0.3422696594648735,0,0.0,0
40688,24.63300586623358,0,6,9.544598586046508,5,0.48068555887169806,0,0.0,0
40689,52.74612782881444,2,6,14.963536197097035,7,0.4888792497944844,0,0.0,0
40690,25.492538959882328,4,6,10.897053280049986,3,0.22458925677319647,0,0.0,0
40691,46.079144053388205,4,3,0.0,7,1.0004434774876079,0,0.0,0
40692,52.340059828914185,4,1,10.215137659441126,6,0.6378589233742227,0,0.0,0
40693,45.59591952172083,4,3,23.762776576750536,7,1.0004041755076836,0,0.0,0
40694,35.525418354295866,1,6,12.725190318786108,2,1.0000859171344851,0,0.0,0
40695,62.72687420117222,4,3,4.975801482541523,5,0.9208064763455248,0,0.0,0
40696,39.94861160940535,0,1,18.130892555149263,7,0.5221373511179552,0,0.0,0
40697,36.115421627197556,5,3,10.391279731226666,3,0.15100804947448387,0,0.0,0
40698,48.14935652412355,1,4,19.99845377585699,1,1.0004338746785213,0,0.0,0
40699,67.26721132007009,3,5,24.027728615510675,0,0.5011273332312286,0,0.0,0
40700,21.17322913232218,5,3,16.441588815531045,7,1.1814941591431443,0,0.0,0
40701,42.1097178071202,3,6,16.385693964940163,1,0.9722359360549736,0,0.0,0
40702,36.74416123683379,4,6,10.106880725149253,7,0.9997406654462183,0,0.0,0
40703,37.34385469542555,6,3,5.433741842164196,7,1.000164917324131,0,0.0,0
40704,21.701086698157017,3,6,13.863705935461828,4,0.999884889874847,0,0.0,0
40705,16.97712225005694,5,1,14.013756018030268,0,0.18491929758088843,0,0.0,0
40706,43.49292523738542,4,3,0.0,6,0.37613645852361055,0,0.0,0
40707,57.51093333281031,4,3,13.809201788958973,1,1.0003505817245162,0,0.0,0
40708,24.772831970800503,2,1,0.2009716448496306,4,0.4984748586361931,0,0.0,0
40709,53.79521947794099,1,3,18.97828020194191,2,0.5043579384823256,0,0.0,0
40710,38.026410661665174,3,6,18.827810952282846,4,0.999996403123525,0,0.0,0
40711,54.17497761655037,1,5,8.382080125007324,6,0.3510760160768269,0,0.0,0
40712,55.5734974079557,5,3,19.89190756427007,3,1.0005683669233512,0,0.0,0
40713,75.13850638539,2,3,6.219820508824244,3,0.5003087754172294,0,0.0,0
40714,52.41648163441259,3,6,13.171014310832353,1,1.0432197486571946,0,0.0,0
40715,64.89710846563288,3,3,17.457063789310798,7,1.000363795767183,0,0.0,0
40716,53.427159441082395,2,6,16.341312573967564,7,1.0006745437961917,0,0.0,0
40717,46.27833300894191,4,6,9.855479308719383,1,0.9939600317318089,0,0.0,0
40718,48.3020206535291,4,1,15.135361271633265,4,1.000186143035145,0,0.0,0
40719,49.62362179643662,4,3,0.0,7,0.9997975852756191,0,0.0,0
40720,41.36454566049724,2,6,12.132502723932204,7,0.6602587872894993,0,0.0,0
40721,33.1149703008889,2,6,9.794661958663538,7,1.1276118872637984,0,0.0,0
40722,52.11407678994637,5,3,17.157294135744657,2,0.9878231587167317,0,0.0,0
40723,67.35503267729192,1,5,13.041204298399753,2,0.33337334370718297,0,0.0,0
40724,38.08351320439083,3,4,14.655970155316314,2,0.9998055916279316,0,0.0,0
40725,25.212378927564632,4,3,20.169574683916757,7,0.3298412198079549,0,0.0,0
40726,37.04679961237095,4,1,11.868196028038378,7,1.0003082073892982,0,0.0,0
40727,47.98376579702221,4,4,20.007265227559955,1,0.6828008265844911,0,0.0,0
40728,26.208490462976258,3,3,17.646071501204247,4,0.49875327762059685,0,0.0,0
40729,49.37560435543226,3,6,6.0437733403776885,7,0.9998964703512384,0,0.0,0
40730,25.734811966935933,2,2,13.612756895464,1,0.028845866478796833,0,0.0,0
40731,39.49275378735237,4,5,1.8339909840770439,5,0.9585055899818331,0,0.0,0
40732,26.983959417342405,3,2,7.802397074856129,7,0.999960385503909,0,0.0,0
40733,43.71576426569244,2,6,6.938932478041999,3,1.00037588699085,0,0.0,0
40734,37.5951100807556,4,3,17.0233334625671,2,0.05250716698465663,0,0.0,0
40735,35.37421649269972,4,6,0.17903787731615317,6,0.17896998803468744,0,0.0,0
40736,51.38477178105931,3,4,22.477926296082206,5,1.0001367591689485,0,0.0,0
40737,27.35892765473261,3,3,27.18251695756859,2,0.0,0,0.0,0
40738,38.143479584745876,2,3,4.778682545805155,1,0.9994951210674387,0,0.0,0
40739,36.83886983269032,4,1,8.39823434943428,2,0.2286593297210564,0,0.0,0
40740,59.496663583148475,4,3,5.951952091336254,4,0.4987607059114559,0,0.0,0
40741,47.789118596510065,4,2,7.205570980213743,7,1.0007709280858663,0,0.0,0
40742,24.892703368154606,4,2,7.430591561687622,1,0.0,0,0.0,0
40743,44.47755641102936,5,6,12.990400016950968,6,0.07731475484608719,0,0.0,0
40744,39.6643524865072,6,3,11.76601769793907,2,0.49961844064755984,0,0.0,0
40745,27.300998503965538,3,1,0.409166328379154,5,0.14187813062335686,0,0.0,0
40746,15.617509147941107,1,3,11.479892976073545,1,0.10536801511438276,0,0.0,0
40747,60.52615740100002,5,1,0.9778590829067753,3,0.6223637196058548,0,0.0,0
40748,42.38394648870845,4,4,19.993291942432833,1,1.0000179945916763,0,0.0,0
40749,43.20560761370121,2,6,12.848790185373426,7,0.13047278598692713,0,0.0,0
40750,47.42142450176046,1,2,10.59793679920611,1,0.253563509662454,0,0.0,0
40751,45.20777217886752,3,1,19.97637512090777,7,0.9996377923767954,0,0.0,0
40752,30.31390315267354,4,1,15.418985221520806,0,0.2060511005016683,0,0.0,0
40753,44.77938059788572,4,6,12.796678440286271,7,0.40543634029497994,0,0.0,0
40754,37.28992801788008,4,2,12.641962287256295,6,1.0000644617450587,0,0.0,0
40755,41.727535268006235,5,3,1.3950886774732698,3,0.9152997468149238,0,0.0,0
40756,60.204232315093044,3,1,14.214987979236561,4,0.28384822575285007,0,0.0,0
40757,37.56372673431042,4,1,20.00900696224189,4,0.45944343788113456,0,0.0,0
40758,23.505726953480185,3,1,0.5655975282927077,1,1.0442378957911962,0,0.0,0
40759,11.33506253952109,2,3,4.441860906061559,3,0.5300016478535248,0,0.0,0
40760,45.354690770788835,4,3,13.221309703260825,6,0.830636942599529,0,0.0,0
40761,59.510736062164526,4,6,0.0,3,0.011227186443305781,0,0.0,0
40762,39.453889105402716,3,4,19.99819571186229,1,1.0005701219137793,0,0.0,0
40763,6.385884258116896,1,4,12.718056405391325,3,0.5321113385613596,0,0.0,0
40764,21.752320427733174,3,4,13.152912214912838,2,0.9999476278691162,0,0.0,0
40765,53.83365195985559,5,3,5.593759411849608,7,0.09945935866318112,0,0.0,0
40766,55.32691775252876,0,6,18.69811788810165,2,0.4929096867024291,0,0.0,0
40767,24.806101872795356,5,3,11.804052528831805,5,0.5006517371529954,0,0.0,0
40768,53.71959181243976,4,3,6.108958318790797,7,0.5546972523617009,0,0.0,0
40769,54.81340770750006,4,2,13.203517365474557,7,0.9999726328450551,0,0.0,0
40770,36.640204077421274,1,2,8.127299430558164,7,0.5026661056297616,0,0.0,0
40771,48.85039906578452,3,1,9.929061760357897,0,0.9999418342445431,0,0.0,0
40772,31.80253853053414,3,3,14.415393106733553,7,0.999847670765306,0,0.0,0
40773,17.458675397181807,4,6,14.198761882642046,1,1.0119437302254708,0,0.0,0
40774,50.57311224985885,3,2,9.275710398276466,7,0.9997670402829996,0,0.0,0
40775,46.69153719961724,3,3,19.986073102433277,1,0.6310853289635244,0,0.0,0
40776,50.31840339006534,5,1,2.6386186606193043,1,0.1638826741867896,0,0.0,0
40777,48.701402385440346,1,3,3.956707036184139,2,0.9999544551933999,0,0.0,0
40778,47.79255667035269,4,3,0.0,3,1.0006797832649577,0,0.0,0
40779,41.11429838916027,5,1,14.84817526621862,1,1.0000546678773075,0,0.0,0
40780,28.75170898846519,2,3,11.205482981653462,3,0.45561849192903925,0,0.0,0
40781,34.38574171571958,3,3,19.988221150106824,5,0.09130526198135214,0,0.0,0
40782,48.37630730007615,3,3,5.980480554157123,3,0.221858075916057,0,0.0,0
40783,31.617482815363637,3,1,5.234273045070485,5,0.579781186426585,0,0.0,0
40784,50.91143219620865,3,1,4.333777158430511,5,0.9990803744715926,0,0.0,0
40785,54.57218774743346,2,3,19.526602381403443,7,1.000669781485045,0,0.0,0
40786,59.871894098611165,2,4,19.994232440613132,7,0.9993517430408525,0,0.0,0
40787,35.944895816371485,3,5,11.596136480354621,3,0.5034851122030707,0,0.0,0
40788,53.23581314367643,6,5,9.76286254510837,7,0.5190695465065382,0,0.0,0
40789,27.233057370678523,3,4,20.011159824688548,5,0.4957258951551109,0,0.0,0
40790,52.75188000133378,5,3,4.3270113746163625,3,1.0001860881041327,0,0.0,0
40791,44.87637829524593,3,3,0.48657207594038177,2,1.0002152834223237,0,0.0,0
40792,47.70554498880308,5,1,12.658893654618721,4,1.0001842621491046,0,0.0,0
40793,33.16365478328503,3,1,11.924606125571755,7,1.000161583323675,0,0.0,0
40794,38.282093749738515,2,4,16.761215420582538,1,0.9950901399109553,0,0.0,0
40795,27.325141211762514,2,6,9.27970470195907,7,0.739306519028275,0,0.0,0
40796,12.246517851758313,3,4,21.51974371424781,2,0.5951110727666333,0,0.0,0
40797,35.85082903312051,5,3,6.767629678661811,5,0.22258491156025945,0,0.0,0
40798,41.16583557015705,5,3,2.6675236113194085,7,0.45343814102385194,0,0.0,0
40799,40.172392337215754,3,4,13.730814727505958,2,0.4888115681320561,0,0.0,0
40800,40.42334346600993,3,6,10.99967812989765,3,0.6876990756001232,0,0.0,0
40801,38.436755963429675,4,3,6.191577670956553,2,0.9998980681978535,0,0.0,0
40802,55.99299478306261,2,3,8.916454910134387,7,1.0001155358183558,0,0.0,0
40803,41.76841280988945,4,1,5.875717237136039,4,0.502140464877135,0,0.0,0
40804,50.88638580721589,4,6,8.976297530233612,7,1.0001183839061318,0,0.0,0
40805,41.00984261112415,3,3,17.545827502909987,2,0.4977999835868592,0,0.0,0
40806,33.13843298656448,6,6,15.862867066396882,3,0.528151340972265,0,0.0,0
40807,17.001366557500425,4,6,5.879467406968535,1,0.9178138283178423,0,0.0,0
40808,44.428885678443024,5,6,19.19864975701291,7,0.9997099563311271,0,0.0,0
40809,16.425960905012055,4,6,11.755339819614033,3,0.14518161806643493,0,0.0,0
40810,35.096892758776924,4,6,4.192747265495651,7,0.3655342381763184,0,0.0,0
40811,32.626356699036776,3,1,19.195710006265358,3,1.0008544572798213,0,0.0,0
40812,45.068051298716895,3,5,13.916835394063552,3,1.0001884403071593,0,0.0,0
40813,57.64721461155934,3,2,11.3214121729874,7,0.9994808459038959,0,0.0,0
40814,57.01691493158117,2,3,10.581392126478189,3,1.0005790909165944,0,0.0,0
40815,29.326887588548285,3,6,14.886025657442008,6,0.6941998271452071,0,0.0,0
40816,22.804238724359074,0,6,5.662056535137429,3,0.03488797391812959,0,0.0,0
40817,76.91195869168925,3,1,19.99685991416375,5,0.6203217262580277,0,0.0,0
40818,48.24893951108418,2,3,3.1197132131519023,7,0.9998426486390102,0,0.0,0
40819,13.508019281117441,1,6,8.479995309345458,7,0.22530262527445472,0,0.0,0
40820,55.523114871136194,4,3,15.265079361829297,7,0.9996947856235442,0,0.0,0
40821,32.59775274074422,3,5,1.9183661001886296,1,0.7673783077206008,0,0.0,0
40822,34.67957074562854,5,1,19.34998031554301,3,0.999970219827442,0,0.0,0
40823,24.091411708467184,4,2,10.14581950422051,2,0.40045491793785754,0,0.0,0
40824,75.71860835701307,3,3,6.6588301433221275,6,0.9443755163825245,0,0.0,0
40825,40.618776005261346,2,1,11.645774665719605,4,0.5003034908037141,0,0.0,0
40826,45.04246315124132,1,3,10.571259638659498,3,0.9812902726976389,0,0.0,0
40827,59.055566232934794,4,1,14.753805930376405,7,1.000425132959725,0,0.0,0
40828,15.539665652708127,3,2,14.704924257478165,1,1.000161166386731,0,0.0,0
40829,43.118559860756925,3,6,16.454348154181332,4,1.0002722558100254,0,0.0,0
40830,50.52265828057472,1,5,19.455421484035156,5,0.6002006787515797,0,0.0,0
40831,34.80390346773874,6,1,13.641730571131882,7,1.000123711220714,0,0.0,0
40832,45.10747160447675,3,1,6.391221442732758,5,0.9996076212994992,0,0.0,0
40833,35.574955546667866,0,1,18.96784438036558,3,0.2942159892721781,0,0.0,0
40834,54.18871777910445,3,4,10.826702683155505,1,1.0071661295342738,0,0.0,0
40835,58.113345664678825,2,2,0.6026879437237351,7,0.9997359737596503,0,0.0,0
40836,41.6334063535113,5,3,0.0,7,1.0003863431217144,0,0.0,0
40837,22.711573981600957,4,3,8.912208740066264,1,0.2944870609938285,0,0.0,0
40838,38.839360559808455,3,5,12.9404315362561,1,0.1808822219918672,0,0.0,0
40839,39.177570429761644,3,3,2.6401220194817796,1,0.9456077355206796,0,0.0,0
40840,30.309591039139132,3,1,9.776396968154064,4,1.000004812541,0,0.0,0
40841,22.335942075240172,3,7,9.819272392023418,5,0.1369503858921497,0,0.0,0
40842,53.989103781296784,2,3,0.0013462590218136228,3,0.37236070124632503,2,365347.0905525794,1
40843,51.04613777163195,2,6,12.888648129733358,7,1.0000151245608864,0,0.0,0
40844,34.08269257388945,3,6,13.882371692117385,1,0.25809261885980495,0,0.0,0
40845,43.40861726197797,1,1,3.350970517999378,3,0.6023302813461022,0,0.0,0
40846,45.78527475705793,4,4,20.003634812645366,7,0.9996902067241045,0,0.0,0
40847,23.45747031578386,2,2,7.681329534441248,3,0.631855555534863,0,0.0,0
40848,35.22701377096834,2,4,20.91209765654196,7,0.9511963944727901,0,0.0,0
40849,33.89817502648725,2,1,1.6773942266609634,0,0.0,0,0.0,0
40850,57.1134642824958,4,2,11.120676723591469,7,1.0001314653762459,0,0.0,0
40851,50.9283608302915,5,3,8.480443023215587,3,0.9809064905573073,0,0.0,0
40852,25.55118445124955,4,6,2.979955651640532,3,0.6505779488819782,0,0.0,0
40853,34.75452983024657,3,1,17.202537740265576,4,0.9999586547244026,0,0.0,0
40854,33.89401716017975,3,6,10.387071444810424,6,0.1674806637449603,0,0.0,0
40855,24.550096248089716,1,2,4.476800059821984,7,0.40064192201140836,0,0.0,0
40856,49.577279135579964,5,6,11.69013365359553,6,0.6161513836438031,0,0.0,0
40857,50.43392733300817,2,6,0.0,7,0.0,0,0.0,0
40858,25.41004930041661,3,6,12.587777100469047,3,1.0002610682015853,0,0.0,0
40859,41.808636542154574,2,5,22.942711311230177,2,0.9820120385587154,0,0.0,0
40860,62.197580147324004,3,3,12.028003807144088,0,0.10359900286540191,0,0.0,0
40861,37.44559885309778,3,3,19.999324876861074,2,0.8152472782725304,0,0.0,0
40862,35.41889146884293,4,2,9.22143622742912,1,0.6988086131393376,0,0.0,0
40863,28.142932047885083,2,2,11.516525623782307,1,0.9984158288893823,0,0.0,0
40864,28.513846482789834,3,1,18.09533683927244,2,0.4629035828020124,0,0.0,0
40865,32.26552995112505,1,1,22.36133539322458,4,1.0001430302020862,0,0.0,0
40866,54.53448278541991,4,1,19.999517395398833,0,0.14030007496204389,0,0.0,0
40867,42.61144471423969,2,6,7.907574042402281,6,0.0,0,0.0,0
40868,36.869515650230355,3,3,10.588910398889867,2,1.008776579803563,0,0.0,0
40869,24.342712196186934,3,1,20.91660734522839,7,0.9993093461499987,0,0.0,0
40870,19.872383332659386,3,4,19.99565662100489,1,0.5480126850988002,0,0.0,0
40871,18.56762877917294,3,4,17.023962702108598,3,1.049910821423239,0,0.0,0
40872,55.42717794709799,4,2,5.306967295726416,5,0.481020941697939,0,0.0,0
40873,32.13725871529889,3,1,16.044972030153122,7,1.000065782936939,0,0.0,0
40874,58.00823723798176,4,3,23.991973692561764,5,0.9996409689578611,0,0.0,0
40875,61.119825117953305,6,4,15.204381329476647,5,1.0002154834505825,0,0.0,0
40876,37.023447109780726,2,7,9.412993668048923,1,0.288687496154378,0,0.0,0
40877,21.661790740281337,2,6,10.816772187695868,3,0.4749622016070615,0,0.0,0
40878,33.731176972194476,2,3,9.953696202742925,3,0.5473432960334653,0,0.0,0
40879,19.61758620656071,4,4,0.0,1,0.7855868784114276,0,0.0,0
40880,44.416455081836816,3,6,0.0,3,0.5571007164566315,0,0.0,0
40881,48.969827582420926,3,0,10.703918555139692,7,1.006000667340503,0,0.0,0
40882,30.91859181575515,0,3,18.0287384010055,1,0.875676174152493,0,0.0,0
40883,45.79963392548971,2,1,20.003240760888943,0,0.719743642133898,0,0.0,0
40884,41.74544710629351,6,1,10.647458274050589,7,0.9998141100232115,0,0.0,0
40885,46.046000158410884,5,2,18.253531554684617,2,1.0115269241905849,0,0.0,0
40886,37.7365143343781,3,4,12.321616349466225,7,1.0001764588794044,0,0.0,0
40887,46.96160182707983,3,3,2.6139192462858034,1,0.9998287928658729,0,0.0,0
40888,58.202790170871864,2,2,17.61625612382184,4,0.6862962206124842,0,0.0,0
40889,44.37106651075834,3,4,15.736944094754778,3,0.6188034676926898,0,0.0,0
40890,40.08720159334254,4,3,10.330637668643474,6,0.28901734377183047,0,0.0,0
40891,68.00765959624795,4,3,19.02025665476794,5,0.9995159809763354,0,0.0,0
40892,31.650970115593182,3,3,20.0072178101397,6,0.4429983857535368,0,0.0,0
40893,58.62709735074698,2,6,4.781611388557604,3,0.14072712618184025,0,0.0,0
40894,30.687442618991394,1,3,6.150981484410967,6,0.2821204093036672,0,0.0,0
40895,37.65697327126401,4,6,17.80150229547997,4,0.9027079762830452,0,0.0,0
40896,44.95747202819686,4,5,19.997307575426113,1,0.18074909181314802,0,0.0,0
40897,54.77298480955153,4,6,10.918449511648578,7,0.8226192191121304,0,0.0,0
40898,47.98207152130284,4,6,14.768760327818537,7,0.9997315019171771,0,0.0,0
40899,40.185662642830735,3,1,12.05250360296538,3,0.49298142195054384,0,0.0,0
40900,65.69990219788814,2,6,16.54569527015615,2,0.09576668353180484,0,0.0,0
40901,50.731565391420546,2,1,12.148225988409683,4,0.4997663045639429,0,0.0,0
40902,39.628671972910794,3,2,13.182866103127157,7,1.000244283493838,0,0.0,0
40903,51.69043047328586,2,1,0.3447110798073183,4,0.9673184262074224,0,0.0,0
40904,39.25524682819392,3,1,4.023273129738301,7,0.9997296231619752,0,0.0,0
40905,25.922770390546866,2,3,4.091573191892813,2,0.4382861864817473,0,0.0,0
40906,40.13703264208735,5,4,20.00453003617224,1,0.3788563810433527,0,0.0,0
40907,35.81241062468173,5,1,14.901844297120489,5,0.5015034795234716,0,0.0,0
40908,48.95221042069558,3,1,12.553284017218395,5,1.0001390708890017,0,0.0,0
40909,60.01585630188341,2,3,10.88786094152395,4,1.0000165993311754,0,0.0,0
40910,47.65336135914184,3,3,12.928863430173084,4,1.000244624153011,0,0.0,0
40911,66.68650059043088,5,3,9.52755520642525,2,0.9998058874903937,0,0.0,0
40912,38.4735016623625,4,3,4.2618512130409565,3,1.0006867840939027,0,0.0,0
40913,48.385202318120896,3,3,1.0148068802606147,2,0.46992198953989917,0,0.0,0
40914,41.92308983504652,2,6,22.406465126541146,7,0.21041896042215308,0,0.0,0
40915,44.77661005278132,3,4,20.000724986140646,3,0.9998110002139058,0,0.0,0
40916,58.17556215372606,5,3,5.57989102905692,4,0.9580117723080068,0,0.0,0
40917,47.38598687400396,2,5,11.268297223360744,1,0.649639872223382,0,0.0,0
40918,27.973075784162816,2,2,1.7112168848904918,5,0.21551135784764852,0,0.0,0
40919,63.99349688079866,3,2,10.424681288373328,7,0.9635511744246841,0,0.0,0
40920,37.75601827900034,5,4,5.697434258357365,7,1.0000083765990344,0,0.0,0
40921,34.508226059966205,1,3,5.105128426014207,2,0.49728125908033805,0,0.0,0
40922,49.46404934101652,2,1,8.049087961648368,4,0.9996673799356957,0,0.0,0
40923,44.681245645914885,2,3,6.72826528037657,1,0.2944814676352945,0,0.0,0
40924,33.97580177688867,1,6,13.601537479881308,3,0.5406813088023561,0,0.0,0
40925,44.04327229596041,3,4,14.503703416353975,2,1.0002898220502319,0,0.0,0
40926,51.7012411725979,3,3,24.284154330333315,7,1.0000476375939398,0,0.0,0
40927,28.514472627941238,3,1,14.62789609303861,2,0.9037300626830342,0,0.0,0
40928,39.793122660061655,3,6,18.244193944394553,2,0.9995992463918337,0,0.0,0
40929,36.64721424338765,3,7,8.074699222161863,4,0.1645165808557426,0,0.0,0
40930,54.36229048703239,2,1,14.338132761611556,7,0.6283901607155692,0,0.0,0
40931,38.956943846801,2,3,12.78875625059393,1,0.9662011514279198,0,0.0,0
40932,40.54971836761945,2,2,2.230753117997594,6,1.0001481829915149,0,0.0,0
40933,36.75447552056595,3,6,12.793798749234472,5,0.9995439064317035,0,0.0,0
40934,53.33343989477376,2,3,18.713349572693893,7,0.999941348882896,0,0.0,0
40935,57.97738110748292,2,6,7.152098129098877,1,0.1606198918877314,0,0.0,0
40936,22.34142230610893,5,3,26.195902020349685,2,0.49799439133865,0,0.0,0
40937,46.61896863546101,3,5,34.35433363621678,7,0.9590595318094851,0,0.0,0
40938,52.33360327576803,4,5,17.68097368837148,5,0.9998147849796191,0,0.0,0
40939,21.878178646687005,3,3,7.04967877335272,2,0.5293914935221731,0,0.0,0
40940,49.102498264877816,3,6,3.503548131780171,4,0.9429138266388365,0,0.0,0
40941,33.93775665804218,5,3,29.59142895489943,7,0.4984220967412629,0,0.0,0
40942,42.305750958686936,2,1,20.001264774167456,2,0.16032095422970183,0,0.0,0
40943,38.53040763906301,5,6,17.963512316786975,6,1.10190062566451,0,0.0,0
40944,24.14816889091662,4,1,0.964158506278272,3,0.3662910763062076,0,0.0,0
40945,43.786645447458696,5,3,3.389049475790837,7,1.0003521212064763,0,0.0,0
40946,50.35191568615228,2,2,19.830827948105977,1,0.7480859724873007,0,0.0,0
40947,60.06640316538841,1,6,17.064210082704932,0,0.7094843303817303,0,0.0,0
40948,44.556623476854476,3,3,13.077556520017085,4,0.73502608287067,0,0.0,0
40949,42.40814586789636,3,1,15.166516741741788,1,0.5014925271719782,0,0.0,0
40950,43.025086932601795,1,1,19.522862935782832,2,0.49838714696912884,0,0.0,0
40951,51.03330903698828,3,4,13.586980520180129,5,0.9994571778966113,0,0.0,0
40952,51.67640042152652,5,3,17.29338340437738,7,0.999368197436042,0,0.0,0
40953,22.34545724680473,3,3,12.06845512785181,2,0.99998578775801,0,0.0,0
40954,55.71939095852845,4,6,21.944526004364192,6,0.7045593703151365,0,0.0,0
40955,45.44333534671907,4,4,9.746878383176345,6,0.9996849536964147,0,0.0,0
40956,62.928343266766554,4,3,9.66803973828281,2,0.9997975453146002,0,0.0,0
40957,11.641226141771188,1,4,19.235892189390306,5,0.13366692242694056,0,0.0,0
40958,31.899041867666153,4,4,20.004221546809234,3,1.0001950916880311,0,0.0,0
40959,39.74042973414137,3,1,0.9049318975835199,0,0.5003482941611033,0,0.0,0
40960,31.81710761192023,3,3,11.612941705040818,7,0.5104168905996679,0,0.0,0
40961,62.61120792242877,2,3,2.9505684816713593,7,1.0006824993396748,0,0.0,0
40962,48.415858786931906,3,4,20.00275252598196,1,0.8378509530486921,0,0.0,0
40963,36.466411580985444,4,1,13.469293373586464,0,0.5704985616576695,0,0.0,0
40964,24.34367095828337,4,4,19.99569866329894,1,1.0004487737016219,0,0.0,0
40965,58.596531691079974,5,3,0.0,5,0.9999733581099687,0,0.0,0
40966,50.550569508451346,6,3,14.647176480336732,1,0.5384049379644773,0,0.0,0
40967,43.98309425460306,1,3,0.0,3,0.5002811184375324,0,0.0,0
40968,46.63716320886965,4,2,15.45268162252918,7,1.0000105689173768,0,0.0,0
40969,13.94973310172195,4,1,13.55599150084778,1,0.29155042540488113,0,0.0,0
40970,24.61174914691148,4,3,10.909924241799287,6,0.3831393666417948,0,0.0,0
40971,19.244485772776258,4,1,0.0,0,0.3084187593295406,0,0.0,0
40972,30.717892534225342,4,1,20.00754373494031,5,0.870206705651836,0,0.0,0
40973,43.756746513997925,4,1,14.920082673600344,7,1.0005580504797982,0,0.0,0
40974,44.173975732835565,5,1,6.769741058257442,7,0.9998837163606152,0,0.0,0
40975,40.91229638761568,4,2,15.934537269259682,2,0.4907924493182947,0,0.0,0
40976,44.79478616725342,1,5,20.001113841437448,1,1.0003496169149053,0,0.0,0
40977,47.45065856289221,2,3,6.654694912434152,4,0.4293697599976972,0,0.0,0
40978,43.98322963503894,3,6,11.62127041540939,4,0.9998943987338285,0,0.0,0
40979,57.00131340930886,1,1,5.251794919363864,7,0.9550895335443597,0,0.0,0
40980,50.072230047000716,3,6,9.09719172628208,7,0.9992002989012587,0,0.0,0
40981,57.26904862119157,2,3,9.521952104259942,3,1.0003611358938873,0,0.0,0
40982,47.212555395541486,2,4,19.99967581981621,1,0.9999425332223931,0,0.0,0
40983,21.21644486239964,2,1,2.8672523350565804,2,0.7151583332147651,0,0.0,0
40984,47.32967457287477,3,2,13.053659048370898,2,1.0002051449595823,0,0.0,0
40985,16.00160662549805,2,1,18.254307800614402,4,0.29412382859571795,0,0.0,0
40986,23.11535785929752,3,6,8.287854427014533,3,0.3199419974963364,0,0.0,0
40987,49.94901351092885,4,6,12.239145109359578,4,0.9999366068252852,0,0.0,0
40988,21.930053159700606,3,2,10.442251730485335,6,0.7242994351023494,0,0.0,0
40989,27.225783723261202,3,7,7.366831784161155,5,0.37958769198213993,0,0.0,0
40990,38.71277764807602,5,3,5.15083318989904,7,1.0004115603009773,0,0.0,0
40991,38.930698187320175,3,6,18.75847213155736,6,0.8650666414585166,0,0.0,0
40992,38.82845009362558,3,3,16.90464237788199,5,1.0004825529040646,0,0.0,0
40993,12.938111453935367,2,3,14.874226291452606,1,0.9488841224276312,0,0.0,0
40994,49.831354865537335,5,3,15.85102303317684,4,0.49705423638259527,0,0.0,0
40995,48.798950868429195,4,3,20.611198816418746,7,0.8556101675112159,0,0.0,0
40996,52.22325432575358,4,3,7.958030584823007,3,0.30572385827036697,0,0.0,0
40997,24.700499526717305,1,6,1.0783569133640807,4,0.7728012503933578,0,0.0,0
40998,39.12470809075849,1,3,15.729301725700225,7,0.6557171922544602,0,0.0,0
40999,47.897127737045786,2,4,9.763697215589982,7,1.0003652186653393,0,0.0,0
41000,39.48123944429487,4,3,16.663324918363642,7,0.8169432646101691,0,0.0,0
41001,44.846556521911715,2,6,9.189441178285117,7,0.19172623719036913,0,0.0,0
41002,61.885723629406186,1,3,5.102920211412932,1,0.37646321033608293,0,0.0,0
41003,40.40883491424053,3,1,13.713543741261704,2,0.999791398086752,0,0.0,0
41004,42.50068470409661,3,5,22.645672444168582,7,0.5681576835019844,0,0.0,0
41005,52.11021763667048,3,3,19.159877560814984,6,0.525359025492951,0,0.0,0
41006,45.41959826735009,2,1,15.517735040521572,4,0.6146135080175769,0,0.0,0
41007,40.897896963660244,3,4,8.002578331323546,3,0.9999265692128381,0,0.0,0
41008,56.04538752100475,4,3,9.90442528759019,7,1.000020244122915,0,0.0,0
41009,35.8671390760233,3,3,2.214854188038892,4,0.9997562136100253,0,0.0,0
41010,18.679957712804917,4,2,13.376598721306703,1,0.020369441413622846,0,0.0,0
41011,46.66996754435812,2,3,10.744587704879821,5,0.5060071047892657,0,0.0,0
41012,37.18487462620225,3,2,11.92328612230398,1,0.9999697667027461,0,0.0,0
41013,27.510090928207102,1,1,0.0,5,0.2575283379691095,0,0.0,0
41014,53.4046872249118,6,1,18.06757780567049,2,1.0000227946258922,0,0.0,0
41015,32.17337577057577,3,5,17.01060576239755,2,1.000331266324171,0,0.0,0
41016,29.3428552787202,4,1,10.607572029493982,4,0.9909687357494847,0,0.0,0
41017,41.036366681086946,8,1,6.030100359405113,7,0.9814867613760937,0,0.0,0
41018,39.876821003556024,2,2,5.667489839192559,6,0.2688613661899455,0,0.0,0
41019,39.22713290595304,3,6,3.74688720753557,6,0.7639055697791263,0,0.0,0
41020,56.330681644142565,4,3,0.0,1,0.0,0,0.0,0
41021,29.27622734520888,2,7,3.184740993662828,7,0.0003383668215412028,0,0.0,0
41022,24.838054287024686,4,1,13.270796439098541,7,0.4167840927879423,0,0.0,0
41023,26.086832639006904,1,4,15.946710167585918,7,0.08874629225607122,0,0.0,0
41024,54.22370717074166,3,4,14.400074811375337,2,0.6882656661666295,0,0.0,0
41025,41.78229954031948,5,1,4.786901674177664,3,0.0,0,0.0,0
41026,49.74661361383172,1,3,7.326672081027327,7,0.9996180852683224,0,0.0,0
41027,41.34977644660003,3,4,4.987325932763789,4,0.975288163124153,0,0.0,0
41028,48.663790995782776,3,6,16.801046651918554,1,0.36377219596211097,0,0.0,0
41029,27.808379564952837,2,2,16.885539331505633,7,0.47332132484964384,0,0.0,0
41030,65.34554586217777,1,5,20.110298048917564,4,0.3896145060642904,0,0.0,0
41031,44.405392848962215,2,3,8.298407944643147,7,0.8641563711520971,0,0.0,0
41032,61.62143448467516,2,6,17.912658841218708,7,0.060552778117027306,0,0.0,0
41033,27.124518806270345,0,2,7.438636874762388,1,0.41012834229674916,0,0.0,0
41034,35.057211825404416,3,1,0.5773926698732073,4,0.0,0,0.0,0
41035,61.137631371405234,3,2,12.355924590850861,6,0.5825095343712475,0,0.0,0
41036,20.325776860979282,3,5,6.528469068051275,1,1.005137648168229,0,0.0,0
41037,37.25171378143394,2,2,9.869944403376666,1,0.39549346422692483,0,0.0,0
41038,27.4771842591506,3,3,17.876262536800834,7,0.939652685605187,0,0.0,0
41039,56.6454479634755,2,3,11.09238072938608,2,0.4994721046154592,0,0.0,0
41040,46.74375200863782,2,1,27.28137763979761,5,1.0000317071095104,0,0.0,0
41041,49.45204562550459,2,6,11.119309100037064,7,1.0006592559651457,0,0.0,0
41042,45.015699013736096,2,6,12.971423960981742,6,1.186839895769531,0,0.0,0
41043,38.46160655410577,3,2,11.564922020399367,5,0.9660705832427572,0,0.0,0
41044,39.229595654631986,2,3,0.0,1,0.2190283759229923,0,0.0,0
41045,9.681953055127295,3,1,5.468220006640491,3,0.1298989191136165,0,0.0,0
41046,61.68380438293481,1,2,13.22579613195196,3,0.9912588867068208,0,0.0,0
41047,59.92831589896626,3,2,7.181732286795263,7,0.9999641423255925,0,0.0,0
41048,59.41391157819858,3,6,15.985054562124066,1,0.9386534921556042,0,0.0,0
41049,43.89748893559049,3,3,16.305976563904963,3,0.32644600598162044,0,0.0,0
41050,52.2336143805417,2,2,7.5269756619346575,1,0.44846524332054905,0,0.0,0
41051,67.49287455841028,3,5,13.701279517935976,1,0.9999341986892181,0,0.0,0
41052,68.62049218148624,4,3,19.5155947531836,7,0.36486861329882475,0,0.0,0
41053,35.27070551514445,2,3,1.9635321666641872,3,0.9996942028939584,0,0.0,0
41054,21.79614818487339,4,6,11.35653646706443,2,0.37830984175454063,0,0.0,0
41055,74.861035957986,3,4,6.413640766574501,6,1.0006044158165524,0,0.0,0
41056,46.14964699263915,2,3,0.0,7,0.3982531818487264,0,0.0,0
41057,51.77997474187064,5,2,11.224887373417557,2,0.63831480595321,0,0.0,0
41058,32.87147163840764,4,2,10.956365368026026,7,1.0000350785188834,0,0.0,0
41059,36.0205479807503,5,4,22.161678415830494,1,1.0113770369033699,0,0.0,0
41060,43.42615025861127,3,6,7.554265757581882,2,0.6496030329279905,0,0.0,0
41061,55.2615728779276,4,3,9.68756273579542,6,0.4396337232689986,0,0.0,0
41062,13.235805572251817,3,5,12.418882238616769,2,1.0000279615900554,0,0.0,0
41063,43.76257927373616,3,6,13.014592314515763,7,1.0001194056374598,0,0.0,0
41064,23.910443075071264,3,3,19.990509952182595,4,0.314436785570019,0,0.0,0
41065,61.468755912637924,4,3,16.018931968350675,0,0.4983269020714468,0,0.0,0
41066,26.237656821157966,3,4,14.047855758751888,4,0.790112499683872,0,0.0,0
41067,39.52254363510133,2,1,13.701575641572843,3,0.1572980766666674,0,0.0,0
41068,46.13260465302549,3,2,0.0,5,0.328480145625543,0,0.0,0
41069,43.10713740954206,3,1,8.498107532158489,2,0.9058823184532998,0,0.0,0
41070,56.54823482305133,3,6,12.161335679677943,1,0.4728503785422672,0,0.0,0
41071,49.40772156369058,5,1,2.925325115213317,2,0.25237493194028243,0,0.0,0
41072,45.03909905612379,1,2,17.715550494186935,1,0.4221169586497812,0,0.0,0
41073,59.02596340218402,3,5,20.24901051602416,2,0.9995778133928148,0,0.0,0
41074,45.277783689506826,3,3,20.00081646698869,5,0.2730006804475838,0,0.0,0
41075,25.81397093712233,2,5,0.9552712545184416,6,0.5670917566693575,1,55959.20109268042,1
41076,47.95882675492343,3,6,3.9639108396319545,3,0.13676277413777216,0,0.0,0
41077,51.39081667125509,4,6,16.91297343047266,5,1.0000177367835197,0,0.0,0
41078,55.91768676003707,4,6,19.9887481389504,1,0.999649845130856,0,0.0,0
41079,41.42492358460479,4,3,10.758950209966446,4,1.0002958098283332,0,0.0,0
41080,60.804636455308355,2,3,3.275691621325376,3,1.0000241415644564,0,0.0,0
41081,45.479223986374635,5,2,11.237970198656726,1,0.04665280174017894,0,0.0,0
41082,58.351146891043356,2,5,11.838519392996327,4,0.5004326243476758,0,0.0,0
41083,47.097516807774795,3,2,18.903740422584335,2,1.000283538679211,0,0.0,0
41084,64.51906586158499,5,3,7.564352252492434,2,0.5321140321664367,0,0.0,0
41085,42.231688614070926,2,6,17.447404864446405,4,1.0002775593633708,0,0.0,0
41086,41.105505585642184,3,2,2.433032607856168,7,1.0004814949286955,0,0.0,0
41087,25.357801524957008,2,1,13.879710181919569,2,0.13580437923136934,0,0.0,0
41088,50.44659997840122,5,1,11.552585269104528,5,0.9999442777643648,0,0.0,0
41089,57.42086141806202,1,2,20.569656524483413,4,0.6697934590612858,0,0.0,0
41090,42.693573151874176,3,3,20.009344860447413,5,0.48765621189949016,0,0.0,0
41091,48.79783442999618,3,3,13.15979226711488,1,1.0000872867634314,0,0.0,0
41092,46.35016837057054,1,6,19.396126488987207,3,0.7591922036110029,0,0.0,0
41093,51.133796598217444,2,2,20.00799159662451,2,0.6274752983077643,0,0.0,0
41094,48.441254761607574,5,1,13.316670253850226,7,0.9998588007274569,0,0.0,0
41095,30.085665094966807,3,2,8.19167908791345,2,0.5680879387057338,0,0.0,0
41096,22.964390058713754,7,6,19.41679582305084,7,0.5306881887931028,0,0.0,0
41097,29.33483504209284,2,6,19.66738778358844,6,0.9541173156847658,0,0.0,0
41098,38.8964536975657,3,3,16.871852655062668,3,0.9314646021077002,0,0.0,0
41099,27.548004005043246,4,3,11.575259956780341,7,0.5262283822491857,0,0.0,0
41100,38.40025667072645,4,4,14.554623550337631,7,0.9647770240481717,0,0.0,0
41101,32.55214383907368,0,4,20.002224283681464,1,0.6547991845181358,0,0.0,0
41102,26.102461306599448,2,5,8.429569146818135,7,0.9186892005753878,0,0.0,0
41103,19.16973472263911,5,4,19.98936696668885,2,1.0002645424800978,0,0.0,0
41104,31.026141658010708,3,4,0.0,1,0.6051123921231549,0,0.0,0
41105,37.040929284188955,4,5,6.219729255815526,4,0.5017314478618057,0,0.0,0
41106,41.63759218950457,1,2,6.028000331031635,3,0.0005427331761835852,0,0.0,0
41107,53.046272756266355,3,4,20.001054590372625,1,0.9998242329724993,0,0.0,0
41108,23.631955086137324,4,6,1.3125288107995985,2,0.579335863265187,0,0.0,0
41109,32.37556805151221,1,4,19.017002649993657,6,0.40454108422411755,0,0.0,0
41110,48.52775353873641,3,3,6.32099158872045,4,1.0002149012645343,0,0.0,0
41111,35.91968781172355,3,3,15.496325880491147,1,0.9997789116112386,0,0.0,0
41112,21.738884596932667,2,3,6.015944173735524,3,0.5005351171129465,0,0.0,0
41113,50.90766792931867,3,5,15.083871851333722,2,1.0000371566946609,0,0.0,0
41114,53.50058861130317,2,5,13.057511359308986,3,0.9856218910342089,0,0.0,0
41115,23.61565880402549,2,6,7.010472259558712,3,0.6799885539057638,0,0.0,0
41116,51.71934928462255,4,4,20.009295244773313,3,0.49848009652672953,0,0.0,0
41117,22.162134649313835,2,3,16.825395052443508,1,0.9265410394471725,0,0.0,0
41118,66.21766662774866,3,3,16.994667653294794,3,0.7795145067393603,0,0.0,0
41119,39.91970870359854,3,3,6.5185176248014525,2,0.62670161254098,0,0.0,0
41120,40.127270654574446,3,3,7.601732226504652,3,1.0000701333151985,0,0.0,0
41121,45.836680896450396,2,4,12.37462027631739,2,0.6704744564671044,0,0.0,0
41122,48.50285564344833,5,4,14.220650600230218,7,0.8943284729886307,0,0.0,0
41123,53.121681993238056,3,1,13.164727037165122,7,1.00021133160456,0,0.0,0
41124,34.88647102244325,4,4,20.00749922304628,1,1.0003283338618862,0,0.0,0
41125,48.928258622126414,2,3,5.409518575796473,5,0.2120989138165736,0,0.0,0
41126,53.03187758008679,5,3,10.200234365185844,4,0.4411867329082251,0,0.0,0
41127,24.31570815263618,5,6,10.107610270240286,4,0.9998646419751451,0,0.0,0
41128,16.470844318835518,3,6,4.8675499117647005,0,0.24438571444054175,0,0.0,0
41129,57.295617749510264,4,3,13.900696798673014,3,0.4994604143134067,0,0.0,0
41130,65.35855836403829,3,4,3.331781499055479,3,0.5518956868929107,0,0.0,0
41131,65.47318815585746,2,2,11.261983408039162,7,0.41932248092580476,0,0.0,0
41132,60.5422716952562,3,3,11.429055584360848,7,1.0002432789349207,0,0.0,0
41133,51.856523454915376,2,6,17.12841872721757,2,0.8045684616478715,0,0.0,0
41134,27.465549757462654,2,2,11.840120400583038,4,0.04604744910361935,0,0.0,0
41135,17.215038722012594,3,4,12.045110619424989,1,1.000359573449533,0,0.0,0
41136,46.26454945404831,3,4,9.825428203370754,4,0.9996853677282855,0,0.0,0
41137,38.81773927764633,4,6,15.921590705865414,7,0.6822276433707471,0,0.0,0
41138,44.66703279858664,3,6,5.456969700478143,4,0.5977888762062132,0,0.0,0
41139,33.557480569142996,5,4,8.351216352485311,7,1.0002635279663918,0,0.0,0
41140,27.895908161440804,3,4,12.14544909494561,4,0.33620420370963267,0,0.0,0
41141,36.43842185141177,3,6,9.514720016588447,5,0.9997664665719714,0,0.0,0
41142,37.269844112742376,2,1,15.190387938239624,4,0.4566027554913371,0,0.0,0
41143,17.220927704789496,0,3,10.84931272279667,7,0.303547939664367,0,0.0,0
41144,37.99346607414147,3,1,20.005321951915995,4,1.0690840061179203,0,0.0,0
41145,25.991973819859908,5,6,17.484237159067334,3,0.4166043125051282,0,0.0,0
41146,49.195101064831384,2,2,9.401544565260155,3,0.7742868801089423,0,0.0,0
41147,47.49744656699887,4,3,12.21553609393251,4,0.0,0,0.0,0
41148,45.52667575306351,3,3,19.63355237343231,7,1.0002684044437105,0,0.0,0
41149,43.027924426989024,3,5,17.07233675963322,7,0.3712908908382387,0,0.0,0
41150,21.824112332658107,3,1,10.288117325445302,2,1.0005659504931734,0,0.0,0
41151,33.798608655480024,1,1,18.133591111905012,5,1.0003493548626636,0,0.0,0
41152,58.23261184067414,4,1,11.846733200510272,0,0.4996457373036503,0,0.0,0
41153,56.7525977345329,5,1,19.51815292761276,4,0.9998186907338009,0,0.0,0
41154,34.967468974487225,3,3,2.5532407150514285,1,0.9996492173468279,0,0.0,0
41155,51.683374334498,3,1,0.0,0,0.9464651947098991,0,0.0,0
41156,36.687266789105756,1,6,12.235447585391412,7,1.0001556263220248,0,0.0,0
41157,27.969720839861743,5,6,0.0,1,0.4169999085807183,0,0.0,0
41158,33.80531543241107,4,4,5.130734332103593,7,0.7158180293152641,0,0.0,0
41159,29.62803451036585,3,7,7.641432394023315,4,0.05840161883660244,0,0.0,0
41160,29.933047336529036,5,4,4.733788401503536,7,0.9999601072678748,0,0.0,0
41161,43.97532594861066,4,5,12.82025691211787,7,0.6249379142339507,0,0.0,0
41162,32.46961829701417,4,3,3.663316239664611,4,0.49826765335018963,0,0.0,0
41163,35.67893864723448,5,6,3.2618111879630245,7,0.7560815707188795,0,0.0,0
41164,67.15234585493904,1,5,4.070962323059362,8,0.5043030489753388,0,0.0,0
41165,49.068079121594145,3,6,8.07022241776174,7,0.9998753692338702,0,0.0,0
41166,55.23466112834359,4,6,12.723222652550975,1,0.9689365866636283,0,0.0,0
41167,53.38174881771301,3,1,16.37095811426421,3,0.5049903291015928,0,0.0,0
41168,57.56029871325567,6,1,16.54783895784928,7,0.9994563757043633,0,0.0,0
41169,45.746983916780565,3,6,10.4723246114548,3,0.09538235145730589,0,0.0,0
41170,41.36328688573094,4,1,1.413412222743597,4,0.5002838782482733,0,0.0,0
41171,48.92904900540037,5,3,9.62547298074424,2,0.6286521752433063,0,0.0,0
41172,30.453588398118047,3,3,7.693839666974492,1,0.9440527715285439,0,0.0,0
41173,20.27724485871629,1,4,0.0,6,0.5261543914624165,0,0.0,0
41174,55.34785296542577,2,4,9.897501245630629,7,0.9042463058649904,0,0.0,0
41175,46.71735495937256,1,1,6.658598338542273,6,0.23945070114210526,0,0.0,0
41176,28.590432951679574,3,1,12.09780449410062,4,1.0006492639273175,0,0.0,0
41177,38.355487650120324,4,3,9.986131753489326,4,0.42778291684728853,0,0.0,0
41178,26.214549893146053,3,1,17.123952178153527,2,0.23812113655485606,0,0.0,0
41179,33.55606775291819,5,6,8.716033247293321,7,0.6815181737711506,0,0.0,0
41180,44.48314972106449,4,2,0.0,7,0.9997356442924592,0,0.0,0
41181,32.42278487159233,6,4,9.518795621020768,6,1.0006591581295103,0,0.0,0
41182,24.26407720739993,2,5,12.465993423905385,7,0.9956772658125634,0,0.0,0
41183,33.71027080043409,4,3,9.571448093297757,2,0.16618198306796272,0,0.0,0
41184,44.40245278465523,4,3,11.118674686929666,1,0.9205962727042065,0,0.0,0
41185,49.79002201083253,5,6,13.388710901280488,7,0.9997443346180794,0,0.0,0
41186,54.956384138609984,4,2,20.105529616595945,6,1.000093585540625,0,0.0,0
41187,25.81986972486075,0,3,14.103868260112215,3,0.5015762103620021,0,0.0,0
41188,18.784801616857838,3,3,20.006209786226574,1,0.4739975133821269,0,0.0,0
41189,38.589983605009174,2,2,5.4555237136320365,6,0.3583988485482212,0,0.0,0
41190,49.012971556158334,3,6,11.27495998760514,7,1.0008067195887684,0,0.0,0
41191,36.48241419053517,3,3,19.993421710702627,3,0.1702898624993121,0,0.0,0
41192,25.757593857473346,3,4,13.513188183276693,3,0.8708230444636713,0,0.0,0
41193,44.200145019681834,1,3,13.1627691604426,3,0.26048497645054636,0,0.0,0
41194,62.293050076978574,4,3,3.3721840303096196,3,0.9996314770026139,0,0.0,0
41195,24.203630054202023,2,6,12.351112965051199,0,0.2195288331562576,0,0.0,0
41196,49.166537541055234,3,2,13.125091927560941,7,1.0003535115989877,0,0.0,0
41197,42.49386876173553,4,4,19.99476531707986,4,0.5002392639079603,0,0.0,0
41198,40.01811897801837,3,4,5.000971770728841,1,0.4850784224853173,1,50000.62423507197,1
41199,62.36585135524512,3,3,1.4950609040290725,2,0.21271334031045336,0,0.0,0
41200,30.213891018437494,3,2,15.06395194223969,4,0.44293252227713387,0,0.0,0
41201,62.27811309261163,6,6,19.47587813473026,7,0.6878712828479646,0,0.0,0
41202,39.738154014218594,3,2,9.12279676762186,7,1.0003311850901522,0,0.0,0
41203,48.49690433809599,1,2,1.8469288706584148,7,0.5446772103231845,0,0.0,0
41204,40.279747881358965,4,3,8.664203211321166,1,0.7961703157058589,0,0.0,0
41205,25.814779904473966,6,2,7.125593142178873,3,0.9806925421513133,0,0.0,0
41206,13.546533384059689,2,3,7.141031343795516,3,0.5328599852151549,0,0.0,0
41207,44.356023470365365,5,2,7.135911582213878,1,1.2006877973945889,0,0.0,0
41208,54.16492462048889,3,3,14.382506168545275,5,0.5332662189079077,0,0.0,0
41209,74.91749326947607,4,3,10.977808082738324,3,0.49845634453530585,0,0.0,0
41210,44.11508364401238,3,5,21.13965683788791,7,0.3800203357986014,0,0.0,0
41211,45.24416188188138,5,6,9.351960929082598,7,0.9999545643604455,0,0.0,0
41212,44.38785586135957,1,4,6.906858346702948,6,0.20879830920114684,0,0.0,0
41213,30.550002999818126,3,4,8.51064252081689,3,0.3143818539906355,0,0.0,0
41214,48.093500021230106,5,1,14.132464618529855,7,0.9020162932991543,0,0.0,0
41215,24.5932976277468,4,2,13.798868500351068,7,0.4307409316534271,0,0.0,0
41216,34.33811053070504,2,1,16.99704953845702,2,0.49992903191511706,0,0.0,0
41217,60.56069464573524,4,1,3.571699362715427,4,0.49829383867911364,0,0.0,0
41218,48.32916025873696,3,3,16.154978426520483,3,0.9996740406751403,0,0.0,0
41219,23.987918545668176,2,5,4.879346720757666,1,0.9923421755081132,0,0.0,0
41220,46.58834244404297,1,3,6.862322682112453,1,0.8678225901203364,0,0.0,0
41221,40.98322690966829,4,3,7.980520446486975,5,0.49869935280450667,0,0.0,0
41222,47.66204428318747,2,3,2.1613216722242274,3,1.0000105022002703,0,0.0,0
41223,19.912328850868448,3,1,10.139868893870855,5,0.9999504265593246,0,0.0,0
41224,57.713691169402,3,4,19.99503186430627,7,0.24106501662453816,0,0.0,0
41225,50.53997476552004,4,3,8.625069257105817,7,1.000251119861853,0,0.0,0
41226,38.40215964887436,4,1,8.843884593184253,3,0.9997323104874123,0,0.0,0
41227,40.80131344074016,2,3,8.834585935417799,1,0.0,0,0.0,0
41228,25.972302829093806,1,1,2.0778398022313276,4,0.5157150779373798,0,0.0,0
41229,34.325129185686315,1,3,18.825269365823942,1,0.9449228900179193,0,0.0,0
41230,55.61645355087127,3,4,6.3368159062221325,3,0.9603274642312173,0,0.0,0
41231,44.07442239863311,3,6,10.456882413903397,1,0.22326663790546386,0,0.0,0
41232,45.31003222340304,3,1,17.603850837982062,7,0.6246858424299917,0,0.0,0
41233,54.20702712122484,5,1,15.65904178739353,2,0.21961155027107437,0,0.0,0
41234,23.944225628647295,3,6,6.817570406731648,3,0.9272493225461939,1,1846.4372634414185,1
41235,20.13089104383185,3,3,16.07718867657487,1,1.0002179370086364,0,0.0,0
41236,27.275729231423735,4,3,2.001646149202484,7,0.3664571353710779,1,78264.49797267579,1
41237,55.55462886618671,3,6,21.037990878942274,7,1.0001906303870118,0,0.0,0
41238,40.07896655281776,3,2,18.80903830281936,7,0.9997025187879194,0,0.0,0
41239,53.47571719702729,3,3,1.9448841985488219,1,0.9258677136303886,0,0.0,0
41240,46.95682085191281,3,2,15.68681517308164,0,0.9996378060246014,0,0.0,0
41241,20.26756251576768,3,2,14.924142240837542,2,0.9996468337231625,0,0.0,0
41242,38.33748475467213,1,1,14.060381837319019,7,0.5678801156024289,0,0.0,0
41243,48.15494309341205,4,5,3.1277823291784905,7,0.44976982621205247,0,0.0,0
41244,50.80190690408235,3,6,13.62783228277729,3,0.8856536826094012,0,0.0,0
41245,60.442129319310226,1,4,19.993045258680638,7,0.6839418170236689,0,0.0,0
41246,27.22532578283974,1,2,7.676843532250499,6,0.4274780835666545,0,0.0,0
41247,31.05980812256459,6,6,18.12556780098374,2,0.26451502771829827,0,0.0,0
41248,50.40188481782121,2,3,18.102124309484267,7,1.0358843315241595,0,0.0,0
41249,59.414434829186206,5,3,3.518986751733223,4,0.44136216654421656,0,0.0,0
41250,29.920120451420516,3,3,12.644875771233776,2,0.0,0,0.0,0
41251,58.93877237298277,2,1,3.621180988217967,7,0.9506425067954449,0,0.0,0
41252,41.85578452675706,3,4,0.0,4,0.16642005610633004,0,0.0,0
41253,31.751006610485973,4,1,9.109196713118292,7,0.7845470015167478,0,0.0,0
41254,33.04486201499124,6,3,8.671436922837978,1,0.7682453195111771,0,0.0,0
41255,22.518933722655678,6,4,3.1652987891085393,4,0.018460058764565024,0,0.0,0
41256,27.106232910826687,4,3,23.36186885748681,0,0.4277606821768144,0,0.0,0
41257,42.46701524440395,3,3,22.37916999489849,7,0.9997925790980253,0,0.0,0
41258,50.96346614973517,3,6,12.759274023476122,3,1.000232932823492,0,0.0,0
41259,51.46898660459898,2,5,8.311449441778251,7,1.0000986105559175,0,0.0,0
41260,36.76899802942059,1,1,9.785987758512036,1,0.7563534526185531,0,0.0,0
41261,21.281960830133688,1,6,11.65429314407526,0,0.9955038333221278,0,0.0,0
41262,40.76989602575941,1,2,9.507339957218369,6,0.43138120253114626,0,0.0,0
41263,45.48844424910298,4,6,14.921094916821794,2,0.7544340738844256,0,0.0,0
41264,33.4431663518745,1,3,6.296120336744204,2,1.0176674254266063,0,0.0,0
41265,45.29144221362316,3,5,11.014623646229746,2,0.9995210417999016,0,0.0,0
41266,54.062393635838674,2,6,6.418081224668622,7,0.9999522390443182,0,0.0,0
41267,47.71529046906992,3,1,5.759187997477775,7,0.971000744057779,0,0.0,0
41268,43.93123136003674,2,2,11.113741910276362,7,0.9995520510462081,0,0.0,0
41269,60.59170480386604,0,3,4.748853598146015,1,0.44984657459738653,0,0.0,0
41270,27.971290380716475,3,3,6.986793850751222,7,0.16715047322562693,0,0.0,0
41271,13.566549819436403,3,3,4.4613576722138335,5,1.000334353509266,0,0.0,0
41272,63.41852207830398,4,4,6.587118961070348,5,1.0003167990782078,0,0.0,0
41273,40.90733821861454,3,3,5.239390258303816,6,0.9992963936486422,0,0.0,0
41274,24.494603252477596,3,1,7.519201164086558,5,0.9998620706885423,0,0.0,0
41275,38.77716213854021,3,6,0.0,6,0.4869423020453103,0,0.0,0
41276,61.51234637276015,1,4,1.6223766020642838,4,0.004823079400817942,0,0.0,0
41277,38.89234870221262,5,1,18.112147863176624,7,1.0003264793397881,0,0.0,0
41278,34.97849317535248,3,6,16.055821943873504,4,1.0003731450710531,0,0.0,0
41279,43.948160605314726,2,5,11.874997617500911,2,0.9693545072248337,0,0.0,0
41280,52.609489564086786,3,1,4.3662525442560165,5,0.569778918273212,0,0.0,0
41281,38.22856251757129,2,6,6.881022123496748,6,0.4543184965719045,0,0.0,0
41282,31.285342973260875,3,3,4.229493214828317,7,0.48956294043704107,0,0.0,0
41283,71.26755264561834,3,3,15.416756266929127,5,0.9061739509184256,0,0.0,0
41284,46.706671151877245,3,6,8.270092880847175,7,1.0002284321122055,0,0.0,0
41285,44.189103837791684,3,3,7.787964932817468,3,0.40282850405393245,0,0.0,0
41286,23.40994243784052,2,6,7.616404565849107,7,0.0016764240008172449,0,0.0,0
41287,27.49904505402772,4,4,19.99487034995206,1,0.8765170086790617,0,0.0,0
41288,34.71900961282984,4,5,18.382755784049685,7,1.0000988354214084,0,0.0,0
41289,72.45440238616013,4,6,4.18323260882477,4,0.4190739574635688,0,0.0,0
41290,28.39394129139437,4,1,16.761377621716065,3,0.29572635606949543,0,0.0,0
41291,69.8015677389249,2,1,1.4676433998415543,7,0.9388686341249699,0,0.0,0
41292,19.723019935022883,2,2,14.472481617186936,6,0.9998341782787026,0,0.0,0
41293,28.991900677850346,5,5,1.66512596471906,1,0.809031707158435,0,0.0,0
41294,26.559142164160765,7,3,5.800370148016629,2,0.5007695920818441,0,0.0,0
41295,41.34541878534405,4,3,7.191288662585714,3,0.268050262834886,0,0.0,0
41296,57.30985569256758,3,3,29.739878698746512,5,0.29955074429,0,0.0,0
41297,17.823447714687294,2,6,16.375870123860302,6,0.3943593800278762,0,0.0,0
41298,42.90515607862954,2,3,18.591342533343713,2,0.9995428434145792,0,0.0,0
41299,37.62870764229746,3,1,13.16286073461798,2,0.999682490506469,0,0.0,0
41300,38.28694672749616,1,3,25.549753681674108,7,0.6632983891334323,0,0.0,0
41301,35.731382831691946,3,1,14.076896247676714,7,0.28727472266195336,0,0.0,0
41302,54.91051117633243,6,3,9.505181440970585,4,0.7846575181372326,0,0.0,0
41303,33.778325612542844,4,3,12.25839731652562,7,1.0006828086814483,0,0.0,0
41304,36.94898426179097,3,6,8.154590479445176,6,1.0001348806606778,0,0.0,0
41305,46.72549908827591,2,3,0.0,1,0.39517996330866173,0,0.0,0
41306,61.142769682146145,4,6,3.2126493517511507,3,0.0,0,0.0,0
41307,40.00175472137415,2,1,20.00812322239277,0,0.7776142598067667,0,0.0,0
41308,44.67739494791927,0,3,5.974834285501155,3,0.5001107059996847,0,0.0,0
41309,31.62155935350157,1,4,9.714321285858357,6,0.6878860282972663,0,0.0,0
41310,30.646744854192242,2,2,14.95378105135121,7,1.000062755656019,0,0.0,0
41311,62.08975812633699,2,3,5.961343521936512,2,0.9994622227649597,0,0.0,0
41312,42.827136135450104,2,6,9.153863713186334,4,0.999893652647343,0,0.0,0
41313,32.421774406358736,1,1,19.9934376940216,3,0.3561557883573164,0,0.0,0
41314,48.62293060304815,4,4,5.045751332161391,6,0.18487902714123827,0,0.0,0
41315,42.36870863918456,2,6,7.437487592864811,2,0.5662892128883875,0,0.0,0
41316,16.41098207696104,0,1,6.274685233149163,3,0.9742844856429316,0,0.0,0
41317,33.86955467965823,2,3,9.194859902545332,3,0.9999348466307749,0,0.0,0
41318,42.917005222541206,6,3,13.222734407252105,1,1.0145851272085797,0,0.0,0
41319,13.476112323999615,3,3,12.340606633756087,2,0.9999541995790057,0,0.0,0
41320,39.243037342834995,5,6,0.8875157570566241,7,1.0000225667265707,0,0.0,0
41321,25.32292313053386,3,1,15.458281691012726,3,0.4302381142200421,0,0.0,0
41322,46.171584098478505,3,1,7.4924398041640075,7,1.0001431497948134,0,0.0,0
41323,52.509332815570055,3,2,16.61409195434115,2,0.4801312344373063,0,0.0,0
41324,24.428910417232835,4,3,6.081175402663001,3,0.053391191419908224,0,0.0,0
41325,37.271714162464605,2,3,8.06236234257986,4,0.26127358497352215,0,0.0,0
41326,59.72621469707143,5,3,4.508172394989128,6,0.49882679321017,0,0.0,0
41327,43.55640274853449,4,6,12.832234277912084,4,0.9994981829671163,0,0.0,0
41328,51.418828945095456,3,3,0.0,7,1.0006334673076627,0,0.0,0
41329,47.31645194161084,3,3,4.06029427766153,7,0.9994336522396448,0,0.0,0
41330,39.042683325452714,1,1,16.46477535617355,2,0.9997239114191269,0,0.0,0
41331,51.31517174240837,3,0,15.206308622660789,1,0.9999763517955258,0,0.0,0
41332,17.0027914856579,1,5,20.874220617927822,2,0.0,0,0.0,0
41333,47.509548131674066,5,2,14.017342161109442,7,0.9999967120690351,0,0.0,0
41334,44.11733592846105,3,3,25.67900646336591,0,0.8023909182878132,0,0.0,0
41335,33.07483616195858,2,5,7.2197705430105055,1,0.4907275865804171,0,0.0,0
41336,37.10452493989192,2,3,1.359940551754086,1,0.5013017260046166,0,0.0,0
41337,32.691337239235416,3,1,5.789482345759036,4,0.5250978825533774,0,0.0,0
41338,61.74281824061499,4,3,7.956081989532004,3,0.9997443541230144,0,0.0,0
41339,42.4061093999269,2,1,5.623335050575129,1,0.22660863548957422,0,0.0,0
41340,58.58944132109637,4,3,18.771177213120644,0,0.5017407340971213,0,0.0,0
41341,53.38718541954754,5,6,8.825458526679892,5,0.4090416628424784,0,0.0,0
41342,39.182164438670696,2,3,3.260959117820695,2,1.000352674393704,0,0.0,0
41343,55.20383000311767,3,3,13.096648997841099,2,1.0000415960839422,0,0.0,0
41344,38.08108238291421,3,3,13.536757749299,3,0.0,0,0.0,0
41345,46.51663915237871,2,6,11.585283270930885,7,0.8140201329861073,0,0.0,0
41346,58.46198719424058,3,3,7.765560995067293,4,1.0001016939737357,0,0.0,0
41347,59.877501320987136,3,2,6.962162472066273,6,0.5688397003161659,0,0.0,0
41348,47.87841635874848,4,2,14.430086663328552,6,0.9422353597624731,0,0.0,0
41349,61.56709333479308,3,4,10.991017091156346,3,0.2511902120177412,0,0.0,0
41350,59.443012299187444,5,4,20.00138781452682,4,0.4914842037111675,0,0.0,0
41351,40.542219421501535,3,3,0.0,4,0.9999958468744139,0,0.0,0
41352,41.68653468294996,3,6,7.565401484446143,0,0.8436830196546855,0,0.0,0
41353,45.70910717900456,2,3,2.980136721176102,0,0.9999324193474315,0,0.0,0
41354,45.76881235291036,3,2,8.17960709013742,1,0.9996564240984598,0,0.0,0
41355,63.23425512528262,3,5,2.152954781506752,7,0.9999629046455129,0,0.0,0
41356,27.38257242221527,2,6,10.4668654718101,7,0.6490846371039534,0,0.0,0
41357,50.47800523489451,1,4,7.055135406049801,5,0.20374938645040408,0,0.0,0
41358,22.1661941016774,4,5,11.908864190368675,3,0.1411673622937808,1,11349.495328489653,1
41359,55.80156860715032,3,2,0.7343306413430302,1,0.6071578535294765,0,0.0,0
41360,44.30718692332982,3,1,4.081096607741135,7,1.0000136829382362,0,0.0,0
41361,42.55712862407124,1,4,5.6559339786060505,7,1.0004678742759998,0,0.0,0
41362,33.5537654794161,3,2,15.311091953990037,7,0.45842324847959526,0,0.0,0
41363,51.58726296501217,1,2,2.029242602936021,6,0.3474642898784435,0,0.0,0
41364,49.27117450353203,3,3,4.936758413416995,3,0.5069793676413419,0,0.0,0
41365,43.51731079071154,3,6,10.285157694901486,3,0.462656638579973,0,0.0,0
41366,42.872904558793635,3,1,16.47434413071423,0,0.9074626281695203,0,0.0,0
41367,43.222716178696196,4,1,12.761969391301744,0,0.16749535445667274,0,0.0,0
41368,47.20739335889072,3,3,20.003485297893093,3,0.1789152353818605,0,0.0,0
41369,48.99061421731771,6,2,5.864277043287766,1,0.015247797397401563,0,0.0,0
41370,60.14992212699457,4,3,11.776310398108794,1,0.3782505754582835,0,0.0,0
41371,37.54125682444894,3,2,10.319764346283153,1,0.660734287712066,0,0.0,0
41372,15.950829657351605,3,3,8.168458737769772,2,0.8493494512589301,1,5121.484214355039,1
41373,29.855485239424205,4,4,19.994724975560473,4,1.0007012971209397,0,0.0,0
41374,20.13207880699185,2,2,9.875902367882418,7,1.0001201360941978,0,0.0,0
41375,28.90018365134501,3,2,12.213336854608078,5,0.20670604587145247,0,0.0,0
41376,53.847299134967315,2,3,0.17628992283644074,1,0.9997998097461466,0,0.0,0
41377,40.91241675206904,1,4,15.411849252039648,7,0.24264490042904863,0,0.0,0
41378,32.12724533337003,1,2,15.70379503080915,1,0.6317798601015681,0,0.0,0
41379,59.357042266785456,2,2,15.700580155404657,2,0.2547528323940382,0,0.0,0
41380,43.381830413735095,3,2,10.031317191731734,3,0.9456509788724752,0,0.0,0
41381,49.1809482684745,3,6,13.343912685602184,1,0.9996543511268086,0,0.0,0
41382,49.37315947616057,2,1,15.364074455985211,1,0.9374631314364953,0,0.0,0
41383,42.43692966418153,6,4,19.18040874599943,2,0.5599215744349109,0,0.0,0
41384,48.898789406812725,2,3,8.20384783977995,2,0.9023361559921648,0,0.0,0
41385,48.91958529456208,3,4,1.665327368790546,1,0.34879229834492304,0,0.0,0
41386,52.36588038216027,2,2,7.2994739741408186,1,0.4619284053542375,0,0.0,0
41387,40.35017419454939,0,1,2.5374005963436197,5,0.4610601552202137,0,0.0,0
41388,34.44445373429046,3,1,14.651610430810901,6,0.9352440034725616,1,22045.434308075677,1
41389,31.226790281072923,5,3,4.623882798696984,3,0.9736404742042344,0,0.0,0
41390,43.87553066019278,3,1,2.073995436027504,1,0.6552659805966595,0,0.0,0
41391,60.000935943564116,3,5,7.581367335861309,7,1.0003720010047306,0,0.0,0
41392,40.98508829710553,4,3,9.214960534337157,6,0.9996589983517661,0,0.0,0
41393,55.68784325232773,3,6,21.931426005674215,7,0.999714801135765,0,0.0,0
41394,25.205574120806663,3,0,11.287130236882197,5,1.0001674273464998,0,0.0,0
41395,53.56753261819753,3,3,14.363516158155452,7,0.9999122976771793,0,0.0,0
41396,48.585552994423445,4,2,8.852584672439484,6,0.3147961153241683,0,0.0,0
41397,35.091884232732994,4,5,12.229629336528554,5,0.4985664313370297,0,0.0,0
41398,51.52248484843459,2,5,11.259596808982625,3,0.9887949969243184,0,0.0,0
41399,43.216227372269344,4,1,5.197990044505491,7,1.000381519809486,0,0.0,0
41400,42.55650085679006,3,5,20.001011403356998,1,0.19941840797042193,0,0.0,0
41401,21.04808643825684,3,6,7.698349554302952,1,0.9936400665310858,0,0.0,0
41402,23.328110887834104,4,2,6.567150619008134,2,0.2912295165539447,0,0.0,0
41403,54.300698287431395,2,5,19.282742988524394,5,1.0000798825520385,0,0.0,0
41404,37.12962277760023,3,6,5.702222650524198,6,0.5251333876238614,0,0.0,0
41405,18.82252972197903,4,5,0.0,1,0.5146065310964526,0,0.0,0
41406,8.540492086452417,4,3,18.039190536750453,3,0.3899756213896618,0,0.0,0
41407,27.21821181641411,2,7,1.4509174672066898,2,0.0007105057684382299,0,0.0,0
41408,25.306397829459616,3,1,7.364487568918381,4,0.32539673052765367,0,0.0,0
41409,41.63260326603478,3,1,17.070553764689578,4,1.000214514494011,0,0.0,0
41410,57.94483251038736,3,1,19.564928199508635,5,1.0003804637486984,0,0.0,0
41411,43.87974533791715,3,6,14.069831654048588,6,1.4031538199566107,0,0.0,0
41412,18.63992273305191,2,3,4.107533229823104,3,1.0004483272610685,0,0.0,0
41413,33.55891701684499,3,6,14.479659984185734,7,1.0001108453727217,0,0.0,0
41414,49.87786314779876,3,4,20.002298464607932,6,1.0002691898165434,0,0.0,0
41415,58.013213974408885,3,4,19.999691377461588,4,0.4974060768429072,0,0.0,0
41416,35.369415740671265,2,3,16.5707527880906,2,0.5027269092457515,0,0.0,0
41417,41.30562069282986,1,3,18.370686375200442,5,0.49530933686001033,0,0.0,0
41418,36.83043112900592,1,3,10.870361242345497,2,0.49842118765169585,0,0.0,0
41419,58.81574149693279,3,3,18.723474790121802,0,0.9997492461569069,0,0.0,0
41420,57.99586726020638,4,3,0.0,2,0.49876662633863034,0,0.0,0
41421,48.992786432591124,5,6,16.979348950993078,7,1.0002908126800873,0,0.0,0
41422,41.64802980555449,4,1,20.001799496465182,1,0.6082043856537963,0,0.0,0
41423,46.5093980687291,4,6,10.266876979688195,7,0.6190796907552111,0,0.0,0
41424,54.05653983866785,4,4,14.957565900113018,7,0.6900036828244088,0,0.0,0
41425,44.07411269494172,3,4,18.15011853508619,6,1.1190095826072048,0,0.0,0
41426,49.28161561678439,2,3,16.069796879192673,0,1.0002251481492554,0,0.0,0
41427,53.070672203512515,0,1,0.0,7,1.0004021592646397,0,0.0,0
41428,13.647849392377537,2,1,19.98475234953377,4,0.6589404017748085,0,0.0,0
41429,71.69773394817749,6,3,12.03815408978401,2,0.778043429572164,0,0.0,0
41430,52.298085585617244,2,4,19.995589003737443,1,1.0004742916926825,0,0.0,0
41431,46.96274366849617,3,3,1.6021598064235913,1,0.30107062419395636,0,0.0,0
41432,44.81895874558978,4,6,11.780682171363171,4,1.000068296847854,0,0.0,0
41433,46.9561720152675,1,3,5.990893116259291,2,1.0001862689107144,0,0.0,0
41434,49.84397429982896,0,4,20.000755293551833,1,0.38887102395385564,0,0.0,0
41435,54.8577869299514,2,3,9.555608281820446,1,1.000222635643387,0,0.0,0
41436,57.973798890445714,2,3,15.207803470652715,7,0.9999181086778229,0,0.0,0
41437,43.91635696274841,3,1,9.380780863870573,3,0.3356528854698735,0,0.0,0
41438,53.776903715516355,2,2,5.144250738276737,7,1.000515555555327,0,0.0,0
41439,46.604166325564584,2,4,0.0,1,0.848035114713098,0,0.0,0
41440,35.67768979916556,4,2,6.372586878066071,3,0.1342506769182592,0,0.0,0
41441,25.764931404466342,3,3,13.184864460967054,4,0.26173880799007965,0,0.0,0
41442,25.821459171451416,4,1,2.6087833276814507,4,0.1471817623393229,0,0.0,0
41443,29.483773056803436,2,3,5.345773931730374,2,0.33278361830316827,0,0.0,0
41444,55.25264954833091,3,3,9.786514947562827,2,1.000865864613743,0,0.0,0
41445,27.163237484488178,1,4,7.0900610430004924,2,0.3386710490337329,1,4813.563736159224,1
41446,44.26745076545075,3,6,3.0137924184101443,3,0.4496774891944687,0,0.0,0
41447,41.5702512517843,2,5,0.0,7,0.9994103279648958,0,0.0,0
41448,26.025689241403562,3,1,20.001242738465017,5,0.920177917462009,0,0.0,0
41449,24.783779787000086,3,3,7.350768060443457,7,1.0002467266829669,0,0.0,0
41450,32.886864245964645,3,4,20.00162675127695,1,0.8466503051444249,0,0.0,0
41451,41.237334618892646,2,6,9.579687000179208,7,1.0004784927983352,0,0.0,0
41452,36.98737285217191,7,3,7.10731466187413,2,1.0000367543961213,0,0.0,0
41453,39.344459498393974,3,5,16.745831086575357,5,0.7517989210308171,0,0.0,0
41454,27.55521613108136,5,2,3.3836249669947707,4,0.8331067665138366,0,0.0,0
41455,46.83464945045269,4,2,7.973739669433677,7,0.9998466910648359,0,0.0,0
41456,49.45773019386988,4,1,0.0,7,1.0003902376227305,0,0.0,0
41457,58.36657644856274,4,3,5.671215231770094,0,1.0001743417013456,0,0.0,0
41458,53.93138946858491,3,3,9.203371219398782,6,0.49955926530519323,0,0.0,0
41459,65.28507087658126,7,1,0.23023033799204917,5,0.5068774555542434,0,0.0,0
41460,56.7784337189031,3,3,10.167726235465988,7,0.9999115543719619,0,0.0,0
41461,32.16626144689052,3,2,3.555095101952169,1,0.24676359815819904,0,0.0,0
41462,35.47349800218896,3,3,6.352289914562114,2,0.5018262953890759,0,0.0,0
41463,37.870696422461506,2,2,15.720600663397281,1,0.999722445434381,0,0.0,0
41464,34.27418431024977,1,6,8.2928269530234,6,0.5245888099460556,0,0.0,0
41465,61.50191196867297,3,3,4.5918093279661765,1,1.000250034095697,0,0.0,0
41466,53.02919414177608,3,2,11.974547518498266,5,0.4593215321860635,0,0.0,0
41467,50.372840857063196,4,1,0.9023084386763678,7,0.5537285397166958,0,0.0,0
41468,20.945008445137972,2,6,4.691316844103209,1,0.5456746505974892,0,0.0,0
41469,34.98863140721144,3,3,12.513471968850908,3,1.000203507769481,0,0.0,0
41470,27.509873594720865,4,4,16.48849490792166,1,0.9361681617836731,0,0.0,0
41471,27.067984250870172,5,2,10.19190608988686,7,0.012039937130450151,0,0.0,0
41472,27.24966496621608,2,6,12.415906942550667,1,1.004578022525898,0,0.0,0
41473,27.642941601312202,4,5,20.01002512203798,1,0.9997478643353057,0,0.0,0
41474,23.647839555226536,1,1,11.687169546898968,6,0.9817433396750299,0,0.0,0
41475,62.839261487772276,5,6,14.548419328338845,7,1.0003756359383922,0,0.0,0
41476,34.44031654664785,3,2,12.934670722785603,2,0.9999512535908226,0,0.0,0
41477,58.855777280584924,3,3,9.900637388235811,3,0.5652948551637763,0,0.0,0
41478,42.24681484060194,2,4,6.228978879200942,6,0.46354559028524367,0,0.0,0
41479,50.756625579573736,4,1,26.068824909426304,7,0.9551441741800764,0,0.0,0
41480,29.75213757088933,5,1,11.003002588469542,4,1.0001143285118668,0,0.0,0
41481,53.284197843768524,4,5,23.63734916429496,2,0.18624700765716462,0,0.0,0
41482,48.71838257981727,3,2,3.841672242431798,5,1.0001448062978864,0,0.0,0
41483,38.837658228130856,4,3,10.22909558175738,2,1.0003403265051711,0,0.0,0
41484,23.78520260778364,3,3,7.32863380579494,3,0.08699595278875127,0,0.0,0
41485,32.73260368965784,2,3,1.7597125978113937,0,1.0002286929970317,0,0.0,0
41486,33.49028217617585,3,3,9.2513091092318,7,1.000107807061068,0,0.0,0
41487,53.921495501315995,3,4,5.6755468472401125,6,0.7466181988380883,0,0.0,0
41488,43.19729745652262,3,2,12.939130311949464,4,0.9830209430213902,0,0.0,0
41489,49.15217272253771,3,3,12.711851916212144,1,0.999646230627515,0,0.0,0
41490,37.54278217824929,4,3,4.577584942979619,2,1.0004939351102753,0,0.0,0
41491,66.11705354651484,3,4,0.0,5,0.47178391148384197,0,0.0,0
41492,49.57626329732702,3,5,0.0,2,0.47992777034993106,0,0.0,0
41493,43.84029136943515,3,4,21.438191356253867,4,0.9422128877497435,0,0.0,0
41494,52.21848274657185,4,3,0.0,0,0.9178051361271415,0,0.0,0
41495,55.34267889483269,3,6,15.25412284892683,1,0.703055883270868,0,0.0,0
41496,35.4314671568341,2,6,17.37191637195938,4,0.9997707698899525,0,0.0,0
41497,53.174260776575736,3,3,5.791971489479988,7,1.0001455788388955,0,0.0,0
41498,51.85805858346196,3,4,20.001494222752576,1,1.0000885705682179,0,0.0,0
41499,49.44314963579515,3,2,6.640440119333098,4,0.5952538749672618,0,0.0,0
41500,58.522820032731374,6,3,8.26315625290998,1,0.548305471102737,0,0.0,0
41501,54.18808607495,5,3,8.669179425719145,3,0.5007547358836058,0,0.0,0
41502,57.68274268713844,1,5,15.69533711708499,3,0.9760956060551664,0,0.0,0
41503,57.65869286556135,2,2,13.68390913272151,7,0.5253317246968218,0,0.0,0
41504,37.166013599230524,2,1,9.99364831654008,7,0.9995031950494279,0,0.0,0
41505,52.2673278015218,2,2,16.03866355735145,7,0.46809771911132936,0,0.0,0
41506,34.060417203349765,3,1,4.194302665655279,1,0.07444721052211933,0,0.0,0
41507,33.54016081648935,3,3,11.032337114138594,3,1.0004595755875827,0,0.0,0
41508,52.44391169064019,4,5,5.510793704156323,2,0.356674779139959,0,0.0,0
41509,37.172968221487984,2,3,11.237641618240051,0,0.9457727644703812,0,0.0,0
41510,27.978647557470342,3,6,15.69105144052535,7,0.9999765405456569,0,0.0,0
41511,36.26984158399817,2,2,9.884581360469834,7,0.7166894505879511,0,0.0,0
41512,25.626651052421778,5,2,12.64276012415148,4,0.9937341780562235,0,0.0,0
41513,42.72454038691622,3,1,9.747359308830498,5,1.0003348196364934,0,0.0,0
41514,33.865730350073946,2,3,12.36277939638501,2,0.5243156766075509,0,0.0,0
41515,34.434084427841746,4,6,7.039289733462264,5,1.0001572463462967,0,0.0,0
41516,43.56970747272977,2,2,12.378389355742115,1,0.3487288670502046,0,0.0,0
41517,45.18573463625754,3,3,11.302066673286085,3,0.9999810911313072,0,0.0,0
41518,28.491393552127775,3,1,0.0,4,0.5406803870903854,0,0.0,0
41519,54.650317806028625,1,5,6.937887312893911,4,0.9717454427189111,0,0.0,0
41520,47.293052504446294,4,3,14.469521930343177,2,0.26749250260945995,0,0.0,0
41521,46.6212458935805,4,1,8.916532073971249,7,0.9997541338137286,0,0.0,0
41522,42.89722276195948,2,2,5.732245793939955,6,0.6936417517118946,0,0.0,0
41523,46.461428664929684,3,3,7.7931160999484135,4,0.37797646298089116,0,0.0,0
41524,44.86629898460115,4,1,9.22084827963517,0,0.5000259422201092,0,0.0,0
41525,44.166638501381996,2,4,2.1833699074727306,4,0.27835358198369015,0,0.0,0
41526,36.38318031592973,2,5,12.935660579446196,3,1.004425381784727,0,0.0,0
41527,58.326608591519104,3,6,15.611963263524437,2,0.29652615422451434,0,0.0,0
41528,29.493652772875173,3,4,13.497725727557244,0,0.15670397970285455,0,0.0,0
41529,32.00868324793331,5,4,20.00268174297929,7,1.0437665199194517,0,0.0,0
41530,26.1901734644351,3,6,12.471150611113531,1,1.2542159920608358,0,0.0,0
41531,35.4222459365245,2,3,13.119269458039751,3,0.7668878379452051,0,0.0,0
41532,48.683851967731314,2,6,7.477106767086288,1,0.654319660677475,0,0.0,0
41533,28.893705557693515,4,1,5.106315600389903,5,0.48764277686761337,0,0.0,0
41534,32.098620416318795,3,4,14.828487504852326,1,0.7686691664881072,0,0.0,0
41535,61.6765973331921,3,4,14.975214890443354,7,0.7544161187165399,0,0.0,0
41536,49.52663036881062,2,3,8.389039220860008,0,0.9999511546893454,0,0.0,0
41537,45.92866495625622,4,6,21.142452201025904,1,0.966365357676449,0,0.0,0
41538,29.39017793443998,1,3,0.0,7,1.0004090695448338,0,0.0,0
41539,41.74892789537148,3,3,19.997022385397546,1,0.6150360900544002,0,0.0,0
41540,67.07574231003376,1,3,16.721024379188332,4,0.9996359289329867,0,0.0,0
41541,33.71452594428466,2,3,9.576770541335552,7,0.9998708788892207,0,0.0,0
41542,21.951272833871187,3,6,5.909493444932417,0,0.16664080634654366,0,0.0,0
41543,66.47990416232147,6,3,19.472186462013916,0,0.6507758638882439,0,0.0,0
41544,44.13755422219387,2,1,4.519353828380264,2,0.6784689241551861,0,0.0,0
41545,51.66274178123879,0,6,8.547822886432954,7,0.910930380391725,0,0.0,0
41546,35.33119817325203,3,6,19.83258156208923,3,0.33183047297364554,0,0.0,0
41547,72.2128428414525,2,1,8.717572797015663,4,0.5014849625745003,0,0.0,0
41548,41.39814062700792,4,3,10.221464960817922,4,0.9998689933796386,0,0.0,0
41549,20.619156300748873,5,3,15.139353473855696,4,0.9329571807041055,0,0.0,0
41550,55.009938843523116,3,4,3.934828000443959,7,0.7380750637148904,0,0.0,0
41551,33.194682215465235,0,6,6.287331489548265,7,0.42818712273118786,0,0.0,0
41552,33.74762625469,2,6,5.9004543396567515,7,0.9996496137927932,0,0.0,0
41553,54.13133372708367,2,6,15.38199493055312,2,0.9010019838302639,0,0.0,0
41554,47.55386088462797,5,3,4.33773575842032,7,0.9994881707937564,0,0.0,0
41555,19.957523979865666,2,3,7.459765550233351,3,0.5550203680037386,0,0.0,0
41556,52.91077074050533,4,5,4.628061878797475,5,0.41968626557672223,0,0.0,0
41557,49.72666550864576,5,3,8.015696153212263,6,1.0008015326886657,0,0.0,0
41558,51.49305131070398,2,4,12.790354077457266,2,0.456343084601148,0,0.0,0
41559,67.23159616897209,4,1,12.770226169792542,4,0.49824303371454215,0,0.0,0
41560,46.34069864694889,4,6,2.808030939150207,2,0.5307696710348747,0,0.0,0
41561,49.98705341232887,2,3,20.14184898740617,2,0.27911570771870414,0,0.0,0
41562,60.74622379665587,3,5,19.589635743317192,5,1.0000615112730618,0,0.0,0
41563,39.150446700282885,6,2,14.851782542275014,3,0.5048006615224123,0,0.0,0
41564,52.09983653604531,2,2,3.8665228427459537,4,0.8059680453319563,0,0.0,0
41565,32.4662987634217,3,1,19.1106707285808,1,0.9997905288018119,0,0.0,0
41566,26.918595443452737,3,2,9.54915420540217,1,0.825815566452847,0,0.0,0
41567,49.03253394651,1,2,6.159515271100587,7,1.0001603186295474,0,0.0,0
41568,45.29698360299684,4,4,19.99287017841049,3,0.4977534439163312,0,0.0,0
41569,50.344265839706274,2,3,11.639812035226411,3,0.4978446797817705,0,0.0,0
41570,32.16408440070986,3,2,9.301085749558524,1,0.42510273923989167,0,0.0,0
41571,41.619498000960654,3,6,12.651870484486919,6,0.10124926545024138,0,0.0,0
41572,54.16825181757544,3,4,11.141824256549867,4,0.31251291066939635,0,0.0,0
41573,43.697099070412136,5,5,7.950102504148042,3,0.9451251797570013,0,0.0,0
41574,50.823774154927605,4,3,7.395712035409908,2,1.0000986282910205,0,0.0,0
41575,37.593194650574546,3,1,18.55974468718432,7,0.999837417253189,0,0.0,0
41576,27.35234892008961,5,2,3.741823355160867,4,0.5788044545272389,0,0.0,0
41577,41.34517015794868,4,2,14.898869323847048,1,0.321293064781785,0,0.0,0
41578,38.3669532037579,5,2,14.607991710456599,5,0.2477838346177097,0,0.0,0
41579,31.814043195232955,3,2,10.223176953066577,5,0.9997883284335989,0,0.0,0
41580,19.02370534446962,2,5,7.0005350997074975,1,0.668688007492142,0,0.0,0
41581,47.36513000054167,2,2,19.32785051127476,1,0.7270018646860695,0,0.0,0
41582,45.06792549028213,3,1,16.18993025513396,2,0.8762237694960868,0,0.0,0
41583,54.38997080913351,3,2,10.228742893529915,7,1.000202160446106,0,0.0,0
41584,47.30158742673247,2,3,8.869018108193506,0,0.1358193312388215,0,0.0,0
41585,28.634656433485453,5,1,18.273482903502508,2,0.31861729830297797,0,0.0,0
41586,52.00346143078005,3,6,17.48595504173396,7,0.999300330155736,0,0.0,0
41587,32.01592478577209,3,4,14.770207708477129,1,0.9999166677878356,0,0.0,0
41588,52.18740006654489,2,2,19.996736125216962,1,0.9994264353784668,0,0.0,0
41589,43.314375981726755,3,0,4.941294246942576,7,0.9483923287766137,0,0.0,0
41590,41.93754873060078,4,5,19.905905623646746,3,0.22938259534765804,0,0.0,0
41591,23.84141177327536,2,2,19.991761659307592,1,0.29694021170134965,0,0.0,0
41592,35.883737772781295,2,3,2.2719513345953892,2,0.13108272073053895,0,0.0,0
41593,13.408815338116316,2,7,3.3325388632061363,8,0.21848099202603427,0,0.0,0
41594,46.22753244582188,5,4,11.664453101946421,1,0.9673808524588864,0,0.0,0
41595,21.457384140234318,3,5,5.438102872275964,1,0.48540189634050934,0,0.0,0
41596,47.68009015216731,3,4,18.705150867571835,2,0.23390384290103833,0,0.0,0
41597,53.05478782957187,2,3,0.0,7,0.9996718614100715,0,0.0,0
41598,39.10646334575991,3,3,10.792210589453687,7,0.8045256980920548,0,0.0,0
41599,53.15573186088662,3,2,10.932084599804979,6,1.000417695225736,0,0.0,0
41600,60.05897052796185,3,4,20.014061803913894,1,1.0000606513414114,0,0.0,0
41601,57.581202174902984,1,5,2.40438942609811,6,0.544980008698684,0,0.0,0
41602,45.97468994333697,3,6,4.362905541174005,2,0.2581319473088056,0,0.0,0
41603,54.76334558982795,4,5,0.0,7,0.3756397250577833,0,0.0,0
41604,42.37471350540683,2,2,8.39117190594655,7,0.9997142363137506,0,0.0,0
41605,39.43129531464899,2,6,15.6090076813284,4,0.5547688407669007,0,0.0,0
41606,58.13908523700037,4,3,12.99462750410594,7,1.0000197259014096,0,0.0,0
41607,26.80231368991862,2,1,12.755656028087772,0,0.9996762566624939,0,0.0,0
41608,46.08360807242423,2,3,19.999184582586096,1,0.0,0,0.0,0
41609,49.12122024324451,4,6,5.734872233355415,4,0.3222061201708566,0,0.0,0
41610,34.69557097138078,3,1,5.1442148676851716,7,1.000482304632778,0,0.0,0
41611,39.89032432445367,2,3,14.96254201313466,1,0.9794101759117014,0,0.0,0
41612,28.077374446092627,2,6,20.499886469153587,5,1.0002390925566305,0,0.0,0
41613,33.126451076823386,3,3,0.0,6,0.49819310676007234,0,0.0,0
41614,52.824372496869756,3,6,16.86507486707321,6,0.9042270013609341,0,0.0,0
41615,63.719129119975946,3,1,5.900532340053059,3,0.4357633960779923,0,0.0,0
41616,15.159943125923729,2,1,2.1268433360318646,3,0.0,0,0.0,0
41617,31.11165908295569,3,1,14.438731689991378,7,0.9998118027655803,0,0.0,0
41618,52.59520104163499,3,2,8.86970589992671,1,0.9998336544256823,0,0.0,0
41619,37.18964102828764,2,2,11.060431488738,3,0.42139588339186107,0,0.0,0
41620,36.763255717194646,4,6,2.3489283481826853,2,0.19006686421028413,0,0.0,0
41621,22.690788863282624,1,2,9.675252479824223,3,0.08527228424489774,0,0.0,0
41622,31.12038539109916,2,1,16.474768582151185,4,0.9680948717335267,0,0.0,0
41623,13.417806630925682,2,3,15.85558757556802,3,0.39607302571611125,0,0.0,0
41624,32.97891413924513,4,3,9.774910971593226,0,0.99988577137386,0,0.0,0
41625,47.7295132644164,4,3,20.001585488962466,1,0.31493893961101915,0,0.0,0
41626,37.544859523012995,3,6,20.289677307879572,7,1.0000424380309447,0,0.0,0
41627,60.0935745823822,4,3,8.007971399111172,4,0.1974787206375842,0,0.0,0
41628,29.871177519090402,4,6,16.265952408125905,6,0.5859178482288273,0,0.0,0
41629,73.50457591123161,3,4,6.554909755795998,7,0.6554873683188354,0,0.0,0
41630,35.46410793105418,2,7,2.4622848773168506,7,0.9234547843552506,0,0.0,0
41631,52.47756050814566,3,2,20.15701682017664,6,0.9999227639541763,0,0.0,0
41632,48.584466358749715,4,4,14.15337441955505,7,0.8273243896187217,0,0.0,0
41633,21.54097866534874,3,2,6.07895632065524,1,0.09608299895743333,0,0.0,0
41634,53.972220277281224,3,1,14.836505158081696,6,0.9999347492331839,0,0.0,0
41635,44.37126345360342,3,5,14.331869183845598,2,0.9994291818371597,0,0.0,0
41636,45.65296449618833,4,2,12.822748744581206,7,1.0000535954025678,0,0.0,0
41637,48.201215470049306,2,1,11.737260304021707,4,0.18809137302936763,0,0.0,0
41638,12.052474558721567,5,5,10.640251058078352,1,0.9538430379967795,0,0.0,0
41639,57.121124476413435,2,1,0.0,4,1.0003870553992251,0,0.0,0
41640,42.45438826448052,2,2,12.88602567846271,1,1.00054588220717,0,0.0,0
41641,66.97603975117286,6,3,6.502581272720226,3,1.000085774167962,0,0.0,0
41642,45.10093182678997,5,3,3.6819648258063324,5,0.954985340727369,0,0.0,0
41643,25.65266420400674,3,2,6.666806726696794,3,0.3812369471562738,0,0.0,0
41644,24.266585436654108,3,6,9.402600664102094,1,0.9316786754564157,0,0.0,0
41645,60.34173782145383,3,1,19.297846392109562,2,0.9900118263021995,0,0.0,0
41646,55.413028598636714,2,5,17.970256004724522,7,0.9994724915256696,0,0.0,0
41647,48.58150839130388,2,3,5.960153435239044,5,0.5003878438243378,0,0.0,0
41648,37.220056299445964,4,1,9.138270545782147,7,1.0001642448990884,0,0.0,0
41649,44.84638259432087,3,3,7.06885771259453,3,1.0003579922372674,0,0.0,0
41650,23.92093187043656,3,3,2.078826694250493,2,0.17083770698870893,0,0.0,0
41651,27.45916500186642,3,2,10.748053692989723,3,0.9310812667445872,0,0.0,0
41652,54.90878740381876,4,3,26.929203506205155,7,0.9999382345513509,0,0.0,0
41653,26.402874886673416,3,2,13.675991627880583,2,0.22258648296763,0,0.0,0
41654,26.475999012306893,5,1,1.631870702556304,7,0.1496222815088991,0,0.0,0
41655,28.35517070153135,2,2,8.814138666969468,4,0.030004850200908928,0,0.0,0
41656,48.58334860879068,2,2,9.98578904295885,4,0.36967692461884916,0,0.0,0
41657,47.19205972420287,3,1,18.146945088313153,1,0.9539423295995977,0,0.0,0
41658,61.36986525859555,4,4,20.00079455220733,3,0.5011582267895534,0,0.0,0
41659,36.48017303275522,2,3,5.9535283337971165,7,1.0002563134265874,0,0.0,0
41660,42.63578456657062,2,6,16.60772022429691,7,0.9998077856550653,0,0.0,0
41661,53.857293788558046,2,5,15.958218507900028,3,0.02275528967666962,0,0.0,0
41662,70.9670671763154,0,2,15.162338377013263,7,0.05589207421521514,0,0.0,0
41663,53.80993856151215,4,6,10.306117104634211,7,1.0001113305485956,0,0.0,0
41664,30.8467237918392,3,5,20.16637983634606,5,0.5032227867082374,0,0.0,0
41665,46.13235962604479,3,3,20.007678870753544,3,0.39866028286686905,0,0.0,0
41666,52.22113512340228,4,4,20.004304496992585,1,1.0006203994318574,0,0.0,0
41667,31.35818639379189,2,3,1.897926186481829,7,0.8966778388816705,0,0.0,0
41668,38.643456729709314,4,3,4.005566793826963,0,1.0004877760604636,0,0.0,0
41669,23.949772926641113,4,6,1.0124051997541663,2,0.31780203292512876,0,0.0,0
41670,73.17094081524287,5,3,6.112178393304392,5,0.9999292362339687,0,0.0,0
41671,28.521200782216894,4,2,7.156765789680634,3,0.9068244847720428,0,0.0,0
41672,45.68211656502231,4,2,10.043539346008272,7,0.1268777007226255,0,0.0,0
41673,51.28949377237744,1,3,16.87434770480167,7,0.9999596605045821,0,0.0,0
41674,38.954252825704515,1,1,9.68050510563497,1,1.0000894011002075,0,0.0,0
41675,48.5808267687695,4,3,20.005939133405384,1,0.5697271389704746,0,0.0,0
41676,45.01414187352553,2,1,14.536187894194695,1,0.11845417736027997,0,0.0,0
41677,26.75924741765526,4,4,8.135360276512266,7,1.0002568937021554,0,0.0,0
41678,19.657828134142964,3,4,21.25515969925764,3,0.3540820448250772,0,0.0,0
41679,40.54055441174684,3,3,6.567766881895515,7,0.37063800991254914,0,0.0,0
41680,38.34299683583687,4,2,5.591370384818205,7,0.9999926552927428,0,0.0,0
41681,47.665870270447506,3,3,9.11649385749245,7,1.0005669661838446,0,0.0,0
41682,65.29333063883442,3,4,19.99858310462286,7,1.0000348166871063,0,0.0,0
41683,32.56544137123311,4,3,19.746474997950457,0,1.000122229100207,0,0.0,0
41684,49.75963445199994,3,3,10.702511157484167,2,0.9998101861198239,0,0.0,0
41685,29.164249523382857,3,1,10.539944201449135,1,0.49990934675749743,0,0.0,0
41686,62.582471138316016,4,3,15.124340356660142,5,0.5017116009305733,0,0.0,0
41687,31.483756611088587,3,1,17.885326026274754,5,0.4303194234664838,0,0.0,0
41688,33.52203944279669,3,5,1.6993276026771742,1,0.0,0,0.0,0
41689,71.21209906861021,2,5,10.332555751280642,4,0.5001412681596737,0,0.0,0
41690,42.31744236659846,2,3,18.08759574053713,1,0.49946460709565305,0,0.0,0
41691,47.742310743606794,2,2,10.085164139584041,1,0.9996268738007534,0,0.0,0
41692,45.26135627819961,3,4,9.816954142849152,4,1.0001980118730533,0,0.0,0
41693,46.067700609648924,4,1,20.002306572278652,4,0.21837312753798943,0,0.0,0
41694,47.46580848347292,5,3,11.877888255429802,7,1.0004397082466132,0,0.0,0
41695,39.806577442642,4,2,11.553534333364802,7,0.9995009096471087,0,0.0,0
41696,50.247815168525726,3,1,6.072317461354438,7,1.0000588705725346,0,0.0,0
41697,41.46250471304775,2,3,6.508037386094537,6,0.9998733393069525,0,0.0,0
41698,28.86531870434294,3,2,2.3136908056787924,4,0.3861615185823664,0,0.0,0
41699,42.985763117579175,1,5,5.443740621615482,2,0.34614237918471447,0,0.0,0
41700,37.78229806202741,4,3,14.955747572538014,1,0.9671885185710785,0,0.0,0
41701,26.39753178351681,5,7,4.510506796123042,1,0.5655051289201661,0,0.0,0
41702,27.443993082246386,3,1,0.22568787683393765,6,0.25103973546294867,1,10675.880125236317,1
41703,50.96246835618488,6,2,8.76512279882584,5,0.20024427382530452,0,0.0,0
41704,23.41740465709264,3,3,17.111321724502847,4,1.0002864546539558,0,0.0,0
41705,26.676185214336186,4,3,3.259130144294521,2,0.2752334803893307,0,0.0,0
41706,36.688620423796955,1,1,9.290243592335745,1,0.25966071845116423,0,0.0,0
41707,29.88294681980043,4,6,12.374886719212817,1,1.0095475539006935,0,0.0,0
41708,27.691304112182515,2,3,9.822161880694225,5,0.17942572733269468,0,0.0,0
41709,54.67033257474678,2,2,13.596727152441144,1,0.9025766858379148,0,0.0,0
41710,37.05363460137544,2,1,12.815594490450248,7,0.9622079261609215,0,0.0,0
41711,56.69389652936569,4,3,7.500563435135103,7,1.1863222341079203,0,0.0,0
41712,40.3818130763392,1,5,4.5319267990201855,3,0.20539469354746537,0,0.0,0
41713,52.419843237715575,4,1,15.058321559165048,0,0.48620499913093185,0,0.0,0
41714,42.137014169242214,5,1,9.229034054736825,2,0.7029080212072812,0,0.0,0
41715,38.20843127551991,3,2,13.817724856623563,3,0.5089983263815485,0,0.0,0
41716,26.912041597216884,4,2,9.446028167591075,4,0.5544799536445824,0,0.0,0
41717,40.51885286943106,5,4,16.64814982820805,1,0.9757756564296871,0,0.0,0
41718,45.589525232310834,4,1,5.90878203651111,6,0.959679935651008,0,0.0,0
41719,30.382572625348878,3,1,2.7037317978957596,2,0.9999024922046837,0,0.0,0
41720,39.855470170451454,3,3,20.00842254065821,6,0.49582699767178556,0,0.0,0
41721,27.880833022754018,2,1,6.517279702959823,2,0.9511892701279662,0,0.0,0
41722,52.44401633363433,3,1,14.330608007346886,7,1.000119115668032,0,0.0,0
41723,46.85111037546767,2,1,11.039548915833421,7,0.391634119634859,0,0.0,0
41724,35.149461300502296,4,6,14.00726440802585,1,0.89659170755741,0,0.0,0
41725,22.39424813154558,4,4,20.00008855393247,3,0.7524890333797626,0,0.0,0
41726,45.78419001278314,3,3,9.343992794559107,7,0.1367941692924155,0,0.0,0
41727,57.07599691142943,4,6,21.86523602957979,7,1.0000208901824599,0,0.0,0
41728,34.56863288766208,3,6,12.122309824321487,3,0.9998651702304768,0,0.0,0
41729,44.39385600125945,3,4,20.001631186895786,1,0.9999262166655818,0,0.0,0
41730,63.63678167768495,3,5,10.455031913154338,7,1.0002695837400497,0,0.0,0
41731,62.18539379929893,2,4,19.999940175509558,4,1.0003818501473825,0,0.0,0
41732,23.635022920882033,3,1,16.81473733126967,3,0.7941431430087942,0,0.0,0
41733,39.57629720527218,3,2,3.8681297690832688,7,0.9995629082646067,0,0.0,0
41734,34.529343188750794,4,1,8.407255924550945,4,0.5025845927580582,0,0.0,0
41735,46.10689589873434,2,1,6.1628033706564604,3,0.49864311549154794,0,0.0,0
41736,42.36840931908472,2,3,5.646405896044403,7,0.9463676752304149,0,0.0,0
41737,45.52587201160332,4,3,0.0,7,1.000593976538434,0,0.0,0
41738,33.126207641629115,4,3,21.67074183702199,7,1.0004122055003233,0,0.0,0
41739,42.05221996508123,2,3,6.626882091234422,7,0.999936482634445,0,0.0,0
41740,28.03817999295555,3,4,19.986728508127353,1,0.9999979418987331,0,0.0,0
41741,41.51668457519519,3,4,10.278538544503897,4,0.9975574479794498,0,0.0,0
41742,37.448399755743324,3,4,17.996175705890664,3,0.26691896717293245,0,0.0,0
41743,21.551061128126577,4,6,0.0,1,0.2867305526561211,0,0.0,0
41744,25.70485836339321,3,1,9.171394911839407,5,0.497473020437466,0,0.0,0
41745,65.37590750150858,2,6,27.335617858240283,7,0.9999470439313272,0,0.0,0
41746,24.199712189814967,1,3,11.502538183633467,1,0.5387005440745364,0,0.0,0
41747,52.15290246244885,3,3,14.6299027649378,3,0.9996999485106131,0,0.0,0
41748,47.729566171838485,4,2,10.992360416804932,2,0.13917691801882648,0,0.0,0
41749,63.569905050660026,3,1,8.520232989519895,7,1.0001968338048834,0,0.0,0
41750,47.962658346112704,2,3,15.589141160331883,3,0.0,0,0.0,0
41751,50.3156056182839,3,6,3.9341852504445045,7,0.9999271625845283,0,0.0,0
41752,54.96256963837797,3,4,16.40127418435093,6,0.5130549707094239,0,0.0,0
41753,36.403670052113746,3,3,20.00824093945508,4,0.7814661147742903,0,0.0,0
41754,50.31244245295096,3,2,7.440636719388033,6,1.000115743732085,0,0.0,0
41755,50.05862607380576,5,1,19.996374936426804,0,0.796078226804128,0,0.0,0
41756,47.25816428710668,1,3,0.0,7,0.9997427487303796,0,0.0,0
41757,40.00915789329767,3,4,18.56272372801889,1,0.13260972002896199,0,0.0,0
41758,21.660842072474953,2,6,13.228621963014659,0,0.30035112824951093,0,0.0,0
41759,45.62365387002278,2,3,11.05394882422085,6,1.0005838536649012,0,0.0,0
41760,41.16672390081322,2,1,19.999409244141944,5,0.49034891196503083,0,0.0,0
41761,55.93926584890516,3,0,19.023882108643765,2,0.9999103631206313,0,0.0,0
41762,64.61219748181773,4,1,0.0,5,0.4970178719869395,0,0.0,0
41763,47.39897130613177,2,1,19.99704250053005,4,0.37840561420835883,0,0.0,0
41764,29.804626968726573,3,3,8.09918555742147,7,0.9484713373161686,0,0.0,0
41765,48.25337145257473,4,3,5.179091939822379,4,0.5424811169812094,0,0.0,0
41766,23.95648772555292,2,6,14.968708035709154,3,0.3906568065165177,0,0.0,0
41767,47.17855507273388,3,6,14.975613521808725,5,0.9991729577309765,0,0.0,0
41768,50.92826495648971,1,1,15.870177383833894,6,0.40107825444234085,0,0.0,0
41769,61.35098683531383,3,6,16.533675023020518,2,0.647270622927073,0,0.0,0
41770,67.1292385111447,2,3,11.544606451413825,3,0.979263004553873,0,0.0,0
41771,40.75684149992166,2,1,5.765754587623765,7,0.9993237523106597,0,0.0,0
41772,45.09762539302422,4,2,13.099381149927291,1,0.22883065404238367,0,0.0,0
41773,46.28484062931331,1,1,0.0,7,0.9937506593672851,0,0.0,0
41774,67.01776907945451,3,1,15.199764503195617,7,0.9993142225835046,0,0.0,0
41775,61.79040328229115,5,6,15.421682673126357,0,0.5647101272354348,0,0.0,0
41776,47.30481760958371,1,3,6.784964303053588,6,1.0003837134861198,0,0.0,0
41777,51.56168607543357,3,3,11.239777621846189,4,0.9999929049270507,0,0.0,0
41778,58.46808431193861,1,6,7.486246361187005,3,0.14240818217120166,0,0.0,0
41779,22.95386442301875,2,7,1.592574132117699,4,0.0,0,0.0,0
41780,33.92463918468243,3,3,13.367128579879534,7,1.000036801569959,0,0.0,0
41781,58.323011874298615,4,1,16.710117243749956,7,1.00040265252659,0,0.0,0
41782,58.229757947763005,2,1,10.625507626754004,3,1.0003428731802448,0,0.0,0
41783,63.50313552044244,4,3,12.847923774856184,3,0.9997753411406998,0,0.0,0
41784,30.83914157008865,2,2,7.410530088651303,7,1.0001717907087126,0,0.0,0
41785,36.86513151726042,2,3,0.0,2,0.6912263586898276,0,0.0,0
41786,42.12643284532884,4,3,19.859034731156918,7,0.9997368135763612,0,0.0,0
41787,30.267365190292466,3,2,12.743805806898772,1,0.42723663389949273,0,0.0,0
41788,62.05517302198676,3,1,9.640533388244489,1,0.9997927734969017,0,0.0,0
41789,25.365871222871107,2,3,6.0235404603361244,1,0.8401706510547635,0,0.0,0
41790,61.80040016309681,3,3,7.724494371896394,6,0.9876585146078198,0,0.0,0
41791,56.40086662702755,1,4,0.7487382421612914,5,0.23855757920685033,0,0.0,0
41792,26.413238411478616,2,2,9.020699914079115,1,0.21843255724380173,0,0.0,0
41793,51.17753299602316,2,1,9.70181960911263,3,0.9998616315150937,0,0.0,0
41794,17.764734023216782,2,3,14.282996203464073,4,0.6489055327922258,0,0.0,0
41795,62.22613952700419,3,2,13.220134746494661,7,1.0002163273129785,0,0.0,0
41796,44.218653221119126,3,6,12.063669222464702,1,1.0464262474429207,0,0.0,0
41797,31.487213836910207,0,3,21.315824318516814,6,0.4678116604832617,0,0.0,0
41798,43.703810970504485,5,2,9.432823177873592,7,0.9992849437054087,0,0.0,0
41799,45.734450898637974,2,6,20.494120769706015,7,0.2534469013798364,0,0.0,0
41800,52.016407383077414,3,6,14.93821610320139,4,0.26719425666232816,0,0.0,0
41801,56.1146089177488,4,1,8.901187937572685,6,0.6573302397161589,0,0.0,0
41802,63.16333418940994,4,2,8.685079194840808,7,0.4547647337441952,0,0.0,0
41803,54.0268374769126,2,1,13.3954508559281,1,0.9306390089533289,0,0.0,0
41804,46.31533263968324,1,5,19.998973578133025,1,0.6249002952904239,0,0.0,0
41805,33.40944219537171,2,6,14.775708553270501,3,0.08510883464714791,0,0.0,0
41806,44.470518618915214,2,3,13.87039327423244,4,0.999632773983089,0,0.0,0
41807,50.15982734046346,3,1,13.777063915050471,2,0.49576602058157887,0,0.0,0
41808,55.141621368107394,4,3,12.240463537201181,1,1.000700206080899,0,0.0,0
41809,26.57801836951721,1,3,10.087224678460196,5,0.6229056718220989,0,0.0,0
41810,59.45230270814656,3,1,13.590167290758755,7,1.0006992708826865,0,0.0,0
41811,32.31342162721022,4,6,15.782846410000625,5,0.22780422977772663,0,0.0,0
41812,35.504287238815955,1,3,17.211756032645546,4,0.4236673416498618,0,0.0,0
41813,38.017541274821795,3,1,0.0,0,0.0,0,0.0,0
41814,35.41724211346558,0,3,5.893751961832,4,0.49943885716264946,0,0.0,0
41815,29.185252070970073,2,4,9.730571508484473,3,0.0,0,0.0,0
41816,56.19198278080227,3,4,9.698767295481733,1,0.8995736258611863,0,0.0,0
41817,33.122304379421614,3,2,11.3366667547979,1,0.9997450541815477,0,0.0,0
41818,27.556947444810838,3,3,14.92261516046851,7,0.062536105762662,0,0.0,0
41819,25.281375062095805,3,6,4.099984626395676,6,0.6628499205107282,0,0.0,0
41820,39.19650577071762,1,1,13.162662634545933,3,0.10451116942221217,0,0.0,0
41821,58.840099521229554,3,3,15.362409666679554,5,0.9996585671867537,0,0.0,0
41822,50.25514361235568,1,2,2.517796010293626,1,0.2710606311563553,0,0.0,0
41823,47.16776012715878,4,6,13.24039652846471,1,0.3786930845582785,0,0.0,0
41824,44.68487023385387,5,4,20.009091038556605,1,1.0000108828185428,0,0.0,0
41825,42.83230618165711,4,1,14.649023673253332,2,0.63278449440529,0,0.0,0
41826,45.59424837096929,3,1,4.583568074336954,0,0.38982059870198416,0,0.0,0
41827,32.53947955437662,5,3,0.0,7,0.9989966094480246,0,0.0,0
41828,55.13697705414201,2,3,20.015726309847857,4,0.9998701109220882,0,0.0,0
41829,43.578853979119074,3,7,5.181469885729118,4,0.9411588681300618,0,0.0,0
41830,34.4296205838239,3,4,9.665551297574934,1,0.6119459363992823,0,0.0,0
41831,36.47063817433013,1,3,10.994025686897372,2,0.9994116100338675,0,0.0,0
41832,39.10903911388405,3,3,15.060602126497079,7,0.9472297616512602,0,0.0,0
41833,49.59789002655455,3,2,3.5314133861312182,7,0.7677368054534901,0,0.0,0
41834,35.631979579042024,4,1,16.84536486121527,7,0.9444802034199697,0,0.0,0
41835,67.75614836580827,4,3,14.784428619288526,5,0.4961733247891415,0,0.0,0
41836,38.02929796912477,1,6,16.35615649820394,3,0.5631292211314938,0,0.0,0
41837,37.263939006031435,4,3,10.676908557196622,2,0.992796324778027,0,0.0,0
41838,50.32624721105181,3,1,11.22484982718057,4,1.0000800822867868,0,0.0,0
41839,57.93882260101971,1,3,6.572661352850613,7,0.024135611792673095,0,0.0,0
41840,49.613231264882025,4,5,16.749839478063805,7,0.8411017307547364,0,0.0,0
41841,37.78121510529515,2,6,17.907354408663778,5,0.99955462335518,0,0.0,0
41842,41.24786484680041,1,6,8.178721011491405,7,0.703240574571196,0,0.0,0
41843,26.74569754665108,3,6,4.9126949184214945,3,0.0,0,0.0,0
41844,29.4495008997612,5,2,8.694353936894915,1,0.2199352017786469,0,0.0,0
41845,56.00535968724468,3,1,0.5129285782001602,7,0.9999955372191516,0,0.0,0
41846,29.54964475539476,2,6,15.360653616416997,3,0.3371356914430708,0,0.0,0
41847,26.75476314387016,5,2,6.303516374535574,3,0.47854314416164806,0,0.0,0
41848,45.575180969371594,3,2,2.6580223733219857,7,0.0020003858640926797,0,0.0,0
41849,41.67561888693751,3,0,13.05163179293286,6,1.000209034747324,0,0.0,0
41850,48.961246347288615,2,3,8.290509501643445,4,0.9544551026043431,0,0.0,0
41851,45.05812887434717,5,3,5.22327107025597,7,0.3143996130107922,0,0.0,0
41852,27.641770335808424,5,7,1.0759012241588657,4,0.0004346422105565573,0,0.0,0
41853,33.80973724842093,3,2,12.248042526375894,2,0.6185233234007304,0,0.0,0
41854,63.19724376735402,5,4,5.395439836833411,4,0.4429038477397554,0,0.0,0
41855,54.079587475804104,1,3,12.593074536345506,4,0.5040301201291411,0,0.0,0
41856,22.29259248932088,2,3,6.645800612110639,1,0.9739233231062528,0,0.0,0
41857,36.58280909239276,4,2,5.036089901660636,7,0.7353965657132371,0,0.0,0
41858,30.912593757129336,2,1,9.584286628407035,6,1.0003996342318862,0,0.0,0
41859,25.74531640232182,2,2,7.249893674146723,5,0.5870333604665854,0,0.0,0
41860,43.29128272336678,2,3,15.061083805502824,4,1.0003206593637066,0,0.0,0
41861,50.50615813074727,2,6,12.689805352749275,3,0.18610192463340303,0,0.0,0
41862,35.62173499308915,2,2,11.692534324434902,7,0.9999916291079807,0,0.0,0
41863,33.89959884513391,2,2,14.201718470180605,5,0.7403570081429576,0,0.0,0
41864,35.853325142052725,1,1,8.03052699188704,7,0.2495373786582612,0,0.0,0
41865,47.85372549659829,3,4,6.779086930543469,3,0.4803136577085023,0,0.0,0
41866,41.707483769367435,5,2,3.0212458344680027,1,0.12232329967648359,0,0.0,0
41867,18.29595007431843,4,4,8.79914748840157,1,0.9997666748188221,0,0.0,0
41868,38.80192323676303,2,6,15.005479213579992,4,1.0003127682310637,0,0.0,0
41869,61.830736073447326,2,6,23.901811204748242,7,0.9996990207095229,0,0.0,0
41870,34.7524757459823,6,2,14.050861951814316,6,0.0,0,0.0,0
41871,56.80020501748378,3,2,8.321500366956458,1,0.5184029371174819,0,0.0,0
41872,21.083641623890074,5,6,16.99362828786389,2,0.5145168377683227,0,0.0,0
41873,52.92119606138646,6,3,4.039340915560011,1,0.0,0,0.0,0
41874,59.93445271527459,4,1,16.28332499749132,2,0.927461983231262,0,0.0,0
41875,55.07557742892516,3,1,17.86752575268015,2,1.000705910137453,0,0.0,0
41876,59.764590567778754,4,3,13.106671302807976,2,1.000391996195321,0,0.0,0
41877,19.42832077739099,2,3,19.455442102002927,2,0.5054944964957958,0,0.0,0
41878,53.248818327447474,2,2,9.544188399124835,1,0.9795389735763418,0,0.0,0
41879,41.96746507186217,2,6,20.756261444206665,1,0.5779451649761254,0,0.0,0
41880,44.45712189328495,0,1,1.246045007133814,1,0.5019057861129557,0,0.0,0
41881,50.04850720811926,3,1,13.690505181392963,2,0.6719784605206005,0,0.0,0
41882,35.341350186915186,3,3,7.773567997947588,2,0.9557226845382973,0,0.0,0
41883,49.465657280814554,2,3,19.990611490129226,1,0.7143282743824679,0,0.0,0
41884,21.541555193249188,5,2,8.426062189822197,5,0.22427951768332388,0,0.0,0
41885,44.02236894520664,4,6,0.685783523602483,7,1.0000604862463576,0,0.0,0
41886,42.633877913710165,4,2,4.682010740809097,7,1.000151644927537,0,0.0,0
41887,46.90965057043508,3,1,14.499971492149431,7,1.0000421809422193,0,0.0,0
41888,38.76804840189399,2,5,20.003341341894746,1,0.9998702589516208,0,0.0,0
41889,54.017263113264484,3,1,13.34718801993354,7,1.0002987634267984,0,0.0,0
41890,46.721144925783356,4,3,9.329291628764114,7,0.4556971291929079,0,0.0,0
41891,54.96513275052632,3,5,15.552746142597453,7,0.9733511363135239,0,0.0,0
41892,63.84590578178874,1,3,3.5558980301931555,6,0.9722033547105338,0,0.0,0
41893,41.98939301047466,3,5,17.99113825579576,4,1.068230851113805,0,0.0,0
41894,48.12019744821237,2,3,2.2659633430461046,7,1.0424318074161854,0,0.0,0
41895,47.89723466327344,2,3,0.0,5,0.9274483703751767,0,0.0,0
41896,51.65171528716357,3,2,8.587814494428812,7,1.000347337669872,0,0.0,0
41897,37.39905406477212,1,3,5.172196065747741,7,0.3519279850057796,0,0.0,0
41898,54.62441770488091,4,6,7.806097373395547,2,0.0,0,0.0,0
41899,48.84878310891122,2,1,4.113963895632683,7,1.000076961701529,0,0.0,0
41900,52.828233197642646,3,6,16.562502535661018,6,0.5994004664814628,0,0.0,0
41901,60.33199786683281,3,4,0.0834761542527378,3,0.9999256347260643,0,0.0,0
41902,51.557099862126634,2,1,5.0852240031537415,4,0.20011942854148784,0,0.0,0
41903,20.40718078427959,0,3,0.0,2,0.7139035708451196,0,0.0,0
41904,19.9914084348782,4,2,10.80393318465319,2,0.9699647833233693,0,0.0,0
41905,37.64738532657542,1,3,7.103198710942524,7,0.9998272723243724,0,0.0,0
41906,44.73952277818945,4,3,4.059223861926781,1,0.17236503121514457,0,0.0,0
41907,36.65894324013801,5,6,11.895762346892523,7,0.6958093725458643,0,0.0,0
41908,53.40987447552021,3,3,13.944931018798307,6,1.0000613987394473,0,0.0,0
41909,54.41066665356138,3,1,3.46069488425967,7,0.9849069966387589,0,0.0,0
41910,53.2859956174252,3,6,4.410090100225768,2,0.40918745482593133,0,0.0,0
41911,48.59635826859852,2,5,1.4413561435424782,3,1.0000959746828815,0,0.0,0
41912,43.09766726358501,1,3,0.0,7,0.9997679071934686,0,0.0,0
41913,42.82296482427975,3,3,24.43416552685334,7,0.41897805114545966,0,0.0,0
41914,38.981195363657456,3,4,4.624780775247543,5,0.9198219420453773,0,0.0,0
41915,60.57395868280773,3,1,8.575630317411598,7,1.0003665985234698,0,0.0,0
41916,47.38628719763177,3,6,20.358678889855007,7,0.9999880787250803,0,0.0,0
41917,48.025428874285,3,3,19.996172671083364,1,0.2564385664178537,0,0.0,0
41918,40.842226574234715,4,6,2.4622115303801007,7,0.9999987974946323,0,0.0,0
41919,22.735857734910176,1,3,7.655254018564916,2,0.9697684314093575,0,0.0,0
41920,38.20044901841248,5,1,13.934679066515663,2,0.4137191468667277,0,0.0,0
41921,23.695126749538094,2,3,14.135519556668791,6,1.0003163067777883,0,0.0,0
41922,34.060027141622136,2,1,16.766290346280147,7,0.99973147766456,0,0.0,0
41923,29.074543650017837,3,3,19.999776900771813,1,0.5315171842241927,0,0.0,0
41924,58.11106504660351,2,2,6.199887010841071,6,0.3518593672635108,0,0.0,0
41925,53.82658917436128,3,4,4.904475587858993,4,0.5640472334108151,0,0.0,0
41926,42.08848453694974,4,5,0.0,1,0.023656768018213592,0,0.0,0
41927,48.870016008858585,3,3,24.84361893984248,2,1.0004462652126316,0,0.0,0
41928,68.5253203964439,3,3,12.922316452855757,5,0.9993260822109091,0,0.0,0
41929,58.02353538935307,3,4,6.781984916174371,5,0.6322669943686465,0,0.0,0
41930,52.13387872298334,5,6,2.645121416632188,7,1.0001827953492988,0,0.0,0
41931,72.61626365334972,3,1,10.844596611851252,5,1.00031546436972,0,0.0,0
41932,23.085725976914127,2,1,0.0,1,0.8538019467397449,0,0.0,0
41933,47.85752592969184,4,6,3.074370647384127,7,1.0001497515109472,0,0.0,0
41934,43.309359255312366,3,2,0.0,1,0.538453781475771,0,0.0,0
41935,45.95300566944018,3,6,7.339661548374716,7,1.0003975708642843,0,0.0,0
41936,28.024731373332067,5,3,9.978754498529433,3,0.47944930825263815,0,0.0,0
41937,37.93483422997446,3,2,17.90782102304275,7,0.9998378758246386,0,0.0,0
41938,41.72699876947034,3,5,16.181747750730047,5,0.6432877443540633,0,0.0,0
41939,59.11608654787683,3,2,16.71035069418358,7,0.45203555810417273,0,0.0,0
41940,32.62468684389228,2,1,10.264605521305517,7,0.879513688974977,0,0.0,0
41941,36.57528784898425,4,6,18.268797816705202,7,1.000524026546625,0,0.0,0
41942,43.565829673024034,3,1,4.903823832378365,4,0.249309606303946,0,0.0,0
41943,23.41140408302253,5,1,14.244539860549821,3,0.29212319629016514,0,0.0,0
41944,38.71015582490323,2,4,19.992139732269408,1,0.5172725763301574,0,0.0,0
41945,42.69578156052188,2,1,0.0,8,0.9995251157325818,0,0.0,0
41946,24.834840440325067,3,4,19.9505654891827,4,0.1813909704225387,0,0.0,0
41947,28.954054746752366,1,5,0.0,1,0.46354241214928454,1,70799.88625701524,1
41948,39.84702294821339,3,3,17.0712628237334,1,0.9738940705907246,0,0.0,0
41949,46.838958379848506,2,6,8.379332368475286,4,0.9998252226540454,0,0.0,0
41950,30.58626610033219,2,3,19.919381456198593,7,0.43793077419062293,0,0.0,0
41951,38.045262501215035,5,1,7.143653170926847,1,0.9284405082930408,0,0.0,0
41952,36.2919498219407,4,0,20.00067028791205,1,0.9998514628054689,0,0.0,0
41953,51.1015136283204,3,3,25.828356217123684,4,0.9991464796043918,0,0.0,0
41954,43.07990005956204,3,5,2.6548446843505467,1,0.5036213763172521,0,0.0,0
41955,48.314048700913425,3,1,19.673079519314555,7,1.000217535398232,0,0.0,0
41956,49.51023293174049,4,6,14.587166552460337,6,0.7905724189000365,0,0.0,0
41957,42.66703167939561,3,3,1.3879713670077436,3,0.4976545748388925,0,0.0,0
41958,58.541081448047706,3,3,15.938206784677636,1,0.5949647843306323,0,0.0,0
41959,36.66456423679243,5,3,16.463710986927055,2,0.5027274845850503,0,0.0,0
41960,50.17548537289769,3,5,19.998043493975736,1,0.5785924724138124,0,0.0,0
41961,45.051578795643934,2,1,19.995489312328246,4,0.68133522077928,0,0.0,0
41962,44.695752499280886,4,3,8.382719838604192,6,0.5471641547713785,0,0.0,0
41963,47.257514267232146,2,4,8.474240877538907,1,0.9684571630694823,0,0.0,0
41964,66.03453949458918,3,4,13.213317473075037,1,1.0001069535692868,0,0.0,0
41965,33.1487162226058,3,3,5.02451095704783,2,0.6791005557507154,0,0.0,0
41966,64.1139661033807,3,2,2.779728701554731,6,0.9672330972689459,0,0.0,0
41967,58.81342301330403,4,3,2.706137621332216,7,0.9994355153120786,0,0.0,0
41968,30.071223960594573,4,3,0.4428109920695551,7,0.0,0,0.0,0
41969,39.81732962503577,5,3,10.37954149827657,3,1.0011689032710067,0,0.0,0
41970,53.05981910319178,0,3,0.0,2,0.9659924249344323,0,0.0,0
41971,41.60372830964257,3,1,0.6265485421696493,2,0.9815802690008322,0,0.0,0
41972,34.697160503092654,3,2,7.515099347330209,1,1.0004310514305261,0,0.0,0
41973,58.53784902318958,4,3,11.848815904518904,7,0.9998331277145163,0,0.0,0
41974,40.75977124154791,4,3,11.145978255131906,4,0.590060263029124,0,0.0,0
41975,46.29404734854007,3,1,12.820171879906496,5,0.41520203566648417,0,0.0,0
41976,33.28545287783702,3,4,29.235916199471127,7,0.9779282312420277,0,0.0,0
41977,35.31574139509367,3,5,6.548546149931726,7,0.13050663898892123,0,0.0,0
41978,28.677675296296872,4,1,13.025926990515327,2,0.12351893912442036,0,0.0,0
41979,30.20358440524568,1,6,14.332623078450782,7,0.6955088875030203,0,0.0,0
41980,26.95636206192654,4,1,0.0,0,1.0003968183755851,0,0.0,0
41981,40.33072622988044,2,3,1.0910411457412188,7,0.9995190736765216,0,0.0,0
41982,38.04931646199935,5,3,2.4477864344665985,3,1.000023362957334,0,0.0,0
41983,67.7429682052016,1,4,10.350480080971142,1,0.6911478658868649,0,0.0,0
41984,42.85966866451312,3,1,13.651303898493849,3,0.49956945949292764,0,0.0,0
41985,24.241096111771267,3,7,1.7293899753192612,1,0.47478079029636416,0,0.0,0
41986,36.41576380773766,2,4,15.076564475404574,1,1.0375244983891854,0,0.0,0
41987,30.741727739873383,1,5,1.4284777980319134,3,0.34594342866614686,0,0.0,0
41988,61.83566048357364,1,6,6.0520836024260145,2,0.4259202121203074,0,0.0,0
41989,56.10658063750802,4,3,8.521745125877297,3,0.4971111174993581,0,0.0,0
41990,52.72979103374172,3,3,19.995930880527528,7,0.43970329638650657,0,0.0,0
41991,40.76371419375748,3,3,20.012733396464412,1,0.5009621374056072,0,0.0,0
41992,58.099003877222614,2,3,12.412179801687653,2,0.49841232760708154,0,0.0,0
41993,49.44650239199019,3,2,7.66157376335757,1,0.27221151007736855,0,0.0,0
41994,46.377168235950634,3,1,0.7662285025779578,7,1.000211903334306,0,0.0,0
41995,21.930656547638915,2,4,32.48924247490366,1,0.9923900363920126,0,0.0,0
41996,53.91223810136573,4,6,5.548144443653407,5,0.9997697630201319,0,0.0,0
41997,53.461279897479926,0,3,9.859491261464163,3,0.5022713076614721,0,0.0,0
41998,43.69206054816645,2,2,6.63715294288493,1,0.05693665221016342,0,0.0,0
41999,61.05492080373085,4,1,20.346188048547262,6,0.8496081505327328,0,0.0,0
42000,26.36622189780646,4,2,5.322145610047493,7,0.5259092866189167,0,0.0,0
42001,54.567263054481145,2,4,10.521270687135651,7,1.0002007922269203,0,0.0,0
42002,58.665394928628544,3,2,14.594667085507467,2,0.9997239090790357,0,0.0,0
42003,35.54851044118109,3,2,9.435899911401568,5,0.6424616014103179,0,0.0,0
42004,53.27165801496127,3,1,8.532590616279439,6,0.3699390345076608,0,0.0,0
42005,39.92792500997648,6,3,8.383532051560413,4,0.6605067496583226,0,0.0,0
42006,76.42024568443674,2,3,11.180707927831616,4,1.0003183037916563,0,0.0,0
42007,42.73150852111155,1,1,16.733789747748713,3,0.15429842135405158,0,0.0,0
42008,46.40784028423688,4,2,3.2232380742288314,3,0.37963281836335017,0,0.0,0
42009,25.859612152626404,3,6,13.871071005919866,1,0.7666078037982476,0,0.0,0
42010,63.496371938550084,4,3,0.2835645372325324,1,0.9994101206773176,0,0.0,0
42011,38.274577975077776,4,1,11.436334678997516,7,1.0003339781081566,0,0.0,0
42012,57.9063603726037,2,1,15.357628157989442,5,0.4960925231211576,0,0.0,0
42013,49.44877593851929,4,2,9.167972612074404,6,0.2600935588739058,0,0.0,0
42014,47.36990122932388,4,3,7.224675073067607,0,0.06298976991084826,0,0.0,0
42015,51.040682624296565,3,3,8.207657663443817,1,0.9999410798312659,0,0.0,0
42016,31.504881327241364,5,3,6.923413299494075,7,0.9522841430947301,0,0.0,0
42017,22.485906499088905,1,6,2.9771195857893105,2,0.3575949270565908,0,0.0,0
42018,44.13677118876354,2,1,3.19572362383101,7,1.0000695958655106,1,4631.74131459334,1
42019,40.8917173307466,4,1,20.009863385427476,0,0.26386707014927274,0,0.0,0
42020,45.15063228352319,4,2,9.530516923098116,6,0.2799659546824365,0,0.0,0
42021,26.53254998186934,3,2,16.087355430754148,2,0.9998637952907647,0,0.0,0
42022,32.76895332705492,2,3,6.700642765345126,2,0.4968438209464555,0,0.0,0
42023,57.248619632356736,4,3,9.711756367582721,4,1.0000478517150653,0,0.0,0
42024,65.41151545488665,5,1,5.485848326870392,7,0.9999938842198804,0,0.0,0
42025,45.404731470026455,4,3,10.336506125027128,0,0.09891270136161934,0,0.0,0
42026,27.754617024471955,2,3,4.0525823784704125,7,0.5802849955993479,1,89194.2906939886,1
42027,41.33735464314598,2,3,11.700531050925402,3,0.9999133092955153,0,0.0,0
42028,43.11581668420557,1,3,11.07301440858502,7,0.2074414185979092,0,0.0,0
42029,38.56851019687882,3,5,18.22549251068513,2,0.9997156096772332,0,0.0,0
42030,65.87916478085218,2,6,19.721763368566393,3,0.8973508532176409,0,0.0,0
42031,30.62778099850791,2,4,11.752013439285399,3,0.0,0,0.0,0
42032,39.567974994588496,4,3,0.0,7,1.0001232255025645,0,0.0,0
42033,53.911311197370004,3,3,11.697730319679618,3,0.4996348264269055,0,0.0,0
42034,34.49461849544477,1,3,10.710197348167922,1,0.9431714421518278,1,16473.832661953737,1
42035,42.4126723334895,3,1,14.460987375938135,6,0.3787424514084281,0,0.0,0
42036,41.237834297596294,2,2,13.9942342632526,1,0.607066250281496,0,0.0,0
42037,49.08634021381974,5,6,15.015559909973907,4,0.8246499452218781,0,0.0,0
42038,31.903614971463117,2,3,14.859250012425981,2,0.03695769336919885,0,0.0,0
42039,33.84955701351159,1,1,19.99622647547215,3,0.5216295542017405,0,0.0,0
42040,27.004512987370582,3,5,11.99554085849655,1,1.2979993876801705,0,0.0,0
42041,59.5653894621241,3,0,14.737358411706252,7,0.9446937658477876,0,0.0,0
42042,54.105602493431796,2,2,7.567478952090737,7,1.000334091156445,0,0.0,0
42043,61.443376043159475,2,6,13.625804141199158,3,0.5271650390072223,0,0.0,0
42044,43.34571655913068,4,1,17.313173010504148,2,0.9998177404605015,0,0.0,0
42045,39.69879559470618,4,6,7.894783327277915,7,0.7008392246983801,0,0.0,0
42046,47.42698752287874,3,3,9.650266103383252,3,0.9999923299280867,0,0.0,0
42047,15.885856450868037,3,3,18.223453959370758,2,1.0002251062867376,0,0.0,0
42048,43.86892335629435,2,4,19.99304251427327,3,1.0002213886561822,0,0.0,0
42049,62.74692297814477,4,4,20.006647719529326,1,0.570251802654894,0,0.0,0
42050,28.222693587666143,6,3,13.765579912770585,1,0.5874385919284658,0,0.0,0
42051,43.95259925661368,3,6,8.284336664401705,7,1.0000484158781315,0,0.0,0
42052,56.269461890892416,2,3,0.8671878883904274,7,0.5160754476993541,0,0.0,0
42053,38.428415704866005,0,6,15.898440919178562,6,1.04687156248397,0,0.0,0
42054,36.638055137789955,3,4,4.17341538965194,4,0.3154186790089535,0,0.0,0
42055,42.78904799397273,3,3,11.875341092561317,4,0.6888083091455951,0,0.0,0
42056,36.719617544469536,4,1,7.757424530809219,2,0.03435838184176765,0,0.0,0
42057,21.319659089543656,5,6,5.1395353743499665,1,0.5084728119986969,0,0.0,0
42058,53.3426393830025,3,4,8.518620337058811,2,0.39751262810140436,0,0.0,0
42059,39.503896827931854,3,3,8.69718866324143,0,1.0002331942241116,0,0.0,0
42060,27.448497381462328,2,6,14.316965819005015,3,0.1405402401423793,0,0.0,0
42061,24.218904843362903,1,5,8.672927105521724,1,0.4461649357106122,0,0.0,0
42062,46.153546103963656,2,2,11.71406064257946,7,1.0003738347830595,0,0.0,0
42063,39.69077399963223,3,6,11.094781443152113,1,0.956764487716308,0,0.0,0
42064,51.23530221978668,2,3,8.349951278089872,3,1.0001495784705292,0,0.0,0
42065,45.21145523843912,3,2,6.78248864426097,6,0.6029915945121271,0,0.0,0
42066,27.45955524248639,3,3,6.107537518523362,7,1.3630377469951789,0,0.0,0
42067,22.422783940708083,3,5,0.5357630083469793,2,0.34400535244800096,0,0.0,0
42068,46.516458399523906,4,5,4.494419587730805,5,1.004248144005209,0,0.0,0
42069,28.21453212724484,4,2,19.472037562141942,6,0.5048069712834713,0,0.0,0
42070,41.50045272724215,4,2,10.754365199404816,1,0.8260070577909925,0,0.0,0
42071,57.2257518637831,1,1,13.931677286409615,7,0.99997906191853,0,0.0,0
42072,19.22481780450437,4,6,6.762380210965357,4,0.236085392676324,0,0.0,0
42073,38.08034298049287,0,3,0.0,2,0.9136717578485565,0,0.0,0
42074,42.579711263477535,3,4,12.743127501872527,4,0.9325277299841611,0,0.0,0
42075,24.93087435282668,4,4,11.174720891534847,6,0.6173797667399037,0,0.0,0
42076,50.449117638774545,4,3,0.0,1,0.2880282607986034,0,0.0,0
42077,44.23350414764435,1,2,20.00736017330034,7,0.9851372323202594,0,0.0,0
42078,52.72545441427752,5,3,18.401460391615267,3,0.27569628284008396,0,0.0,0
42079,54.05003049377869,3,6,10.687899878727148,7,0.46032967047275086,0,0.0,0
42080,33.32624103352351,0,3,11.063194654791255,2,0.9795229505911434,0,0.0,0
42081,36.955800217234184,4,10,20.564358358760416,7,0.23976507891917925,0,0.0,0
42082,47.32289753907552,4,5,19.966137852504687,3,0.9996573085256204,0,0.0,0
42083,40.045275906007994,3,2,6.37986907479328,7,0.1600606150532642,0,0.0,0
42084,58.031332309677325,2,3,9.258646434260342,7,0.9996730366474949,0,0.0,0
42085,65.65273309965838,2,6,23.37056214531875,5,0.9998791791138253,0,0.0,0
42086,26.386360548055695,3,1,12.956051803154859,7,0.10216434572987454,0,0.0,0
42087,51.37141118769721,3,2,13.977500385223696,0,1.0000087496837595,0,0.0,0
42088,33.10508313072431,3,6,15.741816939505338,3,0.6715209015758599,0,0.0,0
42089,74.13347225879318,1,6,16.29867807785898,1,0.5546295873004875,0,0.0,0
42090,54.50300189864261,3,4,19.32042533777215,4,0.8030493982477873,0,0.0,0
42091,57.79194542757717,3,2,6.881243779357033,7,0.9997178943877489,0,0.0,0
42092,43.336572850126004,6,3,22.111312482034442,7,0.8289686038889981,0,0.0,0
42093,23.057631106375535,5,1,12.38181817037319,3,0.9520692905910926,0,0.0,0
42094,49.187961051445605,3,1,16.618085491907006,6,1.0000665114482938,0,0.0,0
42095,32.01978328892814,4,1,9.546351538914369,7,0.9998218161777279,0,0.0,0
42096,48.176506118618384,5,2,15.719891330628798,7,0.6677944070062785,0,0.0,0
42097,32.078914827235934,3,4,14.441181348575464,1,0.9998507790208269,0,0.0,0
42098,61.156476477104896,5,3,12.365238874851793,4,0.9999954387246707,0,0.0,0
42099,34.99205548721307,7,6,25.224654046516616,7,1.0002455184849812,0,0.0,0
42100,47.51631395522776,3,4,14.186087858874368,7,0.9437848459773399,0,0.0,0
42101,66.45449483734295,1,6,18.969812984790064,7,1.0001173939710044,0,0.0,0
42102,30.763004986063457,1,5,14.394179321484819,2,0.17077424408640673,0,0.0,0
42103,61.17768803524099,5,1,2.2450611534116156,4,0.5942420875057525,0,0.0,0
42104,17.549631798672053,0,1,20.000288382573434,7,0.4135013466697223,0,0.0,0
42105,22.491769994794847,2,5,15.049804449317723,2,1.0180446443830833,0,0.0,0
42106,54.15453696965844,4,1,16.226343040559975,2,0.9239609500449537,0,0.0,0
42107,28.789485210120734,2,1,6.974823093868521,6,0.9048765286924443,0,0.0,0
42108,43.16210064180405,6,6,16.321560179315163,7,0.787135716144907,0,0.0,0
42109,70.53884652047361,4,3,12.945887259798276,1,0.9458710591199099,0,0.0,0
42110,39.66090915294457,1,5,16.176815005924578,3,1.0078078109685669,0,0.0,0
42111,37.31807226344286,3,4,5.314385683290069,2,1.0000790726688664,0,0.0,0
42112,62.866099007489865,5,2,4.458261596365647,3,0.4570276500944758,0,0.0,0
42113,51.21957520662394,2,3,17.64545823825896,7,0.9996867001147058,0,0.0,0
42114,50.69854243201959,1,4,11.684001261764,6,0.24553490482090395,0,0.0,0
42115,27.839335405649802,1,4,9.245186159644058,6,0.9931713167841175,0,0.0,0
42116,23.542813968251266,3,2,2.622385572414128,1,0.35042864518221206,0,0.0,0
42117,47.31507241900171,2,1,6.770037799958128,5,0.5009918837371895,0,0.0,0
42118,58.912909634615005,5,1,9.646333177759253,2,1.0004291104044851,0,0.0,0
42119,32.27769876514553,5,6,22.75775179336479,7,1.0002716690588307,0,0.0,0
42120,40.95457174116709,2,6,12.153074655389304,2,0.6038504552875182,0,0.0,0
42121,46.753425224482214,3,0,0.6649370335033211,0,0.3553340600235352,0,0.0,0
42122,41.49044490786131,3,2,5.738148291858642,7,0.9563297191327049,0,0.0,0
42123,29.95587790796081,3,1,12.4453409423913,2,0.9998650250462735,0,0.0,0
42124,55.17848327364931,2,1,15.39586905398757,3,0.5027969727370134,0,0.0,0
42125,76.517404762002,3,6,10.107393341370255,7,1.0003046413226653,0,0.0,0
42126,54.59788971484092,1,6,0.0,7,0.8154785020369147,0,0.0,0
42127,20.024216927729032,2,1,2.484997075179349,7,0.2096122860835673,0,0.0,0
42128,47.584794280677286,2,4,19.98736522528614,3,0.49897704620509375,0,0.0,0
42129,51.679809146913215,5,2,14.260637573628141,6,0.8346497830081412,0,0.0,0
42130,21.39979780991605,4,4,18.098642818789052,6,0.9904727949528835,0,0.0,0
42131,40.60501320798837,1,3,0.24177155310485787,7,0.5508440590830841,0,0.0,0
42132,25.49562444308464,6,4,8.609236394439304,7,0.2540197118596078,0,0.0,0
42133,33.10835616748813,2,3,9.650812693566461,2,0.0,0,0.0,0
42134,41.09979204790615,4,2,0.0,7,0.0710949246344571,0,0.0,0
42135,44.60890697130689,4,3,20.218504740226674,6,0.6195252473063799,0,0.0,0
42136,41.392244819551145,3,6,22.12197844618374,6,0.9788794443278468,0,0.0,0
42137,46.14400532544168,4,2,16.55287985522714,3,0.9747970228160053,0,0.0,0
42138,40.39915163702461,3,1,9.591019980591012,0,0.34694298129582846,0,0.0,0
42139,42.55672169286447,3,6,2.1565063488373095,7,1.0001503784945187,0,0.0,0
42140,38.15961440837349,2,5,0.42762014224515354,7,0.9055995509836973,0,0.0,0
42141,57.36242315621119,7,1,3.603992611793169,0,0.5257855583442781,0,0.0,0
42142,32.73461097693631,4,1,3.0119163823696447,3,0.4865616975854071,0,0.0,0
42143,55.86171985713659,2,3,13.139332662065053,2,0.9996156173212076,0,0.0,0
42144,51.69539254345567,3,3,9.610929739619005,4,0.9996840810491833,0,0.0,0
42145,35.856947303286496,4,3,3.7836076925979043,6,0.46836412855367604,0,0.0,0
42146,50.0960302731296,2,3,1.6211565477687664,2,0.9136593122925751,0,0.0,0
42147,52.6601125966987,3,2,19.099750565426433,8,0.9999676668225763,0,0.0,0
42148,56.09734510639428,2,5,20.003180084322352,1,0.9997930621541742,0,0.0,0
42149,38.99349736121503,3,1,0.0,7,0.9997891076565992,0,0.0,0
42150,37.79780858083745,1,3,9.156557874528627,7,1.0002532521791372,0,0.0,0
42151,23.865354575023453,3,1,19.252556769320833,0,0.9401963334487211,0,0.0,0
42152,83.33455610934269,4,1,29.7086311488417,7,0.6877089927223102,0,0.0,0
42153,48.462500570036454,3,3,10.90099585962878,7,0.9998669652291867,0,0.0,0
42154,46.15801798440458,4,2,7.975804488309871,7,0.9997890346608812,0,0.0,0
42155,46.04704957025829,5,4,19.994948159197534,3,0.9998671654121696,0,0.0,0
42156,38.745872885425385,2,3,0.0,2,0.9997788115324306,0,0.0,0
42157,43.39063391832955,3,3,12.828664866054694,4,1.0001930470513503,0,0.0,0
42158,35.3834535659413,4,4,10.774713071916782,1,0.34979904096452974,0,0.0,0
42159,53.85499132599959,5,3,11.722207900418514,2,0.31405206235072997,0,0.0,0
42160,40.87886746639883,3,3,2.7188832433182846,1,0.9675821820200374,0,0.0,0
42161,48.97209010388328,2,1,19.99779940679218,4,0.007781170217655675,0,0.0,0
42162,30.40595500939301,0,3,0.0,7,0.9998984685823626,0,0.0,0
42163,39.97750605461533,3,3,7.197100275122487,6,0.999875418300358,0,0.0,0
42164,45.82603373248473,3,2,9.232854861057756,5,0.9998156473232468,0,0.0,0
42165,52.601356484983015,2,3,0.0,7,1.000113957393813,0,0.0,0
42166,39.52660089234521,4,5,4.792790588530327,1,0.255634014937394,0,0.0,0
42167,43.8130174121911,2,3,11.569184269689664,2,1.0006222123066337,0,0.0,0
42168,63.032327383125335,3,6,8.742748541887998,7,0.9999753690027346,0,0.0,0
42169,59.78533336656459,4,5,12.476401603879179,4,0.4997828212818769,0,0.0,0
42170,46.96159462310214,3,4,19.999769695838086,1,1.0000099778561111,0,0.0,0
42171,42.44550654248873,2,6,13.127772463573512,3,0.999940802072874,0,0.0,0
42172,55.35464335377962,5,5,16.38407268334311,5,0.497909397643045,0,0.0,0
42173,54.5293289788087,1,4,8.17692598347607,2,0.6713946780792478,0,0.0,0
42174,39.60137500256832,2,3,0.0,6,0.9996324133615577,0,0.0,0
42175,12.055936640086411,3,3,9.222549318071898,4,0.13339021731083955,0,0.0,0
42176,62.19301519385623,6,4,19.997637717577746,7,1.2660746565551213,0,0.0,0
42177,34.22050206615239,4,6,3.7594690244942246,6,0.9836756613132289,0,0.0,0
42178,62.086999448469214,2,3,11.042959247644578,3,0.5006450683078301,0,0.0,0
42179,82.46973879921904,5,4,21.041622786764883,5,0.616715194043589,0,0.0,0
42180,47.6653491889273,2,3,10.978269237126415,4,0.9999248046501583,0,0.0,0
42181,51.569755320157356,3,6,3.296532217352067,1,0.9368589935115044,0,0.0,0
42182,55.63347203974,5,1,2.9903877555461076,3,0.09751169367313295,0,0.0,0
42183,49.187710908474834,3,3,13.08078154955977,5,0.17153253917029976,0,0.0,0
42184,33.75060567196548,3,1,19.991766508416852,2,0.227664671722358,0,0.0,0
42185,46.71671778104165,5,4,10.769153622137114,1,0.337025508809597,0,0.0,0
42186,39.62845066639469,3,1,7.60952881036233,7,0.9990884409867,0,0.0,0
42187,43.57060236833112,1,3,16.11949648269059,7,0.999883448392562,0,0.0,0
42188,29.585981661490464,5,1,9.37452931586155,7,0.44462590904172805,0,0.0,0
42189,33.76394657120858,3,1,11.589367749430238,4,0.501834805534688,0,0.0,0
42190,53.653775407951656,3,5,14.795947228787051,7,0.6425434277292387,0,0.0,0
42191,25.23904613019607,2,6,13.000170514308339,5,0.9997683363889867,0,0.0,0
42192,4.439329865566471,4,5,5.276140170327304,1,1.0407974128020556,0,0.0,0
42193,39.57832126135709,1,6,12.204226766642513,6,1.0188118760339884,0,0.0,0
42194,70.20899826558166,3,1,11.539624085616257,7,1.0002567301758263,0,0.0,0
42195,46.15063752532238,3,2,17.727757709328866,1,1.0003828580456902,0,0.0,0
42196,49.811448666469495,2,2,5.58531358764978,7,1.0001600277944698,0,0.0,0
42197,55.12741730733287,4,1,18.087484911460624,7,0.04494439727671107,0,0.0,0
42198,53.307584541239414,1,1,17.51162445463256,1,0.07575866971685197,0,0.0,0
42199,51.13665716155648,3,5,18.212882693644048,3,0.959954834589454,0,0.0,0
42200,32.8772502037868,2,3,3.465212997912297,7,0.241504948721602,0,0.0,0
42201,37.17253758061951,2,6,5.7157506371590205,7,1.0000886653324828,0,0.0,0
42202,36.20321729853367,3,2,7.309673514685992,1,0.42069617635466117,0,0.0,0
42203,55.41650817248892,3,4,3.480046076005677,5,0.8941752705697206,0,0.0,0
42204,34.13172517189104,4,3,12.733950641657131,7,0.9999039715275666,0,0.0,0
42205,30.037521542303423,1,2,12.670914881428804,4,1.024828723307867,0,0.0,0
42206,26.366677318225044,3,6,13.410450618025184,7,0.5457553215319024,0,0.0,0
42207,47.872362595478435,2,4,20.002463584441557,7,0.8779862909162601,0,0.0,0
42208,64.71196333768142,0,3,4.186345454343344,3,0.4077014403360517,0,0.0,0
42209,39.03586545139435,5,3,8.74395911139993,2,0.8658008971790088,0,0.0,0
42210,30.803847218954836,4,1,19.99230863479685,0,0.5676266950282045,0,0.0,0
42211,68.23419864010333,2,5,19.391558032674432,5,1.0288514706091387,0,0.0,0
42212,42.121076937145176,2,6,2.1175862070749005,4,0.1246433133085818,0,0.0,0
42213,27.797537097988275,2,2,9.589300839633877,7,0.9999048971758504,0,0.0,0
42214,53.13488699049489,3,4,19.996952022112065,3,0.5030190766245345,0,0.0,0
42215,38.15799577432349,1,4,0.0,6,0.339371986693815,0,0.0,0
42216,49.375369766354865,6,3,15.99322251267756,1,0.7026082635045282,0,0.0,0
42217,39.07895313760951,4,5,11.703044354847417,7,0.9995690725855955,0,0.0,0
42218,39.30771175115443,2,3,4.079937964495923,7,0.9997587917979311,0,0.0,0
42219,47.012640015965154,2,1,0.0,3,1.0006862715457232,0,0.0,0
42220,67.89753869287185,5,6,17.651722181630902,4,0.5663863216931333,0,0.0,0
42221,66.63088468873238,3,5,7.707804246009613,7,0.2951815076915779,0,0.0,0
42222,62.85704232400471,3,6,10.969331891794628,5,0.5973255530711673,0,0.0,0
42223,55.18903100706257,3,6,0.0,5,0.7964045290572043,0,0.0,0
42224,39.60522748721407,3,2,9.612616044437152,4,0.9997223521169798,0,0.0,0
42225,25.92478561973825,4,3,10.528453488040762,7,0.1234301187033835,0,0.0,0
42226,35.55165678860638,4,3,13.873952233636688,3,0.9413493211974514,0,0.0,0
42227,22.602078748329706,4,6,0.0,7,0.9999899813098261,0,0.0,0
42228,61.27919233953851,3,4,7.284952360099706,7,0.9039328752213698,0,0.0,0
42229,62.70182761107296,4,6,16.079867622631287,4,1.2162615997951147,0,0.0,0
42230,43.17096041101592,3,5,17.831819532729895,2,1.0002382621257464,0,0.0,0
42231,58.86155461025236,3,1,12.090588586473581,7,0.9535937334261035,0,0.0,0
42232,54.13301769465579,1,4,8.756493326726092,0,1.2211255386324043,0,0.0,0
42233,54.86079622276061,4,3,12.210979804295379,2,0.3161500925300486,0,0.0,0
42234,46.24883272797026,2,2,9.446311538848038,4,0.4589656762307342,0,0.0,0
42235,39.518898990724054,4,3,3.2609676446811937,1,0.39198160996177245,0,0.0,0
42236,50.55245441260922,3,7,15.043934254254173,7,0.9328642245658705,0,0.0,0
42237,73.06266968388977,3,4,7.933921854448247,7,0.644862365396504,0,0.0,0
42238,48.051344663405125,3,4,11.631648718819013,0,0.09866392623111231,0,0.0,0
42239,46.711787116965816,3,2,12.862299559118584,2,0.6040358671593643,0,0.0,0
42240,53.798944706515655,3,5,24.979225210277182,7,0.9998796719706378,0,0.0,0
42241,38.048030313335516,3,3,16.79491662566706,7,0.692147343489394,0,0.0,0
42242,56.94281883751142,2,6,9.100818649256412,6,0.6590402671394981,0,0.0,0
42243,51.24502395458438,4,2,14.283489960108874,3,0.4696984972204594,0,0.0,0
42244,14.53442105953583,4,6,10.939188537410121,7,0.6299159013407983,0,0.0,0
42245,44.630404986336025,3,5,0.0,4,0.4982293330011474,0,0.0,0
42246,47.58702734636363,3,2,3.9763547744462855,7,1.0087374937318394,0,0.0,0
42247,49.103281659117236,2,3,9.471108819218793,4,0.5063486494395917,0,0.0,0
42248,40.42979025282674,2,6,12.23731884905586,1,0.7839730735929411,0,0.0,0
42249,48.22036183938686,5,1,9.363313113204773,2,0.9998684872735095,0,0.0,0
42250,54.491076215947515,2,3,23.489940617621215,1,0.7078699854568747,0,0.0,0
42251,38.41887145625346,4,6,7.10382192590638,7,0.5188928025260439,0,0.0,0
42252,45.671871013105424,3,2,2.9879444197241973,5,0.3762499370131238,0,0.0,0
42253,38.49596895174546,3,1,12.257807147272802,2,0.999568286913237,0,0.0,0
42254,42.434229150991825,2,1,10.746140144041544,4,0.4965071299624557,0,0.0,0
42255,29.04503878068134,1,3,15.257560767453679,6,0.6936398396274308,0,0.0,0
42256,48.38392990119179,3,2,6.068412596245895,4,0.9993884046094785,0,0.0,0
42257,41.01957341143745,2,3,0.04316053394597752,2,0.4973443487664624,0,0.0,0
42258,53.86780870419516,3,4,10.186363803756672,7,1.3922178250214428,0,0.0,0
42259,42.33274619891228,3,3,8.481273056173055,4,0.7025267889512857,0,0.0,0
42260,49.82444584854629,3,6,20.98870388068765,7,0.14388134777682982,0,0.0,0
42261,49.000751915987266,0,3,18.176918735142948,7,0.5902081174251407,0,0.0,0
42262,39.845371856078195,4,1,12.194905783206785,7,1.0001063582203502,0,0.0,0
42263,35.2529281117841,3,1,10.006309357758127,6,1.0001120330468136,0,0.0,0
42264,51.60440049746946,4,1,14.515174416761472,2,0.04813152671369303,0,0.0,0
42265,63.650380952602646,5,3,9.651394260992,2,0.49896805622372764,0,0.0,0
42266,64.0838366471389,5,5,4.497629274584108,4,0.9999430073909699,0,0.0,0
42267,55.9813801046103,3,2,9.00631696930763,7,1.0001415474160806,0,0.0,0
42268,42.39292244339258,1,2,8.013779735431651,7,0.0,0,0.0,0
42269,36.83733618332343,1,5,3.9349579747517787,0,0.5806918335272329,0,0.0,0
42270,42.54947760032998,4,2,10.217182145338729,6,0.3938594782820119,0,0.0,0
42271,46.01368822730879,2,1,15.391804086796625,4,0.38882916141761453,0,0.0,0
42272,47.72994159645401,3,4,19.99758441851263,1,0.6713704289797682,0,0.0,0
42273,42.68840147171113,5,4,5.653274938043986,5,0.39322787429352707,0,0.0,0
42274,35.841147366809146,2,2,5.56713076317875,2,0.10328018692035879,0,0.0,0
42275,20.64968118260956,0,6,4.78939956736008,3,0.870827253960881,0,0.0,0
42276,22.497159493176593,3,6,4.716024433351364,4,0.6641409546370427,0,0.0,0
42277,53.73696221458351,3,6,15.456918419540932,7,0.9995966737728553,0,0.0,0
42278,63.93424965137257,10,6,14.179158118578519,7,0.43064435550516644,0,0.0,0
42279,54.563192471298564,3,6,19.341988250654353,7,0.9995285134779075,0,0.0,0
42280,48.85623302270287,4,6,14.329633085184605,3,0.5157015616117141,0,0.0,0
42281,26.77658550132195,3,1,4.0606337816381926,2,0.0,0,0.0,0
42282,49.628103367169366,4,3,9.885101039003693,6,0.1499999680244649,0,0.0,0
42283,45.1832431706166,3,3,6.544653215358713,2,0.5738345617688774,0,0.0,0
42284,27.137839561813543,4,2,2.372620123951771,4,0.6615704643706847,0,0.0,0
42285,36.12467559731528,3,1,8.244591714751628,7,0.9992711343740062,0,0.0,0
42286,30.81930011839446,2,4,13.86081212846408,5,0.4407311594408135,0,0.0,0
42287,38.42896539711019,3,3,11.676825907703288,7,0.9997987823467795,0,0.0,0
42288,45.38465476633021,2,4,20.00857161062074,7,1.0172440598628554,0,0.0,0
42289,46.48796034063414,1,1,15.39654785518337,5,0.4986154261936204,0,0.0,0
42290,25.19183965367936,5,3,6.361824273909117,1,0.050961981808846035,0,0.0,0
42291,23.226584402743537,2,4,15.491081213008798,3,0.2343792742304694,0,0.0,0
42292,47.81353737343429,4,2,13.169613451352724,7,0.652110890868465,0,0.0,0
42293,38.03325670021632,1,2,14.970487713180942,6,0.5904739666118978,0,0.0,0
42294,43.70174811801245,3,1,3.9427471032204746,6,0.5817846854493413,0,0.0,0
42295,42.064583912220066,4,3,9.863633528860532,3,0.9999254318648837,0,0.0,0
42296,43.01574581906724,1,3,7.235634930711626,7,0.9996725298309079,0,0.0,0
42297,47.977765283860734,5,6,8.11144081760327,7,0.33618440822502615,0,0.0,0
42298,69.93101038284715,3,4,18.017720613070978,2,0.5303864419996006,0,0.0,0
42299,37.491241087158265,1,3,12.155508050664036,3,1.000215609431297,0,0.0,0
42300,37.43938356650425,5,1,5.614904910371679,0,0.4590461603998448,0,0.0,0
42301,11.839059270468464,3,3,11.464253605695205,4,1.0004011031935591,0,0.0,0
42302,37.4448187421952,5,1,12.924742663822558,3,0.5506231918925198,0,0.0,0
42303,36.5875436089117,5,6,17.465777624188522,0,0.33867186485366835,0,0.0,0
42304,38.587608813276354,3,4,0.0,5,1.0000928831580596,0,0.0,0
42305,45.93504432145369,4,2,20.539547323302184,5,0.7289581697361887,0,0.0,0
42306,51.57371721752694,3,6,19.71862403661042,2,0.7271736920737127,0,0.0,0
42307,62.27155746570847,3,1,2.7513276240046096,7,0.9692683210063244,0,0.0,0
42308,50.86415595606728,2,1,4.1023250642952425,2,0.35169663944131546,0,0.0,0
42309,15.162819574266987,0,6,24.50968326850257,7,0.4968633466270114,0,0.0,0
42310,63.02818965202475,2,6,9.058214812175905,7,0.9450341521408543,0,0.0,0
42311,60.314939748282555,3,3,6.730378339564526,3,1.000453420046089,0,0.0,0
42312,42.85125187071271,2,6,1.1197574535430626,6,0.6484801610269842,0,0.0,0
42313,54.52476427730693,4,1,15.114310804454483,3,0.5012991123967424,0,0.0,0
42314,51.855120896667046,2,3,9.782517821400731,7,0.5040248449438036,0,0.0,0
42315,59.90233416113095,3,3,8.835756510967558,7,0.04077550243868999,0,0.0,0
42316,27.90431078376799,4,3,1.0229332577418138,3,0.40180449680151814,0,0.0,0
42317,53.4093593171804,3,2,15.271195610884947,1,1.0002215417884788,0,0.0,0
42318,31.736582918908695,1,1,2.527179862446216,0,0.5655398734571621,0,0.0,0
42319,56.22311993799923,5,3,14.449414985773865,3,0.1545169645516724,0,0.0,0
42320,34.01799453447015,3,3,22.377344393285348,5,0.43525373136497664,0,0.0,0
42321,75.97927811014,5,5,1.870792324385505,2,0.45493889751719574,0,0.0,0
42322,65.32814258144904,3,4,16.391442705977767,3,0.37971386548238334,0,0.0,0
42323,24.426952862990678,1,1,0.35723079357705245,1,0.8899180850293289,0,0.0,0
42324,60.45757912450086,3,3,4.2073198894500905,5,0.95678302688742,0,0.0,0
42325,47.91842780020191,4,4,19.999286771971256,1,0.9996878210038909,0,0.0,0
42326,47.90476497297004,1,6,13.585500082246579,5,0.5553027530852295,0,0.0,0
42327,47.33997156372971,2,2,12.964259103230965,4,0.7423450422960013,0,0.0,0
42328,59.87064699897931,3,6,8.096910097909234,5,0.9994703894014412,0,0.0,0
42329,47.49576917491923,4,4,8.655775014864162,6,1.0185787117961393,0,0.0,0
42330,55.23915872145021,2,5,5.573603892911512,3,0.4526241804167488,0,0.0,0
42331,45.37277516210414,1,1,4.804952500235782,7,0.2858822064178142,0,0.0,0
42332,23.544629177471062,2,1,13.675823717763588,5,0.12728799789575862,0,0.0,0
42333,47.10593339038266,6,1,9.796574747166613,3,0.06608205558889635,0,0.0,0
42334,32.93991609173291,2,3,2.760857452227963,2,0.26173670245203257,0,0.0,0
42335,29.827402853908232,3,1,7.737492518483858,7,1.0000221850958493,0,0.0,0
42336,51.83460793542821,3,3,16.743103193817333,1,0.9992679996845956,0,0.0,0
42337,18.247013027202875,4,2,5.490916593984235,1,0.8596040201903836,0,0.0,0
42338,39.4382230212384,2,1,16.132568028177587,5,0.3395008460387635,0,0.0,0
42339,32.394177149296794,1,6,7.087041195668455,3,0.522331943891937,0,0.0,0
42340,47.69082340730009,2,3,9.365298299633533,2,0.9996628086204594,0,0.0,0
42341,44.413053152096325,3,3,11.559722708772277,6,1.000057534309678,0,0.0,0
42342,54.28264039684124,3,6,13.42378246256885,4,0.9148366366726974,0,0.0,0
42343,57.45467720762311,1,1,15.630115476681883,7,1.00017572556673,0,0.0,0
42344,33.7868631164129,3,4,20.004794890845417,4,1.000181751342564,0,0.0,0
42345,48.18500991050099,3,4,13.128309200343145,4,0.2310207068478785,0,0.0,0
42346,55.39828214208709,4,3,16.856585476638983,7,1.0001111309292767,0,0.0,0
42347,42.1733358304398,3,1,19.99342323797626,1,0.9998244546236141,0,0.0,0
42348,26.60379572280692,5,6,12.528844854074908,2,0.4649117148324444,0,0.0,0
42349,55.403011182982084,3,1,0.0,7,0.9690985948280371,0,0.0,0
42350,11.162341471979872,1,1,13.532333494010572,6,0.7965806181422607,0,0.0,0
42351,21.659393876260125,3,6,12.300175410169079,3,0.7644075660112697,0,0.0,0
42352,57.779341296594694,5,2,12.315396220586006,4,1.0666978076092701,0,0.0,0
42353,28.738479230568153,5,4,19.996777517672385,1,1.0001022190691615,0,0.0,0
42354,42.13755980393643,3,1,16.513319655781988,3,1.0001292040974306,0,0.0,0
42355,38.22467045671197,4,2,3.5064318380671606,1,0.579744639459267,0,0.0,0
42356,32.31447324431207,2,1,6.7676492187496065,3,0.9362812263127217,0,0.0,0
42357,25.414964215992043,3,6,12.410618390473257,2,0.011365123442340308,0,0.0,0
42358,41.87895127620567,4,3,8.708908090384629,7,1.000597611085928,0,0.0,0
42359,20.4929576195896,7,1,13.3508834223354,1,0.9573320594602752,0,0.0,0
42360,55.89764706005043,1,3,3.1000102718427716,2,1.0000457326160686,0,0.0,0
42361,37.05519387450036,2,3,11.578177208341938,7,1.0000688420877677,0,0.0,0
42362,77.6673034146066,3,4,20.001194011123246,7,0.9342610803797006,0,0.0,0
42363,39.44042952886171,3,4,12.151752657782279,1,0.9690570416337682,0,0.0,0
42364,45.53122423035901,3,5,8.182833516794805,1,0.5403522459474119,0,0.0,0
42365,29.81449955256487,4,1,20.003633585957644,3,0.6770183301456674,0,0.0,0
42366,50.50948797520721,2,3,12.833704377249324,7,0.41787278028081043,0,0.0,0
42367,43.325516962893865,3,3,16.9620556128373,4,0.04752582848799014,0,0.0,0
42368,34.72602389519589,5,4,10.39535107718422,1,0.1857719417568484,0,0.0,0
42369,49.68848329161435,4,1,19.998452023920763,3,0.40139690759883606,0,0.0,0
42370,38.76276277104503,3,6,6.420221902638154,2,0.6089628057975628,0,0.0,0
42371,67.5210192670908,4,6,12.172953720793561,4,0.09477672375331292,0,0.0,0
42372,38.51010714809124,4,6,7.754482545215618,7,0.36766413089188704,0,0.0,0
42373,82.26507036223143,3,4,19.98396970652214,7,0.999527444019481,0,0.0,0
42374,53.71744078285329,2,4,17.692303359572065,2,0.9768946893126556,0,0.0,0
42375,20.96217321117196,3,2,7.953455078359301,7,0.999713875664342,0,0.0,0
42376,43.8792637600899,1,4,20.001980167978182,5,0.49980802112685846,0,0.0,0
42377,43.80041591510521,0,3,3.4573065845435664,6,1.0003459258078589,0,0.0,0
42378,16.554116519825406,3,4,10.933183810513146,1,0.10475535226045607,0,0.0,0
42379,28.839585176790422,1,2,7.7574455219980525,3,0.02970225494726464,0,0.0,0
42380,38.74600566844611,3,6,10.290020555862995,2,1.0003574421542527,0,0.0,0
42381,53.85877344229495,2,6,6.172705801802059,5,0.999636209682633,0,0.0,0
42382,45.144348035942855,3,2,10.910343660547442,4,1.0001322864486952,0,0.0,0
42383,43.85156485502409,3,1,2.839343061241033,2,0.92432821981615,0,0.0,0
42384,39.30733975418026,4,3,8.044258033369896,6,0.10727939658232932,0,0.0,0
42385,34.23147473735777,3,1,19.992875568144456,3,0.28572994790090345,0,0.0,0
42386,38.34201591249254,4,1,17.086383633677137,2,0.5992111191877916,0,0.0,0
42387,51.65436439938543,3,6,7.8325532503428725,7,0.4084948192411177,0,0.0,0
42388,31.242082847718883,4,6,14.953861062292908,6,0.6671389987037355,0,0.0,0
42389,58.27766127081493,5,3,7.33735146926351,2,0.9998848770058679,0,0.0,0
42390,53.11129515527615,4,3,12.31176449908381,2,0.9999215215565713,0,0.0,0
42391,65.28359807372013,3,3,8.706718583887396,2,0.9999658269348191,0,0.0,0
42392,53.84527400541983,2,6,8.458144011167997,3,0.5454372804859852,0,0.0,0
42393,56.16880325638357,4,3,5.349379314684389,1,0.957477692796088,0,0.0,0
42394,57.68180247446746,3,6,12.047850340361443,5,1.0005973991089734,0,0.0,0
42395,32.75227118021573,2,1,8.514825828699458,2,0.0,0,0.0,0
42396,49.943317086878324,3,5,12.100540599430023,1,1.0555698337149908,0,0.0,0
42397,39.07581896804534,1,3,10.078860255701237,7,0.9995664356701639,0,0.0,0
42398,21.084803676231985,3,2,0.0,5,0.3837094217500758,0,0.0,0
42399,27.196830230320064,2,2,4.103711303044632,6,0.6633993032208328,0,0.0,0
42400,39.96445985352866,4,1,6.448021638609058,5,0.940315903019267,0,0.0,0
42401,39.84383334163419,4,6,19.89738965022958,7,0.9996123208293519,0,0.0,0
42402,37.524896971598366,3,4,18.476527798733173,3,0.48521168899574385,0,0.0,0
42403,43.621190323586724,3,3,20.007376235258295,4,0.04887802193683877,0,0.0,0
42404,59.784382042914416,4,3,10.088351313215897,7,0.9993751544325702,0,0.0,0
42405,22.03180612834634,3,5,12.63183083981104,0,0.5008027323098846,0,0.0,0
42406,34.71677481426825,3,1,2.134242132528879,3,0.3148046699057744,0,0.0,0
42407,40.83050835561979,4,1,19.344173509810414,7,0.664083823377903,0,0.0,0
42408,39.24571209408972,3,4,20.00581744327325,7,0.9999799516728998,0,0.0,0
42409,32.306055764859416,2,6,6.860011090940426,1,0.730446543963245,0,0.0,0
42410,26.728490587840312,4,6,8.066991215617348,2,0.6003991850444729,0,0.0,0
42411,30.704099868649877,1,1,19.998070462230075,1,0.26850366295343703,0,0.0,0
42412,85.87558045704807,2,3,1.0365902318896314,2,1.000200039153193,0,0.0,0
42413,57.26013474166204,4,5,15.412254813991316,5,0.23092703632705303,0,0.0,0
42414,37.29989302881013,4,1,14.431622474087849,3,0.0,0,0.0,0
42415,49.44884667857974,3,3,9.425519692624853,7,1.0003102732585234,0,0.0,0
42416,35.887883783465526,0,2,13.138775847797465,7,1.000167436388045,0,0.0,0
42417,37.645207439221885,1,4,11.762323059572452,7,0.9994629286852035,0,0.0,0
42418,47.167060935572536,1,3,5.390393154085901,7,0.9999086747082244,0,0.0,0
42419,22.427525638655958,2,5,17.681931284791084,2,0.9978749251277372,0,0.0,0
42420,75.55721860990829,3,2,16.677611633785318,1,0.9995629360592692,0,0.0,0
42421,49.68758607197472,3,1,14.763570099275162,2,0.999684014622837,0,0.0,0
42422,30.87552092202189,3,1,26.760858186708248,7,0.9998680342797439,0,0.0,0
42423,33.03500219097546,2,6,11.976741669844747,1,1.0066778184529235,0,0.0,0
42424,47.29783514488287,2,4,11.975398910853295,4,0.4442523829956177,0,0.0,0
42425,42.801952402143385,4,1,19.992170693792946,3,1.0411932238541801,0,0.0,0
42426,34.63517994674176,3,6,4.141302660797468,6,0.999547522499211,0,0.0,0
42427,31.103340632827873,4,6,17.126361183532026,2,0.48976858325046924,0,0.0,0
42428,39.86520676544369,4,6,18.612078991809017,7,0.9999196354947064,0,0.0,0
42429,53.20545508976436,3,2,10.931674076308479,6,0.5934046971944874,0,0.0,0
42430,26.183409492637747,4,2,1.2143761578619454,3,0.4128989071807345,0,0.0,0
42431,43.38031797423652,3,5,11.778087391757097,5,0.4984965215969205,0,0.0,0
42432,21.815801606270455,5,3,13.72247002075998,5,0.0,0,0.0,0
42433,37.014104510968615,4,6,18.20477316684599,2,0.3223717938110629,0,0.0,0
42434,49.85364900778738,1,5,14.563634665729094,7,0.5951334623314922,0,0.0,0
42435,36.88512654403367,6,2,14.428520959307011,1,0.40386497128383686,0,0.0,0
42436,46.66710352249942,3,2,7.6049962308384185,5,0.9997852254456953,0,0.0,0
42437,35.61279787178695,2,1,6.816521384116542,3,0.07150824710045511,0,0.0,0
42438,45.49003964223414,3,5,15.715984019279375,1,0.9995881298520912,0,0.0,0
42439,50.72975270390431,3,1,15.387164308572878,3,0.2552258500278997,0,0.0,0
42440,32.809309083099734,2,3,3.467277215118142,1,0.6757246445540317,0,0.0,0
42441,45.066066865822066,5,4,20.00423530667139,1,1.0876891086490783,0,0.0,0
42442,34.509974634185944,6,1,12.500423437119032,2,0.6379349959612532,0,0.0,0
42443,41.580380904283984,2,1,13.887300343168157,7,0.5907049354353766,0,0.0,0
42444,39.03398404607307,4,2,15.50689917543015,4,0.9790069151483838,0,0.0,0
42445,52.82969717372396,1,3,16.9654232356731,7,0.9999782218959544,0,0.0,0
42446,28.377921784746498,3,3,20.004275763252267,4,0.4935919226020231,0,0.0,0
42447,39.49452627914429,4,3,17.585170374113865,2,0.9375990283422172,0,0.0,0
42448,49.25676811992046,3,2,8.06986376650684,7,1.0001509887165099,0,0.0,0
42449,35.798101877272344,2,1,15.376105760689935,1,0.9276722946249906,0,0.0,0
42450,42.94573307318279,2,6,12.482823100522825,1,1.0333801806031095,0,0.0,0
42451,15.35705014226945,3,3,8.236534647941866,3,0.9268998240921247,0,0.0,0
42452,23.059534218154813,1,5,14.569240995872965,4,0.9544648024504976,0,0.0,0
42453,42.52316872584816,4,3,5.636171279804014,2,0.5062015317406862,0,0.0,0
42454,23.86923477741098,3,6,8.972922877396499,3,0.5740834537092536,0,0.0,0
42455,42.41906150730909,4,2,3.9027147195647567,7,0.9533692933605389,0,0.0,0
42456,51.390143964978805,5,2,0.0,7,0.9998216544271417,0,0.0,0
42457,65.95195006782068,3,3,13.805680502741705,6,1.0003331895758802,0,0.0,0
42458,44.836957625875364,2,3,3.497328052075468,3,0.49173107027117924,0,0.0,0
42459,29.941108240226022,5,2,9.781990278677217,1,0.3277330701176689,0,0.0,0
42460,42.22731710268235,1,5,0.0,6,0.3319579445115261,0,0.0,0
42461,58.19286632423581,3,6,18.726839306433106,7,0.48765661292920803,0,0.0,0
42462,30.32163786984882,5,5,7.63977224428839,1,0.3553091516233892,0,0.0,0
42463,52.08383131494341,3,3,21.582010334763428,3,0.0,0,0.0,0
42464,25.639867438135482,2,3,10.84643548652108,3,0.34318115690182743,0,0.0,0
42465,24.421868207499223,4,1,7.468875948114748,1,1.0003451277498576,0,0.0,0
42466,61.66184465729406,2,1,17.52580211071451,5,0.497881828390164,0,0.0,0
42467,22.715107883842606,5,3,15.614835882910251,4,0.2658951342208444,0,0.0,0
42468,29.20698660565372,4,2,15.210587175918906,7,1.0003099314367232,0,0.0,0
42469,48.35264719789185,3,2,10.91602676914594,5,0.48552294611894725,0,0.0,0
42470,14.631781318556037,1,5,13.292871443197319,7,0.052460212106325455,0,0.0,0
42471,58.0751458949849,4,2,5.182478784952958,6,0.7392057997093952,0,0.0,0
42472,26.09168707992484,3,6,9.87688649947039,7,1.0002249898616007,0,0.0,0
42473,49.12876756563741,3,5,9.789678095429661,4,0.5002398527458796,0,0.0,0
42474,14.762861765002327,2,1,14.166344038127637,2,0.0,0,0.0,0
42475,30.136638266884784,3,1,5.526021748656261,6,0.9306460358086986,0,0.0,0
42476,64.79258001910131,2,3,14.977136938670892,6,1.0002972769937797,0,0.0,0
42477,49.21144152000378,3,6,9.095442979858374,7,0.6507885271900725,0,0.0,0
42478,53.31344457104346,4,4,19.987448871981275,7,0.9998121799784686,0,0.0,0
42479,31.624060668959174,3,6,9.419986229140324,2,0.7447082732666741,0,0.0,0
42480,43.63880839088538,3,3,12.457715132473586,7,1.0004785698514025,0,0.0,0
42481,64.93738238419499,2,3,11.703924526440359,5,0.4927537508636267,0,0.0,0
42482,51.839378484477855,2,1,11.225172414810775,3,0.5607716268255105,0,0.0,0
42483,23.302790500734417,3,1,18.379767656218423,2,0.9573594210657935,0,0.0,0
42484,49.882358610710426,3,4,13.632444655617242,2,0.9997517257591261,0,0.0,0
42485,29.907998177336946,4,3,3.1169376807814126,3,0.6491093939652626,0,0.0,0
42486,63.410344608009694,2,5,11.516520070274115,1,0.08652384006068325,0,0.0,0
42487,28.242394813263854,4,2,9.416325295057275,2,0.20455076023971325,0,0.0,0
42488,47.69728874482846,4,5,3.2884879311643207,4,0.49643106228198147,0,0.0,0
42489,43.08108920969451,3,5,15.509894952366913,3,0.9999489625651649,0,0.0,0
42490,45.834976264280144,3,6,11.068569620719456,2,1.0005564893889374,0,0.0,0
42491,53.91163223651919,4,5,17.182250705053427,5,0.5038654853567988,0,0.0,0
42492,63.45449814753434,3,3,15.846417126777219,1,0.9089886591005202,0,0.0,0
42493,28.85934979853803,4,2,3.7556039279576483,2,0.16148229448893003,0,0.0,0
42494,26.702726639867045,3,2,14.632838692692854,6,0.12162002019119855,0,0.0,0
42495,35.50995519136566,2,3,14.557878851962315,7,0.9992310071780878,0,0.0,0
42496,27.772335050037647,3,4,15.92886995273188,4,0.009180667507632578,0,0.0,0
42497,51.49464583142804,2,6,12.926436908523488,7,0.999742375373466,0,0.0,0
42498,44.63182343188832,3,2,17.298820465961576,3,0.6023512113533258,0,0.0,0
42499,52.2624387302581,3,3,0.0,7,1.0002437485409645,0,0.0,0
42500,4.012873964379679,6,5,10.057367289598034,1,0.6271114233785364,0,0.0,0
42501,59.28808753359491,2,5,8.682033622090941,7,0.9999722922351737,0,0.0,0
42502,34.117377554469066,2,3,29.62620074132283,7,0.43066783735006803,0,0.0,0
42503,47.82510372518282,4,6,14.338096027082162,5,1.0004780570336613,0,0.0,0
42504,42.34661546687542,3,1,8.863859668070742,7,0.9994754534075843,0,0.0,0
42505,52.01700459203287,3,3,4.964119851926355,4,0.5070334677851447,0,0.0,0
42506,42.53482915970926,2,7,5.834625353643156,6,0.2924887470342033,0,0.0,0
42507,66.54096207832589,3,3,13.006092921688886,2,1.0001397125722227,0,0.0,0
42508,46.01666883996497,3,6,9.309101221030035,7,0.7810227874594723,0,0.0,0
42509,41.73820332096138,1,3,9.807250323169184,2,0.9947978250485725,0,0.0,0
42510,30.156789834456006,1,2,12.479700744671206,6,0.3584281336426932,0,0.0,0
42511,26.41356571339673,5,2,9.04665665374419,3,0.96619654496334,0,0.0,0
42512,28.420245965076965,4,2,9.602417485971692,6,0.9882830848009534,1,2478.9308741704604,1
42513,46.85061912676893,2,6,10.64362098840228,7,1.000109956472793,0,0.0,0
42514,43.08825244003305,4,3,6.416491924403963,7,1.0000108826540877,0,0.0,0
42515,44.249618892434,3,3,0.2099540489647449,1,0.9490285416242805,0,0.0,0
42516,50.1834190221091,4,1,15.085349061676446,4,0.3471164812668046,0,0.0,0
42517,41.568677010432744,1,2,7.811997869257114,6,0.4987603305406296,0,0.0,0
42518,79.62985260839496,2,1,1.957920424597102,1,0.32967542882729317,0,0.0,0
42519,40.22924276381097,0,3,18.02589917939202,0,0.22615051374511103,0,0.0,0
42520,34.91837352099001,3,2,9.75583005636765,7,0.2791106919052482,0,0.0,0
42521,54.502717314179954,2,3,14.974844815329547,3,0.49267629471707397,0,0.0,0
42522,38.22409572035095,3,7,10.30701665532137,4,0.10727989079406719,0,0.0,0
42523,45.791172840416614,5,6,19.482335356797215,7,0.9487577738852304,0,0.0,0
42524,44.078744695895345,4,2,14.762000020739869,7,0.9995465222202198,0,0.0,0
42525,27.5895751758831,4,6,10.186216794831703,3,0.6549637922537664,0,0.0,0
42526,54.69990214921957,3,5,6.66961791010119,2,0.43655678053091684,0,0.0,0
42527,50.35663235190393,2,6,6.394072083510624,1,0.9998845195622408,0,0.0,0
42528,28.967291383577525,4,2,12.080269981388485,7,0.30971036201428176,0,0.0,0
42529,35.33260125834831,3,7,0.0,5,0.16191385099094857,0,0.0,0
42530,37.069552809129576,3,1,4.625441149097366,3,1.0001879359498829,0,0.0,0
42531,35.66074898218896,1,6,12.837672743802699,2,0.20661685101191152,0,0.0,0
42532,34.465460212989164,3,4,18.368091714384086,1,1.0003239111414488,0,0.0,0
42533,29.39416099054688,4,5,4.280677124666387,1,1.081568950327047,0,0.0,0
42534,44.97439856865081,2,2,9.370085581360414,7,0.9997522232280294,0,0.0,0
42535,49.76808637440084,4,3,14.423923432233837,7,0.9995342591588541,0,0.0,0
42536,31.619947332215297,3,3,16.23406589856002,1,1.0000909727735663,0,0.0,0
42537,48.20790617216674,2,3,10.696840898131088,1,1.0003180177796125,0,0.0,0
42538,61.22446963868519,1,1,18.91574951613368,3,0.9098960121968024,0,0.0,0
42539,42.7796965027671,4,4,20.006984063122008,4,0.41892613365806325,0,0.0,0
42540,60.49142052383121,4,4,19.99910094347934,7,0.9995330344658657,0,0.0,0
42541,71.9588169289191,0,4,19.99710403175814,4,1.0002615151059437,0,0.0,0
42542,38.62415627951111,2,3,1.7249538816131125,1,0.16642009073840314,0,0.0,0
42543,68.23649587429462,3,4,12.220284051200458,2,0.15237984970650853,0,0.0,0
42544,40.88637217194671,3,2,20.006770424479946,1,0.999663202352211,0,0.0,0
42545,40.56145742979263,2,4,12.741797092599443,2,0.8495259777871198,0,0.0,0
42546,22.42927228463987,3,1,2.969952529935979,8,0.49859774762928566,0,0.0,0
42547,39.1039494100738,6,3,14.398665856724055,1,0.43003214155045083,0,0.0,0
42548,53.37972204248008,3,1,7.122635498237175,2,1.0006508930004288,0,0.0,0
42549,46.59851448392588,4,2,11.686940822402939,7,1.00006503378247,0,0.0,0
42550,49.18228741365626,3,5,17.656189775465865,2,1.000151664880661,0,0.0,0
42551,32.9417480002559,3,7,11.698773522791903,8,0.071861059918649,0,0.0,0
42552,39.08156736949803,2,3,12.89968903221728,7,0.007052014583172728,0,0.0,0
42553,58.619751449698526,4,3,5.146901907309838,2,0.99999530712281,0,0.0,0
42554,48.7074872225328,2,3,23.670950956579187,1,0.5848939913752403,0,0.0,0
42555,27.048877617246013,3,1,7.435068795837032,2,0.3382311900518588,0,0.0,0
42556,59.83838957665981,2,6,2.974919141858896,3,0.384840542505587,0,0.0,0
42557,24.28397582767541,4,6,6.872413527655599,6,0.6900705833617948,0,0.0,0
42558,54.15221197244226,3,3,7.596570807238733,1,0.9992908877646642,0,0.0,0
42559,46.82826202976152,2,2,11.86270825810195,7,0.48466816666979606,1,1889.3761940576792,1
42560,57.43052475524626,2,6,10.968497636580313,6,1.0001502150964496,0,0.0,0
42561,22.478535582848597,4,1,5.792314301241874,2,0.6007500888782169,0,0.0,0
42562,30.921761724346748,4,6,10.54634314764085,7,0.7990615116700617,0,0.0,0
42563,27.352725197276165,2,6,11.720151562610674,5,0.6093451052238144,0,0.0,0
42564,68.78939129265855,4,4,0.0,7,0.410287575921035,0,0.0,0
42565,35.19027864883736,2,1,17.54514426727485,7,1.0004972142571344,0,0.0,0
42566,41.95256975665546,2,2,11.379620429147021,3,0.2647467754607617,0,0.0,0
42567,49.12463791691791,4,1,9.872665255591842,7,0.9965134588663613,0,0.0,0
42568,38.26821915381029,2,3,16.68471904055329,2,0.9416926671817349,0,0.0,0
42569,39.24210513539843,3,1,15.928107350057505,4,0.07303838812112973,0,0.0,0
42570,48.9185203292844,4,1,19.776618628932262,7,1.0000260453924557,0,0.0,0
42571,33.65788903635556,2,4,22.610548523422278,4,0.027217235484184754,0,0.0,0
42572,36.11678000684842,2,6,11.732144983823176,3,0.4724390007378405,0,0.0,0
42573,40.66872466404442,3,3,5.881676420897504,2,0.4252428110291527,0,0.0,0
42574,30.67631327877501,3,3,14.493267375785814,1,1.000230082271348,0,0.0,0
42575,31.591193901892964,3,1,1.2834312637770324,2,1.000140721902959,0,0.0,0
42576,48.18512899039537,4,1,11.295000091292911,7,0.5639442718206017,0,0.0,0
42577,33.00362937768393,3,1,9.98990351060998,5,0.9245477660506274,0,0.0,0
42578,49.31347797441693,4,6,12.562799620452443,7,0.4090231262842209,0,0.0,0
42579,39.3622756019175,3,2,8.99023648828422,5,0.9996010721779367,0,0.0,0
42580,48.632118872320575,4,4,8.874345778660562,2,0.9606621070642771,0,0.0,0
42581,54.10914571423704,3,3,16.517514760554207,7,0.5979177008872346,0,0.0,0
42582,42.79362245944009,2,2,18.57201517995466,3,0.9558625637677222,0,0.0,0
42583,26.504870283090085,1,1,4.966554327984516,3,0.28315451128251573,0,0.0,0
42584,55.813001907722374,4,1,19.99803145151452,1,0.7304103291860717,0,0.0,0
42585,48.92542710602221,5,2,15.018658709851003,7,0.0,0,0.0,0
42586,47.35722731291333,2,1,7.287030345295559,1,0.9994919303712578,0,0.0,0
42587,53.266941050784595,1,1,18.33955379564152,4,0.4991502246548851,0,0.0,0
42588,26.037862602855107,3,2,19.390573727522742,4,0.7732323427447179,0,0.0,0
42589,36.009326106675076,3,1,1.9778616797688677,3,0.27806282860024484,0,0.0,0
42590,29.255613291372214,4,5,7.786131666289981,1,0.7283019216096428,0,0.0,0
42591,40.32965777660577,2,6,21.87591848899131,6,0.8612116475876782,0,0.0,0
42592,50.55827736378892,3,2,13.271387125615504,2,0.7733248080906885,0,0.0,0
42593,38.47636670490535,1,1,5.048850855752615,4,0.4999857144867884,0,0.0,0
42594,34.92838295458539,3,1,8.974629297123148,4,0.17392883145257299,0,0.0,0
42595,17.281480698814317,2,7,4.093778379559678,3,0.23890529931959853,0,0.0,0
42596,49.173155961617205,4,3,16.772882834388064,7,1.0703902105290208,0,0.0,0
42597,25.54890874461124,5,6,7.0533178971865125,5,0.07882142791774793,0,0.0,0
42598,47.26331318006747,2,3,17.41120301639739,7,0.9998752279343477,0,0.0,0
42599,53.71925543302048,3,1,5.737715505060265,7,0.9998088884259395,0,0.0,0
42600,56.68216612363191,3,5,16.277800418870044,4,0.59437928058952,0,0.0,0
42601,52.90419396998534,4,3,10.18091406390416,2,0.47033283764952494,0,0.0,0
42602,58.176893786121155,1,6,9.83099107172822,6,0.0,0,0.0,0
42603,46.61399342609289,3,3,16.74191095695813,7,1.0000443014760378,0,0.0,0
42604,80.68387214169817,3,3,9.576662571463899,5,0.9998996298337772,0,0.0,0
42605,29.103131731672498,3,6,13.22965744943857,3,0.3601421349834785,0,0.0,0
42606,48.93184694005501,5,6,14.175348945857412,1,0.39150489009229117,0,0.0,0
42607,42.943651050783664,3,1,9.35569933931205,3,1.000123940999569,0,0.0,0
42608,31.826830026456697,2,5,20.045709036025517,2,0.3468437520043177,0,0.0,0
42609,38.89143378329697,4,5,7.728566932055832,7,1.0002459109722635,0,0.0,0
42610,49.13297840580599,4,1,17.50287100978717,5,0.44723811045220446,0,0.0,0
42611,61.59079734981726,4,6,20.75711472331259,6,0.4169248008654296,0,0.0,0
42612,47.97608658079374,2,1,3.7275219023374433,3,0.22785858689105343,0,0.0,0
42613,28.972540944282244,4,3,10.595698598358613,4,0.9998517396718297,0,0.0,0
42614,25.012372172357708,3,3,4.351785682202021,1,0.9599838938005827,0,0.0,0
42615,51.35021006899529,3,4,3.2987193168898976,3,1.0592537582660726,0,0.0,0
42616,45.769623751174585,2,4,19.995979427066075,7,0.3030884008814133,0,0.0,0
42617,51.81734603345202,3,6,14.204330214790788,2,0.9996862734640106,0,0.0,0
42618,29.462410100584755,2,1,13.835352418128718,0,0.27574920834629485,0,0.0,0
42619,46.776956355533684,2,4,3.589321771886584,4,0.3850730471483362,0,0.0,0
42620,46.617572174528,3,2,4.474269799079172,7,0.024837432276227145,0,0.0,0
42621,49.894778231376094,1,5,10.100326239825069,7,1.000034024634574,0,0.0,0
42622,40.72057587068061,2,1,5.636874549800567,5,0.4360785498829492,0,0.0,0
42623,41.00949352061814,3,1,16.492971931041165,3,0.45389919871503004,0,0.0,0
42624,53.486784550361556,2,2,14.450402945489964,7,0.9998727359158035,0,0.0,0
42625,29.42926094183027,3,3,13.389870826103703,1,1.0001227839313758,0,0.0,0
42626,40.07645418207338,4,1,1.1634264140935855,1,0.12453032326483804,0,0.0,0
42627,54.823932097116085,1,3,0.0,3,1.000035040987722,0,0.0,0
42628,56.49687692906059,3,3,14.920938634510222,7,0.9871013960703068,0,0.0,0
42629,35.65830285178286,5,7,14.44363644406296,6,0.34608143539126995,0,0.0,0
42630,58.831802381520134,4,6,20.012048998322477,1,0.7936711910592833,0,0.0,0
42631,49.05677089492501,3,1,14.07907801623622,7,1.0001785272529022,0,0.0,0
42632,32.81742555375827,2,2,11.269682601289624,7,0.2611803019513839,0,0.0,0
42633,54.40779800431149,2,3,7.130522819128175,7,1.000221340037577,0,0.0,0
42634,45.13262158622082,1,4,19.99083550419657,3,0.999341049986914,0,0.0,0
42635,39.554214161972915,2,3,14.558141966755317,5,0.9490179099658743,0,0.0,0
42636,60.55401723538856,6,5,15.5044797621878,7,1.0000712971363404,0,0.0,0
42637,59.702958928150096,3,3,16.012685732340056,2,1.0002320861707217,0,0.0,0
42638,43.51119521279704,0,3,12.721187291969011,2,1.0002007683436496,0,0.0,0
42639,39.45248398779202,2,6,8.92527587318586,7,0.396656742037337,0,0.0,0
42640,23.874483773822543,5,2,7.3701524200380195,2,0.2701395294691642,0,0.0,0
42641,46.722876299762156,3,3,14.802151922891976,2,1.0005003691181997,0,0.0,0
42642,40.51705528348762,0,4,18.009658079325455,8,1.2459046800653737,1,19046.59035115451,1
42643,38.07602473833936,3,4,19.995277176977787,1,0.6799853622571669,0,0.0,0
42644,51.37083243471186,3,6,17.090596062934274,2,0.5295080615077624,0,0.0,0
42645,37.95880518064434,4,4,19.998018475487953,3,0.7991686041084822,0,0.0,0
42646,37.639405780040654,3,3,8.94608534092598,5,1.0001056437346203,0,0.0,0
42647,67.09208252305582,2,3,13.784887478527455,5,0.383994827073378,0,0.0,0
42648,24.152044328246443,2,2,17.595150924674034,1,0.3481488937140011,0,0.0,0
42649,37.145310806735225,5,4,19.628263924512243,1,0.1474521655059129,0,0.0,0
42650,46.966166267187,3,2,11.147224430774324,7,0.9998059436590995,0,0.0,0
42651,48.20259313090637,3,6,19.506523071656282,1,0.7717738949438738,0,0.0,0
42652,63.282402378435314,5,6,10.214136136766696,4,0.9998609175273907,0,0.0,0
42653,22.002382117658634,4,6,9.481810723225848,2,0.15872356854982017,1,7278.409775646577,1
42654,20.317214270427947,2,6,5.938317627815641,1,0.5615029109642939,0,0.0,0
42655,41.557195204958504,2,1,4.131912368712564,2,0.49873588618158116,0,0.0,0
42656,61.25738982211928,3,1,3.8272820108615706,7,0.9996283612985681,0,0.0,0
42657,39.28808024549577,3,1,7.369452361751332,7,0.3065623349944902,0,0.0,0
42658,39.40545221388781,4,6,20.005130309421126,1,0.2865222434886972,0,0.0,0
42659,35.208968360518924,3,6,8.180309282373962,7,1.0003007741643308,0,0.0,0
42660,62.2663879068357,5,1,10.727873769789593,4,0.99971703990076,0,0.0,0
42661,58.69563768651817,2,6,14.24221284355298,7,0.9999754683438984,0,0.0,0
42662,47.03376450885288,3,1,12.298373310039304,7,0.9999057129151022,0,0.0,0
42663,31.420353865375116,0,6,1.8679753150842764,5,0.18438337694398899,0,0.0,0
42664,19.392771866309573,3,4,15.09718909516637,2,0.07618508857102213,0,0.0,0
42665,37.407972886876465,2,2,3.8818170981979048,7,0.9997517857258994,0,0.0,0
42666,51.46208144984412,4,3,9.990734479229161,6,0.9074796370550133,0,0.0,0
42667,40.442042602445426,3,1,14.211938258665732,6,0.9997435772728125,0,0.0,0
42668,14.1708411071438,2,1,13.964098259210218,0,1.000216549293873,0,0.0,0
42669,34.35844464012424,4,3,1.3324463222827365,7,0.4983189853984009,0,0.0,0
42670,42.88173769311623,5,3,19.487506419290177,4,0.3477137468935319,0,0.0,0
42671,39.650788956851784,2,4,20.010915722759343,7,0.6335986961132236,0,0.0,0
42672,45.91150746257699,5,6,7.447445874523437,7,0.8988413721124853,0,0.0,0
42673,46.78074417359365,3,5,14.317049469712817,2,1.0005029221564357,0,0.0,0
42674,67.7973156125451,2,4,20.003883428547418,1,0.7340811647715617,0,0.0,0
42675,29.184604863216343,3,2,13.239397937046068,5,1.0003496411196986,0,0.0,0
42676,59.766635119765354,3,3,5.213117331454922,2,0.931980239354631,0,0.0,0
42677,67.91151993335762,2,1,8.275267300355523,0,0.999821488082492,0,0.0,0
42678,23.689971351982706,4,7,6.480642627043127,2,0.4426656860412629,0,0.0,0
42679,37.59161467289626,2,1,1.793493975734906,4,0.34196530664435454,0,0.0,0
42680,41.15289709713551,3,5,7.667532732409617,7,0.0,0,0.0,0
42681,37.35340616949521,2,6,17.474628419691847,1,0.3324430589046122,0,0.0,0
42682,56.00330142121366,4,6,17.968180193827937,7,0.5048209356069022,0,0.0,0
42683,43.199581594587,4,6,1.2670394642166531,6,1.000055913184966,0,0.0,0
42684,45.765556899202416,3,3,4.164528569219376,1,1.000214170713421,0,0.0,0
42685,30.25689962775536,4,6,9.958206586376496,7,0.30422676738802057,0,0.0,0
42686,24.823971096284268,1,2,10.318710257552242,7,1.0005460913631956,0,0.0,0
42687,36.03762931363138,5,1,18.609771561584466,2,0.9713354762951534,0,0.0,0
42688,35.89531299685442,3,2,11.381613019131567,7,1.0001620061877923,0,0.0,0
42689,55.93551740578532,3,3,14.728637144291291,7,0.9224692041745712,0,0.0,0
42690,23.40673801115112,2,3,5.737125758286778,2,0.9997376684970014,0,0.0,0
42691,77.1928500172016,2,3,14.469388832993737,3,0.9422636473091931,0,0.0,0
42692,42.40661811492142,3,2,9.79531658539473,7,1.0000486058571125,0,0.0,0
42693,29.78039870622453,3,2,7.739003421480378,3,1.0019743452548389,0,0.0,0
42694,58.32296928451481,3,3,15.943724765671767,5,0.5035103095005466,0,0.0,0
42695,20.813134674936002,3,1,22.524685460731668,2,0.9992963968923141,0,0.0,0
42696,37.66122025034501,3,1,8.971140132232879,2,0.5820838889867774,0,0.0,0
42697,41.56636484420431,4,5,1.9104467823275417,7,0.3357915149877163,0,0.0,0
42698,48.037731259330236,6,1,10.655763909860271,7,0.9645451571264827,0,0.0,0
42699,61.16933255850272,3,3,8.602676239148401,3,0.9992225826866954,0,0.0,0
42700,34.35036206357141,3,3,8.64767352141175,1,1.000279640515845,0,0.0,0
42701,48.05322104541027,4,2,7.223971519748785,7,0.9999027900191739,0,0.0,0
42702,35.93467640873852,2,5,2.005209401831385,1,0.7502498665763724,0,0.0,0
42703,40.679911514703214,4,1,12.639680388699954,0,1.0004129569553692,0,0.0,0
42704,47.61361844236153,5,3,18.154643059883277,6,0.9995048920142702,0,0.0,0
42705,50.58728071322706,4,1,18.022134170437397,2,0.9997377147648006,0,0.0,0
42706,48.12222592256646,5,4,5.8836967007066905,1,0.974320436131632,0,0.0,0
42707,17.17179924032543,3,4,19.17171535912123,7,0.324935838042186,0,0.0,0
42708,59.36622296136707,2,6,15.479126880196414,5,1.0003074426819485,0,0.0,0
42709,55.26030208994629,3,2,15.085674748974792,1,1.0005026621527802,0,0.0,0
42710,51.60462898237323,3,1,8.674803073168812,7,1.0008467499547868,0,0.0,0
42711,40.95474174496044,3,7,3.7265692966908244,6,0.33053989873692746,0,0.0,0
42712,44.55395125668919,4,2,5.919916438309499,1,0.07200923013130878,0,0.0,0
42713,47.5283401354204,1,6,5.370802663603188,7,0.47976485892485315,0,0.0,0
42714,52.787996095177434,2,4,20.00655994539521,3,0.9995458801108348,0,0.0,0
42715,33.49508731778952,0,3,14.834227943085901,2,0.9479861456631072,0,0.0,0
42716,44.82129959195926,3,1,0.5136540235586082,5,0.5027777137949482,0,0.0,0
42717,68.02752164085739,3,6,21.30042953868283,3,1.0001070683395474,0,0.0,0
42718,25.241045383038287,3,2,9.12107699513133,6,1.0472850958517996,1,1114.7142374924708,1
42719,46.39335738733641,3,4,12.368089014134688,1,0.9996872818731907,0,0.0,0
42720,47.57544519301357,1,1,8.370426277813104,7,0.38672833582928456,0,0.0,0
42721,48.212882399449875,2,3,12.164727336285532,6,1.000397003458029,0,0.0,0
42722,38.99188855845701,3,4,8.332386900531638,2,1.0005986077937128,0,0.0,0
42723,28.774573592845393,3,3,20.09462782736322,1,0.3190532697920586,0,0.0,0
42724,44.22104059811952,3,2,19.16793763119673,2,1.0000889854866697,0,0.0,0
42725,54.76175367471245,4,6,10.849559745911494,7,1.0003940404766807,0,0.0,0
42726,56.53161676573155,3,3,11.347536373537444,2,0.9997320141480479,0,0.0,0
42727,31.734787719623558,3,5,6.117752883842281,7,0.7153177680791919,0,0.0,0
42728,22.93608930788012,2,3,26.81933595776131,2,0.3262044670544994,0,0.0,0
42729,39.381189683995856,4,6,15.252141775907138,4,0.8328742512107372,0,0.0,0
42730,14.779867853479267,3,3,11.032295457366562,2,0.9885671606636564,0,0.0,0
42731,29.35318436325059,0,2,16.068768621908,4,0.9410255933627036,0,0.0,0
42732,40.44546796516471,4,3,15.113376477278191,5,0.3660780045052973,0,0.0,0
42733,17.628876851403326,3,4,7.8045379073283865,2,0.9999146056637476,0,0.0,0
42734,48.07907500146834,4,6,7.3392655552239034,1,0.47209659647282315,0,0.0,0
42735,31.743348740579023,1,1,19.99788327276799,6,1.0560895524737295,0,0.0,0
42736,40.283998250952344,3,3,20.73451394840653,3,0.2591654007807326,0,0.0,0
42737,26.492369200283896,3,3,16.173412588866583,2,0.9999929586420293,0,0.0,0
42738,47.764180195854955,5,3,13.403556433925342,7,0.9997423692656573,0,0.0,0
42739,42.286734559675985,3,4,12.499280648931101,1,0.9999647746215563,0,0.0,0
42740,40.244813755689485,3,2,5.8337381537619395,7,0.3918268996032738,0,0.0,0
42741,19.723551777604484,6,6,3.737161794526596,3,0.4242812722596306,0,0.0,0
42742,48.40118814747666,2,6,17.40812719998057,3,0.27636933201377195,0,0.0,0
42743,44.064519298635695,3,3,16.503393946332558,2,1.0001798218403075,0,0.0,0
42744,41.27653544132247,1,3,7.9720008087238075,2,0.0,0,0.0,0
42745,59.09807526959703,3,4,20.003221700976624,1,0.2344355724832453,0,0.0,0
42746,23.038059479078846,4,6,1.028924064319396,2,0.26767146497242045,0,0.0,0
42747,41.14256236349675,5,6,17.13689941937451,1,0.47908164020696903,0,0.0,0
42748,38.657753334098416,4,1,14.097372760177164,3,1.0001096228283883,0,0.0,0
42749,29.478941659279286,1,3,11.449572639714301,2,0.9648756837519008,0,0.0,0
42750,51.85874334317093,4,7,20.008567348873143,1,0.4760517163819943,0,0.0,0
42751,18.915788553918265,2,4,8.092422435208722,3,1.0003778120211424,0,0.0,0
42752,50.43007625445982,5,1,11.683016517125438,7,0.9997024903888276,0,0.0,0
42753,62.35704867927813,3,3,12.819055950333945,5,0.9994012787816802,0,0.0,0
42754,53.408808105191724,1,2,10.299312696726618,1,0.056228391520289356,0,0.0,0
42755,46.15637952720381,6,3,5.453494642310876,1,0.7839667973946203,0,0.0,0
42756,54.500425970901226,3,1,5.339756978335335,7,0.9998473853387386,0,0.0,0
42757,10.953569371391435,2,3,5.488115631379255,1,0.9505512239589917,0,0.0,0
42758,42.63426932051598,3,5,11.389994939776734,1,0.8266229723615997,0,0.0,0
42759,44.99389686513839,5,1,2.692014081244036,2,0.497556388619373,0,0.0,0
42760,45.766041480010955,1,3,6.9424014140931165,3,0.49908142386102783,0,0.0,0
42761,21.487428920927133,2,3,0.42467543565099675,7,0.9996279624844833,0,0.0,0
42762,37.306088859463635,3,4,20.000393259556756,2,1.0000700783814653,0,0.0,0
42763,23.165370327536944,1,4,12.638247739760134,3,0.7626512516650115,0,0.0,0
42764,55.738985853307355,1,1,4.245702334467141,3,0.9996770646982437,0,0.0,0
42765,51.37343773449439,6,6,12.100178645589159,6,0.8450594922679866,0,0.0,0
42766,77.32170598165106,3,4,20.00177580545558,1,0.8239255593473538,0,0.0,0
42767,34.35744506252792,3,4,10.569091530857476,2,0.5565675325732224,0,0.0,0
42768,41.80946651925851,3,3,3.821524069529282,2,0.9499036277102579,0,0.0,0
42769,71.33766557527669,4,3,16.33532854912064,3,0.5097128715647339,0,0.0,0
42770,56.834630812744194,3,3,10.140324174098993,4,0.4974924083735368,0,0.0,0
42771,41.18619202561461,1,1,4.5106939393292595,5,0.7132781918789062,0,0.0,0
42772,32.909675245479235,4,2,6.920697787197988,1,0.5828246562801562,0,0.0,0
42773,21.83210850274868,2,4,6.99599856106668,1,0.32427631910455185,0,0.0,0
42774,36.50164338621801,4,3,7.631493374101299,6,0.0,0,0.0,0
42775,39.80295985716484,5,3,8.341161103427792,2,0.1262576622396301,0,0.0,0
42776,65.17559626330332,3,5,13.503989629029881,4,0.49321740981245243,0,0.0,0
42777,45.153908979940546,3,6,5.347272164193608,7,0.9998632821170947,0,0.0,0
42778,46.88616128107553,5,3,8.91304536260682,7,0.4576000147012409,0,0.0,0
42779,24.290996202501262,3,3,15.130514676796617,7,1.0000707799256943,0,0.0,0
42780,46.73246224700367,3,6,7.086808664489251,6,0.7601221826995964,0,0.0,0
42781,63.09960524998324,4,2,4.801862349395026,7,0.9999801328769766,0,0.0,0
42782,40.30844371332509,4,1,12.715928138241763,3,0.484122042718639,0,0.0,0
42783,34.76879672848941,2,4,16.48821956190833,1,0.9770382183187357,0,0.0,0
42784,24.882797456324457,2,6,8.752004352216058,3,0.5027795679675684,0,0.0,0
42785,51.32407185247917,3,5,4.2570360383007,2,0.20088971807011435,0,0.0,0
42786,47.31812718201429,3,1,12.51867121808045,7,1.0006304434021698,0,0.0,0
42787,36.41943172309277,3,1,15.996707958712308,7,0.05181134925943198,0,0.0,0
42788,34.04951769241956,3,3,9.007324675605773,5,0.9995857997849821,0,0.0,0
42789,38.47583398342617,3,1,1.602651715320917,7,0.2019380561394683,0,0.0,0
42790,52.528738574929825,1,1,17.054514413461177,5,0.9630146769731511,0,0.0,0
42791,29.460769116537335,3,4,1.0044243742664811,6,0.1571895895167149,1,169023.210328834,1
42792,29.140911918381825,2,7,7.392286131918102,2,0.1178283360231972,0,0.0,0
42793,41.11277967004898,3,1,13.60696058684562,7,0.9995813044121857,0,0.0,0
42794,49.545952537782426,1,1,15.701328633393752,6,0.0,0,0.0,0
42795,37.41287681829114,3,0,20.87746824966238,1,1.000137603475633,0,0.0,0
42796,43.048952701766325,3,2,11.247007661989961,3,0.1964874309019881,0,0.0,0
42797,48.56942080664571,3,1,9.430502276218007,7,1.0000955175325723,0,0.0,0
42798,41.0743609797222,1,6,14.010340293493087,7,0.9997063799532278,0,0.0,0
42799,43.957822490153255,3,2,25.68842740760821,5,0.368800037766091,0,0.0,0
42800,60.66166971871536,1,2,1.7754415252979232,7,1.160617509473035,0,0.0,0
42801,54.009787615936986,4,3,8.917041677908655,7,0.9999552622529422,0,0.0,0
42802,21.512467207025853,3,5,24.674689801390713,4,0.5013584897431161,0,0.0,0
42803,39.31712121409649,2,5,2.1410754660100384,1,1.0000616340079613,0,0.0,0
42804,47.48349026998304,4,6,15.75871751975436,2,0.3853532757128524,0,0.0,0
42805,44.54421896717587,3,4,19.718646174647006,1,0.9999794798183903,0,0.0,0
42806,52.88210047117997,3,6,12.562865461067465,1,0.3749721453527576,0,0.0,0
42807,26.24496919266943,1,3,9.004057888392325,6,0.5603529160015672,0,0.0,0
42808,16.75342272458315,4,3,20.939748172542934,4,0.6142364787413142,0,0.0,0
42809,25.7023786975678,4,6,5.203656286307703,6,0.42512010802226197,0,0.0,0
42810,42.978899919987555,3,1,12.21912082462109,4,0.3056146673904506,0,0.0,0
42811,55.587002698936615,5,3,9.455386252951826,1,1.0001825524410999,0,0.0,0
42812,43.73834887792275,3,3,7.658510811770856,2,0.4979982022300977,0,0.0,0
42813,51.36201971320289,6,6,10.89646900859647,4,0.7410516692038982,0,0.0,0
42814,45.426367288395745,3,5,6.683404777247734,1,0.5001509076764726,0,0.0,0
42815,30.5244279303068,3,4,19.997631246468437,1,0.0,0,0.0,0
42816,46.909918200789285,3,1,8.133947389018875,7,0.9995006908732462,0,0.0,0
42817,46.2826832384364,2,3,11.889852377729206,1,0.9998654466144198,0,0.0,0
42818,47.895034612586535,0,3,11.179754053761886,7,0.8614078727287147,0,0.0,0
42819,39.2588991669255,4,3,11.105844983109069,7,0.9998656834765323,0,0.0,0
42820,54.91886870160713,3,3,9.995018985122698,4,0.999926387834853,0,0.0,0
42821,24.529779733054042,5,6,17.804360064809018,2,0.2440551363429853,0,0.0,0
42822,50.40338949416742,2,3,5.787149218802863,4,0.5017348897118297,0,0.0,0
42823,40.27929684802589,4,1,9.910399629976716,2,0.9999080682315094,0,0.0,0
42824,42.02941750909581,4,5,19.71484311566062,7,0.9996769916199721,0,0.0,0
42825,53.544908870203614,3,2,12.195540215370748,7,0.9997247978477626,0,0.0,0
42826,59.18852737381516,3,4,12.379110964929975,6,1.0001532904001316,0,0.0,0
42827,24.625373171250292,2,2,1.105681455067682,4,0.5366507930333982,0,0.0,0
42828,40.92729248450482,3,3,20.003977046726682,3,0.20750858547268236,0,0.0,0
42829,46.65423984751007,3,5,13.887089495220945,7,0.983711618124254,0,0.0,0
42830,21.398747197526465,3,3,5.213839027117448,4,0.3013651907099351,0,0.0,0
42831,46.471817365414054,3,5,0.632776456707397,2,0.19869822657102038,0,0.0,0
42832,36.32553899546505,1,2,14.327513025271069,7,0.0,0,0.0,0
42833,29.587966274469416,3,2,3.20324198404428,7,0.7136876639526779,1,88257.50307576483,1
42834,45.61018125879896,3,6,25.563604513847835,3,1.0409134672573388,0,0.0,0
42835,39.62648157361909,4,3,13.407986395972417,5,0.9993410512766066,0,0.0,0
42836,31.8599501932595,0,6,13.119769613611217,7,0.6280363023582554,0,0.0,0
42837,63.30161181731863,2,3,5.98514033016076,4,0.4290230210726884,0,0.0,0
42838,39.487330225661665,2,2,9.732589273572158,7,1.0001547340039927,0,0.0,0
42839,22.40815209030187,5,6,6.992241285219519,2,0.5917902894950939,0,0.0,0
42840,40.98917397162967,2,6,17.79142851970065,3,0.4409661784410849,0,0.0,0
42841,55.34207274396317,1,4,12.112647550618432,2,0.6316345049375073,0,0.0,0
42842,63.206014861395474,0,3,15.39346020651153,6,0.9421761350880412,0,0.0,0
42843,58.79781337209524,3,3,10.946930865851076,7,1.0000242925776026,0,0.0,0
42844,36.62712066175152,1,3,3.1934866668255673,6,0.0,0,0.0,0
42845,35.22121975214485,3,3,19.849658437638077,5,0.4970090388699303,0,0.0,0
42846,44.27141753446736,3,2,16.730665004494877,4,0.32932305600994327,0,0.0,0
42847,49.17465816155019,1,2,20.003572207814173,1,0.04064933602380194,0,0.0,0
42848,51.93891622917856,4,5,0.0,7,0.7951110599910618,0,0.0,0
42849,37.47279320854785,2,3,9.445991346935477,7,0.9997874766866595,0,0.0,0
42850,48.54666525097833,3,2,8.79247472680055,5,0.1282740101458939,0,0.0,0
42851,29.641577222916233,3,3,12.47555913556967,3,0.516658847763634,0,0.0,0
42852,27.2146420152404,3,2,19.992385107904752,3,1.0004875483658338,0,0.0,0
42853,34.86156840508698,2,3,6.820089155816995,4,0.09424446764933536,0,0.0,0
42854,53.21828494216709,2,3,20.008644149516613,1,1.000281819609998,0,0.0,0
42855,39.23044696169196,2,1,20.004869147530382,1,1.0001888817556317,0,0.0,0
42856,42.08625403097467,3,4,20.00044029053289,1,1.0001119520888782,0,0.0,0
42857,36.266499067306114,4,3,0.0,4,0.9999465699525798,0,0.0,0
42858,55.14951117639957,2,3,10.911827257373051,5,0.502426998167814,0,0.0,0
42859,49.821057370104086,3,3,7.321725682210683,7,1.0002412420342324,0,0.0,0
42860,39.53618564254479,4,3,8.08391113746422,2,0.4967097939932149,0,0.0,0
42861,32.726851698815054,2,2,12.22706340276084,1,1.000412298293232,0,0.0,0
42862,50.615657489193694,2,3,13.065616533002174,0,0.142298201712713,0,0.0,0
42863,44.5300333021789,1,2,15.879249197223547,6,0.17003016779078095,0,0.0,0
42864,28.590701496772756,4,3,15.246482334046803,6,0.638025714699046,0,0.0,0
42865,53.716344216639555,3,2,14.522029187072592,7,1.0000504884889492,0,0.0,0
42866,50.42968004782984,3,4,13.376410674605967,7,1.0742956928697787,0,0.0,0
42867,59.35451826103014,2,3,6.673300304417968,7,1.000170804503281,0,0.0,0
42868,32.4097410513777,0,2,10.211128021337034,4,0.9570432630793968,0,0.0,0
42869,58.99533929526082,2,6,9.51702732651912,1,0.5712899368680153,0,0.0,0
42870,44.22333940915017,4,1,5.679901428336439,1,0.4984058763583209,0,0.0,0
42871,34.290256484455675,2,2,10.517095770815157,7,0.9999794183902493,0,0.0,0
42872,57.13775382527443,2,3,10.762665542453265,7,1.0003536307734546,0,0.0,0
42873,26.054547848662512,6,3,0.7517921854784397,2,0.49972926714358584,0,0.0,0
42874,21.061056792677572,1,1,6.378286855104855,2,0.23260513490472212,0,0.0,0
42875,11.78155360692131,2,3,4.945813550761325,4,0.4985401659394092,0,0.0,0
42876,43.77866457549292,2,1,17.989706906068044,3,0.23226038093482687,0,0.0,0
42877,51.739736696984494,1,6,11.58294692268699,1,0.4171706123421058,0,0.0,0
42878,48.127824960446745,3,1,7.939966277672757,7,0.9564876786458335,0,0.0,0
42879,24.50963976388813,2,3,0.0,0,0.9281947836601475,0,0.0,0
42880,34.7742400683667,5,2,4.441226756124627,7,0.4411505833126874,0,0.0,0
42881,49.104299600143534,5,6,19.439274873545997,4,0.5106832046098994,0,0.0,0
42882,49.20843523717648,2,3,0.0,3,0.9997618000267026,0,0.0,0
42883,65.30863604250183,1,5,13.820564488475702,7,0.9992257253496548,0,0.0,0
42884,60.762066146590286,3,3,13.297599597955355,7,0.07998304834724768,0,0.0,0
42885,71.77646380892746,2,1,4.838840728193095,3,0.9999931919509886,0,0.0,0
42886,29.346629108677035,3,7,1.4275090077516737,8,0.0,0,0.0,0
42887,66.30388386081474,4,6,17.327488913453244,7,0.999454404276519,0,0.0,0
42888,20.453500792677794,3,3,1.896342439802762,0,1.0005474268946943,0,0.0,0
42889,17.657125700201803,1,3,8.387524504108567,2,0.9999108724525538,1,17785.15524081817,1
42890,52.26778289531102,3,1,2.229590333807357,7,1.000151819681399,0,0.0,0
42891,57.392400454741804,1,2,12.99480981829466,7,0.3999911868224549,0,0.0,0
42892,19.509893541221455,2,6,6.005312032214369,1,0.0,0,0.0,0
42893,43.817809170020055,4,6,15.257493362228434,3,0.7683039160028787,0,0.0,0
42894,22.678347502386476,1,6,6.788257218434223,2,0.6672361672802744,0,0.0,0
42895,54.2617003773421,3,1,9.36146073482909,7,0.9998796685863465,0,0.0,0
42896,50.75539032195673,1,3,18.538968963801054,2,0.05464184957304741,0,0.0,0
42897,40.821918215730655,2,6,12.276803868651813,7,1.0000700465641381,0,0.0,0
42898,49.81580599778634,3,3,16.536940047685583,3,0.47696519748195987,0,0.0,0
42899,51.517159454247974,6,1,12.609564771309886,7,0.9997783499161901,0,0.0,0
42900,37.64545509238069,2,4,20.006483819888317,1,0.5881284443120618,0,0.0,0
42901,38.412843628256894,2,1,6.9493054944168255,2,0.5721985225189343,0,0.0,0
42902,43.147388854906175,2,2,11.607200134378948,6,1.0256139310929342,0,0.0,0
42903,33.53508757945342,3,3,8.786575659953298,4,0.99994727716908,0,0.0,0
42904,20.90061295914097,4,1,11.1865575045558,0,0.5254448574172808,0,0.0,0
42905,41.24494740276085,3,6,4.714791555352257,1,0.26797993179127666,0,0.0,0
42906,46.897995140421095,2,6,11.95120983862239,4,1.0006316844536456,0,0.0,0
42907,54.26718637143221,1,3,16.09625559318113,7,1.0000870079006057,0,0.0,0
42908,25.13520515790578,3,3,6.36984277566945,7,0.31453587753547274,0,0.0,0
42909,50.98326510743808,3,6,16.45693604701333,7,0.9998641509136914,0,0.0,0
42910,62.44125479080799,3,3,16.251387461025406,2,0.9995072803327485,0,0.0,0
42911,22.323910415294346,4,1,2.5474329284351374,3,0.8934959893428848,0,0.0,0
42912,55.50215597393238,2,4,19.99464573679939,1,0.4994140821498285,0,0.0,0
42913,56.01257785532898,3,5,7.425227213945857,3,0.28253762173436997,0,0.0,0
42914,41.829160444881204,1,1,15.175877445104163,1,0.672544025719571,0,0.0,0
42915,42.83895585813357,3,4,5.355935652407496,1,0.7741130421173786,0,0.0,0
42916,34.02994729183269,4,3,15.18348652843699,0,0.85751034377207,0,0.0,0
42917,61.683220555351795,2,2,9.507467646231014,4,0.36009160510161886,0,0.0,0
42918,23.35632420676281,3,1,4.7165975803002835,7,0.9587158438359411,0,0.0,0
42919,53.33123543614231,4,3,0.0,7,1.0002481132725503,0,0.0,0
42920,34.7476130451214,4,4,19.98869923907125,2,0.7504033157558029,0,0.0,0
42921,19.035273130321258,4,3,8.751310369686585,6,0.8081205565341973,0,0.0,0
42922,50.26376926549986,1,3,10.875618595746824,7,0.999961553230754,0,0.0,0
42923,55.82936248755177,2,4,17.137941302644116,4,1.190478510719197,0,0.0,0
42924,36.52237597980684,2,2,10.861043017159155,5,0.6665710197612433,0,0.0,0
42925,39.07286782335482,4,3,0.0,4,1.000157695059396,0,0.0,0
42926,39.64296241563903,4,2,6.678688862580255,6,1.000557556070952,0,0.0,0
42927,36.32083373565672,5,4,20.010731954967138,1,1.0002633663620457,0,0.0,0
42928,28.249996359548692,3,5,17.858079078304215,2,1.0000464854766002,0,0.0,0
42929,13.294805858722992,4,3,6.011400402988485,3,0.502592713102555,0,0.0,0
42930,30.13809589240146,4,6,16.462932155907858,4,0.3155630997613923,0,0.0,0
42931,25.910638659527354,3,2,4.663200430505818,7,0.9995983587109502,0,0.0,0
42932,51.5772688667202,3,6,0.0,7,0.9998213171711856,0,0.0,0
42933,27.51140993464649,3,4,11.400568813858916,1,0.999704851936805,0,0.0,0
42934,44.24040920627076,4,1,10.051182490435881,2,1.00018271510475,0,0.0,0
42935,46.61638124316526,1,4,24.33222621068359,2,0.00043316863174347464,0,0.0,0
42936,19.479363197679618,4,5,10.590725887427935,3,0.3656978354892415,0,0.0,0
42937,47.10091805740613,3,4,19.99033066056122,1,0.13804988959136277,0,0.0,0
42938,55.07688944584821,3,6,16.38410623057273,4,0.9997199850898708,0,0.0,0
42939,48.8074560125476,3,6,11.961103747148403,4,0.9836982553958491,0,0.0,0
42940,40.723671688702524,4,6,8.273276125088003,7,1.000581303086592,0,0.0,0
42941,60.83498433790823,0,1,16.320854770022606,6,0.8913446399457418,0,0.0,0
42942,38.65357395230079,3,1,9.978499309607475,6,0.9999214255107166,0,0.0,0
42943,42.49355265357703,3,2,9.465384097284767,1,1.000095276699953,0,0.0,0
42944,25.582049983746575,5,2,10.188838510579396,5,0.5263314324462848,0,0.0,0
42945,58.54581228748263,3,4,20.002895398107626,1,0.999622163535894,0,0.0,0
42946,37.7211315905732,4,3,7.564338843637149,2,0.5026922710564112,0,0.0,0
42947,36.843983203109474,2,6,3.43419901383203,7,0.491892813830691,0,0.0,0
42948,34.96516771496686,3,3,8.955854015477987,2,0.999862698280997,0,0.0,0
42949,46.64304797644598,4,5,0.0,1,0.9601870139430352,0,0.0,0
42950,51.68010705226851,3,3,9.739545686841726,1,0.9997670736567672,0,0.0,0
42951,31.83928097380383,2,3,9.19800167984155,4,0.6218191920798111,0,0.0,0
42952,53.041164225365144,3,6,0.0,4,0.899534216873483,0,0.0,0
42953,22.968354890825665,1,3,5.378319460388525,2,0.6722451621936153,0,0.0,0
42954,64.18423944071039,4,6,9.637820192396264,1,0.20346529783939077,0,0.0,0
42955,55.93432442413594,3,6,20.46576596082327,5,0.9999245199420552,0,0.0,0
42956,56.514063117068005,3,3,6.673255399351083,2,0.4998511030409476,0,0.0,0
42957,42.099242360615456,5,4,19.596119127945535,4,0.9993271006310687,0,0.0,0
42958,45.645441630294556,5,6,15.28338320276668,6,0.4107424070766574,0,0.0,0
42959,46.40606270064677,4,3,3.8193598598429714,2,0.5015863515632377,0,0.0,0
42960,67.74929098653763,4,3,4.044864417068005,7,1.0000652966352406,0,0.0,0
42961,39.898988073822274,3,6,15.02198402074848,7,0.9489208925352248,0,0.0,0
42962,13.795703012437116,6,5,11.576984298242706,1,0.8352142755320002,0,0.0,0
42963,40.76585715558757,3,1,2.382828755223077,7,0.9997014586551345,0,0.0,0
42964,30.029767874858308,3,1,9.798268776751902,2,1.0004108048513425,0,0.0,0
42965,36.49363399863014,3,4,7.901821896598593,4,0.7255579445604133,0,0.0,0
42966,18.628280194074446,2,3,9.96416352962169,7,0.27635815000877584,0,0.0,0
42967,34.266371788232284,5,1,5.766777848555889,3,1.0001649746274062,0,0.0,0
42968,33.81625432862145,3,5,14.851262282014453,2,0.9999373550032076,0,0.0,0
42969,48.54029080963262,1,0,1.0443828148927494,6,1.0474993779730348,0,0.0,0
42970,39.14243322862805,4,2,6.62555299801597,6,0.7485908838910365,0,0.0,0
42971,47.61162803847929,2,6,13.141484655820431,2,0.37608340841074295,0,0.0,0
42972,43.29942741727515,3,2,11.787940404098268,6,0.9999767958404413,0,0.0,0
42973,53.366068732440276,0,3,13.099310095389338,7,1.0001566133345297,0,0.0,0
42974,79.81416792380197,2,5,13.592641271591763,7,0.999854544203772,0,0.0,0
42975,31.80582983064756,3,5,22.90716750117433,7,0.5210184656061567,0,0.0,0
42976,57.033642617799664,4,1,20.68258600336444,1,0.4984740298850662,0,0.0,0
42977,24.882866269505044,5,1,10.217083906884763,3,0.4864968658299813,0,0.0,0
42978,45.822626810431366,3,1,7.7810993502036645,7,1.000773863128478,0,0.0,0
42979,16.27637731055557,5,6,17.83932895839086,6,0.32244290674274395,0,0.0,0
42980,31.05684566541159,3,1,9.860452099271313,3,0.06188157466406197,0,0.0,0
42981,44.90770445113783,3,3,0.3017761478225136,7,1.0006348353852799,0,0.0,0
42982,58.89525030163944,5,3,4.764331396272745,3,0.9439014120113935,0,0.0,0
42983,45.246268307091846,3,7,13.785666115256536,5,0.6318427273708194,0,0.0,0
42984,37.85619715556539,3,4,8.344730768986341,7,0.315931300015881,0,0.0,0
42985,38.55151167853069,3,4,23.822543791760832,4,0.9831121084405927,0,0.0,0
42986,35.078986021961335,2,3,1.7309138692281252,1,1.0004158531527838,0,0.0,0
42987,39.39349697670627,3,1,7.477796673054497,5,0.3860593738509959,0,0.0,0
42988,35.41095878283933,8,6,12.775710610441235,7,0.6795829134777822,0,0.0,0
42989,38.05538844252552,3,2,7.312917629033672,7,0.7021832836318893,0,0.0,0
42990,38.311398434257285,3,4,2.7333643313409954,1,0.1466076599196664,0,0.0,0
42991,25.846509652745443,5,2,7.701031281746028,3,0.35108087905478325,0,0.0,0
42992,23.67349178528956,2,3,10.409233345009726,7,0.9997337253782173,0,0.0,0
42993,28.299998980900902,4,2,20.003367667770345,1,0.9996821880308033,0,0.0,0
42994,57.10599985599167,3,3,0.0,3,1.0001888786249258,0,0.0,0
42995,22.17847633484666,1,2,16.843464203326107,3,0.45024390543557125,0,0.0,0
42996,49.05546318186862,4,5,11.43442588345666,2,0.5616700216777284,0,0.0,0
42997,50.32983339108169,4,3,13.80243491601782,1,0.36940911572733737,0,0.0,0
42998,33.49119869336691,1,4,9.185383942103645,5,0.15503135157139836,0,0.0,0
42999,26.060449251466554,5,6,9.4616857111985,2,0.4586467185632044,0,0.0,0
43000,50.76724856953335,1,3,7.852387839537057,5,0.01057687208188407,0,0.0,0
43001,23.335938868538555,6,6,12.469770727820993,3,0.5170673437427872,0,0.0,0
43002,41.67468682560803,3,1,12.67478454233712,7,0.9999681349793674,0,0.0,0
43003,71.9430791163739,3,4,12.072558115419092,7,1.1801437827912562,0,0.0,0
43004,19.823507122916112,2,3,21.323664046604428,3,0.9584682145838439,0,0.0,0
43005,29.35147683355127,5,4,19.070391558462273,1,0.947084541502454,0,0.0,0
43006,54.84688679948495,4,3,15.222613770556698,4,0.7633210709973793,0,0.0,0
43007,37.77036481068438,1,1,15.791790430485285,3,0.568814070151889,0,0.0,0
43008,51.71428049641203,1,6,18.45514789785571,7,0.47451829874187,0,0.0,0
43009,51.01568076929976,3,1,15.6165857341582,4,0.9596566593173416,0,0.0,0
43010,35.64913191307141,2,2,11.868807827614544,7,0.9999025044402011,0,0.0,0
43011,36.63572237553682,3,4,19.45649920490694,1,0.0,0,0.0,0
43012,46.99469483233429,2,3,5.0880826784953825,4,1.0000377139760666,0,0.0,0
43013,39.6144502301639,3,2,20.00427531272117,1,0.999876843615056,0,0.0,0
43014,45.28505497728307,3,4,16.1922511397592,7,0.41580734113229245,0,0.0,0
43015,37.4502366545845,3,6,16.864242037356632,2,0.5673449834209661,0,0.0,0
43016,44.67588007195568,3,3,14.355608176685651,2,0.9998694158385664,0,0.0,0
43017,47.02788444705799,2,2,6.175055738213257,2,1.01513667628705,0,0.0,0
43018,41.13015529630806,4,4,0.0,6,0.5734843778482708,0,0.0,0
43019,49.82588108788801,3,3,0.8802585383383157,2,0.2383886080160859,0,0.0,0
43020,32.7392547780424,1,5,15.930676491228509,4,0.4645054259323543,0,0.0,0
43021,27.353828495339627,3,6,12.9861990701548,1,0.27089230014311755,0,0.0,0
43022,51.52831791383065,3,5,7.9903341492954,7,0.9998347220738115,0,0.0,0
43023,51.05695597977024,2,1,10.654976141069753,4,0.9389220914622827,0,0.0,0
43024,21.30155196135964,1,1,13.614099739427624,3,0.2023154450112773,0,0.0,0
43025,66.41149591678554,6,6,9.30489518326607,7,0.954728532289921,0,0.0,0
43026,30.293629502117966,3,1,7.0445960821847216,5,0.9271498482215017,0,0.0,0
43027,56.03708228447388,3,6,5.18992635540533,7,0.5901776907944625,0,0.0,0
43028,66.2749905882014,3,6,20.011693829542253,1,0.37669971668814695,0,0.0,0
43029,33.02900073236542,2,3,0.0,7,0.580527642504209,0,0.0,0
43030,27.904882014324645,4,2,13.296051505968933,4,0.16504195240338504,0,0.0,0
43031,25.55562841971093,1,3,16.099519728001525,7,0.4599618875208781,0,0.0,0
43032,55.06194435267251,3,3,1.425649353935496,1,0.49880668037434306,0,0.0,0
43033,30.8898074891568,2,6,21.958262803869623,7,1.0000975361641367,0,0.0,0
43034,36.76031062226955,2,3,24.464126997836367,7,0.9996871353250619,0,0.0,0
43035,29.68024060714764,2,6,1.3468036045971932,7,0.9020923515262017,1,9961.331956575701,1
43036,42.76693029446661,4,6,17.963014590135757,7,1.000551566324374,0,0.0,0
43037,29.030481001586036,1,6,10.034909953401156,3,0.6330657096957719,0,0.0,0
43038,50.41994411317882,5,2,3.9335402207764263,2,0.563089255424598,0,0.0,0
43039,47.673208635064405,1,3,5.8520499165321,7,0.21915319049587462,0,0.0,0
43040,31.60796359268484,2,6,3.5793558849761276,6,0.700818437998531,0,0.0,0
43041,28.015891350688857,2,6,0.0,3,0.5113919832436744,0,0.0,0
43042,25.28813999417146,5,6,12.370991640880476,4,0.405737541204229,0,0.0,0
43043,28.938032142681564,4,5,13.003706135071809,2,1.000258617550243,0,0.0,0
43044,58.675046675602786,3,5,0.0,4,0.5010894457576398,0,0.0,0
43045,35.30615387525181,4,3,10.056911194640584,1,0.49655980287302476,0,0.0,0
43046,22.916482558344807,3,6,12.823969320781387,1,0.37562989581297246,0,0.0,0
43047,24.453361687571334,3,3,13.217633582643272,7,0.9998936114898654,0,0.0,0
43048,54.06847997102224,4,3,12.530055359914947,4,0.34117469046193455,0,0.0,0
43049,27.419537820869316,0,1,3.74704283455471,2,0.8018846682697505,0,0.0,0
43050,35.71189535041103,5,4,9.916452772691944,3,0.6829014299113334,0,0.0,0
43051,60.533272618985684,3,5,5.039917566661225,5,0.9762124191532577,0,0.0,0
43052,39.56471871979234,3,5,3.6419623459187624,1,0.42184911295696365,0,0.0,0
43053,44.85256830998409,3,3,12.519209441618358,4,0.46239137566800437,0,0.0,0
43054,70.9371264556028,3,2,16.68588973238633,7,1.0003549577666588,0,0.0,0
43055,27.079266751808817,3,4,14.931860336713445,5,0.0804375523007016,0,0.0,0
43056,32.29719008969376,5,6,9.993970172893704,1,0.9352440548169406,0,0.0,0
43057,35.48297750881298,4,3,14.976653886891702,4,0.49700240435457516,0,0.0,0
43058,50.209766522820324,4,6,10.931300590354896,5,0.9993741049810732,0,0.0,0
43059,39.970950747200625,3,3,21.644571519276205,5,0.9998071521073509,0,0.0,0
43060,22.12885888963675,1,2,18.544877556373542,1,0.5574871458599502,0,0.0,0
43061,36.849656514261284,4,6,13.032429794334199,6,0.7186389649749229,0,0.0,0
43062,35.9419224378882,2,5,17.219501848383054,1,1.0013004042405083,0,0.0,0
43063,46.041630984062046,3,3,12.78916061497148,5,0.999871300010664,0,0.0,0
43064,31.489343857363366,4,6,0.0,7,0.9998537531636736,0,0.0,0
43065,52.46526658745151,5,1,21.002203085527135,4,0.5992258635377293,0,0.0,0
43066,29.135857646761995,4,5,10.758361236755926,1,0.5982171396810279,0,0.0,0
43067,46.36443425517885,3,5,15.397682194789187,8,0.9181927219729864,0,0.0,0
43068,51.786090916842426,3,3,0.0,7,1.0000160610717712,0,0.0,0
43069,53.021482478290864,4,2,6.55024923172703,7,1.0003381334164736,0,0.0,0
43070,43.785753508245804,3,1,16.97479587425884,4,1.0000110953084542,0,0.0,0
43071,35.530040219859174,2,5,13.975614608453958,1,0.3660588237746007,0,0.0,0
43072,44.25329514652507,2,1,13.364328660471072,3,1.0005774613702738,0,0.0,0
43073,23.46870794104513,3,3,0.43839523929049484,2,0.6869414772707617,0,0.0,0
43074,62.16053969363508,3,1,11.207075231740758,1,0.0,0,0.0,0
43075,34.09207436500553,3,4,3.9121721645493723,3,0.45554229383654943,0,0.0,0
43076,29.08522336461698,4,1,2.7294109092532644,3,0.28223037057453115,0,0.0,0
43077,39.32911168517666,5,5,15.796944760874528,4,0.9999459596374993,0,0.0,0
43078,47.892929931852734,5,1,14.35252276853544,4,0.09792618737965586,0,0.0,0
43079,53.30966804720574,3,1,6.329396556890563,7,0.5742871863945407,0,0.0,0
43080,58.15930955705651,3,6,7.6176484740987975,7,0.9993005830933589,0,0.0,0
43081,26.84672777752521,3,2,11.264973354873367,7,0.3755157538794884,0,0.0,0
43082,42.91458057314166,5,2,13.03636878318482,1,0.9999117922399183,0,0.0,0
43083,37.431111306695854,2,7,9.223754858997847,7,0.999750202499736,0,0.0,0
43084,55.40004103955694,1,6,9.25497087920341,2,0.7020366386996973,0,0.0,0
43085,61.58588605661096,3,2,8.078582529968727,7,0.47136208186257805,0,0.0,0
43086,44.34939713835582,3,3,4.7985767016710374,4,0.9999767872087634,0,0.0,0
43087,34.327480529281154,4,6,6.251916150389361,7,0.6792639176194306,0,0.0,0
43088,36.897909328706135,3,2,0.0,1,0.0,0,0.0,0
43089,85.42031818750698,3,1,20.000586496407088,7,0.2207920332077289,0,0.0,0
43090,43.26788282808608,4,5,14.689652566321817,2,1.0007543924906859,0,0.0,0
43091,26.739044269771743,3,7,10.035131998449451,5,0.772840840443604,0,0.0,0
43092,47.288330836814886,3,5,10.221070208414512,7,0.4733591673484973,0,0.0,0
43093,62.903136227821264,3,2,1.0540360142255363,1,0.5284201147558782,0,0.0,0
43094,23.34305920031512,1,6,17.970198782318125,6,0.6496415361260939,0,0.0,0
43095,42.12677347017701,2,3,11.939646962174596,5,0.1498866614349228,0,0.0,0
43096,39.32128073867037,4,6,15.355468081759117,2,0.9996969378721301,0,0.0,0
43097,52.892233944475784,3,3,13.70492469924107,7,1.000510457436877,0,0.0,0
43098,23.247798793037518,4,6,9.014105979350484,3,0.4029538367353715,0,0.0,0
43099,66.12041089907402,5,5,6.45213344730167,1,0.6120242467425246,0,0.0,0
43100,52.51453869794298,3,6,10.975338431459104,6,0.999950194851676,0,0.0,0
43101,28.69582226105955,5,3,6.484669588749292,1,0.14172904414884602,0,0.0,0
43102,28.443787456273366,1,2,3.0588211803711474,4,0.20056784994309573,1,9314.149098082069,1
43103,41.43142781119568,2,6,22.349038864279578,7,0.4411724388579257,0,0.0,0
43104,24.54843044998039,4,7,10.469052172670887,2,0.9065666774775359,0,0.0,0
43105,52.94806397348319,0,5,14.113349085067524,1,0.5267713822860627,0,0.0,0
43106,51.150276302754705,1,1,12.642224708113554,3,0.502374827600163,0,0.0,0
43107,42.715898337086955,1,3,11.100711738236505,2,1.0006541594349196,0,0.0,0
43108,43.67427014884247,4,2,10.545528560720314,2,0.46938416997378896,0,0.0,0
43109,45.04345411893621,4,1,9.913099924721415,7,1.0000382531975684,0,0.0,0
43110,54.909994379005234,3,4,14.525689349608921,7,0.36761829080844544,0,0.0,0
43111,49.73955004074479,2,6,13.85201925184769,1,0.686140926917576,0,0.0,0
43112,44.45570841715665,3,6,14.559736584839687,0,0.5361441091892851,0,0.0,0
43113,53.919079798891545,2,4,20.006258160696888,1,0.22081695973556614,0,0.0,0
43114,44.92935927611969,3,2,11.559246918525199,7,1.000249926437891,0,0.0,0
43115,39.124169202768456,7,1,7.659041406483931,7,0.9999242545464777,0,0.0,0
43116,29.38711480725958,3,6,13.742991386595577,6,0.4732787784888126,0,0.0,0
43117,57.424567078851396,3,4,20.004327244674037,4,1.0004731413632575,0,0.0,0
43118,46.660965124487525,0,1,11.655495001492893,7,0.9996482828275667,0,0.0,0
43119,31.56820749750157,5,5,3.435670385076582,7,0.9514199978364548,0,0.0,0
43120,50.12964214023512,2,1,1.9202083971884978,3,0.0,0,0.0,0
43121,64.74729802506592,3,6,16.505201543834072,4,0.6540228001873445,0,0.0,0
43122,44.27630662131183,2,1,7.71243068406095,7,0.27009614875796495,0,0.0,0
43123,43.05244578259615,4,3,9.147720516739133,6,0.21147878969504968,0,0.0,0
43124,57.3577399962505,3,1,13.821748015164925,7,0.9997218990620065,0,0.0,0
43125,60.43452089387878,5,6,14.376046446937623,3,0.2373602737329774,0,0.0,0
43126,11.390770237438993,1,5,2.1972547459441127,6,0.20025010340654126,0,0.0,0
43127,49.575098555964935,5,4,3.573062575137282,3,0.5006819344122703,0,0.0,0
43128,33.60514917550476,2,2,13.240200236157245,7,1.0002099979245678,0,0.0,0
43129,45.05608773437959,6,4,20.717418997593576,7,0.44979664895129,0,0.0,0
43130,77.90881883152394,2,3,19.994739816859344,1,0.5592940651494007,0,0.0,0
43131,34.43871765546568,3,2,11.568993001559106,1,0.9997273511406346,0,0.0,0
43132,53.7434807079468,4,4,1.6570544694121896,7,1.0849386005858008,0,0.0,0
43133,51.90882936893112,3,6,10.744821982335687,7,0.9998953184637283,0,0.0,0
43134,20.433986441478492,4,2,3.625175915370031,1,0.794185531748113,0,0.0,0
43135,43.588502911660946,1,3,18.48178716276948,4,1.0000228666751958,0,0.0,0
43136,48.02758332541936,4,6,11.576350762719462,1,1.0421980450209463,0,0.0,0
43137,22.30504454466627,1,3,9.377172655546206,1,0.0,0,0.0,0
43138,34.87858991066935,2,3,13.147785679973655,4,0.697792054010856,0,0.0,0
43139,39.434614440797816,0,3,13.237707737889037,4,0.49647130212117574,0,0.0,0
43140,37.70865036192992,3,6,12.283940012236851,7,0.39910993871907174,0,0.0,0
43141,25.45612787281218,3,3,12.060152086736881,3,0.24300593738376042,0,0.0,0
43142,50.272623239348604,3,4,19.996199328442408,1,1.0004387422048173,0,0.0,0
43143,41.92248309445225,7,3,0.5238746870309114,7,0.4904670626407719,0,0.0,0
43144,33.673052497686925,2,6,23.16008128345149,2,0.9993241942986798,0,0.0,0
43145,49.14330766065599,3,6,13.746825777941933,3,0.9994167471252297,0,0.0,0
43146,62.789482212480365,3,6,14.245510203396133,2,1.0000449799802649,0,0.0,0
43147,37.48259106407355,5,3,5.874043363421349,7,0.7197903279383027,0,0.0,0
43148,39.827873726051905,4,5,23.25704456921013,7,1.0003680967420174,0,0.0,0
43149,24.68582977998261,3,2,3.3217861819641428,3,0.4026730380671381,0,0.0,0
43150,34.119897844817764,1,3,4.810498594112706,6,0.7446294508243596,0,0.0,0
43151,32.46894645146306,3,3,15.642998343493128,4,0.6072456887199037,0,0.0,0
43152,41.7878716378749,3,3,16.450094915773512,7,1.0003509791398912,0,0.0,0
43153,32.07644569850644,4,3,9.96676374334882,2,0.5763626885303539,0,0.0,0
43154,54.66077070814443,3,1,1.814694843926322,7,1.0000332022385463,0,0.0,0
43155,54.14589160672836,4,3,19.997844891300602,1,0.5498193958223947,0,0.0,0
43156,27.869545419973683,4,6,2.5508294546461485,2,0.5701924580301619,0,0.0,0
43157,47.982921491261806,3,3,3.808246288102409,7,0.9998622971593977,0,0.0,0
43158,41.328477998714305,3,3,3.5650524416103293,7,1.0002827301800803,0,0.0,0
43159,50.17038768341077,1,3,4.4912452398565375,2,0.9998615807093135,0,0.0,0
43160,43.3298427348448,1,3,7.103678458125355,6,0.8475212620599648,0,0.0,0
43161,39.65206192975016,4,3,7.230550223570851,1,1.0001571379784826,0,0.0,0
43162,58.03509130903977,2,3,17.970644311922072,7,0.9997419935213696,0,0.0,0
43163,24.70382166821107,5,6,14.254028752701243,1,0.4614843924637018,0,0.0,0
43164,55.16658856461854,3,3,11.894713105632754,4,0.47438221172850614,0,0.0,0
43165,28.568768755367174,5,2,5.0714646624002455,1,0.7416918682349157,0,0.0,0
43166,44.20695146893552,4,3,15.462434653514599,4,0.9995581219481816,0,0.0,0
43167,41.83692247010181,4,3,12.70942829339571,5,0.653056415917611,0,0.0,0
43168,39.869881996247166,3,1,12.351463378133761,7,1.0001701356676063,0,0.0,0
43169,47.59554711404531,0,3,8.178323401303981,3,0.502019496599559,0,0.0,0
43170,38.99349416330371,2,2,0.0,6,1.000250099545168,0,0.0,0
43171,41.82701949329763,7,2,20.028755764100396,1,0.6757471797598805,0,0.0,0
43172,13.77543237975689,5,1,17.437150340098125,5,0.1415418051829619,0,0.0,0
43173,53.6004238224119,1,5,11.344926544336545,4,0.41468627016536186,0,0.0,0
43174,45.482169354965194,4,4,7.99244292079834,1,0.9813547450734545,0,0.0,0
43175,27.951821100372854,3,3,10.944168556025605,2,0.18018536772615756,0,0.0,0
43176,54.74831510350781,4,2,14.64965297085616,1,0.404256605620774,0,0.0,0
43177,40.794812985541974,1,3,11.342466107271648,3,1.000037447794926,0,0.0,0
43178,43.39354932964879,4,2,12.42988521567072,7,0.9999597662035241,0,0.0,0
43179,52.9045707614152,3,6,7.382266129832153,7,0.9994248694992656,0,0.0,0
43180,43.18527023003656,1,5,12.696135154264535,8,0.4494153666764557,0,0.0,0
43181,30.805092611188993,2,3,2.4969072960540935,3,0.3607932953480653,0,0.0,0
43182,55.83769020211987,3,6,0.0,7,0.9998528861585837,0,0.0,0
43183,46.781639737953576,2,3,19.998645293047964,7,0.957330503340432,0,0.0,0
43184,46.869007210256115,4,1,19.99679788549992,2,0.5614141983211877,0,0.0,0
43185,38.201012951356084,1,1,15.814242144002312,4,0.33035841580169856,0,0.0,0
43186,64.72262640329176,3,4,13.69428140320241,3,0.6342688302017692,0,0.0,0
43187,47.113591553837,3,3,12.905039342445246,4,0.08302918983722074,0,0.0,0
43188,29.697641285463433,4,4,15.630692134357018,7,0.9997153488929198,0,0.0,0
43189,41.24255722749608,3,6,20.549104378303372,2,0.9993563848577349,0,0.0,0
43190,53.98720606691417,2,1,21.86504497090997,2,1.0005529643012405,0,0.0,0
43191,33.05065837397371,3,3,19.993516752692102,7,0.3364129644998396,0,0.0,0
43192,54.129500268981396,3,6,15.125743851200983,4,0.6157786990957185,0,0.0,0
43193,47.441138750281816,2,3,16.64314725099657,1,0.8987522433613903,0,0.0,0
43194,42.507358854418385,2,4,19.996645895325052,1,0.0,0,0.0,0
43195,59.38688780930033,3,2,13.247193957011632,7,0.5814447159417788,0,0.0,0
43196,28.761910079333532,2,4,19.999691296367374,7,0.952222280382913,0,0.0,0
43197,39.52081176329488,3,1,0.0,7,1.0005807584032762,0,0.0,0
43198,41.55111892106861,2,2,3.896887987388155,6,0.3027052224064678,0,0.0,0
43199,58.379490996503556,2,6,14.908751388905412,4,0.0,0,0.0,0
43200,43.20253907745571,1,1,12.599679020439657,2,0.9995275565280759,0,0.0,0
43201,60.599150532261206,4,4,20.001913360014555,1,1.000509279656292,0,0.0,0
43202,58.597590779019896,2,4,19.986300604906383,7,0.9994360044053703,0,0.0,0
43203,44.82755984903593,3,1,14.863782542102852,6,0.9992844550316384,0,0.0,0
43204,46.24944523984072,4,3,0.0,3,0.49842829310275993,0,0.0,0
43205,26.460526735852657,3,2,15.847188033997952,1,1.00007595085471,0,0.0,0
43206,31.867165994753854,2,2,12.87421695338,7,1.0004793629166628,0,0.0,0
43207,55.384092588190946,3,3,14.664141640551865,7,0.9995795011364166,0,0.0,0
43208,52.23139731633621,4,5,19.02758086594349,7,0.9997146852398222,0,0.0,0
43209,52.32301224509539,2,3,8.588863603195232,7,1.000273752691034,0,0.0,0
43210,44.74370437469338,2,1,15.27842135703871,7,0.9999450845214501,0,0.0,0
43211,65.72750525588528,3,6,7.642337422631097,7,1.0002140203819758,0,0.0,0
43212,48.596560395280136,3,5,10.753762494851221,1,0.05421119104457406,0,0.0,0
43213,63.80896578404063,4,5,10.58294242733397,1,0.7886036291693934,0,0.0,0
43214,45.90551128972757,2,3,10.716410167867373,3,0.5029517927447261,0,0.0,0
43215,64.9157049080192,2,4,12.175934764450272,7,0.36069113526009006,0,0.0,0
43216,55.322430007095335,2,3,12.121364259453767,4,0.49959382638033456,0,0.0,0
43217,57.83754215034017,3,6,18.30084193203333,3,0.2189030135816663,0,0.0,0
43218,44.21240679348033,2,1,2.784612953992829,2,0.9993017572624958,0,0.0,0
43219,42.339565969711664,5,5,19.99622807994625,1,0.2593744194577501,0,0.0,0
43220,46.432072492244146,3,3,18.286930035821907,5,0.0,0,0.0,0
43221,41.449360802569146,2,3,14.570240143645714,1,0.9999502586404116,0,0.0,0
43222,31.023882391795304,1,1,13.251184124940456,0,0.9529017582462274,0,0.0,0
43223,57.71267880185468,2,5,4.8646470639316535,7,0.9998460800502242,0,0.0,0
43224,55.74303536368457,3,1,14.932834978749527,7,1.000908405278393,0,0.0,0
43225,44.83431728955648,3,1,21.918031513357718,7,0.9997665650912797,0,0.0,0
43226,49.10867286974723,3,6,14.22800646783883,7,0.9998176600297904,0,0.0,0
43227,43.14774901466558,3,2,16.072954806085512,7,0.9702102771493946,0,0.0,0
43228,64.83425101639659,3,4,7.6724797672309215,1,0.6930903702766052,0,0.0,0
43229,27.275158526554392,4,6,10.710901117450245,3,0.4743623768669139,0,0.0,0
43230,50.13564816480907,4,1,8.888567491348574,1,0.45008063931139963,0,0.0,0
43231,54.65505991255087,3,1,2.9595877560246535,4,0.9997925332517168,0,0.0,0
43232,56.26361953126714,4,5,8.69356565987566,1,0.7911399836377971,0,0.0,0
43233,20.124967205847668,2,5,4.066324629127072,4,0.9720945284614468,0,0.0,0
43234,40.904551445000486,2,4,21.46715951195666,2,0.038218115522023366,0,0.0,0
43235,21.6818774316821,2,5,8.221768422117682,3,0.09170631982054789,0,0.0,0
43236,65.77106027659687,4,4,16.261293491474643,5,0.7107553610128674,0,0.0,0
43237,54.086849499820545,4,3,18.100717230421395,1,0.33390824555316395,0,0.0,0
43238,37.73114453285606,2,3,15.018237118317991,4,1.0003584167779094,0,0.0,0
43239,63.95895946319611,3,4,7.712246228722483,2,0.5082453556561493,0,0.0,0
43240,44.35073336959346,2,1,16.181657150613702,5,0.9996330823876294,0,0.0,0
43241,47.62797130374036,3,3,20.263943663053386,3,1.000267537990676,0,0.0,0
43242,65.29652964158618,5,3,19.605199359288253,3,0.4921867888731441,0,0.0,0
43243,52.20844892638253,4,5,8.725020746897444,7,1.0003804693545764,0,0.0,0
43244,35.44343312886158,5,6,12.623191537825564,3,0.7947587543739326,0,0.0,0
43245,45.41737617962898,3,4,20.005398133330697,7,0.3685975258139642,0,0.0,0
43246,32.83627189087795,3,4,10.253204377752322,1,1.0008108837142844,0,0.0,0
43247,41.67852837732319,4,2,4.387584169115759,1,0.31024702829257444,0,0.0,0
43248,23.18930221667084,1,2,10.700744050478372,1,1.000444337604432,0,0.0,0
43249,28.452135009990336,4,1,7.111356216747548,3,0.9999471348622506,0,0.0,0
43250,39.96525497919684,3,6,11.070533345666194,4,0.999792441098441,0,0.0,0
43251,68.82610484661944,4,3,8.02667743650197,2,1.0001793301594202,0,0.0,0
43252,45.33429982309716,2,3,0.0,4,0.4888941250814438,0,0.0,0
43253,34.651403331114004,2,3,14.218365619692856,2,0.5042826074118065,0,0.0,0
43254,44.151360127774765,4,6,12.785979624458726,3,1.0000503395550686,0,0.0,0
43255,48.74836107104976,3,2,14.119665372643183,5,0.9999713765268889,0,0.0,0
43256,26.79234592363008,3,5,6.593839109941417,5,0.8921012833996694,0,0.0,0
43257,48.35641157557389,2,2,13.658030603389465,6,0.6623025873579677,1,18652.58364822674,1
43258,20.942106314018112,3,1,17.500526630545103,0,0.39592470986587136,0,0.0,0
43259,40.883661508761236,3,1,16.238554297493984,7,0.5424808911250586,0,0.0,0
43260,53.75627662643424,3,5,18.350827656208015,6,0.5008400930384374,0,0.0,0
43261,64.71175021362149,3,3,0.0,7,0.9997346923256228,0,0.0,0
43262,54.46331628787729,2,5,14.486471180267564,7,1.0000388066950832,0,0.0,0
43263,17.618890233901954,2,4,9.45957366725163,1,1.0005431793834862,0,0.0,0
43264,54.074363342151685,1,4,15.73265513824359,7,0.9996511711792515,0,0.0,0
43265,27.84731505852659,1,2,8.522555595479162,7,0.0,0,0.0,0
43266,27.774939774309278,2,5,19.9971395849342,1,0.14898457244392715,0,0.0,0
43267,40.61163721786686,3,4,19.073854986985353,7,0.21232240412990872,0,0.0,0
43268,30.526920772120533,5,4,20.00603741903751,7,0.18195803161929347,0,0.0,0
43269,64.83403897469229,2,3,16.790953112539604,3,0.49965176308124865,0,0.0,0
43270,50.279193524162174,3,4,19.99567579765287,1,1.000122253306835,0,0.0,0
43271,61.31261032733117,4,4,7.745340819450792,1,0.08052338901443634,0,0.0,0
43272,25.441963565602087,4,2,11.742161720466441,5,0.9715332724840122,0,0.0,0
43273,52.04050827717889,2,3,6.972598038698618,3,1.000121308037257,0,0.0,0
43274,25.03259982394998,3,3,19.992897287044,3,0.8376529641204562,0,0.0,0
43275,61.95130747933102,3,1,0.0,3,0.0,0,0.0,0
43276,32.07690947868188,2,3,14.224335950049074,0,0.9765397378128383,0,0.0,0
43277,38.534159028631386,3,2,10.111022609717423,7,0.9994253910286757,0,0.0,0
43278,44.34179647545044,2,6,15.48374164126898,2,0.3487496996871983,0,0.0,0
43279,42.35684451326833,2,1,8.409237655041979,4,1.0003705018057636,0,0.0,0
43280,38.396170920674045,2,5,13.082478280308656,0,1.0082865255229787,0,0.0,0
43281,11.842317328600643,5,2,12.101440136708947,7,0.4757994969893107,0,0.0,0
43282,42.56104599696976,5,2,19.991106022111325,1,1.0000168149608655,0,0.0,0
43283,30.76849890689681,3,3,15.321488182176434,3,1.000391959845098,0,0.0,0
43284,34.00778077937648,4,4,4.2542502817406795,1,0.9767744695711411,0,0.0,0
43285,69.12948942652474,2,1,0.6603708093003196,1,1.0003907040026327,0,0.0,0
43286,46.816834266179896,3,3,20.009722981574694,5,0.49544260094304815,0,0.0,0
43287,44.417866426591004,3,3,14.573088153735403,5,0.0,0,0.0,0
43288,20.655174676249636,2,7,6.725749064104245,2,0.0,0,0.0,0
43289,26.158332019222794,4,4,19.996449112759667,1,0.12922874661454642,0,0.0,0
43290,37.910535263645045,3,5,5.279726443798368,2,1.0005801235422556,0,0.0,0
43291,57.57916418037804,5,1,16.96525217006299,7,0.999690669702366,0,0.0,0
43292,38.40644762899203,3,3,19.998530061125066,1,0.8046619689912273,0,0.0,0
43293,53.66317662614876,3,1,8.000642122249783,1,1.0000600581798045,0,0.0,0
43294,52.75626316331419,6,2,4.126474891648758,7,0.6300172326841311,0,0.0,0
43295,65.98217262308927,3,6,15.966264986728302,3,0.48548464632025673,0,0.0,0
43296,49.57323876894654,3,4,13.609740117730109,4,0.42743981938181513,0,0.0,0
43297,32.90214083605281,4,4,19.99908686243626,2,0.9999729332639438,0,0.0,0
43298,46.82985579479276,3,1,15.85186126077576,7,1.0005974465552634,0,0.0,0
43299,61.85642159934214,4,3,10.039531355779529,1,0.9996704572081075,0,0.0,0
43300,54.34641444683564,2,3,8.551352336442125,3,0.5008029041297712,0,0.0,0
43301,59.05578083005447,4,6,9.49625699066832,7,0.7883486837086389,0,0.0,0
43302,56.102724132797064,2,3,15.15435625207126,7,1.0003904990358008,0,0.0,0
43303,54.15565236067376,6,5,11.457496016498578,1,0.7622619703480531,0,0.0,0
43304,41.03100957925852,6,2,12.494068918391358,7,0.374217357694832,0,0.0,0
43305,34.54368368570011,3,7,1.918659746052672,4,0.34166814744601687,0,0.0,0
43306,45.75313002214454,4,4,15.770683182121765,4,0.3663150041568842,0,0.0,0
43307,47.54483080753711,8,4,3.271985554153999,6,0.5378100315270246,0,0.0,0
43308,56.11147416930227,0,3,9.63425326682524,1,0.2554809319670807,0,0.0,0
43309,25.36307063816211,4,1,1.2965442436318924,5,0.24012718291208862,0,0.0,0
43310,44.543007917311506,3,1,0.29092894511289025,5,0.9501572621106318,0,0.0,0
43311,43.038010780502425,1,1,16.662409127075925,2,0.49802934753174566,0,0.0,0
43312,41.086704807850495,0,1,13.597210718927512,5,0.24207690573042623,0,0.0,0
43313,32.77403981027484,3,2,14.508561541609588,2,1.000396172849562,0,0.0,0
43314,45.9097476306131,2,4,19.823683303825845,1,1.0091477735991092,0,0.0,0
43315,38.41377101527345,2,2,6.801915673374266,7,0.9999211251107158,0,0.0,0
43316,34.060738723801876,3,1,1.4764341871630347,7,1.0003990373449052,0,0.0,0
43317,50.20413809209069,4,1,20.00507518665943,2,0.10774035999407006,0,0.0,0
43318,32.37069969729268,2,3,6.777586666542286,4,0.346483442776666,0,0.0,0
43319,42.09743382843169,5,5,19.997592282192507,1,0.2925012379816963,0,0.0,0
43320,38.32543332521648,3,3,13.156236712317813,3,0.9276192661504514,0,0.0,0
43321,61.85276344021761,3,2,14.225208051318868,1,0.9391765748259882,0,0.0,0
43322,30.016379877533186,2,6,6.50677267942679,5,0.5993477667394481,0,0.0,0
43323,44.83711304498865,1,1,14.902647490598934,2,0.09679404123057112,0,0.0,0
43324,43.302364008399294,0,3,13.587170684461409,2,0.49851187094479443,0,0.0,0
43325,59.419174948745045,3,2,4.092769494767189,7,0.5307179370847488,0,0.0,0
43326,39.38639926249875,5,6,1.752508177592592,7,0.5412741040724209,0,0.0,0
43327,56.49378183322045,1,6,15.966453833371448,7,0.9995587557735428,0,0.0,0
43328,35.395336266395766,2,1,15.571083134548712,3,0.5031705436978607,0,0.0,0
43329,45.57999513779482,2,2,9.568848791990662,7,0.9998312738817876,0,0.0,0
43330,37.88424346492004,2,3,22.939464340998285,7,1.000248347065553,0,0.0,0
43331,49.58945758961052,2,3,11.897324795659577,7,1.0002442293691765,0,0.0,0
43332,34.20801890463744,2,6,5.478932682355613,7,1.0000644343146305,0,0.0,0
43333,39.810765344996426,4,3,14.798052662273683,1,0.91160035751163,0,0.0,0
43334,56.792744570490015,2,6,19.85590447277462,0,0.7796392061576252,0,0.0,0
43335,44.815789226560966,2,6,7.426495978126624,2,0.19891454698647082,0,0.0,0
43336,35.29450808032863,5,3,20.00102637063612,1,0.25707136308399997,0,0.0,0
43337,70.18308899185385,4,1,0.9079093862060557,3,1.000128221419718,0,0.0,0
43338,59.58595329274546,4,1,4.049159312265537,4,0.1472649597941661,0,0.0,0
43339,36.02553135128712,5,3,13.893503996013953,7,0.2023156383176501,0,0.0,0
43340,57.58110582838509,1,6,19.41724864857634,1,1.023612053107613,0,0.0,0
43341,58.93124387474991,1,4,3.6262516167786343,7,1.0918702115733296,0,0.0,0
43342,34.7583471857178,3,6,2.312979175539615,7,0.9993099304203971,0,0.0,0
43343,50.084231535976954,2,1,11.53031164793388,2,0.0006852681176481301,0,0.0,0
43344,17.41064772185505,4,3,8.102660186265165,2,0.999791642608765,0,0.0,0
43345,44.31258990965059,2,5,11.056727553715916,7,0.908024120224669,0,0.0,0
43346,28.964227546193143,3,6,13.171035192660987,4,0.9996133564664438,0,0.0,0
43347,48.09137788507831,2,6,15.229419162798141,7,1.0003128839059943,0,0.0,0
43348,55.767386878162604,3,1,10.363909049039716,3,0.2173520688625014,0,0.0,0
43349,28.60530364207448,3,3,14.096408909012581,2,0.11929094989367506,0,0.0,0
43350,36.38314217457888,3,3,4.605547106769168,7,0.9999147065280296,0,0.0,0
43351,51.450191821964076,3,4,18.98499165366346,3,0.9999236432136094,0,0.0,0
43352,16.43905103427062,3,3,10.780234408102386,3,0.49815633646310276,0,0.0,0
43353,22.028084782477272,3,3,8.577004828115435,2,0.20371989311978522,0,0.0,0
43354,6.808464495573432,1,3,10.046872772984324,3,0.49629616364810525,0,0.0,0
43355,36.48202380438243,3,1,4.137922895705274,7,0.9999377851140395,0,0.0,0
43356,20.64186055375711,2,1,4.3608023208832565,3,0.16126195841456692,0,0.0,0
43357,60.92388148639772,5,3,16.481186644175242,4,0.49606842122851635,0,0.0,0
43358,18.865179643961483,1,1,16.7589341883254,3,0.8873916508649193,0,0.0,0
43359,47.502527221071645,3,3,17.37151057120479,5,1.0002025056555082,0,0.0,0
43360,42.06317197536475,3,6,10.945484674004371,7,0.9996119313765959,0,0.0,0
43361,49.470443907176474,3,5,11.084566929080415,3,0.5022720261793725,0,0.0,0
43362,43.83758113068896,3,3,12.890355289079178,3,0.15553046376139923,0,0.0,0
43363,42.770446997709016,2,5,16.08634597192255,1,1.057072627600425,0,0.0,0
43364,36.65113273328493,4,2,9.526913739275754,1,0.8688749660682107,0,0.0,0
43365,46.882510991688335,4,6,15.248028336390412,2,0.4458739666213109,0,0.0,0
43366,35.62901203549439,3,3,17.260723594812887,2,1.0002507494965565,0,0.0,0
43367,41.36056036350781,0,1,15.298382401915278,3,0.11233304036819103,0,0.0,0
43368,11.678371745254449,2,1,13.554727226492819,2,0.49444438444633465,0,0.0,0
43369,39.23258193876701,3,3,5.803944525041147,2,0.9998955926619613,0,0.0,0
43370,33.09877537267889,1,5,19.998747186577532,1,0.2649475592239922,0,0.0,0
43371,27.09358952936306,2,3,6.55616660030554,5,0.49947922080001245,0,0.0,0
43372,35.7560822299632,3,3,7.592848059959913,3,0.9486884119471057,0,0.0,0
43373,24.623951214866292,1,6,1.225290920051064,3,0.10645181349125821,0,0.0,0
43374,15.784518013786318,3,4,17.581677137517463,0,0.6547603144333657,0,0.0,0
43375,56.77992501334007,2,6,14.634586211041276,1,0.46240436657566725,0,0.0,0
43376,46.70114864718363,4,1,1.6961573447574807,6,0.5763737505412475,1,12628.862661361909,1
43377,51.140798827322506,3,3,10.896580522086897,2,1.0004301851877866,0,0.0,0
43378,30.126770514246893,2,3,13.126023950850366,5,0.40092494576902205,0,0.0,0
43379,41.482077903580524,3,4,17.523179373448333,7,0.3765628628248922,0,0.0,0
43380,32.40272598968169,4,1,10.483960295766016,7,0.9695416850639826,0,0.0,0
43381,24.254677733633486,2,3,10.756798318491885,5,0.4828461457648804,0,0.0,0
43382,46.25088699384489,0,6,7.210443905063023,7,1.0004960447818645,0,0.0,0
43383,37.80276258351033,2,3,9.48192949365161,5,0.023580951228538094,0,0.0,0
43384,47.069355334659036,4,1,3.7957627501606854,1,0.5040380249998128,0,0.0,0
43385,20.94046691596506,1,5,9.513069324779394,2,0.5966987126793395,0,0.0,0
43386,36.14067722786781,3,1,19.99455047895926,2,0.7992189776616674,0,0.0,0
43387,47.29131153604605,3,3,15.296659017011294,2,1.0000464944072776,0,0.0,0
43388,35.29397269754158,2,3,13.204715013000438,7,0.6751055071091342,0,0.0,0
43389,51.30963188980297,2,6,17.280829848700424,6,0.14333428459273545,0,0.0,0
43390,50.19648770543394,2,3,13.482732437966007,1,0.3338949457460902,0,0.0,0
43391,53.475595287739004,4,4,4.77080653528109,7,1.0002019415950631,0,0.0,0
43392,54.2281172086263,3,1,8.956844832962876,7,1.0002240591440632,0,0.0,0
43393,37.87360145445465,3,2,7.308674610084666,7,0.30974949755115827,0,0.0,0
43394,28.613969747020214,6,6,7.167725948901767,1,0.21348062545739233,0,0.0,0
43395,57.836315133208494,4,3,8.016840817932989,3,1.0002273018614507,0,0.0,0
43396,44.9088443519465,2,1,6.122141625969195,4,0.9495728841924058,0,0.0,0
43397,61.51659895353872,4,6,16.685561627203263,2,0.8836097179883855,0,0.0,0
43398,62.552231748082136,1,3,0.889962647041326,7,0.7164872394330731,0,0.0,0
43399,53.98707339172695,1,3,8.915657167481335,7,0.4688142403004796,0,0.0,0
43400,34.72619215056992,4,3,0.0,8,0.5372195825224264,0,0.0,0
43401,41.86925114818641,3,3,15.711092875406495,2,0.49354060421122414,0,0.0,0
43402,27.631670537550125,1,6,10.704384881859227,5,0.0,0,0.0,0
43403,43.339093206407426,2,6,0.0,7,0.08797295620292767,0,0.0,0
43404,76.98308367546856,3,2,0.2634235094530428,1,0.3807889215709769,0,0.0,0
43405,64.74425608009606,1,3,10.68346585505158,6,1.000074899786572,0,0.0,0
43406,53.60413904117487,5,3,5.8359363770307295,7,1.0000025851578425,0,0.0,0
43407,44.61652215754266,3,3,2.663433698968783,3,0.9307451719162223,0,0.0,0
43408,30.52897970623323,5,2,15.458264206003157,4,0.17848327896252836,0,0.0,0
43409,26.5753057416823,4,2,11.038600318702795,1,0.5717017652434606,0,0.0,0
43410,60.085170023765606,3,4,19.997578824863993,1,0.8637570469014334,0,0.0,0
43411,52.58620923978226,3,6,9.90373437177634,6,0.7725994815529273,0,0.0,0
43412,44.28510653682885,2,6,9.219970048498311,3,0.9998835029259385,0,0.0,0
43413,30.62438548243024,3,2,11.30963168870702,7,0.9996862494610338,0,0.0,0
43414,58.45279424583255,3,1,10.94433599014196,7,1.0003710963321601,0,0.0,0
43415,47.13596139415143,3,3,7.0625112383731,2,0.6210171528878542,0,0.0,0
43416,47.62921854374386,3,5,0.0,7,0.5002045499019042,0,0.0,0
43417,40.60881224012287,2,3,14.170593946384082,0,0.2418717925995647,0,0.0,0
43418,43.35006153897926,4,3,4.764827384415063,1,0.9995719085031259,0,0.0,0
43419,56.80645313895916,3,5,13.549489822185496,1,1.00007967442312,0,0.0,0
43420,37.579890852497044,4,6,14.91433684437989,4,0.9996386302720857,0,0.0,0
43421,19.559527326388313,4,2,17.779349006053394,7,0.7926749921870528,0,0.0,0
43422,36.48892316341188,3,1,8.588863134617103,3,0.4995545432823631,0,0.0,0
43423,48.41270130024096,4,3,10.589281092774057,6,1.0000923747525714,0,0.0,0
43424,49.99157433966417,3,3,12.652947286272699,3,0.5011133446447174,0,0.0,0
43425,62.73709010136876,2,3,14.732781632756389,2,0.49767679934873443,0,0.0,0
43426,41.1044792624097,5,3,13.428926745693255,4,1.000009439351705,0,0.0,0
43427,39.638355739142426,2,3,0.0,7,0.6186283474175935,0,0.0,0
43428,37.83804702028088,4,4,20.00045086572831,3,0.516152854785499,0,0.0,0
43429,66.73699556665596,2,5,1.2658424497600116,7,0.9500931883738447,0,0.0,0
43430,58.164974850456304,2,2,19.999665629182406,3,0.4755080363406456,0,0.0,0
43431,43.25439614968107,2,4,12.13318473917386,3,1.2936523634527144,0,0.0,0
43432,40.364027142343865,3,6,12.247584361451368,1,0.8905288680289594,0,0.0,0
43433,61.837491747661545,4,3,16.784729731988143,7,0.36733171315412255,0,0.0,0
43434,35.433526202116866,3,2,18.33617368673165,2,1.0000326025346822,0,0.0,0
43435,32.133938127372204,3,3,13.507366592052371,1,0.9994332561116002,0,0.0,0
43436,31.750283991065395,6,3,23.4318520973471,1,0.9994867184655709,0,0.0,0
43437,25.425015075368684,1,6,4.534316907278378,3,0.6489242209401251,0,0.0,0
43438,38.636138315186805,3,1,16.557803866607436,1,0.9704734995004868,0,0.0,0
43439,39.515929459061944,3,2,7.992280796001029,7,0.536726070044994,0,0.0,0
43440,32.09120210344689,5,1,6.26761845673081,4,0.4977181563526394,0,0.0,0
43441,40.225924489329884,3,6,11.813900742389293,7,0.9995918537109872,0,0.0,0
43442,48.5565298363541,3,1,9.7644950316722,3,0.9994303177021193,0,0.0,0
43443,44.044640225312165,2,3,2.3707662229489497,4,0.7386556683110702,0,0.0,0
43444,37.81069025429694,3,6,18.767074448196396,3,0.39153373808700076,0,0.0,0
43445,68.02389871953699,5,6,17.301286202187665,7,0.8393220315042342,0,0.0,0
43446,65.0787614594664,3,1,14.666738483380817,2,1.0000935127132968,0,0.0,0
43447,41.29181451005262,2,3,12.60288856032507,3,0.2162983443033728,0,0.0,0
43448,41.65431247433691,3,6,2.1684421904239137,1,0.5538912361389781,0,0.0,0
43449,31.772939441250074,0,1,12.38424784110652,7,0.9734862804097275,0,0.0,0
43450,45.52478890418105,0,6,10.765708118151458,7,0.07976163129649638,0,0.0,0
43451,40.78168359871898,3,6,14.954041809550683,7,0.9996843479723494,0,0.0,0
43452,53.34063816042204,3,7,20.00546896073439,1,0.04571056299090426,0,0.0,0
43453,64.50067397621135,1,3,8.283257219331102,5,0.39583977282388105,0,0.0,0
43454,53.64175165606278,2,3,1.5659124011479122,7,0.5197455725957456,0,0.0,0
43455,52.17252822031003,2,5,6.356499362021539,1,1.0525807285111193,0,0.0,0
43456,44.61860656783877,5,1,13.865711743320109,2,0.5460122175077627,0,0.0,0
43457,70.09732528803988,2,4,19.993373713492197,7,0.7000448382594898,0,0.0,0
43458,38.905976546127484,3,6,9.767045249163406,4,0.26050232916192034,0,0.0,0
43459,23.029160038637723,3,6,9.038012649562585,2,0.6832547332172634,0,0.0,0
43460,34.32373198742051,3,7,18.696899955153864,3,0.9771167854190741,0,0.0,0
43461,47.832947059508584,4,1,8.794833636338634,7,0.9482679522682624,0,0.0,0
43462,40.59322168757405,1,3,0.0,6,0.6228331821494048,0,0.0,0
43463,47.08247115827783,3,3,12.753275763589823,4,0.9995578729263606,0,0.0,0
43464,49.21709466466879,2,1,15.701287178880365,1,0.49497343618876277,0,0.0,0
43465,49.94812952278554,3,6,11.422768351089521,4,0.5403705819021599,0,0.0,0
43466,19.372558549160207,3,4,18.510763441407352,2,0.9999729148249039,0,0.0,0
43467,24.737301161008947,1,6,7.9845097379828935,0,0.28700244287698873,0,0.0,0
43468,14.556219344896807,6,3,0.0,1,0.0,0,0.0,0
43469,63.32213218607694,7,2,0.8033643038951652,7,0.7312613611299513,0,0.0,0
43470,18.71888080035145,3,6,18.30063618783662,6,0.652441646749107,0,0.0,0
43471,47.589497422830576,4,3,17.295640862744413,3,1.0000342259021797,0,0.0,0
43472,58.44064257180803,4,4,2.8868253699640114,5,0.7211907778948917,0,0.0,0
43473,37.81038070842959,4,6,18.169384166111048,7,0.6193315596064756,0,0.0,0
43474,40.841268604938314,3,1,9.396460734325235,3,0.4383705519573746,0,0.0,0
43475,22.799689826593706,3,2,13.221045791767168,3,0.9990774357411079,0,0.0,0
43476,43.52885383719173,1,1,2.0559250346556492,3,0.6397122301329858,0,0.0,0
43477,61.74566106276715,4,2,10.66422474780384,5,0.34362342421373937,0,0.0,0
43478,47.611546887341,3,3,14.483158119052783,7,1.0009752097484386,0,0.0,0
43479,51.115106953801046,2,1,12.16336473830529,3,0.4094726719213429,0,0.0,0
43480,53.53461458686348,3,6,19.26939832613551,7,0.9995194034408885,0,0.0,0
43481,33.9314986054667,4,2,10.967448656154806,7,0.588454630568142,0,0.0,0
43482,52.667343383513284,2,2,12.323356175712766,7,0.9996599123663745,0,0.0,0
43483,37.736273924137464,3,2,6.465543925753429,7,0.9994731210827053,0,0.0,0
43484,61.318292974627454,3,3,15.869636081435754,6,0.9997311964245268,0,0.0,0
43485,24.10851732767396,2,2,5.31075708985844,3,0.31896795322657207,0,0.0,0
43486,48.861942251223326,5,2,8.135778445332383,7,0.4280191402174408,0,0.0,0
43487,51.42442808185772,4,6,15.770713862159727,7,0.9997238676670619,0,0.0,0
43488,48.98728444328978,0,3,2.7437899852792658,2,0.49667230540832197,0,0.0,0
43489,35.2899970648634,4,1,9.198538358258899,2,0.9997972078435933,0,0.0,0
43490,54.462770380106676,5,6,10.020991708365948,2,0.35796344543971403,0,0.0,0
43491,39.804847040151266,6,5,14.050804195275699,2,0.8348002279117296,0,0.0,0
43492,40.610716616398356,3,3,17.741804900603924,7,0.9999815189112194,0,0.0,0
43493,51.32962399253423,3,3,15.945183614925291,5,0.9995710724194107,0,0.0,0
43494,35.58235667309162,1,3,14.633399078608297,3,0.4948247370816463,0,0.0,0
43495,19.93639413645456,4,2,2.056100502760426,4,0.1605314504249049,0,0.0,0
43496,16.400437872988498,2,4,14.417837132593776,1,1.0000338688064945,0,0.0,0
43497,63.176021488751175,5,3,9.260426789237254,0,0.5757022389529431,0,0.0,0
43498,47.877065247721546,3,5,4.1266008145651805,3,0.49619703438889745,0,0.0,0
43499,38.685981393583866,4,1,3.250994506346526,3,0.9871737921777796,0,0.0,0
43500,63.575673600944405,3,3,14.38785444028386,1,0.9996836796758188,0,0.0,0
43501,25.16499623973538,1,3,5.716008217744594,3,0.9459585299023464,0,0.0,0
43502,39.88499983579751,1,6,8.942846718814664,2,1.0000793245321877,0,0.0,0
43503,52.887855033091355,3,3,15.264953869623469,4,0.9998412779340282,0,0.0,0
43504,51.937153582484044,3,3,19.989945453794455,5,0.458952561099077,0,0.0,0
43505,49.134736317673,3,3,9.067684654450051,7,1.0002243790160261,0,0.0,0
43506,44.15475207109596,1,5,2.7552366496780056,5,0.40398314520352846,0,0.0,0
43507,50.068794150292284,2,6,18.42417028676238,4,0.7842157752242673,0,0.0,0
43508,29.85780360693653,2,3,4.240775548202731,1,0.5011390811898262,0,0.0,0
43509,46.45853987153992,5,1,19.995247158710967,6,0.33321872008417186,0,0.0,0
43510,35.8995592993277,3,3,8.357512767320683,2,1.00027428389002,0,0.0,0
43511,51.47528852376607,3,3,14.561562725670672,1,0.2910541382939689,0,0.0,0
43512,33.67548329087725,3,1,1.5043517214431539,4,0.1571812015091989,0,0.0,0
43513,38.93907287322921,1,1,0.0,1,0.14335149788171975,0,0.0,0
43514,51.90040990178458,5,6,7.088263560464781,1,0.0,0,0.0,0
43515,72.08188375892564,2,4,8.74860131983462,7,0.9996957953738839,0,0.0,0
43516,58.95374097349434,5,5,14.199345629892422,7,0.7551160225185047,0,0.0,0
43517,43.04250597833561,3,4,20.007872397929024,4,1.0001427446310083,0,0.0,0
43518,31.331614756405017,0,2,1.6010180213537186,7,0.5058737768276519,0,0.0,0
43519,41.59966715342771,5,1,0.0,7,0.9999674452708782,0,0.0,0
43520,28.10721723512668,2,6,9.36649665975071,4,0.4149807252732298,0,0.0,0
43521,21.629332771759028,3,6,15.020015549869502,1,0.0,0,0.0,0
43522,56.75326697641006,4,3,8.710242660763845,0,0.9997118267670216,0,0.0,0
43523,47.43541872925277,5,1,17.150221808785652,1,0.9617701746291549,0,0.0,0
43524,45.61267176001557,1,4,19.995429369209667,7,0.8789540377779659,0,0.0,0
43525,39.551881912511725,4,2,11.346860030500924,2,0.39243474532916406,0,0.0,0
43526,30.85530487598197,4,2,19.996386298864568,1,0.2555627823804345,0,0.0,0
43527,49.02000996932391,2,3,5.779152517580675,7,0.9999259696585387,0,0.0,0
43528,44.87444189586143,3,3,26.15861854525125,4,1.000080323479425,0,0.0,0
43529,29.88943945690661,6,2,12.559571095127595,6,0.4785610013307906,0,0.0,0
43530,30.514036917266584,1,3,0.0,2,0.963212623885735,0,0.0,0
43531,57.15119491864618,1,3,3.213093403543591,3,0.9734470397215312,0,0.0,0
43532,52.40745033150689,1,3,11.440365492083693,3,0.5007336157650202,0,0.0,0
43533,65.5830462787236,4,3,8.42024847944705,4,0.49770569761942807,0,0.0,0
43534,67.78771750020849,2,3,7.735931090681333,7,0.9992367550215568,0,0.0,0
43535,37.336720135809486,1,4,6.597263497011041,1,0.49249190482343375,0,0.0,0
43536,41.37511950242079,1,3,12.556030939677774,7,0.011811736721153654,0,0.0,0
43537,44.75167743189059,2,1,20.00199801883742,0,0.5174902998418727,0,0.0,0
43538,46.95175885402603,3,3,8.554963247016834,3,1.0002278870995518,0,0.0,0
43539,39.195333104878756,2,6,14.900157767169144,7,0.999782790025972,0,0.0,0
43540,52.050509353172046,4,1,8.077468718909753,7,1.0002607545836348,0,0.0,0
43541,33.42058626785138,3,2,14.30114272679644,7,0.9996035008357325,0,0.0,0
43542,43.434673508789295,3,1,12.72879857387039,4,0.49273895645151955,0,0.0,0
43543,35.66867881765564,5,5,1.629589967485403,3,0.9681499813643837,0,0.0,0
43544,20.668315198728855,2,6,22.137290394022337,7,0.6727914415142265,0,0.0,0
43545,39.718352522085745,3,3,15.15482582279887,3,0.0,0,0.0,0
43546,38.316209690311425,5,1,5.617324295189648,4,0.9999129568629246,0,0.0,0
43547,29.23495187553567,2,5,8.292565295826835,1,0.9472933247103834,0,0.0,0
43548,47.02021764529217,2,6,5.580604613594067,7,0.39264536555687735,0,0.0,0
43549,52.25592584396524,4,6,12.384473251849252,7,0.2735180857976683,0,0.0,0
43550,40.972663847712,2,3,11.887823144865116,5,0.08318329047587869,0,0.0,0
43551,26.426609990106527,4,3,0.0,6,0.14759886521919607,0,0.0,0
43552,54.4070476601394,3,4,25.475498998812885,7,1.2135152952530341,0,0.0,0
43553,22.030764439145912,4,6,10.42755941593559,5,0.49554356156621626,0,0.0,0
43554,66.2395633047391,4,2,13.540964275880967,7,1.0004709926721147,0,0.0,0
43555,30.2812253421268,1,3,20.00514674655004,1,0.7478100523542656,0,0.0,0
43556,41.550807907573876,1,4,20.001542950309283,7,0.23614115019661147,0,0.0,0
43557,46.54406976621338,5,3,15.824114272016985,7,0.21953778057626522,0,0.0,0
43558,18.1901765907164,2,3,2.1826842656047507,4,0.9997757238236079,0,0.0,0
43559,40.198367951093424,2,3,1.9264173497352797,3,0.8007676715063847,0,0.0,0
43560,41.27702365607305,2,3,5.781345691021983,3,0.999577399816068,0,0.0,0
43561,42.47566070195146,4,3,6.142661213265621,7,0.9997800277014068,0,0.0,0
43562,32.27366325975572,3,3,9.549335790129186,5,0.9997590862030103,0,0.0,0
43563,23.401461967203883,4,4,19.996083374666732,3,0.4703632770168603,0,0.0,0
43564,19.90333978574863,1,5,3.175558514537614,1,0.525493451270733,0,0.0,0
43565,38.518510127567126,0,1,15.948168141759037,7,0.9396429045416859,0,0.0,0
43566,39.53923894824433,4,6,17.68862019715676,7,0.9997571508534788,0,0.0,0
43567,35.78437655090734,4,2,12.935143810411267,1,0.329929614852055,0,0.0,0
43568,48.89301329921808,5,6,6.587945776565223,3,0.5871235577272609,0,0.0,0
43569,17.474996063695965,4,1,13.710502693866708,6,0.4945091851665532,0,0.0,0
43570,49.33904732025945,3,2,13.682901787759333,4,0.9996319446032709,0,0.0,0
43571,47.103579631459596,3,1,16.21298248644881,5,0.5035160714255745,0,0.0,0
43572,45.26317612757998,1,4,6.582210316794882,5,0.14496511231652642,0,0.0,0
43573,72.85200795141417,4,6,18.035008167270565,4,0.17627339686570254,0,0.0,0
43574,38.77178407059132,3,2,13.031973793509593,5,0.4923237376046177,0,0.0,0
43575,53.16610077791508,4,4,19.99835255256565,1,0.9994164464945705,0,0.0,0
43576,28.094920052604024,3,2,4.2575283688228795,6,0.25827453711024256,0,0.0,0
43577,65.91888960799704,4,3,4.748976546664442,7,0.9994189062175842,0,0.0,0
43578,36.87138864264642,2,2,9.223601674368057,6,0.06969442343901577,0,0.0,0
43579,39.7577364460141,4,5,8.235093600966277,7,0.5829506976593218,0,0.0,0
43580,65.61494767079824,5,6,12.072009094172797,3,1.0002766986921796,0,0.0,0
43581,59.95383490029515,2,6,12.201545759281927,7,0.999418748376014,0,0.0,0
43582,63.2447319600258,3,6,17.501970397657722,4,0.046772822432790795,0,0.0,0
43583,69.62711531236755,3,3,19.990211736519665,6,0.3626856924129792,0,0.0,0
43584,48.91746276928282,2,2,13.38711126726847,1,0.7032434758680955,0,0.0,0
43585,42.43231446794991,3,6,16.68835055438576,3,1.0666232711554438,0,0.0,0
43586,41.6596603998448,4,2,4.404003506877301,7,0.9996652379174382,0,0.0,0
43587,44.45546551040622,3,1,28.984310268490795,7,1.0002557880705063,0,0.0,0
43588,27.056175126818445,2,2,10.652707491712377,4,0.9673139412885599,0,0.0,0
43589,47.60703459522901,3,1,0.9755688974029564,3,0.9991970472048359,0,0.0,0
43590,51.21849169133162,2,3,10.250848813281873,7,0.9950031586328714,0,0.0,0
43591,40.736052699208294,3,5,20.012040619462418,1,0.9999055220423414,0,0.0,0
43592,25.162213986437667,4,4,6.011828421274391,1,0.40768232717395286,0,0.0,0
43593,43.45964682659696,3,6,19.99828574556113,1,0.9995844860351788,0,0.0,0
43594,41.74263305185939,2,4,19.998007867429852,2,0.9998405716388723,0,0.0,0
43595,51.2238501527191,4,1,17.074151337701412,2,0.999600482342978,0,0.0,0
43596,46.64894996538827,3,6,9.234481055890338,4,0.7118860245508886,0,0.0,0
43597,36.73850293958341,3,4,9.745333346833885,7,0.3759310564693286,0,0.0,0
43598,25.795406297129084,1,2,1.5620225048180298,4,0.3045080089719659,1,78634.01450718303,1
43599,41.76491490162161,2,3,0.0,6,0.5400850556580422,0,0.0,0
43600,40.544716059395874,1,4,20.00647159276226,1,0.9996315799946855,0,0.0,0
43601,50.751564276387114,4,3,4.755793191268743,1,0.28177981702707144,0,0.0,0
43602,46.78280544155901,4,2,14.582811006853628,4,0.5601716732252341,0,0.0,0
43603,38.165462452761275,3,3,20.000649393930743,0,0.4892394139369373,0,0.0,0
43604,54.07429082575028,4,6,15.490188996290357,1,1.0360062299896422,0,0.0,0
43605,32.08247299532937,0,3,9.717830445471893,1,0.05612377285164305,0,0.0,0
43606,43.379729862611775,2,1,14.418975243861642,7,0.9274761695663043,0,0.0,0
43607,53.0064805458466,3,6,8.803080942158964,4,0.8786917612517531,0,0.0,0
43608,57.2296334292712,2,2,3.987181233225777,7,0.3729406131449882,0,0.0,0
43609,56.628067320682085,4,6,5.152850070209799,5,0.5997612693157559,0,0.0,0
43610,59.04885724810504,3,6,12.296732672711913,7,0.9999499874891762,0,0.0,0
43611,53.02160630179667,2,5,12.882034399096948,6,0.5248466922148434,0,0.0,0
43612,48.86821793146015,3,6,0.0,5,0.7101081906311841,0,0.0,0
43613,24.39008913247915,2,6,14.920070312871538,2,0.28894160697719157,0,0.0,0
43614,53.74898541777114,3,4,25.85049372993412,6,0.5815122794054616,0,0.0,0
43615,15.76568094369252,5,6,3.2312429586369857,7,0.35071128272975466,0,0.0,0
43616,26.24503470792936,2,2,7.310433554004108,3,0.6976837179868667,0,0.0,0
43617,22.217065941359508,4,6,6.984337683432353,7,1.000022199019344,0,0.0,0
43618,43.79538147598502,3,3,9.353768277309724,5,0.9999807644686793,0,0.0,0
43619,46.54946895368692,4,3,0.3160360069187913,7,0.9996440315250636,0,0.0,0
43620,49.61620696159751,2,5,7.016449048562024,7,1.0240224837918839,0,0.0,0
43621,46.0684979827781,2,6,21.18617636599803,6,0.551997430877411,0,0.0,0
43622,35.01770420358715,4,3,20.0916374380637,4,0.9999173992696151,0,0.0,0
43623,32.41338145477549,4,6,10.963769711714423,1,0.22932466946193264,0,0.0,0
43624,51.501422342246414,4,6,0.0,4,0.8293318119003116,0,0.0,0
43625,24.893795295117105,4,6,12.37585882967456,3,0.8187580501398126,0,0.0,0
43626,38.00372344681997,3,4,20.01438795143645,1,0.8600256145930087,0,0.0,0
43627,31.764031749255913,3,5,15.318219149002392,4,0.15634797907781572,0,0.0,0
43628,28.20691198690623,3,3,11.73951145866722,4,0.49607665761531494,0,0.0,0
43629,50.1156417986314,3,5,13.270877400604075,2,0.6980004732319723,0,0.0,0
43630,47.78640068302649,4,2,7.227548568212599,7,0.9996095417583599,0,0.0,0
43631,33.94076264463395,2,3,5.465757236888093,7,0.9994534921918297,0,0.0,0
43632,58.83033441032994,3,3,10.655214731177663,0,0.9999050534518882,0,0.0,0
43633,28.57600873111216,4,2,13.532183257637136,5,0.5749079948152421,0,0.0,0
43634,58.325084711359295,3,3,2.3146696757679894,1,0.9364177900845001,0,0.0,0
43635,53.641459711307704,5,3,6.816586389689189,7,0.9997148138716822,0,0.0,0
43636,49.969672044627366,6,6,17.173573914237025,7,0.47962596566347204,0,0.0,0
43637,55.053406934991735,3,6,5.171070325849349,3,1.0000769077473135,0,0.0,0
43638,21.148680408865133,3,3,11.261871657201837,1,0.33245143945424965,0,0.0,0
43639,53.924023384984864,1,1,10.867243208979756,4,0.9995092811533417,0,0.0,0
43640,38.425210298103224,6,3,15.672203508202829,1,0.41267225272511504,0,0.0,0
43641,42.90283096641489,3,3,7.625385667478473,4,0.9998883901946434,0,0.0,0
43642,55.08354295886484,4,1,0.6929799148735611,6,0.16111680765176106,0,0.0,0
43643,57.40233901318901,2,1,13.03690069884596,2,1.0000929840545056,0,0.0,0
43644,54.71846393449528,3,3,15.540050430940862,4,1.000082317665807,0,0.0,0
43645,38.880296647221556,3,4,20.005233363736245,1,1.0006444385964945,0,0.0,0
43646,51.90748386005465,4,2,19.795666555472458,1,1.0003385885889737,0,0.0,0
43647,29.77759083274143,4,3,8.865454840421352,0,0.49511826686554117,0,0.0,0
43648,21.74189766147821,0,1,12.880753240935906,1,0.4975265630746799,0,0.0,0
43649,40.280796968451156,1,6,18.937673175965834,2,0.5086023379867947,0,0.0,0
43650,39.255336159239434,3,3,15.47846879083381,7,0.9997711327730869,0,0.0,0
43651,61.72137216484718,3,3,2.8020498979005506,6,0.9469431126444839,0,0.0,0
43652,32.2580540526819,3,6,13.746315500611527,2,0.3795854948765799,0,0.0,0
43653,54.478766542077395,3,2,9.765943196264006,1,0.11558519851238858,0,0.0,0
43654,68.87474686815871,3,2,15.965806554297703,6,0.999737429460243,0,0.0,0
43655,40.29232256382551,4,6,20.414839811989353,3,0.35375138654970656,0,0.0,0
43656,34.05526716810119,2,5,25.55780723466234,5,0.49972197613512515,0,0.0,0
43657,43.7661026307907,4,3,5.81352094023857,7,0.6041512512966061,0,0.0,0
43658,46.005689805043545,2,2,8.789723099354308,2,0.41675907902202936,0,0.0,0
43659,41.72496675447158,2,6,10.21442567711336,7,1.0007192636103706,0,0.0,0
43660,35.39665597991437,4,3,10.138235713725319,7,1.0002092432482286,0,0.0,0
43661,59.56561815371761,4,1,15.262970939365669,7,0.9224985011431496,0,0.0,0
43662,39.65109834930705,1,1,20.002957964220926,1,0.09625441732166129,0,0.0,0
43663,33.652505865188914,4,3,5.9348827653426754,6,1.1645516225013428,0,0.0,0
43664,51.93248172801645,2,1,11.36969917092901,1,0.24965816717515515,0,0.0,0
43665,39.64137572009966,4,7,1.8406488845993163,7,1.000425480041805,0,0.0,0
43666,65.36859764557651,5,6,11.551374732195876,7,0.610116150911244,0,0.0,0
43667,44.980796589030135,3,1,11.46751140804905,7,1.000445988434446,0,0.0,0
43668,29.402630126695158,4,6,8.46846485650114,2,0.24531836668445578,0,0.0,0
43669,55.18946086082934,2,5,2.1546949476673056,3,1.0007276590604561,0,0.0,0
43670,34.846526373609116,4,4,0.0,2,0.3456325854113518,0,0.0,0
43671,39.96324910969961,2,4,20.00475959408633,7,0.46384187042077624,0,0.0,0
43672,20.287187542730724,4,5,18.363746809032115,1,1.0509361916986213,0,0.0,0
43673,44.787384593455556,1,1,19.99198459310631,3,0.484468426159164,0,0.0,0
43674,53.285461369086946,5,1,17.55303780811985,7,0.04753761091101272,0,0.0,0
43675,34.3807594621017,3,2,14.02786043347451,7,0.9400535610051054,1,21644.07411652767,1
43676,49.23165644805331,0,4,19.99070226559141,1,0.5400597524520465,0,0.0,0
43677,23.523213881519325,5,5,13.16802357842442,1,0.6911707159538559,0,0.0,0
43678,49.95178152321749,2,3,10.699028533147972,7,0.4172948608615302,0,0.0,0
43679,17.436968416588513,4,1,10.574384347232385,3,0.9127139469612671,0,0.0,0
43680,43.91511320608516,2,6,14.003569733770972,6,0.7827361404688737,0,0.0,0
43681,45.73428095134839,4,1,7.602894453383428,1,0.9995040556009026,0,0.0,0
43682,50.429974135642475,3,2,5.608219519220515,5,1.0005675178108093,0,0.0,0
43683,47.63777947732953,5,6,13.534166472328007,3,1.0001885667943393,0,0.0,0
43684,34.79148609139666,2,2,5.753161008761141,7,0.7056751877540404,0,0.0,0
43685,34.17452372556159,5,3,0.0,4,0.5016065611366121,0,0.0,0
43686,49.89273373545176,2,2,12.181708967240597,7,0.9997610076936934,0,0.0,0
43687,50.291268616944066,1,3,0.0,6,0.355554218757044,0,0.0,0
43688,18.30074425021702,1,1,3.4829264712210417,4,1.0004061070535435,0,0.0,0
43689,31.444481855081328,2,7,8.821948806946796,1,0.07768535986975489,0,0.0,0
43690,30.38939245685092,4,1,11.98593616215602,7,0.4494502777065835,0,0.0,0
43691,26.653264023561515,4,3,8.552846045929972,2,0.48592471424449535,0,0.0,0
43692,35.18086716488417,3,4,19.99214623418964,1,0.34962187315707655,0,0.0,0
43693,23.353809577691695,3,6,3.9570500057304496,7,1.0002496973572357,0,0.0,0
43694,52.14192060572988,3,4,10.727115656403445,7,0.987281695100177,0,0.0,0
43695,10.9713768331907,3,4,10.005033015999137,3,1.0001414067362642,0,0.0,0
43696,43.305720219593866,3,4,0.0,5,1.0000491235075382,0,0.0,0
43697,46.01839635449376,4,2,13.23765614503899,7,1.0000162105589558,0,0.0,0
43698,9.658031339513485,1,4,5.065838825608476,4,0.6460076577423371,0,0.0,0
43699,24.994083721911913,3,6,6.220153119620805,3,0.4057124036282517,0,0.0,0
43700,56.316890618421446,1,5,20.003265070104653,1,0.23817530305121043,0,0.0,0
43701,60.80624850390544,3,1,20.0152610111665,1,0.9999906605768853,0,0.0,0
43702,29.26763647200074,2,1,17.651121754630083,4,0.32201008831802974,0,0.0,0
43703,47.15937385447927,3,4,11.075897938175055,7,0.6090404177913734,0,0.0,0
43704,42.48751913695025,2,3,19.994434652753128,1,0.5620665970110184,0,0.0,0
43705,31.107976552877886,3,1,3.207166706773539,7,1.000339489280749,0,0.0,0
43706,48.59940003852668,4,3,7.951135641747495,1,0.4311225046277874,0,0.0,0
43707,37.111923175029176,2,3,8.307583217511898,7,1.0000254160215578,0,0.0,0
43708,41.08470883901348,7,4,2.3684245617715156,1,0.4662095191947119,0,0.0,0
43709,23.426654139692868,3,6,17.363209529286074,2,0.6557436648321444,0,0.0,0
43710,44.80115937315117,2,3,6.428454152370962,2,1.0004165101799432,0,0.0,0
43711,62.75795671133258,3,1,6.446700101441171,7,1.0005557148938335,0,0.0,0
43712,50.89362526879066,6,6,3.691026178581069,6,0.08467289978993575,0,0.0,0
43713,54.084146214036835,3,7,7.22191422641018,4,0.9678044349606625,0,0.0,0
43714,48.62809943126605,3,3,14.635854189459174,5,1.0005027589934974,0,0.0,0
43715,72.54493775682297,2,1,8.809657044311857,4,0.2283140833285937,0,0.0,0
43716,34.35554455113122,3,3,12.9738417743681,6,0.9994363538985511,0,0.0,0
43717,32.19274200942648,0,1,5.887679652343387,6,0.13222985412730492,0,0.0,0
43718,47.01998157362481,3,3,21.823507972957202,3,1.0000193666328077,0,0.0,0
43719,34.823904993387146,4,6,13.3140496311296,3,0.6870117964223288,0,0.0,0
43720,64.84284837419335,2,1,6.8006235114996985,3,0.9998884351992328,0,0.0,0
43721,17.378087366612206,2,3,16.30806197986585,1,0.9952246098060121,0,0.0,0
43722,44.66906664522486,3,4,19.99819817295637,7,0.5635965572802328,0,0.0,0
43723,66.01084341708531,4,4,7.089030353707695,7,0.9997450889779874,0,0.0,0
43724,39.97949292169308,3,6,22.298786285865987,4,1.000232585673273,0,0.0,0
43725,19.06000602008315,2,3,9.361895163216241,2,0.500450647900634,0,0.0,0
43726,44.09568385229728,2,2,19.996769816411337,1,0.4995349439125318,0,0.0,0
43727,25.81564314615181,2,3,9.033708717397689,7,0.9714786612625328,0,0.0,0
43728,51.61985885935706,2,3,0.14796417351350932,3,0.49681733119699717,0,0.0,0
43729,55.235617424758445,4,3,12.21342548863737,3,0.49354438518001875,0,0.0,0
43730,29.865219650509424,2,1,3.899783543035923,4,0.16898695626038263,0,0.0,0
43731,33.81323890351704,4,4,20.00750870189892,1,0.4974905594584964,0,0.0,0
43732,28.894814415026822,3,3,19.24996379192283,3,0.4992760357626944,0,0.0,0
43733,54.20249519905289,3,4,17.230660543126014,1,0.744510193084094,0,0.0,0
43734,63.581053907132286,4,3,13.393531396131753,2,0.49841461770892337,0,0.0,0
43735,34.5439665862333,5,6,12.947909847911516,4,0.566542240950663,0,0.0,0
43736,31.173373186742104,4,2,5.401221111928501,4,0.3672810681709021,0,0.0,0
43737,28.97694870533253,6,3,11.330000667798176,4,0.03917911283022035,0,0.0,0
43738,52.357046008947904,3,1,2.8820969929519524,0,0.3326021074407487,0,0.0,0
43739,12.62507330339146,4,3,12.311304181513156,2,0.0,0,0.0,0
43740,33.64395353023767,5,2,5.343210121018521,1,0.4374481747291652,0,0.0,0
43741,46.36913961416615,4,6,8.967527442761133,7,1.0001207491355069,0,0.0,0
43742,48.994070382172964,2,6,11.57963348100318,6,0.2804180157581649,0,0.0,0
43743,46.0049171739151,6,4,20.001656247724732,7,0.3928121703289753,0,0.0,0
43744,61.125228946519165,3,4,20.00512899239549,7,1.1735029309207166,0,0.0,0
43745,78.33975280524368,3,1,13.27325234665802,2,0.4956883905851076,0,0.0,0
43746,49.300096487330904,3,3,13.250246333971148,3,0.1958063357522541,0,0.0,0
43747,58.18390014833011,0,3,7.09850810971578,7,1.0002878220961564,0,0.0,0
43748,58.85425462874464,3,3,0.0,2,1.0001848073052857,0,0.0,0
43749,30.44135029143981,2,3,8.320048358378411,4,0.9998150404728243,0,0.0,0
43750,42.019384380450035,4,1,8.409581124435842,7,0.4532053278924906,0,0.0,0
43751,42.75839493928568,4,3,4.560377784041532,0,0.1118023107391859,0,0.0,0
43752,54.35266291693232,4,4,15.653942997112583,5,0.5104134097342905,0,0.0,0
43753,46.70296368982498,3,3,20.153332386019237,3,0.0,0,0.0,0
43754,23.954808456623,3,4,19.998029783786286,1,0.0,0,0.0,0
43755,60.73904935147644,4,1,20.479779381356114,7,0.9680883891765095,0,0.0,0
43756,49.361794444050425,3,1,10.854133069645652,3,0.5144454662807745,0,0.0,0
43757,34.29245260077761,5,3,14.152239292066284,0,0.0,0,0.0,0
43758,44.9306627772725,4,1,13.08028358218158,4,0.9997894414860724,0,0.0,0
43759,15.20218867432488,3,2,19.166214144457292,7,1.000188690394083,0,0.0,0
43760,18.915742222778515,5,3,7.037606873634161,4,0.592512093317913,0,0.0,0
43761,53.976679168914664,4,5,5.196220444172587,7,0.999655478259218,0,0.0,0
43762,57.50305366011152,4,2,14.495006740210268,6,0.6318874025211162,0,0.0,0
43763,54.65583449479549,3,3,12.73882933366237,5,1.0001105042431235,0,0.0,0
43764,24.70575198918556,3,4,19.998549273376124,1,0.9995586800129976,0,0.0,0
43765,37.33785252484761,4,5,4.7164377343911035,7,0.1853513178497147,0,0.0,0
43766,50.37746215177283,3,3,1.6946565653448893,2,1.0000602422719505,0,0.0,0
43767,44.722329603906886,4,4,14.910237440367773,5,0.4981758868992868,0,0.0,0
43768,44.15971243796528,2,6,13.142830682189949,4,1.0000277294224365,0,0.0,0
43769,51.619810173255445,3,3,19.353732377207244,6,0.503736244590262,0,0.0,0
43770,53.782685761578264,3,6,5.7352027088554385,6,0.2474411845066553,0,0.0,0
43771,49.07492419504016,0,6,8.981528195492569,4,0.5146416629799673,0,0.0,0
43772,45.16655860699021,2,3,7.745286820497268,7,0.4102319076211963,0,0.0,0
43773,46.17588564435012,2,5,12.880965286428122,7,1.0017000610539857,0,0.0,0
43774,42.01392923352161,3,1,0.0,7,0.9571581931624151,0,0.0,0
43775,48.336447240389255,3,3,5.462063018423173,1,0.010013354581152045,0,0.0,0
43776,32.39874670556691,0,6,7.947138752498939,7,1.000032719719627,0,0.0,0
43777,37.811837986494474,1,1,7.686652304287789,4,0.4996208490904134,0,0.0,0
43778,52.46691122280656,1,3,11.983916666547712,1,0.3190757780877716,0,0.0,0
43779,43.64033115899198,1,3,6.535366893146887,4,0.6289231863282355,0,0.0,0
43780,10.768102302080223,1,3,0.5707974134793652,4,0.49922215057088115,0,0.0,0
43781,27.47102437143291,2,4,7.882628833897824,4,0.49313280590222,0,0.0,0
43782,46.50944660234632,3,3,19.849258316070348,3,1.000269421987595,0,0.0,0
43783,62.87183821373107,2,3,8.266715860405505,3,0.9994824836467835,0,0.0,0
43784,42.71466497843957,3,3,9.749240669623713,3,0.7166734775263138,0,0.0,0
43785,57.26437417513235,3,5,16.168251650182548,4,0.5014402139180452,0,0.0,0
43786,34.907647042103804,3,2,11.953429611673169,4,1.0001060347197661,0,0.0,0
43787,43.005558668481996,2,1,8.521144917591673,0,0.6831160561293723,0,0.0,0
43788,70.17856882065506,4,3,10.810729545065373,4,1.0000833669739198,0,0.0,0
43789,30.702562878885473,2,2,10.361592059874326,8,0.4132589277848019,0,0.0,0
43790,37.804394273290626,2,3,19.73208766297054,7,1.0001451197055318,0,0.0,0
43791,59.00749981315926,2,3,6.582131018386613,2,1.0002353761826277,0,0.0,0
43792,14.283673681772129,2,6,2.3645861497962013,7,1.000435367929002,0,0.0,0
43793,43.39370473098908,3,4,20.249864456758814,3,1.0002809657914584,0,0.0,0
43794,39.41562161709187,3,5,3.7112395646648215,5,0.5520188261984065,0,0.0,0
43795,52.18151615862835,3,1,25.56149875995366,7,1.0000824098816277,0,0.0,0
43796,37.55933484266668,1,3,13.475737007144625,1,0.5014644736845849,0,0.0,0
43797,30.65283971154758,2,2,8.572336613934276,5,0.04971690295003728,0,0.0,0
43798,63.38742663153904,1,3,5.92467567386172,7,1.0002766171558064,0,0.0,0
43799,24.876997198384828,4,2,6.509594371583528,4,0.3529104928325594,0,0.0,0
43800,26.12425944655951,2,5,15.634541625842743,5,0.4988601413950036,0,0.0,0
43801,59.7866919988798,3,3,16.22216165026142,3,1.000140981394179,0,0.0,0
43802,39.34107068436918,5,6,11.157241007682359,6,0.38879387192233494,0,0.0,0
43803,51.20650479998403,3,4,19.99840779500783,4,1.0005031263199267,0,0.0,0
43804,36.456511444751506,2,3,17.331113297731637,7,1.0003856373506275,0,0.0,0
43805,43.74044508675799,4,1,21.006717537650857,7,0.4514028489136951,0,0.0,0
43806,58.98802819995883,4,2,19.948087751929876,7,0.7681243517794485,0,0.0,0
43807,17.37818650960084,1,5,0.0,6,0.7307666668891246,0,0.0,0
43808,55.99834744209306,3,1,10.438669025854951,7,0.9996824445465626,0,0.0,0
43809,49.060267318755514,3,3,2.145150122790888,7,1.0002291383779836,0,0.0,0
43810,30.176731578618117,3,1,15.56675587869683,2,0.32836725363199404,0,0.0,0
43811,34.74294993335333,3,6,12.648466806801071,6,0.5600839409680982,0,0.0,0
43812,41.71574076087625,3,1,6.15572301534319,3,0.5900395645504095,0,0.0,0
43813,53.20661009999674,0,3,5.523524097559041,5,0.9998904978261588,0,0.0,0
43814,45.09937941925473,2,6,8.93645154065233,7,0.9999747723531824,0,0.0,0
43815,38.90143982698777,4,1,10.103745256541895,6,0.748565815927647,0,0.0,0
43816,49.224525408969626,3,3,0.3305441349441818,1,0.999519639297602,0,0.0,0
43817,64.96977796709388,6,4,19.997071097705806,7,0.9998844306688117,0,0.0,0
43818,23.652342923018598,4,2,5.650016940546827,1,0.27592916743913387,0,0.0,0
43819,34.25822982176054,4,3,0.0,5,0.49205870636801313,0,0.0,0
43820,62.98194650389596,3,3,0.0,4,0.49911456717175656,0,0.0,0
43821,37.59409688505792,3,1,6.557365662328028,7,1.0000174326863098,0,0.0,0
43822,59.700424229888135,3,1,6.432258628007766,1,0.6011876012336417,0,0.0,0
43823,25.694560403917325,1,2,11.152331219515334,1,0.3570472869233088,0,0.0,0
43824,50.193445375616164,4,2,1.4874250937544886,7,1.0005357710959788,0,0.0,0
43825,51.74598798187418,2,5,0.0,7,0.9328611363747181,0,0.0,0
43826,55.130853694163335,2,3,13.261310410778734,7,0.9748041442964333,0,0.0,0
43827,34.778566760741086,4,3,4.094838707886916,7,1.000302965904108,0,0.0,0
43828,37.47729491744551,3,6,10.291587167890206,7,1.0000171448415873,0,0.0,0
43829,28.457724772074634,1,1,5.189857364034668,4,0.5916488802789167,1,44536.253124872266,1
43830,82.03872699729573,4,5,5.709420655667677,1,0.6851649667498079,0,0.0,0
43831,49.29878737339635,3,6,4.070448274729642,6,0.41173099436215693,0,0.0,0
43832,74.99388506869245,2,3,2.5559120064138448,2,0.4992531454460999,0,0.0,0
43833,43.63066880220521,4,3,10.554665687855152,3,0.999592487033479,0,0.0,0
43834,55.47462711696816,3,6,13.968708784339334,7,1.000048108786297,0,0.0,0
43835,55.11669332161808,4,6,12.519964519288969,7,1.0000461905858633,0,0.0,0
43836,44.646056776457336,2,6,5.427570239268669,7,0.3140874875588772,0,0.0,0
43837,41.143479508995036,2,3,4.352093318453532,7,0.9994997038637781,0,0.0,0
43838,47.63654045822383,3,3,17.894237581367424,2,0.9999184884940446,0,0.0,0
43839,46.028807468743324,2,1,3.33913836456695,7,0.9997384436317871,0,0.0,0
43840,37.84942310745159,3,1,23.38450873208466,7,0.9999659238800671,0,0.0,0
43841,40.39913837543333,4,3,20.003269174944684,7,0.9728187673448906,0,0.0,0
43842,57.83454515924372,2,3,14.335647225150908,6,0.9997259666320069,0,0.0,0
43843,22.27665254801881,2,3,3.5522699066063756,6,0.19538556158430015,0,0.0,0
43844,58.57901211734905,2,3,15.431041394935939,7,0.5915070295880566,0,0.0,0
43845,51.850267974417555,3,3,5.534960572448773,2,0.523340868620163,0,0.0,0
43846,32.31129090846753,4,1,11.008529800278112,7,0.9406354318454873,0,0.0,0
43847,18.015623691506686,1,4,2.961624824803188,1,0.9999095124996522,0,0.0,0
43848,25.31419741020787,4,6,7.53339825325418,7,0.1529777204630861,0,0.0,0
43849,45.15945258867687,4,6,8.60013265658306,3,0.46977456763559333,0,0.0,0
43850,53.94673057221094,2,6,16.643197798481644,7,0.9995282849262774,0,0.0,0
43851,35.94262541968934,3,1,18.959915549593852,7,1.0002646171339096,0,0.0,0
43852,63.57441636091253,3,3,21.317343748814256,7,1.000204650885514,0,0.0,0
43853,23.871445589046974,6,2,1.6474739185596743,3,0.980840464626877,0,0.0,0
43854,51.647270905270375,1,1,13.228513055870344,6,0.5393496346238966,0,0.0,0
43855,34.27712384351918,4,4,6.256189738698299,6,0.0,0,0.0,0
43856,43.655912235034215,3,3,20.001118399350265,6,0.7341598048116551,0,0.0,0
43857,42.83414367710082,5,6,16.38612550026872,3,0.3584562068481919,0,0.0,0
43858,44.74548370107158,4,1,4.296549726677453,3,0.42728062318154875,0,0.0,0
43859,28.196216893714023,5,3,15.60911523811263,3,1.0001593399148099,0,0.0,0
43860,36.044715578754555,0,1,11.176919437035512,4,0.0,0,0.0,0
43861,56.025402102992004,4,2,11.939256263103319,7,0.6241796556772208,0,0.0,0
43862,25.830705551689746,6,1,14.443342064753208,7,0.12284423868252814,0,0.0,0
43863,32.22870659491136,2,6,4.69564802738458,4,0.30785405702291474,0,0.0,0
43864,31.759061362726356,1,2,20.36937933196604,2,0.7666556033403814,0,0.0,0
43865,52.84062011512158,1,3,5.915736590697821,4,0.5431327107604171,0,0.0,0
43866,27.332521020578646,2,5,7.005115697400567,6,0.04181657621824797,0,0.0,0
43867,18.117811886663834,3,4,14.170313006011526,1,1.0003229190679812,0,0.0,0
43868,37.809705351720595,3,2,9.601088480096378,6,1.0008357137977857,0,0.0,0
43869,48.905130233331185,3,3,5.808220113650713,6,0.9259788284360668,0,0.0,0
43870,38.09270332507577,4,3,0.0,1,0.49541185412185307,0,0.0,0
43871,60.12054031317906,5,4,7.734410016355005,2,0.4924256827911305,0,0.0,0
43872,28.383441802601343,3,1,19.769245069348866,7,0.40229219076599604,0,0.0,0
43873,24.592932443383788,0,1,5.732975040513877,7,0.2083761962993237,0,0.0,0
43874,48.36072712804785,3,4,20.00426543950559,1,0.4103351080965422,0,0.0,0
43875,21.585552474883162,3,2,6.08183447563705,1,0.6560097605584864,2,33755.736828081244,1
43876,47.65019901931087,4,3,4.6273466483961965,5,0.11219793029856195,0,0.0,0
43877,48.07364548346883,3,6,9.028653760959639,6,0.8620146286208838,0,0.0,0
43878,59.768463467157986,3,4,19.997901695748922,2,1.0003337592688863,0,0.0,0
43879,37.27097280870908,4,5,15.52914156498682,4,0.40166966896030853,0,0.0,0
43880,61.245279695531536,2,3,4.54672340102201,0,0.327324451816085,0,0.0,0
43881,42.781798806512796,5,1,1.7052283796928354,7,1.000258910328638,0,0.0,0
43882,49.92167586948253,3,2,13.169800292880197,7,0.9566713268878442,0,0.0,0
43883,54.629525544230546,5,4,19.99312233185651,7,0.20178964645589526,0,0.0,0
43884,30.223435965382308,2,2,5.585917674409535,3,0.22993154649184833,0,0.0,0
43885,43.97053470992869,1,2,11.199067043269464,6,0.6019262991188025,0,0.0,0
43886,32.22309306082421,1,3,9.256065585745073,2,0.18761785203166226,0,0.0,0
43887,30.881881120217837,2,3,6.348160147961361,0,0.334605652553931,0,0.0,0
43888,36.54970916937294,2,1,15.366934486076186,2,0.6805748523689902,0,0.0,0
43889,39.797895452371705,2,5,15.586257400461356,1,1.011451802793379,0,0.0,0
43890,47.627106052223446,4,2,8.398547179323064,7,1.0003662188135511,0,0.0,0
43891,42.50749615034849,3,6,21.736577455696008,6,0.5103020035620216,0,0.0,0
43892,57.51791328319913,4,1,11.613533579092906,7,1.0001986549043878,0,0.0,0
43893,40.18407943752858,4,6,0.14477319027484725,6,0.8975687801250354,0,0.0,0
43894,42.2264820022025,2,6,3.6450899516197204,7,0.4578003557877543,0,0.0,0
43895,47.455812892947655,3,1,20.002027719374638,7,0.9863346147187775,0,0.0,0
43896,41.67111364062262,3,3,13.346073302535217,2,0.4501909089103554,0,0.0,0
43897,53.9219195043038,3,6,13.61840933340159,7,1.0004776743041628,0,0.0,0
43898,55.92456374369699,2,6,17.745569127270024,2,0.9999674595250772,0,0.0,0
43899,31.33641983341365,1,5,8.263702538553256,4,0.09654711309970054,0,0.0,0
43900,40.398908802473024,4,5,4.805013725139358,7,0.25730866556834636,0,0.0,0
43901,34.74838158859004,3,3,13.407678699213736,4,0.999660548625819,0,0.0,0
43902,25.957293888839995,2,2,5.568833219405756,5,0.42209228682018624,0,0.0,0
43903,40.31398889198909,3,6,13.878754869248858,7,1.0000221677119354,0,0.0,0
43904,53.057480670975586,4,2,11.82271530523046,1,0.0,0,0.0,0
43905,37.7288245465469,2,2,19.298868850961377,7,0.08825903220614517,0,0.0,0
43906,57.9693707427621,3,1,2.3108501908848034,7,0.6285699465088311,0,0.0,0
43907,54.571992014208725,4,2,4.920683419545843,3,0.17364069452600794,0,0.0,0
43908,56.332150249047885,3,2,18.397369920842376,7,0.999874394052186,0,0.0,0
43909,40.031750090765044,3,4,25.913509910717565,7,1.1157537304937666,0,0.0,0
43910,30.34631030460109,3,6,2.3279009969493476,0,0.2890048810452923,0,0.0,0
43911,33.22891798474228,2,3,11.814090363506928,1,0.47356994961886556,0,0.0,0
43912,74.17362043193987,4,3,14.658968295711478,3,0.999865893589742,0,0.0,0
43913,29.388617178090833,4,3,5.918649619464643,5,0.5485886544660759,0,0.0,0
43914,53.030539838413794,3,4,19.81360993479575,7,0.364405442688031,0,0.0,0
43915,34.21937951619507,2,6,14.701015706411575,3,0.23842068936761623,0,0.0,0
43916,34.54267528770874,2,5,7.194860417631313,3,0.9893362807438503,0,0.0,0
43917,32.76569794564112,4,1,13.27509442653028,2,0.9999408493420929,0,0.0,0
43918,38.3044678473977,3,3,19.63482956724981,7,0.9995389939439677,0,0.0,0
43919,28.66757863277129,1,3,18.691020829035008,1,0.9238582173666039,0,0.0,0
43920,39.00507943064359,3,3,6.858530278362684,0,0.9712004186878334,0,0.0,0
43921,36.87214954972837,3,1,18.014750724933826,2,0.0,0,0.0,0
43922,44.36793636038429,3,3,4.815937629670202,2,1.0004559470343883,0,0.0,0
43923,48.29305565972705,2,3,3.5801183517456296,7,0.15833401040100115,0,0.0,0
43924,49.08826566693502,4,6,13.936299109444317,7,0.9995903081213895,0,0.0,0
43925,55.46747756975272,3,5,14.177541881645183,7,0.17943069975488368,0,0.0,0
43926,38.221880701331735,4,6,8.571261191551528,7,0.9998727948191475,0,0.0,0
43927,21.47255113362138,1,3,12.357381198509959,6,0.9333764492893918,0,0.0,0
43928,42.12685865457481,8,6,0.0,7,0.7248265467066598,0,0.0,0
43929,47.02451665955198,3,6,14.796604190617263,3,0.6698985573878792,0,0.0,0
43930,32.27736380460979,6,2,8.867738475523677,1,0.7411173424028261,0,0.0,0
43931,36.21886519756483,3,6,0.09527224605344742,7,1.000188332941848,0,0.0,0
43932,54.7677172537223,2,3,11.391615847105372,4,0.9834048266075885,0,0.0,0
43933,27.137566034192094,3,3,13.41395219058676,1,1.0000924454207134,0,0.0,0
43934,47.134658299004826,3,3,9.846238483058304,7,0.6327020311532142,0,0.0,0
43935,29.31438533847069,1,3,0.0,0,0.0,0,0.0,0
43936,5.766757347579521,3,1,15.665435564066652,3,0.6179235520078946,0,0.0,0
43937,30.275493552926918,3,4,17.390015615697806,1,0.7667609321877495,0,0.0,0
43938,44.03327988380458,5,6,10.752462727876987,7,0.9999860753418979,0,0.0,0
43939,56.000716428400764,2,4,8.392899401286392,6,0.36800011458149773,0,0.0,0
43940,44.71587948218432,3,4,13.574497881253812,2,0.9297486598523554,0,0.0,0
43941,16.67148017436963,2,3,11.900515974318571,2,0.503256531693724,0,0.0,0
43942,25.628198940555176,3,3,6.993987059174627,7,0.07531830451598331,0,0.0,0
43943,48.35519286982684,3,3,7.554435905765458,4,0.9997486957181323,0,0.0,0
43944,34.69173514373821,3,3,0.0,3,0.4436929505169176,0,0.0,0
43945,39.236467351281604,3,3,2.465578177103005,5,0.49593750445158796,0,0.0,0
43946,49.678362145147105,3,3,14.725342222108145,7,0.9998878212543931,1,394.7570485976016,1
43947,41.928293617720136,3,3,8.406455145964891,3,0.4968803045455378,0,0.0,0
43948,44.05376025156479,5,6,14.344564200867197,4,0.4968660806514529,0,0.0,0
43949,45.673473089323515,3,1,12.782237337021181,2,1.0002342071738637,0,0.0,0
43950,51.13528387800664,3,1,19.010571045700605,7,0.9998526199859367,0,0.0,0
43951,14.426014582250787,1,3,9.431862277493584,4,0.4464957882354829,0,0.0,0
43952,26.450403876372064,2,3,25.723154712794837,3,0.2883867283477074,0,0.0,0
43953,55.23044252016865,3,1,11.765975711879289,7,0.9997100082178838,0,0.0,0
43954,47.9141468793632,4,6,9.958508087590957,7,0.30953574365167297,0,0.0,0
43955,36.31284753465852,3,6,14.482812371045576,7,1.0002207524780036,0,0.0,0
43956,32.171098303309314,4,1,18.96244690011452,7,0.9997981838319417,0,0.0,0
43957,42.417367556906896,4,1,13.873360391684951,2,0.3478628727584525,0,0.0,0
43958,51.05049854138488,4,2,14.581793713490628,4,0.3209389895635899,0,0.0,0
43959,42.97951989368255,5,5,16.572689165250765,7,0.5454919277563005,0,0.0,0
43960,52.87574333479912,4,3,18.347311545636313,3,0.49951126923327827,0,0.0,0
43961,43.60814990856461,2,3,14.51036176440289,3,0.9995720402629888,0,0.0,0
43962,45.24612678317831,4,3,19.993704752861973,1,1.0004138679222876,0,0.0,0
43963,28.238825775751714,4,2,12.492357855918716,4,0.34413112493513454,0,0.0,0
43964,19.443570693491772,5,6,5.4829949083047715,2,0.5380015588874103,0,0.0,0
43965,33.96664903681383,4,3,9.570844410127359,7,1.0005125948043891,0,0.0,0
43966,54.10833594704699,3,1,6.13130664378376,7,1.00027305609715,0,0.0,0
43967,29.955791541342457,3,2,14.532935131236052,1,0.6330975333306985,0,0.0,0
43968,61.26688654020253,1,3,23.354769557217992,7,1.000293685529565,0,0.0,0
43969,50.40186581247818,3,6,5.719285602690752,6,0.32278047907944507,0,0.0,0
43970,54.615661758609164,2,3,6.301872265952063,3,0.5068821519581758,0,0.0,0
43971,50.42361362349739,4,2,0.0,7,0.24812757586144707,0,0.0,0
43972,54.40753024270958,4,6,15.978573674007292,2,0.767302026612126,0,0.0,0
43973,45.388471296208955,3,6,13.878385463265168,6,0.4590720113341636,0,0.0,0
43974,45.552749143924,2,2,13.04398072676967,1,0.40429393962550864,0,0.0,0
43975,51.1698106750635,3,6,7.983300079910647,7,0.9999263888447699,0,0.0,0
43976,2.888232223324138,4,5,0.0,1,0.22451285416376654,0,0.0,0
43977,54.74038083751975,4,4,5.863448866931895,1,0.0,0,0.0,0
43978,75.85007476291335,3,1,11.34040006651851,7,1.000119671707977,0,0.0,0
43979,71.82102089340938,5,3,15.30424729695494,3,1.0003917813949155,0,0.0,0
43980,15.969687458167172,3,4,8.473674129542115,2,0.9569729425107028,1,7099.7400502290975,1
43981,44.238715419241984,4,6,8.62974871167586,7,0.6120339691324461,0,0.0,0
43982,25.792331261776788,3,2,3.2840205498840094,5,0.15942885711279453,0,0.0,0
43983,28.7066763947886,4,2,13.186216355281017,3,0.7411538309443506,0,0.0,0
43984,49.87134139191096,2,3,8.145848918160988,1,1.000097842051767,0,0.0,0
43985,28.451502242100567,1,2,8.791879020236973,4,0.968872184231232,0,0.0,0
43986,26.418740034748637,2,6,10.58382203174295,1,0.47544815901714377,0,0.0,0
43987,32.59497195274067,3,4,11.765374858453828,4,0.5175030869992716,0,0.0,0
43988,45.71294936056509,3,3,19.832367516927448,7,1.0002930968111656,0,0.0,0
43989,45.464744436692705,1,6,9.168661124449963,7,0.5088987660688964,0,0.0,0
43990,24.970299368975738,2,2,10.39441521955391,6,0.9843698085657985,0,0.0,0
43991,50.58483919400143,3,1,13.750616163626026,7,0.9992311756467555,0,0.0,0
43992,29.3522880933693,2,6,21.492190398143435,3,0.40420290462557223,0,0.0,0
43993,39.33841638041991,1,2,16.26631940979051,4,1.00123029340493,0,0.0,0
43994,41.480482987394346,4,5,29.403636169839853,1,0.4887859664117227,0,0.0,0
43995,26.886806539858746,4,1,10.499362382831603,2,0.45055204725908116,0,0.0,0
43996,28.418749334937473,3,2,8.012999997803103,0,1.0000096730261139,0,0.0,0
43997,36.214888932989865,3,1,11.127078305838584,7,0.3791976400042799,0,0.0,0
43998,54.661072616117295,3,4,20.005185949330965,1,0.9998385586205557,0,0.0,0
43999,36.23890317687638,5,3,6.799345926428384,6,0.0,0,0.0,0
44000,44.607543473360025,2,5,10.020299392688022,3,0.5006409221677338,0,0.0,0
44001,66.786874925456,3,1,14.630060630759976,7,0.9999599450726921,0,0.0,0
44002,25.176523443909378,2,1,15.01340222817796,2,0.7438795785816041,0,0.0,0
44003,51.04365152822582,5,1,20.00977752083855,1,0.5430628258751673,0,0.0,0
44004,40.21114699846461,7,3,18.100034203117964,7,0.628166053139537,0,0.0,0
44005,54.12647637658171,2,7,7.952482172438662,3,0.37597712482251183,1,15688.096351426071,1
44006,20.901985856582716,3,2,19.712183392354092,1,0.4210955156165866,0,0.0,0
44007,37.715275796314224,3,1,20.007009147928564,5,1.062429022867403,0,0.0,0
44008,25.34070440425212,3,3,23.88920416471085,4,0.7474503916146578,0,0.0,0
44009,34.90452362104683,1,3,12.677100573861887,2,0.49895917266183615,0,0.0,0
44010,41.65089441395918,3,3,5.609073839973407,2,0.4312078911479418,0,0.0,0
44011,34.36936602043494,2,3,19.05137608649812,7,0.9996309960075729,0,0.0,0
44012,56.06342228782236,3,6,6.866888414257986,4,1.0005194656895782,0,0.0,0
44013,46.878671253958096,2,3,11.063583015413055,2,1.000252772581217,0,0.0,0
44014,51.362577225829654,3,5,15.744983875660573,3,0.9995845852314433,0,0.0,0
44015,38.46653857670334,2,5,8.332058638816179,1,0.6213410671991262,0,0.0,0
44016,21.743096652413332,2,6,6.2439844650507705,7,0.24403977979780966,0,0.0,0
44017,39.712416366907874,3,3,2.1770967828471193,4,0.5818373606831577,0,0.0,0
44018,51.093345085197896,3,4,17.099951601402314,5,0.858798829111817,0,0.0,0
44019,54.33942764225521,4,3,17.301378352477776,2,0.9564499043645786,0,0.0,0
44020,23.997538691849652,4,1,7.000654672207936,4,0.35357966112493533,1,37994.0086334643,1
44021,56.90516269370163,4,3,7.074012020188108,3,0.4995904843809047,0,0.0,0
44022,21.429624296885056,4,3,16.23320134701755,1,0.36610613432876804,0,0.0,0
44023,63.73956769929613,2,4,19.99701959025864,6,0.9995407783471288,0,0.0,0
44024,63.736555091386265,3,1,14.20803441298959,3,0.5046133815818266,0,0.0,0
44025,63.09787697664149,2,1,2.952999644983972,7,0.4858217578502777,0,0.0,0
44026,42.25386737757121,1,5,14.392976392049553,3,0.5154762101436492,0,0.0,0
44027,22.246557478702606,3,3,19.99679747588023,3,0.7494756058361987,0,0.0,0
44028,65.64615701066926,3,3,9.585917989290664,4,1.0001275876281874,0,0.0,0
44029,48.218661701722944,1,3,10.635924152997438,7,1.0003321552124411,0,0.0,0
44030,21.599453930041506,3,5,8.521453896099159,3,0.4544185839670316,0,0.0,0
44031,44.77025478190773,5,3,22.327835896766036,2,0.5004392215139385,0,0.0,0
44032,61.98044111557046,5,5,15.028391303393207,7,0.30980757276913296,0,0.0,0
44033,46.18715559681396,4,3,19.99211584738235,1,0.9995918370766398,0,0.0,0
44034,51.781887036019995,5,4,20.835696007625252,3,0.015519843842941916,0,0.0,0
44035,57.04830786094862,3,4,20.004384993251353,1,0.30672956753097974,0,0.0,0
44036,68.81823239809121,4,1,12.333362983506518,3,0.4974662001498188,0,0.0,0
44037,44.27809929016922,2,3,0.8800223535969902,1,0.42732489225872,0,0.0,0
44038,52.41918244709619,2,6,10.944645839392088,4,0.9994521078529023,0,0.0,0
44039,27.391051667076347,4,2,9.485249855922165,6,0.477221168409651,0,0.0,0
44040,22.172441218379202,4,2,3.356872946039079,4,0.07101403337296597,0,0.0,0
44041,22.618869320417712,2,3,4.445595715066291,4,0.41157846890127947,0,0.0,0
44042,19.98032492834525,2,5,2.251019139497572,0,1.0003111433576108,0,0.0,0
44043,25.149122775221556,4,2,9.282248289450973,4,0.3213241517705754,0,0.0,0
44044,48.64100945217919,2,4,19.99719465922306,7,0.3747959794379416,0,0.0,0
44045,56.73750871319688,2,3,15.75052099746573,4,0.5678007055543222,0,0.0,0
44046,52.22058532874273,3,3,14.42535932999543,2,0.9998279651808948,0,0.0,0
44047,37.87545323067809,4,5,6.644593004318762,1,0.3552828742953505,0,0.0,0
44048,48.61387856428407,3,5,21.53388104230538,7,1.0006682499538333,0,0.0,0
44049,39.14142720544394,3,2,4.909486069787398,5,0.18781296595786412,0,0.0,0
44050,25.758755134390473,3,2,9.137612780830512,3,0.9999531328593636,0,0.0,0
44051,53.9883591349834,1,3,9.640263492089037,3,1.0003881150854814,0,0.0,0
44052,55.09440991863615,2,2,5.108175691491128,3,1.0271548556646852,0,0.0,0
44053,68.45857276235068,2,3,2.50211767236215,5,0.5013415546218756,0,0.0,0
44054,40.597343682516986,3,4,9.691043671934477,4,0.49157824808991485,0,0.0,0
44055,51.56232372918247,3,3,12.521931511851255,2,0.99984209920041,0,0.0,0
44056,34.85984731435273,1,3,6.044762127869183,7,0.9994803892620607,0,0.0,0
44057,41.72207178188265,4,3,4.738799679192161,2,0.6113363267441797,0,0.0,0
44058,66.38756854794286,2,3,7.646951036175187,2,0.9467838361544534,0,0.0,0
44059,52.32906079497315,4,3,13.393653806433017,7,0.5745302834793662,0,0.0,0
44060,37.38981722743939,1,1,19.993970400593867,3,0.0,0,0.0,0
44061,45.8003401775029,4,2,11.404502639453236,2,0.3641374191529545,0,0.0,0
44062,38.47343422200469,4,3,5.107331006596822,4,1.0000645622582,0,0.0,0
44063,25.46270318340179,1,4,9.891699636866052,0,0.589304131595515,0,0.0,0
44064,48.90596886962146,3,4,13.45809325233823,3,0.7775877257774403,0,0.0,0
44065,41.82703904498424,3,3,16.636149147579985,1,1.0004880147526238,0,0.0,0
44066,62.410361657734164,3,3,8.863001032180874,4,0.502604084958219,0,0.0,0
44067,23.441550846289726,3,2,6.526430558062913,4,0.9953767826762371,0,0.0,0
44068,48.7390756742382,2,4,19.996519310259288,1,1.000153449927197,0,0.0,0
44069,30.059402393330796,3,6,14.804121597879144,1,1.0240357861524356,0,0.0,0
44070,37.39621540321453,6,3,8.0761292122946,1,0.535828647886129,0,0.0,0
44071,27.443303132067697,3,4,14.257451032685388,0,0.9995826156194794,0,0.0,0
44072,59.86250619115673,2,5,11.37700148079256,2,0.9770189991595304,0,0.0,0
44073,54.57505881171187,3,3,13.07958201754666,1,1.0002854113866415,0,0.0,0
44074,50.560003105192,3,2,15.889080471788205,7,0.4506615757439426,0,0.0,0
44075,16.55727413062926,3,7,7.458471359471755,1,0.49388492993994715,0,0.0,0
44076,30.169278136504957,3,2,11.126488264833045,3,0.991551064479127,0,0.0,0
44077,40.570347269919594,1,3,10.598909273419356,5,0.5001385466401529,0,0.0,0
44078,44.31495721100509,6,5,0.4099661854058869,7,0.962782087866835,0,0.0,0
44079,63.8503968542631,2,1,7.94608283438401,7,0.13744528220674057,0,0.0,0
44080,33.798417158129794,4,4,2.0161812031801176,4,0.0,0,0.0,0
44081,36.98631291169704,3,2,7.958945319619045,1,0.13324099337436346,0,0.0,0
44082,23.951889682353258,2,6,3.7036605758134016,3,0.6602061598745865,1,1521.4468742532847,1
44083,40.34902112981755,6,2,9.413886979374386,7,0.8139251726752808,0,0.0,0
44084,25.34752185588552,2,1,14.075375674975062,1,0.0,0,0.0,0
44085,27.51389535808608,5,1,11.377213983968415,7,0.5928316607753608,0,0.0,0
44086,44.10532587316989,3,3,14.818628929642951,2,1.000252377243967,0,0.0,0
44087,27.898907047300888,3,6,3.354552642419451,3,0.1647063635424436,0,0.0,0
44088,57.79110738667848,2,2,1.4237631872264078,7,1.0005599191723764,0,0.0,0
44089,14.966888209362534,3,1,12.530072123306093,2,0.25559298182521284,0,0.0,0
44090,48.897522426379865,5,3,12.148219253948376,4,1.000451359556362,0,0.0,0
44091,22.529652107936094,1,1,12.741583793186745,7,0.04028278337623259,0,0.0,0
44092,40.279694297780274,4,1,11.188909971581571,2,0.9469309971770675,0,0.0,0
44093,56.162913814711196,4,1,17.499545113985302,6,1.0001668360311282,0,0.0,0
44094,41.11265221369566,3,3,19.994317079056852,2,0.6016818983165196,0,0.0,0
44095,52.94547137966386,4,4,20.00235098514702,2,0.4948374676288692,0,0.0,0
44096,37.230642288971254,4,6,22.31127482778487,7,0.5408284911340353,0,0.0,0
44097,36.376118437732295,4,5,11.64546125884186,2,0.2673377051624896,0,0.0,0
44098,35.15851991716765,3,6,7.724546304434209,7,0.9620461971388249,0,0.0,0
44099,56.23968721072351,2,3,6.559041923154295,1,0.6399127987613186,0,0.0,0
44100,50.54487109469655,5,1,11.477223003119073,3,0.9999066452926628,0,0.0,0
44101,51.869127862238216,3,7,7.700637176010018,8,0.6380405552292716,0,0.0,0
44102,43.49061272088183,3,3,15.021854314702681,3,1.0000951760999592,0,0.0,0
44103,50.793990018101304,3,1,4.413484033139329,4,0.32463107856714424,0,0.0,0
44104,52.13980707723789,5,4,11.738799301711692,1,0.32534583981230725,0,0.0,0
44105,28.92612489980383,3,3,9.995449033578357,1,0.4600166985722769,0,0.0,0
44106,41.62525424490379,2,3,8.021305693485969,4,0.3303076738924721,0,0.0,0
44107,51.27260150147298,2,5,7.72817202042107,7,0.9324241921392613,0,0.0,0
44108,29.798307903210073,2,1,17.688379887289564,2,0.3080729069736838,0,0.0,0
44109,48.32934282247219,5,6,7.203781834539563,5,0.5375363171512846,0,0.0,0
44110,55.05177900705904,2,4,9.904218469460707,7,1.0006517690324017,0,0.0,0
44111,55.6493613831375,4,1,5.317074079327665,2,0.999539797331894,0,0.0,0
44112,24.988208390014965,3,3,5.321743866840321,2,0.9744083171473091,0,0.0,0
44113,52.61258739950618,2,4,3.3711881833711095,4,0.40606626469797014,0,0.0,0
44114,21.865447156842126,3,7,7.695172913954432,1,0.6820824721637679,0,0.0,0
44115,24.63745118706014,3,5,6.4577916592704145,1,0.3930837411007025,0,0.0,0
44116,70.58331773314981,2,6,7.513816403501192,7,0.9999007933072074,0,0.0,0
44117,48.445652735452974,3,6,15.726156108848922,3,0.35600052196648413,0,0.0,0
44118,36.00796211517698,0,2,0.0,7,0.39308478226026283,0,0.0,0
44119,53.9817585308293,2,3,5.914925765821351,3,0.0,0,0.0,0
44120,41.15376998618656,3,4,11.022075076047216,1,0.043647631989967905,0,0.0,0
44121,37.00264149852619,3,2,10.825764179226232,7,0.22016157559014876,0,0.0,0
44122,35.86880235575109,4,3,5.4072893083063445,5,0.9494018506613058,0,0.0,0
44123,47.4353453386718,4,6,8.664861544868506,0,0.49727759224471335,0,0.0,0
44124,22.009054010893472,1,1,14.091914364719724,1,0.25317480642392104,0,0.0,0
44125,33.35453477482585,7,2,11.692241661712142,7,0.42537224280451735,0,0.0,0
44126,39.07963530777609,2,6,14.135508831509373,7,0.999823555062759,0,0.0,0
44127,36.169790199627286,2,2,13.299604406413705,7,1.0001761999669094,0,0.0,0
44128,31.82987368860909,2,2,13.462464477828203,6,0.28831084322372935,0,0.0,0
44129,31.39300021424264,1,2,0.0,6,0.22630907122028449,0,0.0,0
44130,42.05887704614303,3,2,14.979794113417858,1,0.3636774350844273,0,0.0,0
44131,53.64250117645395,4,6,10.688673978271638,4,0.9994711138079932,0,0.0,0
44132,38.57773876193433,2,1,15.34354538420094,1,0.3765514400199014,0,0.0,0
44133,54.07500509529013,4,1,13.970957559036785,3,0.9997632437631938,0,0.0,0
44134,39.97514013251449,3,6,11.986196400246888,7,1.0002094552709042,0,0.0,0
44135,41.417870894723244,3,1,1.1120785882760398,7,0.2380685473966958,0,0.0,0
44136,66.14966247826469,2,5,14.150012770333023,3,1.0066584455724659,0,0.0,0
44137,27.258470163447754,2,1,12.76481974049102,3,0.4994456597601472,0,0.0,0
44138,52.764347004924595,5,1,3.5476814574593956,0,0.5894573994625756,0,0.0,0
44139,43.69844756509791,3,3,20.166107636578005,2,1.000425990585128,0,0.0,0
44140,28.548859706251005,4,4,9.002723254669219,7,0.9630021431314743,0,0.0,0
44141,49.14972371784421,3,4,20.001158228540586,1,0.752590541510153,0,0.0,0
44142,33.15268461635802,4,2,11.895685545488114,7,1.0004119563024776,0,0.0,0
44143,58.033610709903634,2,4,9.398895742023022,1,0.6026913968886867,0,0.0,0
44144,44.840501430147164,5,4,19.993055678329814,1,0.5015426157986289,0,0.0,0
44145,68.2075509748567,3,3,8.405310142609466,7,0.36430833735037516,0,0.0,0
44146,35.28249793262113,4,2,8.641070364916507,1,0.5489803829184241,0,0.0,0
44147,19.379941845963657,5,2,11.268092774197388,0,0.09595568257785658,0,0.0,0
44148,42.1516367034316,4,2,16.4638058365961,4,0.6477975987643316,0,0.0,0
44149,29.57104155772842,4,6,3.0013550216114844,7,0.6599319551845744,0,0.0,0
44150,27.20489191678303,3,7,1.8920760639897054,6,0.39347630734822114,0,0.0,0
44151,45.67997550806503,2,6,12.991983729506273,7,0.9998142610775915,0,0.0,0
44152,46.11868490273445,3,2,5.07634476580754,7,1.0002978833237064,0,0.0,0
44153,23.7412558508679,4,3,2.600460414284518,4,0.3905138956437936,0,0.0,0
44154,56.05912231176653,5,5,16.161609658817675,7,1.0000232611519393,0,0.0,0
44155,47.34623829464037,5,1,15.492962708774336,5,0.0,0,0.0,0
44156,60.67177651830859,4,2,12.942743800878498,1,0.42168855588229837,0,0.0,0
44157,38.79915875346915,3,6,16.02401242285535,7,0.24690540190043092,0,0.0,0
44158,67.43435510217938,2,3,4.697946557445261,3,0.18214178209508447,0,0.0,0
44159,52.61200109398979,5,4,7.306447425473131,3,0.2593853545015273,0,0.0,0
44160,56.01026192908151,4,6,9.908737685649355,7,0.9997635012592501,0,0.0,0
44161,49.15118555964964,0,3,15.88053562207093,7,0.9998859381316028,0,0.0,0
44162,54.56262305545104,2,3,10.654257590366502,7,0.9995479823465487,0,0.0,0
44163,51.594834803191915,4,6,11.36391299995273,7,0.5681288634036936,0,0.0,0
44164,35.66606849031465,1,2,14.304763658795588,5,0.3779197756411555,0,0.0,0
44165,36.89418027332194,2,1,12.524445652446914,1,1.000161084102988,0,0.0,0
44166,43.624951281577616,0,3,8.956701410812428,5,0.31960311925832047,0,0.0,0
44167,46.96592432783655,2,3,9.669987843491919,7,1.0151211816668695,0,0.0,0
44168,38.23956316343157,3,6,16.567506199941484,6,0.7606971335827899,0,0.0,0
44169,43.996589180156654,3,1,16.560303853425935,2,0.1518842124762354,0,0.0,0
44170,51.07424792449794,1,1,0.0,7,0.9998582256970227,0,0.0,0
44171,42.782766218326536,4,6,14.804411255763315,3,0.9999348125376987,0,0.0,0
44172,18.173419283448247,2,2,12.561527491085169,3,0.05138638302865006,0,0.0,0
44173,28.22308261570953,4,6,13.827266520270978,6,0.6857736482980326,0,0.0,0
44174,55.408601433292915,4,2,5.075034168997953,7,0.7126903678334486,0,0.0,0
44175,26.388579302857288,3,2,7.47456106722537,2,0.982633984571395,0,0.0,0
44176,64.37583103548208,3,4,19.99391005718959,7,0.8364658186761048,0,0.0,0
44177,27.105726247150685,4,2,9.365376697157927,4,0.4896510179474437,0,0.0,0
44178,33.86988849721669,3,5,17.202754515584942,7,0.9995516213874458,0,0.0,0
44179,53.66895999891538,4,1,25.41687519403235,4,0.500117674952534,0,0.0,0
44180,60.44679642229032,3,3,15.559704993114792,0,0.9999409018891322,0,0.0,0
44181,38.737832529405814,5,3,11.063631404383692,5,0.4277434911146363,0,0.0,0
44182,31.231804689029033,3,2,9.586954887794027,4,0.9998273557757142,0,0.0,0
44183,42.23653826568521,3,6,14.061915848979945,7,1.000076263526873,0,0.0,0
44184,52.53894141267646,5,6,8.96137363930799,3,0.43431558765966166,0,0.0,0
44185,29.880599279213058,3,3,7.2504818370403825,4,0.5094018047975803,0,0.0,0
44186,24.920507061103265,3,1,5.015819163125591,7,0.9999936955558844,0,0.0,0
44187,63.84527950459983,2,1,5.677651456065282,4,0.9993135841414125,0,0.0,0
44188,36.21171500760158,3,1,11.623496943342495,4,0.14422332968791163,0,0.0,0
44189,59.92322331648433,3,6,13.406789216440458,7,1.0000335066122221,0,0.0,0
44190,52.1076691457781,2,6,8.140411894860678,7,0.9998178343515499,0,0.0,0
44191,52.996100387162805,2,3,1.1408247038637231,0,0.7395213934456177,0,0.0,0
44192,50.499174189823485,1,5,4.938445186605312,3,0.5216747427962659,0,0.0,0
44193,18.743472828056714,5,3,9.362953609200977,3,0.5112711529314763,0,0.0,0
44194,61.3326772992801,3,1,8.496625253920977,7,1.0004137679896876,0,0.0,0
44195,40.49478964134935,4,3,9.081180667247,4,0.5037759079217303,0,0.0,0
44196,40.670015275612855,2,6,3.923979232785899,7,0.9996907555597523,0,0.0,0
44197,52.68959767731381,0,3,6.566362020746888,6,1.0005730740217946,0,0.0,0
44198,40.92461490300916,1,3,9.485980408333678,6,0.5006109502359679,0,0.0,0
44199,50.661403521983345,5,6,11.649075943776662,6,1.0000096014828013,0,0.0,0
44200,27.070618843817414,3,2,0.07667736348721021,4,0.38279291570303225,0,0.0,0
44201,35.34943658925724,4,7,7.202576091233481,6,0.06074110389689891,0,0.0,0
44202,40.505147373826176,2,3,10.518869758570855,7,1.0002608989736663,0,0.0,0
44203,40.126862392591214,5,3,12.829208470199456,2,0.5905060247577854,0,0.0,0
44204,39.432425749790475,2,1,20.013160220985597,2,0.34185748449534265,0,0.0,0
44205,26.71477846457038,4,1,3.146509139805488,6,1.0002383609445125,0,0.0,0
44206,21.486727309286287,2,2,6.836286542995009,7,0.3667114342736103,0,0.0,0
44207,27.903389188070705,4,3,18.041821972540077,1,0.4959015438307146,0,0.0,0
44208,46.379202058212755,4,2,2.3920558580761586,3,0.5488862401457411,0,0.0,0
44209,75.94454312900652,3,1,1.0212317759350071,6,1.000193890971055,0,0.0,0
44210,26.795855511520543,2,6,21.267082259400386,1,0.9757358335702955,0,0.0,0
44211,41.342806764895386,4,4,16.227227505095545,1,0.34354570339416046,0,0.0,0
44212,51.396661030188895,4,3,5.92228640476081,3,0.9998184988260395,0,0.0,0
44213,31.80707567065548,3,4,19.997575796455138,1,0.6697690884429209,0,0.0,0
44214,49.65494284316532,1,4,20.005446449269158,3,0.4974665716094485,0,0.0,0
44215,45.50372599274495,3,3,6.219041798810884,6,1.0000030899679702,0,0.0,0
44216,58.18448306723646,1,2,5.4173793547092925,7,1.0001943681381702,0,0.0,0
44217,28.378608264913254,3,5,11.141950621102342,4,0.9997415789655475,0,0.0,0
44218,41.68193213522084,4,3,0.0,1,1.0003126916937295,0,0.0,0
44219,21.00844991911959,3,3,4.428196155770395,0,0.0,0,0.0,0
44220,33.492462834185034,3,1,0.9373151744354438,5,0.5006037942976278,0,0.0,0
44221,56.67442081297653,4,4,20.00848737051956,1,1.0639576294298116,0,0.0,0
44222,43.076137642373475,6,2,0.0,7,0.545448064866237,0,0.0,0
44223,41.51816899674885,2,3,28.03536857559069,4,1.0002809335164797,0,0.0,0
44224,42.78470862313231,3,3,5.631555395895422,7,0.9584870087522157,0,0.0,0
44225,37.31067028091162,3,2,7.477271001337138,4,1.000456186518736,0,0.0,0
44226,45.668407082419,2,4,0.0,4,1.2367565737437185,0,0.0,0
44227,52.07101336383632,3,7,5.947160347103053,1,0.7109379362111216,0,0.0,0
44228,41.54055735184438,2,6,16.735369798900727,7,0.5699462438131958,0,0.0,0
44229,46.217775008805894,3,2,16.32764488716567,7,0.9998993807144088,0,0.0,0
44230,49.68133945766854,4,3,8.028752972003236,2,0.9601871465437698,0,0.0,0
44231,28.336762666039878,4,2,10.79467694150396,1,0.29657902006910947,0,0.0,0
44232,22.72217108200791,3,7,0.0,1,0.18009601149371846,0,0.0,0
44233,28.17120434693333,2,1,6.713153743213434,2,0.4988238783101096,0,0.0,0
44234,52.09059429710257,2,3,10.226581503922231,7,0.9323860058417599,0,0.0,0
44235,36.540546400585896,3,5,20.006084210664255,1,0.8645904292819377,0,0.0,0
44236,52.70772160582912,3,3,10.388455702195053,6,1.0000514029032532,0,0.0,0
44237,23.61989046616535,1,3,0.0,1,0.9666016200257468,0,0.0,0
44238,41.56514257768981,5,2,12.536883151731406,3,0.9474179858826823,0,0.0,0
44239,46.43169468092267,3,5,5.427304670263486,2,0.4971162942000359,0,0.0,0
44240,55.64208535859258,1,4,20.012753433923926,7,0.5380693121794778,0,0.0,0
44241,18.714943414658652,3,2,6.986607695563193,1,0.9995908427118063,0,0.0,0
44242,51.213092412891804,3,4,20.00283087115431,0,0.9995277087937233,0,0.0,0
44243,25.97925252845448,5,2,6.254215687094422,2,0.42611010769117225,0,0.0,0
44244,53.5875937600654,5,6,11.031280473316109,7,0.8207481737985022,0,0.0,0
44245,41.972865467634804,2,6,13.41340002094344,7,0.9996645798752766,0,0.0,0
44246,40.40449183529677,3,6,11.467691328035002,7,0.4641882366587658,0,0.0,0
44247,47.61386593403813,3,2,13.19841723650039,3,0.9998449823677648,0,0.0,0
44248,37.12094228684975,3,1,14.59717277319574,5,0.9999355608654845,0,0.0,0
44249,65.60144319968174,1,3,19.069334008257883,5,0.9996370736115724,0,0.0,0
44250,51.9320829370632,4,6,14.521331805914725,7,0.9999780501652595,0,0.0,0
44251,66.14175854683405,2,6,11.24670134004816,3,0.7191437282575708,0,0.0,0
44252,36.80313034227842,5,6,6.248109836572007,7,0.7701037971106288,0,0.0,0
44253,23.874283093632535,2,1,19.99403314144719,4,1.0381867242668388,0,0.0,0
44254,46.272999338523704,2,3,12.68433251674326,7,0.35577950495154353,0,0.0,0
44255,72.58954857664207,3,4,7.678311552572515,1,0.43805642903393643,0,0.0,0
44256,49.52013907376503,3,4,0.0,7,0.9562597759446734,0,0.0,0
44257,69.18641977093597,1,3,0.0,4,1.0004792345635387,0,0.0,0
44258,31.42107752904692,3,1,11.707166718296943,7,0.9996570548637034,0,0.0,0
44259,52.258380662123905,3,0,17.251433885448108,2,1.000145101903172,0,0.0,0
44260,71.08249415447227,3,5,10.256217358482512,7,0.9998651045529396,0,0.0,0
44261,41.69419373252608,3,1,14.22177840062535,7,0.9995430517418011,0,0.0,0
44262,41.13650611390325,2,2,8.553297955989557,5,0.5384366983734751,0,0.0,0
44263,31.626240375042947,2,4,3.484517242897544,6,0.32121010774475,0,0.0,0
44264,41.90648895584105,3,5,8.866269806538593,7,0.888425814262185,0,0.0,0
44265,28.582929267243983,3,5,0.04963470715744833,2,0.0033761470098432333,0,0.0,0
44266,40.49560713163306,3,4,19.99521784326216,1,0.0,0,0.0,0
44267,38.981665195884055,2,1,14.370111006557487,7,0.9998298971148438,0,0.0,0
44268,56.252285490139016,2,1,6.659292506385572,1,0.49853608158195206,0,0.0,0
44269,70.52331748469518,3,4,20.234529359531088,3,0.7134885454153364,0,0.0,0
44270,34.85865655012257,4,3,0.0,2,0.9998837816503963,0,0.0,0
44271,57.35696647522859,3,3,13.967004355157105,4,1.0002924329655705,0,0.0,0
44272,41.5520885910682,3,4,19.501852594397178,6,0.9325906732097384,0,0.0,0
44273,47.46746740949872,3,3,8.964848546736853,5,0.4925733773328854,0,0.0,0
44274,36.010601122591225,2,1,18.332915717034115,2,0.3018829784516274,0,0.0,0
44275,49.54527845465482,2,6,12.84475634317453,7,0.9999480546702567,0,0.0,0
44276,0.6889517022861256,2,3,7.377657421050222,6,0.23504560326225482,0,0.0,0
44277,45.35939587923605,3,4,10.032730899787392,7,0.5783559598544297,0,0.0,0
44278,27.617626102348524,4,2,8.226173694646242,7,0.9997214142612108,0,0.0,0
44279,34.3312625883486,5,3,11.665574034825521,3,0.49811360261817317,0,0.0,0
44280,26.895170165431825,2,1,19.585779388658644,7,0.38025246282818775,0,0.0,0
44281,7.649946165548187,4,5,2.3427781840173854,1,0.6915737305472331,0,0.0,0
44282,44.315373580155,4,1,16.724688421917406,4,0.9732852308538409,0,0.0,0
44283,38.93207339813876,1,6,11.3284704503788,0,0.37787388989113585,0,0.0,0
44284,47.23527113177432,2,4,5.1155265196614765,0,0.48526277053764044,0,0.0,0
44285,12.749537729564498,1,3,10.330349068156044,5,0.0,0,0.0,0
44286,33.09825508853775,4,3,4.022981771141762,7,0.5804010436773814,0,0.0,0
44287,24.37886772768038,1,3,8.044096429227315,1,0.48814630763375455,0,0.0,0
44288,32.99819734114031,2,3,4.167815837469324,4,0.28820220518986833,0,0.0,0
44289,21.351253688778037,1,3,17.07159375352704,3,0.6456232884388693,0,0.0,0
44290,47.474096610082604,2,3,7.415986261505777,2,0.3472693374843289,0,0.0,0
44291,41.5742310234557,5,2,6.839378645504243,2,0.45065748282336693,0,0.0,0
44292,45.37888132431548,2,6,11.959435939901175,7,0.9994153395346927,0,0.0,0
44293,45.10058246626368,3,3,10.353491783801774,4,0.9163625800540882,0,0.0,0
44294,38.935072655993245,0,3,5.019527897901822,0,0.17291425382551484,0,0.0,0
44295,26.754206855940048,2,2,9.899065464409356,7,1.0417926649354654,0,0.0,0
44296,25.588351898846238,3,2,6.705586202752793,7,1.0000080853686724,0,0.0,0
44297,55.84634491632086,1,6,17.769145121604637,4,0.6423393448185559,0,0.0,0
44298,34.92895972166627,4,7,6.255997316817451,7,1.000126205797693,0,0.0,0
44299,58.78053883560726,3,1,0.870814252032396,1,0.5139043276956681,0,0.0,0
44300,48.21309249187996,4,3,5.377891247271095,3,0.533203247039961,0,0.0,0
44301,36.20193255410844,2,3,10.411579947912822,3,0.9998818575979509,0,0.0,0
44302,46.84717542923297,2,6,23.53619899066225,1,1.0723629948380775,0,0.0,0
44303,33.302017738752156,1,4,8.949702133799184,4,0.557773207510438,0,0.0,0
44304,48.752963456532676,3,5,9.232522165334668,2,0.9996037984043131,0,0.0,0
44305,51.873300648347126,4,1,15.308176538251532,0,0.43990064648142,0,0.0,0
44306,17.447293852136177,4,4,5.719351923376094,2,1.0009118643312709,0,0.0,0
44307,33.19647931795538,2,3,22.203586247851167,2,1.000414923878209,0,0.0,0
44308,34.53660012113647,1,3,15.92817429461029,7,0.9999068988230528,0,0.0,0
44309,22.408828890970927,2,3,5.254427519433401,4,0.0,0,0.0,0
44310,36.963099911008534,1,6,20.002331122435148,1,0.1882477097802212,0,0.0,0
44311,48.81258683249509,3,3,14.225612293496914,2,1.0000862951777154,0,0.0,0
44312,58.71695002942448,3,3,12.903370083470831,4,0.3916882159305254,0,0.0,0
44313,31.86908835164536,3,3,14.309991177983798,2,0.999906326964901,0,0.0,0
44314,42.83987024792123,3,5,17.615882746569888,1,0.0,0,0.0,0
44315,57.335389541904206,5,3,6.278130330610272,7,1.0003528895133953,0,0.0,0
44316,48.73968284072866,2,1,6.932406904952177,2,0.49910163325308665,0,0.0,0
44317,54.81182918514965,3,3,18.339116636558884,7,0.9996101001804315,0,0.0,0
44318,45.58779314584593,2,3,21.40609613090559,7,0.35860752969046283,0,0.0,0
44319,45.98082778159325,3,3,20.009040532529276,4,0.9615602289092068,0,0.0,0
44320,54.78798395330201,5,6,16.872902020345272,4,0.7589652148821483,0,0.0,0
44321,29.98997623512713,2,5,23.934139280504933,1,0.0,0,0.0,0
44322,56.30735132687909,3,4,19.997796293438945,1,1.0000584896623448,0,0.0,0
44323,44.40215506066888,2,1,20.00510058890896,6,0.6449361764738617,0,0.0,0
44324,42.37921946616848,2,5,12.896287503280014,1,0.996521607870078,0,0.0,0
44325,58.99197203744056,4,4,20.003850934515903,7,1.000004397352952,0,0.0,0
44326,41.86261494436496,2,2,9.867328205474882,6,0.07817953576931258,0,0.0,0
44327,60.317258924304184,3,4,5.325673824847814,7,1.1633535644334452,0,0.0,0
44328,55.97434830134585,3,3,4.889011997937163,5,0.5467060557069277,0,0.0,0
44329,59.04643410353819,4,2,8.192765786548605,4,0.9901820870579896,0,0.0,0
44330,42.56132591632223,5,1,6.560435971443038,2,0.5013402706049321,0,0.0,0
44331,27.057804268821428,4,3,20.774094353862985,7,0.1626130953961813,0,0.0,0
44332,27.644711371127713,4,1,2.054202807833759,8,0.42589756255076466,0,0.0,0
44333,41.45557682339826,2,6,13.672330681503338,3,0.6143628574282585,0,0.0,0
44334,24.083397509840637,5,2,2.90708223065446,5,0.1368784952685408,0,0.0,0
44335,36.77920717143582,3,4,7.254662385215861,7,0.5563051472240502,0,0.0,0
44336,15.45500535095751,3,1,4.977139204054555,4,0.617614050370777,0,0.0,0
44337,28.00439156690323,1,2,7.820434827830571,6,0.9990114291784229,0,0.0,0
44338,24.513641479965216,4,3,14.560776960916398,2,0.4124101198795613,0,0.0,0
44339,31.396339541537948,6,1,3.69268827021183,1,0.08458928829764045,0,0.0,0
44340,65.98654567775098,3,5,6.409837300378035,1,0.6572167961458021,0,0.0,0
44341,66.61772401864387,4,3,10.522664157997305,0,0.9997136370754454,0,0.0,0
44342,41.27207287434631,3,3,20.002529291805097,3,0.8177583136101776,0,0.0,0
44343,43.82141571730038,1,1,20.00165192924475,2,0.7744861550272654,0,0.0,0
44344,33.969821757790754,3,3,5.920327667070123,7,1.0001123287905829,0,0.0,0
44345,46.700345390373315,3,1,19.99351761055094,4,0.6050615857584795,0,0.0,0
44346,53.14833574367073,6,1,14.025031036414148,3,0.969666676114282,0,0.0,0
44347,78.06903806320219,3,4,19.997609315690035,1,1.19127512324805,0,0.0,0
44348,47.34867631320628,3,3,9.941944232169778,7,1.0001446570294696,0,0.0,0
44349,23.58534288111072,4,2,14.013809980545489,6,0.47292853442523486,0,0.0,0
44350,38.65169249340231,4,3,9.653432539466197,2,1.0451368717725007,0,0.0,0
44351,49.65665506537444,3,2,6.188183420888673,6,0.9994567292074246,0,0.0,0
44352,35.646772755755265,3,1,2.74984151748939,3,0.5001483843151524,0,0.0,0
44353,54.48292714851317,3,3,10.455063411586924,6,1.0000966465545837,0,0.0,0
44354,49.97409164772833,2,2,0.07120282284047974,7,0.606384259125868,0,0.0,0
44355,40.6772614874934,4,6,13.405048610950894,2,0.0,0,0.0,0
44356,68.24162119907567,3,2,4.653414916036654,4,0.9612014269899993,0,0.0,0
44357,43.69175464718073,4,2,14.399848114166456,7,0.999854366875488,0,0.0,0
44358,20.531811805848506,3,1,7.435074015499566,2,1.0001475418866472,0,0.0,0
44359,30.466838383021503,1,3,13.234476689314638,1,1.00702819751392,1,1953.780423254786,1
44360,57.8513067831038,3,4,20.001316653919346,1,0.6402465691064447,0,0.0,0
44361,39.182931020815104,3,1,2.1362218266395168,4,0.49896564479146543,0,0.0,0
44362,40.15832630931032,4,3,3.9732524082762657,7,0.9998720414407398,0,0.0,0
44363,38.379448539081274,2,3,6.8859229702321,7,0.9998697126407734,0,0.0,0
44364,46.64036171405425,3,5,22.41624652047905,7,1.000551025827706,0,0.0,0
44365,42.416913361988236,1,5,16.57585008805697,7,1.0001809972978795,0,0.0,0
44366,27.223020770710328,3,2,5.096849327540415,1,0.24916340663892855,0,0.0,0
44367,21.180502843453596,3,1,6.743276618086188,1,0.9302122647976208,0,0.0,0
44368,30.764666661139064,1,3,11.67644433789125,2,0.06828076623445867,1,27294.792430030222,1
44369,44.527654479455194,5,3,0.0,2,0.988492580763414,0,0.0,0
44370,31.172108600944405,4,5,15.452379232254767,1,0.4744129361950634,0,0.0,0
44371,38.93436970769159,3,1,4.23417705234462,3,0.4646196609081069,0,0.0,0
44372,54.91931305461588,3,2,19.992017935265174,1,0.3181962715920753,0,0.0,0
44373,38.55864338129891,2,3,0.0,3,0.5015022288080588,0,0.0,0
44374,26.520057202028045,1,6,13.540141374963849,1,0.3658785599304353,0,0.0,0
44375,18.186035122544993,2,5,14.97292774808533,2,0.04117112797904632,0,0.0,0
44376,62.88163884831446,3,3,3.7684200800174823,5,0.9996391002955913,0,0.0,0
44377,57.94740363900782,2,3,0.0,7,1.0000109916212985,0,0.0,0
44378,46.23497441812345,5,2,20.00533889816743,1,0.7020510274544286,0,0.0,0
44379,49.711594615072364,4,2,15.109668150748238,7,1.0004331815534395,0,0.0,0
44380,49.04334906133524,7,3,19.997897571135503,1,0.6155863428577527,0,0.0,0
44381,44.9648524558562,7,2,13.712846377690775,3,0.9456259600682848,0,0.0,0
44382,42.49119064998623,2,5,22.866144550743076,3,0.9296563472404843,0,0.0,0
44383,43.531486508987825,5,2,14.2689820351495,1,0.16878596264075907,0,0.0,0
44384,22.59662989747406,4,4,3.962945195964412,2,0.21113737668542043,0,0.0,0
44385,78.4189760215907,4,3,10.721661763804498,7,0.9998146791992852,0,0.0,0
44386,47.64079956208036,2,5,7.620249454129608,1,0.36713787602568426,0,0.0,0
44387,50.196784027431896,2,3,0.0,3,0.9997461670147267,0,0.0,0
44388,45.104564608096766,3,3,21.729034403608757,4,1.0004381197593877,0,0.0,0
44389,27.829340927780336,3,1,19.997560225628675,5,0.46327830879068194,0,0.0,0
44390,32.27444306988469,3,5,0.0,1,0.8704873624137512,0,0.0,0
44391,55.20032417242736,3,6,7.643646119608082,7,1.0002484433894958,0,0.0,0
44392,39.760683391292844,2,1,12.551446430673138,2,0.3268757245006145,0,0.0,0
44393,46.08443659605804,3,6,18.054672679449304,4,0.9994370957562563,0,0.0,0
44394,24.222564424810507,3,1,10.399119898214972,7,0.17333346745602363,0,0.0,0
44395,30.393387999953276,1,3,3.6847509433211156,7,1.0243394765400637,1,6174.272422236695,1
44396,53.32424059235262,3,4,19.98495864357595,1,0.33724416404655716,0,0.0,0
44397,64.75098041059019,3,4,9.862038765218248,4,0.0,0,0.0,0
44398,43.37993413658906,3,3,10.020746352088722,1,0.1808014520998319,0,0.0,0
44399,39.85549787275412,3,4,17.692712729196625,0,0.6256363029066075,0,0.0,0
44400,22.717200814444993,4,1,4.590670576318443,4,0.26671135529649254,0,0.0,0
44401,37.620591714424734,4,6,21.7596291809317,4,1.0006531986052214,0,0.0,0
44402,32.32401399186937,1,3,8.535985435924179,6,0.9999924924514664,0,0.0,0
44403,47.45481747602237,4,1,9.505939601920932,7,1.0005378116417964,0,0.0,0
44404,41.42315895649366,3,3,3.711793545126292,2,0.451762010304731,0,0.0,0
44405,27.694457691298943,3,6,1.4180801980210447,2,0.5295172354925406,0,0.0,0
44406,23.093007938996188,4,3,20.854075333000836,2,0.686369488923854,0,0.0,0
44407,22.369892351796757,1,2,10.811913733862305,2,0.4525270343603195,0,0.0,0
44408,64.51086280506506,5,1,13.953817134665355,7,0.9995779019395225,0,0.0,0
44409,61.14856211214274,3,6,11.676887059938602,0,0.2505072964558783,0,0.0,0
44410,15.664390633116806,1,3,4.42763540421776,4,0.3263549042553124,0,0.0,0
44411,30.183124664151833,3,2,4.914852491873299,7,1.0005455927330935,0,0.0,0
44412,35.23606112879311,3,1,5.8894243372803725,7,1.0001784298396206,0,0.0,0
44413,60.6184726929842,4,1,19.017151044146885,7,0.9452724255829863,0,0.0,0
44414,25.489147219295162,5,2,6.167841728821406,4,0.03857007660089051,0,0.0,0
44415,45.19524455675312,2,4,19.9934762016077,1,1.0001243791810097,0,0.0,0
44416,38.305578159612224,2,1,18.4687179954719,7,0.941719187395782,0,0.0,0
44417,31.104655208446438,3,1,2.3709859022596618,7,0.9353181618915585,0,0.0,0
44418,26.618181015204296,3,6,12.49264934122472,4,0.4717357084604157,0,0.0,0
44419,31.270825528370978,3,4,12.636171907865007,4,0.7502533023526526,0,0.0,0
44420,25.818382280815705,3,2,6.470941333407066,5,0.8237537550319649,0,0.0,0
44421,63.6292760090042,3,2,3.1796861568022132,7,1.000285767100618,0,0.0,0
44422,44.16251818969359,0,1,11.053556641858481,7,0.7312299022935876,0,0.0,0
44423,45.75448559822874,1,6,10.024124620314147,0,0.3411891211352276,0,0.0,0
44424,52.8589085954299,2,2,9.950703132924183,4,0.6001059055653477,0,0.0,0
44425,42.6732762714195,3,6,5.199954260895443,6,0.7640440440299242,0,0.0,0
44426,49.41548636037986,2,3,18.89664398998403,5,1.0002148105345132,0,0.0,0
44427,38.642672975598046,2,3,20.648580289436524,3,1.0003588921955386,0,0.0,0
44428,54.25898782922509,4,1,1.9295189157880657,7,0.9477578884587261,0,0.0,0
44429,54.60801956440146,4,4,13.819532422777154,7,0.46445393990177886,0,0.0,0
44430,17.605326751712965,3,3,0.0,7,0.2171636993824143,0,0.0,0
44431,35.184649676129396,3,3,18.302541019425817,2,0.9399713746358751,0,0.0,0
44432,41.394251187294024,5,5,17.23231124544965,1,0.7388387214711444,0,0.0,0
44433,53.38043663671174,4,3,3.8099872807696613,7,1.000100632169338,0,0.0,0
44434,34.25758987763192,4,6,9.115489411463084,3,1.0004013463487706,0,0.0,0
44435,42.21896304223387,2,2,6.369509368178385,7,0.7254015590478013,0,0.0,0
44436,52.74179167042758,3,5,12.774904907964839,7,0.08377063802444995,0,0.0,0
44437,28.80500197503782,4,6,13.7386211680745,7,0.2871986608102978,0,0.0,0
44438,40.33581158126111,4,6,4.677131773775707,7,1.0005049103910781,0,0.0,0
44439,43.93922706811258,4,6,13.511658693515143,7,0.9998940540047025,0,0.0,0
44440,55.45158709137498,3,3,15.3697814047472,7,0.500704006769486,0,0.0,0
44441,27.05836265458601,3,7,15.151523354404858,6,0.17752093597741503,1,20590.882820360617,1
44442,24.165808569042248,2,3,2.8975850695885548,7,1.0004178927298404,0,0.0,0
44443,40.84637052912584,4,2,0.6627505195781698,7,0.5577266068420482,0,0.0,0
44444,61.891315903165776,3,6,14.09178535270304,3,0.999748892220419,0,0.0,0
44445,42.075565607220646,3,3,19.988826262447148,4,0.03471021118999751,0,0.0,0
44446,36.972566675582236,2,6,13.41486557434841,4,1.0002542956050382,0,0.0,0
44447,52.462405175601205,2,2,9.62495753192254,2,0.6288209551785005,0,0.0,0
44448,45.03523019275393,6,3,10.427970092153192,1,0.9997762496997002,0,0.0,0
44449,34.576111607135154,2,6,18.916510484654772,2,0.9995551342585153,0,0.0,0
44450,20.968134817561104,6,2,14.0365994767471,3,1.189244388472384,0,0.0,0
44451,36.89552266428157,4,6,17.775681147800974,3,0.4007417478592629,0,0.0,0
44452,45.028862125327386,4,2,9.093324950809277,7,0.43663679878294637,0,0.0,0
44453,43.35246558242744,1,3,18.1554209109039,7,1.0005430881418769,0,0.0,0
44454,62.97234362652975,3,3,11.912417394151726,5,0.9225629151066232,0,0.0,0
44455,40.94708389709768,3,6,6.882721916978845,5,0.32096028277317046,0,0.0,0
44456,43.62899512025676,1,6,2.68167873924968,7,0.9494704371981776,0,0.0,0
44457,42.46402910603174,2,6,20.00332280722604,1,0.7481666353768347,0,0.0,0
44458,53.81091114165448,3,1,8.633892780283833,2,0.4967525497474291,0,0.0,0
44459,50.25593567993314,5,6,20.23934825673998,1,0.9607759699987314,0,0.0,0
44460,32.83854491147538,3,2,3.7810528530595153,7,0.9999723919588849,0,0.0,0
44461,36.62879197993388,5,6,13.151060056908882,4,0.5299936062190064,0,0.0,0
44462,53.13713166121804,3,2,4.777440927143352,1,0.684268778011856,0,0.0,0
44463,26.060056043198582,2,3,16.209734189577844,2,0.689641455599358,0,0.0,0
44464,58.42856824755779,1,3,5.479149257004033,3,0.9051416680271316,0,0.0,0
44465,40.35374032302018,4,3,9.948602560227265,7,0.9997800933548113,0,0.0,0
44466,32.250194934633505,2,1,21.708666774125863,6,1.0001159867455751,0,0.0,0
44467,54.78241446408174,3,1,10.78587714035438,7,1.0002216873995728,0,0.0,0
44468,33.455545791960894,3,1,15.910257164452663,1,0.7228700397554961,0,0.0,0
44469,39.33705681448,3,2,11.761658116610729,7,0.6136253849370106,0,0.0,0
44470,41.75370692178075,2,6,10.194077378910155,1,0.9008820302568532,0,0.0,0
44471,57.04970666172383,0,3,5.482976590894512,7,1.0005338683529814,0,0.0,0
44472,52.141688824761104,4,4,19.99823344332626,1,0.9995473929712246,0,0.0,0
44473,38.475095702827545,2,2,4.582367040434831,7,1.0001715276556964,0,0.0,0
44474,34.98905093849013,1,1,14.035764068193199,3,1.020889012971035,0,0.0,0
44475,32.9780593055444,1,6,20.293236109997043,3,1.0000557922608109,0,0.0,0
44476,56.898540516937146,3,2,12.136942477193271,5,0.982598451699082,0,0.0,0
44477,37.194775705840286,6,3,7.570347517210976,1,0.8834408799699265,0,0.0,0
44478,44.25657495038809,3,4,12.101601775893227,7,1.0892252481567672,0,0.0,0
44479,29.860042239782164,1,1,3.699517928156504,7,0.39650895859581253,0,0.0,0
44480,46.454014831903095,2,3,13.068284241492016,4,0.9999966828734264,0,0.0,0
44481,37.22405169908639,1,1,6.401974383357524,2,0.9999990571743271,0,0.0,0
44482,60.804280070775896,1,3,8.946970413375455,7,0.9999997882367502,0,0.0,0
44483,52.87050613587323,2,6,12.662006196366347,7,0.38910887679059675,0,0.0,0
44484,39.07127309706657,3,3,6.927054877578239,6,0.9227641485691074,0,0.0,0
44485,33.17149563822973,4,5,15.828148520355272,4,0.44403906245396474,0,0.0,0
44486,53.35132348783945,3,6,16.490790139863684,0,1.0000553445375504,0,0.0,0
44487,34.9091601548815,1,3,13.97139991587116,6,0.5434327242013374,0,0.0,0
44488,37.07703842933697,4,4,19.99552099166202,4,0.39965613586251447,0,0.0,0
44489,44.85937752153904,4,1,6.313783344945829,3,0.4937202872466564,0,0.0,0
44490,50.88674347618965,3,6,11.806444426336135,2,0.0,0,0.0,0
44491,45.74594662317556,4,1,9.923571787832392,3,0.9596442232326576,0,0.0,0
44492,45.12468838857947,5,2,6.533682558369656,7,1.000391383376496,0,0.0,0
44493,46.16361558228979,4,3,0.0,0,0.9999159913192885,0,0.0,0
44494,66.80376381460229,3,2,7.088856072609169,7,1.0005318948333972,0,0.0,0
44495,43.037096091053535,5,1,16.230482693825305,7,0.92739614245137,0,0.0,0
44496,45.25848356378105,2,6,11.860071369963114,7,0.5638560656698292,0,0.0,0
44497,43.214065025152934,4,5,15.592397419754585,4,1.0001334320016428,0,0.0,0
44498,50.78834847014933,3,1,13.023741704372338,7,0.9996467497159744,0,0.0,0
44499,42.64638324545007,2,1,5.2887394493894035,7,0.34439739935151426,0,0.0,0
44500,28.55940893576446,2,1,20.004607915407085,1,0.9997926179383575,0,0.0,0
44501,50.27798008449409,5,3,13.19993437994303,7,0.9998183172500739,0,0.0,0
44502,23.36539164094945,3,6,1.0253770944676166,3,0.0,0,0.0,0
44503,42.1030029215028,2,6,18.272296684211476,6,1.0003111043738337,0,0.0,0
44504,46.02952192166092,5,3,21.869801616428852,7,0.9997448173361057,0,0.0,0
44505,32.9785965861141,2,3,8.596572037112733,3,0.15901557297459223,0,0.0,0
44506,31.869620257791283,3,4,12.880502902024713,3,0.7395648289807696,0,0.0,0
44507,24.295177274525255,3,1,15.673146711295876,3,0.16221942761089225,0,0.0,0
44508,56.56634342642584,3,2,11.174577224857265,7,0.8439801441006658,0,0.0,0
44509,49.66737865186872,4,6,18.389855822618784,5,0.8313884558720628,0,0.0,0
44510,41.61674268707493,2,3,8.312836956017648,7,0.9995167167908272,0,0.0,0
44511,25.629676611164005,2,6,5.99315657807575,6,0.18438798130541534,0,0.0,0
44512,40.78744231309772,5,2,15.080509324745094,7,1.0004625729449819,0,0.0,0
44513,37.84427230107376,5,6,18.81363524122631,7,0.8989635410546238,0,0.0,0
44514,18.957839608730033,8,2,7.993263880154947,7,1.0833955453929411,0,0.0,0
44515,48.15072882554542,4,6,19.68317818530266,7,1.0001941204017097,0,0.0,0
44516,47.838076819599735,2,1,8.072016836977031,3,0.9995632147057165,0,0.0,0
44517,52.63262683114216,2,6,0.9477330832197737,2,0.33537798308617384,0,0.0,0
44518,61.9055934981677,4,1,1.8313598461282865,1,0.999759593302053,0,0.0,0
44519,57.294211742449065,3,4,5.120005943830319,2,0.5237432999814375,0,0.0,0
44520,55.63120177464327,3,2,16.333443997137408,1,0.22505225634064857,0,0.0,0
44521,59.223208607379114,4,4,19.993670187632844,6,0.5019403624560148,0,0.0,0
44522,41.173905546269374,3,3,8.492178270144764,7,0.9996600300916284,0,0.0,0
44523,19.35556887979552,5,3,0.0,1,0.49454396642974013,0,0.0,0
44524,22.160536100624373,1,4,3.5518571872910627,6,0.8829605138275107,0,0.0,0
44525,40.847656403788434,5,1,18.958169548876945,7,0.23896320941194332,0,0.0,0
44526,48.96754961412419,1,1,4.348421236845468,4,0.9552870026448076,0,0.0,0
44527,44.697157276818466,3,6,15.779935074236004,6,0.7948053094330534,0,0.0,0
44528,42.488952954399615,3,1,8.188001509670933,7,0.9996153489957207,0,0.0,0
44529,28.924061521104747,3,2,1.559937294706927,5,0.1595250540118328,0,0.0,0
44530,23.160423222115867,2,2,8.674708923428256,4,0.27610681919691715,0,0.0,0
44531,70.42613224894882,3,2,21.0024230245296,1,0.9999087280456956,0,0.0,0
44532,56.98209611211935,3,2,2.5142558658263816,4,0.3465019704686435,0,0.0,0
44533,32.77085774408234,2,2,15.967950666838544,1,0.6237062527280077,0,0.0,0
44534,36.39818573035677,1,1,9.44362131626647,2,1.0007246527714688,0,0.0,0
44535,38.424641951430694,0,3,17.690615677451618,5,0.44798101455047323,0,0.0,0
44536,43.25699668732351,3,2,10.497187040514602,4,0.4426665159430011,0,0.0,0
44537,46.57493805777682,4,3,26.608367590632007,7,0.9997414206647772,0,0.0,0
44538,23.774648855327705,2,1,18.53108032182162,2,0.3213541907415067,0,0.0,0
44539,33.90778854100722,3,5,8.870367957577873,1,0.7614052052792544,0,0.0,0
44540,36.52442035925826,0,6,8.26024914694828,7,0.999835958027812,0,0.0,0
44541,32.13738260015441,2,1,0.9397842950794502,2,0.29843975470677186,0,0.0,0
44542,18.36295541843553,5,6,13.611311824197426,3,0.6112780829735566,0,0.0,0
44543,44.216950091510135,3,2,10.38399518091527,1,0.7037898432632329,0,0.0,0
44544,55.975269351947524,3,6,15.470554360692901,6,0.35555192621404325,0,0.0,0
44545,23.99968785920573,5,6,18.658450373108263,2,0.0713204684218105,1,17240.57692010308,1
44546,36.200293792765095,3,5,0.9312429339569395,7,0.9458283624024504,0,0.0,0
44547,48.99073248644937,1,6,7.664994871237862,2,0.6422308218738787,0,0.0,0
44548,39.100108376473315,2,6,4.3284808106185455,6,0.9293519014561151,0,0.0,0
44549,27.456437961368483,3,7,9.54939764233363,1,0.3437570352480184,0,0.0,0
44550,61.365065086297236,4,3,2.31363937907817,2,0.4974781388448086,0,0.0,0
44551,41.51834963023275,3,6,12.614048663153651,7,0.23962494791473388,0,0.0,0
44552,60.9075071339774,2,5,6.919732409885244,1,0.2877900578744281,0,0.0,0
44553,60.13564218436991,4,1,5.548053011807852,1,0.593438080212878,0,0.0,0
44554,48.076395233121595,2,4,11.945020782631946,1,0.9334492060093155,0,0.0,0
44555,49.555311587448294,3,4,12.774431337821198,2,0.9997350575658873,0,0.0,0
44556,43.37357246327038,2,6,14.597634229351366,6,0.4098883942981549,0,0.0,0
44557,53.807841220496016,2,1,8.379697793900032,1,0.5017485203540646,0,0.0,0
44558,20.025933839533657,3,4,5.663688061222196,2,0.8299115004209381,0,0.0,0
44559,54.45460431920438,3,3,0.0,3,0.99986973210406,0,0.0,0
44560,59.4442407688519,3,6,0.0,7,1.0003591704676844,0,0.0,0
44561,67.92367891255311,3,6,18.531057504208025,2,0.0,0,0.0,0
44562,58.875341307031405,3,1,11.97098338276571,7,1.0004833293770938,0,0.0,0
44563,57.273116621125716,2,4,13.054886513696427,7,0.9997558458603121,0,0.0,0
44564,25.863068003609992,1,3,12.948152928215501,2,0.06988016604427882,0,0.0,0
44565,67.41576424985342,3,6,12.85290237054784,5,0.22482434198412876,0,0.0,0
44566,41.04197474978781,5,6,8.059453241223391,7,0.7794951202987942,0,0.0,0
44567,29.39012262216432,3,1,12.723083236442447,7,1.00052065589206,0,0.0,0
44568,42.781198975575535,3,5,3.239790589671112,7,0.9400031114840013,0,0.0,0
44569,49.18030867313882,4,3,4.9798962152894966,7,0.48100483376138575,0,0.0,0
44570,21.23437102340439,2,3,9.698944619183344,3,0.7077117523793579,0,0.0,0
44571,58.208821687579665,3,2,6.484486922613589,5,0.25224085283379677,1,36282.43013639773,1
44572,39.353253108969824,3,6,7.888808754486739,7,1.0001219992017736,0,0.0,0
44573,29.07056813259712,3,2,9.365784204653105,5,1.0000045122307495,0,0.0,0
44574,26.81394646311324,4,6,15.264383342216421,1,0.6733129952238558,0,0.0,0
44575,51.608992473483426,4,2,12.91577980304893,5,0.5056445014409134,0,0.0,0
44576,61.99796846226781,6,4,13.27041261048086,4,0.6015432485671516,0,0.0,0
44577,44.95391623939454,2,1,8.096679101259001,2,1.0000684695132378,0,0.0,0
44578,46.02819690033896,3,1,14.199455755551826,7,1.0007440646972323,0,0.0,0
44579,53.84134862666124,4,4,20.0019722022482,2,0.4945575731503759,0,0.0,0
44580,55.303475006409485,3,3,6.518381518141236,3,0.500708791347893,0,0.0,0
44581,37.48907535735339,3,3,17.145973197441815,2,0.9999632212484708,0,0.0,0
44582,61.68184980692632,1,6,5.716756113781882,0,0.20805779699832339,0,0.0,0
44583,46.7095050367972,2,4,2.4481536944631213,3,0.7568417769962139,0,0.0,0
44584,48.13477188603521,4,6,19.970427288030013,4,1.000234196326729,0,0.0,0
44585,50.27355167633647,3,4,19.99938270425888,7,1.0004056612542034,0,0.0,0
44586,39.58810181564454,3,1,10.536599590193246,3,0.2960963360770725,0,0.0,0
44587,48.339459965295575,4,5,9.656887477892703,1,0.7026738709506084,0,0.0,0
44588,44.4510025841561,5,6,13.143235414792773,6,0.0,0,0.0,0
44589,31.176242467325487,3,3,5.53060052779483,7,0.9996644901266978,0,0.0,0
44590,47.728036204945354,3,1,14.886898441224613,2,1.0002544431760878,0,0.0,0
44591,20.553357883744024,5,6,10.673281285846862,0,0.7976744586374299,0,0.0,0
44592,65.15848227073344,0,1,0.8975630589873287,8,0.18225530797395584,0,0.0,0
44593,41.39193508647543,5,6,16.146596715145165,7,1.118610745720697,0,0.0,0
44594,46.87456505396869,3,3,12.457913701035613,0,0.2236125918714328,0,0.0,0
44595,42.460149145405445,1,2,5.83111031875736,7,0.6118514648975928,0,0.0,0
44596,33.179913374696696,2,6,13.989089064804038,3,0.5006172190266263,0,0.0,0
44597,39.09246209794082,5,3,7.586580034706652,3,0.967852890342101,0,0.0,0
44598,57.893042519677245,4,3,0.0,2,0.4990681092809798,0,0.0,0
44599,52.7542514013421,4,2,9.261682461011473,6,0.5931151875598965,0,0.0,0
44600,44.64370844133291,2,6,8.693841634939389,4,0.9999860569612637,0,0.0,0
44601,50.51828703770214,4,6,16.111983209878876,5,0.5608375093771603,0,0.0,0
44602,33.93351755009917,3,1,0.0,7,0.9384758667210051,0,0.0,0
44603,49.1297115039351,3,4,20.000531317405137,3,0.49531035439885335,0,0.0,0
44604,46.74784326506395,3,4,20.01159813909126,1,0.32346785109229537,0,0.0,0
44605,40.33345290686263,3,6,18.64506350721166,4,1.000032813025586,0,0.0,0
44606,24.952566186608074,2,1,17.206177725032227,4,0.19824918052288087,0,0.0,0
44607,24.830724837596556,4,1,13.719545142153372,0,0.4477927191823768,0,0.0,0
44608,74.77752085816894,3,3,14.334760608290825,7,0.9998135651609761,0,0.0,0
44609,47.43619416304434,3,5,2.993765487456818,3,1.000104639358383,0,0.0,0
44610,52.0992392081552,3,3,1.8305382819739542,3,0.9875792437404045,0,0.0,0
44611,54.253350772004126,5,4,20.000034420016032,7,0.4357299704137933,0,0.0,0
44612,38.89180083241046,0,6,18.896434229856524,4,0.984507308542709,0,0.0,0
44613,81.06648153262725,3,2,6.369088970667583,4,0.9995153858368955,0,0.0,0
44614,48.6055273928524,3,6,12.16627070651231,0,0.4889549253516413,0,0.0,0
44615,34.08993817645954,4,1,12.350500076692272,7,1.0000179376807545,0,0.0,0
44616,55.46800938493943,2,4,1.4721529497577208,1,0.6668697433287574,0,0.0,0
44617,51.457296987805464,0,1,8.704832724874297,3,0.3354007370577207,0,0.0,0
44618,30.242194814618394,0,2,11.318896918359663,4,0.9915723152815831,0,0.0,0
44619,44.974736436394,3,6,10.225321343397326,5,0.9998267177912135,0,0.0,0
44620,43.68617592389497,1,1,3.38774483510643,5,0.9189901790284999,0,0.0,0
44621,53.698275840406815,4,3,23.22840354971751,3,0.4939605506269482,0,0.0,0
44622,39.04333195773361,1,5,12.598729652109562,7,0.9998012334660438,0,0.0,0
44623,50.50680038851536,4,3,12.311416760624535,3,0.5908818847880889,0,0.0,0
44624,46.284497921577824,4,1,19.9936900585935,4,0.7554198446074127,0,0.0,0
44625,41.281378516653405,3,3,2.94647881775731,6,0.969744722921883,0,0.0,0
44626,32.07870512351032,1,5,1.586115576085657,1,0.3321901758614982,0,0.0,0
44627,27.789664571550603,6,2,6.057060277740387,6,0.1661787445836307,0,0.0,0
44628,24.74894863570051,3,3,13.840955503562764,4,0.3692931842758652,0,0.0,0
44629,38.31834984288348,2,1,16.274077374402598,2,0.6293183102557784,0,0.0,0
44630,61.996461370485505,4,6,23.576323577125642,7,1.000589816797275,0,0.0,0
44631,43.43844043112091,0,6,20.72180171215588,4,0.0,0,0.0,0
44632,41.32237689338704,4,4,8.11932001658943,3,0.3500767432388115,0,0.0,0
44633,53.08553470143181,6,4,15.72733996756355,5,0.999844910273612,0,0.0,0
44634,58.55813126216307,4,4,20.00560085628565,7,1.0241116768369816,0,0.0,0
44635,55.420800969740206,3,5,17.7045195736613,3,0.47543915008977966,0,0.0,0
44636,38.92082937644109,3,2,3.9798376749131164,6,0.9245033586974037,0,0.0,0
44637,59.44925491163738,2,4,20.004502343373808,7,1.000008717346515,0,0.0,0
44638,22.18230299093514,4,4,7.2682836907532895,7,0.4764078899707982,0,0.0,0
44639,43.3219712698635,5,1,16.35636950316807,7,0.6887011492964186,0,0.0,0
44640,42.17049481206862,3,1,19.99805639083518,5,0.3976208677702163,0,0.0,0
44641,43.04562152605371,5,1,12.452782318845765,2,0.9993526805546655,0,0.0,0
44642,39.49740465919303,3,1,9.141597693171356,3,1.0000133785929042,0,0.0,0
44643,49.30575978656925,3,6,7.597674980968056,4,1.000456079055981,0,0.0,0
44644,35.96465787023356,3,6,9.679298370365151,2,0.3692466051181475,0,0.0,0
44645,45.01019184740353,3,5,18.39314738400847,2,0.6825917528866737,0,0.0,0
44646,30.559928188220212,1,5,4.3939834456066,7,0.9913747391569405,1,8566.135535473202,1
44647,24.134862267998223,4,2,20.23133863392445,5,0.6772755474760956,0,0.0,0
44648,40.69138164504245,2,4,9.071577006644102,1,0.10568638064180147,0,0.0,0
44649,34.840780519962365,4,3,11.685686216801,4,0.9999130089205664,0,0.0,0
44650,39.38289131444384,2,3,19.999908696738643,1,0.7799906228814752,0,0.0,0
44651,55.76450419327082,5,6,11.64685916164039,4,0.3552544494001566,0,0.0,0
44652,54.33088843482455,3,0,11.742287580970416,7,0.9144052584633078,0,0.0,0
44653,35.74822655903077,3,6,17.286640789814186,3,0.999742907387454,0,0.0,0
44654,65.62535282895115,3,1,6.216963748957672,4,0.9997021925061945,0,0.0,0
44655,47.81610635097773,5,3,11.961597118454476,7,0.26551072917770896,0,0.0,0
44656,40.617336388374085,6,6,14.635461432763552,4,0.06195773282107375,0,0.0,0
44657,36.35645544477612,1,4,1.3345789977938285,6,0.68477132930015,0,0.0,0
44658,63.920554655273406,3,3,19.572335869711182,6,1.000104460995633,0,0.0,0
44659,62.8106340782479,1,4,19.995007435579062,7,1.119484810363406,0,0.0,0
44660,56.74624736974025,5,6,11.518641257041155,6,0.4553477750825393,0,0.0,0
44661,52.8713376822526,0,3,8.269592260119177,7,1.0004237277418069,0,0.0,0
44662,67.58437025825152,3,3,14.347803956844002,4,0.9020143484259238,0,0.0,0
44663,19.358788652973,4,4,20.609911560176684,2,0.9998620403445906,0,0.0,0
44664,45.52480918364945,3,1,6.484063077573082,5,1.0006839186375547,0,0.0,0
44665,48.8374297707507,3,2,15.634694262686144,4,1.0042030670828097,0,0.0,0
44666,48.37030373251323,1,2,14.699488294477643,6,0.4348626953098119,0,0.0,0
44667,60.31868613564211,2,1,7.035094259773948,7,1.0006538982538769,0,0.0,0
44668,26.52303568802993,1,3,13.565727041563608,5,0.39173512405171007,0,0.0,0
44669,38.3415897859886,3,1,10.069268840384279,2,0.2822419524209144,0,0.0,0
44670,31.819218388391935,1,6,23.098521541144585,1,0.9995325816245152,0,0.0,0
44671,59.0942591795059,5,3,14.594550308401791,1,0.9742359539029544,0,0.0,0
44672,42.9325196434712,1,3,14.44578001581877,7,0.48441433116739674,0,0.0,0
44673,57.273621625439525,3,4,19.994771774596245,1,1.4117841436205372,0,0.0,0
44674,45.606119015083195,5,4,19.998879230391935,1,0.7039114498450657,0,0.0,0
44675,40.819913078745856,5,6,14.911540021539775,1,1.0532559885407557,0,0.0,0
44676,44.003774305482565,4,5,18.84111712379101,2,0.7774162221484157,0,0.0,0
44677,29.534371562515474,1,5,6.992412717460405,5,0.0,0,0.0,0
44678,13.507464272009333,5,5,13.90245663659236,2,0.36485030608171765,0,0.0,0
44679,40.50490324302883,2,2,10.137222173508686,1,0.25214075793241264,0,0.0,0
44680,38.5141219233836,3,5,17.765151242758158,3,1.0017429133299394,0,0.0,0
44681,29.25050151227977,3,3,22.17968600865632,7,0.7137540769451016,0,0.0,0
44682,57.40024576865193,0,1,0.0,7,0.1919691945355757,0,0.0,0
44683,41.659838373094495,5,2,11.04061736178223,5,0.20746818430979314,0,0.0,0
44684,54.75883498254605,2,4,3.8187018338551146,4,0.5320706821759289,0,0.0,0
44685,58.537305075846334,3,2,11.980090269225787,3,0.96907174633306,0,0.0,0
44686,58.191305008981885,3,3,20.088022807751763,7,0.8886457415957063,0,0.0,0
44687,62.470326087395904,1,1,7.404768875184574,7,0.9999502406428012,0,0.0,0
44688,14.247131033809197,3,3,7.914076384714919,1,0.2168690558023908,0,0.0,0
44689,41.14371937072981,3,1,7.171761803579736,7,1.0007166856864549,0,0.0,0
44690,45.22386443773415,3,3,14.19773778866146,7,0.8264529713405496,0,0.0,0
44691,29.59397863879062,3,3,18.078960809453655,2,0.918927921274594,0,0.0,0
44692,59.08176011218545,3,4,5.97254046591486,7,0.8877604157834242,0,0.0,0
44693,37.10216123706577,2,6,8.94383427084653,4,0.6921651276965199,0,0.0,0
44694,44.920832245002906,5,6,11.694736064388024,4,0.668238950328684,0,0.0,0
44695,40.527008530365705,3,3,7.232277519197706,5,0.8890155185206478,0,0.0,0
44696,54.96236102752404,0,3,0.0,1,1.0003140673692474,0,0.0,0
44697,29.80502169172796,3,3,14.144291689380871,7,0.9997020921484011,0,0.0,0
44698,46.14993622522769,3,6,2.5667792378375385,7,0.36117344027992343,0,0.0,0
44699,42.54458123530325,2,3,16.26203038729557,7,0.4194202758187179,0,0.0,0
44700,28.360765882666385,4,2,17.912712663463545,7,0.3994294969268265,0,0.0,0
44701,47.18735573394223,4,6,11.503595199521401,4,0.0018598023820374232,0,0.0,0
44702,25.161854558307528,3,4,2.7668900633689564,1,0.3758007984175305,0,0.0,0
44703,64.80835455730161,3,5,3.883182561446758,3,0.4028005915474546,0,0.0,0
44704,36.41618690039424,1,2,2.5062632260885547,1,0.6785979715760398,0,0.0,0
44705,32.228464400983256,3,3,15.567384829960222,7,0.9998218108486984,0,0.0,0
44706,41.90448615483352,2,6,8.967427137968789,7,0.6382290518155402,0,0.0,0
44707,59.186919419334615,2,6,13.026924065587401,7,0.999975055090152,0,0.0,0
44708,55.77280046199721,5,3,0.0,7,1.0000342776870679,0,0.0,0
44709,23.728359193857266,2,3,3.649168683605284,4,0.6732819062936043,0,0.0,0
44710,47.68434569901157,4,2,7.652420887436451,4,0.9812697463210152,0,0.0,0
44711,42.979690939133775,2,5,20.000007928016522,1,0.7347007623587205,0,0.0,0
44712,52.059672674474186,2,1,18.01481218514655,1,0.6098904596543135,0,0.0,0
44713,57.13783769593205,2,4,21.18664596749806,7,0.22095925678742556,0,0.0,0
44714,46.13869686620417,4,6,19.898726313876224,3,0.1118814930973715,0,0.0,0
44715,41.260208301618825,3,3,20.002329355731504,4,0.2195241284023376,0,0.0,0
44716,41.665852917443935,5,5,2.427608006410825,2,1.0003605871526415,0,0.0,0
44717,46.45488029645082,2,3,14.428270532005829,6,0.30920526742186766,0,0.0,0
44718,52.16159401010122,3,1,9.933962638789334,7,0.999849510326526,0,0.0,0
44719,28.9341990095067,4,3,21.588245687943868,5,0.9999845255242459,0,0.0,0
44720,35.95557320158251,6,6,17.955265140280105,1,0.9690499817718113,0,0.0,0
44721,25.749628170423545,2,1,16.334421242654173,2,0.0,0,0.0,0
44722,50.99482347396759,3,3,16.387241231232153,3,0.8519974546358761,0,0.0,0
44723,20.201692756901963,3,4,20.372656897730174,4,0.012332429253000043,0,0.0,0
44724,40.46874445471346,3,6,8.928219286591364,2,0.9999596250018389,0,0.0,0
44725,53.68627059532086,4,1,17.982490208628953,7,0.999677759981657,0,0.0,0
44726,57.52386997692345,3,1,15.818082548617433,3,0.39154660927815443,0,0.0,0
44727,37.97073369545121,2,4,24.70509461767737,3,0.2032784952277008,0,0.0,0
44728,34.86775569210642,4,1,26.309370056150698,6,0.7702784899196279,0,0.0,0
44729,47.308636629605765,2,6,0.0,2,0.9361708272603956,0,0.0,0
44730,52.243373853324606,2,2,18.932028453763987,7,1.0003317308597448,0,0.0,0
44731,47.87808245605779,2,2,8.44302424144452,1,0.5125759600445731,0,0.0,0
44732,34.69902346621124,2,3,13.29575940911481,0,0.49746553319050657,0,0.0,0
44733,59.78598287703932,4,4,20.000845737399025,4,0.4990079030293497,0,0.0,0
44734,36.55906525342958,3,2,7.003794022965882,7,0.5297762619437733,0,0.0,0
44735,56.93288626768252,3,1,9.920518179860062,5,0.9473132740652577,0,0.0,0
44736,34.65702308527176,3,3,19.995976631471915,4,0.3947078234457893,0,0.0,0
44737,57.96460189694057,1,4,19.089168526629248,1,0.9581737267985837,0,0.0,0
44738,47.78558577654721,6,3,22.45872861574692,3,0.023647956032281425,0,0.0,0
44739,55.76332820130307,0,3,0.5022977649729281,3,1.0000859633269275,0,0.0,0
44740,4.54292277142013,4,1,11.976070852193189,0,0.45642913078252123,0,0.0,0
44741,23.6127977006697,2,5,12.30431512493025,5,0.0,0,0.0,0
44742,33.59787280986538,4,5,19.764985994198433,4,1.0599341212185185,0,0.0,0
44743,40.550713692362805,3,6,17.01571104803969,2,0.0,0,0.0,0
44744,35.282721663758764,2,3,15.899822671820903,1,0.4068110803390925,0,0.0,0
44745,68.09664416976626,5,6,7.960340452582782,6,0.0,0,0.0,0
44746,24.814825904520998,3,2,6.541822429624458,1,0.09053171599762655,0,0.0,0
44747,42.5681119134194,5,5,3.085858257600501,4,1.0006379403243009,0,0.0,0
44748,45.25669758264196,3,4,14.180568011527095,0,0.7428960144786138,0,0.0,0
44749,43.89750028310424,3,3,10.04873317970037,4,0.9999315562136195,0,0.0,0
44750,63.98326660215622,4,1,7.836013222563716,4,0.49913630901013706,0,0.0,0
44751,53.30696791276619,2,6,12.051180953389295,6,1.0682194864892258,0,0.0,0
44752,45.06795575997112,3,2,8.451724723603876,3,0.9724257903686777,0,0.0,0
44753,40.468356301977096,3,3,8.776059565267749,2,0.9999093185662604,0,0.0,0
44754,15.87098451898084,3,7,10.701355709930027,5,0.6336653260646257,0,0.0,0
44755,64.65731929790924,5,3,17.89025290787047,7,0.9996851229257694,0,0.0,0
44756,59.004431681554706,1,4,9.415062153154599,7,0.9996435760834244,0,0.0,0
44757,61.12035112065267,5,3,13.179458665076094,3,0.9996101255520324,0,0.0,0
44758,57.59238138228372,3,6,10.580544315074686,7,0.9996027866895469,0,0.0,0
44759,34.67255614369489,4,1,11.566059225546807,7,0.9424928854325454,0,0.0,0
44760,69.95929873363775,5,3,6.167631840781677,2,1.0001353594841584,0,0.0,0
44761,28.017290437492598,1,2,13.883182005718837,1,0.8559704740929948,0,0.0,0
44762,43.958084071722446,3,3,0.0,3,0.49435586678853216,0,0.0,0
44763,45.66575482161105,2,1,0.0,4,0.4991033882540775,0,0.0,0
44764,33.25423371893472,4,1,16.157808795565145,3,0.17462422914328934,0,0.0,0
44765,60.277830329713595,3,2,13.022959608286916,4,0.9998855249735219,0,0.0,0
44766,47.92117188487514,3,3,8.506977018924287,3,0.4986272165254631,0,0.0,0
44767,53.920789494132904,3,2,13.113682750687524,7,1.0004942898006444,0,0.0,0
44768,33.48626524211049,1,3,10.446485386175167,7,0.1569257397509397,0,0.0,0
44769,28.295484540069886,2,2,5.466344416467345,7,0.46402672679398616,0,0.0,0
44770,33.966428332749665,3,6,12.950189122875418,2,1.0001169104635574,0,0.0,0
44771,50.5790859227742,3,1,19.99861484267234,6,1.2066537071815615,0,0.0,0
44772,51.795929861933075,3,5,10.916929799705239,7,0.2687275233160155,0,0.0,0
44773,29.5222529142239,3,5,16.215551876915896,4,0.4979285774631016,0,0.0,0
44774,40.90105896334001,4,3,7.309646481481695,1,1.000311907153228,0,0.0,0
44775,37.95390470441512,4,0,10.804385739521047,6,0.9865939961985464,0,0.0,0
44776,40.14314454233124,1,4,7.327428073781888,4,0.1163776978845068,0,0.0,0
44777,60.27901787661973,3,2,11.630063311297864,2,0.20121160699030533,0,0.0,0
44778,42.79456338599212,3,3,8.657806687632753,4,0.9998649429274025,0,0.0,0
44779,33.86374072601758,2,3,15.53645633845807,4,0.3744996959724631,0,0.0,0
44780,52.81060557934387,4,4,20.007254609694925,4,0.5016654765927776,0,0.0,0
44781,41.51698970404771,3,3,11.370072073237164,5,0.125850383355253,0,0.0,0
44782,42.69764718084453,3,3,10.598267973417656,0,0.3841128007759009,0,0.0,0
44783,53.528575539964564,2,1,14.726316024035977,0,0.0,0,0.0,0
44784,39.85306734316539,3,5,18.170020710634287,5,0.26062284610318054,0,0.0,0
44785,21.048568904654598,4,1,9.478629154675321,7,0.6861963746138824,0,0.0,0
44786,63.266195403798974,3,3,12.191467187894457,4,0.5012701347776433,0,0.0,0
44787,42.74391253030932,3,1,16.546844611793755,7,1.0004988719134547,0,0.0,0
44788,52.41373504461926,3,3,3.77428931142314,4,1.000095620468659,0,0.0,0
44789,38.359683560318075,3,6,9.70191474173726,5,1.0000572858613388,0,0.0,0
44790,18.9914329499086,4,4,10.470709235550599,2,0.6961845864646788,0,0.0,0
44791,41.17137452396044,4,7,20.00301414385786,1,1.0003324279838433,0,0.0,0
44792,46.68827678497491,3,2,7.016759228992736,1,0.4822014328842049,0,0.0,0
44793,58.62511858493707,2,4,8.12015496949383,3,1.0000141365794835,0,0.0,0
44794,23.02192367206348,4,6,14.693816429123473,1,1.0779048800877677,0,0.0,0
44795,56.59806484568202,4,4,8.926597340148614,6,0.8015539553589233,0,0.0,0
44796,43.615077249119004,2,6,13.612971298773063,5,1.0003724237157243,0,0.0,0
44797,18.08801349218445,2,3,11.081603434824162,3,0.995041108934725,0,0.0,0
44798,20.079976467615506,3,1,17.56434826179106,2,1.0040486076146395,1,5689.226027444572,1
44799,23.844609480631416,3,2,2.9143333884844207,4,0.26447500456799256,0,0.0,0
44800,19.297977538005348,3,6,8.958447458189138,3,0.45050573779117886,0,0.0,0
44801,50.65845723839357,2,6,10.313450175231134,7,1.0000944688452567,0,0.0,0
44802,47.097867983439045,2,1,14.546458080233851,4,0.44619329193155355,0,0.0,0
44803,31.694111030810998,6,3,5.565511159402221,1,0.31041459172207586,0,0.0,0
44804,44.92373265860629,0,1,13.372532924981785,7,0.9703726764531062,0,0.0,0
44805,51.68764073259967,6,6,8.520387726379969,7,0.18922742217248273,0,0.0,0
44806,19.537113927504365,6,5,6.347027378045828,7,0.32192584958150766,0,0.0,0
44807,42.32427738709546,4,1,10.536691442362613,3,0.4938178604622002,0,0.0,0
44808,37.66171960512347,3,3,8.449939893466112,6,0.9994345697733942,0,0.0,0
44809,44.66423833600403,4,3,12.432797485783313,3,0.2641618282925713,0,0.0,0
44810,24.25629260726869,3,3,6.988875740762227,2,0.4949216833725095,0,0.0,0
44811,27.557235493377405,2,1,8.370882860327413,4,0.9319967042794832,0,0.0,0
44812,44.084622501230115,3,6,2.6972004058837697,3,0.6106336606002785,0,0.0,0
44813,68.94367782473147,3,5,14.176556546597368,1,1.1184485009559642,0,0.0,0
44814,59.86248298357944,1,3,8.714130842302188,3,0.25990798475028154,0,0.0,0
44815,62.65637520533414,3,6,19.05846109119636,1,1.0004835397041596,0,0.0,0
44816,60.50013907730259,2,3,12.279230904216808,7,0.4973867582813979,0,0.0,0
44817,33.69366046621217,3,1,3.187528299584822,3,1.000400549829088,0,0.0,0
44818,29.158913371319734,3,3,5.756648694242684,7,0.9996504550935428,0,0.0,0
44819,28.46766328732737,1,6,10.494549595984655,1,0.5721721243284292,0,0.0,0
44820,55.92360172719985,7,6,17.409516170936612,7,0.2797138821899978,0,0.0,0
44821,55.077012716027916,2,6,4.158509561114171,7,0.9997177726606021,0,0.0,0
44822,34.86119189391605,5,3,8.480277209087031,7,0.8247759141547462,0,0.0,0
44823,35.93810888925041,1,5,4.294580380788206,2,0.2874241818863156,0,0.0,0
44824,35.15922494673361,4,2,9.656572566915358,1,0.13164938957739514,0,0.0,0
44825,31.05499617663347,3,4,10.56410045517837,5,0.6019926072869097,0,0.0,0
44826,27.528691987980075,2,3,12.842103759621237,7,0.9095986189463342,0,0.0,0
44827,18.495319925057572,1,4,19.069175553106156,7,0.1243835078858272,0,0.0,0
44828,49.21373469031907,4,3,12.375293585739865,2,0.5306033901113183,0,0.0,0
44829,39.66825435193266,3,4,13.585632483650867,1,1.0240062979998716,0,0.0,0
44830,35.688426982975,2,1,16.260425170131853,7,0.9866580060765708,0,0.0,0
44831,46.14098047585502,1,6,7.814295729958343,2,1.000145166949017,0,0.0,0
44832,39.23113248049651,0,1,14.453546956507655,7,0.9696410072976984,0,0.0,0
44833,31.565829621165367,3,6,6.325026916806099,7,0.41044243003273034,0,0.0,0
44834,30.36299492262159,3,2,13.298501686016872,4,0.8373705204709885,0,0.0,0
44835,47.388357504699094,2,2,10.085955417132354,7,0.9998405611746859,0,0.0,0
44836,37.10638416334453,3,7,8.573905651338837,7,0.21579528394362535,0,0.0,0
44837,44.23975365656034,2,3,4.018759707465141,3,0.9999663268555767,0,0.0,0
44838,27.609875830739767,2,1,19.994655188985323,2,0.9168059548777303,0,0.0,0
44839,35.06631626303806,0,3,0.0,1,0.2211802129045567,0,0.0,0
44840,52.144989911466624,1,1,12.183654153873116,6,0.41957632739208855,0,0.0,0
44841,23.03267196207889,3,4,11.29494595189553,1,0.299467904942733,0,0.0,0
44842,40.972764583815376,3,6,14.32043094699328,7,0.9997510814829393,0,0.0,0
44843,53.33235487117012,4,3,5.58577998065896,2,0.43346642953625275,0,0.0,0
44844,12.169095568855159,2,3,6.41767761371889,7,0.893772195076612,0,0.0,0
44845,51.15355582325413,3,3,14.751294286049921,1,1.0008188374557798,0,0.0,0
44846,47.12632404658368,5,6,11.627103990313604,7,0.0,0,0.0,0
44847,28.854741220625115,3,6,10.095214903977231,4,0.396744862999859,0,0.0,0
44848,21.063465664825184,2,6,0.0,4,0.236444058832201,0,0.0,0
44849,36.327013697300714,3,2,5.647093985767713,7,1.0000367780422053,0,0.0,0
44850,18.79190921183047,5,3,4.242795226985792,2,0.5191882028718494,0,0.0,0
44851,39.105420695918276,2,1,20.00287144987555,5,0.2257169105567971,0,0.0,0
44852,36.56153573909505,2,2,9.789325755674053,7,1.0004479684875265,0,0.0,0
44853,60.42669306364581,3,3,15.720184757920796,7,0.99983574442454,0,0.0,0
44854,38.495001189139046,3,1,4.485376949162009,4,0.9860751150848341,0,0.0,0
44855,66.25583075358267,3,1,10.486494296175568,7,1.0001331853381188,0,0.0,0
44856,37.77536269118681,4,3,0.0,7,1.0004481450767582,0,0.0,0
44857,52.198956331906345,3,3,13.561417176453144,1,1.0001360755926698,0,0.0,0
44858,63.44096185869603,2,1,19.841011758550074,4,0.49670970471631215,0,0.0,0
44859,49.56418992532614,3,3,7.017405323364187,5,0.618012361083579,0,0.0,0
44860,69.0182120228545,1,1,17.85396075798986,2,0.5022153839705339,0,0.0,0
44861,36.452202365201586,1,6,14.11157431286707,6,0.0,0,0.0,0
44862,41.71475000966229,3,3,20.00566062148752,3,0.8566662393092581,0,0.0,0
44863,47.81884084209243,3,4,15.197462340190103,3,1.0039810916038487,0,0.0,0
44864,43.29897064161693,5,2,16.28513606604778,7,0.7905231385489492,0,0.0,0
44865,57.22362546845983,4,5,8.752220841969852,1,0.4990762934878691,0,0.0,0
44866,36.14840907375557,3,2,10.427519372889535,6,0.9991965137072834,0,0.0,0
44867,47.81699159698958,3,1,13.988279866466517,3,1.0005217691259405,0,0.0,0
44868,58.54482245564576,3,6,14.332819847055255,3,0.6045595822934926,0,0.0,0
44869,56.67875725217479,5,6,19.432260456890454,7,0.4582111263862999,0,0.0,0
44870,61.350317099869436,4,4,19.993051447332853,7,0.8623098290339515,0,0.0,0
44871,37.4067311378337,3,2,0.0,4,1.0002727480580267,0,0.0,0
44872,34.019062135771634,5,2,0.0,7,0.44303820564729257,0,0.0,0
44873,36.18687593187785,4,2,10.907939932836161,7,1.0001024951745716,0,0.0,0
44874,45.368155818585514,4,2,11.198148509151022,4,0.9624137745357753,0,0.0,0
44875,51.362163400132744,2,3,12.11630039995287,7,0.9997724503360703,0,0.0,0
44876,50.83891455473132,3,3,1.6309584751084092,2,0.9997053759397097,0,0.0,0
44877,67.48648340907252,3,6,16.687082412737634,4,1.000218343126813,0,0.0,0
44878,31.668848654111848,0,1,20.001571423275166,1,0.21568640412536877,0,0.0,0
44879,39.484343813809836,2,6,15.97526063873152,7,0.5173148402412989,0,0.0,0
44880,45.25496068210535,3,2,13.42067492143892,1,1.0001818650997665,0,0.0,0
44881,54.74848527023066,3,5,4.25183224930906,1,1.292570994372457,0,0.0,0
44882,39.92454611659982,1,2,14.827229736677186,6,0.46403120482831844,0,0.0,0
44883,56.62100848039943,5,6,10.572155856826994,7,0.9961903895219447,0,0.0,0
44884,41.04442895950589,1,2,2.2576145829599277,6,0.8535039748054519,0,0.0,0
44885,38.57068995631779,2,3,12.17290810936931,3,0.4963578254210095,0,0.0,0
44886,48.1981499182804,2,3,6.7810499369750215,0,0.31813100980404563,0,0.0,0
44887,21.633026030088445,2,1,4.896443506177083,4,0.4452598956929746,0,0.0,0
44888,23.453831211532002,4,1,20.002762021300242,0,0.4379347532171598,0,0.0,0
44889,34.72488097953682,4,1,10.70314184264277,3,0.9994589560643645,0,0.0,0
44890,56.315171589361185,5,1,11.972759989081352,3,0.5022472957594842,0,0.0,0
44891,43.656729173548754,4,3,8.001047595407396,1,0.5036431697891088,0,0.0,0
44892,47.45290394557793,4,1,1.2178785837649855,1,0.1691238932239435,0,0.0,0
44893,36.09599816662602,6,1,19.33241945933522,7,0.3952988602325163,0,0.0,0
44894,31.723530818877908,2,1,19.997346658906192,5,0.18283053015136663,0,0.0,0
44895,54.5116522839818,3,3,10.052020448188362,1,0.9999753181802098,0,0.0,0
44896,57.83722054140236,4,6,13.00516376452197,3,0.37940105160388654,0,0.0,0
44897,27.628291774168765,1,3,3.4817488583316276,7,1.056464709747147,1,6574.604497888162,1
44898,65.410942772086,3,6,23.113484235875475,4,1.0000893294950486,0,0.0,0
44899,20.605186970055115,2,6,12.256463725429988,6,0.0,0,0.0,0
44900,43.52998380672023,3,4,9.208835048402129,5,0.7362845122213685,0,0.0,0
44901,21.387732806513817,2,1,9.037258838712049,2,0.99946766356903,0,0.0,0
44902,41.86354836680609,4,3,14.056101852623094,7,0.9526569671271461,0,0.0,0
44903,35.95369814905345,2,2,7.303694064899904,7,0.46641133964825954,0,0.0,0
44904,52.94943478724078,2,1,8.760763065603786,7,0.9995668130177173,0,0.0,0
44905,65.01074895346272,4,4,20.010910697610946,5,0.4028452866913477,0,0.0,0
44906,16.163647864301463,3,5,15.108123728052288,1,0.5363574489619221,0,0.0,0
44907,53.57906019782147,1,1,13.44442541245132,5,0.49583722108257133,0,0.0,0
44908,46.850382180952636,4,6,20.017720055435532,7,0.9995628339152998,0,0.0,0
44909,31.76947591689411,0,3,16.675473256213465,6,0.6987865709406478,0,0.0,0
44910,46.25491439629907,2,3,7.125299282560402,7,0.9999900547427099,0,0.0,0
44911,45.55408102392386,3,1,14.053190843620717,2,0.5764803938063244,0,0.0,0
44912,42.0523430338352,3,3,14.826316154258137,1,0.5856139128868728,0,0.0,0
44913,58.50732707436677,3,3,6.958168577013537,5,1.0003774381840171,0,0.0,0
44914,50.4530587751014,4,4,8.131225089289137,6,0.35429570357104606,0,0.0,0
44915,21.483840929080156,3,4,19.992596188981423,1,0.1596496665719449,0,0.0,0
44916,48.78983645528018,2,1,4.4465826142023825,7,0.9998691224451097,0,0.0,0
44917,40.81312003248699,2,3,1.8141436371019601,3,0.4210342119031012,0,0.0,0
44918,31.86469997380719,1,1,9.49392192465011,3,0.3271085860907513,0,0.0,0
44919,25.118523439017288,4,1,3.1357030697429904,1,0.5052734007005216,0,0.0,0
44920,54.55263084312119,4,1,9.460434881148828,4,0.9999029565033208,0,0.0,0
44921,27.55676788698736,2,1,1.6805460425632788,2,0.0,0,0.0,0
44922,38.294476440946816,5,3,0.0,1,0.49690291299351763,0,0.0,0
44923,47.70501702880613,3,1,11.737472541333755,3,1.000392150989921,0,0.0,0
44924,42.29667747560979,3,1,13.77529674927185,1,0.25378970339328427,0,0.0,0
44925,59.76384315222508,4,5,14.559821624486144,2,0.13600104819622738,0,0.0,0
44926,33.54991463050179,3,6,8.425125945667318,5,1.0004767970324706,0,0.0,0
44927,46.15456786206002,3,1,16.425925216235665,0,0.9995503530107075,0,0.0,0
44928,27.950426725524885,4,1,13.586814730497784,3,0.1974316314379816,0,0.0,0
44929,49.41625853865059,3,6,7.481406900923,6,0.34920681304641465,0,0.0,0
44930,36.13519708331842,4,2,2.0253722987246654,6,0.23881727632963817,0,0.0,0
44931,36.06513283033097,2,4,20.009242663049065,3,1.0002922768030906,0,0.0,0
44932,48.484700034574956,3,1,5.32972825126478,6,0.9319736223596244,0,0.0,0
44933,38.22436395589027,1,1,8.865500808488799,7,0.9993312710223387,0,0.0,0
44934,61.477155853587334,3,3,13.436631000786837,2,0.4962184843353888,0,0.0,0
44935,31.65815008445097,4,4,20.004939040094317,1,0.8290527857161543,0,0.0,0
44936,46.672635410214966,2,1,8.53246148404135,1,1.00036543914928,0,0.0,0
44937,41.5888699427229,3,6,14.213938965232392,1,0.46136601629332796,0,0.0,0
44938,43.67997534610076,3,4,11.685214587961504,2,0.355071744955764,0,0.0,0
44939,41.902861029177714,2,3,14.97725730059329,7,0.9995454953470806,0,0.0,0
44940,48.1612712687127,4,1,10.566087066339513,3,0.9999908979513861,0,0.0,0
44941,52.7223057225855,4,1,16.880328905394787,7,0.9803205353328455,0,0.0,0
44942,38.85872169567623,2,4,17.625823367119306,2,0.6708189196140518,0,0.0,0
44943,33.75115456586024,4,3,13.148805441615727,5,0.4998771134600401,0,0.0,0
44944,39.945617545349265,3,3,21.633143146651552,1,0.9997311745613497,0,0.0,0
44945,35.27084843213804,3,1,5.236812552201206,7,0.9256745028593831,0,0.0,0
44946,0.0,1,4,2.5770271919068026,0,0.34569245736846643,0,0.0,0
44947,50.12759412613857,1,5,11.950318514501477,7,0.5944170438968163,0,0.0,0
44948,30.172349950265478,3,6,13.17884197059162,7,1.0002423167278636,0,0.0,0
44949,61.70933896056119,2,1,7.7865636132113,2,0.5056401981367382,0,0.0,0
44950,56.17576245603143,4,4,19.995740470837053,7,0.750395956565103,0,0.0,0
44951,31.997192196908145,4,1,7.079089216891065,4,1.0003853148049902,0,0.0,0
44952,46.10477153676813,3,2,15.419664632623464,6,0.9501305565524787,0,0.0,0
44953,44.14870709449811,4,3,15.024642959649938,4,0.9997619808529776,0,0.0,0
44954,33.525108147228124,4,3,14.735226294163775,1,0.9597113421611358,0,0.0,0
44955,41.95232111891054,6,3,1.514012220086327,2,0.49999331187493556,0,0.0,0
44956,46.726931564702525,2,1,20.000430834522916,1,0.8119420641029954,0,0.0,0
44957,19.446973604194728,2,6,22.13146860044807,6,0.9556186161638738,0,0.0,0
44958,34.89886581982387,2,2,9.803714822590685,3,0.3705886328068494,0,0.0,0
44959,30.625135593085602,2,2,7.196293085554704,4,0.4238232987884506,0,0.0,0
44960,25.290991889519002,3,1,10.572090846247379,7,0.4997704083422711,0,0.0,0
44961,28.321768020598633,2,6,11.704386070463777,7,0.9998933155293653,0,0.0,0
44962,22.10981627502255,3,3,18.092389188101485,5,1.0005633006810355,0,0.0,0
44963,52.7229359822601,3,6,9.136621108177465,4,0.13918158268834502,0,0.0,0
44964,19.792180167739026,4,5,4.247392393731064,3,0.33902582223662575,0,0.0,0
44965,34.96359260446259,2,6,11.477526451367753,5,1.00003830807802,0,0.0,0
44966,63.68377178341894,7,1,12.619226282108368,7,0.9997955931178037,0,0.0,0
44967,20.10684577901564,4,6,7.8847034289247,3,0.6695946222063434,0,0.0,0
44968,36.457824605376615,2,3,5.347729265742897,2,0.9995126232468083,0,0.0,0
44969,61.63256423448112,4,2,8.186491412449387,7,0.627449854890954,0,0.0,0
44970,52.87703251248284,4,1,9.378220970307648,2,0.3750726584992319,0,0.0,0
44971,52.599686610834326,5,3,11.052333111922488,7,0.4489492173600228,0,0.0,0
44972,25.946666150110413,4,2,7.914478650789114,4,0.7730471235334639,0,0.0,0
44973,64.13677022126812,3,6,13.2172943127294,7,0.9997630912097921,0,0.0,0
44974,59.66998416700557,3,4,12.796376418819621,7,0.8512385976771264,0,0.0,0
44975,27.20556270786119,1,1,14.402380227520187,1,0.9998058907250724,0,0.0,0
44976,69.14925092541648,5,3,6.038939291908203,7,1.0000388085049845,0,0.0,0
44977,39.86437541085343,0,4,20.00652773747555,7,0.9999441306427963,0,0.0,0
44978,40.02933427571922,4,3,19.998210898015724,1,0.6637545247065653,0,0.0,0
44979,27.669448183522796,5,3,9.684815106797338,3,0.4319176929925525,0,0.0,0
44980,49.99681868588458,1,2,9.718159166575354,6,0.11462752809222698,0,0.0,0
44981,45.560530530357035,2,6,17.240603824217473,7,1.0003025219674964,0,0.0,0
44982,46.32615281569354,1,5,7.2765687274358815,1,0.8505244804895211,0,0.0,0
44983,22.627066655257106,2,3,4.561789052522679,1,0.510116701039894,0,0.0,0
44984,56.59330044884436,2,1,19.99221628455149,1,0.8376275291304734,0,0.0,0
44985,35.84455519811206,3,2,10.450229528339467,7,0.9997693240149021,0,0.0,0
44986,32.76309455082026,4,3,14.56848481293642,4,0.9998184228260947,0,0.0,0
44987,51.381191440795476,2,2,11.855525802745518,7,0.610390925980667,0,0.0,0
44988,26.838106380992535,2,6,0.0,4,0.9190597329144635,0,0.0,0
44989,58.12398551148137,3,6,17.43878955720048,7,1.0003190213754127,0,0.0,0
44990,50.927160594275826,0,6,17.91105681324665,1,0.11047636824144536,0,0.0,0
44991,24.661098719571513,4,5,19.992907760202062,1,0.4712394235791928,0,0.0,0
44992,45.70294959203609,1,4,4.744171122878746,6,0.4846190757053797,0,0.0,0
44993,14.608872746605485,2,3,0.5028400213216155,6,0.17210311192178251,0,0.0,0
44994,42.682100633029144,5,2,16.181145613439448,7,0.39922220829700283,0,0.0,0
44995,37.25567989522164,3,3,5.544727936796523,2,1.0003249397918033,0,0.0,0
44996,61.90705886732684,3,3,16.87815654645413,1,0.5378097781019712,0,0.0,0
44997,38.75198969395665,3,3,14.49133795371878,2,0.511603739769083,0,0.0,0
44998,33.8643340178574,4,5,0.5449040927186459,2,1.0001692696594635,0,0.0,0
44999,50.834547843453876,3,1,9.358582234543453,5,0.06284134552974718,0,0.0,0
45000,19.651522387006715,1,3,6.785433886604358,1,0.777560312399248,0,0.0,0
45001,45.20893974347731,4,1,20.00959844881814,3,0.39444046301746255,0,0.0,0
45002,38.68789161871043,4,5,19.996956798268094,1,0.9996415508267841,0,0.0,0
45003,40.786880367686734,6,3,0.0,7,0.6185551375015537,0,0.0,0
45004,46.92037099621632,1,4,17.922952579680874,2,1.4732359617609043,0,0.0,0
45005,84.18231246808479,3,4,4.288585275304929,7,0.9594417950320954,0,0.0,0
45006,46.49869821111585,7,2,12.769729541392312,4,0.9789101854739063,0,0.0,0
45007,38.987162825480866,2,1,14.867663193302935,6,0.33395962911172183,0,0.0,0
45008,30.351330260905712,1,6,12.92676564141948,7,0.9998150283064069,0,0.0,0
45009,33.58493166826314,1,3,13.330455176169393,2,0.2476349705417657,0,0.0,0
45010,46.29252910515076,0,3,12.017391790209423,7,1.0005533616140094,0,0.0,0
45011,42.55553510151359,1,4,0.0,3,0.921571996590927,0,0.0,0
45012,58.160538366244815,2,6,14.94876067073891,6,0.9999071739919086,0,0.0,0
45013,49.38416057464505,4,1,8.759588241832185,2,1.0002859632377847,0,0.0,0
45014,32.86491294879022,6,3,18.194296179764272,1,0.498440552614528,0,0.0,0
45015,28.674194571910494,3,2,5.3050549445774875,7,0.04948380759803128,0,0.0,0
45016,40.608472970566304,3,2,11.723803213227706,7,1.0005774501730436,0,0.0,0
45017,37.178870452824164,2,3,12.996094391788734,3,1.0005420846416175,0,0.0,0
45018,43.658936250139085,2,3,6.459620386069851,1,1.0002828867935516,0,0.0,0
45019,43.293320399267046,2,3,3.9288846145731506,6,0.9999337797410516,0,0.0,0
45020,63.76772203747234,2,3,11.948972525605082,3,0.5030648350164189,0,0.0,0
45021,27.423662564174997,4,6,13.373882669607434,5,0.06859773658513069,0,0.0,0
45022,70.08828929773321,4,6,14.174351450362895,7,0.6447620309955577,0,0.0,0
45023,38.53319086013055,3,3,8.768340065146328,1,0.9998900034396758,0,0.0,0
45024,55.35550006133896,3,7,4.632694147674649,8,1.297651977646498,0,0.0,0
45025,62.063429493747556,3,1,16.219489038875118,3,0.7476454459810258,0,0.0,0
45026,60.09733918432836,3,1,12.82560528587848,1,0.08440762658504652,0,0.0,0
45027,48.152524257645595,2,2,11.0802035203538,1,0.9998133830504512,0,0.0,0
45028,24.134072117161985,3,3,2.8767179469776707,5,0.911847975651678,0,0.0,0
45029,42.51879070061537,3,6,5.312718846537905,6,0.2796077494001645,0,0.0,0
45030,32.496028026114224,2,3,14.325387556414576,7,0.9998817541862448,0,0.0,0
45031,59.243435655054135,5,6,5.901204409582815,7,1.0002281034800615,0,0.0,0
45032,44.865432427746384,1,2,6.50332932209122,7,0.3725710914220285,0,0.0,0
45033,38.89189002921997,3,1,1.9885361309678924,1,0.08192977393706358,0,0.0,0
45034,38.27972591728448,1,2,7.349292249586739,3,0.2392259110055993,0,0.0,0
45035,43.91658587747985,1,1,10.76432222059479,0,0.3694907010565757,0,0.0,0
45036,48.174004848280774,3,2,4.091973531148272,4,0.9997305145408455,0,0.0,0
45037,48.253689954910286,3,2,5.427396909863066,5,0.43568763899614016,0,0.0,0
45038,28.516933423586952,2,2,5.8587275619595856,2,0.42624405254058695,0,0.0,0
45039,46.59398419671966,4,3,22.29459972810573,7,1.0001789578152902,0,0.0,0
45040,46.67940762132731,2,6,16.327471977423,2,0.6817748953926065,0,0.0,0
45041,54.74398530546479,5,6,3.8668856233828848,3,0.5491253546995213,0,0.0,0
45042,36.15905637682055,3,3,14.825607208298504,1,0.9150933985810508,0,0.0,0
45043,46.06324216051039,4,3,11.337247336080717,2,0.9998131600904354,0,0.0,0
45044,26.75407173909797,4,4,19.056382331566248,2,1.0203660636922682,0,0.0,0
45045,54.740967431421225,5,1,19.347173832402465,0,0.4576238880174996,0,0.0,0
45046,53.246293995867475,3,1,8.572847564801187,7,1.0000887657066126,0,0.0,0
45047,63.136402128020855,3,7,16.41026876410598,7,0.18444323186751732,0,0.0,0
45048,35.27174155890909,3,5,21.036784583885904,5,1.000463020457185,0,0.0,0
45049,58.52504927322113,3,3,7.609915625512804,7,0.9993452832837665,0,0.0,0
45050,26.372672005938686,3,1,16.973133910109397,2,1.000009192421429,0,0.0,0
45051,47.713295206204855,2,6,18.768302491832316,2,0.6660993325093243,0,0.0,0
45052,27.97802763203058,1,6,21.827003350300068,4,0.6435152796649612,0,0.0,0
45053,69.12282099777244,4,3,0.0,5,0.928233885244892,0,0.0,0
45054,37.07738462460364,2,6,8.334768169049369,1,1.0090276128592428,0,0.0,0
45055,38.64238322734324,2,1,14.721009753315188,5,0.23689496808062255,0,0.0,0
45056,28.61098421350196,2,6,19.685431678088786,6,0.03387720783140724,0,0.0,0
45057,74.81381613723953,2,1,16.823162793950225,2,0.6202758057988884,0,0.0,0
45058,39.23032948491401,3,1,19.993605173443143,2,0.3030459068738106,0,0.0,0
45059,32.42360622307732,1,2,6.702098847989643,5,0.42211309537735464,0,0.0,0
45060,19.121924614588913,3,1,19.85446063571188,7,0.9999667495074271,0,0.0,0
45061,57.1795541923795,3,3,12.986951626571974,2,0.1823298420654672,0,0.0,0
45062,35.57308687495422,4,1,20.00096256859213,6,1.1836825438616858,0,0.0,0
45063,37.60002743352866,2,4,19.992629473677457,6,0.9996774767803928,0,0.0,0
45064,63.098788248415886,3,3,16.436902540444162,3,1.000153931119529,0,0.0,0
45065,60.42325097176091,3,6,8.592485063720122,5,0.6154412133307984,0,0.0,0
45066,55.196084235345054,3,5,16.131089103944245,5,0.96113845421158,0,0.0,0
45067,59.25965829938332,2,1,16.29149511949908,1,1.000333342247047,0,0.0,0
45068,30.080921340134456,4,5,12.806548516742874,4,0.501979464529863,0,0.0,0
45069,58.79493196155018,3,3,13.184808481631608,7,0.9998931175975654,0,0.0,0
45070,55.979326756917686,4,5,2.7530010917285423,3,0.9468083909655842,0,0.0,0
45071,39.26380857153743,3,4,7.290991746885519,2,0.8225840505522687,0,0.0,0
45072,29.9832259491006,3,5,18.255041660454513,7,0.9619755104240648,0,0.0,0
45073,27.48270406773798,2,5,15.092028375170042,3,0.9976477712565548,0,0.0,0
45074,41.91374724654147,1,6,12.336395253546758,7,1.0002579197225279,0,0.0,0
45075,41.97986146071386,3,4,14.777144464455777,4,0.45996540111901085,0,0.0,0
45076,36.88121704012546,1,6,12.490121697123525,1,1.0044173568725707,0,0.0,0
45077,57.50544018897688,5,1,10.043454383829486,4,0.9171468458015174,0,0.0,0
45078,44.26620980782569,1,3,5.365738157060692,2,0.9998081121516402,0,0.0,0
45079,55.30312340691609,3,4,1.6919895124544873,2,0.5048264124299853,0,0.0,0
45080,27.156109532849605,5,6,7.9463572389702435,2,0.35405610321310077,0,0.0,0
45081,26.159641558424745,4,4,5.213061388572658,5,0.36836105631657046,0,0.0,0
45082,32.03587676884494,1,3,6.467063818464925,4,0.75385941584048,0,0.0,0
45083,42.44296758867089,3,4,20.014797475774618,1,0.6823681043293345,0,0.0,0
45084,14.198434704994526,3,3,12.053580879251385,2,0.16602653672500878,0,0.0,0
45085,78.5987610841974,4,5,12.627616141897375,1,0.7278875955935894,0,0.0,0
45086,33.136004429162284,3,4,28.756332092404456,4,0.24320057496517777,0,0.0,0
45087,45.084788639760525,4,2,2.0547770544775332,1,0.6613114880702025,0,0.0,0
45088,54.54590348075259,4,2,4.8227881846280685,7,0.9999638019992299,0,0.0,0
45089,31.66392524455501,0,1,14.67438954397228,3,0.25435849064625204,0,0.0,0
45090,22.727174092925036,3,3,1.6981601002803206,5,1.0002474657314298,0,0.0,0
45091,35.40827700557964,3,1,19.994799171424468,5,0.3491137854289274,0,0.0,0
45092,51.663882939844214,4,1,12.459786324045316,6,0.5021866632871476,0,0.0,0
45093,40.81440374768362,2,2,4.549923385604588,7,0.9998966830861842,0,0.0,0
45094,39.70294580701944,3,6,8.688343936475054,7,0.9999772414359946,0,0.0,0
45095,38.19005677772162,3,4,2.36767824888652,1,0.22398958918420786,0,0.0,0
45096,51.493820633904335,2,1,16.24693631183107,2,0.9998157110825597,0,0.0,0
45097,35.6913371340114,1,1,20.010262231698505,3,0.18362289592694314,0,0.0,0
45098,52.136570414156544,1,3,9.196797753388216,3,0.204585061128776,0,0.0,0
45099,34.988877726928365,3,2,8.00730543110513,7,1.0002344107711563,1,74995.20611697042,1
45100,52.284767796619306,6,1,13.656631937633652,3,1.012477158493332,0,0.0,0
45101,45.97596673890939,1,3,0.0,6,0.5055713820704889,0,0.0,0
45102,38.00170134098352,4,6,13.871887547934497,3,0.9996200626450357,0,0.0,0
45103,51.25760370726255,6,2,9.240222477134047,1,0.6243544016833702,0,0.0,0
45104,38.070904158134454,1,6,11.362330835058467,7,0.7356031157248323,0,0.0,0
45105,25.609038983806993,1,6,7.904605815898686,3,0.0,0,0.0,0
45106,53.15936503054647,3,1,20.005263767514162,3,0.6788625420952616,0,0.0,0
45107,11.843060475476939,4,6,9.837531723594715,6,0.09451895613069727,0,0.0,0
45108,42.147400962835974,3,1,15.512280140991727,1,0.9997359548477478,0,0.0,0
45109,55.28575029685004,3,2,16.76751228568386,5,0.9623058807869781,0,0.0,0
45110,48.44667971854225,3,6,7.039928491333388,7,1.0006674666370923,0,0.0,0
45111,39.92048058359326,1,4,8.039460374773238,6,1.2954746058085052,0,0.0,0
45112,58.68881004572954,3,4,20.00359787970637,1,0.5113901545152741,0,0.0,0
45113,35.76610882689475,2,6,4.705596915281219,2,1.0001002851635277,0,0.0,0
45114,49.01681293500884,4,5,10.700775912825172,3,0.0,0,0.0,0
45115,45.24921999158389,5,3,13.796947527991039,7,0.553469126186519,0,0.0,0
45116,40.113033042777325,2,6,14.431084061174191,6,0.8197310380706662,0,0.0,0
45117,52.770126190799175,3,3,5.610100079700037,4,0.21280740050757452,0,0.0,0
45118,39.20928779956517,4,4,11.79071083704219,1,0.519846480004405,0,0.0,0
45119,49.19530927555974,3,3,12.264985121061546,7,0.9997315080640986,0,0.0,0
45120,29.005263583593866,1,6,7.88231079916974,7,0.7425424465929069,0,0.0,0
45121,65.77249478854023,3,3,10.019581551197795,7,1.000254130269887,0,0.0,0
45122,28.360274050503847,2,6,13.073229198201597,4,0.5445972477503157,0,0.0,0
45123,26.207025233593992,2,4,8.249719311405874,1,0.3599770875214118,0,0.0,0
45124,31.397522782527588,0,6,15.234448939935508,3,0.37792725102830516,0,0.0,0
45125,40.62895060111185,4,6,12.236320421900597,2,0.16901757558021357,0,0.0,0
45126,43.53828212078614,6,2,0.0,7,0.26760034097568686,0,0.0,0
45127,28.138048893693348,4,5,13.396367546053243,1,1.0007466897859476,0,0.0,0
45128,20.501034912091956,3,1,20.009470933095827,3,0.051645822652368945,0,0.0,0
45129,69.36881085645584,4,3,4.475267088214083,7,0.6608405032113444,0,0.0,0
45130,68.98308712113598,2,3,8.69037959513975,3,0.4699612861001022,0,0.0,0
45131,46.19694727190023,4,2,18.30003385540803,7,1.0004169450041889,0,0.0,0
45132,51.505718088483306,2,5,15.065833060423989,1,0.3671721082478209,0,0.0,0
45133,39.78615813633139,4,2,0.0,7,0.35441651345985076,0,0.0,0
45134,61.16424576837488,1,5,19.995119393578634,7,0.999493055337372,0,0.0,0
45135,57.627613455577944,5,4,15.925822481258074,4,0.99999632792344,0,0.0,0
45136,53.46649502817996,4,2,11.069188864367739,6,0.444966833660392,0,0.0,0
45137,50.30990432796214,2,4,10.462121926543661,1,0.9891836854131426,0,0.0,0
45138,57.62089694273226,1,6,9.346092641010685,2,0.3167162660826745,0,0.0,0
45139,63.26668640432151,3,1,10.173598020884075,7,0.9997110748454286,0,0.0,0
45140,66.19238100659305,6,3,12.612662511589347,3,0.16742430152697474,0,0.0,0
45141,47.637781590993626,3,4,19.7308949456856,2,0.3251004632328817,0,0.0,0
45142,33.337899426674426,3,1,13.249445564719034,5,1.000128653496964,0,0.0,0
45143,22.959920600161496,4,1,15.570093758336627,1,0.19366758198854722,0,0.0,0
45144,27.264849337712867,5,6,3.7829434181161323,0,0.46895754128345685,0,0.0,0
45145,26.25207269788846,5,6,9.467652686765799,1,0.5765343082543434,0,0.0,0
45146,21.981497151819696,3,4,2.6583055303008667,1,0.0,0,0.0,0
45147,34.94935883724108,2,4,20.002662962068186,1,0.550550103195327,0,0.0,0
45148,64.39303363530385,3,6,0.9516372507411468,7,0.9476422664885509,0,0.0,0
45149,58.0735887351084,3,4,20.000906715414093,4,0.999878949062743,0,0.0,0
45150,33.79514947124706,3,3,11.424349876099072,2,1.0001316206859792,0,0.0,0
45151,39.97650907558442,4,2,0.0,6,0.2937115702640379,0,0.0,0
45152,23.058036857014415,2,2,13.03120637682494,2,0.047023782868525044,0,0.0,0
45153,38.018588628244395,2,6,12.746827226092575,3,0.46629216613782065,0,0.0,0
45154,47.60563273308692,1,3,22.916447917446302,1,1.0000145233816995,0,0.0,0
45155,34.70731407870757,4,5,1.6937030352314988,1,0.9999653824411876,0,0.0,0
45156,44.44323484507933,3,6,14.875859049871579,4,0.999952891270232,0,0.0,0
45157,33.29074238499561,1,4,6.035315972982286,4,0.6315792690164601,0,0.0,0
45158,51.992267913958635,2,3,0.0,3,0.4970848013796669,0,0.0,0
45159,38.17977410914407,3,3,8.906899102327246,5,1.00042694817179,0,0.0,0
45160,27.95449507359512,3,1,3.7844322268526556,4,0.0,0,0.0,0
45161,73.6167708062278,6,4,18.185417668293738,7,1.000241770160791,0,0.0,0
45162,48.83737382374046,3,5,10.597243710838463,3,0.02016999209877013,0,0.0,0
45163,42.431465895697265,3,6,6.399797304825043,6,0.6637841210394917,0,0.0,0
45164,68.75230710926348,1,4,0.8501747351282436,6,0.8533964638986792,0,0.0,0
45165,23.40831730210198,1,6,9.165877935627174,4,0.4676507676527317,0,0.0,0
45166,56.77280691244093,3,1,0.0,2,0.20491360270541914,0,0.0,0
45167,55.22758322598303,3,3,22.444364543906666,3,0.5390128779680299,0,0.0,0
45168,52.726723024010326,5,1,14.086324815891821,2,1.0001002068448028,0,0.0,0
45169,40.544547782597235,3,5,11.275571243819904,2,0.49821628230845516,0,0.0,0
45170,26.600115190691547,4,2,10.838017247709244,4,0.9550552852604791,0,0.0,0
45171,25.59930871736077,3,1,26.937475484892335,7,0.9992734666330101,0,0.0,0
45172,47.301337358746956,3,4,19.334611585664803,7,0.9785945151617511,0,0.0,0
45173,16.425223565784634,3,4,19.986422721726967,1,0.3000896116624214,0,0.0,0
45174,6.463991855647002,3,4,8.577928096585927,2,0.6388735054191897,0,0.0,0
45175,42.68833296375849,3,2,14.996713078067827,1,0.4651718747745906,0,0.0,0
45176,32.56683450459946,3,5,20.000304456159267,1,0.48242252905313276,0,0.0,0
45177,46.685384186888335,3,2,6.987985870137431,3,0.5764350152008735,0,0.0,0
45178,34.82444732972458,3,1,20.008409340003524,4,0.503665030460981,0,0.0,0
45179,27.79853085267944,4,1,12.569757885545762,7,0.9995775163850551,0,0.0,0
45180,47.34969814164542,5,3,2.884907070543674,6,0.5038807160043766,0,0.0,0
45181,64.01985294638025,4,3,15.496083651069323,1,0.9486734325771946,0,0.0,0
45182,45.312363833352,3,1,7.463425331548597,0,0.06552289590961613,0,0.0,0
45183,18.82591203228252,3,5,0.39475998906377896,7,0.9336776815694743,0,0.0,0
45184,23.61958538736102,2,2,7.448196480397719,3,0.21048360942203564,0,0.0,0
45185,51.826847884340594,2,2,5.127665552778463,7,0.8563472199612667,0,0.0,0
45186,42.572509903554,3,2,10.773355396935907,3,0.5515282762681962,0,0.0,0
45187,28.237531349664785,3,1,10.435437562291373,7,0.9997054504293992,0,0.0,0
45188,33.31382288440851,2,6,9.896702725936697,7,0.9999371848489516,0,0.0,0
45189,33.00470436104263,2,5,16.816854719638616,3,0.5020506005350738,0,0.0,0
45190,41.500854364721484,4,2,11.067205190816711,7,0.31464157083654526,0,0.0,0
45191,32.95255657577202,1,5,0.0,7,0.5996337058036116,0,0.0,0
45192,71.16714145305122,2,1,14.528379306914132,2,0.49809672340616523,0,0.0,0
45193,17.769952481365717,4,3,6.089799126163933,0,0.9151866952541767,1,7672.773522995734,1
45194,47.60160811243772,0,6,15.926419090807833,7,0.5504238788686562,0,0.0,0
45195,52.0556866492886,2,3,15.575037880714076,7,0.6436736745175969,0,0.0,0
45196,28.658880531399056,1,2,14.824346604652145,2,0.05115568535147441,0,0.0,0
45197,45.094137219670515,2,4,1.7311095105398078,3,0.34269366795440886,0,0.0,0
45198,50.53376279718168,4,1,10.27129671887096,0,0.5004068093603925,0,0.0,0
45199,26.176873718876646,3,3,13.346960277491432,6,0.4972834847953613,0,0.0,0
45200,60.00565044115288,4,3,3.2956585786144874,4,0.999798320911572,0,0.0,0
45201,30.345818809749197,3,3,13.031125084054493,1,0.9728094637200493,0,0.0,0
45202,19.48719110424209,3,6,9.434019337823345,6,0.38097303208274796,0,0.0,0
45203,54.34815096519935,3,3,13.723421026549476,5,1.000024087239471,0,0.0,0
45204,42.41104193726506,0,1,13.315010439992992,7,0.9562713911029975,0,0.0,0
45205,39.48563335809363,2,4,6.6290670913103895,3,0.5671290688827135,0,0.0,0
45206,33.03638275091789,3,1,9.64456269455833,7,0.5679449205024953,0,0.0,0
45207,15.231080562737478,3,5,0.9793799185189691,1,0.4119390821531127,0,0.0,0
45208,42.35810750979592,2,3,2.317221290314606,7,1.0000624326875052,0,0.0,0
45209,26.724066147272758,3,7,0.53144674068961,4,0.0,0,0.0,0
45210,58.18937288576668,3,4,15.431894714894264,7,0.6749990933347967,0,0.0,0
45211,51.31346132167524,5,6,15.42677924369675,0,0.22818633271282013,0,0.0,0
45212,29.809412188983345,5,6,9.412848228208738,7,0.6505391036452507,0,0.0,0
45213,25.130316592129336,4,2,12.784201773983336,7,0.06976831989071475,0,0.0,0
45214,21.268754200606566,3,2,11.492333055447839,1,0.17506560000693272,0,0.0,0
45215,37.331293072806076,3,3,11.5096857694303,7,0.4815888422283104,0,0.0,0
45216,40.3105277922119,2,1,14.005527384406733,7,1.0006796378272846,0,0.0,0
45217,36.52693612833292,2,3,16.65616182461514,7,1.0000946081880013,0,0.0,0
45218,41.170748610496986,5,3,8.795868038437025,2,1.0003817250786549,0,0.0,0
45219,57.493973238744104,4,1,0.0,4,0.4992014853054242,0,0.0,0
45220,40.077201153465445,3,3,6.833760812078648,4,0.5010689792295965,0,0.0,0
45221,68.44880517886325,1,5,7.2160845297611935,4,0.4573914610561213,0,0.0,0
45222,15.121365836204273,3,3,12.307393737314209,2,0.5943158778232847,0,0.0,0
45223,37.45547220717271,4,2,6.058709402362184,7,0.49895886093033653,0,0.0,0
45224,55.517818415777796,3,1,26.562511972844113,7,0.9999074146825728,0,0.0,0
45225,41.3941607405311,3,1,7.141656786863061,7,1.0002890227001555,0,0.0,0
45226,55.28892604780372,3,5,23.970897262504685,3,0.40119151219249705,0,0.0,0
45227,34.08263180576398,3,1,10.279272740839845,7,1.0003135119489523,0,0.0,0
45228,49.066770719654954,3,1,14.233140459048716,7,0.9995314774693325,0,0.0,0
45229,40.29302862309107,3,3,19.997716955666117,6,0.5391254449294471,0,0.0,0
45230,65.13854095510054,6,1,3.0424847694474764,3,1.091656162399163,0,0.0,0
45231,60.62760658670962,3,1,5.663862186727368,7,1.0003345766996357,0,0.0,0
45232,28.218312242358074,5,1,15.729531427400467,2,0.999501742703732,0,0.0,0
45233,21.10904318324726,1,1,0.0,7,0.9312400735263222,0,0.0,0
45234,32.36706015562128,2,1,9.512337573363444,2,0.9996556270116572,0,0.0,0
45235,43.80684900895344,3,2,10.267636789843943,7,0.9994834464865286,0,0.0,0
45236,85.12892538261191,3,3,17.798984026072258,3,0.4981307048019796,0,0.0,0
45237,47.88116029541464,3,2,0.0,7,0.4551742981570548,0,0.0,0
45238,39.06247558609363,1,3,8.468728304257567,5,0.49438976865887774,0,0.0,0
45239,33.38476821305956,7,2,0.0,7,0.3925899580511611,0,0.0,0
45240,57.08994832476393,1,3,19.214834437412286,5,0.500086290211644,0,0.0,0
45241,32.526023963988635,3,6,16.60633203806167,4,0.999970385591298,0,0.0,0
45242,37.36115120712691,3,4,8.780890091318588,3,0.9658643060401537,0,0.0,0
45243,29.146169736944525,3,3,7.587298399783028,2,0.7233414316245218,0,0.0,0
45244,55.65301530814075,3,1,17.85386807364362,7,1.000111412135604,0,0.0,0
45245,42.22289922242072,2,3,10.94178748318727,7,1.00002201024613,0,0.0,0
45246,39.81556393805622,2,3,3.2569725315717193,2,1.000155135384682,0,0.0,0
45247,45.26610267981545,3,6,14.472013630710117,3,1.0000367368946628,0,0.0,0
45248,29.166699830025394,4,3,21.243450098365408,7,1.0002641058519117,0,0.0,0
45249,56.312939103132706,3,1,4.698537379598591,2,0.9998532561901383,0,0.0,0
45250,49.708230825933796,3,2,19.997465343167967,1,0.9998592923634936,0,0.0,0
45251,34.996120623562774,2,1,12.366504721821022,7,0.907154190596192,0,0.0,0
45252,30.393289134497266,3,2,14.52109624928683,7,1.000017844791863,0,0.0,0
45253,59.01576479643525,3,3,16.964991255944433,6,0.9994660945481695,0,0.0,0
45254,51.90223804383233,4,1,10.605176171423727,3,1.0001152489673264,0,0.0,0
45255,83.03353820637751,3,3,8.499561279823773,7,1.0703213312578768,0,0.0,0
45256,29.33351457958841,3,3,16.944027566996162,1,0.9637180559997292,0,0.0,0
45257,59.48816056530289,3,1,17.160272267618595,7,0.5658001898963804,0,0.0,0
45258,28.317925263448043,4,4,8.980554501677625,7,0.5702606450977433,0,0.0,0
45259,49.41298799861956,2,4,12.872221092190436,1,0.9607360123591739,0,0.0,0
45260,33.009478104794326,2,2,10.388352200947113,7,0.1637172676087778,0,0.0,0
45261,46.08097925314445,2,1,11.487169072868092,7,0.9997405933189973,0,0.0,0
45262,28.503709838066605,1,4,17.041802037244707,1,0.9661826215623848,0,0.0,0
45263,43.07035225556362,2,1,8.70960502281126,3,0.9621480678316034,0,0.0,0
45264,19.770948533153398,4,3,6.499192654001735,1,0.885830084911694,0,0.0,0
45265,37.56866919170639,3,6,16.597253741664897,3,0.274964180801101,0,0.0,0
45266,43.495434809199146,4,3,5.2312662708933635,2,1.0001342981586423,0,0.0,0
45267,54.52444204643311,3,3,7.737411615624424,4,0.3700764905324619,0,0.0,0
45268,44.457175919790146,3,6,15.11671116465336,3,0.7522811476521046,0,0.0,0
45269,72.78427753954654,4,2,10.200253228918635,7,0.9998921617858931,0,0.0,0
45270,53.26615723734791,3,4,20.28858582789449,7,0.41308426132696374,0,0.0,0
45271,50.957559259961855,3,1,20.00550574586196,2,0.5042744515550586,0,0.0,0
45272,52.311290076427476,0,6,16.396946945444313,4,0.22558871091459315,0,0.0,0
45273,28.987409433065924,2,1,17.216080149973283,7,0.21017931395797856,0,0.0,0
45274,25.8982703662499,5,4,11.657980910563332,4,0.4636182384528627,0,0.0,0
45275,34.195099154969014,3,1,20.359272266603128,7,0.9997927027117486,0,0.0,0
45276,27.152096224413985,2,6,12.881375604783795,2,0.2816847956835031,0,0.0,0
45277,27.6830015781932,3,6,13.341309365867211,0,0.7681533573720284,0,0.0,0
45278,49.833169439049925,3,1,15.969292471084195,2,0.9998393205213117,0,0.0,0
45279,16.596311541975407,3,1,6.824002995176254,3,0.0,0,0.0,0
45280,26.96016513582545,3,1,13.20744859910713,7,0.9998685020276099,0,0.0,0
45281,52.96145722752054,3,4,1.9591373058136625,7,0.15306662688866235,0,0.0,0
45282,35.525129908447795,5,4,20.010894008977886,2,0.9997207377207106,0,0.0,0
45283,25.84209668300619,3,4,13.843306426128972,2,1.0000294200457,0,0.0,0
45284,34.756822174199314,1,1,16.86406782955295,3,0.6656044636224012,0,0.0,0
45285,29.488067946738596,3,6,13.621401161395736,1,0.8164618297815636,0,0.0,0
45286,61.822883007776,3,4,17.553865110971536,7,0.9999169392004561,0,0.0,0
45287,16.700058310029736,4,1,8.810782295060264,3,0.31690536907547434,0,0.0,0
45288,63.262819072857305,3,3,14.401906333057404,7,1.0001027845155703,0,0.0,0
45289,66.24595488475624,5,3,5.186647334758944,5,0.9398703345814489,0,0.0,0
45290,48.669164113874075,3,3,20.000308825629645,1,0.16735364553277077,0,0.0,0
45291,41.52953906170726,1,2,13.07836001849983,1,0.4032973172100604,0,0.0,0
45292,46.435255555689814,4,3,14.526422405937659,4,0.5016766458827108,0,0.0,0
45293,40.78744904248235,1,5,10.319220342583389,4,0.6649912174948533,0,0.0,0
45294,46.83967034654238,3,4,8.494206303919118,7,0.3027295336528483,0,0.0,0
45295,51.67970714680761,3,6,5.204863775014442,2,0.31134335406353136,0,0.0,0
45296,49.982491412597724,4,5,6.59096726507501,3,0.4992932808417634,0,0.0,0
45297,44.934218350842976,0,3,4.429014774687907,5,0.49992650277874623,0,0.0,0
45298,71.48039145047018,4,1,14.127746210982515,5,0.9999025444161485,0,0.0,0
45299,22.8630198845182,2,2,17.745068316872988,1,0.777391103262896,0,0.0,0
45300,48.183496112446285,3,3,14.023031219682492,1,0.9995360842885834,0,0.0,0
45301,17.03055112933432,5,2,12.04053938379813,7,0.28394868047838573,0,0.0,0
45302,50.00060995827707,3,3,1.5102820256140568,2,0.4345450206238796,0,0.0,0
45303,48.48718548829479,4,6,9.819869623931826,6,0.6431016388361903,0,0.0,0
45304,71.08761271785588,3,4,23.554442328242335,7,0.8085948264747638,0,0.0,0
45305,50.52423186015138,1,3,4.454245153628769,4,0.5015875759095885,0,0.0,0
45306,36.20302967522187,2,3,14.336791848303871,3,0.49952229511165924,0,0.0,0
45307,55.82831207996485,3,5,12.131803768164538,1,0.5032941322895262,0,0.0,0
45308,39.366507384185354,6,2,5.0625036152538545,7,0.26432892207967335,0,0.0,0
45309,36.22130752407327,3,5,3.852262190723428,1,0.3974188434638549,0,0.0,0
45310,43.947214057391484,4,1,10.356631833963021,7,1.0003624239084643,0,0.0,0
45311,45.91412204030361,4,2,7.972577875835556,7,1.0000022408614149,0,0.0,0
45312,39.32430900978674,2,4,8.646638090071635,7,0.9996838920379089,0,0.0,0
45313,42.57977355496762,4,4,19.986834041976802,3,0.5959023443573386,0,0.0,0
45314,21.88928386611797,2,1,7.693507493225476,4,0.49972558210121315,0,0.0,0
45315,16.289085119934143,3,6,4.294643335188156,4,0.9996628615497245,0,0.0,0
45316,51.175889832045385,2,3,3.1502729694350444,3,0.9995387592667004,0,0.0,0
45317,25.631071818109476,4,6,7.753336441610852,2,0.2865496569924739,0,0.0,0
45318,32.83452423675222,2,6,6.107838258137822,4,0.999649786981039,0,0.0,0
45319,35.52153388522964,3,6,15.242677080030143,6,0.703637805278181,0,0.0,0
45320,33.71906167949954,0,2,9.416833502326389,5,0.5687071659668073,0,0.0,0
45321,58.5136408710585,3,4,16.84367061398478,1,0.5347936223638201,0,0.0,0
45322,45.467775213894164,4,1,13.3240891334205,1,1.0005369560269552,0,0.0,0
45323,43.360590708806775,3,5,16.944507010575883,1,0.7634026384223805,0,0.0,0
45324,7.050038925390091,3,2,6.906221273040596,7,0.1923292302093848,0,0.0,0
45325,66.44699210751655,3,3,12.416730989996625,2,0.697867055921625,0,0.0,0
45326,22.274818435659714,2,6,6.912528436346068,7,0.9426157900336825,0,0.0,0
45327,15.32155463983667,3,4,3.100503438215357,2,0.5785117693062176,0,0.0,0
45328,35.83710637058509,3,6,14.389911370947749,2,1.0001065526080875,0,0.0,0
45329,44.786268479728456,2,4,12.377342682684109,7,0.9998192172130619,0,0.0,0
45330,48.88608100500024,2,0,14.81265226736867,7,0.948416992261538,0,0.0,0
45331,52.61530346432417,2,1,1.5243753084432523,7,0.6301585582245749,0,0.0,0
45332,26.235812640936192,4,6,2.0530153251584142,3,0.3482504387351588,0,0.0,0
45333,55.76076212657428,1,6,14.39653061299511,1,0.9466746388054339,0,0.0,0
45334,50.88389232991937,3,1,24.11483369997308,7,1.0000552804383878,0,0.0,0
45335,23.45244565167969,3,1,11.085749042713296,6,0.9393706550209826,0,0.0,0
45336,28.261542200075546,2,3,0.7675209244781005,0,0.4686116564407461,0,0.0,0
45337,45.974035879813485,4,2,18.196431155625092,7,0.9990171647355246,0,0.0,0
45338,46.292324095666025,3,2,5.8731659080353005,5,0.4739025634778966,0,0.0,0
45339,27.900385846594915,3,4,4.3727202997818635,6,0.7071326407073942,0,0.0,0
45340,36.58662346124251,4,3,7.092165416472064,2,0.25070273874593596,0,0.0,0
45341,19.867449149289836,3,6,15.918337150336328,2,0.13114219953135764,0,0.0,0
45342,46.015472597011176,5,5,2.836396361372632,1,0.9997548467940396,0,0.0,0
45343,52.14689817359713,1,6,15.770376518870707,3,0.16329244080604,0,0.0,0
45344,39.88418893394909,3,4,20.00275535373635,1,0.5634141836484228,0,0.0,0
45345,27.18754950831339,2,1,8.15613370794453,3,0.6845562183097075,0,0.0,0
45346,34.2143167221751,0,1,19.99434975570321,1,0.4097089093305687,0,0.0,0
45347,37.98035756700916,4,1,5.405125345680393,2,0.4991159576970094,0,0.0,0
45348,45.2646433850735,1,6,2.2631803993724766,7,1.0004527704952024,0,0.0,0
45349,26.84986092440745,1,4,6.399532144965062,1,0.1627137232374264,0,0.0,0
45350,52.72054655702476,3,3,0.0,2,0.9999552000611918,0,0.0,0
45351,39.115610638466585,4,3,26.959902598218086,3,0.5641204246685284,0,0.0,0
45352,38.03638277108686,3,2,7.476030258052294,7,1.000194769343618,0,0.0,0
45353,33.727797548165114,2,6,2.362947858771035,7,0.4185139526700192,0,0.0,0
45354,34.29501793451553,5,1,12.906967840867232,3,0.49888801593948245,0,0.0,0
45355,23.18692579519157,2,7,5.750803254375108,9,0.1466109742193037,0,0.0,0
45356,43.89223464293833,5,1,0.4648036964312414,4,0.019780184751001184,0,0.0,0
45357,45.918946931096535,4,3,3.248119872356418,7,1.0006720763738817,0,0.0,0
45358,59.285337992959995,4,5,16.43667075170251,4,0.999799603920908,0,0.0,0
45359,32.58019660627226,5,6,18.118207338667084,3,0.6203360524950696,0,0.0,0
45360,55.71857162173101,5,6,10.264737824884872,1,1.026374249454798,0,0.0,0
45361,16.405551359565823,3,4,5.362213641951416,2,0.6462752224103961,0,0.0,0
45362,27.693267081055204,1,3,9.081309816161259,2,0.4985293830437084,0,0.0,0
45363,30.256124133526455,0,3,16.038446756500424,6,0.002445750305160921,0,0.0,0
45364,32.71531866694849,2,6,12.101589978277993,7,0.9995344033461432,0,0.0,0
45365,27.16307018669665,2,7,1.4492327576912718,4,0.0,0,0.0,0
45366,34.45589408135095,3,2,12.959018901529369,1,0.9997879576293957,0,0.0,0
45367,49.37638062372528,1,4,0.2262463571823048,2,0.49709894707825264,0,0.0,0
45368,48.796898590589024,4,1,19.99444246169284,1,0.6511581880008938,0,0.0,0
45369,34.0031059507239,3,3,9.530530202366833,5,1.0002656118779902,0,0.0,0
45370,27.22739689800285,4,4,20.00734865607086,4,0.6904074305939351,0,0.0,0
45371,46.81533758751386,3,4,19.19877217568337,7,0.0,0,0.0,0
45372,46.81610882515053,3,2,7.394690178925233,1,0.30668254739630413,0,0.0,0
45373,18.678855410618976,4,2,5.687299869792067,1,0.8773528462956302,0,0.0,0
45374,46.589735661164646,3,2,0.9274581706762763,1,0.4639532075009774,0,0.0,0
45375,43.682511221245676,3,3,7.231833245348211,2,1.0003545135489864,0,0.0,0
45376,52.52537570739186,2,4,0.0,4,0.0,0,0.0,0
45377,40.98263133207424,2,6,5.94243157306932,7,1.000098624364319,0,0.0,0
45378,55.21485841575948,4,1,0.0,3,0.4990803974030241,0,0.0,0
45379,0.0,3,3,8.185448767188666,2,0.0,0,0.0,0
45380,66.19513220141417,3,3,9.82072781454488,7,0.9988044756320522,0,0.0,0
45381,29.859092436895047,4,2,8.73066999402041,1,0.23549492107118136,0,0.0,0
45382,72.01989464471076,3,4,2.0450447670214054,7,1.2568038716074836,0,0.0,0
45383,43.123923470969416,4,2,16.437567902241963,7,0.9998704963358888,0,0.0,0
45384,63.05396164320013,2,5,2.029278743360786,7,0.9998401101023623,0,0.0,0
45385,49.4927447333488,2,6,13.003916737004875,7,0.7552968780675444,0,0.0,0
45386,21.81770145858032,3,2,11.833616288834147,5,0.367692104565982,0,0.0,0
45387,41.14370070464222,5,3,17.894173514911458,6,1.000356273719474,0,0.0,0
45388,38.76864445504628,2,1,20.00596444997286,2,0.3851145802428845,0,0.0,0
45389,31.54789338672795,3,4,20.004545615679966,1,1.000096635904268,0,0.0,0
45390,39.57320085863492,4,3,10.108293877971027,4,0.48747239399590553,0,0.0,0
45391,26.048674028825737,3,6,10.262093351695565,4,0.6933429179239743,0,0.0,0
45392,19.86740443750703,3,6,6.967623919044228,1,0.1700979722670335,0,0.0,0
45393,19.845826954383828,2,5,2.9823516521854234,2,0.18740756806150483,0,0.0,0
45394,36.50817612484016,5,6,17.781418581134773,1,0.9764213718020726,0,0.0,0
45395,39.36037068298599,2,3,0.0,4,0.31641903184317055,0,0.0,0
45396,68.33399992812241,3,3,11.374112408210172,4,0.9989965623162933,0,0.0,0
45397,41.406555388781065,5,4,20.001400896497714,3,0.49601788955684745,0,0.0,0
45398,43.25512494700398,3,3,13.236993882789609,2,0.5088031633490544,0,0.0,0
45399,40.61149284999046,3,3,15.324239867984751,1,0.9998479110538198,0,0.0,0
45400,36.980126992091215,2,3,6.132014850931308,2,0.2324303433798216,0,0.0,0
45401,44.0321029990884,4,2,9.83069705711929,7,0.8023868437400953,0,0.0,0
45402,59.876139167851385,3,3,10.291804939320414,1,1.0000846493129196,0,0.0,0
45403,24.19054835789098,3,2,13.086202727179035,2,0.6582404209954945,0,0.0,0
45404,44.928540830418626,3,2,7.508530174450268,5,0.3553958357461985,0,0.0,0
45405,43.64132736360365,2,3,10.105377320400002,7,0.696823023788179,0,0.0,0
45406,51.7800217342506,5,3,9.073386835582253,3,0.9385844755379762,0,0.0,0
45407,44.81226426725156,3,1,1.9129530615830763,3,0.3160511799789519,0,0.0,0
45408,57.01379013990008,1,1,5.3748343007435375,4,1.0004869920744608,0,0.0,0
45409,51.667291648032254,2,4,20.010675228074035,7,0.9996331212768776,0,0.0,0
45410,30.7651927992802,2,6,20.116510181808742,5,0.48552140931167015,0,0.0,0
45411,38.91757537904088,3,3,20.006683214338874,5,0.30802329653163524,0,0.0,0
45412,41.49978447624918,0,2,11.21736724031459,7,0.8574011866658392,0,0.0,0
45413,18.731824654053177,3,5,6.09673050419242,0,1.0000210489208063,0,0.0,0
45414,42.763178544616444,3,1,6.010631016428169,7,0.9994863632178972,0,0.0,0
45415,55.93786636537128,4,4,20.000052963368063,3,1.0004819855737148,0,0.0,0
45416,59.324804156399246,3,3,18.196410450853733,6,1.0002158488077302,0,0.0,0
45417,32.85885900910752,4,5,15.826240667419931,4,0.17097519039020692,0,0.0,0
45418,61.21465249563249,4,3,0.0,3,0.9997444603675629,0,0.0,0
45419,55.54116685017327,3,3,10.227908386311633,7,1.0003839896389581,0,0.0,0
45420,17.562586585031994,3,4,24.08141857181687,2,0.24306226085233323,0,0.0,0
45421,59.128286193919145,4,3,16.691941234227833,7,0.9998924058156183,0,0.0,0
45422,52.79766462721176,2,1,8.771809923977159,2,1.0001412516316313,0,0.0,0
45423,43.2605630901668,4,6,7.420652097763586,7,0.376475978143333,0,0.0,0
45424,32.19148245776306,2,3,11.917765355687726,1,1.0003730567936024,0,0.0,0
45425,42.18574029548485,1,3,2.4788000519381814,4,1.0000492941459362,0,0.0,0
45426,50.65452185883623,1,3,3.0104148479561434,2,0.49805268692748506,0,0.0,0
45427,27.856253698321904,2,3,20.052784222484433,2,0.5018879915858245,0,0.0,0
45428,24.437271519564593,3,6,8.629936929255422,3,0.962373903458885,1,571.8481010640136,1
45429,37.77114996712214,4,3,10.458715877644188,7,1.0431458925162942,0,0.0,0
45430,29.303626822744363,4,3,3.6321336239744317,4,0.6404832020587191,0,0.0,0
45431,26.805887209451292,3,3,11.686165636584926,2,0.20382429373302102,0,0.0,0
45432,57.12323709864671,4,2,3.434947764104093,7,1.0000753030404965,0,0.0,0
45433,22.70456698544839,4,7,1.282486964004585,4,0.0003926532862782439,0,0.0,0
45434,57.25284690661097,4,3,0.0,2,1.0001595125423697,0,0.0,0
45435,46.88056667523001,3,3,14.174447036598057,1,1.0003897939738222,0,0.0,0
45436,42.53243244934889,4,1,10.790260102483552,1,0.07651287752523006,0,0.0,0
45437,42.7691555936257,3,2,11.210981496865015,4,0.9999198094904248,0,0.0,0
45438,55.57330914538885,4,1,20.766317018486113,7,1.0155825377162027,0,0.0,0
45439,19.96066045546158,4,2,8.191249583977546,2,0.10370395710234159,0,0.0,0
45440,47.588425879227174,3,4,8.633016074327951,7,0.19349532018990323,0,0.0,0
45441,56.900003566201704,3,3,15.477336072308976,4,0.5018236494201637,0,0.0,0
45442,41.289299830868714,4,3,9.157374259327105,0,0.9998429191144538,0,0.0,0
45443,52.85523135805323,4,4,9.776901677603085,7,1.0000931188381235,0,0.0,0
45444,27.80109441402338,1,1,20.00113695341359,9,0.47959537707065725,0,0.0,0
45445,18.770323450835793,3,6,19.063583777214813,4,0.37511555814415715,0,0.0,0
45446,9.381685974789484,2,4,21.693466025388712,1,0.9461466102666451,0,0.0,0
45447,45.82013356919198,2,4,13.507372497080206,1,0.9691042271408138,0,0.0,0
45448,44.4542925479212,5,1,7.749493804855598,2,0.492657846169534,0,0.0,0
45449,37.124455589617455,0,1,14.431605910202599,7,0.9379980249932652,0,0.0,0
45450,44.64603008997644,3,3,9.269300963233377,5,0.5751944458326866,0,0.0,0
45451,53.24327917970266,3,6,4.998919581118422,2,0.5996811022026012,0,0.0,0
45452,60.11125900366187,3,5,11.033831884348556,7,0.9716476812117251,0,0.0,0
45453,37.240142336642094,4,3,7.471909275943194,6,0.9726399510571646,0,0.0,0
45454,49.96257945763372,3,3,4.6212962806865265,7,0.28161259975588265,0,0.0,0
45455,21.437477792826,0,3,18.728371907670162,1,0.9805618356087729,0,0.0,0
45456,53.78911439248692,4,6,7.649301094147874,5,0.3707666264427779,0,0.0,0
45457,42.9677238821535,5,6,21.59143685927043,6,0.9578508746845537,0,0.0,0
45458,58.232556953861724,3,1,9.124141249245394,7,1.000204139718845,0,0.0,0
45459,48.521106313368456,1,3,16.974524737722973,3,0.0,0,0.0,0
45460,28.24035905328345,3,1,16.593577440244246,6,0.9410149655427844,0,0.0,0
45461,48.406323764761574,3,3,5.689721885372321,7,1.000578406427979,0,0.0,0
45462,43.71455236435889,5,6,5.26116746818223,3,0.2694300182690649,0,0.0,0
45463,39.237373013910464,1,3,16.13336495667873,7,0.99982880603891,0,0.0,0
45464,48.19235100094706,2,5,16.842806849913494,7,0.9601332326669355,0,0.0,0
45465,39.04736139111357,3,2,2.744024177059643,5,0.6630698419848648,0,0.0,0
45466,47.051546606853336,6,2,4.557686491900366,3,0.19854588322225014,0,0.0,0
45467,60.677912177495706,3,5,14.931759963333441,7,0.5608245832170402,0,0.0,0
45468,61.88455943132459,5,6,17.807179304703595,1,0.4170692425163605,0,0.0,0
45469,53.29138069590772,2,4,18.80803550782858,1,0.7941136243709395,0,0.0,0
45470,30.4424951422411,3,6,11.239909319383376,7,0.7296015703631633,0,0.0,0
45471,45.01375878136619,4,1,15.641182213593199,5,0.357343196411918,0,0.0,0
45472,40.89249871878137,3,6,13.050169363135753,2,0.23005749092559535,0,0.0,0
45473,35.86287707944409,3,4,11.249267758753735,7,0.767228915079467,0,0.0,0
45474,55.96547121258322,3,4,19.9863130856146,1,1.0395088816080704,0,0.0,0
45475,52.4081865916702,3,6,9.245692409141562,3,1.0349947487816311,0,0.0,0
45476,47.650769412171925,4,1,19.999213168461843,7,0.7414413892654141,0,0.0,0
45477,37.05225500882639,4,1,15.873693019416578,1,0.3987667334052798,0,0.0,0
45478,50.245184775843185,4,6,19.3317858711647,3,0.6390384813956014,0,0.0,0
45479,41.32659290423074,5,2,8.565446989442504,7,0.16380253250564625,0,0.0,0
45480,54.37614729749661,7,3,12.20835770534322,1,1.000255765939374,0,0.0,0
45481,64.8729063765191,3,3,8.711047650545522,7,0.9998529561094311,0,0.0,0
45482,56.97987520307787,4,2,8.956622652096932,6,0.33715263137788826,0,0.0,0
45483,36.355798970837675,4,3,0.0,7,0.5598060355094495,0,0.0,0
45484,44.289950543774395,0,3,1.6530532521101602,3,0.43672058591654095,0,0.0,0
45485,49.804317611239426,4,2,12.971062004000574,5,0.4415439600219906,0,0.0,0
45486,35.91328439806881,2,6,13.06647170000129,4,0.17668215031792622,0,0.0,0
45487,47.107416302009085,5,3,12.314399306131113,4,1.0006571927190242,0,0.0,0
45488,43.29660478247612,4,3,0.0,3,0.50130846623191,0,0.0,0
45489,26.720763072833186,5,2,13.63702397045632,2,0.9641567838440568,0,0.0,0
45490,49.935021208522905,1,1,0.7997092063638025,2,0.4343794916494594,0,0.0,0
45491,34.11007747492569,4,3,12.703908119141028,1,0.971574478650611,0,0.0,0
45492,63.83063853545309,3,6,10.129361338083198,7,1.0255874468895356,0,0.0,0
45493,12.835229964861625,1,4,0.0,1,0.12074248435322088,0,0.0,0
45494,31.197810415859223,3,2,15.242491217196568,4,0.0,0,0.0,0
45495,54.79571656260008,4,6,22.729166615018567,7,0.9997750706828445,0,0.0,0
45496,32.88259339456626,2,3,8.42054227199318,3,0.23403455426041309,0,0.0,0
45497,59.43871444997167,4,5,11.453659358071285,1,0.49896490919182995,0,0.0,0
45498,70.7988135898895,4,5,11.519820222033532,7,0.0,0,0.0,0
45499,47.61262050839407,3,1,6.406963573999794,5,0.9996281209507257,0,0.0,0
45500,39.09740900763772,1,2,9.523517681969805,7,0.2813857225937587,0,0.0,0
45501,39.721508155920695,3,6,15.66101018431224,1,0.5476402537969803,0,0.0,0
45502,26.15662484149511,4,6,7.859408094881685,2,0.048301263108155634,0,0.0,0
45503,45.887715022792634,4,3,9.56423067440896,8,0.6493319866466994,0,0.0,0
45504,36.64502305857214,0,3,2.67562949218361,7,1.0000878974879328,1,88187.00768786865,1
45505,33.30340734360161,3,1,19.99601405437484,5,0.8376151703430262,0,0.0,0
45506,48.84613878757384,5,3,13.953633470068539,7,1.0005978789068517,0,0.0,0
45507,36.22811610075955,4,6,16.342207532936996,6,0.6617158807922091,0,0.0,0
45508,27.55218599524666,2,2,10.530603933133435,7,1.000220759453032,0,0.0,0
45509,40.39749310719593,3,0,16.17844353691289,6,0.9995263755072241,0,0.0,0
45510,36.74491374768557,4,1,20.002661797584203,1,0.15817484052772623,0,0.0,0
45511,55.48861780931586,2,4,8.388950179811328,3,0.7453885320288189,0,0.0,0
45512,34.3690926022083,1,1,2.0782831379572926,4,0.4978459472587,0,0.0,0
45513,1.8109413320993966,3,7,7.287341998126468,5,0.7746078392591333,0,0.0,0
45514,46.455993959330556,3,2,2.7218718529295955,7,0.5533438436325029,0,0.0,0
45515,7.315875675088762,5,3,4.2881198521211585,2,0.006699477589466318,0,0.0,0
45516,29.75794684401994,5,3,7.007188322772242,2,1.0001728715364717,0,0.0,0
45517,64.68115551150282,3,2,6.510064170652119,5,0.3404473865805685,0,0.0,0
45518,25.694563095453713,1,2,26.575046483936344,7,0.6582329585794173,0,0.0,0
45519,32.94774985655286,4,2,1.3049389659578932,4,0.31238135677814305,0,0.0,0
45520,52.59164869194622,3,6,0.0,7,0.5410249016906067,0,0.0,0
45521,48.63211276813923,4,6,15.770595467913608,0,0.999602040822599,0,0.0,0
45522,66.67375762236146,1,3,19.088818540690717,4,0.5212090016844723,0,0.0,0
45523,23.533597762899408,2,3,3.237789738765237,7,0.7327167372396821,0,0.0,0
45524,33.49216035568884,3,1,9.615355073858142,7,0.6942419745089763,0,0.0,0
45525,55.43219214926155,3,3,20.850787338777714,7,0.6384434452416957,0,0.0,0
45526,65.5295070847826,3,4,12.036910651654601,7,0.525335389127521,0,0.0,0
45527,57.557925778622064,2,1,1.7513751603807783,6,0.3833795489732745,1,260.4345830589876,1
45528,27.576685577957715,4,2,16.482992062421502,5,0.5771888364185849,0,0.0,0
45529,45.32600814069578,5,6,17.671523161614036,4,0.9995550222104769,0,0.0,0
45530,10.682554969656795,2,5,20.20948007535243,6,0.6887808002935731,0,0.0,0
45531,42.2318410809909,2,3,14.38098348643352,2,0.520475779002177,0,0.0,0
45532,47.92014549590306,4,3,18.205698427644432,7,0.9999048938184543,0,0.0,0
45533,44.968604107857885,4,3,2.247709863264273,3,0.999756240947071,0,0.0,0
45534,67.49911065663288,1,3,10.330505857310634,3,0.6595875680247978,0,0.0,0
45535,48.05416843914142,2,6,9.83029395801743,0,0.1381981890527254,0,0.0,0
45536,33.98868138035273,3,5,7.644985011008597,6,0.9360759459741193,0,0.0,0
45537,28.063654596709824,1,3,9.113722315568374,3,0.31300710611592086,0,0.0,0
45538,38.92468768342724,1,2,12.580478549868793,1,0.40293683911368405,0,0.0,0
45539,43.13943195421399,3,3,19.99358725111921,4,0.5203195312248843,0,0.0,0
45540,57.02855338642682,4,6,9.686835794540404,7,0.9996150495446319,0,0.0,0
45541,25.306554549395326,5,1,4.391287520797658,3,0.2692751508162515,0,0.0,0
45542,32.857208326420704,2,3,4.4916726807424725,2,0.4543974622930961,0,0.0,0
45543,24.406102699345638,1,6,18.93949570777954,6,0.29328347435203694,0,0.0,0
45544,52.59008463464141,4,3,18.759090005088648,3,0.21888025259228394,0,0.0,0
45545,48.45230134330276,4,2,9.461942470777403,1,0.766118433028982,0,0.0,0
45546,40.17661752283488,3,4,20.007295505247622,1,1.0001169425152787,0,0.0,0
45547,51.995450502660475,4,3,10.873328131727666,5,0.0,0,0.0,0
45548,41.96539919785456,4,5,9.746647795893063,4,0.49884057525355374,0,0.0,0
45549,60.45074374936281,2,6,5.053392489116609,7,0.9996930684065488,0,0.0,0
45550,34.047172695037474,3,6,15.077746742453577,2,0.32431466802555425,0,0.0,0
45551,52.569162046435736,4,2,7.797064471659839,7,1.0000991226703846,0,0.0,0
45552,38.961659597353105,3,6,13.936154145118012,1,1.0444015730712142,0,0.0,0
45553,20.45331339496928,2,6,15.917679781573217,2,0.7031895726537418,0,0.0,0
45554,41.81156423763353,4,1,15.917106703262494,2,0.5152747225967076,0,0.0,0
45555,62.37658049668968,3,5,12.756026223856642,5,0.006574205466741478,0,0.0,0
45556,35.48773598071366,2,1,2.950685260823139,3,0.14104280521788715,0,0.0,0
45557,59.8933713531009,3,6,3.8774916041788483,7,0.6212717315628452,0,0.0,0
45558,2.2490214375921624,3,3,14.916762707727482,2,0.5079953025210284,0,0.0,0
45559,20.11483357522878,1,1,13.755773581154234,3,1.0001809935813417,0,0.0,0
45560,42.05208629158666,3,4,19.991813216575743,3,1.0005058724024707,0,0.0,0
45561,50.146856930910744,5,6,11.807576950113665,1,0.06263813985201061,0,0.0,0
45562,32.342809288421755,3,4,19.998262608225495,1,1.0946096078420857,0,0.0,0
45563,46.649419375432785,3,3,12.40806709969332,6,0.9999690609911802,0,0.0,0
45564,37.0982950837697,4,3,15.987318182644248,6,0.6809000953657736,0,0.0,0
45565,72.2618699640627,3,6,12.269975674507727,1,1.0412398844180921,0,0.0,0
45566,55.67478552968433,2,4,24.36724382859532,2,0.28957504265636347,0,0.0,0
45567,28.096898496915617,3,3,14.962909694892831,0,0.38875155457043137,0,0.0,0
45568,64.27560921087533,3,3,11.712997368584924,3,1.0003259272542797,0,0.0,0
45569,50.528387670095334,2,1,10.014240634780494,3,1.0000239863721665,0,0.0,0
45570,27.963763214527503,3,1,0.0,4,0.4997937559068174,0,0.0,0
45571,61.25952925726513,2,4,20.0054372162622,1,1.000152122362652,0,0.0,0
45572,36.41009058891949,2,3,17.144801202384045,1,0.9754523369674098,0,0.0,0
45573,33.27001042205829,1,4,5.109629889137492,2,0.13277661857168455,0,0.0,0
45574,35.92010564351761,2,3,8.85567374726716,7,1.00025752188033,0,0.0,0
45575,35.62081873228064,3,2,11.943448079740092,7,1.00020765417734,0,0.0,0
45576,25.01512438561081,2,3,19.99205768785105,1,0.29765098639883325,0,0.0,0
45577,33.116757026503336,2,4,19.999417560378966,7,0.0720134629649406,0,0.0,0
45578,58.51595465995598,3,6,10.285891902219005,7,1.000173096651379,0,0.0,0
45579,44.66671598154532,5,6,7.9512578244024805,4,1.0000171440074619,0,0.0,0
45580,35.97609580629974,2,2,8.580396627888263,7,1.0001197530777302,0,0.0,0
45581,61.927207512179834,2,1,7.368129132390005,2,0.274939114968425,0,0.0,0
45582,66.39066642735314,3,4,20.005127243913993,7,1.1966549425904631,0,0.0,0
45583,46.12090561790601,2,3,15.598720864635979,0,0.3969552115428221,0,0.0,0
45584,34.84391906786283,4,2,19.992007636572453,1,1.0000557485315067,0,0.0,0
45585,44.46400716228796,4,1,5.246186833071138,1,0.5043793344250085,0,0.0,0
45586,29.783681159899402,5,6,4.784908026524137,2,0.9031826700632197,0,0.0,0
45587,50.17341752809743,4,3,18.475495521471352,7,1.0004018149435434,0,0.0,0
45588,39.79217935468221,3,4,19.997824221755543,7,0.9999392513692261,0,0.0,0
45589,34.68510849310213,2,6,12.87081079964167,7,0.3415701180475181,0,0.0,0
45590,45.94745067046195,3,6,0.0,5,0.4229650999236133,0,0.0,0
45591,43.07451340909574,0,3,8.571446697701562,4,0.9588053349800046,0,0.0,0
45592,64.47992144950786,4,6,23.01930816168076,7,1.0001307460070596,0,0.0,0
45593,33.34319621021328,3,6,20.151819765801406,3,0.8592727264929798,0,0.0,0
45594,58.23143438613788,2,6,17.14744138965132,4,0.535006624895215,0,0.0,0
45595,22.632297049074047,3,3,6.335606020061602,0,0.3570049174309826,0,0.0,0
45596,33.408615581319786,3,3,3.2539192288763026,7,0.999424884882353,0,0.0,0
45597,64.11289014675837,5,2,20.005091094887355,1,0.19012004789736853,0,0.0,0
45598,64.31407248852958,3,3,17.714681664136506,6,1.000253110735012,0,0.0,0
45599,37.84942954205632,6,1,20.83229696325698,7,0.7126045891880928,0,0.0,0
45600,22.965353564765355,4,1,11.435059834955277,2,0.4926420708036381,0,0.0,0
45601,31.84378182047941,5,6,19.01933997230872,5,0.5182307009620586,0,0.0,0
45602,32.79029345989439,3,2,11.920378412577668,1,0.9999241128193141,0,0.0,0
45603,56.53154872864337,6,4,15.795873140131206,7,1.0000290428937406,0,0.0,0
45604,42.985620529921825,4,0,20.00528267209494,1,0.9996469358416539,0,0.0,0
45605,49.34791884068237,2,6,9.138630348490892,6,1.1206351535863863,0,0.0,0
45606,38.55587783938379,2,1,1.1064956021571408,4,0.28087682199117286,0,0.0,0
45607,43.22846302869612,5,3,10.011917099696326,1,0.5326418563459312,0,0.0,0
45608,31.424524585293014,2,5,18.0812169959243,1,0.6410087079881931,0,0.0,0
45609,36.37353898252262,2,3,12.10909158482064,4,0.9997114452691556,0,0.0,0
45610,46.51924401906268,4,2,13.168758903480255,6,0.9970087890663196,0,0.0,0
45611,46.72403588956517,3,4,14.426358040907708,7,0.12410215021221582,0,0.0,0
45612,26.27223346510298,4,4,14.044155235551706,1,0.999128369127961,0,0.0,0
45613,36.64946829599407,5,3,1.5640113484163756,4,0.5031031078874438,0,0.0,0
45614,44.21205794817585,4,3,6.765440233210066,6,0.6808406922419117,0,0.0,0
45615,26.242428897477332,1,2,11.062240161144448,6,0.6061313878330703,0,0.0,0
45616,39.32530212752079,5,1,7.56481172268634,4,1.0001075911836432,0,0.0,0
45617,37.11814591377107,5,3,0.0,0,0.9999771969336227,0,0.0,0
45618,42.39060300788319,4,3,6.496709618252522,2,0.4495709957475128,0,0.0,0
45619,27.818879928894205,3,3,13.53742545488745,3,0.9999456975454739,0,0.0,0
45620,32.84525213067537,5,6,15.038947414560035,7,0.344573329021461,0,0.0,0
45621,48.13467968009458,5,3,4.473211440478059,3,0.502068471055521,0,0.0,0
45622,47.15957649897225,3,6,12.818729524815426,3,1.0000853925520086,0,0.0,0
45623,45.102544505624685,3,2,9.984424776571023,1,0.5935659823768786,0,0.0,0
45624,34.07595069674335,1,4,6.294674993125218,3,0.0,0,0.0,0
45625,23.433448794678103,3,7,13.028924106920734,1,0.5113104624207601,0,0.0,0
45626,41.90826414573115,1,6,16.491113909513142,7,0.9999374948055499,0,0.0,0
45627,56.79591756513126,1,1,12.965781912545864,7,0.5042429971772244,0,0.0,0
45628,56.00245661803566,0,1,3.2293220355194157,7,0.96379877922551,0,0.0,0
45629,47.61658428890734,0,1,18.017127738504808,3,0.9455055096124123,0,0.0,0
45630,48.39087567979443,1,3,7.666560247317003,7,0.9996197328891074,0,0.0,0
45631,40.83132607662981,3,6,9.8846207731737,4,1.0001813169888905,0,0.0,0
45632,42.65667642709732,5,3,5.346185974358415,0,1.000325399620682,0,0.0,0
45633,53.2257345441214,1,3,6.541247202252917,2,0.46481393348046696,0,0.0,0
45634,36.42123066793187,2,1,9.758424675232405,0,0.39790339297682287,0,0.0,0
45635,45.25949370616844,1,6,8.530141802365105,7,0.6502527086893127,0,0.0,0
45636,38.25350192161688,0,4,20.00102124021157,1,0.08156000788423012,0,0.0,0
45637,41.8187116349378,4,6,10.986522871500172,3,0.4534390169968913,0,0.0,0
45638,52.426738610455786,3,4,5.184323873759188,4,1.1019272045598054,0,0.0,0
45639,38.789943471851714,3,2,11.43138164988231,7,1.0001395955974846,0,0.0,0
45640,24.195391384024518,3,5,0.0,5,0.7740900236570274,1,89652.6292302288,1
45641,10.188725553044215,2,2,11.959794922835277,1,0.021731512718411228,0,0.0,0
45642,42.264270035012395,3,4,19.997469201243753,1,0.9488773983652168,0,0.0,0
45643,45.21497920944687,4,3,4.671609391290716,4,0.9995895625969777,0,0.0,0
45644,36.56208355968622,2,1,15.479247494690743,7,0.9639359335802937,0,0.0,0
45645,46.55743612433862,3,6,15.631309542299874,5,0.8254530095097528,0,0.0,0
45646,48.78900504705126,3,1,14.495315765265918,2,0.2686212678963889,0,0.0,0
45647,24.005262233038152,3,3,20.000445778600607,3,0.3416180240624856,0,0.0,0
45648,37.32048798382447,3,6,4.648813753404699,7,0.9999652206329632,0,0.0,0
45649,35.95192518438586,4,3,17.441897004887974,4,0.675992349613334,0,0.0,0
45650,49.51393315207275,3,6,12.332694975920086,3,0.47626799836620526,0,0.0,0
45651,39.761318781408505,3,5,9.75171934362259,2,0.2763443753130006,0,0.0,0
45652,43.915569943110995,3,4,16.00504344220658,2,3.056242900545403e-05,0,0.0,0
45653,46.43524103733182,5,6,9.524004406377031,7,0.7119174539438562,0,0.0,0
45654,35.89571384905844,2,3,8.801030488040698,2,0.9530015824826364,0,0.0,0
45655,42.45481060935675,4,1,5.542430554057292,3,0.9994962451257945,0,0.0,0
45656,39.70891559793829,3,4,7.053957750546156,7,0.24173050595978068,0,0.0,0
45657,65.09453437087404,3,4,3.3480218143152447,2,1.2026101111196996,0,0.0,0
45658,62.6985252399552,3,5,8.41983869685302,7,1.000070773018657,0,0.0,0
45659,43.3798267867556,4,2,4.115927444988307,1,0.7810575312492437,0,0.0,0
45660,31.922199523978854,1,1,0.0,7,0.16310594727835703,0,0.0,0
45661,41.37543812683489,1,1,6.2847129195297295,3,0.25811345549800974,0,0.0,0
45662,27.877402948088804,5,6,10.562588509783673,4,0.5113127874722844,0,0.0,0
45663,39.42997788007093,3,2,2.163522164054058,6,0.6570800857736492,0,0.0,0
45664,53.035933380217244,0,3,0.0417215061137739,7,0.7753644858199793,0,0.0,0
45665,61.05839975619608,2,4,19.99928290253669,7,0.8518510158057055,0,0.0,0
45666,24.56924883194497,2,3,0.0,7,0.3895069213745764,0,0.0,0
45667,50.61234911554726,2,2,10.79968067778786,6,0.9996687978762305,0,0.0,0
45668,46.85762980141858,0,6,6.800478014098537,7,0.999984071587301,0,0.0,0
45669,35.78943957485839,5,1,13.896506390912053,3,0.2847389845581585,0,0.0,0
45670,33.98652751749914,2,3,22.874480741843904,4,0.9998433912392135,0,0.0,0
45671,53.90387606295715,1,1,14.112575252021006,6,0.4958161286827425,0,0.0,0
45672,49.8189456416997,1,3,0.0,1,0.5806304567983412,0,0.0,0
45673,49.564258539373924,2,3,15.89052587131877,3,0.4387362160229256,0,0.0,0
45674,55.26671811208716,3,1,11.817224504483711,7,0.9997176950902675,0,0.0,0
45675,50.11269853003849,3,1,12.151952809664394,7,0.9995213987808107,0,0.0,0
45676,45.11980908317813,3,3,8.718844516532986,6,0.13040506856648992,0,0.0,0
45677,49.54662563904163,3,5,12.02955515513509,7,0.948197764956999,0,0.0,0
45678,34.728417481034114,3,3,12.014192449734185,2,1.0001002955040093,0,0.0,0
45679,53.51378804897523,3,6,15.801839223375662,6,0.4529619472837443,0,0.0,0
45680,35.064241537889885,1,6,2.779306691880791,2,0.5975572720944711,0,0.0,0
45681,31.87931059570822,2,2,8.581720058427669,3,0.3678660237306571,0,0.0,0
45682,45.544960667455115,0,3,4.906092118889667,5,1.0004955028177753,0,0.0,0
45683,55.924011582527065,5,6,2.2678056038843604,3,0.3597807473723648,0,0.0,0
45684,23.18759790347577,4,6,10.240671788485786,3,0.5092646689548592,0,0.0,0
45685,48.064272722088724,4,6,19.602064876336527,3,0.9995363969650284,0,0.0,0
45686,42.980025649820696,4,3,19.986499041537883,1,0.14193785502156353,0,0.0,0
45687,31.267273378135258,2,3,2.0704869506260035,5,0.9864821725158182,0,0.0,0
45688,60.57450947951331,3,1,13.4277066365607,3,0.141855186894581,0,0.0,0
45689,47.89505339893045,3,1,14.989814005429224,7,0.3273605942865107,0,0.0,0
45690,21.47871595933039,4,6,1.06618149068996,2,0.3645926637332177,0,0.0,0
45691,34.42809215396693,2,6,10.805942296040044,7,0.024630603908634474,0,0.0,0
45692,33.13879674831509,3,3,4.300878557832396,3,0.3294660349594459,0,0.0,0
45693,41.285450431227886,4,3,4.313207395733528,4,0.343467642989839,0,0.0,0
45694,43.77679410598767,3,6,5.2130452375849385,0,0.10248633050767197,0,0.0,0
45695,47.53298711442002,4,3,0.0,5,0.22654839457475845,0,0.0,0
45696,53.39890435520638,3,3,16.09005693942196,3,1.000164710318678,0,0.0,0
45697,73.17838435792947,1,3,14.886979442626242,7,1.1192075235883492,0,0.0,0
45698,51.518140242153734,2,1,3.097918798546072,7,1.0006304834041486,0,0.0,0
45699,49.43101703020636,4,3,0.0,7,1.000477753180724,0,0.0,0
45700,44.42520516313129,2,1,19.501303247740225,7,0.5162210037306147,0,0.0,0
45701,38.991319004097925,4,6,9.216774422572032,7,0.99956983109669,0,0.0,0
45702,35.91151153423567,3,1,19.238284064532294,7,0.9999179231056428,0,0.0,0
45703,42.42446010473001,2,6,12.778270707662948,3,0.6580659952254635,0,0.0,0
45704,41.405060508266395,2,1,1.9181347443248598,1,0.39924396771592163,0,0.0,0
45705,39.285587140425335,3,1,12.28795332942544,7,0.5627258553875558,0,0.0,0
45706,25.345539134421422,2,2,13.098503373221774,4,0.09328022705806283,0,0.0,0
45707,39.59113508741583,4,2,12.343946098694008,7,1.0006552961943254,0,0.0,0
45708,17.219440532369383,4,1,1.2158554918602107,3,0.45707764715077076,0,0.0,0
45709,32.83821150101565,2,2,10.943209333227141,1,0.9995558936766857,0,0.0,0
45710,67.85512731521207,3,2,17.839795450933252,2,1.0004391505921035,0,0.0,0
45711,33.667125707585534,3,1,4.270870288584009,5,0.9489651019664112,0,0.0,0
45712,33.897400759241116,4,2,10.595422937494043,5,0.46090904846744907,0,0.0,0
45713,28.48415582334447,2,1,5.576652539942703,7,0.9278357448656496,0,0.0,0
45714,34.04508657431102,1,6,10.135530114031674,7,0.34205173914304565,0,0.0,0
45715,55.93150094183365,1,1,1.651637254318656,4,0.25706975098373347,0,0.0,0
45716,51.618671863885915,1,3,17.184632817497782,7,0.9997423458584125,0,0.0,0
45717,58.66779037163735,2,5,8.210755887762371,5,0.9903414126036032,0,0.0,0
45718,39.74426776368664,2,1,7.20540767662702,7,0.9602045068509371,0,0.0,0
45719,60.07145756216252,4,2,6.106245442896818,7,0.9995017974832735,0,0.0,0
45720,57.78147457698833,4,3,17.957342177778926,2,0.14721259945540133,0,0.0,0
45721,35.91765828087661,3,1,19.038556327588733,2,0.23851316679557544,0,0.0,0
45722,60.646661605485775,4,1,4.006582859060905,3,0.49797972384527467,0,0.0,0
45723,58.488238471012565,4,6,8.505267234221904,6,0.559805056066168,0,0.0,0
45724,35.17632901507303,0,1,11.781805592704888,7,0.9996766286107873,0,0.0,0
45725,53.20394513868009,4,4,12.797643497078742,4,0.4866641995881343,0,0.0,0
45726,43.73444436600641,2,3,11.212765338703027,2,1.0005476650754421,0,0.0,0
45727,36.53589481744845,2,6,18.96760803453614,7,0.9996830103703604,0,0.0,0
45728,23.15020573795777,3,3,15.311561014002738,3,0.5025656563051275,0,0.0,0
45729,29.967850801468614,2,5,13.460340886458358,1,1.0024149174831758,1,3115.0998862831843,1
45730,62.74348480318834,2,6,11.858087090958183,7,0.13476617417666703,0,0.0,0
45731,56.399495449233974,3,4,19.997944936274486,7,0.9995660603831564,0,0.0,0
45732,61.711441060451165,3,4,13.061604636869559,2,1.000489990901217,0,0.0,0
45733,52.10492412347733,3,1,20.01866609381623,4,0.6974496199076744,0,0.0,0
45734,42.82516471072064,4,4,12.92267634256717,1,0.5788536535902381,0,0.0,0
45735,34.708165443655886,3,1,2.5445683536935597,4,0.980119635828489,0,0.0,0
45736,34.02143135781107,2,3,18.296296644827184,5,0.06349722328150309,0,0.0,0
45737,33.32386460527579,4,3,1.5190078343758504,4,0.999791284080172,0,0.0,0
45738,42.33805461314835,1,1,3.2591793865328187,4,0.38936043623664296,0,0.0,0
45739,52.67307591193547,2,4,12.660496534778632,6,0.7553927338410314,0,0.0,0
45740,29.951127163573936,1,3,0.0,4,0.26269036562499004,0,0.0,0
45741,4.749984827388744,3,1,13.162946280008356,1,1.0000014674546764,0,0.0,0
45742,40.477197891009645,3,3,6.5204357536680995,3,0.7722941954514102,0,0.0,0
45743,55.35079760109278,3,1,11.209141567761389,7,0.9994162543977583,0,0.0,0
45744,1.685309823249085,3,4,11.38719472821458,1,0.8184087945557672,0,0.0,0
45745,53.38807828670994,3,1,12.16788429116463,1,0.5462332655945159,0,0.0,0
45746,13.655985009288955,4,1,15.550301893474046,0,0.7679137822573995,0,0.0,0
45747,41.52935153178258,5,5,20.004283399088187,7,1.0057445403994993,0,0.0,0
45748,55.50993589146051,2,4,17.62732506684565,3,0.7477001542414462,0,0.0,0
45749,47.13789177228466,4,6,3.564239853669611,7,1.0000060751440731,0,0.0,0
45750,32.17704313848776,1,3,9.253171578006413,3,0.3781385176160479,0,0.0,0
45751,61.29179829652466,3,3,8.440575284326128,1,1.0003596314857355,0,0.0,0
45752,55.12247739067563,2,6,7.50003488855314,4,0.0,0,0.0,0
45753,52.19842868485136,3,3,1.5415342171372064,4,0.4951157315175771,0,0.0,0
45754,63.578730328028755,3,3,0.6465011786627777,3,0.9353981422154498,0,0.0,0
45755,30.640498601566556,6,1,15.031642669117865,2,0.9656618151641013,0,0.0,0
45756,52.0712582456269,4,6,14.884455229518714,7,0.999896231096715,0,0.0,0
45757,50.537232092447034,3,3,14.269525453306963,1,0.9997110826475366,0,0.0,0
45758,59.203898384513124,3,6,3.306082505460113,7,0.9997619065744416,0,0.0,0
45759,35.20506681920419,3,3,19.995140556456743,6,0.9209683639217632,0,0.0,0
45760,34.28807798082402,4,6,17.074064400930396,4,0.2738053423545419,0,0.0,0
45761,50.83176747361863,3,4,4.04673071717393,1,0.9399910384480737,0,0.0,0
45762,69.80758589952487,3,6,28.272949813926186,7,0.9999419964631356,0,0.0,0
45763,61.63495575976974,2,6,9.036677097701055,3,0.5224331896962925,0,0.0,0
45764,28.349426489513615,4,2,10.075358037138251,4,0.7700566346983418,0,0.0,0
45765,34.47458406648554,4,3,9.62731881780456,4,0.9506175202720735,0,0.0,0
45766,51.3491297631122,2,3,0.0,4,0.5850459241601043,0,0.0,0
45767,48.67879266973163,5,3,3.1162183409115816,7,0.9999681018094094,1,1681.9634374999057,1
45768,29.038452077074844,4,5,5.087392822384489,7,0.4317691780508219,0,0.0,0
45769,43.84988439215914,3,1,7.337524762605654,7,0.17603009030835115,0,0.0,0
45770,50.16826128769932,4,6,13.066738139430143,6,0.4296711478915329,0,0.0,0
45771,35.851062211586274,3,1,8.773227622437773,7,0.3524115018949785,0,0.0,0
45772,54.924811946745415,2,3,0.0,7,0.8170715432389587,0,0.0,0
45773,45.08615906652553,2,3,6.973090626091949,7,0.999348623414853,0,0.0,0
45774,42.325081664877096,2,1,13.423756099566955,2,0.503142806346663,0,0.0,0
45775,46.8863557067233,3,6,10.02600194794098,7,0.9163064161969714,0,0.0,0
45776,62.51691285798515,2,3,12.9906367568787,6,0.5006482039630582,0,0.0,0
45777,20.265923466168495,0,4,20.007886597895585,1,0.287594257421535,0,0.0,0
45778,39.78975967920913,3,4,13.572067746674357,2,0.9999375012025533,0,0.0,0
45779,37.98784484238915,3,5,0.9685840614557222,3,0.9998809441065274,0,0.0,0
45780,43.40510521789842,1,6,8.966567351089028,7,0.9997665749180715,0,0.0,0
45781,36.13423950220487,2,3,4.546060132057412,2,1.000071530834148,0,0.0,0
45782,65.77569876197622,5,1,20.279944610760055,7,0.09010348135653967,0,0.0,0
45783,28.00421327042175,5,3,5.291512129523206,2,0.3888929524830099,0,0.0,0
45784,53.87969129599471,3,4,8.274782412633504,5,0.46705430599039455,0,0.0,0
45785,21.23153164194361,2,5,6.57030918397573,3,0.23929732485023747,0,0.0,0
45786,52.60974276438163,3,3,2.373890438775435,7,1.0005267203010009,1,6928.4160506845565,1
45787,37.64162037638678,6,6,13.713667539637413,3,0.6550329479371513,0,0.0,0
45788,63.838949446225485,1,3,4.70641070888305,2,1.0056400375069638,0,0.0,0
45789,58.10062378713671,4,5,12.416082913025217,7,1.0000861539649635,0,0.0,0
45790,58.490930549719266,2,6,13.772242757420631,7,0.9994887298662463,0,0.0,0
45791,48.35657135645957,5,2,17.019164473921922,7,0.5292290048142987,0,0.0,0
45792,67.82064543631527,4,6,13.28438520482052,7,0.7775092992181969,0,0.0,0
45793,36.65015863452422,5,5,16.36463655625184,3,0.765339292046276,0,0.0,0
45794,56.5984348843417,1,5,4.974833769542269,3,1.0151602665102464,0,0.0,0
45795,16.853516627333626,4,4,8.166681525453761,1,0.9998384301891515,0,0.0,0
45796,46.10400726099642,2,4,11.841676411453882,6,0.0,0,0.0,0
45797,55.03037929251599,3,3,11.410837817758992,3,0.4138415377659858,0,0.0,0
45798,51.51298191442237,1,3,19.992086653231304,1,0.3662485628621443,0,0.0,0
45799,57.803887945141575,2,1,15.923270790141578,2,1.0001978950695443,0,0.0,0
45800,36.407698978062925,3,6,13.772408043394096,7,1.000445526174258,0,0.0,0
45801,49.954114537097205,5,1,11.39913390227685,4,0.34491090126299095,0,0.0,0
45802,54.793144198343946,1,4,19.996782859941405,2,1.0005678563173799,0,0.0,0
45803,34.13690524542882,2,5,13.394094151783843,4,0.5018016762666662,0,0.0,0
45804,46.85364982544936,3,4,20.00122321524576,1,1.0000654831113485,0,0.0,0
45805,42.3660812310131,3,3,14.48316907318807,7,1.000068371071115,0,0.0,0
45806,50.9757568378763,2,6,12.612360653018829,1,1.0152606422571,0,0.0,0
45807,42.93771884560861,5,1,11.475613515499248,4,0.38762106704440213,0,0.0,0
45808,45.788365781993946,5,3,6.044232595884884,6,0.5021619294162138,0,0.0,0
45809,62.23069509206668,3,6,2.8590710052909483,7,1.01424830141152,0,0.0,0
45810,37.88894916547457,2,6,6.076679906407661,4,0.9996916771073947,0,0.0,0
45811,46.27276868120372,3,6,9.753793830235063,3,0.9995955868176245,0,0.0,0
45812,22.43082980619239,1,6,13.83817514530458,6,0.8970275663451356,0,0.0,0
45813,36.12174880243543,2,4,1.2181972108780421,7,0.9075962328714564,0,0.0,0
45814,32.06547995667808,4,4,20.00026370599595,4,0.5289401695017459,0,0.0,0
45815,21.974859491285596,4,1,2.5828796695679586,6,0.5925797911799292,0,0.0,0
45816,52.28984072451212,4,3,3.3428977575356162,7,1.0003536431124949,0,0.0,0
45817,23.802288147408948,3,1,5.127213228331647,1,0.0,0,0.0,0
45818,39.84597273915685,0,3,9.62588073127063,3,0.49767997099149724,0,0.0,0
45819,43.36058556099636,5,2,14.72004838317659,7,1.034133850177702,0,0.0,0
45820,44.915746794841134,3,3,11.842573181818528,2,0.054632975552689644,0,0.0,0
45821,51.91480478015642,0,3,14.77609657893959,7,0.9935840768555568,0,0.0,0
45822,33.94793774653816,5,3,7.687228232811034,2,0.26242151089511645,0,0.0,0
45823,66.1060442111957,3,4,20.002990526627315,7,1.000153820487796,0,0.0,0
45824,38.578848886619944,5,6,17.419952586419225,1,0.539460687821437,0,0.0,0
45825,23.707216608664663,2,3,9.115360344999281,2,0.0,0,0.0,0
45826,54.14094417130322,3,1,9.942676517971885,7,1.0002218988172074,0,0.0,0
45827,32.42698819858684,3,4,16.632831530641162,1,0.9999723364817839,0,0.0,0
45828,56.66579279300111,3,3,13.517448169021304,3,1.0003195109831478,0,0.0,0
45829,25.073457975115065,3,6,17.64449129947591,6,0.66618475102662,0,0.0,0
45830,46.258817852859764,5,6,15.299121858787393,2,0.2215728054699187,0,0.0,0
45831,41.041760125447475,1,3,6.719558887586225,3,0.5010711650477652,0,0.0,0
45832,57.723308083102125,3,1,11.758125766724495,3,0.4998659027149641,0,0.0,0
45833,15.889162868973319,6,2,4.537169576303914,2,0.041162655356724254,0,0.0,0
45834,26.983829947323457,4,3,1.624008905430367,6,0.4664072455214139,0,0.0,0
45835,50.72823169121624,4,3,19.272253128518607,0,0.5063470328218383,0,0.0,0
45836,18.021889872423966,2,6,4.187356242668591,4,0.3851359786411895,1,1192.66025214729,1
45837,40.67986084645942,1,3,0.0,3,0.9530672534341706,0,0.0,0
45838,48.165637591264975,3,3,0.0,5,0.8904217555757578,0,0.0,0
45839,23.740835492336814,3,5,12.982755849446026,2,0.9994593782768824,0,0.0,0
45840,48.107082166310384,3,6,14.812758620580436,2,0.5076852181474628,0,0.0,0
45841,66.80584922385128,3,4,11.886780694315615,2,1.1011636842245696,0,0.0,0
45842,32.03772775841865,2,2,20.01187863531345,1,1.1633265383011113,0,0.0,0
45843,58.776807708869896,4,4,20.013276619715526,4,0.9996769592529262,0,0.0,0
45844,23.053522576509692,2,3,13.198356999334504,4,0.4846129192990988,0,0.0,0
45845,50.35435974359801,3,2,13.550705435922332,4,1.0001725798117211,0,0.0,0
45846,11.335446367790983,5,3,0.0,3,0.14457154565733155,0,0.0,0
45847,40.465174363512645,3,2,9.630853738336977,7,0.9641239899566078,0,0.0,0
45848,43.47078644375732,3,3,5.21940376984848,7,0.9531589838617373,0,0.0,0
45849,41.45561921542913,3,2,4.117819961409277,5,0.9999702531711148,0,0.0,0
45850,56.0606886659044,2,6,0.0,1,0.9091963820159725,0,0.0,0
45851,19.73736284891867,2,1,15.686786505521983,2,0.1205058300482249,0,0.0,0
45852,58.70898972596898,4,3,6.824376687188385,7,0.9997347841453779,0,0.0,0
45853,64.97189367030514,4,4,20.00310117614424,4,1.0002163200190028,0,0.0,0
45854,64.89609358793254,3,1,18.586862207548982,1,0.9992954179523204,0,0.0,0
45855,39.55780613638822,3,4,20.005220509098017,1,0.6123502983353525,0,0.0,0
45856,40.93528838943211,3,3,9.434495914725089,4,0.5278639182571517,0,0.0,0
45857,49.06431359348922,2,3,23.502796446305076,7,1.000249596767027,0,0.0,0
45858,39.64691523030834,4,6,7.083895669413027,7,1.0007196288617017,0,0.0,0
45859,44.49991273454452,1,3,9.193647175424932,6,1.0004307116491966,0,0.0,0
45860,35.717424557891775,4,3,16.543360146815694,7,1.000695081438574,0,0.0,0
45861,52.50093031803833,2,3,11.295603752177053,5,0.9996454252620424,0,0.0,0
45862,61.163827039009306,1,6,5.456227834918837,6,1.164305854733565,0,0.0,0
45863,57.871774918968754,1,3,18.270553069787926,7,0.9995645254105147,0,0.0,0
45864,35.15265428939808,4,2,6.8958884329442,7,0.30085487262508326,0,0.0,0
45865,17.575354866404343,3,1,10.823031381985414,1,0.33507894228002927,0,0.0,0
45866,25.678311769477375,4,3,20.2153330603412,7,0.5682384294202553,0,0.0,0
45867,30.6932863237132,3,1,5.986283688477275,6,0.3916957225413603,0,0.0,0
45868,34.99664412614662,2,2,8.066494655280842,1,0.9998303385783474,0,0.0,0
45869,39.951148821961226,3,3,3.6284811016125342,5,0.5003728370110083,0,0.0,0
45870,56.23864628717946,3,2,4.35982013782555,7,1.0002078271502135,0,0.0,0
45871,38.18881512961286,3,2,12.888183398117423,1,0.3123505330908042,0,0.0,0
45872,11.738719322426672,2,4,12.822418255648403,1,0.2111196432753391,0,0.0,0
45873,50.4876379353361,5,2,12.28470213254702,5,0.9809606734730769,0,0.0,0
45874,40.751492725021464,4,1,8.598161160319034,5,0.9997502729193063,0,0.0,0
45875,23.558169121727058,1,1,9.01363072652927,4,0.0,0,0.0,0
45876,36.873267312296555,3,3,5.279701833140649,2,0.5018392156694433,0,0.0,0
45877,38.8519210030687,3,4,12.322674636844933,1,0.9995016927822924,0,0.0,0
45878,44.57092815338562,1,4,20.007292070782423,1,0.9991386004941711,0,0.0,0
45879,55.2079018477705,3,3,12.37221108435733,4,0.49768467689912477,0,0.0,0
45880,34.933086766749646,3,3,4.073777102243346,2,1.00013450288508,0,0.0,0
45881,51.32688085525152,3,1,4.737297472520715,7,0.999539180539568,0,0.0,0
45882,38.239572270602444,5,3,5.919408330100088,5,0.9528414512878618,0,0.0,0
45883,52.21516981018891,4,2,0.6850316485918704,7,1.0002525538533904,0,0.0,0
45884,30.144357100394622,5,6,13.18081456989287,0,0.5619362167287592,0,0.0,0
45885,52.58451214683537,3,1,20.014446436743846,0,0.11719384776017794,0,0.0,0
45886,29.54839218937976,1,2,0.0,7,0.6325866745064107,0,0.0,0
45887,30.127423288569435,3,1,15.726938844489837,1,0.9995592274543468,0,0.0,0
45888,46.08685705193143,5,3,9.560542868840834,2,0.49537603787381335,0,0.0,0
45889,70.93190519288103,4,3,6.435065653603918,2,1.0001682553454465,0,0.0,0
45890,51.00705062413738,3,3,4.274036744406395,2,0.11100264128996518,0,0.0,0
45891,27.407780925182685,4,3,13.659660235518947,5,1.0001778125581129,0,0.0,0
45892,35.93397660590271,2,2,11.613610864580535,1,0.9998471910661333,0,0.0,0
45893,25.294005875565173,4,2,14.125288028282604,4,0.17437605059323502,0,0.0,0
45894,49.05084312413915,2,1,19.37030415576615,7,0.9992184916858564,0,0.0,0
45895,34.23069426196807,3,4,1.5995971250161354,1,0.40617011375980383,0,0.0,0
45896,46.39649514263411,3,2,16.06367448517348,5,0.2371641083022703,0,0.0,0
45897,30.408926301695793,4,6,11.775791446652862,7,1.0003237536450018,0,0.0,0
45898,49.14509143639866,3,6,13.61317083797034,7,1.0001556733810646,0,0.0,0
45899,58.08748512341863,3,2,2.4155666009887558,6,0.2167441934396333,0,0.0,0
45900,40.23487069257906,3,1,13.315399279576422,4,0.9999430058221148,0,0.0,0
45901,58.0051591801641,5,3,2.3563876463340208,4,0.49484393505753843,0,0.0,0
45902,35.88308250386887,3,3,15.31809340878753,1,0.916292194613644,0,0.0,0
45903,38.952509926241255,2,6,6.16112532202603,7,0.5268682328839213,0,0.0,0
45904,51.05695161036111,4,3,0.0,2,0.9257443052238353,0,0.0,0
45905,31.619196005274176,3,3,8.382956005501647,4,0.9604784472830747,0,0.0,0
45906,40.372564953376134,3,3,20.008681249673852,1,0.9998509523525512,0,0.0,0
45907,49.63873764378441,4,2,15.680665691590718,7,1.0002172433832197,0,0.0,0
45908,63.950113256148654,3,5,19.277922309728762,1,0.9996738792627684,0,0.0,0
45909,48.506110137825885,2,6,13.651861723785876,7,1.0002055858907348,0,0.0,0
45910,48.01977328940275,3,6,8.623594875387464,3,0.20043805407636855,0,0.0,0
45911,41.429606223273886,4,5,0.0,7,0.9396223419448732,0,0.0,0
45912,43.974068516997605,1,4,5.20933521781465,9,0.574858234293462,0,0.0,0
45913,57.94288829834656,3,4,20.00005351197993,7,0.9995639603702053,0,0.0,0
45914,46.64310626719552,3,3,19.990310694523217,3,0.07158247423592978,0,0.0,0
45915,66.80422014571101,4,3,7.605729415181946,6,0.3684977251594032,0,0.0,0
45916,43.56711033366392,6,2,3.23445679999747,5,0.5998585584538185,0,0.0,0
45917,26.949284967128847,3,6,17.302301379770334,2,0.026239119682414103,0,0.0,0
45918,41.23644780195267,4,6,12.633865735820038,3,1.0001350545352,0,0.0,0
45919,54.715066998759184,2,3,12.165932550501804,7,1.0002665868692882,0,0.0,0
45920,45.4857424215125,4,1,16.228384797574034,3,0.4826313884126544,0,0.0,0
45921,67.58821071955023,4,4,19.986384039092627,1,1.0006883419712544,0,0.0,0
45922,29.564174201219004,2,1,13.156159585530895,2,0.0,0,0.0,0
45923,49.86164687932443,2,5,16.038691785781253,1,0.7403989735769988,0,0.0,0
45924,47.300027438197674,2,5,27.020798335948246,3,0.99012526315493,0,0.0,0
45925,38.28467608077523,2,3,4.463020081367931,3,0.15977206745509553,0,0.0,0
45926,46.4279060468965,3,3,0.0,2,0.36493135612699323,0,0.0,0
45927,28.5460956768325,1,6,12.63162061429749,2,1.000410465592053,0,0.0,0
45928,46.87433690490785,5,3,5.220987494702968,4,1.0001941749145433,0,0.0,0
45929,23.96374487866146,0,6,9.173204886592782,7,0.42691873498860033,0,0.0,0
45930,56.99392510691577,1,2,17.328510012509124,6,0.9903768092876126,0,0.0,0
45931,55.09398892070144,3,3,14.753131981026028,2,1.0000569401532298,0,0.0,0
45932,32.65406010941568,3,3,7.70775652370773,0,0.5027993469582868,0,0.0,0
45933,53.506873985338856,3,4,22.492712168725078,5,0.9995136591519034,0,0.0,0
45934,34.969986622209596,4,5,19.99882342837764,1,0.35589039300110603,0,0.0,0
45935,4.270523389338962,4,5,7.392674306724393,1,0.6624876647532467,0,0.0,0
45936,32.51568144708453,4,1,6.86552892648189,0,0.4099577264109358,0,0.0,0
45937,39.58446507895154,3,1,1.923835876618126,7,0.9992436546411513,0,0.0,0
45938,48.25932567264134,4,3,9.688367870789484,7,1.000104452437811,0,0.0,0
45939,41.067613787168966,1,1,20.0033041506806,5,0.39908705645283615,0,0.0,0
45940,54.45698633146039,5,1,11.566422042360404,2,0.1250318487159482,0,0.0,0
45941,50.31810335659868,2,3,7.789453693403689,3,0.059664116352130425,0,0.0,0
45942,51.68037295103082,4,6,19.992123925410286,1,1.000369512122709,0,0.0,0
45943,50.13210911966677,4,6,10.881499298923849,5,0.5242131348710682,0,0.0,0
45944,32.18172608957574,2,1,9.388145253831842,7,0.931259598934953,0,0.0,0
45945,50.99593856019466,4,6,10.911295255685097,1,1.0194404745876986,0,0.0,0
45946,37.87320590903826,3,2,10.89200042235111,6,0.4570251546984448,0,0.0,0
45947,34.455915527109624,2,4,20.00822128593947,1,0.11286131768719188,0,0.0,0
45948,30.611807558188715,3,3,8.18066774868954,3,0.9788083609211902,0,0.0,0
45949,30.822593882348233,1,3,7.662714027436324,7,1.0005084996043871,0,0.0,0
45950,43.487318697519825,2,3,2.4907258967658095,7,0.42735954737915693,0,0.0,0
45951,48.62731884716991,3,2,14.530580301965767,4,0.9806134894340155,0,0.0,0
45952,32.58207380294464,2,3,0.8536995381537036,2,0.9998520916832492,0,0.0,0
45953,49.85055961467341,4,3,4.697368390242046,7,0.8533243593453256,0,0.0,0
45954,40.98621855101199,3,3,20.00280269339776,2,0.9328418996079743,0,0.0,0
45955,47.78396248326036,3,1,15.434610055005422,3,1.000333797713581,1,1026.1145426244125,1
45956,25.750884418639632,1,6,14.896531771400461,2,0.47100704760603357,0,0.0,0
45957,58.48241872209229,3,3,7.728581430929449,2,0.49636645991992134,0,0.0,0
45958,55.204262197408525,1,3,10.723698888138587,4,0.999499848346142,0,0.0,0
45959,51.800155872288876,3,3,9.594200053954056,3,0.9688591491687446,0,0.0,0
45960,46.5506460403042,3,1,10.435424580557179,7,0.9997280588458899,0,0.0,0
45961,47.46304057586256,0,3,10.85386234556827,6,0.115251257966694,0,0.0,0
45962,78.63760299520263,4,1,12.63914645333704,1,0.3712095998028044,0,0.0,0
45963,24.70076632456249,2,2,7.05880410281836,7,0.6987171961570071,0,0.0,0
45964,46.345992970757486,3,1,9.85104384651742,7,0.9996181949703287,0,0.0,0
45965,54.10817355348129,2,6,4.41296367141525,7,1.0009061138213466,0,0.0,0
45966,42.978412047439555,7,3,7.31166414241135,7,0.9997802854165803,0,0.0,0
45967,40.43555171998339,6,3,12.587917188347996,1,0.32051703672214427,0,0.0,0
45968,33.170985821731904,4,1,20.010221222904896,4,0.8425484732536447,0,0.0,0
45969,54.832399723294884,2,1,13.260433737479584,7,0.9312559465315358,0,0.0,0
45970,50.266024127218046,3,5,7.635693335339531,3,0.5025727763928963,0,0.0,0
45971,53.949874922541866,4,3,13.123713204639696,5,1.0002624441601728,0,0.0,0
45972,35.067451844413476,1,3,13.781580217661642,7,0.19869593453186768,0,0.0,0
45973,32.5653848410434,4,1,20.006969010546243,0,0.2568628593403177,0,0.0,0
45974,48.90951634775789,3,2,5.073731362266892,1,0.0,0,0.0,0
45975,51.19655330275377,2,6,9.496079814088244,1,0.32501340754203994,0,0.0,0
45976,47.568406716823944,3,3,12.95717662546624,4,1.0000283108423642,0,0.0,0
45977,52.55032806986543,4,6,8.547716979773718,4,0.0,0,0.0,0
45978,35.593217152608396,2,3,13.072731564365924,2,0.5002266478310075,0,0.0,0
45979,49.87359655323688,1,2,3.3203246579304517,7,0.5728812750846719,0,0.0,0
45980,37.97322679343998,3,3,18.487749620968046,2,0.9998609510527079,0,0.0,0
45981,65.86220483766756,5,1,6.847182001112996,7,0.997400003241304,0,0.0,0
45982,49.7786853942795,5,6,4.49184108713987,7,0.4936607309093505,0,0.0,0
45983,59.143270988475685,2,1,10.74221142917593,7,0.9995493122498931,0,0.0,0
45984,46.25103487527004,4,7,6.892079319981393,7,0.6225045400320667,0,0.0,0
45985,20.689320084339773,1,1,19.99425505783417,4,0.22019819176302363,0,0.0,0
45986,54.75227260072797,2,3,20.006782992008123,1,0.9996446646363528,0,0.0,0
45987,27.47361142084158,2,6,13.92351929849386,5,1.0005135142741153,0,0.0,0
45988,39.633227514713056,2,1,15.867102718613962,5,0.5277684594130458,0,0.0,0
45989,23.983588977763418,1,1,9.685735177850091,4,0.5678286721602227,0,0.0,0
45990,61.05470317564625,2,4,9.365438567463222,1,0.92294964371056,0,0.0,0
45991,48.170666047772684,4,4,18.172947644940393,6,0.23934978433892207,0,0.0,0
45992,48.94165233787899,0,4,19.98761234468656,7,1.0003087185628008,0,0.0,0
45993,21.871424403577635,4,5,19.32533027611818,1,0.9080885011775874,0,0.0,0
45994,50.10798744776121,4,3,0.0,4,0.47965788369960993,0,0.0,0
45995,43.31741572489848,3,2,13.039188136024602,1,1.0000780557796696,0,0.0,0
45996,38.99973480130662,4,3,3.4406450953840446,3,0.999943014388762,0,0.0,0
45997,56.706266853703994,3,3,0.3610545947722823,5,0.9526478758879717,0,0.0,0
45998,56.56369805405002,2,4,15.122328997197595,4,0.5563986635494957,0,0.0,0
45999,52.84782955613476,2,6,4.314728067897479,6,1.0003120934498053,0,0.0,0
46000,26.405743219677465,0,6,17.71286887225518,5,0.5645508205215216,0,0.0,0
46001,38.20995011104021,3,2,11.502423405956025,1,0.47516444240320754,0,0.0,0
46002,38.981564311034894,5,1,14.492491773462366,1,0.9995262846670885,0,0.0,0
46003,40.855497637803936,2,6,15.699987480064324,7,0.9995670163132016,0,0.0,0
46004,20.09262412148113,4,6,13.309644503934496,2,0.3602211449928459,0,0.0,0
46005,24.39841664494027,3,4,20.002677505377765,4,1.000128191512207,0,0.0,0
46006,28.264904928985445,3,6,20.633048707348472,4,0.7283799945297382,0,0.0,0
46007,57.32961856970343,3,1,15.184983192367572,7,0.4971993969384445,0,0.0,0
46008,27.729124609488725,2,6,10.03819155584311,3,0.4910981456898462,0,0.0,0
46009,39.00424325629377,1,3,3.577384592522302,4,0.9679342247349247,0,0.0,0
46010,24.87647556690267,4,6,4.3486468704314625,1,0.2944272406562497,0,0.0,0
46011,30.375880189618275,2,1,7.152560105516745,3,0.2588664624954535,0,0.0,0
46012,65.53802994747467,4,3,14.169851695682391,6,1.0000833916915002,0,0.0,0
46013,27.665172111752497,1,2,11.39955361902111,2,1.0072850339287767,0,0.0,0
46014,28.43217388043195,4,2,8.088912300110849,5,0.410946364277927,0,0.0,0
46015,59.62687067092858,2,4,19.99618794397117,1,0.9998071687908953,0,0.0,0
46016,25.571723235169976,3,4,22.080608548532297,3,0.6532830147591391,0,0.0,0
46017,32.16016087508872,4,3,12.639189118971954,4,0.9480541005176255,0,0.0,0
46018,41.681794999647,1,0,10.412919792681068,6,0.035814632305480876,0,0.0,0
46019,34.12537931426577,3,5,7.344740162391746,3,0.9015616788706169,0,0.0,0
46020,50.55026623077487,4,3,14.792383339236434,7,1.0001580464699797,0,0.0,0
46021,37.25878687084164,3,6,15.865301793368811,2,0.9994031629756351,0,0.0,0
46022,65.57808175449773,2,3,10.102329975601675,1,0.5017304605744379,0,0.0,0
46023,26.69383581497048,3,2,7.314956937604396,7,1.0004051241106895,0,0.0,0
46024,40.72598907284174,4,3,15.144613891171034,7,1.0001881947182303,0,0.0,0
46025,52.099840742077774,4,4,3.758480967282204,6,0.0,0,0.0,0
46026,55.7167736197432,2,1,10.607591759994827,2,0.9824713046090643,0,0.0,0
46027,34.58366710567711,5,5,4.989171799546153,6,0.27983880030335107,0,0.0,0
46028,47.382032156013175,3,3,13.097840351213272,7,0.7163515666910669,0,0.0,0
46029,55.12063753793758,2,3,4.401567242377317,7,0.9998294357509323,0,0.0,0
46030,30.855380981382773,2,3,6.3036754915726245,7,0.7410867419081795,0,0.0,0
46031,31.37005456282998,3,6,13.260314010169198,5,0.9999039032092889,0,0.0,0
46032,49.95646641059178,5,5,4.739574544157212,1,0.259294702956692,0,0.0,0
46033,38.07755513353946,2,6,10.864681330352482,3,0.5586003192575953,0,0.0,0
46034,35.06612795123231,3,1,10.717925091721616,7,1.0001962161188118,0,0.0,0
46035,39.110220878040266,2,2,20.001266918096256,5,0.4688928323754354,0,0.0,0
46036,56.91343707282253,3,6,13.44050562488804,3,0.5235198862792678,0,0.0,0
46037,36.88415983494721,2,3,4.984117545565222,7,1.0092593332659754,0,0.0,0
46038,23.456408298350347,4,6,2.8326863719377275,3,0.6209043517044988,0,0.0,0
46039,45.028577084885846,7,3,7.172233568338189,7,0.3908518496681323,0,0.0,0
46040,26.333576429963742,3,4,14.037742123055038,3,0.2963570494451024,0,0.0,0
46041,55.75423306924344,2,3,9.01002080380443,7,0.9999135717608212,0,0.0,0
46042,30.742842435769738,3,1,11.877239825882247,7,0.9998950498800776,0,0.0,0
46043,56.37453456974025,2,5,1.5237113901150625,7,1.000175327116772,0,0.0,0
46044,47.24786059501928,5,3,12.875469364176366,3,0.9993244279179521,0,0.0,0
46045,26.11041337015066,3,5,14.033267599632577,1,1.0000373727147631,0,0.0,0
46046,46.9705319416167,1,6,15.25919228225829,7,0.9998449656814712,0,0.0,0
46047,18.23436664173516,2,5,7.5674496984422275,1,0.5484723004242871,0,0.0,0
46048,31.635776612163184,2,1,15.723208134616105,1,0.0,0,0.0,0
46049,20.472343967761415,3,6,10.097724626208093,6,0.6270633215044056,0,0.0,0
46050,36.04318673806232,4,2,0.0,7,0.9999279553627385,0,0.0,0
46051,42.53430551900339,1,3,13.745410698503672,1,1.0000117453578277,0,0.0,0
46052,49.369272766937144,4,3,14.191868912110824,7,0.3141042890209403,0,0.0,0
46053,39.158987799170035,2,3,13.82640386581942,7,0.9999550564331272,0,0.0,0
46054,55.31245347671943,2,1,0.0,5,1.0001605487677718,0,0.0,0
46055,50.6397069801925,4,4,0.0,7,0.8488583062755712,0,0.0,0
46056,61.24434294013915,3,2,15.761219946464397,2,1.0005417980311835,0,0.0,0
46057,28.174798941208596,4,0,13.417579801389405,6,0.842162394758201,0,0.0,0
46058,12.688567975104064,4,1,7.470465005325341,0,0.0,0,0.0,0
46059,23.563680536532782,3,1,5.158396283856288,2,0.9786024596550127,0,0.0,0
46060,45.546341152797424,6,3,14.938210506166993,1,0.9617650707577281,0,0.0,0
46061,54.96121920820891,2,3,0.0,7,1.0001789435719486,0,0.0,0
46062,65.61081882572137,5,4,0.0,6,0.9998571105414519,0,0.0,0
46063,33.347067318758356,4,6,16.20335343813697,4,1.000333297412117,0,0.0,0
46064,17.194263944140744,2,4,6.861110375006625,2,0.9999727007091225,0,0.0,0
46065,32.05848035247935,1,6,14.517717698431333,2,0.5566800886050962,0,0.0,0
46066,35.36257722836459,4,6,17.21803030250459,7,0.600597109399738,0,0.0,0
46067,73.48658156010565,3,2,11.650795837443903,6,1.00030567092028,0,0.0,0
46068,48.89738164786793,3,2,20.06189011632734,5,1.0002339269705525,0,0.0,0
46069,52.97481306111846,4,6,10.160332232643507,1,0.41061955315246135,0,0.0,0
46070,60.34746541421735,0,3,15.32952164719758,2,0.9996287078892594,0,0.0,0
46071,34.40025944528607,3,5,0.7947836521433231,1,0.3715607444256689,0,0.0,0
46072,44.23100171148351,3,4,14.615220557963067,3,0.9998155507189324,0,0.0,0
46073,42.98219940501554,3,2,16.534720180685454,7,0.40446477601330294,0,0.0,0
46074,35.21189142151913,4,4,4.8016712834332065,7,0.4664491532738614,0,0.0,0
46075,48.84797469629699,3,3,20.005925037634743,4,0.35774586497069705,0,0.0,0
46076,29.080393017314393,3,3,8.639020211597554,4,0.9017180775626158,0,0.0,0
46077,28.45414187883791,3,7,4.3998421476656135,4,0.5922954797462927,0,0.0,0
46078,27.100701321800535,4,1,2.73209778366825,5,0.0,0,0.0,0
46079,66.42059406892623,2,1,15.086641286486872,3,0.21995176384773263,0,0.0,0
46080,24.377302996036867,4,2,7.045115978072748,3,0.9273051184171036,0,0.0,0
46081,48.31457949086644,3,4,5.360813902718726,4,0.9998905440654183,0,0.0,0
46082,31.492497562254265,4,2,18.40781395180753,5,0.0,0,0.0,0
46083,35.957102682142974,3,3,15.718722390523464,2,1.000258211942826,0,0.0,0
46084,46.92746509578045,3,0,18.11801528301502,7,0.8995521768322807,0,0.0,0
46085,35.62392861538199,3,3,20.00148090501518,1,1.0001299703736461,0,0.0,0
46086,51.66305273055722,4,1,13.855129045656433,3,0.9998125621312771,0,0.0,0
46087,41.715881879183954,3,4,19.902985304569643,1,0.9709371845549194,0,0.0,0
46088,35.41956554007518,4,6,17.21913782346163,2,0.8936189598046924,0,0.0,0
46089,34.1031898973276,6,3,9.669841465622776,2,0.3789105704041188,0,0.0,0
46090,50.882046963057064,4,2,21.93127529774613,6,0.32008890904837134,0,0.0,0
46091,52.948285473046504,3,6,6.3117443184656725,7,0.7737343255949558,0,0.0,0
46092,28.55569381749262,0,1,14.863368166227229,4,0.3723465231756442,0,0.0,0
46093,45.75097773406354,6,3,10.357165988580093,1,0.2754236214285936,0,0.0,0
46094,34.25250398721206,3,1,11.133849953959556,2,0.6859297275090591,0,0.0,0
46095,25.219209991289873,1,2,14.988617098719418,6,0.47722298008895064,0,0.0,0
46096,30.287141655620516,1,1,2.6863465171962897,4,0.2699315114716601,1,8867.200297211182,1
46097,26.011398451154353,4,3,12.05508207990337,2,1.0001463054172435,0,0.0,0
46098,64.24958824902211,4,6,10.288829104760875,5,0.5445384198949411,0,0.0,0
46099,62.1094897087054,2,3,4.3956461210081565,7,1.0001364196360765,0,0.0,0
46100,53.00320377100847,5,2,12.472010579770686,3,0.32774152959210356,0,0.0,0
46101,53.1656957372731,3,2,2.077510461176109,3,0.6078276234499216,0,0.0,0
46102,57.6771886802551,1,2,14.397918319730445,7,1.0006165267340124,0,0.0,0
46103,53.81278546439908,5,2,6.996814688591454,1,0.1201548623678691,0,0.0,0
46104,43.651180719794766,3,5,1.6816738817976908,3,0.9998945440739221,0,0.0,0
46105,30.84427215933417,2,3,17.822758099276392,2,0.9435911908011243,0,0.0,0
46106,37.079507044409205,4,2,14.521366426940439,7,0.999702585301113,0,0.0,0
46107,29.000139448814664,1,2,8.861651121624707,1,0.2538913177381111,0,0.0,0
46108,36.87729338771434,4,2,0.0,7,0.9994058426240788,0,0.0,0
46109,44.016255936155964,3,6,14.81434716733596,4,0.9995384930543056,0,0.0,0
46110,57.34886441842116,2,6,14.235303068922764,3,0.5751305598873053,0,0.0,0
46111,69.09898947167122,1,6,8.09310128900741,7,0.33203918740166044,0,0.0,0
46112,60.44562117683624,4,5,10.830555650727783,2,0.3979797781714158,0,0.0,0
46113,54.151444498842366,3,2,10.969253314857387,1,0.8691972968669817,0,0.0,0
46114,35.61933285217687,3,7,4.231539895397321,7,0.25013296301551613,0,0.0,0
46115,50.40420282039598,4,4,7.750975440935438,7,0.0,0,0.0,0
46116,69.34233058326888,2,6,22.933709462371667,7,0.7842731854624212,0,0.0,0
46117,48.65157771462102,4,2,21.837630878063383,7,0.45410723217385296,0,0.0,0
46118,31.18538330336979,2,1,0.29385157555738495,4,0.9601237158096743,0,0.0,0
46119,47.750564957029695,1,4,19.990681469524787,7,0.9998576142466312,0,0.0,0
46120,52.26356897003641,1,1,11.845480867844401,0,0.3988819157933514,0,0.0,0
46121,42.74755947929099,5,6,12.613322365659512,7,0.8171502004783012,0,0.0,0
46122,44.59287099842624,4,2,10.280322645459103,2,0.9612764543378343,1,19687.27914630874,1
46123,34.233377073302364,3,3,8.532885761708418,6,0.9997557121062113,0,0.0,0
46124,36.74207641113406,4,1,0.0,4,0.5003210613639902,0,0.0,0
46125,36.70609040242191,3,3,8.483310650451482,5,1.0001945837196895,0,0.0,0
46126,20.06162566035762,3,6,10.389553877013212,6,0.4506758982677632,0,0.0,0
46127,50.57447748566339,5,3,15.598369253431954,0,0.9998179052778776,0,0.0,0
46128,38.49672345165625,1,2,14.212214596279262,6,0.4430774438659921,0,0.0,0
46129,28.6692050863821,2,7,2.7563076183013244,6,0.0005421607318971677,0,0.0,0
46130,52.30703449113505,2,3,7.417305987954416,7,0.6055101654431725,0,0.0,0
46131,27.014632691546645,3,4,5.433721132272992,4,0.9998807207832359,0,0.0,0
46132,71.10753627002028,2,3,10.040634609529615,2,0.49318220117784717,0,0.0,0
46133,48.86597969306534,0,3,10.236657826817575,2,0.48073865257122955,0,0.0,0
46134,32.89053377086479,2,3,6.3257203502778365,5,0.924034410061712,0,0.0,0
46135,51.04266377133822,5,4,19.995864874091698,7,1.0003710930547478,0,0.0,0
46136,74.98492137706128,1,6,6.071997807214876,7,0.661099501602766,0,0.0,0
46137,51.32389964737348,3,2,12.504768441129745,4,0.9999858952494369,0,0.0,0
46138,44.85251112811704,1,3,0.0,6,0.999809368019573,0,0.0,0
46139,66.80085729145658,4,3,3.216912095116582,2,0.500558534621462,0,0.0,0
46140,45.69873415989537,3,3,25.67842946445628,6,1.0002333849490326,0,0.0,0
46141,48.011273911549985,2,4,19.992550206529657,4,0.4995328370128115,0,0.0,0
46142,42.72115213241997,1,2,4.57786910561796,1,0.0,0,0.0,0
46143,52.04473678334645,5,2,4.20257606835459,5,0.8742959044238039,0,0.0,0
46144,30.823965839224748,4,4,8.543966905113438,6,0.7935703909056906,0,0.0,0
46145,37.68436042833045,0,1,6.394389812141177,5,0.9995053835007128,0,0.0,0
46146,26.490496342206583,4,2,14.280083331286459,4,0.9789111342421344,0,0.0,0
46147,9.18999791933176,1,2,0.0,7,0.0,0,0.0,0
46148,32.68017897983337,3,1,12.289757739962774,5,0.46940650767980596,0,0.0,0
46149,48.897377125842716,6,6,20.827407692965295,7,1.0002126636802993,0,0.0,0
46150,41.28870672869279,3,2,10.81053299689025,7,0.7306241864330774,0,0.0,0
46151,46.57257124951727,3,6,16.447901451495113,1,0.9972385900000669,0,0.0,0
46152,63.336812046737194,3,3,2.3502191013372276,7,1.0004980195510433,0,0.0,0
46153,34.841524640287304,4,3,12.28930136659082,7,0.17927397360777086,0,0.0,0
46154,50.24983937368172,3,3,14.152685159360741,6,0.5044033192687698,0,0.0,0
46155,45.05915514667372,3,6,13.02391928053473,6,0.8304783625535996,0,0.0,0
46156,54.229454617002744,3,7,15.534957002996288,7,0.9602962602747775,0,0.0,0
46157,36.2832252727338,3,2,8.430330076296503,5,0.5182271966951003,0,0.0,0
46158,48.70796695053262,3,6,19.03235048565881,5,0.3939346221380715,0,0.0,0
46159,39.97694019909544,3,2,7.715394875850148,7,1.0003150450814418,0,0.0,0
46160,39.3963060210966,3,5,12.583635701763635,7,1.0006210445971404,0,0.0,0
46161,43.532939260219706,3,6,12.67849689057633,2,0.7911309453637881,0,0.0,0
46162,21.564289357712692,5,5,20.089274419050426,3,0.9392245643843969,0,0.0,0
46163,63.772037725294,3,5,13.732894140523172,4,0.5017095424432225,0,0.0,0
46164,39.38835748233296,3,3,19.99595125719251,2,1.2763637443337181,0,0.0,0
46165,50.77269848227807,4,6,10.58686268223073,6,1.114527678780698,0,0.0,0
46166,56.80186501596072,2,6,7.634361145174455,3,0.6106869806362737,0,0.0,0
46167,55.08173265901168,4,5,17.242752258647435,7,0.9999202827787925,0,0.0,0
46168,44.64159086744987,4,6,14.708648106147665,7,1.0003658025608937,0,0.0,0
46169,35.01755656311855,3,2,0.714097043015423,7,1.0000161595585049,0,0.0,0
46170,32.07964988519781,0,1,3.999439912338497,3,0.9683121700251134,0,0.0,0
46171,28.875310063588024,1,5,3.5515343267585457,2,0.9825342593639235,0,0.0,0
46172,47.462569651480926,4,5,4.119158463558262,3,0.42767944361869775,0,0.0,0
46173,49.95782132204691,3,1,5.334422035444824,5,0.9996931357853207,0,0.0,0
46174,38.18601409232134,4,3,7.148524138654652,7,0.9998327816834999,0,0.0,0
46175,30.970106574125165,1,2,7.212155892135635,5,0.41816473370709595,1,4950.218654773164,1
46176,10.982746095289901,3,4,18.97548072901129,2,0.9999471006285016,0,0.0,0
46177,59.1722962095688,3,3,8.658059141570627,7,0.568286013907319,0,0.0,0
46178,50.77613490222291,3,4,19.999312719466403,7,1.0000709035949045,0,0.0,0
46179,53.453318626412006,1,2,15.968407053649473,7,1.0000772685380683,0,0.0,0
46180,20.92954581727305,4,5,15.934248845010988,2,0.2677788733803451,0,0.0,0
46181,52.05606262128335,4,3,19.99315141330092,1,0.999343570505508,0,0.0,0
46182,38.48353807092937,3,1,10.16253470655609,3,0.19439868432257346,0,0.0,0
46183,63.42471592561875,4,5,19.31879787247398,5,0.999792940348335,0,0.0,0
46184,37.344409316612754,5,1,15.885738883172856,2,0.4546544615062109,0,0.0,0
46185,44.73517393417357,4,2,9.153878932829237,1,1.0002020116458628,0,0.0,0
46186,41.827719371143075,4,4,14.213831979009258,7,0.5167078403942891,0,0.0,0
46187,52.38033877213687,3,1,13.74833236758414,4,0.08332719179601633,0,0.0,0
46188,49.56471930759935,2,1,0.0,6,0.9229460817710046,0,0.0,0
46189,45.60942972691978,4,3,16.629996605064893,3,0.9993213744930056,0,0.0,0
46190,29.01896629476815,3,6,4.037218825206985,6,0.37880127022911,0,0.0,0
46191,53.46316638881362,4,1,7.294333821143398,7,1.0000886363746448,0,0.0,0
46192,31.68988260858292,2,1,5.645502465822239,4,0.28613312239932737,0,0.0,0
46193,45.27304287506234,5,6,8.246390767428888,7,1.0002344554167664,0,0.0,0
46194,51.86269170430856,3,2,12.52735863497296,4,0.9997456527004235,0,0.0,0
46195,50.209887130187546,5,1,12.852373238825043,7,0.9998615220393128,0,0.0,0
46196,26.55722102721621,1,4,3.683569560040982,1,0.9780913212697939,0,0.0,0
46197,31.927503702768945,3,4,19.01133459487805,2,0.9995191918585973,0,0.0,0
46198,44.29857640344131,1,5,6.97384255322016,2,0.2631966162606276,0,0.0,0
46199,28.79674119486025,4,3,9.846695314112948,2,0.046898636748491485,0,0.0,0
46200,36.79749863986321,3,6,8.840291609074876,7,0.9996475885365712,0,0.0,0
46201,68.81770704536497,1,5,5.008848714639896,0,1.0002099029125064,0,0.0,0
46202,27.942035798834134,2,1,0.0,0,1.0004107327177731,0,0.0,0
46203,51.24400187350539,1,3,12.668663875552546,1,0.2710889085111952,0,0.0,0
46204,62.59955963090603,3,6,11.248851907820852,7,1.000240832955079,0,0.0,0
46205,33.39860905418274,1,1,15.79804545227614,1,0.5643953348335583,0,0.0,0
46206,37.645108803810075,4,6,18.88933451680733,4,0.9999507726033143,0,0.0,0
46207,33.965378914259404,4,3,12.997624853665672,4,0.502949121791232,0,0.0,0
46208,33.58246395592968,3,6,19.995135263821147,1,0.6833969413150872,0,0.0,0
46209,56.350017343935335,3,3,3.4007871194637023,7,0.9999583911202559,0,0.0,0
46210,59.529969267150776,3,5,13.228335686877267,6,0.5271614087470646,0,0.0,0
46211,51.3098406131915,3,3,9.313952237155965,4,0.5052614568952332,0,0.0,0
46212,49.96002377377417,2,3,19.03338329192934,7,1.0000790992869648,0,0.0,0
46213,30.61094868495931,2,6,4.114148891302165,1,0.0,0,0.0,0
46214,22.297265102472025,3,3,7.114873654285101,2,0.6545267151852608,0,0.0,0
46215,23.08316285515535,2,6,16.67746887292872,4,0.3450009746713111,0,0.0,0
46216,34.56436025937648,3,3,16.8955033209735,5,0.1303711665747006,0,0.0,0
46217,39.431211227685054,3,2,13.538371090517812,7,1.0002226069310023,0,0.0,0
46218,52.70088813187581,3,5,2.6893495744428613,1,0.617583131607665,0,0.0,0
46219,62.94724638914081,4,3,3.724136544174778,6,0.639013690529304,0,0.0,0
46220,43.14034556888065,2,5,2.669584991559251,7,0.9998454346636036,0,0.0,0
46221,28.89871138800325,1,3,16.89997988251039,3,0.938402895317543,0,0.0,0
46222,21.47830447932949,4,7,0.9209083235855289,1,0.5172684936104162,0,0.0,0
46223,26.48134360932869,3,6,15.867532592986716,3,0.1540820443686438,0,0.0,0
46224,55.408943493188644,3,3,0.0,3,0.35852254934359556,0,0.0,0
46225,66.75022979169022,4,2,6.664092910910727,3,0.3704629786571176,0,0.0,0
46226,44.793001664526585,3,1,20.81906418151784,3,1.0003020428237692,0,0.0,0
46227,25.69909754175485,4,1,4.003884326107564,1,0.7844819125471169,0,0.0,0
46228,31.486532964996,5,6,15.92852416278696,1,0.0898014519615532,0,0.0,0
46229,14.375007331259681,1,3,13.75308776982555,2,0.12401181674138995,0,0.0,0
46230,53.65947792957501,2,6,9.315166427741175,2,0.8092906349067241,0,0.0,0
46231,40.39001199052458,4,4,15.16336730547236,5,0.00301850130235104,0,0.0,0
46232,28.661317254965468,1,5,2.2419815140579384,2,0.519234213692784,1,18080.80454588055,1
46233,44.23076202154489,3,6,17.14294830874907,7,1.0002758139253562,0,0.0,0
46234,38.706287010575394,2,1,13.805885295972123,3,0.35725329090512353,0,0.0,0
46235,47.57036591913922,1,2,3.2792455383517627,4,0.2460876662502116,0,0.0,0
46236,30.144761369704675,3,3,7.4080803320530855,3,0.49221811878179633,0,0.0,0
46237,59.137026887280044,2,1,12.784536398188955,4,0.15727932755741403,0,0.0,0
46238,54.642588667256554,2,3,3.322393762833677,4,0.5026581981064975,0,0.0,0
46239,37.240255879175045,3,5,0.0,1,0.963890421994164,0,0.0,0
46240,35.82359058855125,1,4,17.052372126779566,4,0.0,0,0.0,0
46241,26.122388441153113,3,4,15.18600032052955,5,0.511974140381958,0,0.0,0
46242,38.054493079393154,4,4,9.69270217442417,1,0.0,0,0.0,0
46243,40.27157083313795,5,3,7.036125502203579,6,0.9998928214139255,0,0.0,0
46244,34.85732181454069,3,6,7.447652348787258,7,1.0004704065643306,0,0.0,0
46245,54.16426394600818,5,4,10.409821181669646,3,1.0004379856864514,0,0.0,0
46246,48.271759149072736,3,1,3.1162238672314357,7,1.0003259214856126,0,0.0,0
46247,53.22545947831873,2,5,9.773541509584854,3,0.4997700644362304,0,0.0,0
46248,38.37947254543878,3,3,10.353116285438585,0,0.9996915072729058,0,0.0,0
46249,52.053591299233396,3,1,18.879304247720327,2,0.5017840590391344,0,0.0,0
46250,22.15438271055703,3,6,7.189127380522533,1,0.5055269647337813,0,0.0,0
46251,13.580317050866906,3,5,14.786848630481186,5,0.9997201616708766,0,0.0,0
46252,44.39919302041312,3,2,6.2585433522443505,7,0.9998705028671567,0,0.0,0
46253,40.54424220538059,2,3,5.951585542589836,4,1.000329228915603,0,0.0,0
46254,51.70964684190002,2,6,6.250496538093559,6,0.5798487216478471,0,0.0,0
46255,26.227009705030554,3,3,6.925439798409335,3,0.9530378387836028,0,0.0,0
46256,46.48690845330042,5,1,2.7200392337101054,0,0.5227808395398187,0,0.0,0
46257,53.30831461367829,2,3,9.23629945945161,4,0.5021321993921462,0,0.0,0
46258,48.86560624877093,5,6,12.283475537432787,1,0.5539028463587732,0,0.0,0
46259,63.40807022504761,3,6,14.972631882791163,7,1.0001449087042367,0,0.0,0
46260,19.057682227019626,3,6,9.772216052919834,2,0.5218554051723244,0,0.0,0
46261,43.76837921435256,3,3,0.0,5,0.9997820726474508,0,0.0,0
46262,44.84993078487674,6,5,2.1474925888398246,5,0.9998254613037973,0,0.0,0
46263,51.184798322287364,4,4,10.523825546316928,2,0.0018348574206528134,0,0.0,0
46264,40.03937380606206,3,4,13.599770445665706,7,0.19590966130288873,0,0.0,0
46265,29.38794876410612,5,1,5.709843927194863,3,0.5195562366646007,0,0.0,0
46266,47.42379156124447,5,3,4.007399964413218,2,0.5054395788932894,0,0.0,0
46267,50.371336551471664,5,3,4.580773794635019,4,0.49943531763578564,0,0.0,0
46268,58.764672481659865,3,4,20.00381743704316,1,0.986969340676539,0,0.0,0
46269,56.627797099041494,4,3,8.625212013091984,6,0.10178774224723597,0,0.0,0
46270,29.95278623430132,2,3,0.9165522443096172,7,0.34128587741580435,0,0.0,0
46271,38.45123967882346,3,1,3.759377852862314,4,0.7193903502900441,0,0.0,0
46272,30.621676190651257,3,6,12.903103142654777,6,0.16426756626607453,0,0.0,0
46273,30.185040149268445,1,2,19.072689201078138,7,1.000448297844041,0,0.0,0
46274,43.38437381202626,3,6,1.9503846769883335,3,0.4007993730813595,0,0.0,0
46275,29.50050816488345,2,2,8.838483120466616,4,0.9821212678326499,0,0.0,0
46276,28.69425221122165,4,1,4.940358908301199,7,0.9997129577898707,0,0.0,0
46277,25.959810904338273,5,5,4.398081982532182,1,0.6297772633538499,0,0.0,0
46278,34.868306365749156,1,1,20.599676471781486,7,0.9821352724400398,0,0.0,0
46279,59.271149873541475,2,6,4.454428524600411,7,0.9999212362719452,0,0.0,0
46280,28.562182362407157,4,4,6.170726559140875,5,0.28863520082753796,0,0.0,0
46281,32.21415105305906,4,6,13.13884395354005,3,0.8964281633542512,0,0.0,0
46282,70.75196534678399,2,4,20.005674447633755,5,0.49737455586865825,0,0.0,0
46283,38.244156150759345,2,6,11.364735273723893,1,0.9353615765805582,0,0.0,0
46284,47.35192258315433,6,6,2.045491920707054,7,0.4375294491897423,0,0.0,0
46285,31.315753257452563,3,6,8.479478777361933,7,0.9998871956381112,0,0.0,0
46286,32.89106763184824,0,1,6.043970689238651,2,0.9965511217126628,0,0.0,0
46287,39.829656506481115,2,1,12.70278529217643,6,0.9996525398821705,0,0.0,0
46288,41.885936923422314,4,1,16.343124646541337,7,0.4287724607297444,0,0.0,0
46289,65.46636609875512,3,3,14.781563718193633,7,0.9999994547121936,0,0.0,0
46290,18.12785193354711,1,4,5.081409722307159,6,0.3986747437261353,0,0.0,0
46291,26.816974858799803,2,6,13.254825025055565,3,0.19896640195924664,0,0.0,0
46292,46.412345717847884,4,3,5.976274509813906,2,0.9257443026953228,0,0.0,0
46293,25.82844301787518,1,6,11.939139779409517,3,0.15724135807281714,0,0.0,0
46294,32.6760918021368,2,3,11.794118711910471,6,1.0000035045054412,0,0.0,0
46295,38.6406243349622,2,6,18.48404663950368,4,0.9999694501433599,0,0.0,0
46296,37.8293042399304,3,1,20.359367200462845,7,0.9999667884961652,0,0.0,0
46297,63.435663187586194,3,3,13.421173769474716,3,1.0003889884556731,0,0.0,0
46298,52.547600691819284,3,2,16.12251180756519,4,1.0003681414438166,0,0.0,0
46299,43.156970175254216,2,6,13.679935454688287,6,0.05483997337897406,0,0.0,0
46300,42.02771372963554,5,3,10.887304121952926,1,0.4989642704627218,0,0.0,0
46301,60.32570928435668,4,6,4.6747416954563334,3,0.09773049663133238,0,0.0,0
46302,37.4348910089836,4,6,5.464933403782388,7,0.9998198798917091,0,0.0,0
46303,21.08505701774125,3,5,13.333654353306843,1,0.6756117555177976,0,0.0,0
46304,54.18485179998622,1,5,13.542445533044003,6,0.33077398531413604,0,0.0,0
46305,35.968957664640094,1,1,18.03296223875521,7,1.0001353448313883,0,0.0,0
46306,45.501285247473476,2,2,8.229617589662935,7,0.9998465817912705,0,0.0,0
46307,38.489777139012716,3,4,13.951448110424728,1,1.0004122753698834,0,0.0,0
46308,31.18090334026886,4,2,10.014688116723809,1,0.37512809525090995,0,0.0,0
46309,13.419692657417468,3,1,19.998045870964233,5,0.5349458527599804,0,0.0,0
46310,38.400349017988404,1,3,11.880293761080644,3,0.3003192118832181,0,0.0,0
46311,36.91431781593714,3,3,19.048530450870423,3,0.49748319824647913,0,0.0,0
46312,50.518919533251044,4,6,14.569187281912646,4,0.8935418275213151,0,0.0,0
46313,62.689528379387454,2,3,14.825800522402604,7,0.3668844379924455,0,0.0,0
46314,45.44379323110631,4,6,20.00827041799444,1,0.551319944015421,0,0.0,0
46315,47.12035091976875,3,6,4.536133058700579,4,0.1722261402056099,0,0.0,0
46316,57.23133864529639,2,3,10.678512107023584,0,0.0,0,0.0,0
46317,52.10625988182163,4,3,6.320403110539185,7,0.5779576710773904,0,0.0,0
46318,43.80365755418788,3,3,3.4384906122981134,7,1.0000591940504397,0,0.0,0
46319,68.15095622385805,4,3,1.5880513300887191,2,1.0005898108676812,0,0.0,0
46320,39.01342777093047,3,4,20.007334380522536,1,0.9998048175615986,0,0.0,0
46321,25.938668318163124,3,6,12.068614411118823,3,0.23045669579008266,0,0.0,0
46322,37.74516894434666,6,1,12.114072239162581,7,0.6843689652782615,0,0.0,0
46323,26.425444339495414,1,3,12.460016799084617,3,0.7519716201308444,0,0.0,0
46324,44.2068713397558,2,6,5.643311016992652,7,0.5386902661110562,0,0.0,0
46325,47.813376055804646,3,4,11.207039753821144,4,0.999950186257999,0,0.0,0
46326,43.633271147929385,3,3,19.99741603326897,0,0.770325327296776,0,0.0,0
46327,52.52256652887009,3,5,15.239239888939874,4,0.2470698982648279,0,0.0,0
46328,50.43029215728216,2,3,9.738634836711839,5,0.4980156447186938,0,0.0,0
46329,67.46549593037746,3,1,16.838092315817114,4,1.0000755357229256,0,0.0,0
46330,57.26673413276623,4,1,10.618001727006147,7,0.9993932234967446,0,0.0,0
46331,25.43683872852683,4,6,2.2849179600067906,3,0.3496789280633217,0,0.0,0
46332,29.533206059053185,1,5,1.7220780359390258,3,1.0157038745285862,1,83338.57473452025,1
46333,27.98075997439649,3,2,7.413147277900835,3,0.20081215134567065,0,0.0,0
46334,40.92665708989407,3,3,8.497558781623782,3,0.17256137757650325,0,0.0,0
46335,40.387212248849714,2,1,0.0,7,1.0001915944452895,0,0.0,0
46336,56.085071117009356,3,6,4.986428854588209,7,1.0000278915661678,0,0.0,0
46337,57.3861779663399,4,2,7.861679599080547,7,0.6641229094503652,0,0.0,0
46338,41.43951846766224,2,2,20.911748655482242,7,0.6861833190096837,0,0.0,0
46339,52.7072938522159,3,6,15.033070922549124,7,0.9997675489180928,0,0.0,0
46340,45.47685358718863,1,4,5.477345375609198,1,0.9544179048678841,0,0.0,0
46341,41.626663854512984,7,2,20.33417283187582,7,0.08597226198157848,0,0.0,0
46342,30.39148043309921,2,6,15.964292721615461,1,0.9993804269905777,0,0.0,0
46343,51.32083917411122,1,3,9.44670809211682,6,0.49720368060731324,0,0.0,0
46344,50.39579756544464,3,2,13.400471719217103,4,0.7490733939398452,0,0.0,0
46345,51.45630532484908,1,2,19.257087223684284,7,1.0000804226256692,0,0.0,0
46346,49.725657267687424,3,6,15.874450322075624,7,1.0000350066231352,0,0.0,0
46347,52.554608840289276,5,5,9.761076265495833,1,0.6548530038250701,0,0.0,0
46348,64.25199102773905,4,5,15.705791163070373,3,0.49921892348827296,0,0.0,0
46349,28.513132704642402,3,4,35.732768200034776,6,0.1566483571212688,0,0.0,0
46350,40.67678438524538,2,3,10.931198635669165,7,0.39150440661360736,0,0.0,0
46351,53.75734874818319,3,6,8.949667903375444,7,0.9994548913044767,0,0.0,0
46352,40.945876231736314,4,6,11.979424692901647,7,1.0001619112421478,0,0.0,0
46353,61.28684699988153,2,2,8.483827573054258,1,0.9022715323534299,0,0.0,0
46354,46.77887105727722,3,2,20.00103295486162,1,0.7589679929144997,0,0.0,0
46355,64.435716517795,4,1,2.0176861766584846,4,0.39775691404294533,0,0.0,0
46356,54.9420973137193,4,3,0.0,7,0.9997512964206482,0,0.0,0
46357,37.08279326653344,4,4,8.828625610537992,2,0.31795575905461415,0,0.0,0
46358,48.70328300193174,1,3,18.071100436166926,7,0.9994867832503167,0,0.0,0
46359,26.97402598396929,4,2,7.320796963430528,1,0.36361616035911254,0,0.0,0
46360,52.096727989560286,4,3,0.0,3,0.4968128390417264,0,0.0,0
46361,44.840969198434344,2,4,1.9495156425357028,4,0.7516388722719873,0,0.0,0
46362,47.69408849838942,5,3,7.794874517292314,3,0.5045947541264936,0,0.0,0
46363,28.427664097930126,4,4,20.012558859437114,1,0.9999995823019858,0,0.0,0
46364,25.946717371793056,3,2,10.051539788103497,5,0.2339143346527478,0,0.0,0
46365,40.12356715418817,0,6,22.115003557966606,7,0.22050205547578533,0,0.0,0
46366,54.0948032793348,3,4,20.001076423750824,7,0.999985993503776,0,0.0,0
46367,56.880463322008424,4,3,13.875048318624223,7,0.9999274642059319,0,0.0,0
46368,52.940676732151715,4,2,2.1950725486111935,6,0.9995255773703194,0,0.0,0
46369,61.38755260732726,2,1,13.423982946124951,1,0.5599842364911478,0,0.0,0
46370,42.891297932661466,2,4,10.079262997725207,3,0.7787995513158527,0,0.0,0
46371,56.42041942252556,4,3,6.434792355914886,2,0.5022141777102787,0,0.0,0
46372,32.0805969965114,3,4,20.002481046066528,1,0.9997290176796252,0,0.0,0
46373,30.987410194157004,3,3,20.62806533922553,7,0.3046792988080789,0,0.0,0
46374,39.45083538377731,5,3,9.154887540614407,7,0.6579839362010016,0,0.0,0
46375,49.98420525295863,3,6,14.23209411183995,1,0.17151522457789403,0,0.0,0
46376,31.819732009076272,3,4,15.680279161793829,5,0.0,0,0.0,0
46377,42.55695370893774,4,3,15.030822919886994,3,0.37526045687433285,0,0.0,0
46378,68.85633627243651,4,6,14.633969266136084,6,0.9999653297787934,0,0.0,0
46379,24.862326769294732,5,2,16.385614920170326,4,1.0056949530535217,0,0.0,0
46380,25.64867601873469,3,4,9.618018860666123,3,0.3629317048900845,0,0.0,0
46381,47.24505956758682,1,3,18.072463209702818,3,1.0001919865840763,0,0.0,0
46382,25.904333722364512,3,1,2.168509517292387,3,0.33423088073134744,0,0.0,0
46383,41.59122309297856,4,3,8.586130726369882,7,0.9999440697792329,0,0.0,0
46384,60.726825967181455,4,2,16.772992475194677,5,0.579510786235353,0,0.0,0
46385,44.654666563384005,2,3,11.979226089395091,2,0.37391077721636135,0,0.0,0
46386,42.118228560271945,3,4,8.729221087220917,7,0.9036919662432685,0,0.0,0
46387,43.31461968191845,3,3,3.5985608599103838,3,0.9314266116719194,0,0.0,0
46388,49.87667104742663,3,5,20.01304191337973,1,0.0,0,0.0,0
46389,62.7431957422233,3,6,6.064754455233009,7,1.0005943642412138,0,0.0,0
46390,40.75921197896177,3,4,11.617985119529504,7,0.09713892583957218,0,0.0,0
46391,46.13941993410632,2,7,3.3970965656353824,1,0.07822174640252544,0,0.0,0
46392,28.709424473949163,0,3,14.473460070896085,3,0.0,0,0.0,0
46393,45.16037268059862,3,5,14.86710405631528,2,1.0000498363236052,0,0.0,0
46394,39.54828180056004,3,3,20.0117695574789,1,0.5220937264061721,0,0.0,0
46395,66.05865086507123,2,3,5.786472989613362,2,0.45838845393954736,0,0.0,0
46396,43.6707067588082,5,3,16.39901882466786,7,1.1565857662090346,0,0.0,0
46397,33.00904292510116,2,5,3.2300367515165256,2,1.011117383509644,0,0.0,0
46398,37.23932731117526,0,3,3.9249491210824203,7,0.9997941595181803,0,0.0,0
46399,25.715988046098428,3,6,16.634640149966984,1,1.000457743586555,0,0.0,0
46400,24.037265229519985,2,3,8.394653318018772,1,0.5448274953853007,0,0.0,0
46401,31.376911058422696,2,3,4.0351445950581555,5,0.9999028213823284,0,0.0,0
46402,60.80405529146107,5,5,0.08939770834861172,1,0.7392231343666837,0,0.0,0
46403,35.96723723452092,3,5,11.452285448925052,0,1.0002477221990587,0,0.0,0
46404,59.05587090445063,4,6,22.162874902766696,3,1.0004076881264357,0,0.0,0
46405,45.99506714261885,2,7,6.560546252980724,5,0.4428122914806134,0,0.0,0
46406,32.23747034660293,1,3,12.270900480020517,5,0.4381605580107899,0,0.0,0
46407,59.740977909433624,3,4,13.876216882139515,4,0.6143854239566722,0,0.0,0
46408,44.191937322800484,2,1,3.5320441755357797,0,0.6746899101259082,0,0.0,0
46409,48.26645681046638,2,6,13.497772402132997,4,1.0001944685419966,0,0.0,0
46410,29.43894712737679,3,5,18.01182900871938,7,0.41024814855300046,0,0.0,0
46411,44.413272845899755,3,6,11.367778372462862,3,0.5527040985204763,0,0.0,0
46412,38.12676266449215,3,1,8.99322264141339,7,0.4980234732831602,0,0.0,0
46413,26.481671124595998,4,2,5.355078552062416,5,0.335771418794113,0,0.0,0
46414,22.169460422007578,1,3,11.947866242161226,2,0.35089822220595845,1,1280.2034598241728,1
46415,42.172017185179634,3,4,9.435564956600148,2,0.9998994492963105,0,0.0,0
46416,32.073375870798984,4,1,20.007946103481707,4,0.5700843763875763,0,0.0,0
46417,48.35894029079458,1,1,5.96733698744248,7,0.9996599377861781,0,0.0,0
46418,36.13646598773421,1,4,4.708462250482737,2,0.4699908589658821,0,0.0,0
46419,43.97885756061871,3,5,15.309241108796215,2,1.000305771473375,0,0.0,0
46420,41.520020778047524,1,2,1.4681505359234137,6,0.9997687929932164,0,0.0,0
46421,57.43349517808832,3,5,17.195975609845657,2,0.5029054641308169,0,0.0,0
46422,29.946215680036364,3,4,19.998576130430862,2,0.49686160001292945,0,0.0,0
46423,42.05013658878,3,1,0.39744319225962066,4,0.9998296893928742,0,0.0,0
46424,62.60475012470094,3,6,18.99302487666932,2,0.14519159090745082,0,0.0,0
46425,37.57652869271456,3,3,12.421397080710557,2,0.9997986015813418,0,0.0,0
46426,13.675107588862083,2,1,0.0,3,0.0028092217989058588,0,0.0,0
46427,52.89144269883552,2,2,14.24602767224046,2,0.7820024614273795,0,0.0,0
46428,56.278406786887544,4,2,6.654048339010855,7,0.43142905930932063,0,0.0,0
46429,41.21526721929284,4,1,15.418584229050541,7,0.9394564243366779,0,0.0,0
46430,57.57777161932232,0,1,2.516458045639636,1,0.49843806367817456,0,0.0,0
46431,61.01364251937835,2,6,23.52405840718173,6,0.5193359841257783,0,0.0,0
46432,33.876452308206694,4,6,14.881898763865497,7,0.27444932531478683,0,0.0,0
46433,41.81312661154671,3,4,20.012103977249414,3,0.9999416749268464,0,0.0,0
46434,55.04157507768252,2,1,20.01040265030732,4,0.552634044842807,0,0.0,0
46435,32.90636694027591,6,6,19.325888983843512,7,1.000112818946028,0,0.0,0
46436,41.415743742623974,4,2,8.302752356006316,2,0.5517994362214181,0,0.0,0
46437,50.93373350949941,5,1,5.972201972761673,3,0.960744327907568,0,0.0,0
46438,36.15771766327329,4,1,3.7264767571431694,7,0.9047467635023067,0,0.0,0
46439,48.70301118117601,1,1,8.065541583161417,7,0.9652317595566845,0,0.0,0
46440,42.13502454314418,2,3,0.0,3,0.3655035460475013,0,0.0,0
46441,41.88731525419392,3,6,20.056669715074868,6,0.6027437846385408,0,0.0,0
46442,14.215484379731969,5,3,3.88317294687116,2,0.4638086066935181,0,0.0,0
46443,47.548515122135946,3,7,3.894509431504571,9,0.9389782989404051,0,0.0,0
46444,52.633279405565396,3,2,15.231245456760174,3,1.008336018492296,0,0.0,0
46445,34.70249254925006,1,1,19.30756948905274,7,0.45223906497326394,0,0.0,0
46446,55.165966654553614,2,3,1.2429682637002522,3,0.2696528078957111,0,0.0,0
46447,39.48125724702927,3,4,12.646929019010202,3,0.352790053059453,0,0.0,0
46448,20.412607783511795,1,3,15.215212326031232,1,0.1634798723205676,0,0.0,0
46449,40.79058153975736,4,2,13.131178602631433,6,0.0,0,0.0,0
46450,68.78490069790683,3,3,7.189532453252051,5,0.9994309566663991,0,0.0,0
46451,27.776868823058642,3,7,9.617115274301174,2,0.5069909034017246,0,0.0,0
46452,23.539685396613386,1,7,2.5191476057633704,5,0.00043454007381860116,0,0.0,0
46453,60.12409059708669,4,0,4.851132485895209,6,0.5930849776680781,0,0.0,0
46454,23.45115625878091,3,6,16.457523835962125,0,0.41201875061189813,0,0.0,0
46455,60.82281654510449,3,4,3.0971410230651504,4,0.8407922458037296,0,0.0,0
46456,47.093334445241254,3,6,20.00064926199095,7,0.9341232023561068,0,0.0,0
46457,44.616208623774156,3,1,8.064741423189961,7,0.6081202279047168,0,0.0,0
46458,52.62252558323671,4,1,11.932129476916245,7,0.9993540744143808,0,0.0,0
46459,23.63601093806032,2,2,10.453787750541085,3,0.6049016347738092,0,0.0,0
46460,57.04407084500542,4,4,20.00504635706912,7,1.0002070690089786,0,0.0,0
46461,66.6724123048559,5,6,13.100455912206494,4,0.22507567376299986,0,0.0,0
46462,53.06025946997038,6,3,9.778183209374614,1,0.30041451371083827,0,0.0,0
46463,52.07894949023961,4,3,6.43053164101781,7,0.899097119115437,0,0.0,0
46464,56.00263886710062,3,4,16.918480972049927,1,1.0072923758454269,0,0.0,0
46465,49.6960729376966,1,3,24.352435815784546,7,1.000015862598385,0,0.0,0
46466,40.24889639234105,3,3,11.856353063739213,1,0.3055174933373842,0,0.0,0
46467,45.8915540696029,3,5,17.919174290676075,1,0.9072561673760126,0,0.0,0
46468,48.47159365160921,2,3,5.879560151642955,2,0.5405040062568551,0,0.0,0
46469,46.656791385638655,4,3,12.919594058432137,0,0.158549047380648,0,0.0,0
46470,31.9867613560193,2,2,16.358019061011777,7,1.0002952193686188,0,0.0,0
46471,43.722438989755666,4,3,0.0,4,0.35850930941784354,0,0.0,0
46472,16.904079484888914,3,4,3.430835328012356,2,0.9997054211021281,0,0.0,0
46473,43.18869671234613,1,3,11.553119282722852,3,0.95583400494906,0,0.0,0
46474,27.945794095919595,3,2,10.77785335861495,1,0.9996305048711386,0,0.0,0
46475,39.07803133366306,2,4,13.625970875587921,4,0.8010709241229615,0,0.0,0
46476,52.38887698445561,3,4,19.994967140649145,1,0.5447852192394375,0,0.0,0
46477,46.450977062827334,2,6,11.87963638032313,4,0.7291327469961931,0,0.0,0
46478,57.09926032272927,5,2,16.539667069016176,7,0.5473633061146436,0,0.0,0
46479,51.24298259353057,3,4,6.786074660880125,4,1.0002487053522653,0,0.0,0
46480,64.07886279872034,6,3,2.815335021584332,3,0.9039969653308713,0,0.0,0
46481,45.028549676024085,1,2,8.908812208253616,6,0.6647794932450419,0,0.0,0
46482,28.444847683336803,3,3,11.345248942958476,3,0.0,0,0.0,0
46483,48.247252752892315,3,4,19.997309917583294,1,0.9996231481840241,0,0.0,0
46484,57.52065635850623,3,4,7.836216264095056,3,0.9311840129682565,0,0.0,0
46485,45.68907402759767,1,3,4.309807982433799,7,0.5052463479036532,0,0.0,0
46486,68.10518640289482,4,6,4.7383745086750295,7,0.6220527534958955,0,0.0,0
46487,55.739999566002155,3,3,0.0,3,0.36287231922555274,0,0.0,0
46488,26.42137140914297,3,5,11.090484854352539,1,0.11601371009877037,0,0.0,0
46489,63.220007644785795,4,5,11.828898167301203,2,0.4990018019918767,0,0.0,0
46490,41.00667576744066,3,2,12.768511296200314,7,0.2382685585913159,0,0.0,0
46491,45.67866317534099,4,1,4.26550626104614,7,1.0005484546744414,0,0.0,0
46492,34.544306170198084,4,4,17.146510971714644,4,0.8382472412214808,0,0.0,0
46493,36.232865861919876,3,4,11.944629442016916,7,0.4928002104360698,0,0.0,0
46494,13.907216420589357,6,7,2.698496024261802,7,0.5108259098282968,0,0.0,0
46495,48.729389426364094,2,3,10.656672487628162,7,0.9548559588163692,0,0.0,0
46496,40.827169466908394,1,6,19.408504163163705,5,0.34040013793223545,0,0.0,0
46497,33.80578337506603,1,1,3.265444338163901,4,0.5426618955019029,0,0.0,0
46498,45.34302340690155,2,3,0.0,7,0.8064063574321655,0,0.0,0
46499,61.033430208532465,3,2,8.032263060490372,7,0.49866740070345095,0,0.0,0
46500,37.376209855842326,3,3,19.86048911876901,6,0.9803184250520884,0,0.0,0
46501,26.768176128521326,3,1,3.7902777609363474,3,0.3943082399132393,0,0.0,0
46502,23.18789937118652,2,1,0.0,1,1.0002518789589814,0,0.0,0
46503,43.877952235271124,4,2,6.573226895436355,4,0.0,0,0.0,0
46504,53.03371426853812,5,5,4.085657467279024,7,1.0000802522208372,0,0.0,0
46505,46.61356429842036,2,2,8.614777926800631,4,0.3229277724717083,0,0.0,0
46506,52.700459205017914,4,4,19.99883792662523,7,0.5401755383317581,0,0.0,0
46507,39.074659259080335,3,4,15.921024845491498,3,0.9077475525261629,0,0.0,0
46508,65.07193798896296,3,3,13.964117264405216,5,1.000482829918668,0,0.0,0
46509,48.2987577215471,3,4,20.00113378119461,4,0.49959417747297663,0,0.0,0
46510,60.144481246032555,3,3,14.831607112372232,7,1.000332643865724,0,0.0,0
46511,47.114664524823965,3,4,7.0087222663776805,4,0.9999637042141338,0,0.0,0
46512,38.54258328275069,5,6,13.029185277125917,3,0.3974957735072937,0,0.0,0
46513,26.08705674059468,4,6,15.023057080673192,0,1.0001528915854303,0,0.0,0
46514,49.532304821722434,2,5,1.0041861301286534,7,0.37991409152991906,0,0.0,0
46515,64.34319985946601,3,2,17.784136458981777,5,0.3361668851635363,0,0.0,0
46516,54.80181730837626,4,6,5.425781346261269,3,0.6901357034773448,0,0.0,0
46517,36.84853006600926,3,3,8.91708867667098,4,0.29025656803437966,0,0.0,0
46518,76.87290312929352,2,3,15.311209717112401,7,0.0,0,0.0,0
46519,48.93393247467429,4,3,4.366042647524495,4,0.4953540171587458,0,0.0,0
46520,57.85213897410906,3,3,11.64854713945416,4,0.9999824904367948,0,0.0,0
46521,53.006377575608624,1,3,2.682460155620076,2,0.9993292253709624,0,0.0,0
46522,20.129861702116177,1,4,1.0185379554892293,1,1.1730568488458903,0,0.0,0
46523,47.10594184930716,3,4,19.582530356054804,7,1.0993971933066946,0,0.0,0
46524,60.57377938126682,4,3,12.536964881958998,2,1.000191247071577,0,0.0,0
46525,25.418111787625556,2,6,13.943275589489298,3,0.052979248027615,0,0.0,0
46526,72.88969800666291,2,1,6.761350722968587,6,1.0102680022086983,0,0.0,0
46527,28.008102599744017,3,2,3.6742980150401774,5,0.9999613006404997,0,0.0,0
46528,53.08982024481419,2,5,14.716542188486521,7,0.9995534129071966,0,0.0,0
46529,39.00143513749843,4,3,12.138553518796689,1,0.5784081401823322,0,0.0,0
46530,46.42550543834895,6,6,17.603472863316348,2,0.38924876117467355,0,0.0,0
46531,55.8928402546528,3,4,15.13773289888479,5,0.008654906718574051,0,0.0,0
46532,43.31309802827638,4,1,11.644711109749212,0,0.9994875533344669,0,0.0,0
46533,22.466191168460625,3,3,8.69208918260312,0,0.9997644329255856,0,0.0,0
46534,40.478252939384426,2,3,12.566642862782539,2,1.0002252611983264,0,0.0,0
46535,13.814286890895186,5,3,10.242853357857117,1,0.2080352745530495,0,0.0,0
46536,25.225942139536933,2,2,18.483589441096136,6,0.15670340445812958,0,0.0,0
46537,24.623358353697217,5,2,9.506877798091804,3,0.6005047941133338,0,0.0,0
46538,59.739946355671776,1,6,13.42341792258029,1,0.19552550361562926,0,0.0,0
46539,26.789673883527925,3,3,3.4742292878078143,5,0.9650225311934366,0,0.0,0
46540,53.05464456130697,5,1,2.782047498383136,2,0.8919464490285807,0,0.0,0
46541,53.948515293140225,5,6,12.869313106501922,5,0.6523757385867148,0,0.0,0
46542,59.843410097199225,2,6,17.16301957798232,7,0.6358822590669662,0,0.0,0
46543,66.17624438048108,1,3,16.876978838315303,3,0.497461715768033,0,0.0,0
46544,59.10599170683555,3,1,16.72741301239557,4,0.6264922065706741,0,0.0,0
46545,28.148847266462937,4,2,13.44886474737996,1,0.0,0,0.0,0
46546,33.80536688468793,2,4,15.382769446545913,7,0.41127552972694614,0,0.0,0
46547,25.722476369195945,4,2,9.750841516898245,1,0.5360083492948196,0,0.0,0
46548,42.40677435567006,3,4,26.0464857888542,7,0.7840650993947029,0,0.0,0
46549,31.54950464770689,3,0,14.283802069086939,1,1.0004653695674364,0,0.0,0
46550,54.82339246432386,3,3,18.437711410131406,0,1.0000680088932845,0,0.0,0
46551,47.005942051846276,4,3,8.466745839994484,4,0.5028490631844483,0,0.0,0
46552,33.84953674337696,3,5,13.813930961763415,1,0.8358941076574701,0,0.0,0
46553,48.64153842102808,2,3,18.086492180904045,1,0.9579473641768598,0,0.0,0
46554,24.133282584381384,1,2,12.377898094633741,1,0.45716234226927754,0,0.0,0
46555,43.581947494455456,1,4,11.787474135229568,6,0.9619683750147946,0,0.0,0
46556,21.208226072062327,2,6,2.582596279711222,0,0.328247344259905,0,0.0,0
46557,31.85965693126826,3,6,0.5264455853434225,1,0.9299106512015034,0,0.0,0
46558,28.800915583456565,1,7,19.10454208932998,7,0.4706157256407681,0,0.0,0
46559,49.07545191535032,3,5,13.349960044628723,3,0.5001996328930121,0,0.0,0
46560,41.193611706639125,3,1,6.1952743853082906,0,0.4950600351443948,0,0.0,0
46561,48.054381021656624,2,3,12.762887722067346,1,0.46871493767260897,0,0.0,0
46562,41.42212603090677,0,3,7.077507474588362,2,0.46283127087881226,0,0.0,0
46563,22.8033587398115,0,1,2.8744683961473143,2,0.2795691649834069,0,0.0,0
46564,42.20434102120627,1,1,1.7974821852627514,0,0.3223014192088624,0,0.0,0
46565,48.378989747292714,3,1,5.888527863171865,3,0.9999232661069863,0,0.0,0
46566,38.09936477583349,2,2,9.839116536412346,3,0.16306304478794376,0,0.0,0
46567,49.66519665943791,4,5,11.197754904020481,7,1.0001110448020283,0,0.0,0
46568,48.93364012823304,3,2,19.427882634428265,2,0.9995730493655806,0,0.0,0
46569,39.66239262919068,6,1,3.527099433596402,3,0.22938450691978007,0,0.0,0
46570,35.78109742602719,4,2,8.027237867694112,1,0.5601607907262074,0,0.0,0
46571,63.54043720029975,3,4,20.012981062250187,7,1.000074922930612,0,0.0,0
46572,29.07300763778226,3,3,0.0,7,0.9995686930669831,0,0.0,0
46573,47.36543430386465,2,5,10.794670481123523,7,1.0001477702117116,0,0.0,0
46574,19.79419974652359,3,3,10.567280995709817,5,0.9996042407835328,0,0.0,0
46575,17.582158981102364,0,6,14.0779068744712,0,0.41444545154694373,0,0.0,0
46576,45.18733451299442,2,3,8.532447240983537,7,1.0003987934749456,0,0.0,0
46577,56.708955895554844,1,3,0.0,7,0.9994258274197296,0,0.0,0
46578,66.71264518410128,3,3,11.436021089764347,6,0.9289540923704839,0,0.0,0
46579,50.299955584678415,4,2,1.7292392189400108,7,0.9995764352212348,0,0.0,0
46580,27.51806582095096,3,6,13.23281088216534,4,0.7997221633644311,0,0.0,0
46581,41.542247955555816,2,2,18.093062156526166,6,0.999509510070518,0,0.0,0
46582,19.970187314894993,4,2,8.706578615809198,3,0.3631820540486146,0,0.0,0
46583,14.813321043521707,4,2,14.288223513076373,7,0.18606599302109927,0,0.0,0
46584,53.597206224717084,3,1,20.003088525445023,0,0.0,0,0.0,0
46585,48.49381044104421,3,5,18.638584118021136,7,0.27302788437451025,0,0.0,0
46586,32.713687505704044,4,4,19.992598479868462,2,0.5184338569470814,0,0.0,0
46587,30.566629882350387,3,7,18.085887696976705,5,0.25469520791542005,0,0.0,0
46588,42.42117226476391,2,3,10.721641227075146,3,0.9272279877160756,0,0.0,0
46589,76.22193568137982,6,2,8.557387043943017,7,0.8615973662859395,0,0.0,0
46590,16.581363516185966,3,4,6.697813746380043,2,1.00022393266048,0,0.0,0
46591,56.00406686509932,4,6,7.987946178621247,7,1.000174437680963,0,0.0,0
46592,49.11197521983311,4,5,15.467244325739557,2,0.999942292159542,0,0.0,0
46593,29.18272860903697,6,6,6.770236773168149,1,0.943259197799851,0,0.0,0
46594,42.16635822757401,3,1,10.140233252371774,3,1.0000267409852486,0,0.0,0
46595,44.29262553442976,2,2,12.34132740622811,3,0.0,0,0.0,0
46596,19.524327610332705,3,5,8.651029279968506,2,0.47228678306702976,0,0.0,0
46597,33.617093272976994,3,3,10.759595727537324,4,0.0,0,0.0,0
46598,33.938369396729115,0,6,9.523682121825182,7,1.000205995479462,0,0.0,0
46599,40.32550528715566,3,5,12.278386622546451,7,0.3211357095576128,0,0.0,0
46600,13.883223772120427,3,6,13.896630170120126,0,1.0003466501395577,0,0.0,0
46601,28.600352188854977,4,3,1.982925433909621,7,0.9750980719388384,0,0.0,0
46602,51.96150225729316,4,5,13.695725042245066,7,1.1698377225255978,0,0.0,0
46603,32.300170822720055,3,6,9.95212000078763,7,0.602073749690127,0,0.0,0
46604,36.259686242066095,4,3,7.826790535626772,7,0.9348978090669263,0,0.0,0
46605,34.36321531744481,2,1,14.461005031655198,2,0.8996929832691367,0,0.0,0
46606,42.92015083317077,5,6,15.30605258861145,7,1.0007127860903147,0,0.0,0
46607,40.52398052691249,3,2,12.900986371844493,1,0.4222063654071385,0,0.0,0
46608,42.78913563375033,1,1,20.008103421657896,4,0.20819986565584503,0,0.0,0
46609,38.3222506970386,2,3,12.841963163643529,2,1.000033589697485,0,0.0,0
46610,56.31449811912206,5,3,4.9534233958457925,3,0.9999970571493471,0,0.0,0
46611,48.92606186387093,3,3,18.7266855567964,7,0.8930743416596933,0,0.0,0
46612,44.92266230834957,4,1,15.288776209967674,7,0.2709120173106651,0,0.0,0
46613,19.610048126896594,3,6,9.802011327448817,3,0.7668380849483879,0,0.0,0
46614,47.248191458501125,3,4,13.699168240801477,1,0.9997458443783527,0,0.0,0
46615,38.12867139916192,2,5,8.6372768065937,7,0.9121642209779063,0,0.0,0
46616,47.808242487090375,2,6,13.227529215769831,3,1.000089639138554,0,0.0,0
46617,44.36139564557775,4,2,7.519273672274413,6,0.6120059591303681,0,0.0,0
46618,59.70599950454945,4,5,5.035521035182247,3,0.9995954172880788,0,0.0,0
46619,31.561038690695575,2,3,11.955553211239925,4,0.9997034435403146,0,0.0,0
46620,33.832920758532936,2,3,11.07048826591142,3,0.5073475941748242,0,0.0,0
46621,43.39557973132529,4,2,11.829745188878043,5,0.9551230365252714,0,0.0,0
46622,50.78169807269927,0,1,3.165431005988572,1,0.5587424345608492,0,0.0,0
46623,61.35713291155847,1,1,18.649130962153908,4,1.0005132146168207,0,0.0,0
46624,36.26060279101563,1,1,0.7148140683895701,3,0.4991676023823862,0,0.0,0
46625,49.77520602031818,4,1,15.208363598255804,4,0.5177248920052445,0,0.0,0
46626,58.34278148201031,3,1,6.6207510869672666,2,0.496037736532494,0,0.0,0
46627,42.380649632204644,3,6,22.271256356885125,7,0.49284158474002493,0,0.0,0
46628,43.99763015835024,3,1,14.997979485989653,5,1.0003089485151535,0,0.0,0
46629,33.4940525885359,3,3,16.50922845289869,2,1.0249008010068037,0,0.0,0
46630,50.97574115549761,4,3,4.185931373396786,7,0.9998770733753009,0,0.0,0
46631,27.79435229952714,3,6,7.886105506539086,7,0.9999287722381218,0,0.0,0
46632,44.54355290697094,3,3,13.892180973305804,4,0.502647795187492,0,0.0,0
46633,46.163750210309765,4,6,8.368434471064159,7,1.000221600288697,0,0.0,0
46634,40.629459569212024,4,1,19.653426948669154,3,0.45807924388155663,0,0.0,0
46635,47.31742431463302,1,3,11.835729478115073,2,0.6257530124996232,0,0.0,0
46636,24.49806376447939,3,2,2.009273496644999,4,0.3373606615258579,0,0.0,0
46637,50.774620266604686,3,1,10.303199989107505,4,0.999977649172578,0,0.0,0
46638,69.83685817108767,2,5,1.0837359276906007,4,0.5038983927529264,0,0.0,0
46639,30.16732787900507,1,6,20.640636058905372,6,0.3328823018119048,0,0.0,0
46640,55.49099365398687,5,5,6.1376377869056995,4,0.2130088495155083,0,0.0,0
46641,26.155845355995524,4,1,2.840213987678359,5,0.30255701936411783,0,0.0,0
46642,52.77127656588302,2,4,20.00256370588209,7,1.000476062497357,0,0.0,0
46643,47.353579528997344,2,4,20.011278692725465,1,0.999994507056327,0,0.0,0
46644,43.683893908572436,5,2,6.4734352283158545,3,0.2703069977710975,0,0.0,0
46645,68.77889544427751,3,6,4.776222514833197,7,0.9998528135625945,0,0.0,0
46646,44.24614844601034,2,3,10.021177174486931,6,1.0000254351825295,0,0.0,0
46647,19.52620767818153,5,1,16.150713651853366,4,0.0,0,0.0,0
46648,35.97696100612541,3,1,17.007551379828648,7,1.0002784560059994,0,0.0,0
46649,53.44100699123567,3,4,3.5523324627474455,3,1.0002051615588654,0,0.0,0
46650,56.739353095522574,2,5,2.5333825453831356,3,0.5012329182421769,0,0.0,0
46651,24.021298417659967,3,6,17.449934622003404,4,0.23423415661860936,0,0.0,0
46652,57.42058988495236,2,5,0.0,7,1.000731007562997,0,0.0,0
46653,47.13241845069666,4,2,12.197158035359099,2,0.4772295402117641,0,0.0,0
46654,46.744920204981476,0,2,11.459919637282718,1,0.27380220344038175,0,0.0,0
46655,65.43114452114555,4,3,8.319802966197155,3,0.9998276754041051,0,0.0,0
46656,44.17843413003917,3,2,17.565258445891736,6,1.0004131197229313,0,0.0,0
46657,34.79095058117067,1,2,7.769246774009883,6,0.7340030355245315,0,0.0,0
46658,31.612308613130352,1,1,7.977998142621673,2,0.9998247351489795,0,0.0,0
46659,50.929017431684116,0,3,10.39017492781558,0,0.9997455373909878,0,0.0,0
46660,25.88368421284271,5,2,4.676330427735235,7,0.6711952952605668,0,0.0,0
46661,86.5060169186443,2,3,26.18765091119422,5,0.4991593363357989,0,0.0,0
46662,40.48877738774139,5,1,9.996505103000874,7,0.9931636739033232,0,0.0,0
46663,25.258002225522684,3,4,14.842077794378696,5,0.3738043248790937,0,0.0,0
46664,50.00489185773971,7,1,7.694418917180284,7,0.9998780967543279,0,0.0,0
46665,49.43650702523343,1,3,5.836156391150493,6,0.0,0,0.0,0
46666,36.1420208520132,3,4,7.016734276344741,7,0.2976318067047513,0,0.0,0
46667,37.451882046834555,2,3,4.135636412577157,2,0.49876976539123047,0,0.0,0
46668,45.55327360202183,4,1,12.441254831101698,4,0.49947657433852083,0,0.0,0
46669,40.92384860966961,4,1,19.996552655202542,4,0.45720767295976206,0,0.0,0
46670,30.03349775251106,4,4,17.363302840987664,5,0.36833284985658915,0,0.0,0
46671,41.03791776238434,4,3,13.606314016564205,6,0.5926013370279061,0,0.0,0
46672,26.023735928014442,3,6,1.5932689683091237,4,0.3578985287595071,0,0.0,0
46673,39.19645578156728,3,6,9.09937206404119,5,0.6018336640047375,0,0.0,0
46674,52.518168596872854,2,3,8.369736854225364,4,0.2955498456392741,0,0.0,0
46675,42.09717459866763,2,6,14.197193360598549,2,0.512481799163145,0,0.0,0
46676,60.36194322512216,4,4,13.519068804734138,4,0.7504032186109668,0,0.0,0
46677,45.70383806345121,3,6,11.705612085849666,2,1.0001477913154622,0,0.0,0
46678,47.96428223986722,5,4,20.0145801100259,1,1.0005944311741333,0,0.0,0
46679,44.61436227679598,5,3,9.513299084634872,2,0.9998210536493611,0,0.0,0
46680,49.182640249628605,3,3,4.189665092764582,3,0.49836905361779155,0,0.0,0
46681,29.42778126451376,3,6,3.6514238860206323,3,0.6516069765922263,1,11155.968979982023,1
46682,33.94459698766766,4,6,23.068035459493373,7,0.9998584277153665,0,0.0,0
46683,56.487426988444504,3,4,13.44878476207647,1,0.9998934245554874,0,0.0,0
46684,42.00377554374895,4,4,1.7944153631709359,6,0.42318036236480255,0,0.0,0
46685,41.74159735318848,3,3,20.01545639224767,5,0.44027208776106164,0,0.0,0
46686,42.52181041964878,4,6,8.989376737951428,4,1.0003952382141994,0,0.0,0
46687,29.562062386451153,4,3,3.3149604629735743,2,0.826212991684403,0,0.0,0
46688,37.2341310958936,3,3,7.932042722528234,5,0.9993227389227082,0,0.0,0
46689,36.452941333588,0,3,9.33457093753881,3,0.5035006045814492,0,0.0,0
46690,28.32066367233917,3,3,11.16835101884201,7,0.9995864981811862,0,0.0,0
46691,59.32421912587181,2,6,7.202861390288239,5,0.6647729478335527,0,0.0,0
46692,52.02939213370443,4,6,2.2423714414394933,1,0.37694936089758174,0,0.0,0
46693,38.846371236242916,2,3,14.049095878920633,3,1.237698279419075,0,0.0,0
46694,23.35490626223604,3,6,14.825320339461893,2,0.24961022157310198,0,0.0,0
46695,55.95384340916277,2,1,12.778989417264727,5,0.5004077299570617,0,0.0,0
46696,56.23284668295564,3,4,5.042465520571272,1,0.9570767569149679,0,0.0,0
46697,33.4729862153239,1,3,15.877946921807562,5,1.000122483491024,0,0.0,0
46698,22.63334935132698,2,1,4.521319171094843,4,0.8341589255897904,1,10840.663309531548,1
46699,23.951177164401276,1,5,12.737820632062798,4,0.28549599362623096,0,0.0,0
46700,20.91905995136624,1,2,14.214756793248604,2,0.4822116978501601,0,0.0,0
46701,34.806678157091824,4,6,15.163198370681412,7,0.999753927589791,0,0.0,0
46702,58.350407536708005,2,3,11.097278766051978,3,1.0000512461790045,0,0.0,0
46703,51.70960664197907,2,1,9.504390032411987,5,0.9998265850102406,0,0.0,0
46704,25.731643660535084,1,3,7.280702496574827,2,1.0000243028334779,0,0.0,0
46705,47.813053910965984,3,3,13.654778068015563,0,1.0001945403556698,0,0.0,0
46706,43.61324402423664,3,6,15.247998520223858,3,0.7603315204263,0,0.0,0
46707,38.00670888232894,4,6,10.06943718609296,6,0.22922109330563978,0,0.0,0
46708,21.17626088098694,5,2,12.016978921536593,1,0.9064163770229599,0,0.0,0
46709,44.36023320301354,2,1,1.7832416374476807,5,1.0005097567587504,0,0.0,0
46710,40.403951270916444,3,4,20.00444930360246,2,0.4966137229056936,0,0.0,0
46711,48.67480530739414,2,2,13.876102803825422,1,0.6038715020077884,0,0.0,0
46712,18.266527241707188,3,5,8.019264745588853,1,0.7530129913590665,0,0.0,0
46713,29.7447388126292,3,2,9.014725698433988,2,0.27967694966850465,0,0.0,0
46714,56.97550056488009,2,6,2.197762573958075,7,0.9997980721535866,0,0.0,0
46715,45.237834389182254,3,4,19.99555056527194,1,0.14051452910183315,0,0.0,0
46716,46.81464290936618,3,1,6.637557532982439,7,0.9996384000771698,0,0.0,0
46717,44.74357945868811,5,3,6.37954266147485,0,1.000235409081224,0,0.0,0
46718,41.19488420391852,4,3,7.702083926525718,7,1.0000433590340863,0,0.0,0
46719,40.023750682977166,0,1,4.695326515457036,5,0.49876310320623923,0,0.0,0
46720,28.2755638172439,4,3,6.005673857867072,2,0.45994531500501995,0,0.0,0
46721,41.77396365294654,2,5,4.887211133434493,3,0.9736787204981197,0,0.0,0
46722,76.11753234206952,5,3,7.0354337188113725,2,0.9998634485917005,0,0.0,0
46723,39.94141009914344,3,2,12.481639466293066,7,1.0001378860619745,0,0.0,0
46724,44.54457885336464,4,3,11.165814003149759,5,0.1756687758702411,0,0.0,0
46725,37.85721631561521,4,3,16.465291891456335,3,0.49101929737229605,0,0.0,0
46726,37.67835905999737,4,3,14.550041862675096,3,1.000021439962018,0,0.0,0
46727,10.487499506496462,2,1,0.941463128069568,0,0.9165667029225469,0,0.0,0
46728,22.522999287620916,3,3,7.937557260256,7,0.9418328373223693,0,0.0,0
46729,34.04151469416718,3,3,2.147579564919541,7,0.06306548340459983,0,0.0,0
46730,25.34561405531079,2,6,11.660053128171025,4,0.1600651393778908,0,0.0,0
46731,45.71049728306379,3,6,10.216899889093867,1,0.7610398188721549,0,0.0,0
46732,50.883238285618205,3,3,0.0,7,0.649650658597111,0,0.0,0
46733,31.356772479334573,3,2,13.28061114298978,7,0.31351885567966065,0,0.0,0
46734,42.10861767887101,4,3,7.4357328769503654,7,0.9999406465019953,0,0.0,0
46735,55.13429853321816,2,5,9.910363860262526,2,0.9456936564619011,0,0.0,0
46736,59.07191366078129,4,1,4.795413633144343,5,0.3998351087326684,0,0.0,0
46737,0.0,3,5,1.5952196676242405,3,0.9774766622648963,0,0.0,0
46738,27.580589989868855,4,2,12.97831210788488,3,0.5781405429706538,0,0.0,0
46739,39.36607902502791,3,7,1.8914728625129733,5,0.2107684992346598,0,0.0,0
46740,28.558233527570763,4,1,0.6391937221568202,7,0.33654563639480684,0,0.0,0
46741,52.61662301119624,2,6,17.126359696474186,1,0.9383454854266495,0,0.0,0
46742,38.898517785895024,5,1,5.108854995279054,7,0.0,0,0.0,0
46743,37.498164928121554,4,5,3.3914496961725185,2,0.8961428244067452,1,10145.971288607872,1
46744,40.07404441174156,4,6,5.614157742968227,7,1.0000084045418118,0,0.0,0
46745,45.50677790138757,3,3,4.640033532192356,5,0.31997470775129916,0,0.0,0
46746,28.716572925404762,4,6,15.406663596540346,1,1.001914077656796,0,0.0,0
46747,36.018606687458835,3,3,9.657479496854986,5,0.5009168470076413,0,0.0,0
46748,40.94255235906652,3,4,18.361077904699027,7,0.888622482296908,0,0.0,0
46749,42.9004757255158,3,6,10.623192853696764,2,1.000033147768293,0,0.0,0
46750,47.11890567142398,1,5,11.69329517720144,7,1.0004176325588037,0,0.0,0
46751,27.594015762809295,4,6,5.737001053775654,3,0.567781700330662,0,0.0,0
46752,34.02741968233944,6,3,19.899221063288337,1,0.30180819018633465,0,0.0,0
46753,52.211378033365826,2,2,4.183686626073879,6,0.32531169444613306,0,0.0,0
46754,38.41153083040233,3,3,0.0,3,0.999533379102878,0,0.0,0
46755,53.48696102412567,3,3,18.650750251591933,2,1.0006631901086105,0,0.0,0
46756,49.871855331946385,2,3,7.395207761850126,3,0.7257564498967157,0,0.0,0
46757,57.024630034105535,3,1,11.203990595601658,4,1.0000869113515123,0,0.0,0
46758,47.743489029271075,3,5,2.6923295597161765,6,0.49868199929451473,0,0.0,0
46759,16.779805373117863,3,4,11.443579155201608,4,0.7840347274142885,0,0.0,0
46760,44.23862944377241,2,5,16.66650850483756,1,1.03209173244603,0,0.0,0
46761,25.808159222528875,1,5,6.328717362716898,5,0.32572018566094413,0,0.0,0
46762,59.67772665582734,4,2,0.933566739175788,6,0.9562205514663267,0,0.0,0
46763,26.71584735474945,2,6,4.83038574746736,0,0.12329428639890672,0,0.0,0
46764,38.776254450047624,3,1,13.916551688718553,5,1.0005067260792653,0,0.0,0
46765,29.97362240467678,4,6,11.498967562584406,3,0.1726221348171859,0,0.0,0
46766,36.82945565663719,3,3,6.61335577917877,6,1.0003482002780546,0,0.0,0
46767,46.938924028797075,3,3,8.466293850149544,7,1.000529995732928,0,0.0,0
46768,49.358264732270015,0,3,19.43836887136458,3,0.9329101459673486,0,0.0,0
46769,36.27789602458865,3,5,0.0,2,0.012800259670807224,0,0.0,0
46770,30.141162647998538,4,1,11.564606630158355,2,0.999682995525693,0,0.0,0
46771,53.39458756726252,2,4,12.100754028359033,3,0.851828115658059,0,0.0,0
46772,26.213250973597518,4,6,5.762088617267457,7,1.0004394043257865,0,0.0,0
46773,22.14734806645783,2,2,3.686268520538455,3,0.2885516066470341,1,58500.827028039945,1
46774,43.465350376013355,1,4,20.001353269659887,7,0.48602622759669767,0,0.0,0
46775,44.59852021794069,2,1,5.255827936239396,2,0.46406119843633964,0,0.0,0
46776,56.40712045493869,6,4,14.1644431749148,1,0.5637336947293072,0,0.0,0
46777,27.534210258260813,1,6,10.182408752668602,4,0.4988206780892841,0,0.0,0
46778,41.09205930481385,2,6,12.067774085598902,6,0.5438205984404483,0,0.0,0
46779,54.986756043756756,2,0,7.793206621573107,7,0.9768130261616108,0,0.0,0
46780,28.658545439598335,1,4,3.7667706891736774,6,0.005260907001096937,0,0.0,0
46781,54.887606262538974,3,3,19.940022894747926,3,0.9999145881554561,0,0.0,0
46782,52.771642466572466,2,5,17.554798272114,0,0.9594613472889462,0,0.0,0
46783,63.2994697987983,3,3,4.739673357538587,4,0.7384677051970494,0,0.0,0
46784,43.00488665434625,2,1,3.1598822465229643,4,0.9998934834878777,0,0.0,0
46785,54.48784712463241,5,2,7.477255868075938,5,0.4416610372559907,0,0.0,0
46786,39.110439576397845,3,3,20.010392137282047,3,0.6763682318337988,0,0.0,0
46787,22.989205307840944,3,4,19.15603471582357,2,0.9997182145567158,0,0.0,0
46788,22.27751830812708,3,2,7.110775589273719,7,1.0003233679457408,0,0.0,0
46789,59.05314153692676,3,2,14.486274191927587,1,0.2944602651444635,0,0.0,0
46790,37.92966632331958,2,3,12.37262185990791,5,0.14643458565662903,0,0.0,0
46791,54.7709837452898,3,4,20.007437300083755,4,1.0002111540450782,0,0.0,0
46792,53.46844209327342,3,4,5.313199838315286,4,0.9359237501687506,0,0.0,0
46793,29.213838817154524,3,1,0.1768119272861366,5,0.20260239972738053,0,0.0,0
46794,43.56572039986205,2,6,18.62977326993288,2,1.0003597200960244,0,0.0,0
46795,46.73157880967875,2,1,4.3060732698824955,1,0.9193570642005479,0,0.0,0
46796,44.43120142235703,2,6,4.331854583845239,6,0.6010955271848046,0,0.0,0
46797,29.684600356920548,2,6,1.7752369908174774,4,0.23181213950833018,0,0.0,0
46798,27.60807758469638,4,2,8.312415010166525,6,1.0004513847136898,0,0.0,0
46799,52.60611245236212,1,4,13.939437896458742,7,0.9998588262477983,0,0.0,0
46800,13.309787877450958,2,3,9.868250620041119,4,0.0942170099543097,0,0.0,0
46801,24.17055433665059,4,2,10.717671359195462,6,0.39087246222719796,0,0.0,0
46802,52.497167706868105,3,1,0.0,5,0.4981965875835541,0,0.0,0
46803,24.2027533873641,2,1,2.21501771920936,2,0.5562262515937062,0,0.0,0
46804,30.482544274734877,3,7,8.106679969628232,4,0.27092736093877917,0,0.0,0
46805,52.685040490891204,4,2,17.77351564108157,2,0.39481814999955683,0,0.0,0
46806,28.36128083408559,3,6,22.040507358682994,4,0.9999396970929036,0,0.0,0
46807,31.870799731915177,5,4,14.106775186764176,5,0.6965587756016973,0,0.0,0
46808,49.68907879573897,4,6,11.53550094897479,1,0.8770162921117017,0,0.0,0
46809,52.290450808155896,1,2,10.504143423420853,6,0.5042022285269271,0,0.0,0
46810,25.754439206308916,3,2,14.796172131796222,1,0.034081230208292124,0,0.0,0
46811,62.47804396495242,1,5,16.089354993900766,7,1.00011714151083,0,0.0,0
46812,50.467074584694686,3,1,19.99617836435383,1,1.0001220848894192,0,0.0,0
46813,33.65896173153378,1,1,6.769885604967359,4,0.999850501277818,0,0.0,0
46814,28.919857902656826,3,6,12.42163108034536,5,0.7137325864381695,0,0.0,0
46815,41.19460595211984,4,5,10.448650690259404,1,0.9180682145076191,0,0.0,0
46816,48.02297315449387,3,1,9.541083595756717,4,0.9997941317697384,0,0.0,0
46817,62.88071685729815,3,3,17.535522814634334,7,0.9998604821255177,0,0.0,0
46818,55.81844535600305,4,4,19.997839006322007,3,0.9997172586814529,0,0.0,0
46819,36.68627473809153,3,3,22.800838893541275,7,0.3507232634878421,0,0.0,0
46820,48.9584094907549,2,1,13.928198705928272,6,0.9994536190797645,0,0.0,0
46821,9.87196434086205,1,3,4.2754275191602495,0,0.5632881643992673,0,0.0,0
46822,28.543291248427472,3,2,8.79816589183737,1,1.0000371375741728,0,0.0,0
46823,50.03669476397738,3,3,5.559634886259672,3,1.0005844019825525,0,0.0,0
46824,51.7202987899529,4,3,12.297562265702185,7,1.000102767265246,0,0.0,0
46825,36.12565838389023,2,3,15.432412953895708,4,1.000233499125184,0,0.0,0
46826,35.13066084186773,6,3,15.125300163964889,1,1.030249909691452,0,0.0,0
46827,35.52974998351583,2,1,2.428812111256512,2,0.37609184632804904,0,0.0,0
46828,43.64486609198058,5,1,18.577628109008444,7,1.0001280554184124,0,0.0,0
46829,57.64190350289402,1,6,16.60468710333794,4,0.48935177114300166,0,0.0,0
46830,37.315683422138186,3,3,17.98557063098771,2,1.00126265522849,0,0.0,0
46831,54.07194628234441,3,3,0.0,2,0.9579668005219388,0,0.0,0
46832,49.75134798516105,3,1,9.399910448557264,7,0.4861572929975223,0,0.0,0
46833,22.22278953479154,5,2,18.175330873323738,3,0.979280436420801,0,0.0,0
46834,61.18450265328629,5,4,12.652018133505731,7,0.1910647052406419,0,0.0,0
46835,58.990560963493095,5,3,11.449697780185929,7,1.0004083697625763,0,0.0,0
46836,50.94532903581401,3,3,17.235174709220875,0,1.0000766279490372,0,0.0,0
46837,52.25327203944079,4,1,1.1746225198405398,7,0.9996733427427522,0,0.0,0
46838,46.76903395154889,3,3,20.007189456526433,5,0.772170726405875,0,0.0,0
46839,42.50501902439733,3,2,1.4492479175380524,0,0.2062641423655125,0,0.0,0
46840,32.02914381248913,3,2,8.813844876758356,6,0.6942996571113235,0,0.0,0
46841,44.707492297838805,4,3,14.40209248559685,7,1.0007169710499833,0,0.0,0
46842,48.96394365133302,3,2,12.139128808549113,6,1.000070413727374,0,0.0,0
46843,37.117780471495884,2,3,13.46930137193026,0,0.3167199227198719,0,0.0,0
46844,60.2051731639245,3,2,3.842127718337916,5,1.0002984001748452,0,0.0,0
46845,48.75640543563455,3,1,6.356306130124301,6,1.0005312028439222,0,0.0,0
46846,32.48371199224657,3,2,17.726917623678244,7,0.9997325991320498,0,0.0,0
46847,54.077746255650894,2,4,19.999061539339888,7,0.999990083821112,0,0.0,0
46848,51.882095778845624,4,3,0.0,7,0.9997993585655154,0,0.0,0
46849,20.680501464875896,1,5,14.650394422044977,2,0.9638237145075985,0,0.0,0
46850,28.398737820935445,2,7,6.302470029026953,6,0.5291425089063416,0,0.0,0
46851,30.16198843365278,3,3,19.99691913828775,3,0.4400065635442102,0,0.0,0
46852,51.581814017550016,5,6,3.803254520268756,7,0.6562532795772539,0,0.0,0
46853,58.193504178710384,3,6,0.28629073137979155,6,0.3987613015685917,0,0.0,0
46854,23.367234684793157,4,3,14.993894799331416,1,0.921353160723938,0,0.0,0
46855,27.34477830768325,2,7,16.807326194876154,2,0.6229525849344959,0,0.0,0
46856,67.89583710629162,4,6,14.697782426667484,2,0.7252977853654086,0,0.0,0
46857,62.674011132783434,3,3,5.751659755960544,5,0.999866628328034,0,0.0,0
46858,58.298865208661354,3,3,24.11485859555851,5,1.0007624135415183,0,0.0,0
46859,43.824706157068206,3,6,18.316410371043098,4,0.9996909989797951,0,0.0,0
46860,48.61414715051808,5,3,6.6721690056553165,1,0.5001117372541259,0,0.0,0
46861,27.869396188197072,2,3,19.991068832423704,1,0.9998760328101253,0,0.0,0
46862,26.60115419794893,4,3,4.007764876425428,4,0.9538594145259831,0,0.0,0
46863,54.26349030741218,4,1,20.238984074649487,7,1.000167566163722,0,0.0,0
46864,44.94085588221887,3,8,13.530701612030498,1,0.9996839272937992,0,0.0,0
46865,54.36192134441701,3,3,15.197399910170137,6,1.000748620190424,0,0.0,0
46866,58.28695879910648,2,3,8.828454713365497,7,1.0004172132167672,0,0.0,0
46867,54.24212829836358,3,3,11.822658221253755,5,1.0004269293171433,0,0.0,0
46868,44.536445500813095,2,1,11.033742583450033,7,1.0003407565423932,0,0.0,0
46869,71.92298784491666,3,4,19.990627109408322,3,1.0001725938488526,0,0.0,0
46870,36.214100215559874,2,2,12.129336392095748,5,0.7285768279425641,0,0.0,0
46871,50.906546107407344,3,4,3.6385242801845186,7,1.0644400882223852,0,0.0,0
46872,55.46564542873698,4,3,12.679287587384705,7,0.9998055769119125,0,0.0,0
46873,40.13140250640007,5,5,2.2618235978142316,1,0.03710788048425451,0,0.0,0
46874,53.441367631495055,2,3,11.468450689489387,7,0.999818951961843,0,0.0,0
46875,49.96654211147802,3,3,5.028985140610566,2,1.0114507369141759,0,0.0,0
46876,36.9157605584907,2,1,5.23807109234861,0,0.9277162678986249,0,0.0,0
46877,37.73671910265651,2,1,5.118414783572083,2,0.321869969100789,0,0.0,0
46878,42.811219196699604,4,1,3.864118420224907,5,0.5371148611525063,0,0.0,0
46879,38.76582881219944,6,3,12.695669798058264,0,0.2916158448820763,0,0.0,0
46880,55.02463204668966,5,1,18.681580587168344,4,0.9996116687643868,0,0.0,0
46881,35.26697681240513,3,3,11.94055176889609,0,0.5301996445088903,0,0.0,0
46882,34.97947515807953,3,3,3.9016073804908897,4,1.0005877519365456,0,0.0,0
46883,57.19276261916021,2,2,18.5261569641923,7,1.000407374990776,0,0.0,0
46884,47.46284949272709,3,5,10.110232031152735,1,1.0193931574009651,0,0.0,0
46885,63.975069904073884,4,3,28.23480175313722,4,1.000038131530205,0,0.0,0
46886,23.612961969448218,3,2,8.643672232122327,1,0.9999655915801302,0,0.0,0
46887,43.86812916398954,4,3,0.0,4,0.40232588306600764,0,0.0,0
46888,26.78102812885124,4,2,11.32313670920045,1,0.001988116515691085,0,0.0,0
46889,32.9463342249588,3,1,19.988925598234417,2,0.3132240316762303,0,0.0,0
46890,62.560585933754666,5,6,5.123044761686596,7,0.9828160598161072,0,0.0,0
46891,52.869745119773775,2,3,6.19083291053495,7,0.9996926440472438,0,0.0,0
46892,44.085001637630924,3,2,6.595503936424659,7,0.999584350345157,0,0.0,0
46893,47.04340331899313,4,3,12.875168258422594,3,0.20108298561136073,0,0.0,0
46894,36.52525618613774,4,6,10.310488261788016,3,1.0004001062035577,0,0.0,0
46895,33.940006130053966,4,6,8.718845245621505,2,1.0005248493267815,0,0.0,0
46896,39.91377578772897,1,4,20.009593016827218,7,0.9999050237624554,0,0.0,0
46897,40.14895347046129,3,6,16.382384475660707,2,0.5870232929338383,0,0.0,0
46898,58.373368510204195,4,2,10.248258316940337,7,0.9997332546235185,0,0.0,0
46899,35.90398612786406,1,7,10.825996411196204,1,0.33332310382221625,0,0.0,0
46900,31.566966171641937,1,3,0.830627828756791,2,0.9999801329872904,0,0.0,0
46901,22.73833709361365,2,3,6.615558886551274,5,0.6454005285884721,0,0.0,0
46902,29.170132170144434,4,7,9.363436342497952,6,0.9025935093952299,0,0.0,0
46903,52.3773790237767,1,3,4.635022492790389,2,0.9373832133006214,0,0.0,0
46904,50.75014815626075,3,6,16.69946289728103,1,0.0,0,0.0,0
46905,28.846778962637536,2,3,4.176071215962986,1,0.6698093752988666,0,0.0,0
46906,52.256437548155844,2,3,9.393520700407826,1,0.9518747538224294,0,0.0,0
46907,47.73635063280267,1,1,18.282637290260915,2,0.6326898794158266,0,0.0,0
46908,37.15938867160372,4,5,3.470542030271055,2,1.0002243925969294,0,0.0,0
46909,53.263720138916355,1,4,0.0,7,1.0005024099301256,0,0.0,0
46910,40.86719964323163,2,3,2.039913191735712,7,0.640067992680057,0,0.0,0
46911,67.94791459110078,5,6,12.004295246753044,1,0.5891066332505362,0,0.0,0
46912,24.881034527290847,5,2,13.952585095072926,6,0.5876377833591162,0,0.0,0
46913,48.31563523640534,2,6,15.499318147844193,3,0.7176294335333246,0,0.0,0
46914,33.582734626644736,3,3,13.757359453961072,6,0.5006258087178364,0,0.0,0
46915,26.07519640278088,4,7,1.51668386461931,6,0.06347486407424796,0,0.0,0
46916,24.031918547520412,4,6,8.725489787926763,4,0.1244351748285607,0,0.0,0
46917,36.191502329614806,1,4,0.0,6,0.30690633035519643,0,0.0,0
46918,65.16287286260116,2,3,3.066678440496549,7,1.0002947511707485,0,0.0,0
46919,54.4176885125905,2,3,5.702867312356401,1,0.4991441908224995,0,0.0,0
46920,36.97136232019326,2,6,2.2087830212044484,2,0.0,0,0.0,0
46921,43.528944061579224,3,6,12.71042107287105,7,0.999627096917653,0,0.0,0
46922,26.12076965217909,3,5,18.78704145446363,4,0.23525483777855682,0,0.0,0
46923,43.17332888917368,5,6,6.677176863658793,4,1.0003999107280201,0,0.0,0
46924,49.16729682727677,3,2,10.400162668982627,5,0.6574607015790727,0,0.0,0
46925,61.386677592288166,3,1,17.339572549358785,3,0.9767924693969194,0,0.0,0
46926,56.64305362111483,4,6,16.547820566319185,1,0.9640535493511346,0,0.0,0
46927,17.72540424934947,3,2,16.574081506931172,3,1.0003058167646819,0,0.0,0
46928,51.14597258044064,3,6,18.339480316640106,4,0.8654269104122101,0,0.0,0
46929,39.925881472065136,2,3,0.5097463918151544,2,0.15119527792735643,0,0.0,0
46930,43.02974292563261,1,3,14.265819740628295,3,0.9202865984346711,0,0.0,0
46931,31.43549618984842,3,1,4.42023709179056,4,1.0003384580279786,0,0.0,0
46932,31.582229792728583,5,6,18.432533208363218,1,0.9921897468826057,0,0.0,0
46933,33.559021001289324,3,1,0.746356346774574,1,0.0,0,0.0,0
46934,57.11440814209823,1,5,8.019774487167298,1,0.41697711806996807,0,0.0,0
46935,59.27035242842061,3,6,12.272422719851,6,1.0007025160527838,0,0.0,0
46936,57.65558253342044,3,4,19.772451048303182,2,0.5844119067781635,0,0.0,0
46937,45.14431201305759,4,1,16.70161273195991,3,0.9998865557759457,0,0.0,0
46938,23.566742373616623,3,5,16.506880991011727,4,0.9999767997826958,0,0.0,0
46939,36.589048149007375,5,2,20.004015928989794,1,0.5094739417955367,0,0.0,0
46940,21.975242655611915,1,3,0.0,1,0.8815075013392187,0,0.0,0
46941,40.07301031400432,3,3,12.067355244107995,7,0.9386276923622732,0,0.0,0
46942,29.35012317152791,3,6,12.835766711258971,3,0.999286406787292,0,0.0,0
46943,56.28652994122076,2,4,19.99561259804743,7,1.0002016413255814,0,0.0,0
46944,54.317003607567045,4,6,10.5125250107005,4,0.9995422852012265,0,0.0,0
46945,39.58358564139056,1,2,8.12193606580679,7,1.0001211432631572,0,0.0,0
46946,51.56967062988613,3,4,19.64792829338691,2,0.9999485591734864,0,0.0,0
46947,46.69172476122584,3,2,0.0,7,0.9997545108992641,1,1786.7515381339151,1
46948,48.63320886538117,3,3,0.0,1,0.2700471294848866,0,0.0,0
46949,44.82217906152422,1,3,5.5094479749203416,7,1.0001242014408367,0,0.0,0
46950,61.831360570699765,3,3,9.878090946857439,3,0.5012765773754909,0,0.0,0
46951,35.9780592645391,0,6,5.486685621454256,7,0.2785799185741276,0,0.0,0
46952,66.17444898716283,3,4,16.09379100924136,1,0.42697126121923773,0,0.0,0
46953,57.467692119084745,3,6,11.779444736012213,2,0.9994977046983246,0,0.0,0
46954,33.954730534286725,3,5,16.02122140968426,4,0.4973695480400843,0,0.0,0
46955,68.89483852469377,3,6,16.975524396978912,2,0.6059416585580588,0,0.0,0
46956,69.62432688437562,3,3,7.611027734206354,4,0.9995956726782045,0,0.0,0
46957,21.350486027877604,0,2,2.2869494560380375,4,0.9440121564700539,0,0.0,0
46958,46.88342393468113,3,1,17.768989024647606,4,0.664911466238815,0,0.0,0
46959,46.98780212382913,1,4,7.362184635423542,1,0.9843888752688801,0,0.0,0
46960,33.93093262659121,1,1,10.336040290381408,1,0.5511356061300707,0,0.0,0
46961,40.78195720727048,6,6,0.3882945993740936,7,1.0002185910705503,0,0.0,0
46962,48.158445681080394,3,3,3.0886386432666946,5,0.3933991848227007,0,0.0,0
46963,51.37914172607453,4,6,12.019446047451389,7,1.0002693462423642,0,0.0,0
46964,28.6200734207602,4,0,9.406007637998325,7,1.0001218553249953,0,0.0,0
46965,53.56429642830973,3,6,19.414400349742337,7,0.9996845247678081,0,0.0,0
46966,51.26453205283392,3,5,20.39454144991791,7,0.999821298146771,0,0.0,0
46967,72.6181232059366,3,5,17.340029238505803,5,0.4957799503487785,0,0.0,0
46968,55.655597787110366,3,2,6.701424881655354,6,0.9997137894688273,0,0.0,0
46969,29.99799537692151,2,6,14.36059785105058,5,0.7091285558882297,0,0.0,0
46970,42.46092772902127,3,3,11.540304101616067,6,0.9477109910930874,0,0.0,0
46971,31.18688196746418,6,2,5.547248598516879,1,0.15921065886646357,0,0.0,0
46972,48.804080042442905,2,6,4.430722868397896,7,0.9598904693931017,0,0.0,0
46973,54.737377077691775,1,6,16.453788229011806,1,0.9858075054867264,0,0.0,0
46974,50.148692565914104,2,5,24.08882971148237,1,0.4245603660550643,0,0.0,0
46975,48.709721714053906,1,5,14.55080050375726,3,0.21799350331672562,0,0.0,0
46976,33.6071348552776,3,2,10.863735116281266,3,0.6102606751385988,0,0.0,0
46977,54.31854042521942,1,5,9.178260046287303,7,0.9997740246895594,0,0.0,0
46978,24.594115546045693,3,4,20.008620554813866,1,1.0001675749709231,0,0.0,0
46979,44.88808188993353,3,6,21.691926720780685,3,1.0002828026324053,0,0.0,0
46980,29.487073342165644,1,6,15.542576222018605,1,0.47539051992382597,0,0.0,0
46981,23.267206961486046,3,6,8.899538457157146,4,0.8180834032388781,0,0.0,0
46982,16.968891489682214,0,6,11.261080531877987,6,0.2807433804995231,0,0.0,0
46983,64.8381507259974,2,4,0.0,1,0.9254129244975409,0,0.0,0
46984,56.69733905044574,3,1,8.027659264960821,7,1.0004387968515016,0,0.0,0
46985,46.48401956632991,4,1,2.2434962505302156,4,0.999741113933603,0,0.0,0
46986,36.68437231238261,5,3,11.46250398314144,4,0.9998016208164473,0,0.0,0
46987,52.289379970339226,2,1,20.539203276033543,5,0.4917703531149533,0,0.0,0
46988,29.991000209559928,3,4,10.643620603007511,2,0.9998096337945994,0,0.0,0
46989,41.734978068876586,2,6,17.218576570809084,6,0.33999391941120405,0,0.0,0
46990,36.37802554571307,3,1,16.06818223983549,0,0.8455443110603315,0,0.0,0
46991,55.20906030560635,4,6,14.532954946571191,4,1.0003703026233441,0,0.0,0
46992,31.77545089409071,2,2,11.178692527391817,1,0.5336530494475625,0,0.0,0
46993,45.401061745895646,3,5,9.087207274474501,1,0.8286058163341501,0,0.0,0
46994,58.35466446948834,3,3,5.1916885175277505,2,0.999699469896318,0,0.0,0
46995,41.33530944260943,5,5,20.0050155458225,1,0.9994635427915657,0,0.0,0
46996,27.369249057977633,4,2,12.024876292551104,4,0.5054579880368233,0,0.0,0
46997,30.246173437691425,2,3,4.260353012016003,2,1.000036774631437,0,0.0,0
46998,29.484252369923695,6,3,0.0,1,0.973523309058689,0,0.0,0
46999,35.12163047829278,5,2,10.964882597989504,7,0.4533587969165554,0,0.0,0
47000,34.15137221571559,3,3,6.575342373680611,4,0.9998465297579987,0,0.0,0
47001,46.392534061403445,0,4,20.0045973634637,1,1.0003437627207596,0,0.0,0
47002,75.15785263389265,6,4,20.00907961742672,1,1.0000678242466179,0,0.0,0
47003,49.52148723805809,1,3,7.166316434226932,2,1.000545456363816,0,0.0,0
47004,42.80283456239953,6,2,10.038871383996824,1,0.4964208576675192,0,0.0,0
47005,17.156451152351792,3,7,8.812237464246259,6,0.08203921595801211,0,0.0,0
47006,23.047804763571246,5,3,7.711323579802597,3,0.27199678848939973,0,0.0,0
47007,43.230440830286696,3,3,6.017123667914253,7,1.000440864125073,0,0.0,0
47008,44.45888311036418,1,3,12.030069419585868,1,0.260764416518615,0,0.0,0
47009,21.63261162846582,2,1,9.176599981083665,0,0.9998556107309007,0,0.0,0
47010,45.030692299747194,1,3,0.0,7,0.9997991660579081,0,0.0,0
47011,22.824770586184254,4,1,20.01384214906315,4,0.7699313047156056,0,0.0,0
47012,53.164070775751924,3,3,13.965363887054739,7,1.0004326230050853,0,0.0,0
47013,38.61001637790507,1,3,4.785222259501829,7,0.32883766751105875,0,0.0,0
47014,66.34507648625441,2,1,9.305539457579924,5,1.0000649115591558,0,0.0,0
47015,49.152136426789625,3,2,15.077787709127609,6,0.9999953926542067,0,0.0,0
47016,50.099551738007186,2,4,13.15197555260491,6,0.2884919205641924,0,0.0,0
47017,32.81380032471627,3,3,20.00630043893241,1,0.016387207494788836,0,0.0,0
47018,51.43254096946809,5,6,16.39454520247388,4,0.30297755640323354,0,0.0,0
47019,53.78792060523814,4,6,0.0,4,0.3100278822767404,0,0.0,0
47020,33.33995155374411,4,5,19.38159470441569,1,0.8078054969341785,0,0.0,0
47021,55.0892120916227,2,3,20.30775693653866,7,1.0000632721963953,0,0.0,0
47022,38.33119557169089,2,6,15.94848556469518,3,0.46598730793417137,0,0.0,0
47023,35.124213034860965,3,6,3.8002521475170976,7,0.5624484308674598,0,0.0,0
47024,51.8354822403647,3,1,16.316379254999468,7,0.9997739602873903,0,0.0,0
47025,55.29453588757781,6,2,2.4954745273716448,7,0.8831731653141379,0,0.0,0
47026,56.21937616108168,3,4,20.968260926534732,2,1.0000207122970994,0,0.0,0
47027,50.68871498535679,1,3,15.080021220808895,2,1.0001066189071848,0,0.0,0
47028,32.60761723106839,3,6,12.459585501412153,2,1.000144172825098,0,0.0,0
47029,37.27122177496148,4,2,17.756262953652282,6,0.5970455046069955,0,0.0,0
47030,44.457227302026865,3,5,15.775176702491603,3,0.23513642350244285,0,0.0,0
47031,28.275761295412206,3,1,12.879283491232094,5,0.3084317828166784,0,0.0,0
47032,45.3006938567471,5,2,4.362253078294107,7,0.9302217494543715,0,0.0,0
47033,50.00353083148275,2,3,22.216652665048336,2,0.4991320844068079,1,2860.0065021024852,1
47034,23.436867866119226,4,3,8.766606631206676,3,0.5487595522503191,0,0.0,0
47035,30.958302383405027,3,4,20.002447980324376,1,1.153940840468877,0,0.0,0
47036,34.97968065694236,1,6,13.352187113076965,1,0.044734389478172876,0,0.0,0
47037,41.386948802549604,3,5,0.0,7,0.6328592523118189,0,0.0,0
47038,23.230277969794,2,6,2.2391841207949383,2,0.36313523280635984,0,0.0,0
47039,41.14035335112394,1,1,15.842380746598344,3,0.6225601389602142,0,0.0,0
47040,37.216654454185154,1,3,2.498150471946788,7,0.9995371695481843,0,0.0,0
47041,39.2710482644391,2,6,5.550148807101769,3,1.0002565327878643,0,0.0,0
47042,51.3183032653416,4,1,0.0,7,0.999922815714796,0,0.0,0
47043,47.66920772028674,2,3,3.7740449428208684,7,0.9996486034943117,0,0.0,0
47044,55.304245367415255,5,5,15.877873151720086,4,0.9795273791890775,0,0.0,0
47045,43.78811937017631,2,6,17.84585831359982,6,0.45109571327408415,0,0.0,0
47046,51.94148882713128,3,4,8.82555283186522,4,0.49807662321658114,0,0.0,0
47047,30.161309227213344,3,1,10.147534423123044,7,0.896089522535576,0,0.0,0
47048,40.678391115562924,3,0,1.445810634438299,1,0.2950883766822949,0,0.0,0
47049,37.28912587721392,3,1,20.001199805780743,3,0.9516220426631781,0,0.0,0
47050,19.817411397684666,2,1,8.94014161265017,4,0.4985033293085458,0,0.0,0
47051,28.720542814584476,6,3,6.474305416018121,1,0.35789009576753406,0,0.0,0
47052,58.83522631827012,3,1,14.565757109486592,7,1.0005168667370246,0,0.0,0
47053,59.490662176709876,3,1,20.00990503732337,2,0.32466094488712754,0,0.0,0
47054,25.14560791969002,2,1,4.725647387528097,2,0.3933000659960061,0,0.0,0
47055,52.288232085993805,2,3,16.788347757157304,4,0.9999087215910083,1,260.4345830589876,1
47056,56.82329369058975,4,2,8.691344531924937,1,0.6357326899048356,0,0.0,0
47057,25.945729838631564,5,2,16.83581996324849,2,0.3388436188342742,0,0.0,0
47058,30.355175735160504,1,1,1.2414657261327484,3,0.18679492102082107,0,0.0,0
47059,44.147297279560114,3,2,19.773645131776114,4,0.9997195428933834,0,0.0,0
47060,49.34979817993043,3,1,1.7060826524857955,7,0.9998432063471591,0,0.0,0
47061,54.93677099429446,4,6,16.005453065033496,1,0.9548755976796195,0,0.0,0
47062,29.525603759607588,3,1,16.23812128611973,7,0.9999852926216357,0,0.0,0
47063,48.30876975967038,5,1,4.064631201237472,0,0.46468249626828606,0,0.0,0
47064,40.172779999224176,2,6,2.646733953549033,4,0.2592133355979777,0,0.0,0
47065,47.93775054727223,3,3,14.94525303633571,5,0.9998088158176974,0,0.0,0
47066,65.59010468765672,3,1,16.239483394090342,4,1.0000775210793986,0,0.0,0
47067,45.869341595096934,2,3,9.524692107061554,3,0.5139439330638669,0,0.0,0
47068,60.43156712267721,2,6,15.888148526016789,3,0.021867601278434234,0,0.0,0
47069,28.185181559595463,3,3,9.754717466339681,2,1.1486836074370768,0,0.0,0
47070,21.832821743015785,4,6,13.270643282158927,1,1.0067838033391687,0,0.0,0
47071,41.65274992695647,2,1,8.525001557847837,4,0.9997653135628,0,0.0,0
47072,43.41468323288814,4,3,5.295126291643521,1,0.49486632697143135,0,0.0,0
47073,53.66767778193494,3,3,11.48993931481885,4,1.0003683918932587,0,0.0,0
47074,40.741872639365006,2,1,17.993834274136464,7,1.0000790336739118,0,0.0,0
47075,45.16539507538136,1,1,12.809976627771217,3,1.0000494086281475,0,0.0,0
47076,59.268898272677696,3,6,7.557755598579734,7,1.000426794099115,0,0.0,0
47077,22.344099917702046,6,6,4.0340249522554465,2,0.33535833357027706,0,0.0,0
47078,27.842629611897703,4,1,10.793866131542146,2,0.49586520473063994,0,0.0,0
47079,46.04854389447047,5,1,5.987781784304772,7,1.0000118853919993,0,0.0,0
47080,43.36427263538599,2,1,4.893461897369119,3,0.9477348455169117,0,0.0,0
47081,79.04556474567497,3,5,6.828888384308208,1,0.48557892038590644,0,0.0,0
47082,25.77644482841055,6,6,21.116650925306978,1,1.0194603067445671,0,0.0,0
47083,44.10001933188611,3,1,4.9325373457213795,1,0.35899535017581385,0,0.0,0
47084,57.348553606444,5,2,1.744713233755654,7,1.105527109921505,0,0.0,0
47085,35.96106831759918,2,4,7.240678455185373,5,0.392486452087044,0,0.0,0
47086,50.930823954853935,3,4,19.999830485612584,1,0.6690943389897674,0,0.0,0
47087,27.142103661740663,3,3,10.002407733720503,3,0.9373534244325269,0,0.0,0
47088,21.777921345914166,4,6,15.414813819706284,2,0.432003021564753,0,0.0,0
47089,44.110641979449035,3,3,0.0,7,1.0003608202293175,0,0.0,0
47090,37.31056924455564,3,4,19.698541474443626,7,0.9550759682591609,0,0.0,0
47091,58.048465476281145,4,6,2.206538432592472,6,1.000414453518351,0,0.0,0
47092,46.99743349598497,3,6,11.391693724910454,7,1.0002252547663109,0,0.0,0
47093,43.99659738873189,0,3,15.73553196204567,5,0.4956839286527741,0,0.0,0
47094,33.320178235273666,5,3,12.706827152478047,7,1.0001814324732847,0,0.0,0
47095,45.53085972548827,2,1,2.4113180472866507,7,1.0005201007364255,0,0.0,0
47096,44.2585645089914,4,4,10.323906035803214,7,1.0001945159588592,0,0.0,0
47097,53.608504347204,3,2,7.6523447569711625,7,0.9999271711374952,0,0.0,0
47098,29.893121961740302,4,3,20.001780314064625,1,0.999972098892187,0,0.0,0
47099,38.04623698665224,3,1,19.9951295278064,3,0.8680749217199922,0,0.0,0
47100,54.86014087090285,3,6,10.12137766577415,2,1.0000031279313146,0,0.0,0
47101,27.070166527581144,2,1,1.9846415335103327,2,0.49816402626228273,0,0.0,0
47102,58.43673453018677,4,6,18.046108757871703,3,0.9994138677360007,0,0.0,0
47103,72.65477051831867,4,2,10.483930167179993,7,0.01129294048128382,0,0.0,0
47104,46.25065404568542,4,3,9.47041971160795,6,1.0001240983865312,0,0.0,0
47105,33.066762809958206,4,1,0.0,4,0.9998432799157421,0,0.0,0
47106,38.79314073895399,3,1,7.353762133277922,7,0.5893214593453082,0,0.0,0
47107,29.355729960487317,2,3,0.2436192200898173,3,0.9999814011341022,0,0.0,0
47108,32.9893239432475,4,1,6.19459591225153,2,0.9999351846309238,0,0.0,0
47109,43.68771847270688,2,1,9.524429032329781,3,0.9275991375226733,0,0.0,0
47110,35.06386055012373,3,3,2.603639985666005,6,0.4229147089407445,0,0.0,0
47111,44.715084652395305,1,3,22.86872829465954,3,0.999285109773638,0,0.0,0
47112,46.94391956098585,3,4,20.001536413084548,7,0.9898376094375165,0,0.0,0
47113,15.036711641102155,2,2,19.999231069533785,1,0.9999605064472211,0,0.0,0
47114,24.00850858962722,4,2,9.103644262050258,5,0.4238203302296464,0,0.0,0
47115,31.76293742455023,3,6,18.347388031035894,2,1.0000947093029666,0,0.0,0
47116,58.74203323890702,5,2,5.360028534886321,7,0.9998152918934851,0,0.0,0
47117,14.536203968962845,5,5,13.860384129870775,1,0.739989282727333,0,0.0,0
47118,29.9460855706747,3,5,11.225917965008854,2,0.9995131235248171,0,0.0,0
47119,32.35307455604461,4,3,18.16526828652473,5,0.9986164497403522,0,0.0,0
47120,46.08460761320533,3,3,14.388154187134493,3,0.49420239046358194,0,0.0,0
47121,47.529420253822416,1,4,20.001182248443122,1,1.0001645330510671,0,0.0,0
47122,37.99298726584451,3,4,11.231987780269876,1,0.4272266490808486,0,0.0,0
47123,52.19388680329386,2,1,6.108805109576124,0,0.04239430996820326,0,0.0,0
47124,50.6457661821391,3,4,15.328538214863144,2,1.0002286796488864,0,0.0,0
47125,64.21202972537266,3,3,22.38814922189014,5,1.0010562977971555,0,0.0,0
47126,46.66729457325837,3,4,20.000774956307225,3,1.000337166794894,0,0.0,0
47127,44.146134092267076,3,1,0.0,7,0.999768475891164,0,0.0,0
47128,38.8184041695393,4,4,20.01015544390443,7,1.0002559653248002,0,0.0,0
47129,49.47893268574454,0,3,6.399041205335091,3,0.5001197500004966,0,0.0,0
47130,57.60455205843086,3,3,11.332457593058031,1,1.0008258515396828,0,0.0,0
47131,39.80420755446022,1,3,1.3257792255010266,0,1.0232183060140168,0,0.0,0
47132,50.80215993603838,3,2,8.1231626886258,7,0.13710843343542345,0,0.0,0
47133,26.010146474452466,3,6,10.575787362452179,0,0.5249630030530623,0,0.0,0
47134,62.12047506109272,2,3,9.249091169241522,7,1.0003910758196897,0,0.0,0
47135,44.41552569995099,2,6,4.271933163672207,7,0.6144949923647055,0,0.0,0
47136,41.965982704901165,5,1,10.557826775073215,7,0.928789770121652,0,0.0,0
47137,44.50938864043053,4,5,19.992893458327764,1,0.893709939627856,0,0.0,0
47138,23.373144713730166,3,6,13.822887768317091,2,0.4164669727592632,0,0.0,0
47139,42.45868106130709,5,1,8.05636540710291,7,0.9998533904923805,0,0.0,0
47140,47.42576378360405,3,4,15.750485019455574,2,0.9999525303503587,0,0.0,0
47141,56.07028601781023,3,3,9.637679517568847,7,0.9997544371337854,0,0.0,0
47142,45.326597001435,3,5,15.313683808932272,2,0.9998555598812442,0,0.0,0
47143,47.759877744287515,0,1,22.064707578216904,7,0.4916549092880528,0,0.0,0
47144,33.64905452572296,3,4,20.000636332775017,1,0.44373264476345786,0,0.0,0
47145,48.369067544055156,3,3,13.8312441167272,3,0.7068371935227824,0,0.0,0
47146,45.64801747625421,2,5,15.9520391459696,1,0.5514765815696454,0,0.0,0
47147,51.99696071289175,4,3,12.361621896234013,7,1.0000376144421301,0,0.0,0
47148,52.647455943773735,4,2,4.357845656780059,7,0.3100428113347089,0,0.0,0
47149,50.98839219108265,2,3,3.6815710097362278,3,0.5079370287164099,0,0.0,0
47150,56.62257017650375,3,3,19.997020651045034,1,0.3706721893779669,0,0.0,0
47151,50.12775866895105,4,1,20.112243805125466,6,1.0584545086140877,0,0.0,0
47152,55.83629592532871,1,3,2.956021069698755,5,0.5027805352261834,0,0.0,0
47153,46.84095670933925,5,5,11.603633277181878,2,0.18072495320715465,0,0.0,0
47154,43.71961916592311,2,3,11.67416038674691,7,0.9998927599847635,0,0.0,0
47155,37.20334490690049,5,2,10.467346254940729,3,0.9605434289446706,0,0.0,0
47156,50.60465539747194,3,6,9.864863901701789,7,0.9999825301783363,0,0.0,0
47157,48.886311578408275,3,1,4.674592654800452,1,0.5023206793059649,0,0.0,0
47158,60.64139897974802,3,6,10.625047899900053,7,0.8886402323096219,0,0.0,0
47159,42.24148122769378,2,6,26.694425978764315,7,1.0001780820075534,0,0.0,0
47160,34.498313661404964,3,3,9.378849010085492,2,0.17168124024260367,0,0.0,0
47161,24.04168390661716,2,5,10.128030174604724,3,0.5670540893617865,0,0.0,0
47162,52.56226879112468,4,4,0.0,7,0.7329497144518895,0,0.0,0
47163,42.581686448279704,1,3,1.1016404404444824,7,0.4288562849347288,0,0.0,0
47164,53.148053622413904,3,3,8.241488427452826,6,0.9862507572765016,0,0.0,0
47165,51.8228972055178,1,6,7.081221696388282,7,0.5816856003504859,0,0.0,0
47166,34.25395444335498,1,5,20.737531379693102,2,0.19728727965786497,0,0.0,0
47167,33.960907715524996,3,2,15.45805474330728,7,0.3512159567768879,0,0.0,0
47168,52.748614720171965,2,3,10.313752671686574,6,0.9999443239664736,0,0.0,0
47169,43.340382317885485,2,7,17.214456699391093,1,0.0,0,0.0,0
47170,10.524362057393141,2,1,4.517830729814152,2,0.21927382944056883,0,0.0,0
47171,54.793961855740065,3,6,15.10209916597595,7,1.0360033946809404,0,0.0,0
47172,42.225251430188955,6,3,4.086785230781055,7,0.4623305645471085,0,0.0,0
47173,49.675675586638974,3,1,12.160840513364619,7,1.0000203948446675,0,0.0,0
47174,29.194270552819177,0,6,14.401035861108465,5,0.28699950993371365,0,0.0,0
47175,62.61158530046859,4,2,18.30855461621066,7,0.999700934310733,0,0.0,0
47176,41.66734682171504,5,3,11.334329481575578,3,0.5019425321764562,0,0.0,0
47177,39.422441289364706,4,6,13.196000619708103,7,1.0005749878155858,0,0.0,0
47178,46.4808700712569,2,3,9.762874655783628,7,1.0005986682627213,0,0.0,0
47179,37.32416403338071,4,4,19.994187099683558,2,0.7981952706967221,0,0.0,0
47180,51.1031542687795,3,2,11.989811854918996,7,0.999805482596084,0,0.0,0
47181,37.339629337998076,2,3,5.401438835516379,3,0.9998935842392456,0,0.0,0
47182,60.97548363675783,1,3,9.502454966121501,6,0.18316236647099016,0,0.0,0
47183,42.30451353478997,3,4,11.860098748119249,2,0.00401074610228902,0,0.0,0
47184,54.23512275595098,2,3,7.600139071744439,3,0.9995908352681022,0,0.0,0
47185,63.34448057840141,6,1,13.828891363973526,5,0.9997749171988526,0,0.0,0
47186,46.49333419619504,3,3,0.4744176261861828,2,1.000665797351265,0,0.0,0
47187,42.46160475412237,3,4,7.083454549276615,4,1.0001604753905318,0,0.0,0
47188,39.64937018733708,5,2,18.36151944104099,7,0.9997685649404244,0,0.0,0
47189,51.60269050367984,2,4,1.1310946531571044,1,0.9648307139475358,0,0.0,0
47190,49.456888766897976,3,5,20.008734779706764,1,0.34412186793832783,0,0.0,0
47191,33.14334497522181,1,1,5.818363257384266,2,0.0,0,0.0,0
47192,56.084569839004786,3,6,17.677947318208016,4,0.9999972777216481,0,0.0,0
47193,58.43925171255549,1,3,2.458919847486044,3,0.5049593942040046,0,0.0,0
47194,27.808444010385095,4,1,0.0,5,0.3153981977929059,0,0.0,0
47195,55.82373827896572,2,3,18.939329251363336,7,1.000449534006894,0,0.0,0
47196,25.902757279443964,3,2,10.206733335528762,3,0.9466859846463009,0,0.0,0
47197,53.172305581710795,2,1,17.742550570767264,1,0.6012457631872011,0,0.0,0
47198,59.59178182223517,5,3,15.459520549510327,2,0.9995320008833515,0,0.0,0
47199,39.49083876670011,2,3,14.552878574846826,3,1.0001522813428319,0,0.0,0
47200,63.89659174235213,3,6,14.953022844535548,3,1.0000098182366615,0,0.0,0
47201,48.592748849506926,3,3,19.673136819317683,1,0.9998733606339354,0,0.0,0
47202,65.88850161253191,3,4,6.619455266791096,5,0.6806105301631978,0,0.0,0
47203,28.23509929095875,3,2,2.927366823754639,5,0.4881427600222772,0,0.0,0
47204,26.370279530507705,2,1,6.930261046117204,4,0.9308550443959366,0,0.0,0
47205,46.72751355476243,4,3,6.398009002405454,4,0.4993455563099466,0,0.0,0
47206,38.38924287395558,2,3,5.208461034760924,7,0.8925804795260897,0,0.0,0
47207,53.91175108064231,3,2,21.33789883259962,3,1.0005832576891467,0,0.0,0
47208,53.51619816104325,6,1,27.956957098584112,7,1.0003983234362661,0,0.0,0
47209,48.45328878990103,1,3,12.554860251059363,2,0.4983464725940244,0,0.0,0
47210,49.33945668702226,0,2,13.344943772577144,7,0.2386668375338702,0,0.0,0
47211,63.51205160720792,2,4,20.009052186170912,1,1.0004532478037595,0,0.0,0
47212,61.4615921481366,2,6,6.913685801690033,3,0.07395475367174675,0,0.0,0
47213,51.65984467012921,4,1,9.65160574695904,7,1.000221817964261,0,0.0,0
47214,58.918974107962114,2,6,14.833175730431709,7,0.702742459181095,0,0.0,0
47215,40.17055691941536,4,3,8.14738729970858,7,1.0000847672316504,0,0.0,0
47216,32.91989483435018,2,5,9.7725993120707,1,1.0222283400773133,0,0.0,0
47217,12.827594917881122,1,1,13.51125866076649,1,0.3125237277148688,0,0.0,0
47218,60.62229285679499,3,6,20.963538451487757,7,1.0002609938800244,0,0.0,0
47219,41.8313123989585,4,1,10.362581838518658,2,0.49873524060593444,0,0.0,0
47220,25.210173274024804,1,3,16.462563266198668,7,0.3084716313799246,0,0.0,0
47221,38.310508442564895,4,6,19.40219098355999,7,0.39501156013697186,0,0.0,0
47222,37.324638978596546,3,2,11.557139513639079,1,0.6669704046281816,0,0.0,0
47223,60.17664973698817,3,3,22.11749662354429,7,1.0000334579006727,0,0.0,0
47224,66.57219050529292,1,3,9.17106892991113,2,0.6579866379468882,0,0.0,0
47225,41.29341922586598,1,2,10.60741742544958,4,0.3381632331349023,0,0.0,0
47226,46.608907207157166,2,3,10.718722566959265,3,0.9660763444765397,0,0.0,0
47227,27.739761660640944,2,2,5.381504804728688,3,0.9770109666921596,0,0.0,0
47228,32.1781217031031,3,1,0.6997289095515136,2,0.3299901926823509,0,0.0,0
47229,59.28086026810468,4,4,17.895758034982737,3,0.7061152005312499,0,0.0,0
47230,55.92508473531536,2,6,20.95865068686863,3,0.17314945492127032,0,0.0,0
47231,35.87504179263191,3,4,0.0,4,0.9398163444197178,0,0.0,0
47232,53.84088230845626,3,1,12.963544260321015,3,0.9999557643398156,0,0.0,0
47233,23.067027547344985,3,3,13.165015444383908,0,1.00006587088762,0,0.0,0
47234,28.40475264941086,2,6,14.200676662960216,4,0.7651487744169216,0,0.0,0
47235,60.25332804369906,7,6,18.165396498919733,5,0.6324487868753548,0,0.0,0
47236,34.06020216695393,3,6,8.309592752543079,1,1.0408499769822046,0,0.0,0
47237,18.935193352671515,3,6,10.132277237338581,2,0.47966286669827185,0,0.0,0
47238,63.60885934240203,7,3,0.42886104546224146,7,0.8947758816183097,0,0.0,0
47239,54.72216839646894,4,3,0.0,7,0.9998678132790229,0,0.0,0
47240,35.24426736236405,4,3,14.049785360565318,4,0.07628960977591193,0,0.0,0
47241,46.80920568263971,3,1,13.179007455501111,7,1.0003653361334788,0,0.0,0
47242,32.68411426767629,6,4,4.099332882157459,8,0.03233713133406935,0,0.0,0
47243,55.166467878351945,1,4,19.997732198076868,4,0.9996607276219919,0,0.0,0
47244,53.54360275013227,3,2,11.69146477882583,6,0.19106076382381643,0,0.0,0
47245,42.50358887854207,4,2,9.872263013363456,7,0.4132323712334383,0,0.0,0
47246,39.41172121028082,2,1,17.565664517073092,4,0.5024727257618026,0,0.0,0
47247,25.46753233780518,1,3,15.284836488469072,7,0.9999070359426514,0,0.0,0
47248,11.646660553848733,2,3,3.6799548236330377,4,0.26271057313084,0,0.0,0
47249,34.020909453725686,4,3,6.659675776774824,7,0.0,0,0.0,0
47250,46.32318876086302,3,5,17.172859881375025,2,0.5436216638970206,1,6230.414378325465,1
47251,45.01571646195018,4,1,0.983393264958238,3,0.9993019681697489,0,0.0,0
47252,38.14244707722866,2,1,18.38357752392494,0,0.999622273405679,0,0.0,0
47253,26.332296166130316,4,2,12.356295271253725,1,0.3071343185469484,0,0.0,0
47254,47.2110356640916,3,2,9.252851047830395,1,0.49163717400437656,0,0.0,0
47255,32.581807714511264,1,1,7.717592458506838,3,0.9509918716351355,0,0.0,0
47256,25.084217982708164,4,3,16.983179960622202,7,0.7356328744086219,0,0.0,0
47257,53.74312165532371,4,6,2.137850286188476,7,0.5356962613173106,0,0.0,0
47258,41.066097053538165,3,1,16.667018440076944,4,1.0004037826628271,0,0.0,0
47259,60.24590796649923,4,2,2.044982549306191,7,0.6412990994748144,0,0.0,0
47260,24.255018255423963,3,6,9.509495234093578,4,0.2080948024200759,0,0.0,0
47261,67.80914910905165,6,3,12.750794839564197,2,0.9996259884061012,0,0.0,0
47262,44.82944936956207,3,2,5.558960811354991,7,0.999883460269766,0,0.0,0
47263,33.07692282834076,4,1,19.996627212497934,4,0.06861619551612064,0,0.0,0
47264,54.27578498648004,4,4,20.00965013005338,4,1.000207950670022,0,0.0,0
47265,58.65460049033628,3,2,15.073965429679765,5,0.999641155505317,0,0.0,0
47266,21.73475949249114,1,4,3.7791130690455415,5,0.0,0,0.0,0
47267,49.73838152619998,2,1,1.6430408383575763,6,0.50566189359486,0,0.0,0
47268,31.53100507311685,5,5,16.13889829160857,6,0.06132379889378736,0,0.0,0
47269,37.39189707228449,2,5,10.307661172728725,1,0.5641782895768576,0,0.0,0
47270,58.88152746604237,3,4,17.731425043208198,2,1.0000967439314952,0,0.0,0
47271,71.71658795629257,4,3,0.0,7,0.8136252626757335,0,0.0,0
47272,45.87112316212535,2,1,10.852751401473817,3,1.0000614837902353,0,0.0,0
47273,42.57957356102114,4,2,10.497863908222827,7,1.000116238808826,0,0.0,0
47274,57.43006204900914,2,3,7.851060377125004,2,1.000251941928064,0,0.0,0
47275,52.55007305802452,2,3,15.216719688196335,2,0.9999624673439801,0,0.0,0
47276,70.01476414532827,4,1,8.77218140573637,2,0.9191687288011903,0,0.0,0
47277,47.8654124039346,3,2,11.801169262882489,6,0.9333029314896784,0,0.0,0
47278,36.11767697598807,3,1,13.257886827085432,3,0.9995176516695754,0,0.0,0
47279,38.69570208839855,2,3,8.00297578952579,3,0.3964616067881452,0,0.0,0
47280,26.856434477058745,5,5,1.4951061647875399,4,1.0000360084732522,0,0.0,0
47281,47.92973159450972,2,6,5.978573966042928,6,0.830431731345185,0,0.0,0
47282,35.96631051630226,3,3,1.8576276848416686,7,0.1772921534063725,0,0.0,0
47283,32.31167528979457,3,3,11.587237088589058,1,0.9998088637442272,0,0.0,0
47284,53.84238525911416,3,6,17.637379986510993,2,0.4256624985095881,0,0.0,0
47285,44.2087191935944,5,6,19.924271250127262,7,1.0000155553846077,0,0.0,0
47286,40.416928100883055,2,3,7.006734526199912,3,0.4993056932026223,0,0.0,0
47287,32.88467534089693,2,6,17.49354416776653,7,0.5326062805737348,0,0.0,0
47288,59.685226081975046,4,3,11.566163532401962,4,0.6045944289667027,0,0.0,0
47289,30.804702660024958,2,1,10.57735345248583,5,0.0,0,0.0,0
47290,38.164021222403676,3,3,3.688176152724755,3,0.50039075547977,0,0.0,0
47291,41.978776728631736,1,6,15.328694836067447,7,0.3910349768044655,0,0.0,0
47292,42.949481471503454,2,3,0.0,2,0.9290562687030517,0,0.0,0
47293,48.32577546655775,4,3,16.69653026475345,7,0.965331237396621,0,0.0,0
47294,51.65597747292325,4,6,15.164202078109481,3,0.6358668186424207,0,0.0,0
47295,53.18602639792684,2,3,4.928939354140259,7,0.14517645821640945,0,0.0,0
47296,29.963897135890107,3,3,13.218824361065117,2,1.000194215020406,0,0.0,0
47297,47.93082615543309,3,6,15.466640484590037,4,1.1119463131561886,1,5709.9901701205745,1
47298,44.29215854823012,3,6,8.48215034478859,6,0.12508387066911453,0,0.0,0
47299,43.41261038423398,3,1,7.45370792881932,5,1.0000585787849985,0,0.0,0
47300,51.123613075441845,2,4,20.005821545994976,2,0.999748414387328,0,0.0,0
47301,64.10404612176197,1,2,8.098896846432034,7,0.999950432824581,0,0.0,0
47302,42.69135424639534,4,1,0.6678575854794104,1,0.9133936076366436,0,0.0,0
47303,51.753023302950155,3,3,7.640499934289579,4,0.4945535529273525,0,0.0,0
47304,43.75825607502252,3,4,19.999479775079976,1,1.0000736687540612,0,0.0,0
47305,45.746392719848195,4,6,11.560890174458729,7,1.0004124000686148,0,0.0,0
47306,51.83558298725311,4,3,9.743226603924462,7,0.9999021202196658,0,0.0,0
47307,62.37574886953304,3,6,11.565537124138231,3,0.4672479601610896,0,0.0,0
47308,28.306562776647045,2,2,18.6400687877123,3,0.2883605300743467,0,0.0,0
47309,24.972493082858524,4,1,25.43191446130558,7,0.434139523070607,0,0.0,0
47310,50.64239096383472,2,2,2.250314364916809,2,0.24714528384420903,0,0.0,0
47311,71.56526657373243,3,3,14.710445144909228,7,0.9999486878522046,0,0.0,0
47312,44.172479154272935,2,2,13.393817552844059,7,0.9997427667498744,0,0.0,0
47313,43.82362978924174,1,3,13.55442865426161,0,0.8859477452342788,0,0.0,0
47314,58.38888100534405,6,2,13.119509846549743,4,0.35096788986673877,0,0.0,0
47315,61.1284760051754,3,2,3.83770459494864,7,0.23178752351160098,0,0.0,0
47316,46.75542407623868,4,3,0.0,0,0.7415390899513494,0,0.0,0
47317,41.0757286587075,3,3,10.549502302775908,1,0.3297344808409703,0,0.0,0
47318,37.29284578344957,4,4,13.172233968665656,1,0.1495521202357224,0,0.0,0
47319,69.51690903144376,3,3,15.180885308994851,6,0.502454204946004,0,0.0,0
47320,61.70167820462158,4,5,13.42760034406385,6,0.8721068839411126,0,0.0,0
47321,55.28513972559375,3,6,20.012090416115417,1,1.000062136077413,0,0.0,0
47322,41.19167935666414,1,3,10.217916046247721,4,0.022829834532336002,0,0.0,0
47323,55.37940737278334,2,2,4.157981818983479,7,0.5652891169192292,0,0.0,0
47324,24.60071115383453,3,2,9.742332355583768,4,0.7699440777794144,0,0.0,0
47325,38.34606003151224,3,2,5.15407181915487,4,0.9997195643949974,0,0.0,0
47326,37.61780643857624,4,3,3.8678288236423883,7,1.0087336754494838,0,0.0,0
47327,51.69151716888568,4,3,5.4290785585042,7,0.0,0,0.0,0
47328,44.504978013680535,5,3,5.768936854291706,5,0.9730585869630379,0,0.0,0
47329,42.02789797735128,3,3,19.694643963493313,7,1.0003655630794976,0,0.0,0
47330,54.84233189066589,4,6,18.211976284851374,7,0.9997496333322474,0,0.0,0
47331,30.29608375598281,3,4,13.631137534437828,2,0.9998870457449726,0,0.0,0
47332,21.804639954951558,4,4,11.806338559052719,7,0.13145277324073668,0,0.0,0
47333,50.697861165571965,3,1,12.136196662819373,7,1.00040768318487,0,0.0,0
47334,39.97890390645588,3,1,24.216538709309567,7,0.5042914908826567,0,0.0,0
47335,39.180403039299186,1,3,9.192113119886343,3,0.5009458784988592,0,0.0,0
47336,40.57111370229618,4,3,8.244322382571731,2,0.9999699170596053,0,0.0,0
47337,66.24334982080869,4,5,7.369312938978093,2,1.0005366701656437,0,0.0,0
47338,11.926397256089107,2,6,9.95233975163676,2,1.0000344835603299,0,0.0,0
47339,41.633597254158886,1,4,12.607654169959307,2,0.0,0,0.0,0
47340,16.62270152900179,3,1,4.755596997878865,6,0.27645388662911274,0,0.0,0
47341,16.60944618965555,4,4,9.917270859724457,1,0.8865420483504093,1,7938.0033730426885,1
47342,53.671779035954216,2,3,0.0,1,0.717746127845414,0,0.0,0
47343,45.61341370356074,4,2,21.091707040163136,5,0.38787850594882073,0,0.0,0
47344,24.735508187807262,2,1,12.556270559535577,6,0.5018948524799005,0,0.0,0
47345,49.09856309612632,4,3,16.268308361296654,3,0.5007251754048143,0,0.0,0
47346,30.80178925339075,4,6,15.734680930830827,4,0.7554826717658654,0,0.0,0
47347,53.06712185326042,2,6,8.629355724855474,3,0.346327012396447,0,0.0,0
47348,43.48292442817983,4,1,7.988533868493365,3,0.9521488828307435,0,0.0,0
47349,52.93274059416197,4,2,7.546883789894456,5,0.511156045034795,0,0.0,0
47350,18.916683069389766,3,3,17.69158212726411,1,0.49998969270447324,0,0.0,0
47351,57.211023851923244,3,6,14.793331999388547,4,1.0003155606336376,0,0.0,0
47352,36.170431028649865,3,1,15.706474539131946,2,0.7208273992441263,0,0.0,0
47353,28.59069474759484,0,3,2.0161515650870836,1,0.9864118343564076,0,0.0,0
47354,63.842691642779116,4,3,25.34055142595332,7,0.9996349771898323,0,0.0,0
47355,27.971611075392815,5,6,12.096944571016659,7,0.9998351335541382,0,0.0,0
47356,42.18569611573127,3,6,9.808374329461255,1,0.933109719252994,0,0.0,0
47357,46.03907422074694,2,3,13.112071509377087,3,0.4990659060673849,0,0.0,0
47358,75.30939238770523,3,4,15.49405499951398,4,0.8707949153875373,0,0.0,0
47359,41.05777321444464,4,3,1.5156910287365584,5,0.42807985825124284,0,0.0,0
47360,17.566511652007456,2,4,19.996605056789985,1,0.999535153579229,0,0.0,0
47361,46.55413682404033,4,3,0.0,7,0.4238119551104522,0,0.0,0
47362,47.540320888881254,1,1,0.0,4,0.33772948010038706,0,0.0,0
47363,17.432147395473134,3,4,11.811832229451054,2,0.2488730545469532,0,0.0,0
47364,48.9401372389592,1,3,19.48483655605751,3,0.9679793142732788,0,0.0,0
47365,25.910201017790207,4,5,18.008676679174776,3,1.0000200529956615,0,0.0,0
47366,36.462922571315886,2,4,19.999976287887268,7,1.0004931915823114,0,0.0,0
47367,39.09935034350528,2,3,12.404973381764114,0,0.5182857472595138,0,0.0,0
47368,29.337587763768376,3,4,22.106944103468784,3,0.17536344314158137,0,0.0,0
47369,26.119956814123313,3,6,11.187876329293658,2,0.9672219885271707,0,0.0,0
47370,45.424992324966,6,2,5.36940000069966,7,0.7492421636090315,0,0.0,0
47371,43.22555037921423,2,3,13.393160358509643,7,1.0001709905204856,0,0.0,0
47372,26.40132710692078,3,3,12.998153751706251,4,0.9999962936145019,0,0.0,0
47373,26.82176564046253,3,6,6.939216149554993,1,0.13316049334421742,0,0.0,0
47374,47.29490982164271,1,3,8.73735243930322,3,0.9333880416614054,0,0.0,0
47375,47.95197690235196,3,2,19.122595202973002,1,1.0007817650911006,0,0.0,0
47376,17.08692694991979,3,5,10.16907320208602,1,0.30366016308875154,0,0.0,0
47377,58.34816500455494,4,6,19.038111104329374,4,0.481007712264307,0,0.0,0
47378,35.373628115253005,3,4,19.998795735246276,1,1.0001277522636567,0,0.0,0
47379,50.646404475603845,3,6,12.088247905887666,5,0.9995110672894484,0,0.0,0
47380,38.83278103269974,2,1,12.840714343988436,5,1.0001230402026027,0,0.0,0
47381,20.221334867773006,3,4,14.68325968953211,0,1.000242219993529,0,0.0,0
47382,23.08785346451896,3,2,10.193677672566842,4,0.9926664359540582,0,0.0,0
47383,25.18755084126687,5,5,7.3915622984541525,5,0.43526709490617427,0,0.0,0
47384,30.48732168284839,3,1,3.0304280522291815,2,1.000107215636921,0,0.0,0
47385,24.561245791454322,4,6,11.23904125260421,2,0.06256634168231834,0,0.0,0
47386,49.766520439954014,3,4,0.0,7,0.2560812628742969,0,0.0,0
47387,60.959973300545556,2,1,0.9807304621156945,2,0.4992246047524852,0,0.0,0
47388,29.365671398738655,5,2,12.964639459035308,3,0.7621821222637147,0,0.0,0
47389,58.484754674962204,3,5,19.515968981312582,7,0.9839973992110123,0,0.0,0
47390,45.398511038356645,3,4,20.002967282084988,2,1.0000643433126422,0,0.0,0
47391,68.07419259916328,3,4,17.552538336442918,2,0.9997366806730154,0,0.0,0
47392,17.65940381231005,4,6,10.842921318373893,3,0.581604324832912,0,0.0,0
47393,41.548492666450684,4,6,9.42820654109885,2,0.0,0,0.0,0
47394,27.211649463308362,2,3,13.557668053729813,3,0.4081148102146595,1,860.5200919604235,1
47395,44.73247735498874,2,1,13.213565577089991,2,0.5066166525055569,0,0.0,0
47396,32.61052330129058,3,4,12.251997874845472,7,0.47876044239376087,0,0.0,0
47397,32.15801635539048,6,3,9.63146079048052,1,0.7237612130027614,0,0.0,0
47398,32.827716431239665,4,2,3.622397225400852,7,0.5675459099477256,0,0.0,0
47399,31.0957445230638,4,3,1.1710672319637325,5,0.9705563511761846,0,0.0,0
47400,52.61740344063022,3,5,15.036935737908788,4,1.0003302930634548,0,0.0,0
47401,32.7976529523191,3,3,7.904532535481825,7,0.4828884698151223,0,0.0,0
47402,29.146749374194393,2,1,19.20296588186437,7,0.21917137402700837,0,0.0,0
47403,45.10130168051195,1,3,8.212330792074248,4,0.45420823230939733,0,0.0,0
47404,25.138202310982027,4,6,13.502834126038664,5,1.0001427259171765,0,0.0,0
47405,53.57323854014694,0,3,0.0,7,0.9999697812334172,0,0.0,0
47406,52.15694106181138,4,2,15.602161504628544,6,0.1610863854047695,0,0.0,0
47407,78.55176559444891,1,3,0.5031088526930425,5,0.9902484812939957,0,0.0,0
47408,59.98411842718596,3,4,8.819871265233635,0,0.3815816714073912,0,0.0,0
47409,46.738907784354694,4,1,19.996936999768415,2,0.5838604537030846,0,0.0,0
47410,35.278270576514565,4,3,11.402342201915067,4,0.5023364964931814,0,0.0,0
47411,52.359229368349624,2,5,22.723429161637974,1,0.12249376811274804,0,0.0,0
47412,48.28389593366568,3,2,16.127305048547004,7,1.000418976684518,0,0.0,0
47413,58.014029165094215,1,3,4.410950228675863,6,0.6716101335895657,0,0.0,0
47414,47.56341355156876,2,3,11.619702391937953,0,0.9475297810962591,0,0.0,0
47415,36.294795110435714,4,5,15.120007277124326,2,0.9999796281601139,0,0.0,0
47416,57.393669564774676,2,6,6.363454683921293,6,0.5096707518113909,0,0.0,0
47417,63.99032044325794,4,5,20.003062782678896,1,0.5003941355059696,0,0.0,0
47418,31.699567207364055,3,2,15.523637471388104,7,0.9997075183709592,0,0.0,0
47419,43.48277825773841,1,4,5.324111065883024,7,1.0003100335777955,0,0.0,0
47420,38.012916018676975,4,1,3.382152326353327,2,0.5537520783233856,0,0.0,0
47421,32.82741381328862,3,3,16.450957576905765,7,0.97780568408647,0,0.0,0
47422,71.49475397485526,3,4,16.8247137905378,5,1.336044577117844,0,0.0,0
47423,25.872453632543614,1,1,10.210800253928355,0,1.000334033657623,0,0.0,0
47424,37.520898362477816,4,8,8.919622294406995,7,0.0,0,0.0,0
47425,32.774134838274676,3,3,13.894252792336786,1,1.0002254636841106,0,0.0,0
47426,38.279183544661045,4,1,10.106295304968032,4,0.9992795396723526,0,0.0,0
47427,41.553889569420406,2,2,5.971462602330928,7,1.0000765640035636,0,0.0,0
47428,37.08987350025465,3,6,20.463320605683027,7,0.237204409830423,0,0.0,0
47429,30.315559783020888,3,2,10.815295416545162,4,0.37234159064825684,0,0.0,0
47430,28.662891667727557,5,3,13.620481912202603,7,0.9998752229480038,0,0.0,0
47431,32.14915953284216,3,1,13.351288879240343,4,0.9998716407691325,0,0.0,0
47432,39.12347156692786,1,2,17.294588608372884,1,0.31094789354713637,0,0.0,0
47433,54.95651103627995,3,1,4.584587296667706,5,0.9693665664425408,0,0.0,0
47434,41.78703679111965,3,3,14.508254725791243,7,1.0003791306918088,0,0.0,0
47435,42.84411950601515,4,3,19.06032650208779,5,1.0006792020300608,0,0.0,0
47436,74.0251829909302,3,6,13.71009211472526,6,0.8996996061217348,0,0.0,0
47437,53.05180217773621,3,3,15.976170262552477,0,0.5904270060835732,0,0.0,0
47438,58.140713661640646,5,1,17.239455355190522,7,0.9995857296075101,0,0.0,0
47439,47.36456843472079,3,3,10.924058912531608,3,1.00027580369367,0,0.0,0
47440,59.386423732482825,4,3,18.78876778333742,7,0.9997848060001961,0,0.0,0
47441,36.86800657204799,3,1,0.0,3,0.999985014732401,0,0.0,0
47442,43.5444867795561,4,6,7.21820408702183,1,1.0071289978696738,0,0.0,0
47443,48.94034413935228,3,3,8.522378150578536,3,1.0002057319356132,0,0.0,0
47444,42.13238564951317,3,3,13.663629294309853,6,1.0000700359135772,0,0.0,0
47445,33.33915995185753,3,7,2.16359997380229,7,0.0,0,0.0,0
47446,53.86661310052104,3,1,11.239118048878783,7,1.0001067391915859,0,0.0,0
47447,70.17104761782363,3,6,7.690050858853022,3,0.3320978527451545,0,0.0,0
47448,50.44942800070767,2,3,20.676191049086313,8,1.0281003396790003,0,0.0,0
47449,37.71414544800149,3,3,0.07417641698227584,1,0.5066169817188925,0,0.0,0
47450,44.67876464444452,3,6,17.877830620138596,5,0.9996197396807776,0,0.0,0
47451,33.62934676566438,3,2,11.42144487939149,5,0.9998713624305028,0,0.0,0
47452,47.23256653327596,5,3,15.539882786847077,7,0.9998811146001545,0,0.0,0
47453,25.69800506460631,3,2,2.292954397591817,3,0.99990579120294,1,79785.11552625395,1
47454,45.5762325208072,4,3,14.812521067090977,7,0.9993194803694869,0,0.0,0
47455,46.4405728428594,6,1,14.392948218842495,7,0.9996939117223334,0,0.0,0
47456,30.50401554414725,2,1,9.106909339488952,3,0.9152072576059689,0,0.0,0
47457,24.23538733669334,4,6,8.387186598132308,3,0.6374744847631962,0,0.0,0
47458,21.16419763724084,1,5,0.0,5,0.2922706063285039,0,0.0,0
47459,30.487462709319544,2,1,1.7327234648045078,4,0.49726079449881266,0,0.0,0
47460,60.91561614670183,3,2,16.255702521955058,7,0.9998336762964717,0,0.0,0
47461,33.76342420262299,2,3,0.0,5,0.4919541461391913,0,0.0,0
47462,41.423392589510755,2,2,16.915979194608962,7,1.000218461398937,0,0.0,0
47463,23.650465761049432,3,1,17.61718009678466,2,0.2208400988155636,0,0.0,0
47464,43.86005592957247,1,3,0.5410021355042058,5,0.9244403207591221,0,0.0,0
47465,23.426206914650354,3,3,14.780308779877858,3,0.7184048878162311,0,0.0,0
47466,58.86106301947005,4,3,10.718954331257004,6,0.9135692140602854,0,0.0,0
47467,53.366834718912564,2,6,10.897269798608525,7,1.0001006704273885,0,0.0,0
47468,59.30060691154023,2,6,17.05370957434176,7,1.0001127600962536,0,0.0,0
47469,31.515625698271442,3,1,19.993946313258988,6,0.41315427478807737,0,0.0,0
47470,55.74692297185196,1,3,2.50796623548802,3,0.9992530890474074,0,0.0,0
47471,50.62291620184101,2,1,0.0,3,1.0000716529125842,0,0.0,0
47472,51.90662056453413,0,3,22.744898071329363,3,0.49847078589148763,0,0.0,0
47473,40.57088550208587,5,3,11.293595815307008,1,0.2559820023664867,0,0.0,0
47474,52.24943792941877,3,3,15.297857838725422,7,1.0000509957182029,0,0.0,0
47475,51.6286308735846,0,1,9.108298999067728,7,0.5202854554083786,0,0.0,0
47476,50.68518462518328,3,6,11.42508067700467,5,1.0000063016256353,0,0.0,0
47477,51.35416544254667,1,1,5.733540391017487,3,0.19490481172108381,0,0.0,0
47478,24.52272581367865,4,6,3.8352701681660486,2,0.38877377111144346,0,0.0,0
47479,55.32819598188601,3,7,17.744791050291038,7,0.07322981195456935,0,0.0,0
47480,45.2753581330181,2,2,5.462399235168642,7,0.9998600943035545,0,0.0,0
47481,6.601405134952813,4,3,3.545033710171773,6,0.7610438099093649,0,0.0,0
47482,79.53481496851309,3,4,0.0,7,1.390983410013917,0,0.0,0
47483,22.76472687756547,6,2,8.80935787980179,4,0.20785824921302337,0,0.0,0
47484,45.368008545790005,2,3,9.287157049128828,4,0.5039916074501286,0,0.0,0
47485,56.44714216147931,4,1,18.16510253907465,7,1.0005108178872395,0,0.0,0
47486,44.57803393505135,3,3,14.217128349452626,4,0.9468516627606072,0,0.0,0
47487,43.97793134145057,3,3,0.9637083509314834,4,0.6779757656021176,0,0.0,0
47488,29.72034754417355,2,6,14.063146969242332,3,0.7697642893110498,0,0.0,0
47489,73.4131172573827,3,3,12.68924214246673,7,0.9999480213260845,0,0.0,0
47490,47.02269297387847,2,4,0.0,2,0.43808486523842494,0,0.0,0
47491,48.83469076932607,2,3,5.234819594007358,2,1.0001639934683368,0,0.0,0
47492,16.49925185394805,4,2,12.37909253560712,1,0.6031205913646256,0,0.0,0
47493,55.75834530161856,0,1,3.0486042621951714,7,1.0003762674293832,0,0.0,0
47494,66.57042197630143,4,5,13.3854829932191,1,0.7855112600418196,0,0.0,0
47495,44.196361057548806,3,1,7.776221724555979,7,0.9998935311304674,0,0.0,0
47496,41.65416523511258,2,3,6.0811653574729885,6,0.9998038957319186,0,0.0,0
47497,26.2265998775315,5,6,4.859248056675527,4,0.6045573155045765,0,0.0,0
47498,42.23847795936673,3,3,1.5077197590744884,3,0.9999759185791535,0,0.0,0
47499,40.967509408238506,1,3,2.4093966751197087,6,0.48206384626768223,0,0.0,0
47500,36.01004850318827,1,6,14.968003607540213,5,0.9907214398668964,1,2801.0080288222694,1
47501,46.843116705535344,4,4,3.4846669797229888,1,0.9968109471296029,0,0.0,0
47502,44.95600137383236,3,6,5.5775464134325485,1,0.9971567710439304,0,0.0,0
47503,45.178354025437216,4,1,5.282792330748565,4,0.5582170111043897,0,0.0,0
47504,49.31905068307047,3,3,13.928760385017322,2,1.0005867331296394,0,0.0,0
47505,43.88632155332155,2,2,11.527378953233317,7,0.47365967136181997,0,0.0,0
47506,64.7670737682857,2,1,3.362570518626276,1,0.0,0,0.0,0
47507,56.15606016434882,5,6,15.677049264583099,4,0.9999701104295772,0,0.0,0
47508,41.91261028198854,4,4,11.670211627798572,6,0.8358825497649243,0,0.0,0
47509,54.49432264475655,2,5,21.720703579357682,1,0.35203169299991216,0,0.0,0
47510,23.976018650554064,4,6,18.062006511658264,7,0.17537230268153037,0,0.0,0
47511,58.219542734014475,4,2,6.170985765021941,6,0.28349296925817685,1,40884.32164392915,1
47512,32.521757795898964,1,1,13.08974096123952,2,0.9997827032413651,0,0.0,0
47513,52.43293978062044,4,3,14.844985767741754,7,1.0002913073343656,0,0.0,0
47514,31.670494733355817,2,3,0.0,4,0.4385147335339641,0,0.0,0
47515,36.399082695599496,2,6,21.714796575119227,7,0.9996464236323961,0,0.0,0
47516,50.31950114762133,2,5,12.677214670724794,2,0.4983599406779712,0,0.0,0
47517,10.369401357962168,3,3,5.383505973484502,5,0.9996724342877037,0,0.0,0
47518,14.562754648359935,2,2,13.28556816780164,1,0.7637608779748445,0,0.0,0
47519,37.99991095275348,1,6,15.057800998618276,1,0.7158764081613402,0,0.0,0
47520,19.57284098926616,2,3,10.437504762654214,3,0.0,0,0.0,0
47521,10.093175969365255,1,3,12.16849234370491,0,0.057376755592503104,0,0.0,0
47522,32.449581106885965,2,3,20.204667275505482,3,0.999841044186699,0,0.0,0
47523,33.56451884236932,3,1,5.380276146828365,7,1.0002931860362603,0,0.0,0
47524,50.00301613371682,1,1,1.9282719198401814,7,0.9997701302294759,0,0.0,0
47525,48.85362708543338,4,6,16.92009589932219,6,0.32293201924787884,0,0.0,0
47526,36.99018496790622,6,3,11.477843610063594,3,0.4984145377633687,0,0.0,0
47527,35.95174392911552,4,3,7.816851691888209,2,0.37756907676140455,0,0.0,0
47528,54.5589265434588,0,1,14.936820072675872,2,0.49973460698011396,0,0.0,0
47529,57.97714938360542,3,3,4.602356332007676,3,0.9992308300895943,0,0.0,0
47530,60.19202000030815,4,3,3.8466295366766854,4,0.6826749056312142,0,0.0,0
47531,41.00332505761482,3,3,19.61547946518194,4,0.49670169654584184,0,0.0,0
47532,30.68176777312354,2,2,6.718968251166226,4,0.35328294385513676,0,0.0,0
47533,43.63143700210739,2,4,19.999387578676238,7,0.9999947914660219,0,0.0,0
47534,47.27669033924094,4,2,8.2392089157441,7,0.5617650213564815,0,0.0,0
47535,46.20644126615598,3,1,2.2770281530572767,7,1.0004653239702919,0,0.0,0
47536,44.902484318352904,0,3,9.923465308640019,3,0.27046226342437346,0,0.0,0
47537,30.471652289213036,4,1,7.629867699309522,1,0.37530536842274537,0,0.0,0
47538,34.768500750076825,2,3,12.715529347255742,0,0.9287859641006513,0,0.0,0
47539,32.02979297586355,4,3,16.744459598442056,2,0.952308454991766,0,0.0,0
47540,42.707328507580016,1,4,14.396921344591421,1,0.368794659710727,0,0.0,0
47541,58.65624383085172,3,6,22.10952872881632,3,0.9999189913979298,0,0.0,0
47542,56.432218243278434,2,2,15.229238387511352,3,0.9980808408066015,0,0.0,0
47543,26.414676000057014,3,6,4.453035647459752,2,0.4246642520648174,0,0.0,0
47544,45.0620371339224,1,3,7.157153587692525,7,1.000036101607619,0,0.0,0
47545,30.80993180242979,1,2,9.951735504655899,6,0.22469999728196272,1,33837.108801676986,1
47546,59.75815112516607,4,3,19.186902204504694,2,0.3424263225410784,0,0.0,0
47547,26.154032170373824,4,1,14.95662662338697,3,0.07609548088330953,0,0.0,0
47548,59.13450234685352,5,6,13.834792130890847,7,0.9997600246205507,0,0.0,0
47549,31.46868495610316,2,3,7.955411930975101,2,0.3850858174901154,0,0.0,0
47550,25.422293752935428,5,6,7.525820403515741,2,0.6866865251449017,0,0.0,0
47551,53.63087434485908,1,5,12.58522793909407,2,0.6295025957149514,0,0.0,0
47552,45.34808044099622,3,5,16.90831941346843,5,0.9889102203925062,0,0.0,0
47553,8.95030624757473,4,1,4.661190768085056,3,0.30590605888341643,0,0.0,0
47554,42.619308924690124,3,6,23.774148271912352,7,0.9997872982855012,0,0.0,0
47555,37.064363239954474,5,2,6.601107465825896,4,0.1839089015019082,0,0.0,0
47556,24.67894682901503,3,5,5.663728757572875,6,0.9998350041614119,0,0.0,0
47557,59.01438684454946,3,6,3.5459656979109173,2,0.5025644626460539,0,0.0,0
47558,40.06011594519324,4,4,19.99766856588248,1,0.25928395472716004,0,0.0,0
47559,26.061773723466096,3,6,6.125077598669078,2,0.5262771685824568,0,0.0,0
47560,65.36465086569888,2,4,2.684890348493319,1,0.49259756286013656,0,0.0,0
47561,56.25209498708304,4,6,5.032235740948531,4,0.3036518518986577,0,0.0,0
47562,57.090597788698034,2,4,8.007319593695133,4,0.17537349938078894,0,0.0,0
47563,16.05434669568201,3,4,7.1125011200748185,1,1.000036950910445,0,0.0,0
47564,33.28521649987417,3,2,17.97185618291593,7,0.9462561827618151,0,0.0,0
47565,41.73444202110655,2,2,19.99932697047475,1,1.0005914164368959,0,0.0,0
47566,51.03820724268135,3,6,16.309068279149216,3,0.9994467865777299,0,0.0,0
47567,47.64607173530581,1,3,9.550830238607473,1,0.8954197831960626,0,0.0,0
47568,22.163484414957193,4,3,2.705702137702911,3,0.9491134325427448,0,0.0,0
47569,69.28948386053455,5,6,16.82507130956199,5,0.39312827471505785,0,0.0,0
47570,27.119132764521524,2,7,6.105382577667291,6,0.17172268623987008,0,0.0,0
47571,31.389759157826255,3,1,20.006755742440408,1,0.5149180699467385,0,0.0,0
47572,28.623884515333003,3,6,13.652256285588718,1,0.9696240300164765,0,0.0,0
47573,44.45145340622935,1,5,10.232509963245663,1,0.4146903328511705,0,0.0,0
47574,53.181903756093675,3,6,12.495403231169876,2,0.6092797205491267,0,0.0,0
47575,18.799947659631638,2,4,7.738953780942063,2,0.4046881377060322,0,0.0,0
47576,35.166231828468256,1,6,0.0,7,0.5315779676598735,0,0.0,0
47577,42.98185971711133,4,3,11.653965613493547,3,0.49749138677255067,0,0.0,0
47578,34.129990372226644,2,3,8.732499203210896,2,0.4924477118617385,0,0.0,0
47579,51.44520598879698,3,1,7.455499482498289,3,0.9619358979109156,0,0.0,0
47580,50.72475739878901,2,3,5.809044982994243,3,0.9997885507879483,0,0.0,0
47581,55.82492896087092,4,5,7.4742887056844545,7,0.5676652051536415,0,0.0,0
47582,54.69971004464244,3,1,13.171717818329789,2,0.3372430137798268,0,0.0,0
47583,40.2645607230301,2,3,9.468992122811798,3,0.6157869591646061,0,0.0,0
47584,37.89194952941946,4,6,6.5394742619062525,7,0.6387833833269118,0,0.0,0
47585,36.33787684800857,3,1,9.976839835526098,5,0.9997638071719911,0,0.0,0
47586,38.162142356671964,2,3,8.242411743953884,3,0.12783428021456655,0,0.0,0
47587,49.11566469709638,2,4,14.667465872354589,7,1.0005387595099682,0,0.0,0
47588,44.02416403088823,2,6,5.606840468206562,7,0.08412587437971697,0,0.0,0
47589,49.99148341052333,4,2,8.775859004485433,7,1.0001704107246236,0,0.0,0
47590,55.489698348591446,4,6,15.662550658794856,3,0.4650855053307834,0,0.0,0
47591,49.257732853614165,3,4,12.046015382691207,1,1.000234081261395,0,0.0,0
47592,41.51912189379792,4,2,16.30228973598393,1,0.9998552035353547,0,0.0,0
47593,35.53577577482326,2,1,15.252865984415575,3,0.8190480391171152,0,0.0,0
47594,32.20562596981691,4,3,5.891134024437985,7,0.9996210225567903,0,0.0,0
47595,51.693687820134734,3,3,4.470442005448953,2,1.0001641186050103,0,0.0,0
47596,41.19413422971117,3,3,7.425957760682425,7,1.0002275564330372,0,0.0,0
47597,31.42327928249903,2,6,17.608489750145083,6,0.6259407934843003,0,0.0,0
47598,44.574062910719405,4,2,12.135352616877881,7,1.0000964124079976,0,0.0,0
47599,29.439372946340832,2,3,13.667310919290987,2,0.4996667131173277,0,0.0,0
47600,44.1958500419219,3,6,4.314953456917027,7,0.9996228335492392,0,0.0,0
47601,47.44312203861543,2,3,0.29213615512278324,2,0.4748195683503309,0,0.0,0
47602,54.67636682195435,3,4,20.001853916527267,4,0.9997215513214208,0,0.0,0
47603,44.805177935396785,3,3,20.94552322101694,7,0.9811412404343417,0,0.0,0
47604,70.0493738465332,3,3,10.930296324343976,4,0.9998764727789031,0,0.0,0
47605,36.114326935508174,2,5,12.793713521105126,7,0.9998320967173916,0,0.0,0
47606,37.87511250582934,4,6,15.295871055499036,1,0.9760438487887613,0,0.0,0
47607,48.25208532912983,5,3,9.440464923919501,2,0.9994504418456859,0,0.0,0
47608,61.0454270395742,3,6,17.302070101384075,5,0.9995419776764578,0,0.0,0
47609,38.16824200918777,4,2,11.062525724493772,7,1.0003153063857446,0,0.0,0
47610,32.0738982542471,2,3,11.847164572414616,1,0.5474205313587845,0,0.0,0
47611,38.47960629045361,5,2,14.56447359322191,7,0.6030155740208412,0,0.0,0
47612,21.443957454079474,3,4,6.706148614678232,2,0.9458951602017271,0,0.0,0
47613,47.676300231108776,2,4,15.26101096391119,1,1.0288014023303471,0,0.0,0
47614,39.318191469175005,3,6,13.703826371410402,5,1.0000866322216169,0,0.0,0
47615,29.705766325795445,4,6,14.463169455256129,3,1.0001159482606885,0,0.0,0
47616,54.236976297554726,1,5,14.418539080640882,2,0.45211062583796435,0,0.0,0
47617,45.39014800800817,5,3,13.340110519274315,2,0.3920253344585601,0,0.0,0
47618,59.64509966668499,5,2,14.19240393936732,6,0.15309962412087874,0,0.0,0
47619,11.569840281180362,4,3,7.976131459960017,3,0.21854872537886783,0,0.0,0
47620,48.16425212704551,4,6,13.167581351895922,6,0.5804981660967516,0,0.0,0
47621,49.094447228860304,4,6,16.330913559537642,7,1.0005378763922625,0,0.0,0
47622,31.573931208149997,3,2,12.63734782650732,5,1.000229835295934,0,0.0,0
47623,19.264883151992134,5,2,10.941373663356622,7,0.4513373386443681,0,0.0,0
47624,76.83468258492253,2,4,15.446691796929322,1,0.9951331152185474,0,0.0,0
47625,61.41393045415535,4,3,13.490379762286153,2,0.9999723318674374,0,0.0,0
47626,49.485599065638084,4,3,4.819008431130933,7,0.741094985798689,0,0.0,0
47627,69.56147338146994,3,1,17.112297208334347,5,0.9997646176356575,0,0.0,0
47628,57.7779644261403,3,4,19.999057717329322,1,0.8632177555468992,0,0.0,0
47629,57.334846473355455,2,6,12.871219778938205,7,0.9999078430543538,0,0.0,0
47630,62.40340409513843,0,3,16.471766103442405,3,0.5874941717834963,0,0.0,0
47631,35.11633172071003,5,4,20.00538836090093,3,0.9999666149581345,0,0.0,0
47632,49.989523207068025,3,4,8.315720570330043,2,0.21653498224581968,0,0.0,0
47633,38.483462758930294,3,2,5.347805450229163,7,1.0002833874385268,0,0.0,0
47634,47.44148288486979,3,3,10.825983731094139,7,0.4402869966179459,0,0.0,0
47635,13.157778187108164,3,5,11.720004361849423,2,1.0000815773939276,0,0.0,0
47636,64.88710740654805,3,3,1.4665159380833668,2,0.7045556100089235,0,0.0,0
47637,63.55457692743026,2,5,19.478099901351605,2,1.0062120991764223,0,0.0,0
47638,43.95175167396697,3,3,6.813224013555588,6,0.9986567113843319,0,0.0,0
47639,25.725712710903384,4,3,0.0,1,0.5020887214450999,0,0.0,0
47640,21.3438239200841,3,3,8.146275462498473,6,0.7334398871017892,0,0.0,0
47641,38.11870533284492,2,2,5.562260499784657,7,0.7288853903958896,0,0.0,0
47642,37.68625494237393,3,3,7.281471077951668,7,0.8796781096510813,0,0.0,0
47643,41.41714394621847,4,6,13.180506793668727,5,0.999787750477566,0,0.0,0
47644,44.422176662546796,3,2,8.334391748227326,3,0.0464612906473324,0,0.0,0
47645,37.5826885971429,3,3,3.842030516590002,2,0.4099856495168224,0,0.0,0
47646,57.307955857275815,2,4,13.739265024849967,7,1.0086210461937533,0,0.0,0
47647,22.694367790235457,5,2,9.39967406442292,1,0.928474376249805,0,0.0,0
47648,25.48307881848424,5,6,9.64241378517414,1,0.2963272901413586,0,0.0,0
47649,53.03021519254177,5,6,1.8747953370558896,6,0.4235383301724759,0,0.0,0
47650,54.814887584775924,3,4,16.644835571852525,3,1.0003115036063852,0,0.0,0
47651,46.351304677444524,3,4,13.560315173580921,4,0.24995410351664127,0,0.0,0
47652,31.315994447922833,3,6,10.713519300126142,7,0.8051194691620969,1,23117.623113854064,1
47653,63.403119862431815,3,3,8.42523563449212,7,0.9993983379646558,0,0.0,0
47654,37.39045734610095,3,3,9.745997750454272,2,1.0000926147298073,0,0.0,0
47655,58.821608315271845,2,3,11.764591311158927,3,0.5672324398604536,0,0.0,0
47656,41.45613380919219,1,5,13.8355145773467,1,0.21550182418179986,0,0.0,0
47657,26.504670635422592,3,2,0.5872872467676657,1,0.7382982267713128,0,0.0,0
47658,48.64799972542609,3,6,8.796218312335336,7,1.0005086553669416,0,0.0,0
47659,20.931729740862338,3,6,7.021564091583936,1,0.46274508319845875,0,0.0,0
47660,55.05334882026841,6,3,13.588229249978491,4,0.49960838010555525,0,0.0,0
47661,38.80643839137539,3,1,13.962631507661442,0,0.5919194884239278,0,0.0,0
47662,43.123624438059906,4,5,3.085651808630347,1,0.7829746199350545,0,0.0,0
47663,41.722078378166735,1,6,11.181160861469014,1,0.9949708311543194,0,0.0,0
47664,23.625272996481762,4,6,13.679346626274963,4,0.7484000242550117,0,0.0,0
47665,26.348518689786275,3,2,9.974825647579959,4,0.42390717525715943,0,0.0,0
47666,46.436739553945706,3,3,22.75256949423173,2,0.9998472309792255,0,0.0,0
47667,29.800405198883375,4,6,13.569132453976335,7,1.0003448176833438,0,0.0,0
47668,22.811323640400115,4,4,4.507839576154113,4,0.0,0,0.0,0
47669,45.196184730725946,3,4,19.99728494471504,1,0.9998228610348675,0,0.0,0
47670,43.86838575050467,2,3,4.9986205562349255,0,1.0001720698235663,0,0.0,0
47671,37.82104395220841,5,1,7.938990041952698,2,0.9997374559155442,0,0.0,0
47672,43.55853711839411,5,6,18.65773254268067,1,0.13712196888488148,0,0.0,0
47673,29.493480176378394,3,1,9.020134436671857,1,0.4978510422823307,0,0.0,0
47674,48.75307730317906,1,2,4.818177140208361,7,0.48501569635626546,0,0.0,0
47675,23.7490342829729,3,2,7.645371901453114,5,1.0113396938374473,0,0.0,0
47676,25.009659919651558,4,6,15.992707123512213,4,0.999834820818734,1,4188.605173527665,1
47677,55.75992504960783,1,0,4.451839421797784,6,0.5221611466378533,0,0.0,0
47678,22.431921408998424,1,3,7.446810376556936,6,1.4834236621817776,0,0.0,0
47679,62.829675758203564,4,6,13.504652318179115,4,0.2217076590077689,0,0.0,0
47680,56.741179508224164,3,3,14.377970037390826,7,1.0003991333663882,0,0.0,0
47681,67.88513777744491,2,6,14.682755019599433,4,1.0003252392089528,0,0.0,0
47682,32.17004584822102,2,1,16.45689081161847,1,0.27173331142452817,0,0.0,0
47683,37.97771217429355,5,6,6.728957652311836,3,0.5436335764437967,0,0.0,0
47684,27.959837048108255,3,6,9.217786687705823,7,1.000169485621511,0,0.0,0
47685,42.22223140100904,3,5,20.005265350046187,1,0.29639645013609395,0,0.0,0
47686,48.590768681696446,4,3,18.768812848182773,8,0.4837454973732688,0,0.0,0
47687,51.3811393225184,6,6,13.763622025926558,4,1.0003605163863627,0,0.0,0
47688,19.594287128623396,3,6,15.251863486941659,3,0.29404422526601137,0,0.0,0
47689,50.14368234009786,3,3,15.501526886452952,4,0.9998961570679972,0,0.0,0
47690,66.43622360143867,5,6,35.10111305798662,7,0.9998031763530771,0,0.0,0
47691,37.51224411838152,2,4,19.996138654961513,7,0.846009784695924,0,0.0,0
47692,48.83493800690058,4,1,14.713219669961752,7,0.9999052629329437,0,0.0,0
47693,62.664451463056366,4,6,3.820304180768754,7,1.0001715596447214,0,0.0,0
47694,56.4491410853075,4,6,10.33246458175841,4,0.2761233777275255,0,0.0,0
47695,41.20079675133441,3,2,0.6506228755725179,4,0.35357425184454444,0,0.0,0
47696,59.60116051443666,3,1,8.96379614965392,3,0.0,0,0.0,0
47697,24.755023570360326,4,6,18.948555306316837,1,0.9516424528420164,0,0.0,0
47698,53.596288155345654,5,3,2.118773067866657,2,0.4948347474405492,0,0.0,0
47699,35.09169123663278,1,1,3.997709835448717,3,0.8772062518636596,0,0.0,0
47700,54.38734459824358,4,3,10.175086579861667,7,1.0001150319220646,0,0.0,0
47701,26.797841583456716,1,6,0.0,3,0.5491029392195211,0,0.0,0
47702,45.61061260697507,5,3,12.646884605303159,2,0.3456031796563862,0,0.0,0
47703,39.23209742064862,4,2,4.44003246939288,7,1.0000032499365017,0,0.0,0
47704,35.6608744266451,2,1,9.925828804962437,4,0.49747451043700586,0,0.0,0
47705,26.35770277643232,4,7,4.860965708573697,2,0.10003629622086008,0,0.0,0
47706,48.57002869935381,3,3,3.9614132256216505,7,0.8278669552417862,0,0.0,0
47707,49.882023465366586,2,2,6.413910330850463,2,0.731345454690414,0,0.0,0
47708,47.256400537067194,4,5,16.1171099142181,3,0.8867458086816767,0,0.0,0
47709,40.05981052195208,1,2,11.247962406211933,7,0.29613953048965364,0,0.0,0
47710,22.717578553172217,4,6,12.54856036432848,6,0.7650332764145985,0,0.0,0
47711,40.150146023367746,2,4,12.629578291883817,0,0.5915169060206273,0,0.0,0
47712,32.52914703821473,6,3,12.769793103732136,1,0.49786205377919257,0,0.0,0
47713,33.32999171280357,5,3,6.629571402382699,4,0.16182421583649997,0,0.0,0
47714,47.4950986566149,4,2,8.571329831511134,4,0.45924677154159954,0,0.0,0
47715,47.388840712405184,2,6,0.0,6,0.6222008874853778,0,0.0,0
47716,21.982826857783078,4,1,0.0,2,0.5029631073253061,0,0.0,0
47717,54.943088710660284,2,3,14.542542985286522,7,1.0001593034311802,0,0.0,0
47718,34.17925876826604,2,5,14.146286044367782,1,0.21464801233515962,0,0.0,0
47719,31.96958654367522,3,1,15.591753102559027,7,0.124185238307159,0,0.0,0
47720,40.084885925965544,3,1,5.420406787883468,7,1.0000239841952878,0,0.0,0
47721,61.17315235368888,2,1,24.3516574706722,7,0.9163648162688022,0,0.0,0
47722,60.573127978045584,3,2,14.375797309003921,7,0.9997362576177397,0,0.0,0
47723,14.47738729658553,1,4,3.70627718990127,6,0.4987135355803427,0,0.0,0
47724,39.71625612805714,3,3,9.315165193379254,2,1.0000278813713357,0,0.0,0
47725,34.337678997846055,3,1,16.69038458520474,3,0.99917253017162,0,0.0,0
47726,45.43941045632135,4,6,16.372567128034646,7,0.9998189844318583,0,0.0,0
47727,52.832664682188415,1,5,17.284258604228132,5,0.41386311179084506,0,0.0,0
47728,54.22769131185943,2,3,3.8819027560764248,7,1.0004634564798511,0,0.0,0
47729,81.44031538444676,4,4,20.001022843213804,7,1.0000045663151265,0,0.0,0
47730,50.93333407223178,5,1,18.781549620300886,7,0.6043425247038924,0,0.0,0
47731,70.72753356650007,3,3,16.279232744780746,1,0.9999782139103319,0,0.0,0
47732,22.283648435909768,4,1,17.358941202572,5,0.3775272854689285,0,0.0,0
47733,41.11483022588503,4,3,0.0,4,0.0,0,0.0,0
47734,45.94886604776235,2,1,20.00127893647165,0,0.5559933113790896,0,0.0,0
47735,54.28437169042118,3,3,10.379048093850946,3,1.0001833393966002,0,0.0,0
47736,56.71470907795152,3,3,9.30503210061548,2,0.48744627874814017,0,0.0,0
47737,40.7340342740572,4,3,20.854984733517938,4,0.3658168676825853,0,0.0,0
47738,48.15998131964219,3,4,4.371545005994284,7,0.9140035214947789,0,0.0,0
47739,39.355667717960856,3,3,12.737909690221317,1,0.9787978315190091,0,0.0,0
47740,37.586613177913975,4,5,3.4272113647818765,5,0.5966508957826547,0,0.0,0
47741,58.51945235567909,4,0,19.995998879228715,1,0.9998278203706271,0,0.0,0
47742,20.116181451935056,5,6,12.793867895524361,1,0.6987153163731805,0,0.0,0
47743,33.329325740220966,3,1,12.490327167853364,2,0.20146507472630437,0,0.0,0
47744,41.833616303014765,3,1,9.884329130955823,6,0.49738979499942737,0,0.0,0
47745,40.50840364703135,3,3,9.869656619189838,5,0.999889567458322,0,0.0,0
47746,32.53430014030281,5,1,13.83888054128801,7,0.4504032467143618,0,0.0,0
47747,51.149889946293,5,6,0.16902499944281502,7,1.0001032206764764,0,0.0,0
47748,32.28787640938219,4,2,8.903710873577404,7,1.0001940720138247,0,0.0,0
47749,50.381714729387085,5,4,6.301267308371897,7,1.000198035544715,0,0.0,0
47750,22.9698422258103,4,6,10.973358328101583,6,0.3520525210467568,0,0.0,0
47751,40.8176910399133,3,6,13.960782213841384,7,0.5566772158707864,0,0.0,0
47752,28.85368515961524,4,2,6.344667975627847,3,0.6137257909764197,0,0.0,0
47753,19.97369326269406,2,6,12.566547731733262,3,0.30254853332925724,0,0.0,0
47754,48.024689464309205,3,2,15.774566566596297,1,0.9996382700252966,0,0.0,0
47755,18.573142562791297,2,6,16.773242837722194,3,0.33951669336338847,0,0.0,0
47756,43.998222444602675,4,3,5.675214299556487,3,0.3438725140390949,0,0.0,0
47757,46.277085425207126,2,6,20.25173861683541,1,0.9678062894228743,0,0.0,0
47758,36.48279246985788,3,1,16.539620490247728,2,0.2910338065570013,0,0.0,0
47759,57.66103761183485,2,1,8.712613769455572,7,0.9999831921998721,0,0.0,0
47760,27.35538273061276,4,5,2.8669282643658835,4,0.442014410952415,1,88090.31630538689,1
47761,33.53764881667337,3,7,4.603382151776119,5,0.9248833515056625,0,0.0,0
47762,26.16755999824973,2,6,14.542380952236567,3,0.6311816930071329,0,0.0,0
47763,24.61332911730658,3,6,10.247518126902568,3,0.6516809510599777,0,0.0,0
47764,46.45709903013553,3,1,13.780426107144285,3,0.03765523856774833,0,0.0,0
47765,67.00613877741623,4,3,11.590894059753861,1,0.5033816909488166,0,0.0,0
47766,32.601974370250794,4,6,17.4643545769265,2,0.773757199367066,0,0.0,0
47767,56.65811058180949,5,3,14.52105049257612,7,1.0000252066099453,0,0.0,0
47768,42.84950619637515,3,3,24.10821467413097,6,0.9993742916539973,0,0.0,0
47769,52.76415258321259,2,1,20.652815241707817,7,0.09455915281167804,0,0.0,0
47770,61.01326597391546,3,1,16.338044846131435,7,1.0004953163668808,0,0.0,0
47771,64.47345154180749,1,4,24.20096772195125,5,0.5711007541914699,0,0.0,0
47772,42.58442284170932,3,1,5.580872931343843,7,1.0000007730389284,0,0.0,0
47773,43.47697364378862,3,5,4.7704403434494065,7,0.9999221077444465,0,0.0,0
47774,29.43185220126989,3,3,0.0,7,1.0002554535967534,0,0.0,0
47775,49.57547882788189,3,5,14.440019392117147,2,0.5046957682848299,0,0.0,0
47776,48.29932611067962,4,3,18.966939578657666,1,0.49799606587582723,0,0.0,0
47777,53.81362836625017,3,4,7.515317227317626,7,0.4891548531670446,0,0.0,0
47778,22.983842688403023,4,6,0.6122769105177461,4,0.41093660723586306,0,0.0,0
47779,44.26118900193949,2,3,9.26080665484119,5,0.49875001678996883,0,0.0,0
47780,45.144706281222945,5,6,9.255289392270353,6,0.2562904412705638,0,0.0,0
47781,51.39790440546301,3,6,20.446470533775333,7,1.000265275989164,0,0.0,0
47782,43.415127462070124,2,1,18.197972133837542,6,0.7327852496499755,0,0.0,0
47783,42.4004514440753,2,3,14.408193614014655,7,0.9998804273511734,0,0.0,0
47784,26.977371039788537,4,1,6.637154334120657,2,0.4973223679539996,0,0.0,0
47785,44.7940584129475,1,4,10.727668361461014,2,0.3753210763103649,0,0.0,0
47786,43.45895784390161,2,6,6.6878054634737705,7,1.000222863813803,0,0.0,0
47787,37.94840174331837,4,3,9.546494582447638,3,0.5020349058894642,0,0.0,0
47788,47.93673081037409,4,6,5.785696236046177,7,0.36752327497543164,0,0.0,0
47789,55.01941827907801,3,4,5.496589620262391,3,1.0003471128945853,0,0.0,0
47790,47.367504053831524,3,1,2.363154454549539,5,0.5276764753716099,0,0.0,0
47791,40.01481774982905,4,3,9.403986385138472,0,0.9826345281028712,0,0.0,0
47792,64.94888344795937,3,3,11.509750389125374,3,0.9998908596174902,0,0.0,0
47793,33.876336282361024,3,3,5.036596592221878,3,0.9999513333981748,0,0.0,0
47794,58.81499217207254,2,6,9.406373293373077,5,0.5397367573120263,0,0.0,0
47795,44.53919143510888,4,2,11.143766918646564,1,0.9998180628997393,0,0.0,0
47796,51.42234200726181,2,2,0.8898123128794655,5,0.7972649957086868,0,0.0,0
47797,39.934393123437495,0,6,19.996907701662508,1,0.3567430077800768,0,0.0,0
47798,41.6768170001585,2,4,19.68868704121865,1,0.9460061304145898,0,0.0,0
47799,27.490596393009355,3,7,0.4124022999876331,2,0.5189484025666419,0,0.0,0
47800,49.05606206194407,3,6,5.699287480675506,7,0.9998783485061074,0,0.0,0
47801,56.29509142525641,2,3,14.080680645319445,7,1.0000314399346508,0,0.0,0
47802,18.777132372835464,1,5,3.0570488074273996,5,0.3087269522248766,0,0.0,0
47803,29.03884359668279,1,6,10.393864756247696,1,0.6852967550230286,0,0.0,0
47804,45.34128324480306,4,2,16.374011703622106,6,0.4175843081860176,0,0.0,0
47805,29.989603479014587,3,3,5.905252666887641,5,1.00020282857628,0,0.0,0
47806,52.00912113828326,2,4,14.96464911398446,7,1.0000361206407402,0,0.0,0
47807,45.74113019405063,1,1,3.2596746681880697,7,0.5061969401824702,0,0.0,0
47808,31.816272629887195,3,6,0.11291051804972874,1,0.9997483921602236,0,0.0,0
47809,45.39394990093815,2,3,1.7758845917038002,4,0.0,0,0.0,0
47810,32.06029507986469,0,1,14.593727139782967,2,0.3880499119327301,0,0.0,0
47811,61.237635445837995,4,5,8.158328030994225,7,0.17473666921948305,1,1663.603745803669,1
47812,21.199390574850067,2,7,0.0,6,0.0,0,0.0,0
47813,16.8177032754788,2,1,4.2099465114438095,7,0.5480286659759749,0,0.0,0
47814,42.7671325610375,1,3,19.997814592652162,1,0.9997174654799836,0,0.0,0
47815,29.622911158822898,6,2,8.087716972900894,1,0.770779156204328,0,0.0,0
47816,67.72322848794222,3,3,12.790049144727673,5,0.9997015553248283,0,0.0,0
47817,37.60648881650711,1,3,8.396009196392551,6,0.5107769534798996,0,0.0,0
47818,71.26096644226595,2,4,13.391760956745113,3,0.18141669530274784,0,0.0,0
47819,28.760461849920286,4,6,18.256411196373755,5,1.0001798496705379,0,0.0,0
47820,25.72611658768954,0,6,11.55836208358368,3,0.5087864013330088,0,0.0,0
47821,46.4421270326294,2,3,0.0,2,0.99997589492428,0,0.0,0
47822,28.847847928953456,2,4,4.200152236158755,7,1.0004954612860781,0,0.0,0
47823,50.73844770823844,3,2,9.553991645025132,6,0.5087791222227929,0,0.0,0
47824,52.72510180576991,3,6,9.86512852414008,1,0.25133012168627,0,0.0,0
47825,41.541707330698564,4,3,8.839931411566125,0,0.1321994845753086,0,0.0,0
47826,58.838510287642066,1,2,13.313993150904665,7,0.7482379309832043,0,0.0,0
47827,62.61965682513731,3,4,14.294978592121495,1,1.0001850850864686,0,0.0,0
47828,40.36994682993879,2,6,3.6839381924719197,4,0.0,0,0.0,0
47829,33.61209414056168,3,3,19.73575502079752,7,1.0001816511270667,0,0.0,0
47830,65.40126012502007,3,5,21.56992937850929,5,0.9997866111633562,0,0.0,0
47831,59.057317365743074,1,6,8.229570841125192,6,0.39793958047837424,0,0.0,0
47832,41.626456496070105,3,1,9.116158689984374,4,0.4665991056315729,0,0.0,0
47833,41.06801462523373,1,1,5.722673373397561,6,0.5357612058345569,0,0.0,0
47834,28.142043866753987,4,6,12.554582811221529,7,0.6176554422780319,0,0.0,0
47835,36.137744754092985,5,1,6.527943597910644,7,0.554739070841527,0,0.0,0
47836,46.18029153924214,3,4,11.821449636356931,7,0.9735280824500925,0,0.0,0
47837,25.81026489430819,1,1,11.304990650529072,2,0.9567589105367376,0,0.0,0
47838,22.321849020343567,4,6,20.335990128503475,7,0.9995069819349625,0,0.0,0
47839,44.6724013408386,6,4,21.00633569580316,1,0.0,0,0.0,0
47840,44.52029369796729,1,3,6.621188920237723,0,0.9999293983606968,0,0.0,0
47841,80.68501714087537,1,3,0.0,4,0.05630534060197001,0,0.0,0
47842,32.7925723259441,3,3,20.011007313114025,1,0.3286523733322379,0,0.0,0
47843,51.24309503082163,2,3,16.701614657428895,4,0.9998225535740863,0,0.0,0
47844,49.370544439890864,2,2,11.860295960574447,2,0.9473853707194474,0,0.0,0
47845,52.94850479678974,1,1,14.90226127729067,4,0.42259733638166685,0,0.0,0
47846,33.877898209342646,0,3,0.0,2,0.9996965797271213,0,0.0,0
47847,38.23114450450768,5,3,16.645882252227473,1,0.9993814265896148,0,0.0,0
47848,26.81895340090281,1,5,1.948537487740925,0,0.42288779008120486,0,0.0,0
47849,22.85904379057413,2,2,5.361445100680982,2,0.17764963232749054,0,0.0,0
47850,32.17948067869433,1,1,7.142713220323785,7,0.9996279054441003,0,0.0,0
47851,28.834782493924315,1,2,11.306759936505324,4,0.3895467573271866,0,0.0,0
47852,59.88633550597291,6,4,13.168657039157315,7,0.9183948776960964,0,0.0,0
47853,13.017501396929678,4,5,8.923794771077327,1,0.6962866127165678,0,0.0,0
47854,34.55421660164997,1,5,5.0936895821035675,1,0.9260105668101275,0,0.0,0
47855,33.96861197909101,3,5,5.513435195517185,1,0.8379509956713772,0,0.0,0
47856,42.80646517939329,3,1,18.312221486118073,7,0.9993701122716079,0,0.0,0
47857,69.32217403655501,3,4,1.2096642656784624,6,0.0,0,0.0,0
47858,57.637611299332576,3,2,9.221483064012245,2,0.07797695768265622,0,0.0,0
47859,44.04753839002445,3,5,1.6174789770086022,3,0.5048557808533951,0,0.0,0
47860,56.008576145679314,1,5,3.2474645448359007,1,0.2590997981894502,0,0.0,0
47861,58.76168156181378,3,4,10.937615044685005,3,0.655597516403829,0,0.0,0
47862,22.876490516156498,3,4,5.520246733188846,3,0.3388631547723928,0,0.0,0
47863,27.151302217532553,0,6,11.97835457513476,2,0.0,0,0.0,0
47864,45.61454207977229,3,5,16.551206016794126,2,1.0002106822842785,0,0.0,0
47865,35.182160681459884,3,3,6.6774313558194045,4,0.6497468434573805,0,0.0,0
47866,41.04915824440598,2,1,5.648965336645599,3,0.49973946944163194,0,0.0,0
47867,41.1761501335147,4,2,24.048677367493937,6,0.9803771274561903,0,0.0,0
47868,25.683481569955447,3,6,3.30257559600955,2,0.4606478466530941,0,0.0,0
47869,45.52487473717399,3,5,10.82520435614864,7,1.0000813729232958,0,0.0,0
47870,40.32683834565167,1,3,1.7801780122130033,1,0.9383157947706808,0,0.0,0
47871,22.02774581958561,4,6,13.057688496422271,2,0.7099080689465642,0,0.0,0
47872,36.513346580022855,3,3,17.93801396434467,3,0.9996965942401392,0,0.0,0
47873,65.2235312901351,3,4,20.002697166756423,1,1.0931526105524967,0,0.0,0
47874,56.65578282546941,2,4,20.924098592457025,7,0.9924463536363097,0,0.0,0
47875,36.30975079103679,2,2,2.6492484774656884,6,1.0002641617393393,0,0.0,0
47876,59.107154635184635,4,3,6.1884695120987345,7,1.000066260554254,0,0.0,0
47877,31.11461030263081,2,7,1.6351808642734103,5,0.0006067284666531059,0,0.0,0
47878,57.428227840662004,4,1,8.796309320931066,4,0.49813870453547904,0,0.0,0
47879,45.444349406923095,3,1,20.002365356987234,3,0.607391468921599,0,0.0,0
47880,23.61162687762292,5,3,8.995977112487697,5,0.7198298948138028,0,0.0,0
47881,62.15087263620292,3,1,9.348121358400999,4,0.9995609753654038,0,0.0,0
47882,23.542004632216447,1,7,2.529741954995007,7,0.19833913424097754,0,0.0,0
47883,35.47174744355854,2,3,16.072295088662795,3,0.4380386009583138,0,0.0,0
47884,33.426328544290676,1,2,0.0,7,1.0004568263921225,0,0.0,0
47885,46.433364095915266,5,3,12.143206851645536,4,0.38657376888050193,0,0.0,0
47886,26.67160245589422,5,6,6.4416120458753765,3,0.9996745589507355,0,0.0,0
47887,35.44022531413458,3,5,2.436077588110269,2,0.04869503591421409,0,0.0,0
47888,57.86624516960356,4,6,9.310383593423447,1,0.2801264773682946,0,0.0,0
47889,37.00439185504374,1,3,0.0,4,0.9997971586697008,0,0.0,0
47890,50.399541984537066,3,2,8.837397985773663,4,0.09800472921695669,0,0.0,0
47891,34.5540866005599,4,4,20.008678119380264,1,1.0008161051659896,0,0.0,0
47892,44.21958079320044,3,1,0.0,3,0.4942673483703781,0,0.0,0
47893,54.48010516182167,2,6,5.188510107317292,7,0.7967378739132505,0,0.0,0
47894,56.17099599724849,4,6,15.152242235366622,6,0.742496664882986,0,0.0,0
47895,57.024805495363594,2,6,9.363855464322537,2,0.31324426229667246,0,0.0,0
47896,42.020052013796594,3,5,11.192713400503814,7,0.39442576134722596,0,0.0,0
47897,49.03533601906019,3,1,7.410631186778083,7,0.9996496591777813,0,0.0,0
47898,31.571132373257747,3,1,12.217065498692918,7,0.9998551207606762,0,0.0,0
47899,52.01147142459847,1,3,6.006417635595863,3,0.7047335620731839,0,0.0,0
47900,29.383809308127926,5,4,3.238662072928621,4,0.3186650498168181,0,0.0,0
47901,49.050676323607426,5,3,19.04384013015526,7,1.0001364522061205,0,0.0,0
47902,32.21923257132717,5,3,12.96448950080228,3,0.16156597390368443,0,0.0,0
47903,60.794972961791,3,4,5.17860667914816,7,0.17406343746135178,0,0.0,0
47904,55.118785004596994,1,4,20.000856947233153,1,0.9996066840826513,0,0.0,0
47905,44.63589637929874,2,6,6.728241128341027,7,0.13023507439108928,0,0.0,0
47906,33.579074290147105,4,4,7.183737822034065,1,0.9461617549398057,0,0.0,0
47907,55.58900560325421,5,5,15.566455919800191,2,0.6938193891063393,0,0.0,0
47908,33.326935075939225,4,2,21.443561772137564,6,0.6202210717077099,0,0.0,0
47909,38.66386809182573,4,6,14.602691292946266,7,0.9999764617467227,0,0.0,0
47910,40.12478913318345,2,3,7.934746022732776,3,1.002856648489441,0,0.0,0
47911,57.00341949482811,1,4,20.52562751617924,1,0.9800537674018928,0,0.0,0
47912,78.61575425265795,2,1,12.649157880142909,4,0.5540425332898897,0,0.0,0
47913,40.257975518760915,4,2,18.41522385189812,6,0.961339227434159,0,0.0,0
47914,31.968270318580196,3,3,6.0724469668294585,0,1.000110645020849,0,0.0,0
47915,37.74749295115706,1,1,19.991229947324246,1,0.4603632770492705,0,0.0,0
47916,24.363899259975323,2,2,5.0502817923773256,2,0.36898117217398946,0,0.0,0
47917,27.337784642979027,5,3,13.929542950933984,2,1.000193590910449,0,0.0,0
47918,47.210223313393854,3,3,11.680822214788341,4,0.34942715779265127,0,0.0,0
47919,48.245599601619496,2,1,12.020890583255515,4,0.6071689752507484,0,0.0,0
47920,33.98245129373241,4,6,11.688257896483572,7,0.21708551276822424,0,0.0,0
47921,63.462857174093315,3,4,0.0,7,0.9609935681256165,0,0.0,0
47922,58.6052349478725,1,3,11.821378351241702,3,0.9996191076643968,0,0.0,0
47923,57.350345615061876,3,4,9.72907610531902,5,0.5801521001107085,0,0.0,0
47924,46.736982720156966,3,1,19.997019825606127,4,0.339878270476607,0,0.0,0
47925,38.684343643906644,2,4,19.986110036271626,7,0.0,0,0.0,0
47926,44.24707272949477,3,2,6.94399076762788,5,0.5750082143655723,0,0.0,0
47927,45.31493028982829,1,5,0.0,4,0.3475721059410306,0,0.0,0
47928,51.94614447330164,3,3,13.268791724921535,7,1.0004644562669618,0,0.0,0
47929,39.905982159478135,3,3,21.944753087771716,7,0.9993407602981631,0,0.0,0
47930,51.51861165874465,5,3,8.069013401984426,2,0.35556121088905757,0,0.0,0
47931,42.79514331061185,2,3,9.243276288167182,4,0.9998606006640479,0,0.0,0
47932,50.37175917824213,4,6,7.186182071948455,6,1.3364360726178315,0,0.0,0
47933,21.91099867892958,2,2,5.727046412747067,3,0.0,0,0.0,0
47934,35.7008501679301,3,1,5.031255468404275,4,0.3698649494185576,0,0.0,0
47935,46.299113939316115,3,1,0.0,7,1.0002810884063855,0,0.0,0
47936,55.30295084056568,4,1,6.727747710441202,6,0.9468971792659276,0,0.0,0
47937,65.96198860167813,3,1,5.27766100904586,7,0.465577818258578,0,0.0,0
47938,53.20095737948676,4,6,6.453075306481622,4,0.5415744034006962,0,0.0,0
47939,24.007360679420184,4,2,16.427839165159348,1,0.8470167956233202,0,0.0,0
47940,28.235437838898115,2,2,0.0,5,0.9555383195817826,0,0.0,0
47941,65.24575778387002,4,3,0.0,3,0.5003765493019318,0,0.0,0
47942,40.29150723620612,4,3,22.183691997905278,7,0.2236424734253954,0,0.0,0
47943,10.612222125191074,3,3,16.74807614132955,3,0.47714087663917704,0,0.0,0
47944,55.96425536335959,4,1,19.996999610596433,4,0.48507946545187725,0,0.0,0
47945,31.467157693269233,3,5,19.12875774465243,4,0.37256596400375075,1,11237.724832448152,1
47946,44.94011772879119,3,2,18.001810148527454,2,0.9998257167493023,0,0.0,0
47947,45.36063478086477,2,1,5.450280065570464,2,0.9193829281643793,0,0.0,0
47948,23.523506784738334,3,1,18.687045579687243,4,1.0001600602362146,0,0.0,0
47949,51.396126806520826,4,1,2.8132169444702804,4,0.060499060412382843,0,0.0,0
47950,43.91060426321107,3,6,9.901705653002578,2,0.9996255569104667,0,0.0,0
47951,54.54398598033689,1,2,16.030725807933216,6,0.28117661782985126,0,0.0,0
47952,50.836666383568904,3,5,4.068838834736312,7,1.0003109898495608,0,0.0,0
47953,47.35574726282769,3,4,15.574942446738293,0,0.5281606211978758,0,0.0,0
47954,43.65515252307923,4,4,19.987646750968263,1,1.047304685264762,0,0.0,0
47955,27.629068794305077,4,1,13.748474412113543,7,0.38174337147574106,0,0.0,0
47956,51.23592341182407,2,3,10.039804522236683,3,0.9994947704914385,0,0.0,0
47957,59.5246128031133,4,6,11.072952178711418,3,0.5041521226158684,0,0.0,0
47958,49.72930654525648,3,1,4.642089830163659,7,0.28745797252054583,0,0.0,0
47959,40.00522987204985,4,2,11.497162815511869,5,0.559364450089741,0,0.0,0
47960,41.394692179474404,3,1,19.99883598623046,3,0.6080919300849963,0,0.0,0
47961,41.637915259128,2,6,16.386815078811836,7,1.0001231671504112,0,0.0,0
47962,45.78121360867523,1,3,11.357302458054964,2,0.9998542408909712,0,0.0,0
47963,52.49309336834974,3,1,11.311176147828519,7,0.15770951109449594,0,0.0,0
47964,23.726632927235098,3,3,12.499137603804677,4,0.22138713278459193,0,0.0,0
47965,61.48880081060397,3,6,17.413080742583844,3,0.7041656369271293,0,0.0,0
47966,40.344655960263175,4,3,14.392052883045947,3,1.0002365360534426,0,0.0,0
47967,56.05826483155878,6,6,8.42881043271031,7,0.8371981486672655,0,0.0,0
47968,43.181006859647844,4,2,5.413447602706042,2,0.3975274239029217,0,0.0,0
47969,41.15034662844664,2,2,3.0408700804804383,7,0.27837304655365264,0,0.0,0
47970,23.82831306964704,3,6,3.826665865409855,2,0.3774234410589905,0,0.0,0
47971,23.777919504037243,3,2,9.619172821495296,3,0.07300349872022927,0,0.0,0
47972,39.62156077251953,7,1,12.622446548869043,7,0.9997302385829857,0,0.0,0
47973,18.964327260124232,1,4,14.93332625071463,5,0.5401769902497382,0,0.0,0
47974,55.13070072878921,1,1,2.0709759885134726,7,0.050150792791030074,0,0.0,0
47975,33.41443333192666,2,1,7.486340765681447,2,0.9998750944174717,0,0.0,0
47976,53.49557720107009,5,2,3.666905749539862,5,0.64855092541058,0,0.0,0
47977,35.53588236385671,2,6,10.9178524253241,2,0.5653120028708754,0,0.0,0
47978,38.24275814061199,2,3,3.999239481537413,2,0.0,0,0.0,0
47979,40.83860321058033,3,1,12.255835899477091,4,1.0003355484202978,0,0.0,0
47980,32.56587284911225,1,1,0.0,7,0.5944615836395623,0,0.0,0
47981,38.809451169013464,3,4,19.996184163505937,1,0.9998192332560789,0,0.0,0
47982,44.09557902214497,2,6,5.601861113517424,6,0.0,0,0.0,0
47983,35.84008878824582,3,4,10.390379315848373,1,0.9826764018232914,0,0.0,0
47984,41.83168429669089,2,6,7.898624998057688,7,1.0001442296338927,0,0.0,0
47985,53.03636902751556,3,1,13.894632004044556,6,1.0004984088305762,0,0.0,0
47986,64.7555948548362,2,3,2.7605768102253148,7,0.9176819336276645,0,0.0,0
47987,63.82753422325818,5,6,11.379272466363377,6,0.4479155254806608,0,0.0,0
47988,36.33916013294538,5,6,25.879688418939168,7,0.6393201082810915,0,0.0,0
47989,24.742177050444397,2,6,11.82756276992257,2,0.3244115200381158,0,0.0,0
47990,47.12017045215579,2,6,11.602093519936876,7,0.2595311581316323,0,0.0,0
47991,51.31196287755914,2,3,16.385106651577654,6,0.9449841300908275,0,0.0,0
47992,52.35251619621996,2,6,9.738751862412068,7,0.14116205305285212,0,0.0,0
47993,39.18153010829702,3,3,9.052906409783695,7,0.9995298419985239,0,0.0,0
47994,38.220069735036574,4,7,6.643540831591747,7,0.6073780837522711,0,0.0,0
47995,43.791209755641994,4,6,14.789503819797371,4,0.21755610674841147,0,0.0,0
47996,50.42561211086139,3,4,19.994456533052542,4,1.0000255700296132,0,0.0,0
47997,42.144799785936954,4,3,0.0,7,1.0004210059760268,0,0.0,0
47998,45.727323628125916,2,2,11.283206899432171,5,0.6453248825983825,0,0.0,0
47999,42.06995017241704,4,3,10.748315442086758,4,0.2158726177848891,0,0.0,0
48000,48.272844545103936,3,3,19.996988517977247,1,0.8634028126077129,0,0.0,0
48001,23.244986168642303,5,2,13.714012258348962,4,0.7396991274665465,0,0.0,0
48002,43.1288567357901,3,7,18.23546501683532,7,0.989224318013624,0,0.0,0
48003,28.377414611385312,3,1,2.907438246836197,4,0.42943615594340473,0,0.0,0
48004,43.14843330651815,4,5,0.0,7,0.7227021477534343,0,0.0,0
48005,53.0073745847434,2,1,0.29583433892216426,3,0.999739886563608,0,0.0,0
48006,38.96701421470712,2,3,16.37784194187122,7,0.618674924815616,0,0.0,0
48007,49.72187336286159,4,2,16.09111667147586,2,1.0027743709148833,0,0.0,0
48008,33.94124971505815,3,4,19.99706752371487,1,0.995836132654852,0,0.0,0
48009,27.53119094475276,3,0,1.6805696387947684,1,0.6323770515369496,0,0.0,0
48010,36.38129972057865,3,5,14.458921285859644,1,0.9999987978290217,0,0.0,0
48011,41.79228556580408,3,3,8.127419304583594,3,0.2982245177268881,0,0.0,0
48012,38.786701456103145,4,1,12.614287717578094,2,0.9996541394688891,0,0.0,0
48013,34.125355871922224,5,1,21.7269825900704,1,1.0001039665523805,0,0.0,0
48014,54.35697509174175,4,4,19.998563830243558,3,0.49915071461080757,0,0.0,0
48015,32.1849302812511,3,3,11.950956944115157,5,0.4966796849242768,0,0.0,0
48016,21.165344899985232,2,1,1.1846016572929905,3,0.9488561343137479,0,0.0,0
48017,40.693490812919705,3,1,16.785674205510986,1,0.907326844702403,0,0.0,0
48018,32.317138320224,3,5,0.0,1,0.7626990219935678,0,0.0,0
48019,23.755479441160496,3,3,11.617638178738908,4,0.9835633555799039,0,0.0,0
48020,28.93775520264885,3,3,11.979994797972799,4,0.9998076932705491,0,0.0,0
48021,27.260710073891666,5,3,11.674068382441229,1,0.19099353755268944,0,0.0,0
48022,57.96323201898629,3,4,4.454063354228919,1,0.2785365147710334,0,0.0,0
48023,51.55519644656039,4,3,12.808842872363595,3,0.6930941309293894,0,0.0,0
48024,38.26568539846415,4,2,1.2605637537560135,7,0.9997840783581662,0,0.0,0
48025,67.48758484073323,5,3,15.775890299733412,2,0.9854887587397965,0,0.0,0
48026,25.2577245479154,4,6,6.586256341751359,4,0.6475554724988332,0,0.0,0
48027,49.98853883624313,3,1,17.115931549476393,7,0.9999108283324559,0,0.0,0
48028,37.69613968717255,3,4,14.07083512764675,6,0.39865405228671613,0,0.0,0
48029,51.02585279539679,3,1,8.627156367988126,3,0.6042966479738658,0,0.0,0
48030,33.49625946089807,4,6,19.990541460960124,1,0.0,0,0.0,0
48031,61.617465214777525,3,5,17.0723389984116,3,0.9999561973837954,0,0.0,0
48032,30.589377777790567,2,2,13.066966219481271,1,0.41669970428788905,0,0.0,0
48033,52.18845527737113,6,6,10.468212181887756,7,1.0001663397625002,0,0.0,0
48034,29.541905576932354,1,2,15.073798672735188,2,0.06466147400976552,0,0.0,0
48035,44.21513642435733,2,2,8.367796863036922,7,0.9996320829424528,0,0.0,0
48036,47.08594729177309,4,3,7.219653140659829,7,0.5423769882963995,0,0.0,0
48037,50.390929131435854,5,3,0.4573545999100972,3,0.3446826157106965,0,0.0,0
48038,67.95551998209561,2,5,17.620639607275063,3,0.9771030148837919,0,0.0,0
48039,37.628756335809456,1,2,11.598139936518999,7,0.64670279227474,0,0.0,0
48040,68.15688224982566,1,1,10.547242074268972,5,1.0007438814225942,0,0.0,0
48041,31.211687299492432,4,6,12.674853141561059,1,0.9952676669516439,0,0.0,0
48042,27.18918012024738,3,5,15.711994668047609,2,0.9999166612369009,0,0.0,0
48043,48.70345126163609,3,4,11.083810032737086,7,0.7671625776451889,0,0.0,0
48044,24.560538842857373,3,1,21.906382273560588,3,0.9362184901675321,0,0.0,0
48045,45.07520923150809,2,2,6.609245506809585,6,0.6759479490810908,0,0.0,0
48046,37.91479807611112,4,3,15.139147131426931,4,0.9999021257695797,0,0.0,0
48047,45.051394225974605,5,4,20.001474373584166,1,0.8718460777972104,0,0.0,0
48048,57.31429047105145,2,2,0.0,7,0.9994481132989175,0,0.0,0
48049,35.84458077291613,4,4,12.749080135210225,6,0.7498472100051562,0,0.0,0
48050,56.352841199237716,3,4,20.02069112678211,1,0.8793468127159414,0,0.0,0
48051,57.3843030085708,4,1,20.001072572750186,0,0.3688130543343536,0,0.0,0
48052,38.10991996970419,1,2,8.932224443820296,7,1.0002080356894991,0,0.0,0
48053,65.88889709054024,2,5,22.673013007797792,7,1.0005959202015724,0,0.0,0
48054,49.46582843482991,2,1,6.737383446253058,4,1.0003886175971428,0,0.0,0
48055,56.461182554962534,2,4,3.5910367119888553,6,0.38234057113954345,0,0.0,0
48056,44.287220203356384,4,1,9.67153356055223,3,0.0,0,0.0,0
48057,68.21689334113753,3,6,19.971867339499433,4,0.7351231757110758,0,0.0,0
48058,43.75306675578729,6,6,0.0,3,0.2993842238600503,0,0.0,0
48059,46.068721254133145,4,3,8.169783003619361,2,0.0,0,0.0,0
48060,63.135494959399765,6,3,7.860651042112715,4,0.9895458356604633,0,0.0,0
48061,49.69172797467449,4,6,15.005374359245737,4,1.0001369262188335,0,0.0,0
48062,26.873723988928443,1,2,3.7375437617208336,5,0.31073105321669986,1,77272.08323973397,1
48063,47.17993569779192,4,1,19.349754083776034,7,0.9428673283749003,0,0.0,0
48064,33.624411046898295,4,6,13.377780382603227,1,1.0004407040146808,0,0.0,0
48065,31.614678459138048,3,6,10.029607770066075,7,0.9995691120239858,0,0.0,0
48066,34.227354966243205,3,3,14.276195390299954,4,0.9999893425688593,0,0.0,0
48067,36.69346500181274,4,2,0.0,7,1.0001474748871124,0,0.0,0
48068,19.670296512061427,1,5,15.472489087664279,1,0.9900792306967132,0,0.0,0
48069,43.43001924735332,3,3,10.728644624880161,1,0.6067102837749073,0,0.0,0
48070,37.72612824579327,3,6,18.90359840184462,4,0.7078113048294701,0,0.0,0
48071,34.109481789430134,6,2,7.541755356185698,7,0.8688758218678938,0,0.0,0
48072,61.99271726020601,1,1,7.251097578584705,3,0.4994860440964569,0,0.0,0
48073,47.7324381616231,3,4,9.272445847134343,7,1.0198789655196077,0,0.0,0
48074,53.29123585577915,5,3,5.7039016190053,2,0.9157097084542156,0,0.0,0
48075,40.6845373882471,3,2,9.847562910613721,7,1.0005586218069056,0,0.0,0
48076,47.25262403169991,2,4,20.003595855738247,7,0.7179166630489805,0,0.0,0
48077,18.852716009495254,2,4,6.743254563305462,7,0.2988629288661423,0,0.0,0
48078,29.0862211015288,3,6,4.107748336418972,1,0.9693240102363272,0,0.0,0
48079,63.09014944796838,3,2,7.944243147296881,7,1.0001457348893035,0,0.0,0
48080,49.341046884197674,3,3,4.328589384261012,2,0.9996613901342413,0,0.0,0
48081,45.202123921980444,3,6,3.4344249528787563,5,0.9999043367761109,0,0.0,0
48082,54.6130833548881,5,3,6.332352295545008,2,0.10467771835606987,0,0.0,0
48083,30.781424345237596,1,6,10.123792723123763,6,0.9391476060686945,0,0.0,0
48084,51.86056061308679,4,4,19.998982258635273,7,1.00076520488477,0,0.0,0
48085,28.065659558303356,1,1,19.999569659437753,4,0.2594449840956274,0,0.0,0
48086,29.485519141403593,3,3,15.273548248370574,7,0.2803485690486731,0,0.0,0
48087,30.327795924325244,3,1,19.99109805382043,0,0.5334376558959817,0,0.0,0
48088,44.751166796707636,4,1,15.731994107303203,4,0.9955716480070018,0,0.0,0
48089,47.824726065477726,3,3,3.061185875677067,2,0.6478461696994599,0,0.0,0
48090,65.7477018934429,2,1,10.950418018144248,3,1.0003346864391436,0,0.0,0
48091,21.854495044136236,3,6,7.14468938236932,3,0.4312391617705482,0,0.0,0
48092,55.01033425022541,5,4,20.636121600956407,3,1.0042782210093535,0,0.0,0
48093,47.39873940875921,3,6,17.816370359326477,3,0.6138449829752997,0,0.0,0
48094,43.395322831155426,3,7,6.06251644443892,8,0.3371230120882338,0,0.0,0
48095,36.13560723694366,5,1,2.0251436615232876,1,0.4576889902411622,0,0.0,0
48096,67.30097264550217,1,1,6.1773081875827085,3,0.9520512681811678,0,0.0,0
48097,45.34078334248533,3,5,9.089080446655592,1,0.3554739162651076,0,0.0,0
48098,51.52958962980745,1,3,9.820139323541717,4,1.0007290188755955,0,0.0,0
48099,49.247838735248315,3,3,6.450627825350094,2,1.0004712276360284,0,0.0,0
48100,26.941480413394736,4,1,4.096555838764147,4,0.4012731663001866,0,0.0,0
48101,29.000270669149735,4,3,10.263095996848651,5,0.9493814335131588,0,0.0,0
48102,35.803235575254185,6,1,14.79319081466333,4,1.0002053776496804,0,0.0,0
48103,23.63357017197079,4,6,5.968153878166065,6,0.5577201137977903,0,0.0,0
48104,46.74630921447195,3,1,6.430548804130651,7,0.9209301999994035,0,0.0,0
48105,29.46478657116811,3,4,17.904620582333912,3,0.8421094824463592,0,0.0,0
48106,46.70239394273486,2,4,3.0032664739373374,0,0.7762192047693512,0,0.0,0
48107,23.473951282167064,1,2,4.013674770887372,7,0.9994308177437458,0,0.0,0
48108,46.79265596655226,3,4,12.23060948301259,5,0.7660930592711791,0,0.0,0
48109,51.18396112110286,3,2,14.328903842258983,6,1.0004818334639711,0,0.0,0
48110,73.51894962505371,2,6,17.5478090285707,7,1.0000942390969203,0,0.0,0
48111,74.45150496291149,5,6,15.000462436985874,7,0.6545971982841816,0,0.0,0
48112,55.147314553481955,2,2,8.196092019544754,5,0.39374586578337817,0,0.0,0
48113,52.163486745146415,2,3,19.99486681802633,7,0.9519717244080679,0,0.0,0
48114,24.094287198684356,4,2,3.923913705520679,2,0.9487851250405068,0,0.0,0
48115,44.97949893209985,1,4,17.757401782249797,1,0.9570862240890812,0,0.0,0
48116,38.24012926370622,3,3,13.176016888432436,1,0.49641492611847576,0,0.0,0
48117,22.411913722894703,6,5,17.65368233406705,1,0.0,0,0.0,0
48118,40.97379489721966,2,2,18.391805360077203,4,0.8080387597203292,0,0.0,0
48119,55.14900352247554,4,6,6.474939374264366,2,0.4722306703521414,0,0.0,0
48120,12.478430253397352,3,6,6.898427562844545,7,1.0002348326284702,0,0.0,0
48121,16.1782482920856,4,2,17.11467002562668,1,0.5895857791564093,0,0.0,0
48122,34.56811385630831,3,1,3.7597192715728722,3,0.9999880450685036,0,0.0,0
48123,51.18071669732632,3,3,20.005684000432446,2,0.0,0,0.0,0
48124,34.97635707260689,4,3,0.0,7,0.999939829550605,0,0.0,0
48125,46.06111623469593,2,6,8.881476211143804,7,0.9994333371882095,0,0.0,0
48126,58.593530224041345,0,6,14.48662057013035,7,0.8310504905474762,0,0.0,0
48127,44.50632193357265,2,1,8.60917184004763,2,1.0004138430631098,0,0.0,0
48128,45.10414488647882,3,1,19.99375469998796,4,0.9539484187989026,0,0.0,0
48129,33.31978803072576,3,3,15.977366346395126,2,1.0001375065883094,0,0.0,0
48130,59.548324728648446,3,4,12.7275348531506,5,0.9994437065822481,0,0.0,0
48131,52.893699169596516,3,2,13.367603617001581,5,0.9999334631633547,0,0.0,0
48132,31.538757367633018,3,1,6.854054558700393,5,0.6928718755852031,0,0.0,0
48133,36.47439419578864,1,6,12.467660653841499,5,0.4718912004269487,0,0.0,0
48134,45.30779876716586,5,6,14.532023806684755,7,0.9997197291522434,0,0.0,0
48135,48.26961248886317,1,3,10.670309231545142,4,1.0004625543128902,0,0.0,0
48136,40.4265558395886,1,3,21.360590811188615,4,0.42073250688495717,0,0.0,0
48137,32.49336161321631,1,3,14.68425758799651,7,0.931351867077327,0,0.0,0
48138,44.641117365633306,0,3,7.442616162320045,2,1.0000976156040526,0,0.0,0
48139,33.497821741865984,2,4,9.312225357247977,3,0.3554912801962419,0,0.0,0
48140,51.582152074039136,1,3,23.279881265632014,7,0.9103453160518424,0,0.0,0
48141,43.243799511311366,2,3,10.827141754746236,7,1.0001501568801485,0,0.0,0
48142,27.872230197084416,4,5,2.382741878387014,2,1.0003448489698523,0,0.0,0
48143,31.875942655176523,1,6,15.970782183142209,0,0.14579257463493167,0,0.0,0
48144,36.77482684970824,1,1,13.94987734186787,5,1.0000031257620945,0,0.0,0
48145,59.794677534002005,7,1,13.89953003206634,7,0.9137378579252692,0,0.0,0
48146,55.852345235337054,1,4,20.009721544533747,1,0.9996362774773937,0,0.0,0
48147,45.00112745475123,2,5,14.009963100077455,2,0.4665939643091489,0,0.0,0
48148,29.024545064904714,5,6,15.405566441797951,3,0.0,0,0.0,0
48149,31.007986512976107,2,7,14.994573894305717,2,0.8101415709188535,0,0.0,0
48150,38.241374693300756,4,6,14.180731069204043,1,1.0216230032678648,0,0.0,0
48151,54.086209694082484,2,3,0.0,4,0.5031428845944806,0,0.0,0
48152,24.613444408363197,5,6,3.6548398236555153,3,0.6658372708897266,0,0.0,0
48153,53.91602219713177,4,1,1.9040775053754633,5,0.7206088379666923,0,0.0,0
48154,39.02225991240477,3,1,11.01734074134194,3,0.9595469739441518,0,0.0,0
48155,54.90944250122142,1,0,10.331422385193854,6,0.5142072230540518,0,0.0,0
48156,37.70603228793992,3,4,20.00043156550756,1,0.9992890925843974,0,0.0,0
48157,26.752147818687142,2,1,19.98469556559482,0,0.49841250660263614,0,0.0,0
48158,53.46354168954106,1,6,11.51271209522695,7,1.0002176804813148,0,0.0,0
48159,50.6833684676637,5,2,11.525444173934723,1,0.7941591952267064,0,0.0,0
48160,57.99026329176505,3,1,18.131229671836635,7,1.0001530132640166,0,0.0,0
48161,24.816934275746565,4,2,13.457720755676185,3,0.982221383355103,0,0.0,0
48162,12.754055089669727,2,2,7.441489210321012,1,0.7577176258709014,0,0.0,0
48163,51.933477003089976,4,6,13.630799797643004,3,0.0,0,0.0,0
48164,41.03673554847752,3,3,18.46714067389399,3,0.9999844481756319,0,0.0,0
48165,11.808834906102767,6,4,6.217519225559048,6,0.0,0,0.0,0
48166,48.553785548697505,1,3,14.758922584810442,3,0.6541452422084059,0,0.0,0
48167,53.16945732989566,1,4,0.10926505482741256,1,0.12442818023725233,0,0.0,0
48168,37.02612661778216,1,3,4.480279534140817,4,0.27892028449005035,0,0.0,0
48169,48.160209955839925,3,3,0.0,2,0.45968995024562387,0,0.0,0
48170,47.863169820088984,1,1,0.7916623848395776,7,0.9997626998310205,0,0.0,0
48171,44.97794416572698,4,6,5.401915029804612,6,0.2298986481543805,0,0.0,0
48172,41.27887517164392,2,4,13.216546646741902,6,0.4126574606262702,0,0.0,0
48173,41.974286481206285,4,3,12.554458057348542,6,0.41956557535459676,0,0.0,0
48174,56.25446019914249,3,1,6.419869918841506,5,0.9568609601065285,0,0.0,0
48175,29.500580998814655,4,6,13.132284194182457,7,0.7112913983107645,0,0.0,0
48176,28.383236488096376,2,1,12.880403889762036,7,0.24147421372435113,0,0.0,0
48177,46.68116679961117,4,2,14.375503151406546,1,0.24743404903524469,0,0.0,0
48178,25.450802819558376,4,4,4.688872714395108,4,0.5154636065426663,0,0.0,0
48179,30.76290772089815,4,2,10.452715899472649,3,0.38343651725193056,0,0.0,0
48180,53.35859566150765,4,3,0.9031524029448743,5,0.41612854606814087,0,0.0,0
48181,32.91824635483114,3,4,20.00421151305587,1,0.5561627177672968,0,0.0,0
48182,41.772261818537004,2,4,16.814407833261757,4,0.07817619823526789,0,0.0,0
48183,25.690058928944467,3,1,10.037439411086208,1,0.2952343143148446,0,0.0,0
48184,59.03489458694021,4,3,7.031615289344665,6,0.5006082060483337,0,0.0,0
48185,49.186478678798686,3,1,19.7984891466429,2,1.0007910340222153,0,0.0,0
48186,61.32767491758872,4,3,8.358518243212865,4,1.0002027811786034,0,0.0,0
48187,45.883716685949196,4,6,20.57867191060421,4,0.36246643689696423,0,0.0,0
48188,15.889738961673153,2,4,10.804724385488605,5,0.10653657275880346,0,0.0,0
48189,33.314989501782016,2,1,4.5159560534644525,4,0.5618116686653372,0,0.0,0
48190,28.703609153298274,2,6,12.919396187376428,7,0.8019926531760215,0,0.0,0
48191,55.16082570893911,1,4,5.931406626003937,7,0.0,0,0.0,0
48192,18.566303125453906,3,1,13.355689852600378,2,0.08483089170181735,0,0.0,0
48193,38.52634509961543,3,2,20.534927342175436,1,0.9994147063028715,0,0.0,0
48194,34.58320491566725,3,4,20.004483474130872,1,0.999896503453578,0,0.0,0
48195,35.3682497873829,8,3,5.788905603828437,7,0.5622971620274609,0,0.0,0
48196,57.3946894760008,4,1,1.512595190394416,5,0.0,0,0.0,0
48197,70.50896817627667,4,3,4.636371271346674,3,0.0,0,0.0,0
48198,28.582923771113393,3,6,16.326594427370093,1,0.9349081527637791,0,0.0,0
48199,39.608752993674194,2,6,12.901979745591863,2,0.0,0,0.0,0
48200,30.500847194073614,3,4,6.2239272373869685,4,1.249268140014992,0,0.0,0
48201,42.27887082780402,3,3,0.0,4,0.4976972719252361,0,0.0,0
48202,26.43937480651433,4,2,10.086733029396305,4,0.5660905996568844,0,0.0,0
48203,43.92741416859951,1,2,16.559177772788154,6,0.5018604228191691,0,0.0,0
48204,18.399206213943188,3,4,8.381167832509815,4,0.4924292946568598,0,0.0,0
48205,42.86088988765754,3,0,19.593047824584556,1,0.9998732120985278,0,0.0,0
48206,30.593012758702,3,3,3.7847682832560006,3,0.9457668639935799,0,0.0,0
48207,48.70187238551439,5,3,9.96204642249362,4,1.000594792668838,0,0.0,0
48208,39.95598896957553,2,4,19.999736358586723,1,0.2945207346021435,0,0.0,0
48209,56.64010341985549,3,1,17.92227228740044,5,0.9998154964178527,0,0.0,0
48210,33.38380117610866,5,3,11.005372182881548,4,0.4993541871993683,0,0.0,0
48211,60.5341777310699,4,3,0.0,5,0.19310976858364715,0,0.0,0
48212,44.55871889668852,2,2,16.43089032465824,7,1.0000308671672993,0,0.0,0
48213,28.93370934745425,2,7,6.799491126272568,3,0.05111469620515896,0,0.0,0
48214,33.963945974391436,2,2,11.980727367404919,7,0.977257831558819,0,0.0,0
48215,51.69132221076584,5,3,4.580956738255867,7,0.9995635819385928,0,0.0,0
48216,48.723316410882795,3,2,19.145486903475497,7,1.0315439772503576,0,0.0,0
48217,48.83073093539087,3,2,2.2929271360189905,7,0.9997579565868698,0,0.0,0
48218,49.92057746776353,3,1,18.700288449212653,7,0.9992772208097775,0,0.0,0
48219,28.44823389709738,3,2,10.613693457815145,3,0.6584536356269681,0,0.0,0
48220,45.183385018780506,4,6,12.28217682663184,3,1.000018394931644,0,0.0,0
48221,45.10349178183389,3,3,24.952950712566015,7,0.9938930590109463,0,0.0,0
48222,48.37781784706992,3,3,6.600551401673777,3,0.31801789494134747,0,0.0,0
48223,43.450081451574256,2,3,14.656741362411205,4,0.717502558070116,0,0.0,0
48224,35.21265497277057,4,3,19.98634531928712,1,0.6584731876738164,0,0.0,0
48225,44.950544060366425,3,2,17.535043452677115,3,0.9994515957746568,0,0.0,0
48226,35.809599886793436,3,3,10.371022215817657,2,0.26997071522757815,0,0.0,0
48227,31.113517726377435,2,6,5.885681232126908,7,0.4589931815715725,0,0.0,0
48228,49.70581263447852,2,6,1.8064442549899677,7,0.8497900848508227,0,0.0,0
48229,39.5083070823111,3,1,16.527614079346996,7,0.9995956406744704,0,0.0,0
48230,44.3440351598255,4,5,9.043109909952062,7,0.739781688173424,0,0.0,0
48231,17.101820878843963,5,4,2.333366370724244,1,0.44997495979523644,0,0.0,0
48232,40.75263913228786,3,1,20.007199166075267,2,0.5136072239832888,0,0.0,0
48233,31.866392882674674,1,2,5.4112607158476305,6,0.7521110714822428,0,0.0,0
48234,59.98747729815274,5,6,12.712023967131527,6,1.0001828773286197,0,0.0,0
48235,23.594314415375514,0,6,2.451018030607303,3,0.16131607230491884,0,0.0,0
48236,49.52835884456703,4,5,14.623354247242544,3,0.9248971394156658,0,0.0,0
48237,73.48398005152053,3,2,10.865988606649381,6,0.46619410834597225,0,0.0,0
48238,39.25716403058925,3,3,16.131257211565067,7,0.34248155525853574,0,0.0,0
48239,50.85151305489707,5,4,7.476123893044569,3,0.8264183826164104,0,0.0,0
48240,56.1440689434296,2,3,14.00539678544478,4,0.9994687636170696,0,0.0,0
48241,54.329191547192714,0,1,8.006982176711647,7,1.0001482717442338,0,0.0,0
48242,45.486512384325884,2,2,7.428579061604032,7,0.9998593028947689,0,0.0,0
48243,21.127678873112387,1,6,9.553690549282635,7,0.16659237729763476,0,0.0,0
48244,31.79860988700637,3,2,9.543918479238624,1,0.9994672432365024,0,0.0,0
48245,39.23278616952962,3,2,12.590521129888964,4,1.0002208432105433,0,0.0,0
48246,70.90063778531463,2,3,23.390054696169052,7,1.0001312333968875,0,0.0,0
48247,38.095949575694014,3,1,6.2477723660350035,0,0.1348915106780162,0,0.0,0
48248,45.17522594816824,4,4,23.891501012021077,6,0.2003136017725079,0,0.0,0
48249,43.029310026606666,2,3,14.544378935141093,7,0.9999854933095531,0,0.0,0
48250,21.802948202362014,3,4,15.276025655596749,4,0.5306125504840918,0,0.0,0
48251,17.385294755118938,2,1,6.6670576434414,2,0.28438586644131925,0,0.0,0
48252,31.667738638216548,4,8,13.375756330582963,7,0.3630198564661272,0,0.0,0
48253,17.638433123159164,1,6,15.390135128965344,7,0.5384421263780308,0,0.0,0
48254,26.786244441394636,4,2,4.755784675799562,7,1.000455119289539,0,0.0,0
48255,48.35488678489609,4,2,2.204904171125193,7,0.9998243680764696,0,0.0,0
48256,15.244067667769393,4,3,6.259792030972061,1,0.5020134815976317,0,0.0,0
48257,45.56998020582358,3,1,17.754225633751872,2,0.9998744553555485,0,0.0,0
48258,26.231885771855854,2,5,8.867498437058586,2,0.9557429454769275,0,0.0,0
48259,25.267619488835166,3,6,18.653731534712062,7,0.02594628957420886,0,0.0,0
48260,28.977486043231394,2,2,9.767032063147477,5,0.3065140768325659,0,0.0,0
48261,36.467028403670334,4,3,0.0,7,0.9999226312553327,0,0.0,0
48262,52.52555718928235,4,6,6.744059875716959,3,0.34868240285237156,0,0.0,0
48263,77.03007427754892,2,1,15.843978854134956,6,0.0,0,0.0,0
48264,27.487072148001772,4,6,11.9704433150948,4,0.9263587750592477,0,0.0,0
48265,33.72876623719468,3,6,9.711779107695728,1,0.9419484875982935,0,0.0,0
48266,29.674440164417252,1,1,13.485739581737109,3,0.9999297806408621,0,0.0,0
48267,42.29884488688944,3,1,10.790431170379673,3,1.0004098348287693,0,0.0,0
48268,59.54922348840927,4,4,0.0,7,0.5443019076797597,0,0.0,0
48269,24.861791714257418,5,6,15.246085253665449,7,0.9996916497853054,0,0.0,0
48270,27.974952749142844,5,2,7.265487684497748,3,0.298780260841581,0,0.0,0
48271,48.024742576517085,1,1,11.419908919118892,3,0.9998410566060707,0,0.0,0
48272,62.340070001216304,3,2,6.589493275090769,7,1.0005452543529665,0,0.0,0
48273,17.796973835133553,3,4,6.042174426705254,3,0.9995748268980231,0,0.0,0
48274,51.3991969350115,1,4,8.503816266183543,7,0.999987854399864,0,0.0,0
48275,29.11569151197154,1,3,0.8016423273201365,3,0.999671290725483,0,0.0,0
48276,13.175225536443769,3,3,19.42232826392224,2,0.7478262601477076,0,0.0,0
48277,47.14575503253762,4,1,1.3450535768482368,2,0.0,0,0.0,0
48278,44.20476555640305,2,3,0.0,7,0.31011646228845346,0,0.0,0
48279,25.63658239911859,5,6,11.941652019635368,3,0.2347795223199286,0,0.0,0
48280,32.732450785757365,2,3,15.588817862013656,2,0.6644254273764236,0,0.0,0
48281,27.42384935884791,5,1,5.412519764502045,3,0.587535652559506,0,0.0,0
48282,35.064106619063146,3,2,9.864972990833031,5,1.0001290029249035,0,0.0,0
48283,45.317642995323965,2,5,6.234775090958655,2,0.9699918600515329,0,0.0,0
48284,58.24416682443534,3,6,20.628624112214528,7,1.0002483945825937,0,0.0,0
48285,35.387289493893626,3,3,19.997452453359234,2,0.3926715453554307,0,0.0,0
48286,55.169713317339124,3,3,1.0364754987682687,0,0.999828297749197,0,0.0,0
48287,30.210541861436965,4,6,6.006299297874777,7,0.6338486960539911,0,0.0,0
48288,37.13673340586961,4,1,4.2923661351771605,3,0.2589239291797713,0,0.0,0
48289,61.67705445083362,1,6,8.026965718722728,7,0.9998495940908808,0,0.0,0
48290,26.1311528728309,2,4,13.254141449163207,1,0.9726761150475299,0,0.0,0
48291,42.92755464685118,2,6,9.881229662647414,7,1.000174920040192,0,0.0,0
48292,35.988789133249234,1,6,8.848713571066831,7,0.9996786050286075,0,0.0,0
48293,39.00804113618944,4,6,19.67384492027339,1,1.0022610381784511,0,0.0,0
48294,34.32534340084125,4,5,10.14783865614595,1,0.8688849677299728,0,0.0,0
48295,39.53363515697921,4,4,8.169805727592582,7,0.9633729696348057,0,0.0,0
48296,45.04895800661436,3,5,3.954502809280566,2,0.6066382584571813,0,0.0,0
48297,71.70022890421087,2,6,13.618223895068652,7,0.6998597373316107,0,0.0,0
48298,65.41465702149863,3,3,12.778400112284102,5,1.0003132040551028,0,0.0,0
48299,48.08415894704461,3,3,12.628862378098054,4,0.6407000585536191,0,0.0,0
48300,45.83879232354209,3,2,8.740174097679859,5,0.2517709320106623,0,0.0,0
48301,47.739989584248086,2,1,8.6320074359455,3,0.49945588588512546,0,0.0,0
48302,46.37192571916042,4,3,4.35587176989275,3,0.1614850640035429,0,0.0,0
48303,39.34062567257724,1,6,11.347732819912878,7,0.9998741136436586,0,0.0,0
48304,25.243610298573593,6,2,5.40288859604128,2,0.1858595516297803,0,0.0,0
48305,46.73184607263961,3,1,17.68737230330469,3,0.82237688348777,0,0.0,0
48306,42.984069831500165,3,2,17.563091709842684,6,0.9473755126358703,0,0.0,0
48307,55.657249702314346,4,4,6.987507999462478,1,0.9789172247936964,0,0.0,0
48308,33.61623986057917,2,4,2.992053579431449,1,0.7949789833974079,0,0.0,0
48309,15.687081718505087,4,2,5.923712574472982,1,0.07404466991406844,0,0.0,0
48310,61.556365307076945,1,6,16.68906710693777,7,0.9999912481111631,0,0.0,0
48311,54.70882245217163,3,6,9.223851873002499,7,1.1401276789552466,0,0.0,0
48312,37.06879140421621,3,1,6.025325669102891,7,0.9998726702556006,0,0.0,0
48313,29.505735218194644,4,1,5.697434559293663,6,0.44641080412524103,0,0.0,0
48314,67.97569176932646,2,6,16.98719713797154,4,0.515392119689685,0,0.0,0
48315,42.660709252019515,4,6,0.0,4,0.134522561548854,0,0.0,0
48316,48.389138578289675,4,2,9.995800926290014,1,0.0,0,0.0,0
48317,42.84199161406326,5,6,14.720735680111673,6,0.9111446709385179,0,0.0,0
48318,40.95613951625122,2,3,2.8878458700210956,1,0.25722580181803856,0,0.0,0
48319,49.575116998972895,3,4,2.102132312521192,6,0.9327595537255993,1,18214.773922713546,1
48320,36.96382899296873,5,1,0.0,7,0.8561167290489735,0,0.0,0
48321,47.42965786013634,3,6,14.97576766914031,7,0.49953150650574724,0,0.0,0
48322,29.623178232241173,2,6,8.692893368091157,2,0.8399389037963226,0,0.0,0
48323,54.83844455328834,1,1,9.219774012261828,2,0.9399685867642553,0,0.0,0
48324,51.570695349276455,3,4,20.000886340102927,1,0.9999286103778507,0,0.0,0
48325,47.01817827009207,4,2,12.718898220310958,1,0.04688816018449804,0,0.0,0
48326,58.25802066510369,1,3,5.659542349480845,0,0.9996897770259106,0,0.0,0
48327,57.02793817740049,1,4,19.997397491906966,1,0.5329690036599175,0,0.0,0
48328,58.99700092254338,4,6,8.044574781560842,7,0.5888310903954063,0,0.0,0
48329,54.07492101238171,4,6,8.844230395997764,4,0.9998889224760649,0,0.0,0
48330,21.85527446226119,5,2,6.09165118668092,3,0.22740018215890073,0,0.0,0
48331,41.88222312497754,2,6,9.114136365577771,6,0.08387900304964002,0,0.0,0
48332,40.64392622033904,2,3,7.134368444054643,4,0.9993755768580126,0,0.0,0
48333,50.16992629819181,4,2,12.37020577244933,7,1.0001956597121477,0,0.0,0
48334,31.30314854717193,3,7,20.003087446491342,7,0.9799914440158763,0,0.0,0
48335,18.705839268792023,4,3,11.312902027817723,2,0.5505692364814334,0,0.0,0
48336,43.487834711321646,2,1,16.57231149840501,1,0.14147554551856167,0,0.0,0
48337,32.180897086465905,5,1,10.29955614544071,4,0.0,0,0.0,0
48338,44.55195104783147,0,1,0.0,2,0.3259406595699971,0,0.0,0
48339,30.827102567906085,1,1,11.216876699585702,6,0.5569901797858967,0,0.0,0
48340,48.75767144868346,5,3,5.095968563914117,4,0.9997334391778934,0,0.0,0
48341,49.81709776451753,3,3,11.177234922560942,4,0.5744454601242317,0,0.0,0
48342,27.633304903096338,6,2,4.489976241613442,4,0.35051235037120826,0,0.0,0
48343,52.228952966694465,5,3,6.081723554127756,6,1.000302636505848,0,0.0,0
48344,42.868298810132956,4,6,11.10565053311122,2,0.999742527085824,0,0.0,0
48345,53.53474593846296,3,2,10.719895386797266,3,0.5304813767089875,0,0.0,0
48346,62.329640864089555,1,3,2.3738646309922444,3,0.5041222116317884,0,0.0,0
48347,24.08313114809306,2,6,18.57067151533836,1,0.6090512305536009,0,0.0,0
48348,76.52476313241937,2,1,7.339712702949093,3,0.9211032042134031,0,0.0,0
48349,72.60346155277652,4,3,14.063958728286,7,1.0001223310250513,0,0.0,0
48350,25.36146326099666,2,4,12.864021895470968,2,0.10813477697880347,0,0.0,0
48351,48.14806794815462,1,2,8.359969891148992,3,0.3700201005895172,0,0.0,0
48352,33.54847128263056,3,4,7.0393483022056325,6,0.9820326461149906,0,0.0,0
48353,28.661142755060474,2,2,5.3574361409194955,4,0.5255780605466162,0,0.0,0
48354,56.369279207964226,2,1,19.542671255232225,2,0.49698487953058534,0,0.0,0
48355,39.41749006024331,2,2,5.058184995274926,1,0.047265554381660024,0,0.0,0
48356,24.973344887341344,2,2,3.9613153131567795,7,0.9997615104285316,0,0.0,0
48357,58.48811021627422,3,1,10.607984887539082,1,0.4999670143896734,0,0.0,0
48358,51.52862893592554,1,1,14.156040253883324,2,0.6700468322305903,0,0.0,0
48359,67.45120100342368,3,1,21.366483740758493,2,1.0004548232071235,0,0.0,0
48360,49.44462403701327,1,6,12.850914232924849,3,1.0001753366290853,0,0.0,0
48361,28.65562067661393,4,3,0.0,7,0.6979470344224161,0,0.0,0
48362,59.13797499823616,6,4,1.9567819831369118,7,0.961326193888572,0,0.0,0
48363,47.50871427163071,2,1,0.47651722613211867,2,0.6665248151421278,0,0.0,0
48364,59.32435213530866,3,1,12.813592376844054,7,1.0002986042519937,0,0.0,0
48365,43.272306014243654,4,2,6.770480600397681,1,0.8160067469882955,0,0.0,0
48366,29.23826248369853,3,1,16.806331096894745,2,0.33416561406841705,0,0.0,0
48367,26.683327600699087,4,1,13.31601677379573,7,1.0003268514278087,0,0.0,0
48368,51.727736420250615,4,3,6.514002148319065,0,0.007242740511106294,0,0.0,0
48369,44.46494905791197,4,5,2.3790007943735514,4,0.0,0,0.0,0
48370,59.13271646699259,3,1,22.15569434707655,7,1.0002764859515954,0,0.0,0
48371,43.90862250932672,2,5,15.697809952305825,5,0.9995409008445909,0,0.0,0
48372,51.5884522135797,4,2,4.589760742510915,6,0.25262427203789933,0,0.0,0
48373,38.39689136823265,3,6,6.726289568190655,7,0.5567218492822685,0,0.0,0
48374,56.95908639130419,0,2,7.999016648666869,1,0.3117213734550181,0,0.0,0
48375,51.39975825281105,1,3,6.871906366441072,4,0.9402357021512212,0,0.0,0
48376,33.276277740908014,3,3,13.243500583766815,5,0.999985407771482,0,0.0,0
48377,19.951197547835076,3,1,15.79607811076878,1,0.8010016716830066,1,5555.376374310265,1
48378,27.96448332941416,3,6,11.674802475658087,3,0.03364630457871676,0,0.0,0
48379,40.854291061901975,5,3,20.06899491272874,5,1.0005009513450625,0,0.0,0
48380,61.408433926712135,3,4,12.802581019126526,5,0.999322715413222,0,0.0,0
48381,48.93487950240428,4,3,9.832661722556418,4,0.0,0,0.0,0
48382,35.09242797274362,2,1,2.7579145595508887,1,1.0002021757055606,0,0.0,0
48383,39.68361997974742,4,1,19.9997824338338,2,0.7100419890200083,0,0.0,0
48384,27.178732404006798,2,1,3.11648033319884,1,0.5999048852410995,0,0.0,0
48385,42.00548397972696,4,2,10.889729549381602,7,0.9998219800755966,0,0.0,0
48386,41.345150306722616,3,3,16.36782800241464,5,0.08861220765291089,0,0.0,0
48387,26.68536068584991,4,3,8.609687382195778,5,0.2763592309471814,0,0.0,0
48388,43.705338546240256,1,5,5.734405901487204,4,0.5905854336512922,0,0.0,0
48389,49.46847112952557,3,1,14.12527175333721,4,0.9996060964707193,0,0.0,0
48390,44.98827987281743,2,4,11.05037129693567,7,0.9824098143036823,0,0.0,0
48391,43.51608798443116,5,1,8.395551327284558,4,0.4529514696954563,0,0.0,0
48392,44.535120484863334,4,6,16.40827606049798,2,0.40744715672561366,0,0.0,0
48393,33.02881615596277,3,1,9.910389840792769,2,0.26561537400733903,0,0.0,0
48394,51.41591330409841,3,3,14.607142333400589,4,0.12248095910651546,0,0.0,0
48395,34.79939082347681,1,3,6.096766889263753,1,1.0000384855200293,0,0.0,0
48396,36.459855589235396,2,6,8.194611959695571,1,0.32243800574871834,0,0.0,0
48397,45.78077465459215,3,1,15.57422489069372,3,0.6114556188012007,0,0.0,0
48398,52.68493470175369,3,6,16.80131555242869,2,0.6477126252937954,0,0.0,0
48399,26.512651557407203,4,1,15.125091855988735,4,0.3596363970266477,0,0.0,0
48400,25.55737266866381,4,5,12.738115160100971,1,0.87058765775111,0,0.0,0
48401,25.955139536869137,2,6,12.708905942676488,0,0.9977926713773707,1,2245.5354129446655,1
48402,32.3017999002085,3,4,14.720355381718061,2,0.9999343084921629,0,0.0,0
48403,32.344723749444825,2,3,8.0537288522027,7,0.3955384780168549,0,0.0,0
48404,42.65550893999178,3,5,7.066401315485657,6,0.9733040278421605,0,0.0,0
48405,48.62406958300996,4,3,19.999084467693105,1,0.9999919861211801,0,0.0,0
48406,59.813818186812526,3,4,20.004172769237012,7,1.000336065437228,0,0.0,0
48407,54.107902664703964,5,3,11.457646102475227,2,0.4989594631678516,0,0.0,0
48408,27.879775336835955,2,3,0.9788108145843228,5,0.4984103988948624,0,0.0,0
48409,63.22770534477975,3,3,4.942233294643001,4,1.0005077062730463,0,0.0,0
48410,34.80941025540203,1,2,8.775078086598777,1,0.37948217332253836,0,0.0,0
48411,48.383756105925386,4,1,0.0,4,0.0,0,0.0,0
48412,40.54453270067929,2,6,18.541744140391568,7,0.9999412012447515,0,0.0,0
48413,48.14113234821319,3,6,12.770227747015142,7,0.6699150442371052,0,0.0,0
48414,61.99280420349838,4,4,20.000128745347347,0,0.9998640489484883,0,0.0,0
48415,5.999144451175802,3,5,17.56900390425277,1,1.0002390120574474,0,0.0,0
48416,27.08873234980956,1,3,17.236389727592503,7,0.9997235366590622,0,0.0,0
48417,37.26883052828474,4,6,0.0,6,0.003258108912276847,0,0.0,0
48418,50.30886673376728,3,5,22.48442084238469,7,0.9999938098233603,0,0.0,0
48419,32.72279535402248,2,3,15.956103998247094,7,1.0001827401759016,0,0.0,0
48420,45.434216294226204,3,1,16.453708064594046,4,0.5073415305374944,0,0.0,0
48421,53.52858876724871,2,3,10.922428735319281,2,1.0001694201422415,0,0.0,0
48422,48.88298485246618,3,3,11.053809654330475,3,0.4996375737971478,0,0.0,0
48423,60.17492443634579,1,5,10.315595875205728,8,0.5105354263193138,0,0.0,0
48424,58.25015931079565,3,2,18.486098116546877,7,0.9054189713597536,0,0.0,0
48425,47.09002161536273,5,2,11.67154007800626,7,1.000177537601492,0,0.0,0
48426,32.18448870942521,2,1,14.15040089390651,1,0.4977994963733313,0,0.0,0
48427,28.284917683520682,3,3,22.400575337251556,7,1.0001546655631608,0,0.0,0
48428,46.12053231309835,3,4,20.005488850351682,2,1.0000099521356498,0,0.0,0
48429,34.82082701341831,3,4,9.804053527006353,2,0.9955469462187213,0,0.0,0
48430,34.081188478684474,2,6,1.3666378380070796,5,1.0001935230204033,0,0.0,0
48431,23.983088540338432,3,4,19.30872519162245,7,0.9297402199857587,0,0.0,0
48432,26.33023134279035,4,3,13.770845664863042,4,0.6317127960144624,0,0.0,0
48433,33.38475749180038,2,3,9.4574786580186,4,0.5380831476748966,0,0.0,0
48434,25.36408568397112,1,2,14.203443064814003,1,0.9623990929769799,0,0.0,0
48435,23.250672652675682,1,1,5.729361923968907,4,0.0,0,0.0,0
48436,41.35333217500294,3,6,5.903077444722541,6,0.6051461084457991,0,0.0,0
48437,55.029126644294706,3,3,11.948793409568744,3,1.0000265492379272,0,0.0,0
48438,39.391698226247065,3,3,0.41013303327840767,4,0.39240428903104657,0,0.0,0
48439,29.319777259904097,2,6,5.898855068959595,1,0.8945132147912613,0,0.0,0
48440,54.85646180664149,5,1,9.997858247283972,4,0.5018227314380483,0,0.0,0
48441,15.245463139478034,4,3,10.821210672333214,6,0.07894544276856352,0,0.0,0
48442,48.33082497803895,5,2,7.524537065117153,1,1.000299418471249,0,0.0,0
48443,52.36232462484935,6,6,14.534650501740217,6,0.514953182802976,0,0.0,0
48444,27.033434960812198,3,3,11.479816279402419,2,0.12085142904822366,0,0.0,0
48445,22.347022471555174,3,3,20.580096100993593,0,0.6761278181023532,0,0.0,0
48446,28.37815325021146,4,6,10.235351962345469,2,0.7243846731600344,0,0.0,0
48447,57.16377100874951,2,4,2.5789464204175765,1,0.4239160666624288,0,0.0,0
48448,25.18215916799001,1,2,5.755877442489065,7,0.14449017216879567,1,23470.128382640047,1
48449,36.93629483857487,1,3,1.3424120554508558,0,1.000036835583743,0,0.0,0
48450,53.246565687589595,3,5,19.992588524725306,1,0.3080464674467376,0,0.0,0
48451,44.90080867615546,1,3,16.059889686848976,0,0.5000807969832,0,0.0,0
48452,13.843570964910153,3,1,11.663240273914182,2,0.3326317608761444,0,0.0,0
48453,22.743041105520053,2,6,18.59334170928561,3,0.20632465603521105,0,0.0,0
48454,35.933770931851505,6,3,10.887315876466488,1,0.4991934744347962,0,0.0,0
48455,35.634387249150336,4,1,8.263819192654502,2,0.7069195885886129,0,0.0,0
48456,36.25003071102204,0,6,12.461705419006742,4,0.696044205296229,0,0.0,0
48457,62.88480698943113,2,3,2.54676588492206,7,0.9374380310557919,0,0.0,0
48458,29.78349605032235,2,6,3.0226129379111804,7,0.40147988221427783,0,0.0,0
48459,26.56774226145486,3,2,2.6239077852026966,3,0.0,0,0.0,0
48460,51.768878497984936,4,5,14.664840401725566,2,1.0002380011761438,0,0.0,0
48461,43.438255009050046,3,4,19.93522428461152,7,0.8043014953981937,0,0.0,0
48462,38.69031479442918,2,6,13.316177772804085,7,0.3186468975891037,0,0.0,0
48463,56.61286011348059,2,6,12.981511728685017,7,0.9996601608073609,0,0.0,0
48464,41.57110959944143,4,6,10.260609780471894,7,0.9995155054516442,0,0.0,0
48465,46.307085711789,3,3,0.7509114798991181,2,1.0001610000288117,0,0.0,0
48466,27.38051690073793,4,1,14.489719895078414,1,0.5292914525229996,0,0.0,0
48467,41.38510186750086,2,6,15.5717198597644,6,0.43253761882637076,0,0.0,0
48468,38.77102428773334,2,1,14.918417504856116,4,0.08161249044733454,0,0.0,0
48469,13.929954133161147,2,1,10.691743681253454,0,0.2226747151942277,0,0.0,0
48470,68.23587504383686,1,6,16.439836181429165,3,0.48180918636344183,0,0.0,0
48471,52.00370823859238,2,1,6.062111711331732,7,0.9997892437563336,0,0.0,0
48472,37.881782336092385,2,1,15.768342889944755,5,0.9609860956704355,0,0.0,0
48473,37.08407128278109,1,5,0.0,2,0.3070605068934287,0,0.0,0
48474,42.36224067213236,4,2,14.431645475039243,1,0.146726196510366,0,0.0,0
48475,43.879891439371534,4,5,0.0,7,1.00021817405026,0,0.0,0
48476,49.28926491471882,5,5,6.656108075202404,2,0.999787714985524,0,0.0,0
48477,37.03574055541744,2,7,3.323255650190915,5,0.8004084063353603,0,0.0,0
48478,39.54788515433959,3,5,7.422045060455918,7,0.9998955790223408,0,0.0,0
48479,25.74357527705417,4,2,5.456721451300582,4,0.2821501894663498,0,0.0,0
48480,54.37586765092441,5,4,19.99421728466788,7,1.0000794085141926,0,0.0,0
48481,38.998881556329614,3,3,20.001139147693173,3,0.42706623040456076,0,0.0,0
48482,54.14221881263457,2,1,11.024683792455424,4,0.999877546310562,0,0.0,0
48483,29.188071740535847,2,2,6.296645237875962,5,1.0068140849920626,0,0.0,0
48484,23.73739832663286,5,2,4.236882060136921,3,0.3634600404959206,0,0.0,0
48485,55.16911899764746,2,4,11.710314566430917,1,0.3793660233894589,0,0.0,0
48486,42.98690126486125,2,3,2.4496541535558283,7,0.8964666640315764,0,0.0,0
48487,26.79412907941236,3,3,3.6724030229173197,7,0.006333331887202087,0,0.0,0
48488,45.737808647017935,3,5,13.634687908842151,7,1.0002565432512818,0,0.0,0
48489,43.90432915645858,2,4,19.997460266756313,7,1.000034950979518,0,0.0,0
48490,41.13964169914486,2,1,3.9442150816447885,2,0.45911916673773645,0,0.0,0
48491,65.7214977333079,4,5,5.177745670078713,7,0.598762407499452,0,0.0,0
48492,62.019318793482455,4,3,10.981164339345261,7,0.9999235791816987,0,0.0,0
48493,24.0611323041517,3,6,15.144974811793599,2,0.7337598259564108,0,0.0,0
48494,46.176978729426956,5,3,7.464814758073169,3,0.7128341937645262,0,0.0,0
48495,53.25885246714974,4,6,17.41929799697595,4,0.6307155304761036,0,0.0,0
48496,38.03399832577634,4,2,10.885484149513994,1,0.55601361784316,0,0.0,0
48497,60.76965980413785,3,3,10.440455089581983,2,0.5010440843751901,0,0.0,0
48498,29.958419605490406,2,3,17.18503425923969,3,0.7125563781464567,0,0.0,0
48499,70.28894202971343,3,6,18.70406130094662,7,0.99949050680866,0,0.0,0
48500,40.270609943724885,3,3,13.33441441700485,2,1.000289587163323,0,0.0,0
48501,38.86356473717175,2,3,8.038657644288874,0,0.7642767343055776,0,0.0,0
48502,35.444477782837694,4,2,7.065750336609418,1,0.5994000843254909,0,0.0,0
48503,53.040999409361746,2,1,1.8340274249200057,3,0.49646514520114754,0,0.0,0
48504,42.25703397462608,3,2,6.137185740986905,7,1.0001168967950922,0,0.0,0
48505,19.239424572851487,3,2,12.549053726430738,1,0.9994822396299404,0,0.0,0
48506,49.406357502902495,3,4,20.00723821990615,1,0.9998939570436487,0,0.0,0
48507,22.864968973957563,7,2,6.42982916671782,6,0.8979272964256968,0,0.0,0
48508,45.583056757081174,2,3,8.593056846543378,2,0.3969493741650021,0,0.0,0
48509,59.74926256332261,2,3,5.210957840828286,5,0.5019974962608038,0,0.0,0
48510,37.3937937421133,3,1,2.0092350212377195,5,0.9995857647422449,0,0.0,0
48511,48.88171047368457,6,3,14.45142470888884,7,0.9998020097800451,0,0.0,0
48512,46.22079594758794,6,3,7.76349199808443,1,0.18608160546602226,0,0.0,0
48513,9.28665645582118,3,1,17.596083803749856,4,1.0003118139576095,0,0.0,0
48514,41.84999026539904,3,1,22.287132943575887,7,1.0000567587750906,0,0.0,0
48515,20.034722939900266,4,6,4.692313156026036,3,0.3794257764165823,0,0.0,0
48516,68.60400870120608,5,5,25.544300519992312,7,0.5569079661488143,0,0.0,0
48517,40.30520300416173,4,4,19.999749157687567,1,0.6649241095516953,0,0.0,0
48518,26.272439217314883,1,6,7.31385413102327,2,0.17143894628158196,0,0.0,0
48519,53.190087561313675,2,1,14.3515738201467,3,0.21285634418286503,0,0.0,0
48520,43.47769259698574,5,3,1.099591561658178,1,1.0001189864675468,0,0.0,0
48521,21.57020408240272,0,6,5.84544796294785,2,0.508116904746121,0,0.0,0
48522,35.653860484938356,3,3,19.997138841446667,4,0.3359239322268097,0,0.0,0
48523,34.88006433236984,1,6,10.138665844278004,7,0.9994179628961912,0,0.0,0
48524,42.139301380728455,3,2,15.063316301413577,4,0.5202550160872316,0,0.0,0
48525,56.06476436374468,5,6,8.064491733288634,4,0.8509841475043831,0,0.0,0
48526,25.212310340363345,5,1,4.813947718081545,0,0.48447022566029774,0,0.0,0
48527,84.18807798517507,1,2,3.3828957009606864,1,0.39291743091001097,0,0.0,0
48528,49.25565845785758,3,1,3.5113725165502636,1,0.22673465170330304,0,0.0,0
48529,45.652499756821534,3,1,1.8145483342223372,7,1.000306565273013,0,0.0,0
48530,47.025709408127085,2,4,19.99494620522588,4,1.0001152028009317,0,0.0,0
48531,33.79929836987597,2,4,7.89737140544926,1,0.2010355777171039,0,0.0,0
48532,35.50673056201302,2,4,9.645096468413383,7,0.9920873509500658,0,0.0,0
48533,41.83428673010818,3,6,16.162609701933125,5,1.0005729587559853,0,0.0,0
48534,52.54614995891315,3,4,0.04367967115653393,1,0.3279812410745561,0,0.0,0
48535,46.2575146068664,3,6,8.43096733104527,5,1.000714512357384,0,0.0,0
48536,24.649317673996368,3,1,15.553481146648625,1,0.49494045054700636,0,0.0,0
48537,34.32023864071188,2,3,11.264568631171533,7,0.9999246217621482,0,0.0,0
48538,56.0389034543787,3,2,20.11918333079433,7,1.0002602018049724,0,0.0,0
48539,40.42261919300887,4,4,20.00161558349651,1,1.0000359479016083,0,0.0,0
48540,45.30616836081134,3,6,3.5138857313001814,7,0.9998091923794861,0,0.0,0
48541,40.96608695310161,4,1,14.541373282993977,1,0.2697375539893815,0,0.0,0
48542,48.67049013703016,4,3,0.831509705340256,7,1.000215929884389,1,670.6662467131628,1
48543,62.879152255406154,2,1,16.73893292353191,7,0.4837850876412333,0,0.0,0
48544,42.43021149739164,2,3,1.4313784592827226,4,0.45952954551889724,0,0.0,0
48545,64.06272062899802,4,1,8.04529485459116,3,0.591856734432519,0,0.0,0
48546,49.25957351335463,1,2,11.609141974701416,6,0.41018068108190564,0,0.0,0
48547,37.442311324533755,3,6,11.563276427948923,3,0.28463120788969576,0,0.0,0
48548,30.595058462996192,2,6,8.775933888795446,4,0.5893833307872425,0,0.0,0
48549,48.93919437564378,5,4,7.8548203515988035,6,0.4927450308265341,0,0.0,0
48550,41.309273905624124,3,6,14.520642769174412,5,1.0000310685037987,0,0.0,0
48551,27.966716815897357,3,7,2.5011662440737528,4,0.0,0,0.0,0
48552,68.46349014267301,4,3,0.0,4,0.6223420949904461,0,0.0,0
48553,49.49808679401856,4,3,0.6710034902629918,3,0.42334343949342845,0,0.0,0
48554,62.29019193337447,6,4,20.00244991759744,7,0.6985640965018137,0,0.0,0
48555,29.317089284291754,5,4,19.994859151552564,3,0.999953934006667,0,0.0,0
48556,77.83264411307813,2,2,3.4178250035912203,7,0.4044933156640178,0,0.0,0
48557,49.97882891961031,2,3,4.454098264311839,2,0.4250457063223735,0,0.0,0
48558,38.39292413599943,3,3,7.531476665202787,7,0.9996441889059062,0,0.0,0
48559,54.19476077054799,2,1,12.785100479358087,3,0.7598219201152324,0,0.0,0
48560,71.752443276103,6,4,19.99887694226468,7,0.572551201323284,0,0.0,0
48561,55.91266524215097,4,6,8.492434222266992,2,0.1462647020847846,0,0.0,0
48562,23.239387824006187,3,2,17.841959083723587,7,1.0000145261017022,0,0.0,0
48563,41.538739271104724,1,3,16.042541189017992,4,0.9390061860304841,0,0.0,0
48564,48.99786199095067,1,4,11.552271127435338,2,0.8182863265790138,0,0.0,0
48565,53.190802510536706,3,6,10.105235749194424,7,0.7481389196496908,0,0.0,0
48566,37.1077803554915,3,3,5.544407669242945,3,0.9998112670151734,0,0.0,0
48567,42.896646068079676,2,3,4.941136707221286,4,0.022259633041166182,0,0.0,0
48568,23.263672892664555,3,2,10.239787984431764,7,0.9999925184887947,0,0.0,0
48569,54.30944666526238,3,4,7.273518217200326,1,0.19487175113378702,0,0.0,0
48570,30.256729593913327,4,6,17.29378529097875,7,0.9997037435104305,0,0.0,0
48571,48.028306882568714,3,5,15.261984869686724,1,0.5889097191984649,0,0.0,0
48572,35.177066316713564,2,1,13.005582084496275,4,0.9869914817896973,0,0.0,0
48573,48.63499806225404,3,6,16.45513310555778,4,0.9997075076937434,0,0.0,0
48574,28.505507186269895,4,6,19.220423578956964,4,1.0003310723960162,0,0.0,0
48575,32.86710890601523,0,3,14.811191246114966,7,0.41064860229408096,0,0.0,0
48576,32.03351254817137,2,5,1.8573074572131496,3,0.7703988899028904,0,0.0,0
48577,56.610692460215176,4,3,0.0,7,0.999756484386219,0,0.0,0
48578,55.59204022664198,3,2,11.471243981854185,8,0.9333725690722003,0,0.0,0
48579,50.983113813065316,2,3,14.883149455017973,4,1.0000017795459384,0,0.0,0
48580,41.69143738884547,4,1,19.998313781199716,3,0.3672614064102331,0,0.0,0
48581,43.087873648209985,3,4,15.32552639484517,4,0.999613296877423,0,0.0,0
48582,59.01038069381683,3,1,4.271402887683785,4,0.999713340571899,0,0.0,0
48583,44.029631719967725,2,3,19.192847475609504,2,0.9762405372473782,0,0.0,0
48584,27.524040228383008,1,1,18.43629011567772,4,1.000176398698952,0,0.0,0
48585,48.547011383952565,3,5,0.0,7,1.0000061659176436,0,0.0,0
48586,41.385428926142986,3,1,8.566197871009454,7,0.9996504189297785,0,0.0,0
48587,37.076189820134005,4,1,12.48608679315289,7,0.4848566407653659,0,0.0,0
48588,34.49440918900129,2,2,13.070675879174203,1,1.0005840273348343,0,0.0,0
48589,43.7741192783302,5,3,0.0,7,1.0000293918790693,0,0.0,0
48590,75.58055134277781,3,3,9.607263680862202,4,0.49970959302912765,0,0.0,0
48591,29.95766267352846,3,3,3.3262300079622005,7,0.9996320162953648,0,0.0,0
48592,35.735064263826615,2,1,9.789397127345914,2,0.9994106204876045,0,0.0,0
48593,22.261880024727716,2,6,22.058604647867615,1,0.4457011971017026,0,0.0,0
48594,35.490768744008456,3,6,9.2432971428169,6,0.09765051086285459,0,0.0,0
48595,46.1657898655123,4,1,15.964663735327214,1,0.9999168400116634,0,0.0,0
48596,34.9510095905029,6,6,16.338960857493145,7,0.3946662778942043,0,0.0,0
48597,52.610602519857245,4,5,15.016446973246271,2,1.0001279554372433,0,0.0,0
48598,23.94067062843455,2,6,8.635406761869216,4,0.9999257998039477,0,0.0,0
48599,52.594918641619834,3,4,11.908913689916636,7,1.3297014776878964,0,0.0,0
48600,46.827948405456524,3,3,30.218984151708277,7,1.197657498626321,0,0.0,0
48601,66.01824965485699,3,5,10.71501402991793,1,1.0187767727880717,0,0.0,0
48602,69.49669213143301,3,5,17.965416452403087,1,1.0001085824938585,0,0.0,0
48603,60.644060321464295,3,4,14.07255629721561,2,0.9999273986672909,0,0.0,0
48604,31.263411448226627,2,3,9.38037189279441,2,0.53890023836908,0,0.0,0
48605,45.46496712672475,2,3,10.210762925298276,7,1.0001400634753796,0,0.0,0
48606,48.174918940005156,4,6,0.1476014369453491,4,0.2822399162970167,0,0.0,0
48607,46.44526693780142,3,6,7.301065164027559,4,0.23469595629910828,0,0.0,0
48608,30.144584584599155,1,3,24.46577092633736,7,1.0000255713590898,0,0.0,0
48609,35.494213224387344,5,4,19.990479812968985,1,0.9999965587659341,0,0.0,0
48610,40.9383054916985,4,3,15.232767695802536,0,1.0001018888890918,0,0.0,0
48611,34.35558602219834,1,4,19.99684065904927,1,0.9296171373265363,0,0.0,0
48612,65.96797143658296,5,1,1.2770244768047263,4,0.4514294330854186,0,0.0,0
48613,21.95716923376943,4,3,8.810315167312513,2,0.4962646423617672,0,0.0,0
48614,30.701224151103105,4,3,0.0,2,0.9580902241003397,0,0.0,0
48615,41.26162292745351,1,6,4.600278768562555,7,0.9999924294946001,0,0.0,0
48616,34.837462119338966,4,4,20.833015945957385,6,0.46728667841722005,0,0.0,0
48617,28.33456244294505,1,6,15.467127371088532,1,0.15579220477604816,0,0.0,0
48618,47.73760625989917,2,6,13.408782345787762,6,0.5587582261114528,0,0.0,0
48619,59.05051516389807,4,3,16.44868100084125,7,1.000218590537499,0,0.0,0
48620,52.966623775510016,0,1,2.148859314628961,2,0.9319464928178076,0,0.0,0
48621,39.23158083301638,4,1,1.9961747501567313,4,0.4821952906462067,0,0.0,0
48622,52.245808115884294,5,3,0.9351049593789025,2,0.9999874551659447,0,0.0,0
48623,56.91376169657558,4,6,12.580179339182925,7,0.9999916823785986,0,0.0,0
48624,39.655006422808505,3,5,11.873356502930193,7,0.9998547163046587,0,0.0,0
48625,51.79521785991356,2,3,12.744141283761216,3,0.5013809531655697,0,0.0,0
48626,54.59148320802393,2,3,8.483743107179507,4,0.49603737547475735,0,0.0,0
48627,11.059213978602951,5,4,11.56953863790074,1,0.6640781055049121,0,0.0,0
48628,52.9714274080891,3,2,9.751759218412543,6,0.4317203690077781,1,35580.48579140681,1
48629,42.61060265167415,3,3,9.915113835202845,7,0.901156087083645,0,0.0,0
48630,26.370916808764278,4,1,18.90572791286127,2,0.19400271875950237,0,0.0,0
48631,39.31206235887086,5,1,11.231381014183198,2,0.4989852490421014,0,0.0,0
48632,56.884361926800025,3,6,10.304371073022386,3,0.5542966851473222,0,0.0,0
48633,32.14738409055267,4,1,6.246358223151964,0,0.26654196534282776,0,0.0,0
48634,49.137976480173684,2,6,14.874346470126026,7,0.9999979775752644,0,0.0,0
48635,34.97523222951121,3,6,6.134490617876251,6,0.0,0,0.0,0
48636,51.20423914011384,3,6,4.924641871517993,3,1.0002457138768752,0,0.0,0
48637,47.410498972862534,2,5,19.45266352748954,1,1.1424385196340627,0,0.0,0
48638,58.31161756461406,3,5,11.988870696844854,7,1.0003791086501435,0,0.0,0
48639,35.79480319756498,1,2,2.070305771736505,6,0.19305829453376538,0,0.0,0
48640,39.69815776146009,3,2,21.731448128507903,3,0.9932716987243431,0,0.0,0
48641,51.37642326904957,2,3,10.638441460513397,2,1.0005262713701164,0,0.0,0
48642,37.90853924805523,3,2,14.90709046551731,6,0.9997957191269913,0,0.0,0
48643,57.30991797039376,4,3,20.058711853950967,7,0.6578199248874371,0,0.0,0
48644,26.726471135502806,2,2,15.393031608354967,6,0.7629941314035505,0,0.0,0
48645,51.96656805380898,6,1,4.425111205843603,7,0.3708197830404307,0,0.0,0
48646,47.565596987878635,3,2,8.94417405207217,5,0.0752295346008095,0,0.0,0
48647,55.50397503610486,3,6,16.318863794216348,2,0.7601253866061944,0,0.0,0
48648,8.105522576262295,2,5,8.152279265387776,3,0.9550519738019397,0,0.0,0
48649,64.46509106409798,4,6,18.840623575409232,3,0.4196249201985288,0,0.0,0
48650,39.29288912848414,4,2,10.951004460237622,4,0.6012211834780927,0,0.0,0
48651,23.28682163461823,4,7,14.378308636735017,2,0.2576222920480455,0,0.0,0
48652,31.063501699509786,3,1,14.158846549158504,6,0.9997772125485579,0,0.0,0
48653,44.75994403798424,3,6,9.05019036618959,6,0.6660701060006566,0,0.0,0
48654,36.48500586400942,2,2,14.086084614749952,7,0.9996392828432638,0,0.0,0
48655,37.028382916100455,2,2,5.407580272810683,4,0.32045464077847663,0,0.0,0
48656,58.86836304202417,6,3,10.325551504149027,3,0.536042192386482,0,0.0,0
48657,48.930590791033794,1,3,4.602840798583135,7,0.41176170301143117,0,0.0,0
48658,36.83111595388917,3,3,1.649339631403354,4,0.4027834989768022,0,0.0,0
48659,61.59104132942261,3,4,15.226265192867384,2,0.9718174338385146,0,0.0,0
48660,41.84254188843258,3,5,25.38929356483609,0,0.4984976377576793,0,0.0,0
48661,62.42609720598601,3,4,9.057209338341796,5,0.9995931181014339,0,0.0,0
48662,45.845289764034206,3,4,15.259794299552901,4,0.9367527313252088,0,0.0,0
48663,23.96814641725471,1,2,11.110460528748627,1,0.7591202343043536,0,0.0,0
48664,53.11714134367097,2,2,6.208950007204239,7,0.7006782441081323,0,0.0,0
48665,41.40252149480385,1,3,1.495900961086365,3,0.9995192358645986,0,0.0,0
48666,51.19379487047466,3,5,16.17318608016404,2,1.00039645728542,0,0.0,0
48667,59.63509065740875,3,1,17.987309242199384,3,0.9999393148698733,0,0.0,0
48668,36.606835880320716,4,7,13.327968311717848,7,1.000292466491861,0,0.0,0
48669,54.620832336017685,2,3,8.901481959366672,3,0.999882390271988,0,0.0,0
48670,52.3246793701602,1,3,6.89993854845867,4,0.9788977218376727,0,0.0,0
48671,53.56540301799649,3,3,2.1470511501649394,4,0.35143433932677176,0,0.0,0
48672,41.85177495558364,2,2,17.245517764947817,1,0.24024549041218374,0,0.0,0
48673,69.00105595089386,3,5,20.00695541515868,1,0.22587990850451567,0,0.0,0
48674,65.32473725037745,3,4,15.619596694031916,2,0.9999881880112422,0,0.0,0
48675,43.42347552750153,3,6,13.838355124204487,3,0.531724655418155,0,0.0,0
48676,53.70649949634303,6,3,20.005870677130353,1,0.8075321862055473,0,0.0,0
48677,33.67740217164354,1,1,1.1269837700517993,1,0.6316110363132866,0,0.0,0
48678,50.095117386216664,5,3,12.197988349627469,7,0.9998704949657535,0,0.0,0
48679,28.5980224139085,1,6,6.464419992028464,4,0.4595391901354866,0,0.0,0
48680,32.44929142832686,3,2,15.731539637667058,5,0.999923114883349,0,0.0,0
48681,47.01384173696637,0,6,15.11220601758974,3,0.4248880802896869,0,0.0,0
48682,26.63354742837962,3,0,15.557029460601324,6,1.0001718523387204,0,0.0,0
48683,42.6084319770301,2,3,16.997756145260663,4,0.9418738072544275,0,0.0,0
48684,62.96873563794367,2,6,16.342832231685467,4,0.608925052854074,0,0.0,0
48685,36.84496721427673,1,6,13.556674718024784,2,0.3291698328469726,0,0.0,0
48686,41.718356545087325,4,3,1.863927570701323,7,1.0008800144156351,1,159974.2122339873,1
48687,30.928092540141492,2,3,6.119725589503114,4,0.06795262675834401,0,0.0,0
48688,45.28590320020445,4,6,4.9200818375923925,7,0.58983144388662,0,0.0,0
48689,21.270522501222864,3,6,13.507769334355839,3,0.40809117850402243,0,0.0,0
48690,26.575875787273823,3,2,9.741686356539233,3,0.5161405784237458,0,0.0,0
48691,45.65877177529471,2,4,19.999805072813096,1,0.9998471129971138,0,0.0,0
48692,37.96647988827961,3,6,8.828000094274564,2,0.538485254909,0,0.0,0
48693,61.777204813747666,1,3,4.2615863321885445,7,0.5243738820687086,0,0.0,0
48694,45.34393019980331,1,6,12.073435109388132,7,0.8511294507399807,0,0.0,0
48695,18.178603308108546,4,5,8.60424795516014,2,0.32394475105681564,0,0.0,0
48696,51.13846413834314,3,1,1.5556528355154455,7,0.9673539938842627,0,0.0,0
48697,47.60384437158701,2,1,3.613855278788507,1,0.11278491812565872,0,0.0,0
48698,49.83764381866394,4,6,11.524545265127852,6,0.7656886302692838,0,0.0,0
48699,38.217254287866,5,5,2.7951512056733865,7,0.9616137838010229,0,0.0,0
48700,23.774061113635128,3,4,19.99006223901533,1,0.18951957242006423,0,0.0,0
48701,49.078872090757976,3,3,0.0,3,0.2632413246869882,0,0.0,0
48702,44.97586806375551,3,6,1.1242695896484438,5,0.1728303334074115,0,0.0,0
48703,47.8861605202314,4,6,13.556592670099757,2,0.4582318514005911,0,0.0,0
48704,43.53601163344617,6,4,7.837797987976954,7,0.9999674382461816,0,0.0,0
48705,50.28150291148697,2,3,0.0,7,0.9997619105117062,0,0.0,0
48706,43.587752097219884,4,6,22.973509692243677,4,1.0000003004145386,0,0.0,0
48707,41.421346429742435,2,4,18.884930196959708,2,0.5956349091763509,0,0.0,0
48708,30.734272320529257,4,4,19.988061276225032,1,0.4341870552916542,0,0.0,0
48709,39.742276660178334,3,6,0.0,6,0.4495021405868823,0,0.0,0
48710,54.0811226212478,4,2,22.171875651071307,7,1.0003675211750118,0,0.0,0
48711,48.582920780445356,3,3,17.34592473377985,2,0.5406215076698,0,0.0,0
48712,47.27033025785151,3,2,10.46299254605959,2,1.000248552556052,0,0.0,0
48713,45.94770363033672,5,1,19.636130446355697,2,0.5006691633056861,0,0.0,0
48714,46.962228389262464,3,2,4.014678429974431,7,1.0004599911202035,0,0.0,0
48715,77.60384245683449,3,1,6.051237145656618,5,0.4032384514627841,0,0.0,0
48716,44.72535589276125,4,6,15.65901324461183,1,1.0714615617616101,0,0.0,0
48717,70.18908561843564,6,3,5.755229952636252,1,0.44573452396303936,0,0.0,0
48718,33.95222876415794,4,1,12.317167502261476,5,0.9996737460678613,0,0.0,0
48719,24.090895920264757,2,4,18.75817995889181,1,0.9953423551862965,0,0.0,0
48720,52.59882772298152,3,7,15.295359921879342,7,0.9709340813706769,0,0.0,0
48721,37.052150989871365,3,3,19.999544015294752,1,0.6039592275624063,0,0.0,0
48722,19.208915717787466,4,7,2.3555563266336446,3,0.0,0,0.0,0
48723,53.519619940465994,2,3,14.272490336530385,7,1.0000486284584709,0,0.0,0
48724,25.952296095661694,2,2,5.92234472030562,3,0.45558346720491694,0,0.0,0
48725,46.653144414679474,2,1,15.721786861495765,1,0.49587190829630734,0,0.0,0
48726,40.1704499859933,3,6,8.848844078721221,1,0.2623904961138377,0,0.0,0
48727,36.22552438113418,0,3,11.627296396198645,2,0.0,0,0.0,0
48728,36.98969903115584,0,3,14.741113113550385,5,0.38929972720479644,0,0.0,0
48729,38.56910753652946,2,3,3.766536800407869,4,0.307757496168284,0,0.0,0
48730,36.841392193107055,2,6,13.18426141070038,7,0.9996221064979638,0,0.0,0
48731,48.00393395804571,5,2,11.780106139776194,1,0.38221757421764213,0,0.0,0
48732,48.95394518260254,5,1,5.324810290043908,7,0.9864780069522536,0,0.0,0
48733,52.72042623274284,4,2,12.394845214530811,7,0.9999650745895583,0,0.0,0
48734,51.7506821550921,3,6,7.678424818224796,7,1.000126584155108,0,0.0,0
48735,21.71177406410662,3,1,19.99240650945582,1,0.5523400804946472,0,0.0,0
48736,32.303564245379505,1,6,19.995186187985944,1,0.8777726727813442,0,0.0,0
48737,18.688739807810997,3,3,6.244233508649323,2,0.5620769851683207,0,0.0,0
48738,43.15662389004781,3,2,6.024812559393054,6,0.9993658113947592,0,0.0,0
48739,29.73170075595548,3,1,19.987060639759477,0,0.37004655890845,0,0.0,0
48740,55.107419087924214,2,1,3.2431789226292125,2,0.497160127532159,0,0.0,0
48741,61.23672098050841,3,4,20.003938594774382,7,0.9294328069166237,0,0.0,0
48742,68.81485590096821,3,3,13.025083571368787,4,0.6644495247129282,0,0.0,0
48743,34.55316442836763,4,1,20.010471533089817,1,1.0000760751335747,0,0.0,0
48744,25.284343697507527,5,4,11.355554998583935,7,0.308990680787252,0,0.0,0
48745,35.886675180212336,5,1,15.209980977243683,3,0.2220242076455593,0,0.0,0
48746,61.58104040216351,4,3,6.5615935556886855,3,0.19290980529958252,0,0.0,0
48747,42.909638633902134,4,1,0.0,3,1.0002731826423465,0,0.0,0
48748,21.38732182741324,4,3,10.78374641926265,3,0.9563988000860557,0,0.0,0
48749,48.99142457402232,2,2,1.2277708858818528,7,0.45566932554503525,0,0.0,0
48750,31.32249980730213,1,1,1.0231131396525317,2,1.000030901307764,0,0.0,0
48751,27.39389785260898,3,4,11.970341824112326,1,0.9994071136968998,0,0.0,0
48752,35.6273253885999,3,4,19.98485441980081,4,0.9999540781106474,0,0.0,0
48753,37.172488707187654,4,3,14.724050732668939,2,0.49809472906034585,0,0.0,0
48754,24.133282042980827,2,3,8.860365366767143,0,0.1905428768735486,0,0.0,0
48755,57.2963755532616,3,4,17.61917890225294,3,0.3786742595016475,0,0.0,0
48756,38.29983105490405,3,1,15.768000361274545,3,0.7249326255174968,0,0.0,0
48757,38.28018524375009,4,3,10.107980071222807,4,0.9880741183467435,0,0.0,0
48758,38.73416799692975,2,3,16.676358519542745,3,1.000099371424809,0,0.0,0
48759,40.79159050969398,2,1,14.925010288193253,7,0.005409079884147405,0,0.0,0
48760,61.86675264278176,2,6,12.154247217009134,7,0.9999348821030576,0,0.0,0
48761,25.016272983076025,1,3,7.868158057303175,3,0.350838880164863,0,0.0,0
48762,39.01066802721982,5,3,16.790594241856233,4,0.5019473866679016,0,0.0,0
48763,29.97052648202532,3,4,11.401773747490605,3,0.4986308346202446,0,0.0,0
48764,44.653339043050615,4,1,3.63368302589097,2,0.9344211230659467,0,0.0,0
48765,60.719252300252734,3,1,15.566674059494183,3,0.9996706124608374,0,0.0,0
48766,57.85291094873203,3,7,10.238342131678657,7,0.9457279127396437,0,0.0,0
48767,24.350397907841216,4,1,7.516485341137864,4,1.000306396728484,0,0.0,0
48768,54.254862644261905,2,5,7.361459135758658,7,0.9994752620473975,0,0.0,0
48769,32.45641069203061,4,4,7.767578087302943,7,0.0,0,0.0,0
48770,35.20012475898238,3,2,20.000325007441372,1,0.037979529840062476,0,0.0,0
48771,41.87285112221122,3,6,6.735061429279919,6,0.7370103123653549,0,0.0,0
48772,39.91691274526986,4,3,3.4518504418861626,7,0.9995937197091348,0,0.0,0
48773,46.465087163677694,5,1,10.962675738329688,0,0.332645410178198,0,0.0,0
48774,50.94940275853243,3,1,16.697969111889087,7,1.00031468961101,0,0.0,0
48775,49.69247235801134,3,1,12.201127013118352,4,0.4961286884765985,0,0.0,0
48776,25.18216610177121,4,6,5.35492745046659,1,0.9876168858285904,0,0.0,0
48777,37.62745530889167,5,1,3.746089748236603,3,0.14339555001423354,0,0.0,0
48778,47.36780789513237,4,4,20.001145443681935,7,1.000069697765433,0,0.0,0
48779,49.4677418502618,2,6,9.060714669957816,2,0.209286668437277,0,0.0,0
48780,40.32335848496945,3,4,16.988695084428592,2,1.0000079634193637,0,0.0,0
48781,32.09950807975135,2,6,9.276077227377495,3,0.25039506742920675,0,0.0,0
48782,49.55104412620466,2,3,12.600521817348348,2,0.007716462199011009,0,0.0,0
48783,34.876948825713015,2,6,16.158568252128095,7,0.24549044250003083,0,0.0,0
48784,54.95982663393278,3,5,12.944262125774573,3,0.999728114085978,0,0.0,0
48785,27.4834879944636,2,6,14.094555154039014,3,0.6229487489925163,0,0.0,0
48786,53.08640648490604,4,6,5.525867054328088,3,0.45145684745681136,0,0.0,0
48787,42.70483565277503,1,2,3.587814793727701,7,0.8450811639865,1,938.0901827130799,1
48788,49.87131911987992,4,4,19.990425104889013,1,0.0,0,0.0,0
48789,47.08577682400321,4,3,0.0,1,0.999606507851974,0,0.0,0
48790,35.993119902796266,5,6,12.859454337182234,2,0.25927469732661684,0,0.0,0
48791,32.142652262861986,1,5,6.115609049106338,2,0.9944308589102402,0,0.0,0
48792,53.0748994588951,4,3,15.487506429270052,4,0.4999241976445705,0,0.0,0
48793,58.91084656128383,2,6,15.297264092707309,6,0.942874049750168,0,0.0,0
48794,44.073018253126754,2,1,3.660845258912521,7,0.8081963468592257,1,1084.6543085208652,1
48795,36.92914806109781,4,2,6.143363873090683,7,0.9998506885380395,0,0.0,0
48796,50.79406753000643,3,1,22.029991013686868,7,0.999930723570983,0,0.0,0
48797,70.22648802267334,2,2,7.919307177773467,7,1.0000999885871074,0,0.0,0
48798,38.3478630412169,3,1,2.365705033050327,7,0.34717217373559706,0,0.0,0
48799,44.90633849293004,1,1,15.495402423340506,2,0.6400085638150095,0,0.0,0
48800,29.959716774785527,2,1,7.733102937511357,0,0.9994953700325893,0,0.0,0
48801,36.861036705516156,4,3,0.0,3,1.0004226887949224,0,0.0,0
48802,26.722398305199214,5,7,9.348669539894269,7,0.4582168326644598,0,0.0,0
48803,58.305368553879894,4,6,4.783700382603875,6,0.6873489100019731,0,0.0,0
48804,42.98389871386653,2,3,0.0,3,1.0003158060058048,0,0.0,0
48805,47.47450473132447,5,5,10.645824320658527,3,0.14162935548189426,0,0.0,0
48806,44.08153325801554,4,3,3.0066750121791923,0,0.9446926760403829,0,0.0,0
48807,58.5389499245512,3,3,7.1018435335015075,0,0.6101021239137683,0,0.0,0
48808,33.40383459865314,3,3,3.5211050785980573,1,0.9772558998834718,0,0.0,0
48809,30.42828939957667,4,1,8.387574880908979,3,0.10709466346783425,0,0.0,0
48810,48.63195584338476,3,2,12.583625456742762,1,1.000338207157537,0,0.0,0
48811,52.67333254319705,4,6,11.60628366250286,4,1.0001942765711445,0,0.0,0
48812,32.062152748766835,3,2,3.6130960622241,4,1.0001182496257632,0,0.0,0
48813,45.38011450736268,3,5,13.59985307384686,1,1.0475313760590763,0,0.0,0
48814,48.889938688929774,2,6,16.705749638682867,5,1.0001657887919597,0,0.0,0
48815,25.359649980424894,2,6,5.576266561933479,4,1.0000386856401096,0,0.0,0
48816,18.845244526036755,2,6,12.54291115965002,1,0.583159555900433,0,0.0,0
48817,30.079852498608112,2,3,6.214440067530188,7,0.9999832059796412,0,0.0,0
48818,49.89750102850216,4,5,19.698523996739535,6,1.000303118711663,0,0.0,0
48819,31.890980125567737,3,5,16.244449531810318,1,0.9999222880744926,0,0.0,0
48820,27.93285211687372,1,2,4.851999354053213,4,0.20635059733689226,0,0.0,0
48821,41.049818875018474,3,3,10.737215839594986,1,1.0000082996192794,0,0.0,0
48822,40.28306047678257,3,2,13.732208625275987,7,0.9421568154015048,0,0.0,0
48823,51.84967441938884,1,6,12.426510171095929,7,1.0004531960802594,0,0.0,0
48824,51.88286116248793,1,1,0.0,6,0.3924050905324013,0,0.0,0
48825,41.77774441754263,3,4,20.009675834338093,1,1.1740285512514037,0,0.0,0
48826,28.6573488836501,3,1,16.874101059436406,4,0.9592673762679766,0,0.0,0
48827,54.494423384495434,2,3,3.313752139866664,7,0.9999762533926525,0,0.0,0
48828,54.148012594817715,3,1,16.82645338296828,3,0.999421913809482,0,0.0,0
48829,46.31266123559584,4,2,16.314169129498048,7,0.9995626159488911,1,14397.898755153714,1
48830,31.91076104199337,3,3,6.154616018620151,5,1.0000176271868315,0,0.0,0
48831,25.246363341984623,3,6,3.3143669942611416,3,0.0,0,0.0,0
48832,38.382492800824366,1,2,8.882422514127942,7,0.6467027169680267,0,0.0,0
48833,15.124256852388239,4,3,9.398347397998215,6,0.49556073803220513,0,0.0,0
48834,58.033108127501514,3,3,1.2070591128405006,3,1.0004612100290429,0,0.0,0
48835,60.43655760872074,2,3,18.43492945342655,2,0.03908190259959954,0,0.0,0
48836,64.24939780170395,1,3,10.941593609441378,4,0.5006585382829557,0,0.0,0
48837,53.80198863230753,5,4,11.130642571430615,7,1.0002368257740697,0,0.0,0
48838,37.48976427748064,2,1,15.049206974846344,4,0.9997129272797115,0,0.0,0
48839,47.15553432181997,2,3,2.73669730274883,3,0.6820173395683251,0,0.0,0
48840,46.14381697781067,4,6,0.0,7,0.4359062212447963,0,0.0,0
48841,50.768648682765594,3,6,9.783899009374405,7,1.00041648946347,0,0.0,0
48842,72.74831333571146,3,2,13.498043367365568,4,1.000075268544296,0,0.0,0
48843,25.428872318345785,3,6,12.376001598306194,7,0.2759748005666726,0,0.0,0
48844,44.589879250751935,3,6,17.298391700812672,7,0.3211886470966775,0,0.0,0
48845,57.69806767799334,5,2,11.141787850305052,7,0.18456470560409655,0,0.0,0
48846,57.49731030616411,2,6,8.186147330891465,2,0.08165415618482907,0,0.0,0
48847,40.677710035405624,3,4,19.98908499242789,1,1.250139056478462,0,0.0,0
48848,15.084071601235138,3,1,7.122947325419711,6,1.0003022264690729,0,0.0,0
48849,45.88710948339773,3,6,11.631867445084547,2,0.7411939062498707,0,0.0,0
48850,51.66496524677225,4,5,14.121167542747642,7,0.9999181993730768,0,0.0,0
48851,24.008439237331118,4,6,24.581596232967435,1,1.00053528516785,0,0.0,0
48852,37.12632954924809,1,3,12.144699454436232,7,1.0003375315760674,0,0.0,0
48853,29.861304398753166,2,1,3.397533446773666,5,0.768582846319753,0,0.0,0
48854,42.83014378117228,1,3,15.581870645294515,3,0.34923480339405377,0,0.0,0
48855,36.59261324057919,4,1,6.0746118792251,4,0.4992544471219109,0,0.0,0
48856,55.09548162587457,3,2,7.955200028200833,1,0.0,0,0.0,0
48857,42.429293322717925,3,6,15.406843216561402,5,1.0760241918533442,0,0.0,0
48858,50.00178749521748,3,6,5.4658517235664785,7,1.0000541429310643,0,0.0,0
48859,36.71103168759675,3,5,11.934961562963101,5,0.33874252555364154,0,0.0,0
48860,61.14308515228191,2,3,6.575157900793209,1,1.000253240602238,0,0.0,0
48861,66.31590197148915,3,4,19.987810970060103,7,0.9992147817865367,0,0.0,0
48862,21.471410618901736,5,6,10.887739873112901,3,0.6126624746485632,0,0.0,0
48863,65.7850185909987,4,0,3.9137199072210107,6,0.9622632194503343,0,0.0,0
48864,27.97236501137049,3,3,2.652125469755598,6,1.00010924596696,0,0.0,0
48865,57.75733479586521,3,2,11.379283024950796,4,0.498267891492465,0,0.0,0
48866,53.96390200603829,3,6,15.8392197451368,7,1.0006729191616937,0,0.0,0
48867,33.35116072920239,2,2,9.750404551094816,6,0.5492300790891538,0,0.0,0
48868,9.909434237808775,3,5,18.005956263721632,1,0.3097888679935556,0,0.0,0
48869,23.79501502690956,3,5,13.000444500467097,1,0.7080907153510094,0,0.0,0
48870,54.33728558052792,4,3,0.0,2,0.999647551379449,0,0.0,0
48871,19.82276717774358,3,1,5.0904010185706845,0,0.2902306162567802,0,0.0,0
48872,44.4971373640404,4,1,13.647891236076111,3,0.4152281078942715,0,0.0,0
48873,30.717937169433355,2,1,19.99584983819952,5,0.3761744536730017,0,0.0,0
48874,18.422763601859838,5,6,14.603491673912172,3,0.161950995812691,0,0.0,0
48875,43.99456858071358,2,6,0.5057664528979142,2,0.34528268427439474,0,0.0,0
48876,48.71169079865753,2,1,7.134388939572916,4,0.4550589895116921,0,0.0,0
48877,49.25917103529542,3,5,19.996844697419924,1,0.8409380255354928,0,0.0,0
48878,25.913105489170356,4,1,2.161025087572389,5,0.8950374736738398,1,68529.34180719209,1
48879,44.43548762185364,9,6,7.281371676069062,7,1.2469878892426678,0,0.0,0
48880,23.47064027587737,5,6,14.353271321211025,4,0.17168096370688268,0,0.0,0
48881,55.760781937347986,1,3,5.105424775877408,7,0.9999456560761257,0,0.0,0
48882,54.99102903729085,4,2,13.372787109861001,7,0.5506622382640535,0,0.0,0
48883,53.9828441905874,2,6,7.857898392420754,7,1.0000007189286548,0,0.0,0
48884,43.983552750406936,3,4,7.597682189945241,7,0.9998542897371183,0,0.0,0
48885,56.64318068247123,3,5,7.225175513203597,2,0.9557571148709891,0,0.0,0
48886,32.4690205029424,3,1,8.606082833801548,7,0.9998236134793435,0,0.0,0
48887,36.92662949423168,3,4,20.35984087593686,5,0.0,0,0.0,0
48888,41.64302862616185,1,3,0.0,7,0.48977991207721294,0,0.0,0
48889,54.05411845626065,1,3,20.001392106276324,1,0.914312561309349,0,0.0,0
48890,55.43066066670187,4,6,15.732039718374889,4,0.6475399555508208,0,0.0,0
48891,30.251751300888117,4,3,10.050541658649728,1,0.5921851339945787,1,61417.75824041057,1
48892,26.503854590105945,3,4,13.668554036822115,1,1.0226342468531895,0,0.0,0
48893,32.54812086060052,4,6,13.108568254640193,2,0.9180974718456302,0,0.0,0
48894,50.33231098436143,3,6,19.199813212988538,7,1.0001323020198445,0,0.0,0
48895,48.46542029381041,3,5,14.42624021638968,2,1.000222952511053,0,0.0,0
48896,68.20955628680493,0,4,4.4723547675775235,1,1.0277347190101331,0,0.0,0
48897,17.37520574153615,4,2,12.652625376129093,1,1.000238005453507,0,0.0,0
48898,50.36222052552941,5,6,15.465237586229005,2,0.5272434110141287,0,0.0,0
48899,24.354244789905067,3,2,12.334188719811603,1,0.616856421335388,0,0.0,0
48900,50.56489640821711,3,3,18.91830614377275,3,0.49798672822596146,0,0.0,0
48901,37.340773531776,3,3,19.99753584685909,4,0.6847270176179743,0,0.0,0
48902,44.63927642034163,3,4,18.231059903163256,0,0.650053458708833,0,0.0,0
48903,17.406897320913448,4,3,20.95777950589035,6,0.48395247236455013,0,0.0,0
48904,49.32298614295155,5,3,19.538898781436394,2,1.0003335157559483,0,0.0,0
48905,70.25992446244541,4,4,20.00989781760788,7,1.109414688958675,0,0.0,0
48906,34.141531675563684,2,6,9.257513501089205,6,0.2965525157577749,0,0.0,0
48907,61.17901579939141,3,4,8.259844433667734,5,1.0000710390526213,0,0.0,0
48908,31.10590057055856,2,6,10.182100127806391,7,0.9999346624815353,0,0.0,0
48909,29.730220022615313,1,6,4.08273976935782,6,0.5837454375798444,0,0.0,0
48910,26.244437244674184,4,6,13.709931042185799,1,0.4525877064544521,0,0.0,0
48911,29.922792651826494,3,3,11.121926575802465,3,1.0003646750973243,0,0.0,0
48912,36.554453701568704,3,1,10.761189403917886,7,1.0001096556437183,0,0.0,0
48913,41.70840856423529,3,7,4.717946451451864,8,1.2240664806864971,0,0.0,0
48914,52.38933707280947,4,1,14.079433086516355,3,0.9995212766589859,0,0.0,0
48915,41.742760764726654,4,5,5.4351229830522945,6,0.49643573559554144,0,0.0,0
48916,59.53528877174379,0,1,5.435017507087322,7,0.9995258359644019,0,0.0,0
48917,49.03880738676306,3,3,12.065280900757525,4,0.5048347921659375,0,0.0,0
48918,45.051516586632566,3,1,5.491648900515456,0,0.41343627664749455,0,0.0,0
48919,35.37362463006849,2,3,16.766781675118217,1,0.6533409962461679,0,0.0,0
48920,64.12362917134331,1,4,20.00190032489672,7,1.0004553495730266,0,0.0,0
48921,30.43356637524991,6,1,3.8241221399622445,7,0.9272100741054754,0,0.0,0
48922,45.357925761625985,2,2,11.668300188600007,1,0.48813150070381894,0,0.0,0
48923,30.972452623088603,3,6,5.551885516469871,7,1.0003129412251368,0,0.0,0
48924,45.41782482856472,3,3,3.481552299457494,1,1.0002020280527004,0,0.0,0
48925,36.02327630009454,3,3,0.0,2,0.5502721831872968,0,0.0,0
48926,62.56083441726044,4,3,3.578787970369353,7,0.9997745435451919,0,0.0,0
48927,55.81039992457739,2,6,12.888842770297883,7,1.0004659616620917,0,0.0,0
48928,13.555870031002272,4,2,5.411010192115374,1,0.21531365050152812,0,0.0,0
48929,46.57657976216497,3,3,0.0,2,0.20815166683534592,0,0.0,0
48930,35.56251115183485,1,2,7.166410589712065,1,0.3954339394970196,0,0.0,0
48931,50.51841798091982,5,4,6.707067849561389,4,0.9863296716557586,0,0.0,0
48932,32.6540999988326,3,4,20.40829804430981,3,0.6091421801871117,0,0.0,0
48933,28.914904559005187,3,6,7.288708530924459,5,0.4066608449034197,0,0.0,0
48934,42.889457670884916,6,3,21.671605029050546,5,0.6230487424179434,0,0.0,0
48935,39.65102561132029,4,4,19.988847437818634,5,0.4946997437989166,0,0.0,0
48936,49.840351404269555,1,5,14.24407045904264,2,0.35863751602576394,0,0.0,0
48937,44.077440831297935,3,2,12.307434892216891,7,0.33402901827216414,0,0.0,0
48938,42.497009493190795,3,2,6.456169012920616,7,1.0002942027690578,0,0.0,0
48939,51.721183612083955,4,1,20.273672077702155,7,0.9997422339070582,0,0.0,0
48940,48.35925837619723,3,2,6.221721215070751,7,1.2731303602032473,0,0.0,0
48941,53.10549746765095,3,3,8.897058145429947,4,0.9995666913333807,0,0.0,0
48942,46.14209203280025,3,3,20.97653268217212,4,0.49592959593698355,0,0.0,0
48943,16.884555360498446,2,5,3.810870707359289,1,0.5180654525996529,0,0.0,0
48944,52.106929958094284,1,3,20.9881308367088,7,0.9997141449654097,0,0.0,0
48945,36.10283867020388,3,4,20.005032828333427,7,0.9998568190318676,0,0.0,0
48946,50.976694192258776,2,6,7.205105302936361,3,0.753672726120999,0,0.0,0
48947,34.970948403047935,5,3,4.8904231849106266,2,0.6071347077069876,0,0.0,0
48948,53.06871201923144,5,4,10.263774136450227,1,0.9060464199359706,0,0.0,0
48949,47.841329611400155,2,5,9.184367719461871,7,1.0002393174716342,0,0.0,0
48950,45.82299738547247,2,3,6.811055598025555,3,0.9998784055197172,0,0.0,0
48951,43.52985039554438,3,3,17.817798713045043,7,0.999655423656385,0,0.0,0
48952,37.58764240010935,4,6,5.265008728497497,4,0.999499761158085,0,0.0,0
48953,61.08694236775952,3,1,6.427072329325064,1,0.9254858832504316,0,0.0,0
48954,36.1607111953131,3,2,9.829387319534229,7,0.999570262639101,0,0.0,0
48955,51.300328232980505,3,3,13.568194341367146,2,0.9999856650614061,0,0.0,0
48956,25.333006710511984,1,5,1.9706271075168615,4,0.7476484250155684,0,0.0,0
48957,49.178102183231516,3,3,15.359083088411296,2,1.0005261219185853,0,0.0,0
48958,49.39272072576328,4,1,19.04242420777052,2,0.49942527640400947,0,0.0,0
48959,34.25850445645085,2,3,2.801076628104669,3,0.999971249467724,0,0.0,0
48960,30.132382392694076,1,3,11.751497254319387,5,0.0,0,0.0,0
48961,20.039524383463622,6,1,6.550798600637426,3,0.19329454035903249,0,0.0,0
48962,44.214643031012656,3,1,15.949911285672776,1,0.7651546037254019,0,0.0,0
48963,47.96302428171314,3,3,14.869937158065747,2,1.0006819983369997,0,0.0,0
48964,31.293829951518035,4,2,9.638549587962443,7,1.0005733077529633,0,0.0,0
48965,26.266416531210535,2,6,15.142257558278512,6,0.7124268279068608,0,0.0,0
48966,42.76127845281433,4,2,0.0,7,0.4314341685503628,0,0.0,0
48967,44.590547956376746,3,3,3.9271531584590553,7,0.9998152174756789,0,0.0,0
48968,48.53510939115346,4,3,9.830870244845507,3,0.3046694001259127,0,0.0,0
48969,40.25518704820368,4,1,20.863464874236296,5,0.999879977775066,0,0.0,0
48970,37.732173982390066,4,1,11.142400466534523,7,1.0003738314049198,0,0.0,0
48971,42.15313591760457,2,1,16.206932649972217,2,0.7939547322284802,0,0.0,0
48972,44.46039866910122,3,6,14.875449851472627,7,0.9999495094529189,0,0.0,0
48973,52.73278588350122,2,6,4.536848381184447,7,1.0001155161203412,0,0.0,0
48974,28.376528337550177,3,1,14.954749799567153,1,0.9998411897980714,0,0.0,0
48975,64.61808376528077,4,5,7.295825307852935,7,1.0003218468948831,0,0.0,0
48976,40.89898656840404,2,6,20.01205935192575,1,0.21002893423398833,0,0.0,0
48977,29.979856310769087,1,6,16.85969233619657,6,0.7026865038959286,0,0.0,0
48978,32.59808520361656,2,6,9.725555891893535,1,0.8998498884314823,0,0.0,0
48979,22.066810018915678,3,5,14.403587020876683,7,0.9511720922114857,0,0.0,0
48980,46.36143795783942,2,2,11.12194455082903,7,1.0000360277669063,0,0.0,0
48981,52.8936211140813,4,2,1.130807400652193,5,0.041757740741890204,0,0.0,0
48982,43.9617560628952,3,2,5.6276876145409505,2,0.17259249126997267,0,0.0,0
48983,80.88532641051474,4,5,20.518710605294377,3,0.9999176928345059,0,0.0,0
48984,58.054871007917114,2,6,9.787870297169778,2,0.5442728477119676,0,0.0,0
48985,27.75597149020303,3,7,10.510343612620883,5,0.9884949877134639,0,0.0,0
48986,48.16094088586038,1,4,5.597398687490287,7,0.9996293053303127,0,0.0,0
48987,49.99713637877839,3,6,14.836083740709299,1,0.4298164275281816,0,0.0,0
48988,46.345288537155774,4,5,10.743299743228214,7,0.9993699635834672,0,0.0,0
48989,62.00797371839663,1,5,15.20336627196047,5,0.9882993323986693,0,0.0,0
48990,49.833965652058346,3,7,14.898013094968087,4,0.9368793717220277,0,0.0,0
48991,32.98661083107004,3,4,0.9783719106233075,4,0.5336444092059209,0,0.0,0
48992,43.31686059054095,4,5,3.6671942861935127,2,1.000213297858311,0,0.0,0
48993,43.66820262304704,2,5,15.861246393229653,3,0.5030590833166201,0,0.0,0
48994,44.46275605320159,3,6,2.683450317748054,2,0.45640764877874834,0,0.0,0
48995,47.207766520746105,2,4,20.00062916432998,1,0.9998797169106981,0,0.0,0
48996,19.648705487629456,3,4,15.250217009522437,2,1.0001767054697237,0,0.0,0
48997,58.40430279082656,4,5,9.576882186593753,3,0.13590581516780686,0,0.0,0
48998,67.6986531260038,2,3,7.854422662662497,3,0.9999166684618204,0,0.0,0
48999,43.06435199296656,3,3,15.130586540463067,1,0.9998114265473059,0,0.0,0
49000,62.04255031636921,3,7,11.332159460189205,2,0.9997390550719618,0,0.0,0
49001,36.40488659221872,4,1,0.0,2,1.2130716620114455,0,0.0,0
49002,20.09738691845495,3,5,14.866572520499606,2,0.3179339204146424,0,0.0,0
49003,54.883555366596276,1,1,16.97588512518132,7,1.0001194854035163,0,0.0,0
49004,52.8432413885906,3,4,19.996500380711417,5,0.9997836777179387,0,0.0,0
49005,39.14469250354499,0,1,16.779188491582453,5,1.000037515988037,0,0.0,0
49006,44.26503275547448,0,4,8.713346638611021,1,1.0147989722433042,0,0.0,0
49007,25.805584368774674,6,3,7.341407809939238,5,0.9718973504304715,0,0.0,0
49008,41.17839649755956,3,1,11.038829751786407,3,0.9998505285225892,0,0.0,0
49009,38.16479191177196,2,6,10.533214683506753,1,0.9124915635089937,0,0.0,0
49010,34.190069457855785,2,7,14.661415843534357,7,0.999936733769563,0,0.0,0
49011,30.644557588108803,1,5,8.264894558137676,1,0.49225334409094523,0,0.0,0
49012,25.262844815043426,3,3,6.1778145802114715,7,0.9994476739680909,0,0.0,0
49013,65.51368396346257,5,3,9.139438304931847,7,0.4747469899670116,0,0.0,0
49014,36.969727766839775,1,2,14.359771195776121,7,0.9994135093692473,0,0.0,0
49015,28.73380748810713,3,6,16.42552715684953,7,1.000367085384687,0,0.0,0
49016,58.20122941113327,3,4,3.9004750330864058,2,0.4828478959835949,0,0.0,0
49017,41.62665423449055,5,6,15.23924165056781,7,0.9996940789955608,0,0.0,0
49018,11.66901348704232,3,5,20.024412173177495,1,0.49567578467664053,0,0.0,0
49019,35.76731099734359,2,6,6.613543857388922,7,0.9997840570649508,0,0.0,0
49020,27.944237685072235,4,2,17.794987417655733,4,0.3634158887992515,0,0.0,0
49021,38.14439931240996,4,1,5.75315858765149,3,0.7958756916441501,0,0.0,0
49022,31.375467895827263,3,1,17.59681325458181,2,0.47571510499204916,0,0.0,0
49023,21.314965540052718,1,5,15.508208097480889,9,0.10921613451605028,0,0.0,0
49024,44.58577525887442,2,6,12.939658911836107,7,0.3047133722504942,0,0.0,0
49025,48.910060487271295,1,6,12.05090510646647,3,0.35926730917256633,0,0.0,0
49026,28.573625111872893,2,6,17.833282573688734,3,0.8308019059165932,0,0.0,0
49027,48.58013899668453,6,4,9.442994238365547,4,0.019099678385163465,0,0.0,0
49028,49.18646526169637,1,5,7.350186792986021,1,0.047589526105521585,0,0.0,0
49029,59.79289468957241,4,4,21.99001248492625,2,0.0,0,0.0,0
49030,54.464815173480936,3,1,13.536492334844443,5,0.6213203535840649,0,0.0,0
49031,34.36492985444085,3,3,20.002951174847517,7,0.39707082397463994,0,0.0,0
49032,51.665468945492364,0,3,12.506575301768615,3,0.5064105389865479,0,0.0,0
49033,45.01712371847126,3,6,9.659585507795446,6,0.4047993020684703,0,0.0,0
49034,39.99721866536525,2,3,7.780611910069563,3,1.0000291725660038,0,0.0,0
49035,41.98165461423061,3,5,20.891693266830202,2,1.0006678833644729,0,0.0,0
49036,48.3297179265849,1,3,10.261050880828591,4,0.41348170776294957,0,0.0,0
49037,42.631532570887565,4,3,4.649394168332465,2,0.9997301257471821,0,0.0,0
49038,34.9257877019381,4,3,13.793886871762671,7,0.9999620114495125,0,0.0,0
49039,50.74828184467074,4,4,19.99459465869858,7,1.0000247725461087,0,0.0,0
49040,58.889484866140755,3,3,0.0,0,0.9996846502787771,0,0.0,0
49041,26.770963250738262,4,3,2.009219957048934,3,0.9427498949537445,0,0.0,0
49042,45.390128240738775,1,5,19.996807838988886,7,0.9505266379138401,0,0.0,0
49043,33.82820666041587,1,6,2.7565465831970997,6,0.7214260020329875,0,0.0,0
49044,45.468287668772206,4,3,17.91552973513354,4,0.2743821990275723,0,0.0,0
49045,27.192531841486158,3,1,6.425716429538519,1,0.9360829309617087,0,0.0,0
49046,49.22329778250342,3,4,19.993894830304786,7,1.000094430002164,0,0.0,0
49047,46.91999922097348,3,3,14.744268450511225,1,0.4184829494623439,0,0.0,0
49048,53.00463054801314,4,4,19.989305972124136,5,0.6067975630807898,0,0.0,0
49049,46.184078309202405,1,7,20.002449773193234,1,1.0000701961122596,0,0.0,0
49050,34.89961054514198,2,2,11.62038619973574,1,0.1572889699785628,0,0.0,0
49051,19.382971069280234,4,2,1.9703234222248849,1,0.0,0,0.0,0
49052,53.86669745977019,3,2,6.662649818497565,5,0.37827245429250034,0,0.0,0
49053,42.978248963069056,3,6,22.977506976090275,7,1.0001043324078307,0,0.0,0
49054,54.44725914080364,0,3,8.632466313475746,7,0.22913023579454067,0,0.0,0
49055,65.37725298325023,4,5,7.936474933075425,1,0.9219041635487273,0,0.0,0
49056,46.86204204170654,5,2,14.551433851401645,3,0.41855196266262196,0,0.0,0
49057,25.10062523697179,3,1,0.7683736995405734,5,0.9205267451546808,0,0.0,0
49058,32.11991505606271,4,3,16.5090100518916,7,0.3781453436640683,0,0.0,0
49059,27.387120947449894,5,1,3.1764906653325706,5,0.0,0,0.0,0
49060,49.758290114709055,3,2,2.979566004618958,5,0.9715194859312211,0,0.0,0
49061,38.12153784421613,3,3,17.871725182609453,3,0.319472583324925,0,0.0,0
49062,34.46848574819319,4,3,9.377831959134573,7,1.0005484901969075,0,0.0,0
49063,14.870313622964563,6,3,19.394194746415906,1,0.42715353914773807,0,0.0,0
49064,28.968846678477995,3,2,7.1762415166798466,2,0.371712921691616,0,0.0,0
49065,34.06997041476175,6,5,15.859876904745871,7,0.237307817215966,0,0.0,0
49066,0.0,3,3,0.0,1,0.18691720259656552,0,0.0,0
49067,70.34071942704777,3,5,22.140180935448114,4,0.9995640099469529,0,0.0,0
49068,47.77647191606036,3,4,19.994095497900815,4,1.000090143412018,0,0.0,0
49069,54.385746596158945,5,6,0.0,7,0.38078412748601176,0,0.0,0
49070,38.89246746261088,2,3,6.224546208764912,3,0.38602746877872357,0,0.0,0
49071,67.48291508798496,3,3,13.655757100246154,1,0.9768125409924916,0,0.0,0
49072,55.53259160719444,3,1,12.482271413053637,2,0.9440951482669324,0,0.0,0
49073,58.034978163870655,4,3,21.896144276727124,7,0.3608932767391625,0,0.0,0
49074,70.63104410876727,4,3,8.596294337921416,7,1.0855766412407593,0,0.0,0
49075,48.26729887959584,2,6,15.03385612934169,2,0.7520046987861606,0,0.0,0
49076,49.572362558989546,3,6,9.475577718435973,7,1.0000145708381956,0,0.0,0
49077,34.800515431653025,4,6,15.194835591990657,7,0.9998684423666446,0,0.0,0
49078,36.6529662485265,0,3,13.726938936728713,7,0.9997254645514343,0,0.0,0
49079,45.77633800451989,3,6,3.155207525230746,7,0.9996589931169071,0,0.0,0
49080,47.48760440678436,3,1,13.523230486370638,1,1.0001776878215831,0,0.0,0
49081,58.83916073597102,5,2,13.680562578612523,7,0.618485602927225,0,0.0,0
49082,56.26597100949845,2,3,19.370552442450652,7,0.9521825264040407,0,0.0,0
49083,50.74810097629037,2,4,19.9883647710475,1,1.000432562880434,0,0.0,0
49084,34.35773078648313,3,3,16.47297572591372,7,0.9999117185237325,0,0.0,0
49085,53.34635988723332,3,5,12.712437492895521,7,0.40929764380442657,0,0.0,0
49086,29.397968149607724,1,2,5.7391635159681895,7,0.1277835418866372,0,0.0,0
49087,65.64034686016534,1,1,12.98572572859372,2,0.3205673786640821,0,0.0,0
49088,32.77342625524645,3,1,4.713168418851994,7,0.9996377220431503,0,0.0,0
49089,58.62214200607319,3,3,6.151549197452904,7,1.0002106886982716,0,0.0,0
49090,41.4430462598739,1,1,6.415627969007149,4,0.6011636540239634,0,0.0,0
49091,44.541168109036875,3,6,14.57561197787688,6,0.24924868165093467,0,0.0,0
49092,38.02154954218422,2,3,16.394619830839567,1,0.9994612416535567,0,0.0,0
49093,62.72355430618428,1,3,0.16581385775312008,3,0.4953018423029264,0,0.0,0
49094,56.36752049661569,5,3,2.134647360227074,7,0.7732168186017816,0,0.0,0
49095,49.404654263026956,3,1,20.007163164995447,6,0.32757055150787395,0,0.0,0
49096,31.643541847950665,4,4,13.1075510232502,7,0.8320463333230339,1,13837.583497911055,1
49097,37.68027120127948,4,3,7.350212246239479,2,0.9997725186347137,0,0.0,0
49098,28.013125024196142,3,1,9.413614972635358,2,1.0002237787257586,0,0.0,0
49099,45.67383415473211,2,1,24.273775518912785,7,0.16544466947154934,0,0.0,0
49100,36.87947931966678,6,2,12.339381385433635,7,0.9998207935686201,0,0.0,0
49101,24.723419653139324,3,2,7.634021724982821,2,0.9835227099490034,0,0.0,0
49102,26.434517035748357,3,1,16.69680243726932,4,0.49800263312611825,0,0.0,0
49103,32.980415007420646,1,1,9.086299369435896,0,0.39129125486131766,0,0.0,0
49104,48.66332620134237,3,6,19.41188044186064,2,1.000422421073869,0,0.0,0
49105,41.46312108106628,3,1,10.646421098917415,7,0.22285722556756887,0,0.0,0
49106,49.4848659068287,5,6,12.029469589825393,7,1.00025177980521,0,0.0,0
49107,52.90799616747807,3,6,7.9151980886882845,7,0.9999373914689846,0,0.0,0
49108,42.156202852958465,3,7,8.770705904194704,4,0.1293301728068188,0,0.0,0
49109,24.84731276913637,2,1,5.682333107459773,1,0.2091780081287064,0,0.0,0
49110,60.06404454565249,3,3,16.2515039748218,2,0.9995007150722603,0,0.0,0
49111,27.376169467978904,1,4,8.015039731330639,7,1.000379385677289,0,0.0,0
49112,71.45614713452656,2,3,13.714833173284301,3,0.9773875294265584,0,0.0,0
49113,36.989550277574374,3,1,14.577894922815265,3,0.11295506607049244,0,0.0,0
49114,20.372341322625232,4,2,5.983186533298741,6,0.2717452101514879,0,0.0,0
49115,49.00767099112598,2,3,14.148646543638936,4,0.7187410825873722,0,0.0,0
49116,57.07090620870522,4,5,14.477727668053696,2,0.8148498045479786,0,0.0,0
49117,67.02703215341981,2,4,16.07956913351409,1,0.9820922234602159,0,0.0,0
49118,65.78994510390197,3,1,14.412135614467893,7,0.9995718659744337,0,0.0,0
49119,64.852878449258,2,3,12.360424217946674,4,0.499091665033543,0,0.0,0
49120,39.89278050133645,3,3,1.7793924926595537,4,0.9993271196064908,0,0.0,0
49121,26.35126231155182,3,5,11.205465871311572,7,0.5671391987816146,0,0.0,0
49122,8.108361617094154,4,3,14.683080103574781,1,0.3062964234503322,0,0.0,0
49123,16.6983892022055,2,1,3.3810698572038813,2,0.27726012456431287,0,0.0,0
49124,30.218259000695365,4,6,9.567098984673127,4,1.0000354514537486,0,0.0,0
49125,57.76284805180363,3,3,9.477234190722609,2,0.3309556209011711,0,0.0,0
49126,38.19177435088301,6,4,9.883019372473473,7,0.592933208354311,0,0.0,0
49127,29.0027792429268,3,6,18.313955984349406,1,1.0028461977520586,0,0.0,0
49128,30.60089583861012,2,4,5.069672514522352,7,0.41285904565670434,0,0.0,0
49129,31.221858367605726,4,2,9.568650099027886,7,1.0000692993740394,0,0.0,0
49130,33.74194361457079,3,5,14.77040731770076,5,0.6174675285342817,0,0.0,0
49131,48.0238990222465,4,2,8.942429025123658,7,0.9998509894571866,0,0.0,0
49132,46.26390879012777,5,4,14.215483595015423,7,1.0006366858513713,0,0.0,0
49133,39.78040776823511,3,3,0.0,2,0.2939177187506612,0,0.0,0
49134,23.607415312757077,5,2,4.834740272079311,1,0.20755699376240055,0,0.0,0
49135,51.56129991867837,4,4,20.002586359223237,7,0.9400173984330582,0,0.0,0
49136,53.87099788816198,2,1,3.1133761808969336,1,0.6253318542316368,0,0.0,0
49137,45.788519583559385,4,1,12.532645563598566,7,0.9716074721906384,0,0.0,0
49138,49.05145317986175,4,3,9.563052334453225,3,0.9999389725738022,0,0.0,0
49139,48.28784566145167,3,3,9.92650166633045,5,0.9998188604626768,0,0.0,0
49140,27.04879079534938,3,4,16.19334170707977,3,0.6587289682873861,0,0.0,0
49141,25.96454989473273,1,6,14.181985592928019,3,0.20548897978055636,0,0.0,0
49142,52.99767734615623,3,6,13.322457967471642,7,0.31892517749522964,0,0.0,0
49143,58.68495476623961,4,3,5.006839669086993,3,0.7343918087625062,0,0.0,0
49144,36.2455844536211,3,4,20.000342850599964,1,0.2179332109452568,0,0.0,0
49145,40.435660184074095,5,2,12.186836728500154,1,0.7772270773496008,0,0.0,0
49146,21.84364412362036,2,6,8.80908558279862,0,0.19361053114129895,0,0.0,0
49147,27.461212293934878,2,4,11.65155509835361,2,0.7082952760371711,0,0.0,0
49148,46.36020262841703,3,3,0.5308791396417423,2,0.6415332306852968,0,0.0,0
49149,27.449577233944943,3,2,12.355127981491044,2,0.6611315565554382,0,0.0,0
49150,22.975948674941986,0,3,9.354388968673572,2,0.8841817468551606,0,0.0,0
49151,27.06020647789659,4,2,11.250413411756922,7,1.0001964721966328,0,0.0,0
49152,50.64492470191881,3,1,8.750923018207445,2,1.0002728350936652,0,0.0,0
49153,40.03925708786484,2,2,15.98862692283706,1,1.0002413357554132,0,0.0,0
49154,19.303938222659262,5,3,4.947266823000453,1,0.9999025476820989,0,0.0,0
49155,51.807692021415995,3,1,7.4873438746017005,7,0.9996909056102056,0,0.0,0
49156,43.177432461780676,2,6,1.0394697874729975,7,0.9950297028453823,0,0.0,0
49157,33.94579896422604,1,1,6.325215553805551,7,0.4508014518087027,0,0.0,0
49158,35.893730898374194,2,1,14.669030721205,3,0.28828384067788093,0,0.0,0
49159,38.56276619458163,3,4,11.192481918781109,3,1.000189989898422,0,0.0,0
49160,23.723705700511818,3,3,19.993737947457653,1,0.6909077331893874,0,0.0,0
49161,51.39286016261664,3,3,13.883037726055147,2,1.0000276989308152,0,0.0,0
49162,22.169880459541833,3,6,8.30103480678486,5,1.0001450497926339,0,0.0,0
49163,42.150186867968856,3,3,19.99441548622645,1,0.9996536126053878,0,0.0,0
49164,56.571314638516746,3,6,15.219753139313454,1,0.9582942891734839,0,0.0,0
49165,55.37117996120523,4,2,8.461015846077892,7,0.5364118106833042,0,0.0,0
49166,9.284660140079033,6,5,14.341745609969031,1,0.7027477339019823,0,0.0,0
49167,37.519531927147746,2,1,14.863577572386781,7,1.0005343188246285,0,0.0,0
49168,33.18858569337173,4,2,11.909363413164312,1,1.0000338167702305,0,0.0,0
49169,34.64191758837167,4,6,4.444024946265772,7,0.0,0,0.0,0
49170,43.92521188891556,7,3,12.4636725167581,3,0.49869344987010955,0,0.0,0
49171,46.632853118657025,0,1,13.208136306635515,7,0.9992619011223771,0,0.0,0
49172,67.64447007470288,6,3,16.77531686388906,1,0.7639492335841451,0,0.0,0
49173,51.55783819758531,3,1,1.0475004272624346,7,0.9680581443488665,0,0.0,0
49174,55.64572009948587,6,6,13.081971069424068,1,0.9490266534471434,0,0.0,0
49175,49.818478450307865,2,6,10.436255883353441,4,1.0002647179872004,0,0.0,0
49176,41.89134471550336,6,5,10.307916473558446,7,0.6070359081975423,0,0.0,0
49177,35.83614463304676,4,6,18.258465700766376,7,0.10050356641894709,0,0.0,0
49178,75.9584762149912,3,2,7.945456715063189,7,0.14706176793584513,0,0.0,0
49179,24.888347619508373,2,1,1.711254905074659,6,0.1298472371022409,0,0.0,0
49180,63.01086513488791,0,3,12.960126276354675,7,1.0004111930914636,0,0.0,0
49181,52.17610615343613,3,3,24.701673636901344,7,1.0001350329149212,0,0.0,0
49182,43.529462209160975,2,3,6.501332010650055,6,0.999958783700366,0,0.0,0
49183,23.18647735037281,0,3,5.37147321381693,5,0.3044946617565847,0,0.0,0
49184,16.75348134861665,3,4,20.00149857905418,7,0.6441930641567751,0,0.0,0
49185,29.297075824945242,1,4,0.0,7,1.0309705862024232,0,0.0,0
49186,51.20618699407858,5,3,8.10310821878939,2,0.9997453178957827,0,0.0,0
49187,60.19089539462691,3,1,1.0811373868155716,3,0.4976611455812374,0,0.0,0
49188,45.11743822558247,2,6,19.857684724366266,3,0.9997887891508244,0,0.0,0
49189,46.503210621614116,3,6,4.387471480709003,2,0.3702042641417482,0,0.0,0
49190,60.667284852465684,2,1,12.13712912817713,7,1.0000680935353694,0,0.0,0
49191,47.28172934977311,3,3,9.230155402449144,6,1.0000545630323356,0,0.0,0
49192,45.322283320075485,4,3,11.090149525583682,3,0.5310970782787143,0,0.0,0
49193,53.8039949771742,2,1,6.053159048344964,3,1.0001553880295886,0,0.0,0
49194,50.43451365740344,3,1,16.15634545236149,7,0.9998467688830379,0,0.0,0
49195,24.832995834762972,3,6,3.227633907175565,4,0.43715654539219506,0,0.0,0
49196,48.996771639344814,3,4,7.286417052437379,1,0.46317548878299786,0,0.0,0
49197,45.466584199321815,3,4,15.57106923020614,1,1.0118056896651288,0,0.0,0
49198,69.46204020878312,4,3,7.404940733039188,2,0.5011169717409718,0,0.0,0
49199,25.390563087390188,4,1,3.930610381101908,2,0.4994327953806391,0,0.0,0
49200,48.76513691377106,3,1,2.9505725531897316,5,0.45842511510501355,0,0.0,0
49201,60.98405298981355,5,3,2.410111717633864,7,0.5544951798244063,0,0.0,0
49202,50.91875761886865,3,2,7.417682112060691,1,0.29046044444804875,0,0.0,0
49203,47.29083098475795,5,1,9.734675533076603,4,1.0000402383632814,0,0.0,0
49204,48.7757536635704,3,2,10.280515907494157,3,0.5259967024572172,0,0.0,0
49205,37.735120707991065,3,4,20.00135767501262,2,0.99988211686835,0,0.0,0
49206,48.99708087153196,5,6,15.791027940711011,3,0.318713429573408,0,0.0,0
49207,37.70842437919559,1,3,8.51302253410074,6,0.543507918022749,0,0.0,0
49208,0.0,3,2,12.066688352056662,0,0.9999976968168378,0,0.0,0
49209,4.747857846859141,3,5,6.6615458278758455,1,0.45868478904989085,0,0.0,0
49210,56.86423199197782,4,3,7.650348696592822,3,1.0006974217276254,0,0.0,0
49211,26.83038803451514,1,3,17.162020627075314,1,0.9371202201750953,0,0.0,0
49212,64.14191396246704,6,3,21.144108773178548,7,1.0004211288260367,0,0.0,0
49213,32.294216170419446,4,3,17.54890624031667,4,0.0,0,0.0,0
49214,39.00713612554331,6,3,14.510595083889273,1,0.29071034640540494,0,0.0,0
49215,25.06975629755466,1,3,8.637465558609177,7,0.9996550243785647,0,0.0,0
49216,42.29955714138976,2,3,11.773675499343568,4,0.9999998483861937,0,0.0,0
49217,28.3128458797676,3,3,16.252859664131407,3,0.4974468650902918,0,0.0,0
49218,48.30673943397773,2,1,4.640211573087659,3,0.18758662734605114,0,0.0,0
49219,42.42677040908684,2,1,17.471111858060723,4,0.5009838622102706,0,0.0,0
49220,52.48576006067272,3,5,10.049534468188318,7,0.997592010409941,0,0.0,0
49221,32.92386877901666,1,5,0.0,3,0.9824439584718057,0,0.0,0
49222,25.807155170235728,4,2,11.587711319792753,4,0.5564412155113931,0,0.0,0
49223,27.370527175784297,2,3,10.238869918760173,0,0.6653192084473976,0,0.0,0
49224,57.9032319567791,3,2,18.38274658665331,1,1.0000152899336143,0,0.0,0
49225,41.987238964735624,2,2,18.71636330140018,3,0.444606683135405,0,0.0,0
49226,38.703902887154825,1,3,16.391598278221988,6,0.5635587330156144,0,0.0,0
49227,49.74073956297513,3,4,20.012096611190366,1,0.5004995193682371,0,0.0,0
49228,6.745611948537906,3,4,9.153690128738733,4,1.0849787099060304,0,0.0,0
49229,60.19538316720087,2,6,10.880892957480249,7,1.0002213108716946,0,0.0,0
49230,47.94985312556142,4,6,8.032851590047358,7,0.26013283821797534,0,0.0,0
49231,25.32355548406111,3,3,7.972029824882345,2,0.5762295122803726,0,0.0,0
49232,28.44268192637316,4,3,0.07129096344609565,0,0.3084931971150926,0,0.0,0
49233,32.66205130078438,1,4,7.001381770013684,1,0.0,0,0.0,0
49234,34.72923016301539,1,3,20.007206057432377,1,1.0004244109164073,0,0.0,0
49235,55.30965668542111,4,3,9.420579809399875,4,0.503702676943765,0,0.0,0
49236,35.96675197605554,3,1,20.09624098550703,4,0.8773461882239441,0,0.0,0
49237,46.58132591495114,3,4,20.004632468542574,1,0.9082941449073612,0,0.0,0
49238,67.60993999456143,3,3,22.754030240593984,2,0.615551711900988,0,0.0,0
49239,33.949910592384896,5,3,4.266303130852267,6,0.9998193979925953,0,0.0,0
49240,29.046212232631312,6,6,15.812108519704456,6,0.1896992299247175,0,0.0,0
49241,47.89145100911533,2,4,19.98929892266471,7,0.4348716162750964,0,0.0,0
49242,39.93940052597291,3,2,20.01145628437562,1,0.9992791924689617,0,0.0,0
49243,70.54745483134408,4,3,0.0,6,0.18751750631473585,0,0.0,0
49244,25.66655835434047,1,4,11.45888313582753,6,0.9604320047916945,0,0.0,0
49245,49.61751452460374,6,3,8.441580774310921,4,0.9347304525025788,0,0.0,0
49246,27.284006638942778,1,2,11.356390091688866,3,1.003514588232853,0,0.0,0
49247,44.66458629629323,3,3,9.52275965024491,7,0.9998207114528896,0,0.0,0
49248,33.151257815798154,3,5,32.56779154992186,5,0.5011009659317464,0,0.0,0
49249,45.45849618324083,4,6,16.47002209777134,7,0.999431366612933,0,0.0,0
49250,65.59092146113149,3,4,19.988464244346673,1,0.9995179729899348,0,0.0,0
49251,26.70316184148183,1,1,3.9628061472872,2,0.3924513588321997,0,0.0,0
49252,41.448916174100304,3,1,19.994576956462367,4,0.5782334269916093,0,0.0,0
49253,31.173014679943016,5,2,11.663227519940213,7,0.9998115253160789,0,0.0,0
49254,46.72032601146961,5,5,13.959798052524011,1,0.13820590733666316,0,0.0,0
49255,31.65505787068683,3,4,13.513557886970414,6,0.6747542526257253,0,0.0,0
49256,47.26780955130991,4,1,11.59979588325097,7,1.0006453885177742,0,0.0,0
49257,52.04531675819721,2,1,11.9614694969897,1,0.40693250312893364,0,0.0,0
49258,58.015532635407794,3,2,7.867707637584747,6,0.9995693993548131,0,0.0,0
49259,53.88853304800395,4,1,3.887090719260314,4,0.9995398434218923,0,0.0,0
49260,55.83378079334906,4,2,10.318891104461821,7,0.9995986069701888,0,0.0,0
49261,50.94187138368733,3,6,10.15128480127598,0,0.28318252226071133,0,0.0,0
49262,17.742725618878204,3,1,20.001746891885723,3,0.7434125071543083,0,0.0,0
49263,30.036398308048064,1,6,5.5580665185196905,3,0.7160479943970157,0,0.0,0
49264,40.95160903068649,2,4,6.2897729788230325,7,0.9999941776291146,0,0.0,0
49265,54.87182317615354,2,6,8.13168882887487,3,0.5489633531687286,0,0.0,0
49266,56.37708813306085,3,6,16.206292524968056,3,0.055765193203883845,0,0.0,0
49267,43.818283035258645,3,1,10.907824274998106,2,0.4965992392595567,0,0.0,0
49268,32.01181606282464,1,5,14.640212919701373,4,0.4084663351408475,0,0.0,0
49269,47.33461440571729,3,4,19.994140794308073,1,1.0289072224060252,0,0.0,0
49270,37.1925992594765,2,1,3.0827648408219304,5,0.9367120412784298,0,0.0,0
49271,44.185492321124954,2,3,7.6087302804606125,7,0.9998376726587201,0,0.0,0
49272,30.5933837312834,4,7,0.8450480049018108,2,0.0004506758891069662,0,0.0,0
49273,26.922390964142174,4,4,19.997035952053963,3,0.999853513055193,0,0.0,0
49274,27.624726631237166,4,4,9.339220479019298,1,0.4029161563845735,0,0.0,0
49275,53.087413377118125,4,2,20.476033276268748,1,1.0000640478686458,0,0.0,0
49276,20.012376007732758,3,6,11.586619138786697,6,0.7036996693113435,0,0.0,0
49277,42.12155633661388,3,3,4.7444309419509185,6,0.5016158216559574,0,0.0,0
49278,34.66269648258737,1,2,6.705708873256606,7,0.5243012359469718,0,0.0,0
49279,76.2534672540294,1,3,18.048019243363058,4,0.5015170786401999,0,0.0,0
49280,53.221890963220325,2,6,15.110097206126902,7,0.27096600958637757,0,0.0,0
49281,39.93574460012277,2,1,15.298283260986814,4,0.5326512474364817,0,0.0,0
49282,51.442499101500765,3,2,10.948486918435957,3,1.040193039860692,0,0.0,0
49283,40.27410477320813,3,1,4.11577095190579,0,0.11048535885326294,0,0.0,0
49284,40.38682525483699,2,1,20.004257536964765,3,0.5244844460765363,0,0.0,0
49285,68.59061437306686,1,5,1.8134095317932442,5,0.9799081488800511,0,0.0,0
49286,35.69727804639898,3,1,12.453859507511579,2,0.9998555120476281,0,0.0,0
49287,21.018819872661215,3,6,19.011858936974843,1,1.0412569548019084,0,0.0,0
49288,21.59475943419382,4,6,13.762198854542422,3,0.6578832558757128,0,0.0,0
49289,13.311107592714297,1,7,4.994639975554988,1,0.24260909520852664,0,0.0,0
49290,34.08285304391498,2,1,16.02971603696207,5,0.9224837314870322,0,0.0,0
49291,50.559677045101104,3,4,12.07213446699855,5,1.0000814302841459,0,0.0,0
49292,44.62053438367995,2,3,2.44745134483707,7,0.44883096875810596,0,0.0,0
49293,68.11270225048531,6,3,1.2840972248503277,2,0.8665703511274437,0,0.0,0
49294,40.68529397701047,3,2,16.127552169156168,3,0.9990287943091718,0,0.0,0
49295,59.112411354780754,3,1,18.458658564245084,0,0.4912474146352533,0,0.0,0
49296,38.35316671295087,2,3,12.922717115245133,1,0.6407729126212639,0,0.0,0
49297,33.05348322673311,3,6,9.841593960074555,4,1.0005017685353934,0,0.0,0
49298,54.178436556507506,2,1,16.29687692140517,7,0.9996772665305138,0,0.0,0
49299,39.86594796368281,4,2,11.820260123736322,7,1.0000658911926137,0,0.0,0
49300,31.957597857350056,3,4,17.14298787181807,1,0.9999876959806564,0,0.0,0
49301,41.03843454485123,2,1,12.587097087902595,4,0.9954633064394773,0,0.0,0
49302,56.90771068265214,1,6,4.64932669159831,7,0.9745747859427558,0,0.0,0
49303,54.23296493675903,2,5,9.59642174077117,1,0.23268543194749203,0,0.0,0
49304,49.9065921057488,3,4,19.17478110097864,7,0.3346881146632779,0,0.0,0
49305,63.68844016189154,4,3,6.840216502611875,3,0.9995548340562389,0,0.0,0
49306,61.14112628589987,2,4,19.99491090430098,7,0.9999813564173181,0,0.0,0
49307,38.663774123702,4,3,0.21020637389128005,4,0.37588467410548243,0,0.0,0
49308,44.32357641495935,2,6,3.4769150801549387,2,0.5626244494596598,0,0.0,0
49309,42.98523624745032,4,1,15.256889215435844,7,1.0003591540622545,0,0.0,0
49310,44.75287456599202,4,7,7.375872917070643,7,0.7226891386258988,0,0.0,0
49311,28.29629248730278,3,4,0.026200097094859487,2,0.9999000218203888,0,0.0,0
49312,50.582622127972215,4,3,18.969573252886377,6,0.4563649761371064,0,0.0,0
49313,49.2833426889172,3,6,16.933120966281408,2,1.0000161744876135,0,0.0,0
49314,48.41666695758958,2,2,8.991674030960562,3,0.35166377343102007,0,0.0,0
49315,48.87978817389073,3,1,11.097010487022217,7,1.0003574566083835,0,0.0,0
49316,33.795148947641295,4,4,19.998753039415792,1,0.23848785154089203,0,0.0,0
49317,46.063393136735385,4,3,24.78791267941085,5,0.20358834715904223,0,0.0,0
49318,39.17743346701515,3,6,11.755065389070733,7,1.000110552545869,0,0.0,0
49319,48.694072077054564,0,1,21.643945520438656,7,0.9996715296432599,0,0.0,0
49320,51.08152359860009,2,4,20.010667349647115,3,1.0000786812620208,0,0.0,0
49321,44.87635940070138,2,2,10.379072807334271,7,0.9999692660033211,0,0.0,0
49322,28.785306776139297,4,4,20.00149790702299,7,1.0001053392515187,0,0.0,0
49323,29.07981471867901,3,3,12.301160381043662,0,0.9999309187488302,0,0.0,0
49324,35.51527712664533,4,3,3.814016500644823,1,0.4523042334061743,0,0.0,0
49325,38.305625323399106,3,6,20.272248228168973,4,0.44393569953334666,0,0.0,0
49326,23.402324301964175,3,3,19.99708974800249,6,0.0866543690654974,0,0.0,0
49327,26.172307235844798,2,6,20.833758244520357,4,0.9335083021147802,0,0.0,0
49328,53.93435727862595,1,1,0.7563666759216048,2,0.9995737344711504,0,0.0,0
49329,49.79504004954728,1,1,11.163296230558222,7,0.5365576726133146,0,0.0,0
49330,50.98585328350002,4,5,19.99523587631475,1,0.999919729763824,0,0.0,0
49331,53.76467546378224,4,3,17.64215442667868,4,0.8661183040951183,0,0.0,0
49332,45.96701796128739,3,6,5.094307769567298,7,0.9997086889486204,0,0.0,0
49333,52.68072568709955,4,2,14.580182828461462,4,0.8895469922181154,1,9709.383539094159,1
49334,62.0521658634416,4,2,9.563365897060319,7,0.2080346329671784,0,0.0,0
49335,37.523194631500864,3,6,18.452418616773176,2,0.7067440585365977,0,0.0,0
49336,38.237933356415304,5,4,12.773758600800107,6,0.2984900913614644,0,0.0,0
49337,25.008087332844706,4,2,8.838860651511945,3,0.3440076136891527,0,0.0,0
49338,19.20051514184171,5,5,6.664947793686914,1,0.6445762830867631,0,0.0,0
49339,57.928961566109976,2,3,25.116868527466494,7,0.9997475419303135,0,0.0,0
49340,56.95834892835661,2,6,6.62678151675562,2,0.37679135731402685,0,0.0,0
49341,46.767735982588945,3,3,11.354787489754246,2,0.9998156919725628,0,0.0,0
49342,45.55863758438705,6,6,1.2824840929987182,4,0.6003106287264541,0,0.0,0
49343,29.95461717080488,2,1,13.373199342106393,7,0.7385245030166566,0,0.0,0
49344,53.61515345441211,3,5,20.004404315937194,1,0.6168207226722684,0,0.0,0
49345,69.76114551940866,3,4,17.311502904809085,2,1.0004761931072856,0,0.0,0
49346,44.6387309191201,2,6,15.325046984674302,1,0.6478463692105315,0,0.0,0
49347,47.275911683226994,3,3,10.230817774304393,2,1.0001764351185851,0,0.0,0
49348,14.14542433644979,3,6,3.661872019611872,6,0.49230454636007226,0,0.0,0
49349,55.599304305882846,2,1,5.881067033602807,3,0.49921305887314077,0,0.0,0
49350,37.33405180003223,1,3,4.510300656264939,1,0.4330277411745235,0,0.0,0
49351,24.342509827172737,5,2,8.07035420891394,2,0.3098797975294628,0,0.0,0
49352,48.393407183510405,4,2,20.002489677192894,1,1.0002667705776165,0,0.0,0
49353,28.45332628986434,3,3,8.106184018985871,4,0.4167851543037199,0,0.0,0
49354,51.01648635616984,2,1,15.677184594407525,3,0.49731462079815714,0,0.0,0
49355,25.79771695499485,3,5,19.03136832951734,1,0.22519355331171576,0,0.0,0
49356,48.685387439414065,6,6,10.435830764226115,7,1.1407334896637011,0,0.0,0
49357,46.0262269934426,2,4,20.09004349751435,2,0.09148515015869862,0,0.0,0
49358,39.23539957574203,3,3,6.5482031029674586,7,0.35206665479294935,0,0.0,0
49359,45.11772481237704,3,3,10.815116652562992,1,0.9993168637174168,0,0.0,0
49360,44.377140222642,2,2,9.882298921137547,7,0.9998951452129956,0,0.0,0
49361,47.18258410862668,3,3,10.581391254262595,7,1.000197358800038,0,0.0,0
49362,32.93752592777637,3,4,20.801851586911482,6,0.15228100393361677,0,0.0,0
49363,37.43784344956906,4,3,14.433856605614743,5,0.18885783390735456,0,0.0,0
49364,56.92951491863754,3,3,1.2521406235394519,7,0.999780296094259,0,0.0,0
49365,20.544948614782815,3,2,2.5420640058483404,4,0.4627190500050549,0,0.0,0
49366,23.71062040290407,4,3,10.751477524772438,4,0.5025976640994472,0,0.0,0
49367,34.60802591637912,3,5,10.277714443159093,7,0.9999597044454618,0,0.0,0
49368,49.04640566738193,5,5,1.0005127876077378,5,0.6354710900252211,1,5236.779371293449,1
49369,35.03048174400044,3,4,20.00161352551277,1,0.6990879308897527,0,0.0,0
49370,28.559581121045273,3,2,6.823465565325169,6,0.4794396207712076,0,0.0,0
49371,45.83768737101152,2,6,11.328350645948492,7,0.721279474091625,0,0.0,0
49372,37.25172281084356,3,1,13.053967389889072,2,0.5855435304609098,0,0.0,0
49373,50.62231850140146,7,3,0.0,7,0.8946231660335753,0,0.0,0
49374,42.21374244379276,6,3,6.7674383304825545,1,1.0533045793308018,0,0.0,0
49375,42.38462637417815,4,3,0.3199014359674237,6,0.25794335704816884,0,0.0,0
49376,48.332329579607034,3,1,8.042394505734187,3,0.9739957031562891,0,0.0,0
49377,36.65771509610825,3,3,7.137303223756299,3,0.9997560756326097,0,0.0,0
49378,27.64046289205472,4,3,2.0017606600149573,7,0.3448536502810262,1,78660.12895543355,1
49379,18.89740483663911,7,6,11.906654453677966,4,0.2365696816194589,0,0.0,0
49380,58.33696666086263,2,6,12.884896069026132,1,0.9664701813227088,0,0.0,0
49381,29.41321653549969,1,5,4.923441236692465,5,0.4859568781744153,0,0.0,0
49382,43.09161180769497,4,1,16.72544995034144,2,0.29960928708823914,0,0.0,0
49383,49.32668489428463,1,3,8.512369092855348,1,0.9998811015787137,0,0.0,0
49384,57.447646695356994,5,3,11.63657250944574,6,0.9996638836000757,0,0.0,0
49385,48.773536960212525,3,3,20.007850857044897,4,0.5228357600407925,0,0.0,0
49386,49.456787922983885,2,3,10.825298907413872,2,0.44154238334253504,0,0.0,0
49387,41.809859280423126,3,1,8.497398395403074,0,0.999908801672877,0,0.0,0
49388,40.25558595823836,2,6,5.7731745782618145,4,1.000188839912473,0,0.0,0
49389,24.38208079259485,6,2,13.567036497321656,3,0.5623169491687872,0,0.0,0
49390,51.783684022012594,3,4,11.465982450180004,5,0.942912389453761,0,0.0,0
49391,58.91002975955788,4,1,1.8589087198722805,8,0.548860039382739,1,41811.31695413464,1
49392,43.59986051022776,4,5,12.555038869700677,3,0.49920141937454654,0,0.0,0
49393,18.795639446212693,3,7,15.370415370076365,4,0.0,0,0.0,0
49394,52.52053835694478,4,3,11.274033996808418,7,0.4677041499099762,0,0.0,0
49395,31.24034679088007,4,6,15.390685460042492,4,0.6539683135606088,0,0.0,0
49396,37.51132718159967,2,5,15.598751638231874,0,0.9648137769775773,0,0.0,0
49397,16.08652830354092,1,4,7.640905327711393,1,0.9587675531625428,0,0.0,0
49398,42.90791877038042,3,4,3.1523098640985987,7,0.6294298864103192,0,0.0,0
49399,34.54654222590228,6,4,5.843907022370301,7,0.9995282491894488,0,0.0,0
49400,36.71133596741362,4,3,0.0,3,0.40503953395635806,0,0.0,0
49401,56.9394552587209,3,5,16.24234587072101,4,0.5198274529137996,1,303.03987099061385,1
49402,67.83373518450901,2,3,16.382315570055695,2,0.30168705050897215,0,0.0,0
49403,49.027193747144096,3,1,7.867448048791303,4,0.4961698974385782,0,0.0,0
49404,54.48092047362165,4,1,14.087145109472266,7,0.11038585812056512,0,0.0,0
49405,41.60403420169919,3,3,14.717184764779871,3,0.999973874030778,0,0.0,0
49406,21.627974188669754,4,3,1.6165829659258666,5,0.45650122207168675,0,0.0,0
49407,46.39969841965467,6,1,18.65086304821578,7,0.9997625477239396,0,0.0,0
49408,26.360783266478972,3,1,16.964776807604327,4,0.23006499408012238,0,0.0,0
49409,41.094390213002704,4,2,0.0,6,1.08115147908143,0,0.0,0
49410,37.884052594643094,5,1,20.005485871530897,2,0.9417573078727366,0,0.0,0
49411,47.48776173114865,3,4,14.369403758967103,4,0.10776996959195961,0,0.0,0
49412,58.68754520102219,3,5,10.607813260553986,5,1.000587343014367,0,0.0,0
49413,12.037661945500766,2,1,14.569973942506099,0,0.23364383792506316,0,0.0,0
49414,44.59890950872435,1,1,0.0,7,0.9936953019540966,0,0.0,0
49415,46.043840119669724,3,3,8.691103724695363,5,0.9536416326395472,0,0.0,0
49416,35.0619184498066,3,1,7.446467629989993,5,0.9999967712329254,0,0.0,0
49417,56.858784875093605,3,6,17.295042359343572,3,0.5891010293142241,0,0.0,0
49418,35.43661934581391,3,2,0.7190178361963095,1,1.000295466262131,0,0.0,0
49419,18.028443265820425,1,6,7.784245282850769,2,0.2683977026091335,0,0.0,0
49420,26.142998429063255,2,4,15.307955313137207,1,1.0046339103195474,0,0.0,0
49421,59.45171113138803,3,4,16.269316382457934,2,1.0002952321989025,0,0.0,0
49422,51.74971148916417,3,4,14.623540039738339,2,0.46809187722404555,0,0.0,0
49423,45.56555366138192,3,3,6.982668520727732,4,0.2540450972508187,0,0.0,0
49424,61.11468811366214,3,1,2.562865439892196,4,1.0004119630015786,0,0.0,0
49425,26.85643152973565,1,5,1.5268970791936542,4,0.6077814760378044,0,0.0,0
49426,44.15622755849403,3,4,19.99872864622636,1,0.9998687158043527,0,0.0,0
49427,51.62923627407141,4,5,8.189343214594494,3,0.4995449100159899,0,0.0,0
49428,30.287106880863323,4,3,11.270586852661479,6,0.28497853027337494,0,0.0,0
49429,40.649231512756586,3,7,2.351475018655215,6,0.24579203247346237,0,0.0,0
49430,47.177300658767415,3,1,14.076627228585824,7,0.9996745811136702,0,0.0,0
49431,36.24803593125741,2,4,5.737749036132441,3,0.04650934222335601,0,0.0,0
49432,42.314696731651594,2,3,0.0,3,0.9992979723118374,0,0.0,0
49433,51.11519222838899,1,5,12.997432071520084,5,0.4618279980715799,0,0.0,0
49434,62.58620983954148,6,6,16.990663158651817,2,1.0379524534113518,0,0.0,0
49435,42.83049708084533,1,3,10.5881103830457,7,1.000272473873371,0,0.0,0
49436,25.034784977404794,4,2,12.125050735863862,4,0.44345427700413864,0,0.0,0
49437,50.31605017143777,2,6,15.426495989488327,2,0.2991579067197249,0,0.0,0
49438,29.519636969911456,2,3,2.0797979853106927,3,0.9742680400256611,0,0.0,0
49439,43.20963690553849,4,1,9.034231673393013,7,1.0002229291516969,0,0.0,0
49440,46.87068804150893,4,6,5.7555939785824295,7,1.000665376398473,0,0.0,0
49441,37.25720456229827,0,1,6.80000743855573,3,0.5102324049153185,0,0.0,0
49442,51.59845907167133,5,6,11.889201888668337,7,0.8009068919890995,0,0.0,0
49443,29.49372021549462,3,5,13.574198901978775,1,0.9995078637069829,0,0.0,0
49444,47.474755843950284,1,6,6.418658889733043,7,0.9999845508077634,0,0.0,0
49445,56.76771009936677,2,2,21.850523484781434,7,1.0348797098232612,0,0.0,0
49446,30.398165886038697,2,5,17.611724478609645,6,0.45967247433531694,0,0.0,0
49447,69.75470107282531,2,1,14.497552947539793,3,1.0005147029034367,0,0.0,0
49448,43.19839119365681,3,4,2.599098705427341,2,0.49758861397913784,0,0.0,0
49449,40.91054597124337,1,1,12.353914617436168,4,0.255412407782182,0,0.0,0
49450,62.17649531290754,3,3,5.41153348118427,7,0.9997467920767533,0,0.0,0
49451,29.033992774900437,3,2,12.852352235082941,1,1.0000492095298466,0,0.0,0
49452,50.90390120720374,5,4,19.992009645227476,7,1.000319031968905,0,0.0,0
49453,23.584932978865734,2,2,2.5759730509626415,1,0.596040063140705,2,28651.71210368181,1
49454,58.14381534368093,3,0,18.981022779976893,1,1.0001618100341043,0,0.0,0
49455,50.24871849385583,4,4,19.99854300528483,1,0.9999650662749382,0,0.0,0
49456,56.18879130766945,4,4,20.011508685933045,7,0.9994556993497774,0,0.0,0
49457,54.438406187926816,3,3,20.047603726780743,3,0.9996443868235931,0,0.0,0
49458,43.25502470673584,2,6,11.829366405157401,7,0.9998946406086591,0,0.0,0
49459,35.939406314400095,3,6,15.654368310541408,3,0.44748680539463154,0,0.0,0
49460,52.50570458716233,5,2,7.373728151527592,7,0.9999619766222838,0,0.0,0
49461,47.179350824743885,4,3,7.9999633274644175,3,0.999637956760107,0,0.0,0
49462,47.41283320982734,6,6,12.772388386665785,7,0.8000151295636104,0,0.0,0
49463,50.095088572601504,4,3,21.829358080533527,3,1.0001191982386528,0,0.0,0
49464,45.445166374838095,4,3,6.046500164520396,2,0.4948737347960185,0,0.0,0
49465,50.412008599633346,5,1,21.90702826825209,5,1.0003034097229935,0,0.0,0
49466,45.24844354478927,3,3,18.14942415913078,4,0.9998051829530133,0,0.0,0
49467,37.24611930418547,3,3,0.0,0,0.89007402834779,0,0.0,0
49468,23.276484603825274,8,1,8.49852135676187,3,0.738351370765246,0,0.0,0
49469,41.78656941495393,1,6,17.84993386786958,3,0.49792540760562587,0,0.0,0
49470,41.68012719146297,5,2,12.792763932583389,7,0.9995133022422863,0,0.0,0
49471,42.46187684283641,3,2,10.005147513541983,7,0.591677728536177,0,0.0,0
49472,26.182535815681625,2,1,13.22912183323589,7,1.0003083815191125,0,0.0,0
49473,48.687001672073464,2,5,0.0,7,0.9576766960726331,0,0.0,0
49474,42.640391852287564,6,3,10.720100634655386,5,0.42987542124787737,0,0.0,0
49475,51.169142139097275,3,3,0.0,6,0.500599644980599,0,0.0,0
49476,22.25368205683397,4,5,16.29448687135787,1,0.32132751542498306,0,0.0,0
49477,41.1300913158008,1,6,11.746876219998061,6,0.37775113713036085,0,0.0,0
49478,32.606487891828664,3,2,23.95256452393187,3,0.9407463380044239,0,0.0,0
49479,21.042348219872714,4,1,17.855728099279204,7,0.0,0,0.0,0
49480,64.72108506508474,4,6,3.0070253031929717,7,0.5645448136878748,0,0.0,0
49481,45.13408862941405,3,4,15.897973949178635,1,1.000191293632279,0,0.0,0
49482,29.665615477072002,5,5,9.701463216734822,3,1.0000723369616398,0,0.0,0
49483,42.86681884727747,3,1,19.986496871737465,7,0.33065833954185936,0,0.0,0
49484,54.478050920303524,5,3,17.46783967123868,2,0.970271456338454,0,0.0,0
49485,41.80301561479912,3,1,9.358869282019812,7,0.6832266928104335,0,0.0,0
49486,34.164916339678996,4,1,10.789859144175352,7,0.5383351271681308,0,0.0,0
49487,45.92888511559304,3,2,7.006450372499579,1,0.9426701573588401,0,0.0,0
49488,45.008843980625755,3,2,18.672573078049336,7,0.45447211494703443,0,0.0,0
49489,18.49847027786932,3,4,3.3019131288588097,2,1.0000216769785346,0,0.0,0
49490,26.400874609867284,2,1,1.8532633959145226,3,0.6947968830505812,0,0.0,0
49491,34.561649609206754,3,1,4.625612528263588,7,1.000312664716959,0,0.0,0
49492,65.51399852526856,5,3,10.307160940064232,2,0.50268228560935,0,0.0,0
49493,21.1997540809151,2,1,5.5084738389344,3,0.8049390949640022,1,8436.796385595913,1
49494,36.52840771431551,2,6,12.974724031115327,5,1.000289826306896,0,0.0,0
49495,54.99559013069093,2,1,17.490611975527955,1,1.0000052891273632,0,0.0,0
49496,20.25392915093088,3,6,14.192494236774035,3,0.2831086171317577,0,0.0,0
49497,28.7045187865053,3,3,6.939333718247026,3,0.9994607945637293,0,0.0,0
49498,39.70994300520162,3,3,8.81620383771902,4,0.20916186659958086,0,0.0,0
49499,49.76369490600842,2,3,0.17631385358080287,3,0.4965780850756999,0,0.0,0
49500,42.21802863359336,2,2,10.62280508416298,6,0.43354496799741443,0,0.0,0
49501,31.236479979724457,3,4,16.079950378279776,7,0.523049101966917,0,0.0,0
49502,48.02788570750638,2,2,8.147668609942148,7,0.3854244252612374,0,0.0,0
49503,51.80950308095951,3,3,15.807330705153706,5,0.999621634821479,0,0.0,0
49504,58.65691934646493,1,1,5.366391881837494,7,1.0013934973624359,0,0.0,0
49505,27.44472734093522,5,3,16.647960131979332,3,0.20945912863408245,0,0.0,0
49506,36.97479451369475,1,2,12.282855234054,1,0.47486627883212257,0,0.0,0
49507,20.16451612743462,3,6,3.05756048108395,5,0.4104126158830209,1,2142.189854517332,1
49508,34.67237139379001,2,3,17.737928716511192,7,0.42977169040067237,0,0.0,0
49509,41.460232767986966,2,3,9.935885229341658,5,0.9999249277927051,0,0.0,0
49510,0.0,3,4,9.30200315546991,2,0.9995965878824699,0,0.0,0
49511,55.088922182543286,2,2,8.564560397871812,7,0.9997680628619932,0,0.0,0
49512,49.80178219783974,3,1,4.6868007177931394,0,0.2924403593744458,0,0.0,0
49513,47.40235158319016,3,2,0.5738444875028037,5,0.3494975986767083,0,0.0,0
49514,62.48967131055301,4,1,9.997349467739264,3,0.40542501916106,0,0.0,0
49515,14.099901995762895,3,1,8.549533917396827,2,0.24697469400570643,0,0.0,0
49516,25.36003733281584,4,6,4.507339756248099,2,0.4589772590657357,0,0.0,0
49517,53.435559024813074,1,1,14.200956890986642,7,0.9634237633023943,0,0.0,0
49518,24.836360813849435,4,6,16.711545034726694,4,0.24680157317460782,0,0.0,0
49519,38.69356835812924,4,2,22.655602975261697,4,0.24163766233098755,0,0.0,0
49520,53.45700683659783,1,6,14.407760998334652,7,1.0007845508571456,0,0.0,0
49521,27.557016191209744,2,2,11.621041698094482,5,0.9513417070262076,0,0.0,0
49522,65.5815167898196,4,3,12.882162732655535,2,1.0002595054912702,0,0.0,0
49523,59.01689286090992,2,3,0.0,7,1.0004777521766355,0,0.0,0
49524,22.615429234766893,1,1,3.2100427534144655,5,0.5203507293109877,0,0.0,0
49525,67.05224084118558,2,1,7.838080037137492,7,1.0000760325992186,0,0.0,0
49526,62.920957650675135,3,4,19.99335484168942,1,1.0002998650784973,0,0.0,0
49527,18.7173742958884,3,4,4.346008198523911,3,0.9999576398568396,0,0.0,0
49528,41.05118921447786,3,4,8.280024021191284,1,0.0,0,0.0,0
49529,23.292253528178808,5,6,14.744261103205659,5,0.9998385126088414,0,0.0,0
49530,28.853369329628798,4,1,7.602778981249363,2,0.9996690328468888,0,0.0,0
49531,24.853416060400818,6,2,9.815395110835558,2,0.9610582438701627,0,0.0,0
49532,61.19611141632096,3,2,0.0,7,0.9583162113548795,0,0.0,0
49533,42.98144214124774,6,6,18.067466845020636,3,0.8306596083064061,0,0.0,0
49534,47.72884620491651,2,1,20.002257208806366,3,0.6181645647930718,0,0.0,0
49535,34.136105274472754,3,5,19.52630224606444,3,1.000376291141737,0,0.0,0
49536,28.307078759412867,5,1,6.721257998934956,4,0.3007628382173832,0,0.0,0
49537,26.59890145348795,5,6,15.102735718528837,3,0.06538161245134921,0,0.0,0
49538,32.90872088784821,1,3,1.5300356590598057,1,0.4798702863611214,0,0.0,0
49539,42.01221540201245,2,3,16.20277033899065,2,0.6151299881845308,0,0.0,0
49540,58.477108487661624,1,4,7.540737963314157,5,0.9569021656749233,0,0.0,0
49541,57.042729656954094,3,2,17.089578014700898,2,0.11916699309958001,0,0.0,0
49542,45.5536860816915,4,4,20.007610840437827,1,1.0003249028983254,0,0.0,0
49543,42.1188504437074,2,6,13.038644783135107,6,0.7557133537683072,0,0.0,0
49544,63.860639667332805,3,2,14.356070849286963,6,0.9996176141176519,0,0.0,0
49545,47.61049564671812,3,3,10.9559153878761,3,1.0002978331560777,0,0.0,0
49546,28.17329782781053,3,7,0.34283443690586246,5,0.00042011738894587314,0,0.0,0
49547,49.10430472215747,3,3,14.29906510253053,4,0.95410089001951,0,0.0,0
49548,18.763783450014195,4,3,3.646360334788433,4,0.09791669134485148,1,44880.81800022363,1
49549,33.41289197682882,3,4,20.05882397509128,3,0.999713301255591,0,0.0,0
49550,21.119899205919406,3,3,0.533284987930033,3,0.927636928642668,0,0.0,0
49551,52.375793451540225,1,1,7.916009706882065,3,0.9998047669430205,0,0.0,0
49552,36.577803932820295,0,1,19.4230728340022,4,0.5870586815291755,0,0.0,0
49553,55.0026279458989,5,3,8.870776303862861,4,0.5186282752278886,0,0.0,0
49554,40.03021975400161,4,3,3.90805894653199,3,0.4985981747263206,0,0.0,0
49555,30.532136411267473,3,0,14.216402391141179,2,1.0000504757733553,0,0.0,0
49556,33.163625621180714,3,4,19.045291446679652,4,0.0,0,0.0,0
49557,47.62823947351521,3,6,7.369400851614905,7,1.0001029060063793,0,0.0,0
49558,49.82856161113549,4,6,7.053071514846269,2,0.11606285003821282,0,0.0,0
49559,65.759310485335,3,6,11.75670581749788,7,0.6635975147031103,0,0.0,0
49560,26.420759757169343,3,6,0.643369679932416,6,0.4115979682098022,0,0.0,0
49561,46.860602293758774,1,3,17.881016989949003,7,1.000027934870785,0,0.0,0
49562,13.4179030477071,1,3,11.171701020689111,2,0.41754950129888246,0,0.0,0
49563,65.0225405014969,1,2,21.86850985664266,6,0.5502355223639677,0,0.0,0
49564,43.56163805799671,3,1,10.281485189295699,4,0.9997224073543061,0,0.0,0
49565,58.049449528488815,1,3,14.83089721449629,6,0.40144478325119776,0,0.0,0
49566,47.92166735844489,3,6,9.766868852012369,7,0.9653703480135761,0,0.0,0
49567,44.83372790186656,3,2,14.185256961893645,5,0.3191196468095677,0,0.0,0
49568,42.21201361447502,2,1,14.363973602561138,2,1.0003117842413312,0,0.0,0
49569,74.1825024315027,5,3,0.0,7,0.4207887086007618,0,0.0,0
49570,26.0704694386951,3,3,17.54860708982614,1,0.9338476861531059,0,0.0,0
49571,48.48626331194302,3,3,9.859044755627632,2,0.40191602970959023,0,0.0,0
49572,21.929042487490516,3,5,6.1548849702077515,7,0.27071476011560597,0,0.0,0
49573,60.8409817462406,2,3,11.468064864416174,3,0.49991232427903676,0,0.0,0
49574,34.90898684383313,3,6,19.9967792856133,1,0.0,0,0.0,0
49575,51.03170653395789,2,1,2.5033371347005478,0,0.8351270901195733,0,0.0,0
49576,31.488050130757674,1,6,2.314786430252722,4,0.5289199771382844,0,0.0,0
49577,33.65612956088338,1,1,12.739277010182057,4,0.6952483330802763,0,0.0,0
49578,59.79932070572232,5,3,16.73751192942199,7,1.0001131040712454,0,0.0,0
49579,48.715651130726876,3,1,12.35394082356009,7,0.9994643535988674,0,0.0,0
49580,39.98654883678908,4,3,0.0,7,1.020185289570171,0,0.0,0
49581,19.164797756106715,3,2,16.19117072114985,4,0.14264712610096808,0,0.0,0
49582,38.600760184589284,3,1,20.54209705161204,2,1.0004794398097794,0,0.0,0
49583,42.28364106905134,3,6,19.614550180674428,7,0.999972762034872,0,0.0,0
49584,17.701121358526144,2,4,7.924056211598597,1,0.9993961222187214,0,0.0,0
49585,48.90854150039832,3,6,5.16508337459456,7,0.65943621156,0,0.0,0
49586,31.974405618750033,3,4,15.607605891061977,1,1.0002964980112723,0,0.0,0
49587,43.21433269442328,2,6,10.038971803342381,2,0.8324310173888004,0,0.0,0
49588,31.62014383459909,2,3,6.641269832654142,1,0.0,0,0.0,0
49589,61.98934336934098,5,1,0.0,7,0.5660858639055054,0,0.0,0
49590,41.45912827758045,2,2,12.905434428807604,7,0.9995241173953389,0,0.0,0
49591,38.79001614099315,3,1,15.779899199913697,2,0.99978336307959,0,0.0,0
49592,40.661033631203125,1,7,15.342829563637812,1,1.1714534072981995,0,0.0,0
49593,42.86788686245485,5,2,14.502942369354324,7,0.26953991751459283,0,0.0,0
49594,35.5034072284304,4,6,4.895665222358195,7,1.1995596958726127,0,0.0,0
49595,22.38473374760903,3,3,19.998051413232787,1,0.4677467437895406,0,0.0,0
49596,48.99508280535997,3,3,25.75396763379268,2,0.30763286587059124,0,0.0,0
49597,47.90849724115887,2,6,5.502608732967231,3,0.25409058168679877,0,0.0,0
49598,46.00672535783984,4,2,12.734087221231423,5,0.4030689637506082,0,0.0,0
49599,47.74835957721521,5,3,12.029001759033077,3,0.5065745975021743,0,0.0,0
49600,24.01991800271479,3,6,1.1778857539941967,3,0.25249603226784995,0,0.0,0
49601,55.63402302683535,3,6,5.47689456811386,7,0.9994511478996393,0,0.0,0
49602,40.69514083896188,3,3,19.99541665905096,1,0.9995739750008544,0,0.0,0
49603,41.176455643874306,4,2,7.054865588946819,7,1.0002989594411678,0,0.0,0
49604,47.347747156946525,3,3,7.315305639557529,3,0.449204789098819,0,0.0,0
49605,21.032474936989075,0,1,12.17554482299163,3,0.03974970986478521,0,0.0,0
49606,66.27337076491074,3,3,15.279631903168728,5,1.000031530250894,0,0.0,0
49607,35.68724369596492,3,2,13.852040839773725,7,0.883879601232394,0,0.0,0
49608,62.89896153317089,4,6,12.442337599942004,7,0.784439848564619,0,0.0,0
49609,24.138095843429802,3,6,1.8547988037959264,2,0.46545363304018084,0,0.0,0
49610,19.874716421653275,3,4,20.001759799924955,1,0.5022155733966033,0,0.0,0
49611,21.142525808728347,4,3,8.067525244719796,7,0.11954724062578659,0,0.0,0
49612,46.71136981076241,3,5,12.492743414184941,7,1.0007242200773572,0,0.0,0
49613,16.720983622146367,1,3,13.086000184489356,2,0.20634084738866648,0,0.0,0
49614,48.82975570247723,3,3,14.29235079160221,5,0.9998751336156162,0,0.0,0
49615,36.167573648420664,3,6,16.56375450680901,1,0.9801739651441852,0,0.0,0
49616,43.75709136705963,2,1,16.16365915353846,7,1.0003588655434457,0,0.0,0
49617,32.51165084800695,6,3,17.847750850434444,2,0.3572988398696265,0,0.0,0
49618,31.059852245833653,3,5,17.239204677658613,4,1.000440749346252,0,0.0,0
49619,41.031008288744225,5,3,10.633829331932114,3,0.8879329666092088,0,0.0,0
49620,56.850966856706826,3,3,13.02503927025154,1,1.0080960787972721,0,0.0,0
49621,58.22477022116194,4,2,15.09718918549832,7,0.9999144287954824,0,0.0,0
49622,27.47731825972828,2,6,11.811796392761359,2,0.05105663651021819,0,0.0,0
49623,44.02615946301944,2,4,5.365877473401384,1,0.24270888347281327,0,0.0,0
49624,54.5797612929873,4,8,4.6035289482781705,7,0.499177013202195,0,0.0,0
49625,27.270173738835144,2,6,9.651089249907606,1,0.9319936465982477,0,0.0,0
49626,54.668251515558886,3,3,18.12095415050432,5,0.9999556853162874,0,0.0,0
49627,24.560718009287548,5,1,8.004629143623411,7,0.2998627530322027,0,0.0,0
49628,46.1822614191997,2,3,9.716242683248247,3,0.4594571447735418,0,0.0,0
49629,45.77786743422009,3,2,2.671316506097705,7,0.6782186588991359,0,0.0,0
49630,42.96396032629014,4,1,12.50252389800881,4,0.4931703787735837,0,0.0,0
49631,24.06465080084616,1,1,16.601265266903336,2,0.9374290982893442,0,0.0,0
49632,31.629219702971092,5,1,13.86896431316524,4,0.0,0,0.0,0
49633,62.997130056393885,6,6,15.019219484503918,2,0.6587596328785674,0,0.0,0
49634,42.40776796663275,5,3,10.90313204035477,2,0.9996067507138556,0,0.0,0
49635,33.24756210833383,3,2,14.571219348560248,1,0.9998439696968242,0,0.0,0
49636,35.98828359164396,4,3,12.581190909951477,1,1.0000736681685771,0,0.0,0
49637,24.90311758139303,2,3,12.079176958886816,1,0.4951259819554419,0,0.0,0
49638,44.17128893921374,4,1,4.109755630787925,0,0.4081884974459823,0,0.0,0
49639,20.16972438294279,2,3,12.077559985137883,4,0.5315287550471138,0,0.0,0
49640,34.988433388031154,4,3,0.0,2,0.0,0,0.0,0
49641,30.06320730032664,2,6,12.699813681452188,4,0.5068586261591729,0,0.0,0
49642,42.81146205141218,3,3,12.710805074037246,1,1.0000622592150294,0,0.0,0
49643,44.07557148467015,4,4,9.26156892208054,6,0.7939824143794685,0,0.0,0
49644,39.88917542514406,2,3,8.655541620176004,7,1.000502006607569,0,0.0,0
49645,53.13138454048898,4,6,12.767272472972925,7,0.3160272272317547,0,0.0,0
49646,32.78597556130134,3,1,10.126670978333951,2,1.0002162404051997,0,0.0,0
49647,31.660525521129458,4,4,11.905699568761001,1,1.0472071139832289,0,0.0,0
49648,56.96359542319294,4,5,14.525082610941153,7,0.8929742761546332,0,0.0,0
49649,16.983975100557206,4,3,5.634790743144122,7,0.04017465696271505,0,0.0,0
49650,25.395890357327318,3,3,10.824301721111471,2,0.8638497666679069,0,0.0,0
49651,28.899433469027876,3,5,1.9728473803106308,2,0.0,0,0.0,0
49652,54.2154225161592,2,6,5.4591927802588405,7,0.9996034877761373,0,0.0,0
49653,44.11306402387048,4,1,17.13506353096754,7,0.9993052926205686,0,0.0,0
49654,41.39063550447567,5,6,10.68625269169351,7,0.36016119983110423,0,0.0,0
49655,20.575916478392543,4,6,9.215910880677724,3,0.3202197553136672,0,0.0,0
49656,32.985415508617805,5,2,4.96391158320064,7,0.24307696574150806,0,0.0,0
49657,55.12592138904542,4,3,4.970787348284939,3,1.0099223899459944,0,0.0,0
49658,36.21699150813256,2,6,17.96350603953981,3,0.4464018264465185,0,0.0,0
49659,50.65367422467084,1,5,2.6071903326883366,2,0.25628166486626214,0,0.0,0
49660,29.756811936915447,2,2,11.488460614693425,5,0.012119316798917534,0,0.0,0
49661,21.423028327822717,3,3,13.002670712087284,1,0.39893726234994936,0,0.0,0
49662,47.38508970759881,6,3,21.101594242216215,4,0.49323275057146465,0,0.0,0
49663,33.460113962555184,3,2,18.15494931531513,7,1.0001199718971292,0,0.0,0
49664,6.26940601884823,3,1,0.2763224051598403,4,0.25615310580783596,0,0.0,0
49665,22.409348083465247,2,2,7.650030004618888,5,0.0,0,0.0,0
49666,45.021295414819804,3,6,25.448677372121963,6,0.9999532068498209,0,0.0,0
49667,28.45562526978095,3,1,11.851883388999267,3,0.42265274987825474,0,0.0,0
49668,48.153082754501156,4,3,14.260333578684808,3,0.9993298675407843,0,0.0,0
49669,26.206483234369962,5,2,1.3854927361455456,1,0.49048830603225874,0,0.0,0
49670,34.51655464115028,3,1,0.0,7,0.6075786571363395,0,0.0,0
49671,50.61410457520098,3,2,13.995125102761218,5,0.9996793255810303,0,0.0,0
49672,37.14673487663768,5,2,14.880484319535608,7,1.0004650774116925,0,0.0,0
49673,55.65729285746127,4,6,17.04971449596371,2,1.0377254318928968,0,0.0,0
49674,20.54924386990794,3,2,10.705523717298359,2,0.9896113738230872,0,0.0,0
49675,21.39451727263524,1,1,1.4903953336375029,3,0.35700938253500136,0,0.0,0
49676,51.30209292604937,3,4,15.981641683439015,2,0.29723269926679113,0,0.0,0
49677,31.66814940504087,3,5,13.974632448979019,1,0.3833642144006287,0,0.0,0
49678,8.473731600663406,0,3,21.914121523859652,7,0.19274509599063827,0,0.0,0
49679,50.57245117239993,1,1,15.969665210752092,1,0.9996543607745861,0,0.0,0
49680,22.89175769714212,5,6,5.184574006670907,4,0.6852040088826831,0,0.0,0
49681,22.183031990525485,6,2,3.1289262079829614,2,0.9537197104983651,0,0.0,0
49682,26.150486692458852,5,1,14.850002406826459,4,0.9232073978839805,0,0.0,0
49683,27.176213304899633,2,2,14.154317298794991,1,0.9999512424566039,0,0.0,0
49684,26.942561949129026,3,3,13.96175941902301,0,0.9998103821338444,0,0.0,0
49685,64.05366542231559,4,1,17.750089239986153,3,0.9993642444016544,0,0.0,0
49686,22.510394260650955,5,2,11.843483892805308,1,0.7902083074331107,0,0.0,0
49687,37.969062882814505,2,3,10.715045126451942,5,0.9375690550448795,0,0.0,0
49688,39.660710518199885,3,1,16.970978382544146,7,0.9997626741942403,0,0.0,0
49689,53.47467621948332,1,6,10.563206568907331,5,1.0000950464157254,0,0.0,0
49690,48.26099609968011,5,6,12.246349435460996,4,0.9999938456410603,0,0.0,0
49691,44.549673389402074,3,6,16.09539141154861,3,0.5837940622162913,0,0.0,0
49692,27.16547133409506,1,4,23.829704130699312,1,0.0,0,0.0,0
49693,45.428409438315896,2,1,17.961270570041876,2,1.000926097329883,0,0.0,0
49694,52.39558615101282,2,5,4.7176694276789055,4,0.498650153626511,0,0.0,0
49695,51.175159217463545,3,4,8.403470276659844,7,1.1337446448116728,0,0.0,0
49696,48.99490306071496,2,6,13.469802764233451,5,0.9999523239475013,0,0.0,0
49697,59.709076101198185,4,1,3.1495920291078265,7,1.0000794536358546,0,0.0,0
49698,65.00395250414047,4,3,8.375359335409334,7,1.0000001064606128,0,0.0,0
49699,66.63467819233867,3,1,11.919538895569731,7,0.9996144975233062,0,0.0,0
49700,56.31304370934426,2,5,1.2962787291279003,1,0.533598413588912,0,0.0,0
49701,36.69258591973966,3,2,19.34809879087721,5,0.0,0,0.0,0
49702,20.031601478201374,3,2,5.959533215563876,7,0.6615833772797696,0,0.0,0
49703,56.61007889654672,4,3,7.946907073918993,5,0.5009944375138691,0,0.0,0
49704,54.57034097503047,0,6,2.710843568260742,7,0.5155756417713363,0,0.0,0
49705,44.9402951294993,2,3,1.6435117416548533,7,1.0004740900824025,1,83708.30616384039,1
49706,52.068533679581385,5,3,1.571713646629032,0,1.0193289315700826,0,0.0,0
49707,50.495036627338735,5,5,19.990468693790458,1,0.2146643878070154,0,0.0,0
49708,17.816185835476237,2,3,1.8861597586930436,3,0.3266173154154784,0,0.0,0
49709,37.06247838159583,1,6,8.828446632272229,2,0.7373757397002125,0,0.0,0
49710,39.038918786014314,3,2,15.004924730299244,5,0.22892293941959485,0,0.0,0
49711,36.19957908618831,3,3,0.0,4,0.19165774681449588,0,0.0,0
49712,46.5278993757708,6,3,14.869941996150084,3,1.000462672224144,0,0.0,0
49713,23.91672319818969,5,5,7.1294004298790465,1,0.8766797227487364,0,0.0,0
49714,32.26248611073318,3,6,5.5595204252410975,4,0.23738552765805043,0,0.0,0
49715,21.814923541717484,0,2,11.121861355805104,3,0.472991937103889,0,0.0,0
49716,40.62636652902905,5,3,7.184181716515196,2,0.9999660460350677,0,0.0,0
49717,33.037030004836744,3,3,2.9331937105302046,3,0.2430742444600666,0,0.0,0
49718,26.952360021744568,1,3,10.894778458121863,3,0.6506047726819147,0,0.0,0
49719,23.761727820369625,4,6,16.886930395284573,1,0.6493191131850713,0,0.0,0
49720,44.570608119127236,4,3,23.490223814269672,6,0.6075428394271192,0,0.0,0
49721,35.82757613962184,1,3,12.74780476390777,3,0.8059179782894075,0,0.0,0
49722,37.67803614927606,2,3,11.848841084578563,4,0.9998205369759491,0,0.0,0
49723,22.894190984557692,1,2,5.906205104347479,8,0.20649604676155237,1,22434.63505602241,1
49724,43.079828943297876,4,4,3.3283284641349278,6,0.7011747228493457,0,0.0,0
49725,28.45653670394406,3,2,14.681424194989852,3,0.9597051669737888,0,0.0,0
49726,43.97441201396155,5,3,4.242865801059959,4,0.0,0,0.0,0
49727,50.407757176687795,3,4,8.228551798391251,2,0.28448437732239307,0,0.0,0
49728,51.65165936845641,2,3,12.710954543687588,3,0.7024724588302419,0,0.0,0
49729,30.332899889520057,5,7,1.6726129486619694,9,0.0,0,0.0,0
49730,36.113583124617094,2,2,12.897134738824661,5,0.49958960329812163,1,18091.27743554209,1
49731,46.31571787243158,3,1,15.183597388037555,7,0.9998972078228545,0,0.0,0
49732,51.54508534573148,7,1,12.539590557228165,1,0.9999315043473803,0,0.0,0
49733,54.262242895383814,4,2,15.481547461206059,7,0.9997364389425417,0,0.0,0
49734,32.12797542287534,2,5,1.8091135323995395,7,0.9626355831985138,0,0.0,0
49735,62.75076402061734,8,4,7.327494163687859,7,0.9996933316417111,0,0.0,0
49736,52.96572714416904,3,1,11.847009290092393,2,0.9564009983251387,0,0.0,0
49737,52.39527709149267,3,6,17.905714232313123,3,0.2586212159354853,0,0.0,0
49738,23.916128754001928,4,6,8.05623143424557,1,0.0,0,0.0,0
49739,51.22072256643053,1,5,5.852110211824416,5,0.5356283881530439,0,0.0,0
49740,37.63362528839823,1,5,21.879197534261372,1,0.9789895402811881,0,0.0,0
49741,41.92291959146379,4,6,0.0,3,0.5771039041949965,0,0.0,0
49742,35.988571206265675,3,3,11.020879818636724,7,0.9700107589952198,0,0.0,0
49743,51.68714002225248,5,4,7.249574777618772,7,0.5009118649378899,0,0.0,0
49744,34.76179063014323,3,6,0.0,3,0.7864103880260209,0,0.0,0
49745,38.20856908804227,2,3,10.100894880982406,7,0.9999427583321101,0,0.0,0
49746,47.87399797890153,1,4,5.513043458034546,2,0.7554294933344629,0,0.0,0
49747,44.90691338293401,3,2,8.063150491682174,1,0.4502603055622589,0,0.0,0
49748,44.524714982294874,4,3,3.118996874781681,4,1.0002918761133675,0,0.0,0
49749,58.84025266478322,2,1,20.01028337490645,7,0.21019207063675577,0,0.0,0
49750,37.470782152853,3,3,8.329034591490561,2,1.0002130565902316,0,0.0,0
49751,45.9260809792806,3,6,19.161429925135877,2,0.7322496774561688,0,0.0,0
49752,37.90173780918139,3,1,15.288077825431412,4,0.9997631089822288,0,0.0,0
49753,29.37965615123509,4,1,4.565241233177792,3,0.41972837074126623,0,0.0,0
49754,46.74506203824358,3,1,17.219617211475974,4,0.5026562126572826,0,0.0,0
49755,59.46826581185945,4,1,17.76966285799654,1,0.38538052704478215,0,0.0,0
49756,41.072658574389436,3,1,9.134273985999593,7,0.999799782211952,0,0.0,0
49757,45.94919514777292,4,5,0.0,6,0.9961579959564741,0,0.0,0
49758,18.914707694663797,3,3,4.61764990215687,5,0.26317268496801394,0,0.0,0
49759,69.54599272299383,3,6,14.512678668728643,1,1.0237081964931742,0,0.0,0
49760,36.21204538500809,7,1,9.22367333146672,1,0.5697773770668815,0,0.0,0
49761,50.11741740052625,1,6,5.782743072714309,1,0.42714832891557664,0,0.0,0
49762,23.549469046494547,5,6,5.104300011162052,1,0.1491452371552534,0,0.0,0
49763,52.83682713510326,6,3,8.644091446457583,7,0.999570954368344,0,0.0,0
49764,51.86310741551408,5,6,17.041177163105473,1,0.9996729647858487,0,0.0,0
49765,47.605931203563486,3,2,17.075006497298,2,0.6168057898389657,0,0.0,0
49766,54.00363995425351,1,3,5.883017403624317,6,0.5622432939304383,0,0.0,0
49767,46.9537896938395,3,6,16.33073170643242,4,0.9999131014604357,0,0.0,0
49768,32.36410414005706,4,1,19.99430738769547,4,0.7028924869857796,0,0.0,0
49769,30.46218761935655,3,1,19.047238783965504,2,1.0003660039615516,0,0.0,0
49770,39.67922815948177,3,3,20.001609592748473,6,0.4591399503145249,0,0.0,0
49771,39.831445606736644,3,4,14.81736051441593,5,0.9526054204431291,0,0.0,0
49772,37.05295802423422,4,2,15.605790658640398,2,0.6696307387181429,0,0.0,0
49773,41.1643757679416,4,4,7.428677071506025,1,0.971419203422916,0,0.0,0
49774,46.83875543241942,3,2,7.890539261601969,1,0.0,0,0.0,0
49775,40.476583067091376,4,3,20.016133753562613,1,0.5096616891992871,0,0.0,0
49776,41.28968834062013,2,6,18.70167242374626,0,0.22272191712270384,0,0.0,0
49777,39.42145621551411,0,1,12.879901933548414,4,1.1695420547744926,0,0.0,0
49778,21.543574697253995,6,4,13.858078624470476,7,0.5847281903632534,0,0.0,0
49779,41.25554865560931,6,1,10.197750091100588,7,0.970991143843178,0,0.0,0
49780,44.39021557607647,2,6,18.958578143241446,7,1.0004546437430653,1,260.4345830589876,1
49781,0.8537230512560612,3,4,9.288697920040255,4,0.6352335785285463,0,0.0,0
49782,41.243748646112785,2,4,21.44340723136606,7,0.9341006263852101,0,0.0,0
49783,35.80763026155354,4,3,5.638215721526594,3,0.5025371139629955,0,0.0,0
49784,44.15032041524951,4,3,21.298636539220805,7,0.6332516116072795,0,0.0,0
49785,44.81545611746464,3,6,6.827837231396444,7,1.0002442378782648,0,0.0,0
49786,57.202109388168196,5,3,6.947888237401297,5,0.6032825046526965,0,0.0,0
49787,51.85943073323899,3,2,10.60959704371278,3,0.9811767480851562,0,0.0,0
49788,48.598640413265784,3,2,15.409074744730631,1,1.0000438480731528,0,0.0,0
49789,62.747120963240924,2,4,9.199532262887852,7,1.000260249655011,0,0.0,0
49790,55.052562808075294,3,5,7.31086135082359,7,0.9998399118955876,0,0.0,0
49791,63.173784610790406,4,6,5.379788066494161,4,0.29925821145459847,0,0.0,0
49792,55.59671912783391,5,6,17.880553342127122,7,0.9209625057242113,0,0.0,0
49793,35.013249191256016,1,3,8.463348311788538,1,0.9999498640274929,0,0.0,0
49794,56.317965909189795,1,4,5.261386195818018,2,0.0,0,0.0,0
49795,69.93189410058127,0,3,12.21933252899483,7,0.9997859979196918,0,0.0,0
49796,49.87231367570355,3,3,18.895964413283735,2,0.07338879402728737,0,0.0,0
49797,70.99336079623541,3,6,24.289956513299877,4,0.9997233892476352,0,0.0,0
49798,30.98978746465947,2,0,19.999165154122124,1,1.0001344315157021,0,0.0,0
49799,44.01387158533593,2,4,12.673535558891352,4,0.6544098311717487,0,0.0,0
49800,46.71542379527104,2,6,14.732605770678516,1,0.9945629174567551,0,0.0,0
49801,31.24445646186568,3,4,19.049661319021332,2,0.3461383561183278,0,0.0,0
49802,47.86366755619524,3,6,9.783878287203793,2,0.9998366653580886,0,0.0,0
49803,43.223414005865905,0,5,8.05273728264835,1,0.2839005905235171,0,0.0,0
49804,36.38889022346278,6,3,2.4324795906125125,4,0.0,0,0.0,0
49805,36.54273406915973,3,2,9.394901706123457,1,1.000532659317292,0,0.0,0
49806,37.51235408035702,2,1,14.829489316553671,3,0.49978162189582137,0,0.0,0
49807,32.79373627962056,3,6,18.436598586384843,3,0.3627419513702797,0,0.0,0
49808,39.91108387822257,6,3,0.0,7,0.5777086739220172,0,0.0,0
49809,27.341215659296743,2,6,6.575811043152188,1,0.5741809035918379,0,0.0,0
49810,50.724114940653514,2,3,19.615566877876894,7,0.6374834222426135,0,0.0,0
49811,34.39216451421356,3,6,2.4826304118535525,3,0.9996084723648678,0,0.0,0
49812,49.22159083456794,3,3,15.236093854409688,3,0.31259805702395005,0,0.0,0
49813,45.03556489386194,3,1,10.44555122609778,0,0.5013256277652078,0,0.0,0
49814,32.60495643281999,3,6,12.230856472458015,4,1.000187680632358,0,0.0,0
49815,33.01086621902955,4,2,10.793670087031133,7,0.8713856925197895,0,0.0,0
49816,41.50470780521162,5,2,17.306224711184978,3,0.5999823174949243,0,0.0,0
49817,63.397937569933376,3,4,10.745913325846836,7,1.3358723853360992,0,0.0,0
49818,28.417727445457636,6,2,14.05728483415407,3,0.2269609418586454,0,0.0,0
49819,53.38258981498255,3,6,9.731075851099611,2,0.06458077131538498,0,0.0,0
49820,48.79274923831395,1,3,16.72557741650329,4,0.9999096997246608,0,0.0,0
49821,25.711404478432286,5,6,13.50015076378036,1,0.5857061177380379,0,0.0,0
49822,39.520915059261995,3,1,15.822375717709516,0,0.5073152228287903,0,0.0,0
49823,46.95294826202043,3,2,12.004759899176198,7,0.9994064289553927,0,0.0,0
49824,57.61016251228797,4,4,4.171666155236365,7,0.34849412851341116,0,0.0,0
49825,42.471037871562466,3,1,11.574122016714098,0,0.49899903004118307,0,0.0,0
49826,49.57731404894096,5,3,8.732470696640856,7,0.9993451981977703,0,0.0,0
49827,51.48180716279094,4,1,20.00139832756865,1,0.6614752960739173,0,0.0,0
49828,30.70523326264492,2,6,11.24853247245407,5,1.0002172517238854,0,0.0,0
49829,40.69334135314033,3,3,12.865084229658057,7,0.99983527344005,0,0.0,0
49830,31.36883170822684,5,2,13.388352232231057,5,0.5140232542487273,0,0.0,0
49831,69.03212260132624,3,6,11.669098352021818,7,0.8027306662631359,0,0.0,0
49832,50.79418633394066,3,3,12.46138314786994,3,1.000012118908774,0,0.0,0
49833,31.845691277337437,2,7,5.141577317424346,1,0.0,0,0.0,0
49834,48.784010075286126,5,6,10.244995504538537,7,0.3277927558004317,0,0.0,0
49835,48.65990257626818,3,6,16.60601311931555,6,0.40807996941595703,0,0.0,0
49836,29.561205236790677,5,1,5.7191480921194975,2,0.1382681863850712,0,0.0,0
49837,66.4085223883205,3,1,1.1431258320885025,1,0.41401550616857746,0,0.0,0
49838,46.17025838397408,2,4,8.47627689031507,1,1.0046080965398356,0,0.0,0
49839,54.15490835162119,3,4,4.8848148375900164,3,0.9999277910598967,0,0.0,0
49840,53.35551361152835,3,1,4.850812046234145,3,1.0095990234837597,0,0.0,0
49841,49.42072657610402,1,4,13.585566919909585,4,0.3717107530461082,0,0.0,0
49842,47.65130518825937,2,3,0.0,6,0.9998630751733257,0,0.0,0
49843,50.614824608765716,3,2,7.302129951402872,7,1.0000884997473212,0,0.0,0
49844,44.502906314756245,3,5,4.954078243066051,1,1.0978655510189026,0,0.0,0
49845,26.62946338732294,3,3,8.549158126200053,3,0.5013753937810655,0,0.0,0
49846,65.64311365299767,2,3,20.35053900393629,1,0.48636276600332273,0,0.0,0
49847,56.72777110878974,2,1,6.6629838008840485,7,1.0003774470419418,0,0.0,0
49848,38.18733638546849,3,0,6.4226622764699,6,0.9998554829550437,0,0.0,0
49849,46.44600639473929,3,3,7.030312906454725,2,0.4947606352081352,0,0.0,0
49850,50.26853839640035,3,5,15.954380738660598,5,1.0000201370597126,0,0.0,0
49851,46.013252144600976,2,3,9.50679268754099,7,0.9895636792870056,0,0.0,0
49852,40.355711823966516,3,4,10.98143688144814,6,0.4319286983908723,0,0.0,0
49853,14.248066756983388,4,1,9.033247891000277,1,0.2504721054760201,0,0.0,0
49854,31.663897804562833,4,2,10.187109512932853,7,0.38927406868179654,0,0.0,0
49855,44.74485171633001,4,6,15.705700802208554,3,0.32712404559756325,0,0.0,0
49856,35.23123994724234,6,3,9.354189508092135,1,0.6127763876784222,0,0.0,0
49857,58.123842500883065,3,3,16.079644085901474,1,1.0186048072246239,0,0.0,0
49858,45.276539829929874,3,1,19.6843450731161,2,0.9999863032452175,0,0.0,0
49859,29.93410847027437,2,3,2.4133664538319017,3,0.9538726734942096,0,0.0,0
49860,33.81269533990567,2,6,15.761846028453474,7,0.38453855585841185,0,0.0,0
49861,27.16508248723723,2,2,11.601769926329364,1,0.2629441405684735,0,0.0,0
49862,65.21236842228961,3,4,20.94628296306842,2,1.000046969198489,0,0.0,0
49863,24.08197404440952,2,1,9.5846886449342,4,1.000070417482671,0,0.0,0
49864,40.97510742229509,1,1,12.668185982836452,6,0.2975452898863075,0,0.0,0
49865,47.320908699597595,3,1,3.0756819806000895,2,0.4988663926494211,0,0.0,0
49866,34.06771953153212,3,3,19.993782816498552,4,0.8180006083714513,0,0.0,0
49867,45.03304715032642,5,1,10.372665242031683,2,0.999779662289225,0,0.0,0
49868,34.367657004990676,3,4,6.9536079899716,7,0.7542178252040633,0,0.0,0
49869,37.59622417027467,3,3,20.00332847256297,3,0.8085205993798467,0,0.0,0
49870,35.00642836591264,3,2,13.879527215122593,1,0.6330225392233058,0,0.0,0
49871,43.03258383962635,2,5,20.782019844789414,2,0.9629134776457395,0,0.0,0
49872,41.73591920189837,1,2,21.231832155164142,7,0.5976885217398822,0,0.0,0
49873,33.09187278831955,3,4,11.297920796881261,7,0.34277534591010966,0,0.0,0
49874,20.747507655825345,3,6,3.046821172523268,6,0.5937172474719085,0,0.0,0
49875,41.211159481723044,5,7,8.755229044231331,5,0.44974356934277837,0,0.0,0
49876,35.42067642197877,3,1,3.343428305080205,2,0.3075709679030958,0,0.0,0
49877,32.054044765794806,3,4,19.99993877936342,1,0.0,0,0.0,0
49878,41.89440416205655,1,5,1.7617938931301378,2,0.5143921350957811,0,0.0,0
49879,44.760038497273825,1,1,11.821511447250213,5,0.25160132689286724,0,0.0,0
49880,27.886058759423207,5,6,17.476764422699937,3,0.8611174020167724,0,0.0,0
49881,49.13352023147086,2,2,7.243344980159723,7,0.7695267607517223,0,0.0,0
49882,63.00921420805811,4,5,14.413103824465407,1,0.29347837602637783,0,0.0,0
49883,65.77114667521408,3,6,12.72457040919416,3,0.3579597977284101,0,0.0,0
49884,52.65257911205073,3,3,20.01088087213607,2,0.7401241998879408,0,0.0,0
49885,42.87797245479277,6,6,12.366638667803873,3,1.0004591937858394,0,0.0,0
49886,35.763712292136425,2,6,11.6247773787858,7,1.00017254213321,0,0.0,0
49887,6.383359077710892,3,3,18.142716328493513,1,0.3874675610529283,0,0.0,0
49888,45.639632859108644,3,6,15.92805382039137,7,0.9999146537460304,0,0.0,0
49889,44.84386600856203,3,3,20.002382703702935,1,0.5285258268303966,0,0.0,0
49890,44.19873271559908,2,6,12.415535172900096,1,0.9997675573838851,0,0.0,0
49891,32.89636102474692,3,4,20.00069417147349,1,0.24645487024290136,0,0.0,0
49892,57.08689839472783,2,3,0.0,2,0.17899948295617396,0,0.0,0
49893,35.88180993106337,4,4,16.770661903751616,1,0.14611376853259972,0,0.0,0
49894,56.311823445726844,4,2,8.903131224789501,2,0.4214180069301104,0,0.0,0
49895,50.4672511597552,4,3,10.653418344067738,0,1.0385455414772582,0,0.0,0
49896,47.13616416720433,3,4,18.347430262885425,1,0.2639122758225096,0,0.0,0
49897,21.18973343191352,3,2,11.968545005634725,1,0.04808734810763238,0,0.0,0
49898,58.52585034760126,5,1,18.555536790428086,3,1.0001388863646805,0,0.0,0
49899,24.270582493901944,5,2,9.651264744317753,1,0.1046353167509878,0,0.0,0
49900,29.878935484638184,2,5,21.689246327330046,5,0.49865724412910495,0,0.0,0
49901,33.88973756012853,3,6,14.454229181131126,1,0.9995984142721115,0,0.0,0
49902,26.145659027058578,3,1,10.708982285065074,2,0.43965918298918094,0,0.0,0
49903,40.94237797528684,2,5,17.645025211153435,1,0.2346824982608059,0,0.0,0
49904,53.46391716301977,2,6,15.840059198468799,1,1.0006036737287045,0,0.0,0
49905,63.33607451592938,2,4,19.99525264828985,5,0.49555476127254516,0,0.0,0
49906,51.112046373917494,5,4,19.986139508816365,1,0.9993141791476625,0,0.0,0
49907,37.42486345821601,4,1,4.230524553231815,3,0.2768550752584463,0,0.0,0
49908,62.834057436517625,2,2,10.516173480068423,7,0.9999753966078848,0,0.0,0
49909,30.282067067694477,5,6,16.6617158760327,2,0.3316439767442919,0,0.0,0
49910,33.42508023974605,4,2,8.202268772782624,6,0.5980859838013977,0,0.0,0
49911,25.685143229261968,0,6,17.684319142516973,1,0.7713396211965378,0,0.0,0
49912,40.74123702213012,3,6,15.899234319592223,1,0.9456994663901614,0,0.0,0
49913,29.26330445602513,3,4,7.923931305944245,5,0.9993926259095681,0,0.0,0
49914,46.39357555964175,3,5,7.547130659546291,7,0.9998880404900252,0,0.0,0
49915,31.256676659474383,4,4,8.723846716444294,7,0.4119468946533208,0,0.0,0
49916,54.917565456382334,5,1,2.651307396158817,5,1.000183762332543,0,0.0,0
49917,41.54075084499612,3,1,13.206902823076158,7,0.9998141566387659,0,0.0,0
49918,31.79312541843082,4,3,3.316487374973728,4,0.7448658366438684,0,0.0,0
49919,51.29044385098424,2,6,14.309642065310328,7,1.000471376377583,0,0.0,0
49920,42.7883528362995,2,4,2.1883836605933045,4,1.0090352247628536,0,0.0,0
49921,39.594985280805105,4,4,20.00097643258554,3,0.999880547038275,0,0.0,0
49922,20.00288664044045,6,2,16.37716753849048,3,0.6032023967313912,0,0.0,0
49923,20.676606011899928,1,4,2.884115254340241,4,0.0,0,0.0,0
49924,43.57338807363478,2,4,19.998398456696894,4,0.5014444560982134,0,0.0,0
49925,23.972368567939412,2,5,3.6260155667678093,3,0.15626689495162582,0,0.0,0
49926,53.05188232527152,4,3,16.48068920322116,4,0.5000271450193311,0,0.0,0
49927,60.78983415388744,0,3,13.875136316115784,4,0.5063640988849906,0,0.0,0
49928,30.530960640470497,2,5,20.595115930097037,4,1.00934587247481,0,0.0,0
49929,27.240449950617283,3,3,2.800722175989735,7,0.6441642834263058,0,0.0,0
49930,43.17802801342638,3,2,7.702221001086432,2,0.2032016982652955,0,0.0,0
49931,36.13379694187678,2,6,10.024321162839808,7,0.9996380619694194,0,0.0,0
49932,63.71751286192374,1,3,1.9139175834734061,3,1.0000669221283316,0,0.0,0
49933,38.491597208930656,1,4,19.9937350665027,1,1.036225285663278,0,0.0,0
49934,55.21000867205472,3,1,19.988287756420537,7,0.8930318436407539,0,0.0,0
49935,28.86908822497832,2,2,3.371332545898186,7,0.2613890924498271,0,0.0,0
49936,42.36913539379526,1,4,4.832442945882758,3,0.9916053876377642,0,0.0,0
49937,31.13164452012879,3,3,14.872514702662796,3,1.000414181273436,0,0.0,0
49938,60.96382734826862,2,3,15.862792903104918,6,0.9998620284305311,0,0.0,0
49939,66.14353464439995,1,4,19.999088382622475,7,1.00032669723806,0,0.0,0
49940,18.351423919049687,5,5,13.518429005153966,1,0.750884617734807,0,0.0,0
49941,37.25370594821368,4,4,6.891229864103815,2,0.5564555114039949,0,0.0,0
49942,41.56197014501248,2,2,12.019647050428661,6,0.1937891316654785,0,0.0,0
49943,20.79750173440716,4,6,16.490132631192992,3,0.7319786581791232,0,0.0,0
49944,32.592668531763735,3,6,17.12413237469702,0,0.0,0,0.0,0
49945,44.42476547732565,4,5,0.9016552123514874,7,0.4052268038732656,0,0.0,0
49946,46.80482109979867,2,6,13.75651089728693,1,0.8934219763865898,0,0.0,0
49947,41.09680899943849,2,1,21.59283270561864,3,0.49463012761198955,0,0.0,0
49948,45.82512189570757,5,2,13.865365060648944,7,0.9995369557208642,0,0.0,0
49949,35.79366773301643,4,1,0.0,7,0.35356712285159786,0,0.0,0
49950,63.136618995394784,3,4,20.224450306089025,2,0.6270282544593703,0,0.0,0
49951,51.653348580511455,3,1,17.4098371278182,4,0.43438922170757027,0,0.0,0
49952,43.21882899924988,5,1,26.381627363552916,7,0.39721477377338293,0,0.0,0
49953,34.916972295456276,4,6,13.216231561205039,7,0.9873900218403759,0,0.0,0
49954,54.63010923381709,2,3,13.988646439539385,3,1.0003852372961926,0,0.0,0
49955,42.46494704522927,3,5,18.936431232534304,3,0.9996404322592936,0,0.0,0
49956,38.375982764267675,5,2,14.284994643561065,3,0.1533917730900386,0,0.0,0
49957,35.58453081355173,2,3,0.912827398777246,1,0.37402572521551924,0,0.0,0
49958,27.55690126163025,1,4,20.803583874275873,3,0.4931931775226507,0,0.0,0
49959,43.4845605382053,5,2,11.543407212591216,7,0.9999386492163764,0,0.0,0
49960,31.18661808999795,3,6,15.478636071537085,2,0.5725445721214878,0,0.0,0
49961,28.835184337518307,3,3,12.651475453891127,5,0.9996588992092943,0,0.0,0
49962,36.941521497137416,0,4,9.566410156885944,1,0.9805456138955109,0,0.0,0
49963,37.8133825669659,2,1,6.629956551685345,1,0.36726612121633584,0,0.0,0
49964,48.57831320700457,6,4,2.4958615749563826,7,0.9511475630718683,0,0.0,0
49965,42.651823628930984,0,6,16.960605518956953,7,0.5655106488782146,0,0.0,0
49966,35.832739963935644,0,1,5.333388416532331,0,0.6325768071096699,0,0.0,0
49967,29.707209516338025,1,6,9.797211893480952,1,1.0074472734789504,0,0.0,0
49968,50.70712488525392,4,3,15.96315700069178,3,0.5022760549466849,0,0.0,0
49969,44.0395573419127,4,1,15.22046822000608,3,0.5234890246800731,0,0.0,0
49970,57.38611517021579,2,3,5.753741037459859,6,0.9993472336761297,0,0.0,0
49971,43.82454862015792,5,6,16.22946365495348,6,0.758187137377387,0,0.0,0
49972,58.31316746018477,3,1,6.168448448642056,7,1.0001184377442627,0,0.0,0
49973,40.972742643638476,3,3,13.014579139940953,2,0.4983527021182465,0,0.0,0
49974,39.9126800715892,4,2,7.033931972618054,1,0.44050651682762154,0,0.0,0
49975,56.19579800220743,2,3,13.650423093900931,7,1.0000431024339647,0,0.0,0
49976,51.204824810686624,4,3,0.0,7,0.901452818676731,0,0.0,0
49977,37.85739671655851,4,3,11.974574868585522,2,0.9997298671621588,0,0.0,0
49978,46.654992440257814,1,3,2.9160744892407813,7,0.8962005693840929,1,708.94952230229,1
49979,29.661884985566637,4,6,19.29598774263045,4,0.051570722431788285,0,0.0,0
49980,41.38197673832538,5,3,23.63006759370753,7,0.9999015864750909,0,0.0,0
49981,26.841583574821005,0,1,0.0,7,0.5511271200652608,0,0.0,0
49982,29.50220889972575,7,2,2.1663317707762584,7,0.12197573406357687,0,0.0,0
49983,50.83111772727848,4,4,20.006046961699564,1,0.5686705905010083,0,0.0,0
49984,19.07395411853193,4,1,13.246529964195682,4,0.49601380427781605,0,0.0,0
49985,46.82636228040396,1,1,8.82006338239484,2,1.0000750929220255,0,0.0,0
49986,66.68644644015194,3,3,13.0056630312122,0,1.0007136730651611,0,0.0,0
49987,31.546250285298,2,3,7.242271289807794,7,0.7681454659347265,0,0.0,0
49988,19.123776234344568,6,7,16.197689477141537,5,0.3348576462432354,0,0.0,0
49989,57.61769095179101,6,4,16.726333493277572,3,0.5520711707423963,0,0.0,0
49990,54.659249643537386,2,3,9.24446502560399,7,1.0006199778849392,0,0.0,0
49991,36.22653967166198,3,1,9.732051162168446,5,1.0002928457261642,0,0.0,0
49992,38.226000514671284,3,3,2.2903204407240594,5,0.5529616474259168,0,0.0,0
49993,64.36080156348604,3,6,17.81690030223575,4,0.5586454984134496,0,0.0,0
49994,61.76557063274116,3,6,15.996255162713293,6,0.9991700537316355,0,0.0,0
49995,54.34021643012212,4,5,4.150871877853541,1,1.1712528271418403,0,0.0,0
49996,43.71760770280949,3,1,20.007881058471035,3,0.1625132889283325,0,0.0,0
49997,70.53041869943897,3,4,20.004647922122306,1,0.18015902533472505,0,0.0,0
49998,35.5496656093499,3,6,13.841432109829404,2,0.6582544977073539,0,0.0,0
49999,43.10854826200796,3,6,12.999753169308528,0,0.9999999249013644,0,0.0,0
50000,37.576943177555215,3,3,13.93134848837218,7,1.0001571340718347,0,0.0,0
50001,44.13486821552553,4,3,13.581628444339895,2,1.0004863382800349,0,0.0,0
50002,40.93337891601711,2,4,13.860061017564368,5,0.49365062683057354,0,0.0,0
50003,74.88595202007576,3,5,30.336347247614956,7,0.9997701397662608,0,0.0,0
50004,51.45580398116897,4,6,17.20779341432847,3,0.6120520885874766,0,0.0,0
50005,25.22013110413617,2,3,0.9386349235546358,2,0.9274067739055614,0,0.0,0
50006,40.35212191303806,2,6,12.212577805072343,3,0.7683226892352533,0,0.0,0
50007,49.598114603217816,3,5,20.00024682011736,1,0.9995138719563451,0,0.0,0
50008,47.96399297903248,3,1,14.546040335129193,3,0.5013286218102884,0,0.0,0
50009,52.07988899695901,2,6,12.601468026376821,7,0.8170671108170221,0,0.0,0
50010,48.59882474321891,5,1,13.514541683379267,1,0.36011691872840246,0,0.0,0
50011,35.36440657793493,3,4,11.249269183374027,7,0.9833462129867215,0,0.0,0
50012,32.33339453470818,2,6,7.121866818094759,7,0.2829280987804223,0,0.0,0
50013,48.79891129368715,6,1,20.003801054842747,5,0.2622478243741353,0,0.0,0
50014,46.53181203850435,3,1,5.115789602643131,3,0.9997220452567894,0,0.0,0
50015,61.51073312519019,3,2,10.470888463016939,1,0.1918462496084548,0,0.0,0
50016,40.59143368788831,1,6,15.794818310533639,3,0.9999490444833969,0,0.0,0
50017,49.523148731262054,5,4,11.761328371739923,1,0.2580834531258867,0,0.0,0
50018,60.31506435234319,4,6,0.0,7,1.000017201750354,0,0.0,0
50019,51.45415494530233,4,3,3.875558345784139,4,0.45619521757185577,0,0.0,0
50020,39.3106574500141,3,1,3.635360503023299,3,0.9636542308827605,0,0.0,0
50021,36.2032502108618,3,1,17.673421774798243,4,0.9350875000218606,0,0.0,0
50022,44.11600107174948,1,5,11.36737508210338,4,0.9525815051886521,0,0.0,0
50023,58.02880557256273,2,2,13.786819133195232,2,1.1931545225672409,0,0.0,0
50024,47.23252177035735,3,5,11.293188159636347,2,0.49705578356717667,0,0.0,0
50025,21.10834866128006,4,6,1.3779800043020103,7,0.11003221590800505,1,79785.77182558131,1
50026,54.48304577226754,1,4,18.030063889837827,4,0.4343811313404612,0,0.0,0
50027,30.660534674847703,3,4,24.954164986453492,5,0.9406761938742354,0,0.0,0
50028,65.45568114422804,1,4,20.001613903302875,5,0.9995421526509995,0,0.0,0
50029,41.66974195526923,1,1,14.57714081140563,3,0.13272116763760555,0,0.0,0
50030,38.24952925086913,4,3,15.6110597585456,2,0.9079620583805134,0,0.0,0
50031,54.63912252653557,3,4,20.00239264154986,3,0.9998124737307981,0,0.0,0
50032,42.68237517609318,3,3,17.678404147377627,1,0.9996877448376946,0,0.0,0
50033,48.79832202440355,4,5,26.24748053150793,3,0.5025904518957834,0,0.0,0
50034,43.388781278866475,2,3,5.517510699458511,7,1.000227701858979,0,0.0,0
50035,37.026407941887705,2,3,13.449653797423377,2,0.1599667636786224,0,0.0,0
50036,41.94421440567691,3,3,8.150589206300458,7,0.9998164130493171,0,0.0,0
50037,33.03595445490685,3,3,13.618221438916395,3,0.4039679793285105,0,0.0,0
50038,77.63713998956018,2,2,15.994516876785877,7,1.0001249045059057,0,0.0,0
50039,48.80451058948662,4,2,12.715237994978624,7,0.2622659672801656,0,0.0,0
50040,52.881497676916084,3,3,20.005494941525317,6,0.3481879419911679,0,0.0,0
50041,20.533683901661526,3,1,11.96449900102967,3,0.9994170227727132,0,0.0,0
50042,54.54314517642758,1,2,9.361760612854212,1,0.0,0,0.0,0
50043,45.586943018728185,4,5,3.978027627299759,7,0.7973586869287148,0,0.0,0
50044,52.78803842655873,3,5,1.7560372208607014,7,1.000036405818538,0,0.0,0
50045,41.05990412998338,3,1,12.413101273055906,3,0.9998231325720209,0,0.0,0
50046,51.219244256898506,3,3,4.035109269737673,4,1.000077893811865,0,0.0,0
50047,41.15372473070205,2,6,14.144782580289224,4,0.9993135564187707,0,0.0,0
50048,47.71288744611523,2,3,0.0,3,0.0,0,0.0,0
50049,43.34589752838429,6,3,9.149733961350154,1,0.4965976700948897,0,0.0,0
50050,24.043775204797257,3,0,13.49692764027856,3,1.000000960749124,0,0.0,0
50051,56.430673404234525,3,6,6.547596281885835,3,0.38135240651797164,0,0.0,0
50052,51.82418321263156,2,3,9.139731578922083,7,1.000215782216183,0,0.0,0
50053,41.69763858459432,2,1,3.1607772012029463,7,0.9393235593729148,0,0.0,0
50054,47.59964562972261,2,3,16.39691869334858,1,0.9998481063877868,0,0.0,0
50055,35.88261406457254,0,1,19.999422467356403,4,0.0,0,0.0,0
50056,46.20001254881335,3,5,19.99927645353636,1,0.5022068895595793,0,0.0,0
50057,20.795493606425516,4,6,12.421417872137422,1,0.9345577486524212,0,0.0,0
50058,66.35219705820099,1,3,16.198901927675017,6,1.0006120902182896,0,0.0,0
50059,54.50916457964208,2,1,1.8749795291930482,4,0.560273076533307,0,0.0,0
50060,50.3169120885467,1,5,13.275832057818867,2,1.000631171313528,0,0.0,0
50061,80.61230395840182,3,5,0.0,5,0.5063032401183227,0,0.0,0
50062,47.32596647562057,4,3,13.712960790143526,4,0.9997124194756593,0,0.0,0
50063,76.23874228099729,5,3,24.878934077294936,7,0.803036423332885,0,0.0,0
50064,52.33971481941584,4,5,0.5690789934831617,4,0.9826303338054031,0,0.0,0
50065,46.240112236367985,1,3,10.933985986443174,7,0.9997296925188377,0,0.0,0
50066,26.429025208118354,3,2,7.910511964362451,3,0.32442402584797825,0,0.0,0
50067,50.768972113786816,4,1,8.0289202114646,2,1.0007399478550723,0,0.0,0
50068,67.39926369357596,2,3,11.523033753202087,7,0.29017747040292824,0,0.0,0
50069,22.232508866758163,2,3,18.294713239089585,0,0.17172438354481567,0,0.0,0
50070,52.67710181445304,3,3,1.9913306097859884,2,0.7042288347596165,0,0.0,0
50071,35.05687498871461,1,5,10.139171584828452,6,0.40952681458246387,0,0.0,0
50072,26.897985670674203,3,4,3.8605419564675545,1,0.3168484965709524,0,0.0,0
50073,66.15104194812271,3,6,9.898383720127597,7,0.999914826684461,0,0.0,0
50074,51.56184568215554,2,3,20.00293755882779,1,0.8218504935473592,0,0.0,0
50075,55.72436690230078,3,3,22.054741390852765,4,0.9318089762476792,0,0.0,0
50076,45.93999166586743,1,6,3.728747383375709,7,1.0001484925630142,0,0.0,0
50077,24.53490047451798,4,4,19.996732592502767,5,0.16143521131651106,0,0.0,0
50078,54.968378301054344,3,4,19.999669445152982,7,1.000383341662893,0,0.0,0
50079,62.98195506371958,2,4,19.993328109253834,6,0.5019349871911242,0,0.0,0
50080,48.08100456641869,2,3,18.16792961588076,3,1.0003944152612783,1,537.4978503285399,1
50081,49.00820451296723,3,3,16.189283256017454,2,1.0001202846844544,0,0.0,0
50082,36.05622877248811,4,2,2.4790978453849686,1,0.5033473831001367,0,0.0,0
50083,51.1367162638608,3,3,12.612850200404743,7,0.522255237632521,0,0.0,0
50084,31.30300426094439,1,4,6.326516027634743,4,0.0,0,0.0,0
50085,44.72837937745364,1,3,11.385326415145936,6,0.09834769376923858,0,0.0,0
50086,47.17841605054946,0,1,11.93132613977803,4,0.2656613173772861,0,0.0,0
50087,39.53208540898094,4,1,4.527818130020621,4,1.000337811569042,0,0.0,0
50088,23.18087592325109,2,4,24.379031790844284,1,0.5645856171844381,0,0.0,0
50089,24.607669860265656,3,2,9.456183709559792,3,0.4786636125547885,0,0.0,0
50090,41.52037418007852,5,6,8.887066096662599,6,0.09410631745918496,0,0.0,0
50091,60.007312226759936,2,3,6.489074248041333,1,1.2755819408406275,0,0.0,0
50092,54.767081206266006,3,2,14.655910456997258,5,0.49064425800382494,0,0.0,0
50093,42.86142687689884,2,6,12.019355014328056,7,0.9998786767523,0,0.0,0
50094,49.447977427508874,2,1,8.023973423474848,5,1.0002133127584152,0,0.0,0
50095,42.25192133629213,2,2,12.798095322428626,7,0.9998149339594812,0,0.0,0
50096,49.457551385203686,0,1,18.449846785031504,7,1.0001564660023285,0,0.0,0
50097,52.01858658571719,5,4,20.00436476928926,5,0.5021453345496111,0,0.0,0
50098,52.22674264533903,3,5,14.9589000940475,1,0.9996570631371614,0,0.0,0
50099,42.64785186423482,3,4,14.591572031013904,3,0.9999413437627829,0,0.0,0
50100,59.957389840705325,1,6,15.80328546869941,4,0.40731198822095765,0,0.0,0
50101,58.20288199134808,4,7,22.43909924007304,7,0.9999098031261058,0,0.0,0
50102,53.05905568751124,4,3,14.430064144548528,4,0.9997822894382602,0,0.0,0
50103,48.56060640216509,3,6,14.604491431590077,6,0.40728150943054103,0,0.0,0
50104,43.05765989458364,2,3,6.223417818924864,2,0.6129320022523811,0,0.0,0
50105,40.007685346971336,3,3,4.489815841611429,1,0.9809365813626219,0,0.0,0
50106,42.878518229951254,1,5,14.749834189789786,6,0.0,0,0.0,0
50107,33.48519823812143,6,3,4.6475322957122565,1,0.41493478701364955,0,0.0,0
50108,57.20292152444889,5,6,13.557737385715631,6,1.0002142567459678,0,0.0,0
50109,38.89176184709266,4,3,21.539568919481184,4,0.9529755898774058,0,0.0,0
50110,44.55283483373499,5,6,8.99695703529528,7,0.8715087878514947,0,0.0,0
50111,40.42516676530728,2,6,3.4268166615167583,3,0.26796790723527064,0,0.0,0
50112,52.67380082233739,5,6,19.265774469274163,4,1.0002680953538619,0,0.0,0
50113,31.118448184394232,2,1,3.9094686772530647,5,0.5010622002962024,0,0.0,0
50114,31.45910461249074,2,3,4.135906132956142,0,0.9881581404242028,0,0.0,0
50115,41.43302979269227,3,3,13.34534496724266,5,0.9997458349103074,0,0.0,0
50116,54.215669404063384,2,3,8.591767743578625,3,0.5504292829749666,0,0.0,0
50117,44.566972498761885,2,3,9.588077561415798,1,0.8765562126881348,0,0.0,0
50118,49.469240310836824,2,6,18.097716691262658,7,1.0003503987505549,0,0.0,0
50119,33.353238316630744,3,1,12.365698883269154,7,1.0004773861967609,0,0.0,0
50120,48.55146071010057,5,3,20.000153650509468,1,0.42306052118323867,0,0.0,0
50121,23.44020956969723,2,1,6.651966322137603,6,0.34557842867116684,0,0.0,0
50122,33.68906559649882,4,4,20.006072040793274,2,0.21364357524089683,0,0.0,0
50123,58.40149844895518,6,4,9.994267319869124,7,0.9997683575684024,0,0.0,0
50124,66.57002559055486,4,4,15.189541575217842,7,0.5444789580142735,0,0.0,0
50125,34.00012251548911,2,3,9.282284146315575,3,0.9998620188448699,0,0.0,0
50126,33.34112632849899,2,3,11.748908281594662,7,0.04495912916264011,0,0.0,0
50127,53.85541048636084,4,6,11.825744080174518,7,1.000140080526291,0,0.0,0
50128,32.08075553366123,0,2,8.70616109771566,7,0.7131428959473186,0,0.0,0
50129,56.25337235017136,5,1,10.788943241679931,2,0.49514963766391684,0,0.0,0
50130,27.85621806167798,3,1,11.38270657419406,2,0.22380724668075042,0,0.0,0
50131,13.62305734777484,2,3,18.588934730167324,2,0.4318467004122509,0,0.0,0
50132,58.95691739744965,3,5,16.57773250232851,3,1.000281452329248,0,0.0,0
50133,43.79812621428881,3,4,20.006555791367138,7,0.5040079853663468,0,0.0,0
50134,53.13560734276411,3,3,4.073496536023583,2,0.4978593414586332,0,0.0,0
50135,39.24231756393842,2,3,9.367664617757372,6,0.999762455442432,0,0.0,0
50136,37.092815253424924,1,2,7.139345210824586,6,0.3266972298922408,0,0.0,0
50137,26.918446187367664,3,3,7.28939656936135,6,1.000426519506139,0,0.0,0
50138,47.358514403815434,4,1,12.74803074135281,0,0.5246452100033396,0,0.0,0
50139,55.81674105236654,2,1,9.104352257717524,7,0.9649033994159093,0,0.0,0
50140,22.462659884547612,2,3,15.711027662106158,3,0.14696979168192836,0,0.0,0
50141,45.860620208933604,1,3,14.782844244781991,2,0.0,0,0.0,0
50142,40.21570193648161,6,4,8.517470696787637,6,0.028633499671778306,0,0.0,0
50143,49.752556492014705,1,4,8.5889882465468,5,0.6185031714191795,0,0.0,0
50144,56.03149521196177,3,3,4.944237190644798,3,1.0004144170784868,0,0.0,0
50145,58.13117695195912,2,2,3.119367492639185,1,0.49580572817162316,0,0.0,0
50146,47.24087082259332,2,3,7.5788149449523186,4,1.0002580515240105,0,0.0,0
50147,59.508614437418274,2,6,13.867693864757111,7,1.000085548608203,0,0.0,0
50148,47.77924938784758,3,5,15.71885621307743,7,0.3865924187393897,0,0.0,0
50149,50.2611101714471,2,5,17.189527863060157,1,1.042358520989452,0,0.0,0
50150,51.827579726823444,3,1,14.541903056074474,4,0.9999415623327528,0,0.0,0
50151,40.98418537128812,2,6,14.421549640512048,4,0.04760563100254389,0,0.0,0
50152,68.43155637707572,2,3,16.5885664512118,0,0.5074827710449432,0,0.0,0
50153,42.96508795079593,2,3,6.224364622774871,4,0.9998911424550802,0,0.0,0
50154,39.96036414972347,4,6,10.311474606987597,4,0.9996553834697207,0,0.0,0
50155,40.64473361467544,3,3,8.705066858243525,3,0.9995711869196302,0,0.0,0
50156,47.17592747204555,3,5,23.27533421969257,5,0.49586231644543727,0,0.0,0
50157,40.12194774910435,4,3,12.707611419367685,3,0.9997788716507533,0,0.0,0
50158,54.617532324715164,3,2,15.7711159754152,1,0.9994711761284487,0,0.0,0
50159,26.55060909251234,1,3,9.141356552361318,7,0.5005566692855471,0,0.0,0
50160,28.82066243206508,2,1,8.748829295644793,2,0.9998911309044516,0,0.0,0
50161,50.29189075939799,4,2,10.184938558271167,7,0.3954615149826367,0,0.0,0
50162,16.970996206130657,3,2,14.986786171465177,1,0.48218648277930004,0,0.0,0
50163,59.0515997713583,3,3,1.476868569529321,4,0.9928700798381309,0,0.0,0
50164,46.487884126080964,3,2,17.606203525498017,2,0.9994819963069886,1,1331.1775937750729,1
50165,37.800608070145174,2,6,30.786936786171744,7,0.9999584211006103,0,0.0,0
50166,52.641084223725876,2,1,9.303778029201249,7,0.9997036199708851,0,0.0,0
50167,59.62873369910578,4,1,12.007773469515799,4,0.49971254633800394,0,0.0,0
50168,27.640497662302202,4,6,6.522670867681133,7,0.4577188230536472,0,0.0,0
50169,38.063152719341126,3,6,11.182893984775578,5,1.0001942658070524,0,0.0,0
50170,56.5287754131161,3,3,10.255482536504806,5,1.0002557780345385,0,0.0,0
50171,44.78558805757483,3,2,19.07834712418323,2,0.9998060872529593,0,0.0,0
50172,23.30297462568446,2,3,6.180498250096129,3,0.721510220608968,0,0.0,0
50173,46.900832217371416,4,5,11.001927539077673,3,0.4965952783065008,0,0.0,0
50174,58.94140617322152,0,3,11.523858409909957,7,0.16240527088924217,0,0.0,0
50175,35.60156985202606,5,3,12.588560113421627,7,0.9999999053932331,0,0.0,0
50176,40.46909645440298,3,5,14.993137736298873,3,0.49317124785932964,0,0.0,0
50177,29.17022294090453,3,4,10.664028516267509,2,0.16127696493557886,0,0.0,0
50178,48.79991273135536,2,5,10.416860509943762,7,0.9994086861195687,0,0.0,0
50179,39.70016224393103,4,3,9.676004289334408,3,0.5024969149245627,0,0.0,0
50180,42.65870024548011,1,5,8.38729737835601,1,0.5011553941120493,0,0.0,0
50181,34.59403548555902,2,4,19.996589388725468,1,0.9996259121749378,0,0.0,0
50182,30.287544392717358,1,2,15.155204614841725,7,1.0004242551484406,0,0.0,0
50183,49.52824537403913,4,6,21.133258883723286,7,1.0003879528421304,0,0.0,0
50184,55.290189797440256,3,1,13.063363528480481,7,0.9711643569905009,0,0.0,0
50185,43.35262723673814,2,6,22.6078219382143,7,1.000034500664402,0,0.0,0
50186,35.14203656065824,1,6,14.114708001193687,4,0.39008574243498284,0,0.0,0
50187,51.987381338695215,2,6,18.27467152467933,7,0.48261869970051685,0,0.0,0
50188,37.463104962651975,2,1,0.863418745838203,3,0.8013808605392568,0,0.0,0
50189,31.495064214178985,2,3,22.982380204018018,2,0.501189518196357,0,0.0,0
50190,24.58009808410227,7,2,4.06996196339861,7,0.0813949789786047,0,0.0,0
50191,50.03196702977842,2,4,14.923649800391324,2,0.30034001751198036,0,0.0,0
50192,16.115511324268496,2,3,15.248078249609065,5,0.513438854503877,0,0.0,0
50193,36.2341040756725,4,6,10.641853488183967,7,1.0002255718169746,0,0.0,0
50194,58.83432486912892,2,4,0.0,7,0.9999430716537694,0,0.0,0
50195,37.71572103488651,4,3,7.780631805162107,3,0.9998049190024395,0,0.0,0
50196,28.47868432221599,3,7,7.914862009313327,4,0.798141598983875,0,0.0,0
50197,64.0077750927048,6,3,16.958779258685958,1,0.9574328229256255,0,0.0,0
50198,62.10565098602886,3,3,9.497438554882198,7,0.45945097636446786,0,0.0,0
50199,55.5349617843937,5,6,0.3004301300727352,4,0.8098222813402063,0,0.0,0
50200,51.614299858850785,2,7,5.670848712190827,7,0.9446782221238288,0,0.0,0
50201,49.85222766098112,3,2,4.98568937046356,7,0.9999604107107829,0,0.0,0
50202,21.20314579410267,3,5,12.900179511461252,1,0.2568850235565465,0,0.0,0
50203,37.751857510185204,1,6,16.9887871655366,1,0.759379397859855,0,0.0,0
50204,40.781680961318756,4,4,19.99888186663975,7,0.9996006192495677,0,0.0,0
50205,35.24134657439429,5,3,7.944493670220199,4,0.5031334091696543,0,0.0,0
50206,64.40814300885194,2,2,13.870335699433696,7,1.0000729723920756,0,0.0,0
50207,43.45074648975394,2,1,0.0,2,0.16912568901443703,0,0.0,0
50208,63.157747619775954,3,3,15.266968467202515,2,0.9995599165292363,0,0.0,0
50209,36.31290793633114,4,1,20.0025904931845,1,0.0,0,0.0,0
50210,35.703895899909604,4,6,17.655945574842935,1,0.9830334924690733,0,0.0,0
50211,46.1396360510865,5,2,8.550963680957846,5,0.956312569148138,0,0.0,0
50212,68.35588752785273,4,6,16.776282186304833,7,1.000040091487965,0,0.0,0
50213,16.26239068572315,2,3,6.307675399079057,3,0.15575566763061865,0,0.0,0
50214,43.59507727467367,1,1,0.8109892066352504,1,0.5515680299472834,0,0.0,0
50215,57.009952918628954,2,6,6.235591317328388,7,0.999818136596915,0,0.0,0
50216,51.676113644559805,2,1,17.68864856907059,7,0.581205487606735,0,0.0,0
50217,37.4847357629776,6,3,5.712123090278399,0,0.9219583153270609,0,0.0,0
50218,37.8656143315129,4,5,20.00745955926409,1,0.9996939417785617,0,0.0,0
50219,46.3551991597968,4,6,7.398772939097148,7,0.9992289149097593,0,0.0,0
50220,65.41311187070812,1,4,5.1449907677368945,7,1.0001764644146423,0,0.0,0
50221,56.95877305665152,1,2,13.905861000283176,7,1.000294167392854,0,0.0,0
50222,21.8427422087165,2,3,16.06253574063927,1,0.4952838805246832,0,0.0,0
50223,26.763551943401886,3,2,5.2279549204462485,7,1.0003483222996048,0,0.0,0
50224,36.32308557111449,1,6,11.065454696050544,6,0.36810091753535173,0,0.0,0
50225,47.456729761617325,3,2,4.835734182931537,7,0.9996738416434793,0,0.0,0
50226,29.433348868120746,3,5,11.568745945474923,1,0.0,0,0.0,0
50227,39.266893217074895,3,4,11.926706002697898,7,0.9759012810575519,0,0.0,0
50228,43.58809956505868,1,4,9.36555722938467,3,0.3225473642764812,0,0.0,0
50229,41.31325496316847,6,6,15.362904610727007,4,0.4168633121711931,0,0.0,0
50230,52.27810036691325,4,3,17.911507441586426,7,0.99993538656513,0,0.0,0
50231,31.3808208365462,2,3,15.215239803504186,4,0.2955174941552953,0,0.0,0
50232,32.732997624607734,6,3,3.0441238698079616,1,0.8134647945292125,0,0.0,0
50233,51.313509711081515,2,7,0.0,7,0.937644034596345,0,0.0,0
50234,56.478174931731914,3,2,12.386832832681636,2,1.0003941396734866,0,0.0,0
50235,21.464079503860987,3,2,10.05357957601166,4,0.5995483357738297,1,2280.9278549363726,1
50236,38.0997622546444,1,5,11.38847904201061,6,0.9617335291571852,0,0.0,0
50237,26.562352926113963,5,2,13.707827299820842,3,0.28110416963876256,0,0.0,0
50238,42.160054825586236,3,1,15.387270183261482,7,1.0000203508379104,0,0.0,0
50239,65.33451234568581,0,2,12.996446136490912,7,0.0,0,0.0,0
50240,13.43393731569698,2,7,10.863458326618906,6,0.29787270679351213,0,0.0,0
50241,45.29734644115392,1,6,15.01357587297089,1,0.7605049898223217,0,0.0,0
50242,41.34780708282682,4,3,13.590419150394206,4,1.0001556524176414,0,0.0,0
50243,37.217516162091286,3,4,19.993761305811184,1,0.9990641502857563,0,0.0,0
50244,50.95530400899169,4,1,3.9221275014970622,7,0.9997900309283949,0,0.0,0
50245,50.33865392643311,1,2,15.177727848365407,7,1.0003713739536009,0,0.0,0
50246,40.11380824367511,2,6,20.715138201916368,7,0.18995106724635513,0,0.0,0
50247,48.4864604575193,3,4,5.206076764488618,7,0.2159841347656553,0,0.0,0
50248,15.049367836345795,4,5,21.410377616219275,1,0.7708087666287696,0,0.0,0
50249,48.715192858320435,2,3,13.152095527790234,7,0.9996858251058773,0,0.0,0
50250,55.40766688576625,2,1,15.636168456480736,7,0.9998166176761101,0,0.0,0
50251,0.0,4,3,8.550502754430916,3,0.4434498046842341,0,0.0,0
50252,48.5387149070506,3,4,0.5823183758919477,3,0.24745052016083274,0,0.0,0
50253,49.72570564650358,3,1,9.747345772123758,1,0.29965621782029017,0,0.0,0
50254,38.925340670664845,2,6,11.017429373295363,7,0.9272023977158755,0,0.0,0
50255,45.92297901237337,4,6,10.497348041343741,4,0.2779187166640742,0,0.0,0
50256,46.428656540336036,3,5,20.001043550539222,1,0.45484056026740005,0,0.0,0
50257,52.09926079869279,3,6,20.578836618015146,1,0.9778583165510301,0,0.0,0
50258,38.199982969017114,0,3,8.964144526859766,5,0.26685537895050615,0,0.0,0
50259,32.70240610537944,4,3,2.5073155720070623,7,0.20327246912189445,0,0.0,0
50260,15.96610336960217,4,5,3.7515197777441642,1,0.5323920129177444,0,0.0,0
50261,60.36133434949388,4,3,9.630871511887147,7,0.9996762203765635,0,0.0,0
50262,42.418697143247904,3,1,20.000193610510664,5,0.5366766180115579,0,0.0,0
50263,30.55286344908111,3,6,13.208240007418059,1,0.9134557368125209,0,0.0,0
50264,55.00980082507449,5,3,8.677043176860348,2,0.7313853905815673,0,0.0,0
50265,52.253639611717006,2,1,2.489865811386764,1,0.07356265026473818,0,0.0,0
50266,39.23940900492994,6,1,6.358111545246401,5,1.0001794488010924,0,0.0,0
50267,53.40025704998432,3,6,19.01991012873759,5,0.51617944984953,0,0.0,0
50268,39.69205327913395,5,5,2.5790883582065884,1,0.2667340526401011,0,0.0,0
50269,48.90227458736642,5,4,19.994674732431108,7,1.1184293275512172,0,0.0,0
50270,41.863785668341166,3,2,8.472553703159466,5,1.0001500365973959,0,0.0,0
50271,27.20281965995277,3,3,4.9268888501178525,7,0.9725467938823862,0,0.0,0
50272,64.6171152090439,4,3,4.592182249201058,7,0.6678926534147508,0,0.0,0
50273,29.467321523386328,5,2,11.420416112160167,3,0.4354082860180328,0,0.0,0
50274,37.28688682168182,2,1,0.6849962615426435,5,0.1030024643846782,0,0.0,0
50275,35.770642762751905,4,5,13.830542596785156,4,0.1932961443998173,0,0.0,0
50276,51.3470998717888,2,1,4.214150715115753,3,0.9996060896958703,0,0.0,0
50277,53.40520893190306,4,2,5.975411600506776,1,0.09313594936509961,0,0.0,0
50278,50.51257311017627,1,3,9.758776020338997,2,0.9996584798438348,0,0.0,0
50279,21.290337174266103,4,5,10.458058262208718,1,0.526724504140228,0,0.0,0
50280,54.72768631626769,1,1,7.387595016124131,4,0.4987587552728208,0,0.0,0
50281,18.84667059631487,3,3,19.41192369304279,7,0.7794614313427237,0,0.0,0
50282,29.689224051162036,3,4,19.997485858615747,1,0.0,0,0.0,0
50283,34.073651609005196,1,4,4.894861398590098,0,0.0,0,0.0,0
50284,58.09756559885372,4,6,12.54159491900375,1,0.9325275708701102,0,0.0,0
50285,43.0530791297778,5,3,8.317542888795344,4,0.1523012937320546,0,0.0,0
50286,50.97264009165664,1,2,8.38936222059024,6,0.8385549411675359,0,0.0,0
50287,43.26181332282861,4,1,10.335535034147627,7,0.9997113825798722,0,0.0,0
50288,64.17988614777008,2,3,15.954988329232354,5,0.955637601872979,0,0.0,0
50289,54.72738179176661,5,6,13.385324499465602,7,1.0001320582345046,0,0.0,0
50290,43.77132700964191,5,2,6.3860423411192775,7,1.0001824816144886,0,0.0,0
50291,51.13381417972355,4,6,6.177659583211509,7,0.9996239384985495,0,0.0,0
50292,23.658250608765695,3,3,16.003509259409004,2,0.967533485759575,0,0.0,0
50293,61.011463986050344,3,3,18.15685794494745,1,0.9730584760577969,0,0.0,0
50294,65.07546570405881,4,5,21.124786892203442,1,1.0003110267607067,0,0.0,0
50295,51.330111033744245,4,4,4.662745174432906,1,0.3505439699365898,0,0.0,0
50296,49.684875019376676,3,2,2.08683359175485,4,0.9556735325056931,0,0.0,0
50297,37.317205887261466,3,6,11.85422798272269,4,1.0003119710851118,0,0.0,0
50298,51.04381037706679,3,4,20.00618783325755,5,0.5015594834409913,0,0.0,0
50299,59.62620257070047,2,3,15.915361707690176,3,0.4994392211776896,0,0.0,0
50300,51.14475852249849,2,6,11.701887241756516,2,0.26515159351444373,0,0.0,0
50301,46.55763783820463,2,4,2.713392717675168,2,0.9998231348895614,0,0.0,0
50302,35.49470769381793,4,3,1.772899286357152,2,0.9832934444006495,0,0.0,0
50303,24.719506262392553,2,2,0.0,4,0.2558491419530574,0,0.0,0
50304,27.651092164128503,2,3,10.58676676804175,3,0.9998470289469787,0,0.0,0
50305,66.58660241381548,2,1,10.534075387245295,4,1.00015112205168,0,0.0,0
50306,44.28077564933743,3,6,16.370388423755568,2,1.0005809214875283,0,0.0,0
50307,56.24611483151151,3,5,14.028340972305823,1,0.5874931292352943,0,0.0,0
50308,43.79721110304168,2,3,6.457498271780776,3,0.5026994128795519,0,0.0,0
50309,43.32549914995866,4,6,5.748336638493223,4,0.9999969955875039,0,0.0,0
50310,35.16315651041463,2,4,5.036623944144275,6,0.6204067931463512,0,0.0,0
50311,35.21715981824251,5,1,13.639869065074073,4,0.3276852304571355,0,0.0,0
50312,25.395825699687535,3,6,5.320827018755071,7,0.3004924683377342,0,0.0,0
50313,55.368687463478466,2,5,16.36953316324989,0,0.9871853064909867,0,0.0,0
50314,46.36170635063906,4,3,2.099203911967006,7,1.0000469124589073,0,0.0,0
50315,10.733264616219962,5,4,20.00316754197581,1,0.9996231646888922,0,0.0,0
50316,37.42137694227731,3,2,8.355230153236134,7,0.42304433371260025,0,0.0,0
50317,52.95424896660519,4,6,16.71792613160658,7,0.9998128786488092,0,0.0,0
50318,52.71329000026852,5,3,7.938488924739174,2,0.5833458183093782,0,0.0,0
50319,38.16224703338158,3,4,17.09231839526553,3,0.02347052981188258,0,0.0,0
50320,45.72133311287121,5,3,12.415613884532537,4,0.9998332353470158,0,0.0,0
50321,35.87524314904468,4,3,3.7287874288309784,3,0.9271442001846921,0,0.0,0
50322,63.83217710789134,4,2,2.7778768652481975,7,1.000090722559404,0,0.0,0
50323,48.35665121374873,4,1,4.678612791754102,6,0.9751018983942319,0,0.0,0
50324,44.734584513238296,1,2,17.671579392883825,6,0.28623944664769596,0,0.0,0
50325,48.60120323969808,2,6,13.25949208031034,7,0.4670706603096845,0,0.0,0
50326,25.949632539663384,1,6,2.805639388868526,7,1.000303355728394,0,0.0,0
50327,26.19606619903174,1,2,0.597586896403147,7,0.7663300063780148,0,0.0,0
50328,34.04884955459493,2,3,23.11052973973299,1,0.5035242169231636,0,0.0,0
50329,34.84888571507588,3,6,2.5865636128943184,7,0.999801778692933,0,0.0,0
50330,60.7885418050575,3,4,18.765187407307362,1,0.999994095076699,0,0.0,0
50331,31.73130428587826,2,3,11.26543486185398,6,0.0,0,0.0,0
50332,56.43993751958198,5,5,17.223278386089984,4,1.0003863628984049,0,0.0,0
50333,62.66481868595943,6,3,15.645942605434385,5,0.5009408576375548,0,0.0,0
50334,57.334880834884785,3,5,18.081191927879825,6,0.7486631016969467,0,0.0,0
50335,45.26339631561502,2,6,12.856833344918451,5,0.9998010658037401,0,0.0,0
50336,47.18201292733915,3,3,15.683294641269862,2,1.000217089153574,0,0.0,0
50337,25.766610055976813,3,4,7.310963336542017,2,0.7232902584797971,0,0.0,0
50338,39.041317100501715,3,6,12.418841347930123,3,1.0000589593519407,0,0.0,0
50339,39.093099848230494,3,4,0.0,1,0.9574762717587803,0,0.0,0
50340,26.84802772431013,3,6,15.908391851405778,1,0.49200437502140026,0,0.0,0
50341,54.66738398694377,0,3,4.149050758151351,7,0.556692604631544,0,0.0,0
50342,49.995748990643484,3,3,13.52504759433476,7,0.9491460863164431,0,0.0,0
50343,25.4712725212739,2,3,0.0,4,0.6721344563015956,0,0.0,0
50344,54.429384279775476,3,4,20.006885808437993,1,0.2809449122043995,0,0.0,0
50345,37.68104747517504,5,2,14.883157853508674,7,0.3362480183336444,0,0.0,0
50346,51.54107883459264,2,1,7.557660051158935,7,0.32460056964434625,0,0.0,0
50347,33.15864435278294,2,5,10.371858944322188,1,0.10503919750115209,0,0.0,0
50348,20.09193076066456,3,1,10.618721842713263,7,0.9999447397899366,0,0.0,0
50349,52.284360391997346,3,3,14.90345695423661,1,0.6642761577932327,0,0.0,0
50350,32.77975762883558,3,6,10.494365170935279,2,0.47224354132404406,0,0.0,0
50351,45.237213535397366,4,3,12.361036891069208,1,0.9251592694831526,0,0.0,0
50352,51.68057552464572,1,3,7.134535236317672,4,0.5038700190921646,0,0.0,0
50353,29.943268902988144,3,1,10.506930576879506,4,0.38155225062141573,0,0.0,0
50354,56.83914866126647,2,3,8.222480819760268,2,0.5001000467369563,0,0.0,0
50355,43.151107763852934,2,5,10.900379917179134,2,0.0,0,0.0,0
50356,35.631802696811555,2,3,13.914766600189079,3,0.4459681731963442,0,0.0,0
50357,53.290165445734814,5,4,29.042154755785646,2,0.2488102615813398,0,0.0,0
50358,17.48009125722104,3,2,18.248971501821536,4,1.000854442264136,0,0.0,0
50359,24.455718880547117,3,4,0.9987544763043399,6,0.19925682204123563,1,164654.12126676776,1
50360,40.24698783357426,3,1,5.293005151248484,7,1.0000253154406233,0,0.0,0
50361,55.49201657908758,3,2,12.690416180912344,5,0.27506413548236514,0,0.0,0
50362,19.346337874420207,2,6,0.6095711758663516,5,0.6339235588842171,0,0.0,0
50363,45.287630953325134,2,6,15.127169911976601,7,0.9999053836744837,0,0.0,0
50364,45.25906721625661,3,3,19.989628385700453,7,0.253751685867205,0,0.0,0
50365,23.059289938550563,1,6,5.507831642740793,6,1.3787713005662317,0,0.0,0
50366,59.443739001710995,0,1,6.708953215405586,7,0.35261359609475285,0,0.0,0
50367,23.821234098614482,3,1,15.905135909215723,2,0.5100694051238992,0,0.0,0
50368,44.68129407450146,6,4,19.99399719926683,1,0.7011790488793642,0,0.0,0
50369,48.2881554042872,5,6,19.499692921147044,2,1.0737621268617308,0,0.0,0
50370,51.9222240068779,5,4,11.006738830422663,2,0.0,0,0.0,0
50371,48.07918565388785,2,1,0.0,7,0.9801903846141659,0,0.0,0
50372,59.10129696971168,2,3,11.285897473095456,4,0.5016394839923507,0,0.0,0
50373,40.14256472571605,2,3,5.073289536934094,7,0.9243172166942143,0,0.0,0
50374,69.57266843025327,1,4,5.582667827333334,6,0.0,0,0.0,0
50375,66.5404699088214,5,3,5.086295542730051,6,0.5040750432879151,0,0.0,0
50376,22.086904370513174,1,1,12.872413550241061,1,0.8632730828152606,0,0.0,0
50377,51.88211127528905,2,4,20.003423286929586,1,1.0000438186070142,0,0.0,0
50378,59.298028771214284,2,1,16.6404584642871,2,0.47636786921271457,0,0.0,0
50379,50.71756693160088,6,3,14.672909809515108,4,0.5000208108706852,0,0.0,0
50380,26.998376863336084,2,7,9.96861033607397,7,0.5833620149007038,0,0.0,0
50381,28.635337415058004,3,6,11.010884207823244,5,0.3542363109302056,0,0.0,0
50382,33.64477934424967,3,3,13.574139084766443,5,1.000024959997679,0,0.0,0
50383,58.203817787277444,2,1,19.98695120956028,3,0.19534263563428128,0,0.0,0
50384,17.764076566042405,4,3,10.495160661729983,7,0.22479942860773366,0,0.0,0
50385,62.18927125206734,4,3,13.086966070817578,4,0.9997112046616501,0,0.0,0
50386,36.876728619925395,3,1,8.261667768640825,3,0.9997204291697009,0,0.0,0
50387,30.417018725945702,3,2,22.401659069633148,7,0.999596938948088,0,0.0,0
50388,16.801116379985178,3,1,11.523266259316904,3,0.502388612446701,0,0.0,0
50389,39.164537032220906,4,6,16.746176907904417,4,0.9999585458206307,0,0.0,0
50390,46.66891440483767,5,3,7.6031140783637845,0,1.000222707535722,0,0.0,0
50391,47.93246075136185,4,6,13.795006539303424,1,0.9501244410500616,0,0.0,0
50392,56.19022853102625,4,6,14.165747927537677,7,0.9996425612796682,0,0.0,0
50393,34.60414173266413,1,3,11.872625890866265,7,1.0003528214876842,0,0.0,0
50394,44.50800513148624,4,1,0.0,7,0.9512836127309839,0,0.0,0
50395,55.54545723557417,2,6,1.3402929695872334,7,0.6236279329194437,0,0.0,0
50396,33.433268539481624,0,3,10.755849722157851,3,0.5015995239582229,0,0.0,0
50397,36.49537776558074,5,4,13.153883840894114,2,0.17637763229649694,0,0.0,0
50398,42.61224834765777,3,3,10.47349522152032,3,0.36739445554826533,0,0.0,0
50399,32.26564876971882,5,3,10.759252385649429,5,0.49678917927865995,0,0.0,0
50400,22.478252995881757,3,3,10.617880181967323,3,0.5569423392295906,0,0.0,0
50401,27.762145133357286,4,4,10.750703994053888,7,0.9999864585750189,0,0.0,0
50402,54.0008980414668,1,1,4.209099985533406,7,0.2892806497915195,0,0.0,0
50403,21.609764614260147,3,3,13.252370900305324,1,0.9998435070037562,0,0.0,0
50404,54.10589595866237,2,3,3.9124399042071003,4,0.9420355467919472,0,0.0,0
50405,34.82245815151946,3,1,7.722896904863362,7,1.000136560188866,0,0.0,0
50406,36.41387618248368,3,3,14.970788905926005,5,1.0002696343071475,0,0.0,0
50407,50.103094906316514,0,3,7.127054512963535,2,1.0000250606576058,0,0.0,0
50408,20.87483310524149,6,6,15.508637000720611,2,0.5512224160345683,0,0.0,0
50409,31.874694669190937,2,6,10.004514800218239,1,1.000018870524347,0,0.0,0
50410,49.663108630387015,4,3,7.260319693159636,5,0.9998769107130449,0,0.0,0
50411,29.06640723009882,3,1,12.96362011115096,3,0.20109048118764333,0,0.0,0
50412,56.275011590896966,4,6,8.889455307855195,1,0.6353666284231108,0,0.0,0
50413,26.24773217196109,3,1,25.786872749921052,2,0.4968030758199088,0,0.0,0
50414,40.833195887315334,3,1,16.80373566025643,1,0.49191443419006403,0,0.0,0
50415,31.85396314853632,3,1,15.705718963308737,1,0.9998214237665508,0,0.0,0
50416,44.53518476429023,3,2,7.787061737882188,7,0.4618251179149502,0,0.0,0
50417,43.29706781059206,3,3,14.126833831991368,2,1.00000975526037,0,0.0,0
50418,42.878247378370865,1,3,5.65529582832434,6,1.000354557844584,0,0.0,0
50419,32.217018031397,3,6,0.0,7,0.44976138422149603,0,0.0,0
50420,33.518548491106536,3,2,5.682777456230704,7,1.0000816351431903,0,0.0,0
50421,32.73671409529724,2,3,7.556654865008177,2,0.999892233543556,0,0.0,0
50422,52.22290508903571,3,3,9.031537219689799,4,0.9783483793188874,0,0.0,0
50423,52.860182399953054,2,2,10.816368276245182,1,0.25413227267429844,0,0.0,0
50424,49.21840787824209,4,3,10.508229031532437,3,0.4614388106073384,0,0.0,0
50425,45.855151023592356,5,1,13.818349395439096,1,0.9999680577919964,0,0.0,0
50426,39.74451553258448,2,1,6.31986824806866,3,0.49904419491457364,0,0.0,0
50427,38.36184532109846,4,3,5.406102026786988,2,1.0003356634363223,0,0.0,0
50428,32.04949319127794,3,4,14.284314705735785,7,0.3299044503950254,0,0.0,0
50429,23.07361257985975,5,4,6.6856927716406975,1,0.9968697010096815,0,0.0,0
50430,36.396392903998596,1,6,11.700443435320807,4,0.9999824785717486,0,0.0,0
50431,30.933417496914956,3,2,7.310453698301277,7,0.9999094763267611,0,0.0,0
50432,37.43170999529736,4,3,7.856433500698463,1,0.9996704272515003,0,0.0,0
50433,27.405883334980178,5,6,5.038730467712345,1,0.9876107594334353,0,0.0,0
50434,42.78218403164958,4,3,20.9044536673632,7,0.9893555797589898,0,0.0,0
50435,44.05295932178903,3,4,8.207105024252012,2,0.0,0,0.0,0
50436,45.67534358730459,4,1,19.99827876342959,1,0.8999654884754822,0,0.0,0
50437,39.10925460356784,2,2,10.180209839780561,7,1.0001079348157516,0,0.0,0
50438,38.03856298703061,4,6,25.781542666131635,5,1.0002166453796435,0,0.0,0
50439,51.49557215356931,4,1,19.897950265501883,7,0.27634839026810903,0,0.0,0
50440,33.52813731771334,3,2,12.916712809600979,6,0.3502774874270631,0,0.0,0
50441,37.77737520855014,3,2,14.301662897822094,6,0.9443643406449715,0,0.0,0
50442,32.1182738754852,4,4,17.66609528036833,5,0.15949685244665424,0,0.0,0
50443,39.164764599787475,4,3,17.34580647276489,7,0.5851916103627336,0,0.0,0
50444,20.318986379910385,1,5,13.885153662170158,3,0.31763866990800044,0,0.0,0
50445,21.57736829672909,4,3,15.08158756818593,2,0.9134759763138871,0,0.0,0
50446,38.505121808091594,3,3,7.180646568621846,7,0.5321752873851928,0,0.0,0
50447,32.018671302564805,5,2,19.44737675836696,1,0.3962288744928608,0,0.0,0
50448,48.66360750503026,2,2,13.039877341866118,4,0.19816479363691453,0,0.0,0
50449,44.584958264472185,3,3,16.782571558326104,6,0.9999917434094818,0,0.0,0
50450,44.583300061123964,1,3,16.303637715171305,3,0.44181620015321177,0,0.0,0
50451,45.07623785988506,2,6,13.232953691411458,1,0.0,0,0.0,0
50452,53.2995117310455,4,5,18.322363244774888,3,0.5003802034491048,0,0.0,0
50453,44.20787697697924,3,3,14.791069625929623,2,0.381165807742561,0,0.0,0
50454,37.361704815456996,3,1,9.602452134730942,6,1.0003022472782548,0,0.0,0
50455,40.30914365725326,2,6,4.37763071472534,7,0.07736898754347787,0,0.0,0
50456,55.41434590570036,4,3,4.741867460713447,2,0.9999960865497712,0,0.0,0
50457,44.42894081121951,3,5,13.495719190119635,1,0.24182944009024138,0,0.0,0
50458,37.14259494594527,3,6,5.566334528070171,7,0.5465406370314327,0,0.0,0
50459,33.43564352490479,1,3,5.500778867893012,1,0.5824536087428526,0,0.0,0
50460,43.972624442975004,2,1,8.650622197594021,0,0.48796385624256416,0,0.0,0
50461,52.950082838504805,1,6,16.577572555620634,3,0.48933550258444064,0,0.0,0
50462,31.67473730423883,3,1,17.91573916514101,1,1.000269458894505,0,0.0,0
50463,64.77835915460685,4,3,12.044789244763692,2,1.0002258125392203,0,0.0,0
50464,49.6782394150426,1,6,15.90341878416193,5,0.9999232181988751,0,0.0,0
50465,50.522565288919616,3,3,9.462114506123767,3,0.5072656597140711,0,0.0,0
50466,43.76703551759713,3,2,11.498625720205382,5,1.0002542404337964,0,0.0,0
50467,24.679315814074656,1,5,5.2090851588383975,4,0.3402700284200289,0,0.0,0
50468,42.5674329582858,4,4,15.6073024402484,3,0.9999000808376421,0,0.0,0
50469,21.649249249106315,6,2,0.0,5,0.2103859733424941,0,0.0,0
50470,47.97216939256487,3,5,10.16101804331123,7,1.0006427489150482,0,0.0,0
50471,32.29403360649008,2,1,15.308918462413292,3,1.0000300865899276,0,0.0,0
50472,20.226352071471908,3,1,14.978313158839205,5,0.9996132066965256,0,0.0,0
50473,28.318999223442358,3,3,14.300136025669232,4,0.9998729402864333,0,0.0,0
50474,44.21364197023949,3,1,3.1832497100063986,4,0.4447335093053051,0,0.0,0
50475,43.64555352163084,3,3,5.808839192208855,0,1.0003651492393715,0,0.0,0
50476,32.52039864371226,2,1,4.0619404391160945,7,0.4772810345848856,0,0.0,0
50477,58.26763495055136,4,3,0.0,2,1.0004885821016565,0,0.0,0
50478,55.48865358685796,1,3,0.0,7,0.7788527016485536,0,0.0,0
50479,59.61839168786253,3,1,2.556087999631375,7,0.9999798732545528,0,0.0,0
50480,49.96875563539165,3,7,11.561011866212576,1,0.3387706988131558,0,0.0,0
50481,42.68791980345864,5,3,12.132430144339146,1,0.18256318154901918,0,0.0,0
50482,18.05477738556898,2,1,6.941013427238599,5,0.7287641191399683,0,0.0,0
50483,63.53244436001857,3,4,17.05700030584211,0,1.0003336531380334,0,0.0,0
50484,31.782757681606682,4,1,13.239191995844628,0,1.0002396820899047,0,0.0,0
50485,45.674592883498754,3,3,11.097026462546852,2,0.9999827852141177,0,0.0,0
50486,50.47365076886377,2,6,14.42842221646084,1,0.9345073747830376,0,0.0,0
50487,37.72957869033512,1,3,4.927095817109862,2,0.24208591588753542,0,0.0,0
50488,34.69249377783239,5,3,4.134104875365692,7,0.9996579181002287,0,0.0,0
50489,38.63390612581332,3,4,2.328849625806342,4,1.0000155128176993,0,0.0,0
50490,58.927461409098896,5,1,13.136472583124826,7,1.000417980113014,0,0.0,0
50491,32.40709518524252,2,6,15.719935710654934,4,1.000754617770369,0,0.0,0
50492,65.11030992255502,4,5,9.83090928299804,7,0.2960003680718215,1,2816.1690630932494,1
50493,34.51293930305229,3,1,10.710149246987667,4,0.0,0,0.0,0
50494,26.671397979713618,3,1,15.28398307181861,7,1.0007120202307536,0,0.0,0
50495,66.59464185248441,3,3,0.0,6,0.9999982895230757,0,0.0,0
50496,48.381248518862975,3,6,11.681305905385793,6,0.9132178114680514,0,0.0,0
50497,46.26366121683771,3,1,7.19341203536734,7,1.0001959052240887,0,0.0,0
50498,39.9895371118083,2,4,11.992606951590787,7,0.9295812296039805,0,0.0,0
50499,27.97999675126345,5,3,1.5843688121990986,2,0.10287984177520415,0,0.0,0
50500,40.44315326179024,3,6,13.067665652030406,7,0.9999864266208156,0,0.0,0
50501,31.186373443344554,4,4,23.926112075637356,1,0.9657456626722485,0,0.0,0
50502,48.5813026763307,1,4,9.110570417595799,4,0.6288988492473445,0,0.0,0
50503,34.28390149278093,2,5,18.95009967887264,2,0.9758424300840786,0,0.0,0
50504,51.75078449974728,4,4,19.996870257667357,7,1.0000436999493307,0,0.0,0
50505,58.23523352674454,3,3,5.149984601627537,1,0.7001279090481495,0,0.0,0
50506,39.05485423879117,2,1,13.395473212633528,6,0.4982647490211779,0,0.0,0
50507,59.495475939595174,1,3,6.552408705956393,4,0.49950852949716373,0,0.0,0
50508,36.37694366488945,4,1,9.220631086956555,7,0.9348831584917339,0,0.0,0
50509,55.9296190568366,1,3,4.412687352160572,7,1.0002218505956268,0,0.0,0
50510,45.29762228458529,3,3,5.396884606088522,3,0.41498501450797887,0,0.0,0
50511,24.659758792571957,4,6,11.285479928681216,2,0.738240045877274,0,0.0,0
50512,34.46930150375753,4,2,2.806232039512384,7,0.99981890073972,0,0.0,0
50513,62.20526786687411,3,4,20.00543633109896,2,0.9997165396357688,0,0.0,0
50514,30.633963652124546,4,6,23.283313609848072,7,0.9996314492276073,0,0.0,0
50515,56.21727202840924,3,1,9.210980821923846,3,0.9458072605623409,0,0.0,0
50516,46.24587512539174,2,5,8.967234824609445,4,0.5005898837367369,0,0.0,0
50517,54.13713282349562,4,6,10.623933693523664,7,0.9999556984775622,0,0.0,0
50518,61.59054604978107,3,6,15.493704150723554,3,0.4279129709206206,0,0.0,0
50519,52.6277209818263,3,6,9.58168153980314,5,1.000695387859077,0,0.0,0
50520,26.321887748290596,6,1,2.86511673981156,5,0.43293892152366337,0,0.0,0
50521,34.11289745349573,3,3,15.035358589403488,4,0.5012248561893418,0,0.0,0
50522,40.285190331051865,3,2,20.075429568869076,7,1.0004905617283217,0,0.0,0
50523,49.04504131881499,4,2,14.31003647394304,7,0.6346904576217626,0,0.0,0
50524,48.35243332239233,3,1,12.748942724913316,7,1.0000671641981569,0,0.0,0
50525,37.32972035046683,4,3,5.583178268393941,7,1.0002679960145535,0,0.0,0
50526,46.978484300665976,2,3,5.508608320559732,4,0.9998281613902456,0,0.0,0
50527,28.68294296756228,2,1,3.4919945904218865,1,0.0555861498755883,0,0.0,0
50528,44.04520980433924,6,1,3.974174833030493,0,0.0,0,0.0,0
50529,59.15816856393603,2,4,14.24334826148677,1,0.9816446443247691,0,0.0,0
50530,28.995586122136963,1,4,8.936160187652991,4,0.5292086808256169,0,0.0,0
50531,48.20966780439129,3,2,9.201932829813067,7,1.0000117161419504,0,0.0,0
50532,40.62268905784137,4,3,5.506548180745571,5,0.9187349381294369,0,0.0,0
50533,45.03363643141347,4,6,15.150394270850553,7,1.0000328589156247,0,0.0,0
50534,63.41969425442112,2,3,9.951481392259845,4,1.0005517122223724,0,0.0,0
50535,60.43426703440485,3,2,8.014905194265078,4,0.18459168495239087,0,0.0,0
50536,74.5836579777739,1,5,8.102447038884067,7,1.0000469538584125,0,0.0,0
50537,45.35688441455349,1,5,19.998562565609596,1,0.8674738096329753,0,0.0,0
50538,28.70230873057268,2,6,14.207874551366993,0,0.384983264642787,0,0.0,0
50539,42.67265914330776,4,2,19.809885221454174,4,0.3125974103373071,0,0.0,0
50540,43.82528223409564,4,5,5.906837264492783,6,1.0006235613513326,0,0.0,0
50541,42.120927356062055,4,3,9.11695170438916,0,0.473775626228325,0,0.0,0
50542,49.53347007570294,1,4,17.73787071568229,3,0.5582907642663694,0,0.0,0
50543,43.05198322068635,3,6,14.202180974732306,7,1.0004354502979957,0,0.0,0
50544,50.77001999069643,1,6,8.846604491503404,4,0.245797878855951,0,0.0,0
50545,67.54793470900461,4,3,8.283122140320332,3,1.0001456811389917,0,0.0,0
50546,29.508487581136215,5,1,3.1893841541699626,1,0.7168404413696544,0,0.0,0
50547,41.32277353251341,4,6,7.662184833487234,6,0.34202634165226786,0,0.0,0
50548,57.42158444590298,3,4,8.602776847629174,7,1.0293555295240626,0,0.0,0
50549,32.48161240126496,1,6,17.69444781708353,7,0.0,0,0.0,0
50550,31.878021455913604,3,2,14.315468575313908,0,0.9997180714371174,0,0.0,0
50551,65.57006712169354,3,3,10.748386258515168,7,0.9997054579964748,0,0.0,0
50552,45.14783109868803,3,1,19.999678622141566,1,0.2831183563916831,0,0.0,0
50553,45.62092047668061,3,1,1.6255482237509007,7,0.8867980444907921,0,0.0,0
50554,35.25584596080931,3,3,17.720073717747766,2,0.9204176453197292,0,0.0,0
50555,50.037675282523075,3,6,10.311713494517909,6,1.0003362820093442,0,0.0,0
50556,65.0618974810909,3,1,5.457136722691446,7,1.0021337761780276,0,0.0,0
50557,21.80891979513272,0,6,14.266685772568973,7,0.16135875968317548,0,0.0,0
50558,30.918692732988237,3,1,15.701654878573626,7,0.48576144136894717,0,0.0,0
50559,13.972108406855028,5,3,8.712916257702695,0,0.6112038633323423,0,0.0,0
50560,47.221182316329894,3,5,17.23341463979502,1,1.000083182608332,0,0.0,0
50561,28.802225264879862,4,1,7.4927664271268934,3,0.5043095360263748,0,0.0,0
50562,50.23996121674128,3,2,9.179747539208936,7,1.000006421983914,0,0.0,0
50563,37.67331036715114,3,4,21.69327611435498,2,0.541520936945829,0,0.0,0
50564,48.44193640469281,3,6,12.40595281121551,1,1.0223192575131967,0,0.0,0
50565,46.72625036744037,3,3,0.0,4,0.9997538835690056,0,0.0,0
50566,44.46064085339984,4,7,24.56640285964502,7,0.9830068801510585,0,0.0,0
50567,31.336584827132437,1,3,11.446883596403929,2,0.4710032107378803,0,0.0,0
50568,57.26127786959131,3,1,12.846672554914488,2,1.000727060643253,0,0.0,0
50569,20.26625180261138,5,7,7.1980279548473955,4,0.20507885423223793,0,0.0,0
50570,46.11858616462467,3,6,15.417327865462473,4,0.41018972057358966,0,0.0,0
50571,58.175921483558135,3,5,10.266113119361385,7,1.000026987503102,0,0.0,0
50572,54.837906287126806,4,2,16.144568502364436,2,0.5557981760806863,0,0.0,0
50573,86.29285689715269,3,3,9.287435187333957,2,0.5028976971123785,0,0.0,0
50574,37.32376108556507,3,3,9.290319384670267,1,0.9997590035405706,0,0.0,0
50575,38.12601041958117,6,6,12.734142726701517,4,1.00003967979948,0,0.0,0
50576,56.47390106548721,3,4,5.7544518909390545,7,0.3311667278921386,0,0.0,0
50577,51.46920697912615,8,2,12.242726177890564,7,1.0700695905623285,0,0.0,0
50578,26.788654144605765,6,2,14.936190285502132,1,0.6249631142916017,0,0.0,0
50579,80.347434281674,4,3,3.5103430905129427,7,1.0947640630078692,0,0.0,0
50580,27.098929749132346,3,4,13.684920313787439,6,0.822142943714519,0,0.0,0
50581,28.262928124886812,1,3,0.0,3,0.1445513112898541,0,0.0,0
50582,27.043875030941024,1,5,17.91857600550335,6,0.5519662305423916,0,0.0,0
50583,46.98725592931714,3,4,11.78820960216223,7,0.740834495976564,0,0.0,0
50584,44.88027058788865,2,5,18.516307259422987,2,1.00943420562901,0,0.0,0
50585,54.84434749816029,3,6,11.234180131753496,0,0.5221076154151886,0,0.0,0
50586,51.19138962447205,3,2,11.88038657710832,6,0.9958716690584561,0,0.0,0
50587,67.85582427196215,3,4,5.277263835537412,7,0.9527349667297375,0,0.0,0
50588,47.28654922620561,2,1,0.0,6,0.5060017201699128,0,0.0,0
50589,60.64314848188495,2,1,10.194777536338014,1,0.03577370806426594,0,0.0,0
50590,21.318061058410173,4,5,8.970835779540575,2,0.21672636520824562,0,0.0,0
50591,46.01498390803209,4,3,8.738405365204134,7,0.9380913412641918,0,0.0,0
50592,65.50329865242541,4,6,0.0,7,0.9999133179985171,0,0.0,0
50593,24.538927002230523,2,2,10.118242485474404,1,0.9005505248499908,0,0.0,0
50594,54.63888288819581,3,6,12.533059308753032,7,0.9999308932829707,0,0.0,0
50595,46.682440120578306,3,1,9.943404937319436,7,0.9999697206538429,0,0.0,0
50596,54.3128012033833,3,3,19.988769861128432,4,1.0497190475794862,0,0.0,0
50597,48.927527054400485,2,4,19.994939654031946,1,0.9999280596480578,0,0.0,0
50598,18.386925449169965,3,2,11.752167159907449,1,0.9998847711469422,0,0.0,0
50599,55.87771308825301,4,5,8.499033504718703,1,0.8627512368435084,0,0.0,0
50600,52.255517895971934,5,6,12.76069626578816,7,0.37410948601515415,0,0.0,0
50601,37.688500341556264,4,3,20.000858754276642,1,1.000238413182998,0,0.0,0
50602,59.55742798691847,6,3,11.827129122927886,2,0.9998390072514726,0,0.0,0
50603,19.851746990224026,3,4,3.4314957042306373,2,0.09520831440507038,0,0.0,0
50604,63.48989121658903,4,6,1.507645395554782,7,1.2981503001333594,0,0.0,0
50605,42.99391212732223,2,1,11.300184129334431,7,0.9450726671091787,0,0.0,0
50606,63.6229107033068,2,4,19.99576585750787,1,0.9210959125309357,0,0.0,0
50607,48.82666001785668,5,6,7.026952634225903,4,0.24234245250640835,0,0.0,0
50608,47.97970207445836,3,4,2.99773169571697,1,0.22492818749484644,0,0.0,0
50609,43.113167702902615,3,6,9.954240470172818,5,1.0009297885346446,0,0.0,0
50610,38.41650211497646,3,3,4.327220394311847,5,0.9998940145885497,0,0.0,0
50611,57.51128282997827,3,6,4.060066970411536,3,0.0,0,0.0,0
50612,38.18293562921214,4,1,12.560878269489782,7,1.0000109757420566,0,0.0,0
50613,36.759033313144734,5,5,5.659987805189589,1,1.1212188882960787,0,0.0,0
50614,43.29674107269114,2,1,5.201954231886963,3,0.5842468071411323,0,0.0,0
50615,52.92162988510629,1,2,2.2028328090640272,6,0.46027572771822384,0,0.0,0
50616,45.09616113290226,2,1,1.9881221434171508,6,0.9477209965437998,0,0.0,0
50617,50.60740456871978,4,2,13.578731735994925,7,1.0004632783737275,0,0.0,0
50618,30.61930131686333,1,4,8.294571214153482,6,0.6907102485386387,0,0.0,0
50619,28.741834187917334,5,1,7.525268473823063,1,0.9996838161313011,0,0.0,0
50620,27.895278092115745,3,3,5.37932117686219,6,0.9999078106479641,0,0.0,0
50621,44.541283714333744,2,3,16.323086216641002,7,0.6171060252486867,0,0.0,0
50622,27.78526266277631,4,2,9.330007736346417,1,0.847719292194048,0,0.0,0
50623,40.190209971576266,1,4,19.995811542086066,7,1.0690694524359508,0,0.0,0
50624,50.10453655866047,4,1,20.06542778320926,3,0.9998467968750039,0,0.0,0
50625,57.88009566800211,4,3,1.8875971584765523,1,0.0,0,0.0,0
50626,18.55032118505413,3,2,9.060505850374726,1,0.5256722710386015,0,0.0,0
50627,44.451160764200125,3,4,18.451696027570772,4,0.8145937900525557,0,0.0,0
50628,50.491058028521174,2,3,14.855965089329999,7,1.0000011331177634,0,0.0,0
50629,26.694889263480782,5,6,12.886974922273266,5,0.7988251822566544,0,0.0,0
50630,48.67809950788223,2,3,0.22946452165806264,2,0.4186555589505107,0,0.0,0
50631,43.45113518751394,3,1,5.267833521577956,2,1.000246641809183,0,0.0,0
50632,23.477355953306315,4,6,15.37752150829306,0,0.2257018119246474,0,0.0,0
50633,36.91355476396946,4,6,17.854414732600272,2,0.5610537537557124,0,0.0,0
50634,32.151466384832666,5,3,10.448112288037178,3,0.999785469543517,0,0.0,0
50635,40.84468710173425,2,3,7.020523531753067,2,0.49733847945713094,0,0.0,0
50636,2.552511419587546,1,1,15.45036858622936,7,0.5169426121294889,0,0.0,0
50637,35.521410212850064,3,3,12.23795184055364,5,0.06554864340165423,0,0.0,0
50638,23.085104116640824,3,1,13.026650845881967,3,0.7002779500003381,0,0.0,0
50639,20.92139813509025,5,7,6.297486797869678,2,0.19719648253570826,0,0.0,0
50640,59.95165236956389,4,3,3.937363762783775,7,0.6903267329827643,0,0.0,0
50641,69.60074438982275,2,1,14.983909282853565,1,0.23873278648085128,0,0.0,0
50642,46.038358284558825,3,1,28.45865480783584,7,0.9997459419481848,0,0.0,0
50643,52.13147406737256,2,3,15.813308106159235,5,0.5042423428806622,0,0.0,0
50644,38.83488862966491,4,3,2.4778921941509484,2,0.9591031981757634,0,0.0,0
50645,32.04875812622993,6,7,10.522383303759522,5,0.3340453200235995,0,0.0,0
50646,33.99419109100537,2,1,20.576452540013616,2,1.0000683546396807,0,0.0,0
50647,38.26778918543549,3,1,5.350163128623519,3,1.0003496073230682,0,0.0,0
50648,42.86746741544942,2,6,15.44533621676639,5,1.0003007205962664,0,0.0,0
50649,63.159723060359276,4,2,12.247365717790572,7,0.7997074677480425,0,0.0,0
50650,44.03878982729249,3,1,3.8823148416087196,0,0.3790390292047048,0,0.0,0
50651,51.27407722497362,2,1,4.168285820203702,3,0.0,0,0.0,0
50652,39.53392454357647,3,4,8.967436106249872,7,0.20284366444231855,0,0.0,0
50653,32.08749943674115,2,5,19.988711165220682,1,0.9998874973874852,0,0.0,0
50654,48.90695437812388,2,3,9.172913357766639,3,0.9995998546144267,0,0.0,0
50655,43.61223242999594,4,2,11.088517367747922,7,0.9998272513930461,0,0.0,0
50656,46.21957612756158,2,2,0.5172437037194388,7,0.11461089955233772,0,0.0,0
50657,53.22045869838487,4,1,19.995796007847126,2,0.2594079761899706,0,0.0,0
50658,51.62530852899513,3,4,10.150190277667171,4,0.9995669065134435,0,0.0,0
50659,30.516094045307522,2,3,2.0398835676097047,3,1.0000367517246822,0,0.0,0
50660,44.28922391292735,3,3,9.015732162622108,4,0.4936069186857722,0,0.0,0
50661,50.3481187554432,3,6,18.227877476249972,7,0.8718352221698156,0,0.0,0
50662,47.57445384378153,4,4,20.007789774941827,1,0.9999574096431818,0,0.0,0
50663,52.931143605724124,3,3,5.955106379605715,3,0.5006905010582495,0,0.0,0
50664,43.05692767608059,2,1,2.670365354423085,4,0.09275635180863384,0,0.0,0
50665,30.390117067038755,3,1,12.767292353966104,3,0.4973113330130642,0,0.0,0
50666,38.53754279970251,3,6,10.62680125734162,7,0.3135454014186586,0,0.0,0
50667,40.584034739812054,3,3,10.198499498931517,7,0.51292368974753,0,0.0,0
50668,50.98148186047885,4,1,6.034138413476057,5,0.49819459458573156,0,0.0,0
50669,54.701637546068156,5,4,17.502436566447173,2,0.6181533168322052,0,0.0,0
50670,53.46002503607238,0,1,0.0,1,0.4984327110386243,0,0.0,0
50671,37.31131352784929,3,6,9.149253454156772,2,0.20910452686783515,0,0.0,0
50672,28.05072502407851,2,2,7.10397441238673,7,0.6087492785848233,0,0.0,0
50673,38.56971276227168,5,3,8.0283452452476,1,0.9860439522052381,0,0.0,0
50674,32.42949100375742,4,1,0.0,3,0.6409510012954921,0,0.0,0
50675,58.01133570919022,1,2,5.079840438184524,1,0.2539511194731505,0,0.0,0
50676,37.51982016248215,2,2,5.917553140368078,7,1.0000284756439124,0,0.0,0
50677,25.30818154954731,4,2,14.029067518712125,4,0.25186141093931963,0,0.0,0
50678,40.78526088872539,4,1,10.272254614426613,7,0.44145851980281037,0,0.0,0
50679,19.36345891383725,3,6,19.49915314636481,2,0.5554332546663716,0,0.0,0
50680,68.09569820806605,2,1,20.003492176091335,1,1.000220695788339,0,0.0,0
50681,28.852564687410066,3,3,14.080419941617834,3,0.20595411160682503,0,0.0,0
50682,42.16463205027194,2,3,12.635256025620992,7,0.46774655679789345,0,0.0,0
50683,61.433803704560404,3,4,17.350068302617764,3,0.21995892679161694,0,0.0,0
50684,25.31833493445169,5,6,7.852800439121774,3,0.6360940680095012,0,0.0,0
50685,41.87520828616583,3,3,9.3982741036051,1,0.278362010683504,0,0.0,0
50686,66.619142675834,2,6,24.744366115791166,4,0.9996057001320628,0,0.0,0
50687,40.74484963410169,4,1,2.846381350503016,3,0.5815831267916247,0,0.0,0
50688,55.71177270526707,3,1,13.770534985519065,0,1.0000540406478644,0,0.0,0
50689,46.89388282409529,3,4,2.8909649647535964,1,1.0002288618935637,0,0.0,0
50690,55.48115667918954,2,1,24.61238102343739,1,1.0005687104628234,0,0.0,0
50691,26.340831717844623,3,1,9.849578046608155,4,0.4960607806675356,0,0.0,0
50692,22.595237279083495,1,2,3.6611156070276083,1,0.9998326259282395,0,0.0,0
50693,56.83848508358401,3,2,8.329294133633908,7,0.9998590399182075,0,0.0,0
50694,51.442344161235084,3,2,20.753472789642124,5,0.9997328884613513,0,0.0,0
50695,64.62983589438574,2,1,0.07562614863656414,3,0.4991203053568607,0,0.0,0
50696,61.225232142859845,1,5,9.083335250612395,2,0.5206887927131434,0,0.0,0
50697,38.60236304691561,3,1,0.5436376427091894,1,0.9326066951777812,0,0.0,0
50698,44.133526350306944,4,1,7.888515393302896,3,0.4964109364708912,0,0.0,0
50699,31.672751266825866,3,6,11.42093428787005,6,0.21807409396031746,0,0.0,0
50700,52.46424854480488,4,6,9.482408307234254,7,1.0002471692342674,0,0.0,0
50701,54.831252371951635,2,3,8.386166702690197,4,1.0263584294198547,0,0.0,0
50702,49.696165653519394,1,3,8.324385105337596,4,0.9996372042821164,0,0.0,0
50703,25.78527390851119,2,1,9.83832936671895,7,0.45020856018209143,0,0.0,0
50704,33.98524467901702,3,1,9.855676122047102,2,1.0001755882143946,0,0.0,0
50705,42.068124829873994,5,1,0.0,4,0.9997238147894008,0,0.0,0
50706,48.90254370389063,3,2,5.92083688127488,5,0.11768237194449993,0,0.0,0
50707,32.24852239408932,2,3,6.592137447818957,4,0.6775225945006628,0,0.0,0
50708,17.346802329695933,2,6,4.607232117758964,4,0.2552141164381114,0,0.0,0
50709,62.883412637392695,3,6,17.631143560945254,7,1.0003906491655328,0,0.0,0
50710,32.45231783559058,3,6,15.331784882956539,1,0.4419458134542432,0,0.0,0
50711,21.354561998918467,2,1,2.514417359214212,0,0.3340569446515001,0,0.0,0
50712,46.89707105525618,4,5,20.85780588576333,6,0.8360467286346931,0,0.0,0
50713,31.07316568253627,4,6,19.228393192449786,1,1.0083231788608555,0,0.0,0
50714,39.36565430935333,3,1,8.556468970842442,4,0.9999790856800308,0,0.0,0
50715,26.0308532182146,6,6,17.62485649809222,1,1.0388444336390599,0,0.0,0
50716,64.05251429440133,1,3,6.71368811139653,1,0.9996075941573266,0,0.0,0
50717,46.055427423493654,4,6,8.908488679472264,2,0.30814831112315466,0,0.0,0
50718,23.92198126032782,3,4,19.996145946171904,1,0.7520310292396691,0,0.0,0
50719,50.51622842964374,3,3,11.65483117113052,4,0.9536352897881542,0,0.0,0
50720,24.51891679218973,3,3,10.034510041032508,3,0.34831871188291547,0,0.0,0
50721,44.914239045014874,3,3,20.001987286116567,1,0.6429787374179581,0,0.0,0
50722,32.844694495414636,2,5,19.829017567320953,5,0.5892733844192284,0,0.0,0
50723,23.711240662811186,4,6,5.713674330853385,3,0.5093105742854949,0,0.0,0
50724,56.73497224322875,4,1,1.0510024808724339,3,1.0006107283480936,0,0.0,0
50725,28.339128992681438,3,4,24.979095192144094,3,0.7061095594924852,0,0.0,0
50726,22.69366382358712,5,2,17.381671165901643,1,1.0103254196010114,0,0.0,0
50727,36.14374391554202,3,3,0.0,1,1.00025198482329,0,0.0,0
50728,36.274003699955415,4,6,19.196126201219116,4,0.9998361478795181,0,0.0,0
50729,43.473440155404894,0,1,14.065816302823,7,0.2943486908015527,0,0.0,0
50730,50.86455585189324,3,1,3.4188227393573847,4,0.09258058101610511,0,0.0,0
50731,45.5049708436609,1,3,4.79464257722394,1,0.9999150845033693,0,0.0,0
50732,30.592049970427745,3,1,3.2855054535911954,2,0.4475436244949026,0,0.0,0
50733,51.055508031317444,5,3,9.147894861844158,0,0.9998993848284592,0,0.0,0
50734,27.63260638810402,4,2,13.074680457218513,3,0.418419561617388,0,0.0,0
50735,45.41478791844958,1,3,14.716094202182935,7,1.0002372725735171,0,0.0,0
50736,43.994543426694094,3,3,12.718800883415359,7,0.9996071792370615,0,0.0,0
50737,33.07877685963862,2,6,17.168310297750303,6,0.9478269075729828,0,0.0,0
50738,42.81240700582978,3,4,8.690542386653105,3,1.000162357652665,0,0.0,0
50739,28.208390747778466,3,5,0.0,1,0.769248606258053,0,0.0,0
50740,36.981925848336786,3,1,18.24279524303106,1,0.7936485845105261,0,0.0,0
50741,32.19206314003591,3,1,20.796082665543302,7,0.9651952469990683,0,0.0,0
50742,41.01196193459443,3,4,9.899000944895109,2,1.0003869471681823,0,0.0,0
50743,65.17180870861878,3,5,12.891257510835898,1,1.1982901877203354,0,0.0,0
50744,51.9489244332928,3,1,13.398970370571188,7,1.0001719081935772,0,0.0,0
50745,42.25431310927339,4,4,20.006039112903927,3,0.389688794657262,0,0.0,0
50746,49.78706744667221,3,4,12.278481044270086,5,0.8314504176367244,0,0.0,0
50747,58.680664571730944,3,1,13.3359419529369,7,0.9997304484792693,0,0.0,0
50748,32.52078174437712,3,3,15.671983317447705,4,1.0001709790204387,0,0.0,0
50749,53.540253701814976,4,3,10.29897040651709,6,0.3338651439205329,0,0.0,0
50750,25.28007579727883,3,2,12.856110990371425,7,0.15867774120334155,0,0.0,0
50751,22.479768609764736,4,6,10.143339815439393,1,1.0576370525338945,0,0.0,0
50752,37.071352674320885,2,5,13.993646967093309,2,0.9858408527161835,0,0.0,0
50753,18.21428570878634,3,1,14.913459757821233,2,0.49970831944018185,0,0.0,0
50754,24.262172410100778,4,6,6.896572251262062,7,0.15716544037015123,1,6318.167522600049,1
50755,31.58910126564217,4,2,7.197952852445082,1,0.1428552350463308,0,0.0,0
50756,65.59123623589413,3,4,19.998980235937005,1,0.8492639072918402,0,0.0,0
50757,37.7781303606252,3,3,12.61698821211526,1,0.26762141538489026,0,0.0,0
50758,37.55411529403976,3,6,4.89159199415762,3,0.567427613496517,0,0.0,0
50759,50.57377274844022,2,4,20.000366763739155,1,0.9997543445145785,0,0.0,0
50760,64.44562621016958,3,4,19.539539624548738,7,0.8828306728997866,0,0.0,0
50761,22.717208696280295,1,1,13.057934893852101,1,0.8659660905225254,0,0.0,0
50762,37.260558818136396,3,1,8.348060122799994,2,1.0000813201266603,0,0.0,0
50763,30.085820911587163,5,7,2.953690937934443,4,0.000507043623043657,0,0.0,0
50764,41.05176753438009,1,3,12.448796269157489,7,0.8197394356766551,0,0.0,0
50765,42.84345263840974,2,3,18.749443486067655,3,0.5018576879609106,0,0.0,0
50766,49.83331895989576,4,4,19.991930963904267,1,0.9995590885182348,0,0.0,0
50767,29.25333154813239,2,3,17.647505659410342,0,0.5048815858749995,0,0.0,0
50768,51.942517175406046,3,6,19.599024396533267,7,0.9999816148038745,0,0.0,0
50769,58.03898538287394,3,4,6.1428314280913865,7,0.8529523924124345,0,0.0,0
50770,52.40968593826294,3,5,20.00291985645722,1,0.7667996597083504,0,0.0,0
50771,52.50161352272826,3,4,11.960527948841035,4,1.0005645794328955,0,0.0,0
50772,51.4224225586269,1,3,5.639265073214598,7,0.9995655097605822,0,0.0,0
50773,49.925242243296196,6,4,7.064928617862212,3,0.7071875410774913,0,0.0,0
50774,46.05580315293838,4,3,8.647399431704105,5,0.5059849893539956,0,0.0,0
50775,42.75979104678934,3,2,16.32260705730252,7,1.0004761706140128,0,0.0,0
50776,26.677548306783482,2,2,4.907300927687226,7,0.9998000782313814,0,0.0,0
50777,54.29457614658703,3,3,0.7872872923603733,1,0.9994296600186225,0,0.0,0
50778,59.93627844156241,3,1,17.052455960122163,3,1.0001014437055726,0,0.0,0
50779,72.50765855832567,2,5,19.33746143238935,1,0.450722098983396,0,0.0,0
50780,43.930097206155914,6,3,15.753799269968868,1,0.945196899040482,0,0.0,0
50781,62.018280444993124,3,3,0.0,3,0.9998576335349035,0,0.0,0
50782,49.71642752966706,3,3,4.478113935197654,7,1.0000804450213947,0,0.0,0
50783,44.3205619661294,4,3,8.272059036435433,7,0.9998392325596126,0,0.0,0
50784,26.31015707924897,4,2,12.487323765780756,3,0.9806542077743208,0,0.0,0
50785,41.01962691419206,2,5,11.201603010574612,3,1.003786521490488,0,0.0,0
50786,24.704626673351328,3,6,11.54988232396988,2,0.34848873299062777,0,0.0,0
50787,33.74813525095955,5,3,8.621002712776667,2,0.4952767105853777,0,0.0,0
50788,44.015993067608775,4,2,13.018482160325785,4,1.0035648764043659,0,0.0,0
50789,52.320564104842326,5,4,17.258070103010354,6,0.987511854279158,0,0.0,0
50790,19.523038446771704,4,3,12.440430100625441,1,0.9306984976331087,0,0.0,0
50791,33.56008660547184,4,1,1.989536883731585,7,0.327763126858966,0,0.0,0
50792,64.35788108848416,2,3,7.8314024743685025,4,0.497099424542056,0,0.0,0
50793,57.83096037988863,4,1,11.48938343763855,1,0.999642647013874,0,0.0,0
50794,47.83397871937162,3,3,14.42639595612662,7,0.9997377817848923,0,0.0,0
50795,66.16444977672042,7,2,3.0310609631546157,7,1.0201597600811267,0,0.0,0
50796,43.553238137453725,4,4,20.002494051457898,7,0.6731560203749932,0,0.0,0
50797,55.55887097608369,3,1,4.975769446432044,7,0.7189222108322496,0,0.0,0
50798,41.27711962578513,2,3,11.834151181875466,1,0.42701618075967335,0,0.0,0
50799,53.764223777465936,3,1,4.780787518640693,7,1.0001647157929394,0,0.0,0
50800,38.83736824893005,3,1,1.0919581554951687,3,0.9610120738615047,0,0.0,0
50801,43.519132025384174,5,6,12.241908940895907,6,0.46229754000140455,0,0.0,0
50802,54.26722541613556,3,2,11.217045695594528,7,0.9999988357556062,0,0.0,0
50803,40.17329071249815,3,6,16.380032769293525,4,0.9918273153548848,0,0.0,0
50804,18.865749168224504,5,5,19.999959525472796,1,0.5189307339299143,0,0.0,0
50805,42.92223876516475,3,1,18.035037972232217,7,0.6480286746432407,0,0.0,0
50806,38.826745914423825,3,2,4.34479945384077,1,0.6173623842182627,0,0.0,0
50807,35.666860751464384,3,3,15.048496824535883,4,0.925973330085687,0,0.0,0
50808,61.61762473716081,3,4,21.884294363494654,3,1.1023966999161547,0,0.0,0
50809,45.79371039536779,5,4,23.522597471611633,1,0.9866949526655842,0,0.0,0
50810,35.919143090385944,2,3,12.795373281384872,4,0.9993547267450145,0,0.0,0
50811,49.67445837968183,4,5,2.1891595382209275,7,0.9998822057905397,0,0.0,0
50812,50.305557316238506,1,4,19.996832717885802,1,0.0,0,0.0,0
50813,35.26365771050462,3,2,17.206268008818288,5,0.9998645668482579,0,0.0,0
50814,52.58544796938331,4,4,19.990924651622215,7,1.0001826251622734,0,0.0,0
50815,57.10820318553915,4,2,0.0,7,0.9243571085267757,0,0.0,0
50816,49.40293424742785,4,4,12.012328336616521,7,0.5467557898520061,0,0.0,0
50817,22.78352385243463,5,6,14.712264127138038,1,1.0517209417533664,0,0.0,0
50818,30.370069819885167,5,1,7.265309645619765,3,0.9999936449031324,0,0.0,0
50819,53.85452468070294,3,6,18.023037066092567,4,0.6752450194713254,0,0.0,0
50820,60.963972721716345,4,5,15.86374728335944,1,0.5599682517866025,0,0.0,0
50821,28.97636098921643,3,6,15.148331213269353,1,1.053777142032306,0,0.0,0
50822,23.69926107155581,4,6,17.194641328842774,2,0.4900044236004309,0,0.0,0
50823,49.84012236502112,4,3,12.582583327371118,4,0.999921388670927,0,0.0,0
50824,39.29078422705456,4,6,9.725585842777907,7,1.0002509641938007,0,0.0,0
50825,65.26373409125165,4,1,17.156297329142692,7,0.9481298352246004,0,0.0,0
50826,44.77283969185988,3,6,7.617672687362916,4,0.4963685937719594,0,0.0,0
50827,51.41555298189363,3,6,7.6657655225446515,7,0.9997756869235686,0,0.0,0
50828,51.81677484656532,6,2,8.871467093287851,7,0.9998292644566338,0,0.0,0
50829,25.91767374936249,3,3,1.3603436451878856,2,0.5530162380412912,0,0.0,0
50830,69.94655184200366,3,6,3.2071220003365264,6,0.9386778318638678,0,0.0,0
50831,43.10131455896253,3,3,0.0,3,0.49920150275672004,0,0.0,0
50832,60.73077619906275,3,3,5.734935609666391,5,0.8479769359973015,0,0.0,0
50833,41.34100640973084,5,1,19.994477883430257,2,0.4635322721124075,0,0.0,0
50834,51.271529347124634,5,3,10.303719131086442,3,0.4996685075097615,0,0.0,0
50835,50.39090085798099,4,6,2.1403769583573613,3,0.3337366996311752,0,0.0,0
50836,40.17980507870773,4,4,5.393836220375708,1,0.5637943338680333,0,0.0,0
50837,50.11324325564683,3,1,14.309698031844896,6,0.9996459782509449,0,0.0,0
50838,43.18431672565015,3,3,9.410367186751111,3,0.9558554204339363,0,0.0,0
50839,45.54205378416173,2,3,3.87326705729207,4,0.5043193808419906,0,0.0,0
50840,40.13931451975091,4,6,9.882211787906334,7,1.0002194930918873,0,0.0,0
50841,21.66697844331417,3,3,3.9964360723308676,1,0.7301124385524254,0,0.0,0
50842,34.80262988154761,2,5,9.788137515915622,2,0.953228096327688,0,0.0,0
50843,45.923012227709265,5,2,14.140514914531106,6,0.935198777904288,0,0.0,0
50844,31.38865622810027,4,3,16.156709400896737,7,0.9997767831951152,0,0.0,0
50845,42.00117378416577,3,2,6.538809963650835,7,1.0004778672344963,0,0.0,0
50846,34.38215639902439,3,1,21.245726081857597,7,0.9997624873234747,0,0.0,0
50847,52.191347533666416,4,4,19.998394178533985,6,0.9997092554096147,0,0.0,0
50848,65.48340050772367,3,3,10.465264954093202,3,0.3195099965792005,0,0.0,0
50849,44.450582532092966,5,1,15.288780325889459,4,0.9960144580185893,0,0.0,0
50850,42.54934772760064,4,3,12.965119955287072,3,1.2323363672286494,0,0.0,0
50851,54.52864684772386,3,4,20.003365089671348,7,1.0000757438489627,0,0.0,0
50852,36.81296715575801,3,6,13.847702108353209,7,0.3257895044135455,0,0.0,0
50853,39.75812550440875,3,1,4.743721580608768,4,1.0000479950956376,0,0.0,0
50854,54.94366144496401,1,6,9.374647639055445,7,0.21518895838805874,0,0.0,0
50855,48.615390865190456,3,3,15.871197563910924,7,0.9219040538465225,0,0.0,0
50856,41.26319768046114,4,1,12.033017642423413,6,0.9999547784663787,0,0.0,0
50857,42.04658805725794,5,1,19.991619861616662,1,0.5519692438000724,0,0.0,0
50858,56.23934867310131,3,4,0.0,7,0.961805604207468,0,0.0,0
50859,27.491485115285563,2,2,16.090461105315445,4,0.40710289939471467,0,0.0,0
50860,57.55316990897592,3,1,10.64053094174289,7,0.9995037746584674,0,0.0,0
50861,34.14884292420553,3,3,4.161896362837522,0,0.7688451591216637,0,0.0,0
50862,43.816957468808646,3,5,14.351401808533637,1,0.9998947434623779,0,0.0,0
50863,48.15108057996896,3,1,12.548693244142267,7,0.9999449779644236,0,0.0,0
50864,55.90883548771331,4,3,8.463439476658493,1,0.4938278680851058,0,0.0,0
50865,20.710429870652284,1,1,16.72856013449678,0,0.952904651810341,0,0.0,0
50866,42.93355289169763,5,4,9.219978617315324,2,0.9995365610294614,0,0.0,0
50867,50.60606874955059,6,3,6.416557728624763,7,1.0000235214889623,0,0.0,0
50868,37.32788630239131,2,2,6.945658440664747,7,1.000257472857403,0,0.0,0
50869,27.137507432969905,1,6,16.254261932590733,5,0.18587274761304595,0,0.0,0
50870,58.116520162568,3,1,20.175380871508835,4,0.9998800909269652,0,0.0,0
50871,65.04187080006623,3,3,19.053887771103515,4,0.49834960198667017,0,0.0,0
50872,20.7185132606601,2,3,1.5080230339005514,7,0.6831966228100901,0,0.0,0
50873,41.95809616334342,1,4,3.165084676686628,7,0.741600644773495,0,0.0,0
50874,46.79475969750625,2,2,4.860600045463946,7,0.9525195355207796,0,0.0,0
50875,39.46892045603684,3,6,12.371285049851327,1,0.9792398830656486,0,0.0,0
50876,50.829606378025424,1,3,14.32001542939051,1,0.9518380915079223,0,0.0,0
50877,43.93627231082211,1,6,8.916574759689949,0,0.2832033127196613,0,0.0,0
50878,64.33013981733501,2,5,20.587556743343605,7,0.9996323200564409,0,0.0,0
50879,39.18946312222492,3,3,10.977574157957218,5,0.17758307493433445,0,0.0,0
50880,54.603205418855296,3,3,10.384186385978639,4,0.2648500450223654,0,0.0,0
50881,45.242493381929286,1,6,12.774446881335844,3,0.4785345711557825,0,0.0,0
50882,35.44027044710462,3,2,10.577481912265409,1,0.9998422845033583,0,0.0,0
50883,46.60513476594984,6,6,9.462800206269124,7,0.31468318124881783,0,0.0,0
50884,31.594835044617206,5,4,20.001070974299974,1,0.39151805670219547,0,0.0,0
50885,39.24561441624819,3,4,20.007434123466787,1,1.0102330903491985,0,0.0,0
50886,39.18604145626702,3,2,6.482716514430482,2,0.30987323679311257,0,0.0,0
50887,32.57736118504918,3,2,17.172804703747047,7,0.9670389990250583,0,0.0,0
50888,51.031093093628286,3,3,14.070905785946389,5,0.9995826587661203,0,0.0,0
50889,33.06147308495501,1,3,0.0,2,0.9807341519024915,0,0.0,0
50890,60.59433568613635,3,2,13.755973749313704,7,1.0007799255903729,0,0.0,0
50891,40.811742341440016,3,1,20.004906940501527,2,0.7154213427843845,0,0.0,0
50892,41.75723514261087,2,3,10.437952213825907,7,0.9995341994602165,0,0.0,0
50893,50.66625859935269,2,3,4.716743476665278,7,1.0000957801525368,0,0.0,0
50894,41.92762653701419,4,6,0.0,3,0.18397478828617775,0,0.0,0
50895,44.73144974101642,6,6,8.393170074210438,7,0.7688395837463217,0,0.0,0
50896,27.503129513215868,4,2,10.217030417438394,4,0.6221511938650723,0,0.0,0
50897,67.04371150366163,4,6,16.157906661093833,7,0.9999343119884155,0,0.0,0
50898,33.77324162661195,3,3,24.626317034248093,7,0.49088790213370653,0,0.0,0
50899,44.42279115678979,1,5,10.789841575526511,2,0.7178621530052005,0,0.0,0
50900,33.87953024241891,3,3,5.51692719765564,1,0.999812263069439,0,0.0,0
50901,25.324678351256484,2,4,19.99350803172007,1,1.0004602256109756,0,0.0,0
50902,39.811340166479866,3,5,10.575416624856775,7,0.5977330218811784,0,0.0,0
50903,48.700253061244865,3,3,12.627422393323119,7,1.0000436270141189,0,0.0,0
50904,47.18706869806356,2,3,7.971327331870562,4,0.013129790038843847,0,0.0,0
50905,47.290214132488344,6,6,4.083175063018852,1,0.42725167167272016,0,0.0,0
50906,39.91831288638467,3,6,1.9205742590370605,7,0.9996060997697479,0,0.0,0
50907,20.28595045327211,3,6,19.990058661433707,1,0.16685900326907555,0,0.0,0
50908,51.10761455678626,2,3,4.351151722673141,7,1.0008580222958112,0,0.0,0
50909,52.37696886117146,1,5,0.0,5,0.6513033233822221,0,0.0,0
50910,27.868830163252696,2,7,8.264773632787785,6,0.5638067298499416,0,0.0,0
50911,25.25796396691415,3,1,16.73474853426492,1,0.9997587271274615,0,0.0,0
50912,43.06789350159554,5,3,7.713805899044161,7,0.6621707995636692,0,0.0,0
50913,40.6319403846303,4,5,0.2543519344966416,1,0.03282998392864622,0,0.0,0
50914,47.4247241882955,2,3,2.540967361167489,1,0.9998454918864438,0,0.0,0
50915,62.952376646782234,3,4,19.993878632001284,5,0.5042884250809928,0,0.0,0
50916,27.552435693438838,2,2,14.895867524778708,3,0.7100638034302605,0,0.0,0
50917,26.679572875686,2,2,6.367073770997162,5,0.301387292639936,0,0.0,0
50918,34.600849199111266,5,3,17.328833367306522,0,1.0003352783630741,0,0.0,0
50919,52.59819989339678,1,2,9.594605151314623,7,0.5557753708137384,0,0.0,0
50920,37.745858146946645,2,1,19.998719106927155,4,0.1468324168327304,0,0.0,0
50921,43.807919094343156,4,2,3.07749128592112,7,0.19215254766597,0,0.0,0
50922,35.5288642897373,2,1,16.350565200124873,2,0.49795120270490395,0,0.0,0
50923,60.38258651559238,3,2,15.136829803407108,7,0.9997442339135045,0,0.0,0
50924,28.65408727954913,2,6,4.861596852524781,4,0.335521713648315,0,0.0,0
50925,51.34971665839879,3,4,0.11655977389795602,3,0.1479136151970546,0,0.0,0
50926,38.34896228139719,2,6,9.455428434064522,1,0.9106416027540594,0,0.0,0
50927,75.4443518163358,3,4,16.795009896048388,2,0.9996010696368192,0,0.0,0
50928,52.317288725035326,2,3,16.18196556846501,7,1.0000809452334465,0,0.0,0
50929,35.989228787619766,4,3,13.87297755821281,0,0.3903818064457422,0,0.0,0
50930,25.794982740022274,4,3,10.297954677473223,2,0.9994800741308456,0,0.0,0
50931,30.039989982340956,2,6,4.519992143658439,7,0.5161505687159653,0,0.0,0
50932,35.384823347453285,2,1,0.8380987544040739,1,0.9106477983025592,0,0.0,0
50933,27.054099953816632,2,4,20.009228354207597,2,0.5004284203870547,0,0.0,0
50934,15.068197532634677,4,5,19.396527805041075,1,0.23111291507541964,0,0.0,0
50935,47.20380052520004,5,1,9.34547796916793,5,0.9686881189354026,0,0.0,0
50936,55.01307375475295,1,1,5.506527513221586,7,0.9998492680327253,0,0.0,0
50937,40.69438045319533,1,3,5.224519623156521,1,1.000031957661278,0,0.0,0
50938,44.539724348976435,4,6,10.85048726359716,7,0.15261051481719934,0,0.0,0
50939,29.84457673528442,3,3,10.211900863704457,0,0.229871010629977,0,0.0,0
50940,62.17918922649531,3,3,20.60470734225727,2,0.495399970599075,0,0.0,0
50941,51.50722066865676,3,6,15.522352523046756,2,1.0000327838757306,0,0.0,0
50942,56.598070069235625,4,3,11.191723346472424,2,0.419865446799108,0,0.0,0
50943,48.541116101091454,3,1,8.350982427733495,7,0.9999864705335988,0,0.0,0
50944,49.020419115770686,3,5,17.015341993439243,7,0.9999286016938351,0,0.0,0
50945,42.861395217496444,5,1,13.836299742383629,1,0.829030333277937,0,0.0,0
50946,39.05100884490823,3,5,16.902408905152548,5,0.4978821389078236,0,0.0,0
50947,56.85714706457189,6,4,12.302459743901407,7,0.9999794221093178,0,0.0,0
50948,19.11072265929518,3,5,18.398501585625908,1,1.00034197872376,0,0.0,0
50949,40.54260010228746,4,3,12.142071955682642,7,0.7896167310752432,0,0.0,0
50950,34.61353099572696,3,6,15.532273852905512,4,0.9995949692794555,0,0.0,0
50951,13.907492276303682,3,3,4.104026497640543,4,0.9334684378917328,0,0.0,0
50952,18.442355175130974,4,5,10.47009845801934,1,0.6728619776081459,0,0.0,0
50953,45.09573054476418,3,2,11.731510701605652,5,0.2962757877718232,0,0.0,0
50954,68.02689157073063,4,3,5.141041389035515,3,0.9999073478660321,0,0.0,0
50955,67.12073836920447,4,3,24.56083064903246,6,1.0001091267941016,0,0.0,0
50956,36.90510186652709,4,2,8.397054129496604,7,0.30880059762828294,0,0.0,0
50957,31.596637417068493,3,1,2.77195473129939,4,0.8867831715400245,0,0.0,0
50958,31.51569265602309,3,3,9.804517058952424,1,0.37158430061728476,0,0.0,0
50959,50.14136917554598,4,6,3.318653964657522,1,0.3518945969522654,0,0.0,0
50960,42.93905158585514,3,5,14.102746022342536,3,0.35451093450675114,0,0.0,0
50961,56.61809366326621,4,3,12.879087102144902,3,0.9999222876378346,0,0.0,0
50962,24.681351602769904,5,2,12.53542359672218,4,0.24470059056292004,0,0.0,0
50963,50.05981957755195,2,3,12.989266304600381,5,0.5019106123839115,0,0.0,0
50964,37.73268372943683,5,1,10.13057392715655,5,0.4971783996744966,0,0.0,0
50965,18.495447308476148,3,6,2.6956688441111005,0,0.0,0,0.0,0
50966,67.64633916671555,1,6,9.689392925776012,4,0.36525510025050695,0,0.0,0
50967,48.589671411227556,4,3,9.398909496965324,6,1.0005495698610496,0,0.0,0
50968,41.84598881363162,3,1,12.630126865856647,7,0.9591506109248682,0,0.0,0
50969,26.836458299066333,3,4,17.005593391592612,1,0.6748634959723218,0,0.0,0
50970,24.75404433990244,5,2,4.296985746539515,6,0.13138949245808018,0,0.0,0
50971,44.648616764039794,2,2,16.491448032062948,7,0.20730185168861048,0,0.0,0
50972,34.32548396365478,4,3,16.21080447906526,5,0.49696239051811103,0,0.0,0
50973,46.49433740466219,4,3,13.435295477236707,0,0.9619156217104328,0,0.0,0
50974,24.3469648586536,1,6,0.09421553165843655,4,0.30251813480563206,0,0.0,0
50975,24.887429697654905,2,6,19.531242287675898,4,0.8230958938310218,0,0.0,0
50976,68.32335029060039,1,3,14.54607010123185,7,0.3954742016702115,0,0.0,0
50977,31.008427290617558,0,6,10.984656049923434,7,0.31868789367024386,0,0.0,0
50978,72.30691562711377,3,4,19.994774505177407,7,1.000053659032288,0,0.0,0
50979,25.750874974868807,3,2,16.509670873218983,5,0.659619984866691,0,0.0,0
50980,57.54049346982991,4,6,16.01084876029884,7,1.0000615720726038,0,0.0,0
50981,23.993146280201152,4,5,5.995608694395212,7,0.2821893690763714,1,56297.315221088815,1
50982,43.37691452163444,5,5,21.131540123852943,1,0.3771479832214863,0,0.0,0
50983,64.91815381772753,3,1,5.344732456468121,7,1.0002214834698522,0,0.0,0
50984,27.23108253105824,2,2,11.115222954827434,3,1.0269960042816566,0,0.0,0
50985,58.15636151273781,3,1,14.19173693643381,7,1.000636888398549,0,0.0,0
50986,57.35826817343356,1,3,17.973297957121353,3,0.07045356671328118,0,0.0,0
50987,30.694572833774078,1,6,7.091681865875432,6,0.30131987964320694,0,0.0,0
50988,46.55243495260699,1,5,4.763763991633075,3,0.9753548294385469,0,0.0,0
50989,37.335166723805976,4,5,13.77469581652228,7,0.7279032961160485,0,0.0,0
50990,56.591252846606125,3,1,6.969249381579416,7,0.9997997443969995,0,0.0,0
50991,61.94265224887576,3,2,10.811599108853876,7,1.0000548567418668,0,0.0,0
50992,42.795529816292195,3,3,5.99783439580725,4,1.0004054215796043,0,0.0,0
50993,47.20414971249683,1,5,9.365921831075598,2,0.0,0,0.0,0
50994,52.155818854421355,3,2,6.990417203179631,7,0.9999461856833831,0,0.0,0
50995,63.34914247353687,4,2,0.15145789339899096,1,0.31482497225101497,0,0.0,0
50996,51.12945081098274,3,3,6.004905447695794,5,0.5573916852463646,0,0.0,0
50997,19.37528018852482,2,4,7.998425841448801,5,0.0,0,0.0,0
50998,39.30346804892346,2,6,23.84249790884806,7,0.9999521808263974,0,0.0,0
50999,44.54305979508247,2,3,15.616116154699636,0,0.31987418802027845,0,0.0,0
51000,30.917480349460455,4,2,10.981890032263111,1,0.18338381978771157,0,0.0,0
51001,45.9727213812422,2,1,6.639176781346277,7,0.0,0,0.0,0
51002,23.742922896314887,2,6,0.8831131358389666,3,0.5748008497651409,0,0.0,0
51003,49.5027235109718,4,1,12.112642206458165,5,0.48091182353833256,0,0.0,0
51004,32.17986092314202,2,2,14.29912115236568,7,1.0000279368099105,0,0.0,0
51005,26.1776988819311,1,5,16.125326240720646,6,0.9280303437501964,0,0.0,0
51006,62.50744817017477,4,6,6.821759025858834,7,0.3025501801828213,0,0.0,0
51007,18.23876304199185,3,3,11.01946822719428,6,0.19520162318294532,0,0.0,0
51008,68.46608146618424,2,1,7.907419691517065,1,0.5008146160913158,0,0.0,0
51009,47.42234459954221,2,6,13.42526010703839,3,0.9996410054223793,0,0.0,0
51010,44.96148914469757,6,3,11.356132166389406,3,1.0003559320114803,0,0.0,0
51011,30.227487864841848,6,2,7.818123953974762,4,0.07080711964206499,0,0.0,0
51012,4.844037979060239,3,5,13.10972689802451,1,0.41512354156173686,0,0.0,0
51013,9.910478197799812,4,6,7.4799394084711865,6,0.8231819381550626,0,0.0,0
51014,29.132900411401778,3,5,8.91492704661384,1,0.5128383425995109,0,0.0,0
51015,49.535704317814805,4,2,13.197897802760846,7,0.9995501009272458,0,0.0,0
51016,23.56291291007479,4,6,8.379577630419229,3,0.49019081408130927,0,0.0,0
51017,23.78237166534568,3,6,10.820476500729482,3,0.27971358065517055,0,0.0,0
51018,56.906459857692184,1,3,11.093609715836553,1,0.9997777951823834,0,0.0,0
51019,40.935895642880816,1,3,16.965524323983583,7,0.9991395894134252,0,0.0,0
51020,33.72055690761778,3,4,19.999825031292307,1,0.7544763722676614,0,0.0,0
51021,31.718112210792718,4,2,8.105298728076288,7,0.13020014383935796,0,0.0,0
51022,31.485071073260812,3,1,0.0,7,0.9996577388465051,0,0.0,0
51023,31.840771193599373,2,6,13.628785379396973,3,0.0,0,0.0,0
51024,49.2195491408198,4,3,12.563760191112879,5,1.0005749052883688,0,0.0,0
51025,55.0193109765075,1,3,9.175707559696107,7,1.0007239572451256,0,0.0,0
51026,45.36846630460408,3,6,9.841028475828471,2,0.0,0,0.0,0
51027,52.82573636661732,3,3,5.115808942567739,2,0.2786406124604349,0,0.0,0
51028,31.762869902319565,3,4,23.156039293850707,4,0.9595875816272664,0,0.0,0
51029,42.23501632105794,1,5,10.063204948764024,3,0.9696051014694631,0,0.0,0
51030,37.01742917892828,2,3,10.764112385527284,4,0.21941333201945717,0,0.0,0
51031,34.21569328177309,2,3,19.537883320525104,5,0.5000750209212668,0,0.0,0
51032,57.844207038084086,3,6,0.8839088480149009,3,0.3244628937683358,0,0.0,0
51033,31.540639659933497,2,3,8.964298416153383,4,0.4937320894926207,0,0.0,0
51034,42.09646913447431,2,3,7.814763190902529,3,0.49635319863298594,0,0.0,0
51035,50.33014165119324,3,3,5.631554587585445,7,0.7057862309181522,0,0.0,0
51036,60.853046975813086,2,3,5.705066556780692,4,0.9783562504665907,0,0.0,0
51037,40.96116576015966,2,3,5.651003755069012,1,1.000495406892532,0,0.0,0
51038,45.16015364570284,4,6,6.41677726921721,2,0.33142297509520147,0,0.0,0
51039,21.724876189574854,4,3,12.761010764628553,3,0.33187563752834986,0,0.0,0
51040,27.841505007284866,3,4,3.4842801986750995,7,0.952096712036103,0,0.0,0
51041,34.25426309022133,3,3,0.7454784932276901,3,0.30058644177346255,0,0.0,0
51042,29.33780944293686,3,3,7.029840686943231,1,0.4464019836719099,0,0.0,0
51043,52.83890783244216,3,3,10.144332964493165,2,0.49894529622686545,0,0.0,0
51044,60.41832704070209,3,4,6.400419972703391,7,1.2668723624411686,0,0.0,0
51045,19.72272698978329,6,7,6.321524647993892,5,0.643398323479654,0,0.0,0
51046,45.44216279268308,1,2,15.872296694624879,7,0.49260554726936384,0,0.0,0
51047,22.998785927755616,2,2,9.225476255838363,3,0.38115812992175935,0,0.0,0
51048,25.672163273522408,2,2,9.37859096477128,7,0.44160948774808856,0,0.0,0
51049,28.703421567976612,4,6,2.593751632269031,3,0.1349515734560075,0,0.0,0
51050,20.37434151763833,0,1,15.773514127437313,0,0.49866499106715084,0,0.0,0
51051,33.7326749497294,4,6,17.0398426935996,1,0.9992160155866241,0,0.0,0
51052,48.31396077482687,3,7,3.316743135337078,4,0.4791380718249195,0,0.0,0
51053,32.692049172566556,4,3,14.570617891986604,2,0.40272446747555574,0,0.0,0
51054,39.11682569146931,3,3,20.686862771321792,1,0.9999428385295481,0,0.0,0
51055,53.26534141850969,2,3,0.0,3,0.21182443670373768,0,0.0,0
51056,34.013847827017045,3,3,13.04454510819831,2,1.000095258095627,0,0.0,0
51057,23.385637087124362,3,2,6.720365792233586,5,0.25384225182552583,0,0.0,0
51058,34.78932586787692,3,4,19.99565900583642,4,0.9999252946846052,0,0.0,0
51059,60.36571658875403,2,6,10.497258218046946,7,0.5809395715485227,0,0.0,0
51060,47.736348394517414,1,1,0.0,7,0.317552217996692,0,0.0,0
51061,40.55783965051988,2,1,10.382305093665432,1,0.6812516957182143,0,0.0,0
51062,38.76608924718502,2,4,19.998576353016723,1,0.026079856803828072,0,0.0,0
51063,44.48136619371945,3,3,1.9135514314150406,7,1.0006400969622753,0,0.0,0
51064,62.48922730416237,3,4,0.0,7,0.7814657327876688,0,0.0,0
51065,46.331032361340746,3,1,13.065196442346574,1,0.9996943016909924,0,0.0,0
51066,51.91887202650485,6,4,11.8198685658047,4,0.32653766179948407,0,0.0,0
51067,41.42699037474861,3,1,1.3422764078519371,7,0.9997819368825724,0,0.0,0
51068,57.18490751840049,4,3,6.0723886669150815,7,0.0,0,0.0,0
51069,41.740293480215904,3,3,14.704962878998064,1,1.0000149849370157,0,0.0,0
51070,52.88452838210543,4,6,15.059231447546162,7,0.235620062195059,0,0.0,0
51071,43.88893793758677,4,4,20.00656285228582,1,1.0001701086008978,0,0.0,0
51072,35.76847021597179,3,5,13.201658776732467,1,0.4969135774985435,0,0.0,0
51073,38.73906176652678,4,3,2.695707715609098,1,0.9632285250601165,0,0.0,0
51074,46.68639606070366,2,4,20.014907559820124,7,1.000286802670145,0,0.0,0
51075,48.728100640988146,2,3,14.826652065895685,2,0.6530152796282722,0,0.0,0
51076,52.02115857550454,3,2,15.483285678803986,5,0.16083953374479298,0,0.0,0
51077,49.73152218319364,3,3,18.902563017018963,7,0.999442197795225,0,0.0,0
51078,54.49399870596333,3,3,7.22593456215009,7,0.9998137307135581,0,0.0,0
51079,43.8147958224082,3,1,3.277763351237412,2,0.325345912260688,0,0.0,0
51080,45.19534753299638,2,6,7.833975588291924,6,0.5793520910499339,0,0.0,0
51081,68.57403557132437,5,3,20.409346470481836,7,0.6832625520470557,0,0.0,0
51082,59.186963948792425,3,6,13.596236507577201,3,0.7467116756816224,0,0.0,0
51083,55.2481604138254,1,5,8.337422771450262,2,0.3345682060645496,0,0.0,0
51084,47.30173665952188,4,3,6.165160128617637,7,0.5743128563326345,0,0.0,0
51085,58.45554199626407,3,4,19.991250441416987,4,0.49622978857157146,0,0.0,0
51086,53.51948732934652,2,2,11.915541341960532,7,0.9999839025016997,0,0.0,0
51087,44.72536623865306,2,6,12.423043453212367,1,0.1443097313762416,0,0.0,0
51088,19.749383529823735,4,6,4.021592150789252,3,0.06444717761855057,0,0.0,0
51089,32.48924387770509,3,3,16.08952152707583,3,0.47309818042606744,0,0.0,0
51090,29.939129823273475,5,1,10.400833564946938,4,0.9998487223561583,0,0.0,0
51091,17.250378149851965,3,2,0.0,1,0.31128690925289204,0,0.0,0
51092,42.74631405942523,1,5,6.12150715417336,7,0.4050609908344808,0,0.0,0
51093,48.01327014734216,3,3,0.0,4,0.5013138251167024,0,0.0,0
51094,52.077638281962635,2,1,1.7975253394976054,4,0.12433803201440097,0,0.0,0
51095,52.15656599053007,3,2,3.631827226287898,7,0.9998320588675477,0,0.0,0
51096,32.74600710289907,3,4,20.004260565519747,1,0.28096755909890697,0,0.0,0
51097,44.417471780229654,2,6,6.608967772196586,7,0.8183493918607682,0,0.0,0
51098,42.577117923505405,3,5,19.88020943498666,2,0.0,0,0.0,0
51099,53.09289720338265,3,5,7.241309777130661,5,0.5044916264530526,0,0.0,0
51100,40.49468026463669,2,4,3.182138552799385,5,0.15016731905120173,0,0.0,0
51101,31.885845564606644,3,7,9.028833504515966,3,0.0,0,0.0,0
51102,70.67493781660609,2,2,11.195276958882376,1,0.7378770451583017,0,0.0,0
51103,44.5415642307488,2,6,14.262568219249784,3,1.154338808024372,0,0.0,0
51104,66.49288462676918,5,2,5.663598590148571,7,0.12192725020039996,0,0.0,0
51105,23.788548912415838,3,1,3.321593196363554,3,0.3120647047667006,0,0.0,0
51106,33.31407688551117,1,4,0.6288282012731141,2,0.9493424833168338,0,0.0,0
51107,47.484802132294504,2,6,6.599225115649497,7,1.0002532597374245,0,0.0,0
51108,39.89855278743568,6,3,11.061292588486777,1,0.4420621107067959,0,0.0,0
51109,51.095165366040064,5,2,10.752306349747327,3,0.6368632323745101,0,0.0,0
51110,21.750483617878313,2,6,7.159344064158947,5,0.9375982934111959,0,0.0,0
51111,36.38442858231646,2,1,3.9154130819554283,0,0.9995404506393455,0,0.0,0
51112,23.45434048131777,4,6,10.330141826305926,3,0.33697540013853217,0,0.0,0
51113,53.91350594656508,3,6,4.050168744173836,3,0.4199663455617505,0,0.0,0
51114,49.40755920181937,4,2,11.455681351025621,7,0.9996385942474447,0,0.0,0
51115,62.966868468712704,4,1,15.04240879556307,6,0.9580793572769954,0,0.0,0
51116,48.68479048179071,6,5,0.0,3,0.0,0,0.0,0
51117,31.14330975952076,3,4,0.0,3,0.795280087146256,0,0.0,0
51118,59.38880881611251,3,2,8.368513130877016,1,0.2626770044198585,0,0.0,0
51119,40.82104321271194,2,1,4.959728703873609,0,0.562664986705274,0,0.0,0
51120,28.045732705721576,3,6,14.042629161988215,1,1.0137631150238193,0,0.0,0
51121,71.72115401817331,5,5,12.80166133762045,1,0.09960643482894971,0,0.0,0
51122,12.998082376072087,3,3,18.03388903777759,4,1.0001041902284653,0,0.0,0
51123,53.34824807480542,3,5,13.271480754883948,4,0.49725151829903513,0,0.0,0
51124,40.441128480531646,3,3,6.671713374607418,7,0.9996931453378117,0,0.0,0
51125,22.284229353199073,1,2,10.616716349281061,1,0.9993781593070938,0,0.0,0
51126,31.677429733996213,5,6,7.7180218193447345,6,0.36166769281270206,0,0.0,0
51127,31.499768069606034,4,1,10.480767691617913,3,1.0001733602955742,0,0.0,0
51128,55.05725936768212,3,3,20.159704940957717,2,0.9999591323572663,0,0.0,0
51129,32.47932698725246,3,3,10.31857121511505,1,0.9416318904790438,0,0.0,0
51130,19.120293115284618,2,4,0.0,4,0.47214368434837806,0,0.0,0
51131,49.0185607809357,4,5,0.0,6,0.5015836341820533,0,0.0,0
51132,52.75167612068051,3,2,7.413743191364705,7,0.3371723114006802,0,0.0,0
51133,51.36140528195025,4,6,2.7913373292415518,6,0.637267985388539,0,0.0,0
51134,46.586242596790946,4,1,17.459961763213194,7,0.0,0,0.0,0
51135,49.65232063645898,3,5,7.917862663394781,7,1.000226036240595,0,0.0,0
51136,49.08339160417884,4,3,6.360952755345427,4,0.5049702580193965,0,0.0,0
51137,47.555473840594054,4,2,21.209813586147565,4,0.0,0,0.0,0
51138,36.05556262200178,4,1,13.522520021248893,4,0.4957575155166256,0,0.0,0
51139,24.75035935235855,0,6,16.57197529511309,1,0.7207294369594813,0,0.0,0
51140,59.26694748994467,4,5,19.775359846459672,5,0.9997604007931745,0,0.0,0
51141,48.23360889797758,3,6,11.761163468354855,1,0.0,0,0.0,0
51142,68.49623912280792,4,6,6.978658206661843,7,0.7037204059311928,0,0.0,0
51143,54.085571183962145,4,2,6.569676611025103,7,0.9998744839799438,0,0.0,0
51144,47.338420592033316,3,3,20.642751951859758,2,0.46134712286755597,1,2341.5070628205467,1
51145,35.77064443334188,2,3,12.030028345892859,7,0.5949821046927973,0,0.0,0
51146,47.22668717537485,3,2,13.779431681480064,7,1.0002705873742799,1,1970.7921624692406,1
51147,47.58765183426984,5,4,20.019073186750873,3,0.523273525995111,0,0.0,0
51148,30.757313386803727,3,4,12.724827850137876,6,0.5335187527739781,0,0.0,0
51149,48.07189414150401,1,4,5.727111120266024,5,0.5253204973109218,0,0.0,0
51150,48.58395626986417,4,6,14.048641366651232,1,1.0000370441706903,0,0.0,0
51151,37.620595469345176,2,1,17.558751732786554,3,1.0000906725531007,0,0.0,0
51152,20.717239069563533,3,3,19.99264615948117,4,0.310718622650107,0,0.0,0
51153,23.16468537513395,0,3,0.0,6,0.497907953092974,0,0.0,0
51154,8.913332817130915,5,2,6.299931303041538,1,0.514125741013681,0,0.0,0
51155,48.66348167572285,6,3,9.971764928609833,1,0.7183293030044334,0,0.0,0
51156,40.40128327058341,1,3,8.4763567290012,2,0.22345902099943799,0,0.0,0
51157,39.845786138813956,4,2,9.856732495150876,7,0.2684616621905956,0,0.0,0
51158,36.43548781503087,2,4,20.006949506109297,7,0.9997332508968861,0,0.0,0
51159,35.69435030116561,3,5,28.27711016026747,5,0.4987652799485799,0,0.0,0
51160,49.771567629158234,5,4,7.890596668461868,5,0.3138521866391404,0,0.0,0
51161,56.711254416502534,3,3,15.505132691266397,3,1.0001787445706531,0,0.0,0
51162,57.309365454150615,1,7,7.18408605712264,7,0.47410249230227974,0,0.0,0
51163,60.70104188588024,3,1,18.89377838198512,1,0.4265313139188308,0,0.0,0
51164,39.63483118544235,2,6,7.09965942716224,1,1.0145333099323508,0,0.0,0
51165,53.569563033107066,2,4,5.657632081788188,1,0.10423297549819655,0,0.0,0
51166,63.645940529490034,4,2,6.732883228135685,3,0.0,0,0.0,0
51167,20.92389200627992,6,1,3.4677724643690437,2,0.673718443094911,0,0.0,0
51168,44.40354772687658,2,6,10.432756593048408,3,1.000492961125138,0,0.0,0
51169,47.88837276979004,4,1,7.774717171509126,3,0.9961084104414504,0,0.0,0
51170,26.361657371295063,4,6,9.675389031930381,3,0.781685269195795,0,0.0,0
51171,31.224260083906444,4,3,3.2537681204272646,3,0.9998915376958459,0,0.0,0
51172,46.51151933630895,3,2,11.539117568661851,7,1.0002021616098764,1,13271.050323778683,1
51173,44.16325119131005,4,5,6.191961983296925,1,0.8116598419775654,0,0.0,0
51174,28.247473391838682,0,3,2.852492853409526,3,0.5726754825414634,0,0.0,0
51175,42.148546552826105,3,6,14.375774922531981,2,1.0000220956560084,0,0.0,0
51176,25.934154826400984,1,2,2.2632063868400145,1,0.5953238998611783,1,4151.945065634929,1
51177,45.20100372751799,3,3,6.00384954466162,3,0.9999349974122704,0,0.0,0
51178,50.24106251431291,3,2,12.012572902551343,4,0.13713782331232582,0,0.0,0
51179,47.19731246822255,3,4,19.995705689450297,1,0.999869917325208,0,0.0,0
51180,40.46651386198522,3,3,18.24048255550734,2,0.8447423458173096,0,0.0,0
51181,62.63719153629076,2,2,6.520814312063255,7,0.578561109400534,0,0.0,0
51182,29.89364117855338,4,3,9.198588604455779,5,0.5399213657994986,0,0.0,0
51183,63.87841007297996,2,3,9.117506500319177,7,1.000187326326725,0,0.0,0
51184,31.355472702914035,4,3,4.324998688745772,4,0.47775532498432594,0,0.0,0
51185,53.408286083151495,4,7,13.726713937321495,7,0.17040983284100342,0,0.0,0
51186,46.879482245860736,2,6,10.010949941325427,3,1.0001844190405431,0,0.0,0
51187,32.98818457845513,3,3,19.999963327743032,1,1.0004124841430366,0,0.0,0
51188,18.829886332985,3,1,15.503043194517499,1,1.0001525858520555,0,0.0,0
51189,51.303151620973125,3,4,20.000595967120198,1,0.14016416097809492,0,0.0,0
51190,62.78207987154922,3,4,18.867829530208734,2,0.4958398266687988,0,0.0,0
51191,37.167538794368454,0,3,0.7912538540790557,7,1.0000258479963722,0,0.0,0
51192,30.582259683455174,3,1,0.0,3,0.999747668965167,0,0.0,0
51193,41.44331431073155,2,4,9.796357573254193,4,0.13943736163824483,0,0.0,0
51194,42.261216341991116,1,4,3.984091753568923,1,0.0,0,0.0,0
51195,30.186339974138477,3,6,13.148885766496283,6,0.5118916124054572,0,0.0,0
51196,42.34191590143265,2,2,2.9666113285930678,7,0.9995060627501604,0,0.0,0
51197,49.4501524306154,2,6,14.131740239537447,5,1.0000781249535973,0,0.0,0
51198,37.09589486747198,4,1,11.721751945588851,2,1.0001809033389153,0,0.0,0
51199,21.605442976636525,1,3,13.882520455300282,1,0.3365729563515834,0,0.0,0
51200,53.5861435835021,3,4,20.004297615055513,1,1.0001279965294378,0,0.0,0
51201,48.47598224947812,3,5,15.678843241837313,1,0.9998942036943385,0,0.0,0
51202,23.305185765318043,2,2,11.148955675161202,6,0.07589990905826738,0,0.0,0
51203,8.111185072660824,4,2,10.110591044023638,1,0.5606979479972951,0,0.0,0
51204,42.9043713050347,4,5,14.083696567797464,7,0.41054398595046837,0,0.0,0
51205,42.14628117524947,4,3,11.051357680431773,2,0.9999133527340817,0,0.0,0
51206,50.25999051907513,4,4,19.9998463274606,3,1.000417511095662,0,0.0,0
51207,43.628394689659146,4,4,3.376869722257016,1,0.37942578839685354,0,0.0,0
51208,45.044449659177396,2,6,11.5419552937299,1,0.2728658888544306,0,0.0,0
51209,28.29007777446116,3,2,7.239898660023782,4,0.5335862712852917,0,0.0,0
51210,34.79003626623873,1,1,8.51763208283468,7,0.5875431615348718,0,0.0,0
51211,38.88930636581715,1,2,8.57545833623982,7,0.9996299646487105,0,0.0,0
51212,54.62106210286568,5,6,12.596469859273402,7,1.0000308896453647,0,0.0,0
51213,59.260999260226086,2,3,9.03123819675712,7,0.2673157142415479,0,0.0,0
51214,51.2885917164837,6,6,14.643265009135773,2,0.29997583013006646,0,0.0,0
51215,18.97827481128845,5,6,3.260518431469702,2,0.32951024477025065,0,0.0,0
51216,25.145709382618794,4,6,4.282333761543478,4,0.37824162701293373,0,0.0,0
51217,47.57091069414437,2,6,17.831227699473665,0,0.5113375597018743,0,0.0,0
51218,33.13020890496041,3,2,9.209981247333292,5,0.4579454731475681,0,0.0,0
51219,31.40015702592227,3,5,16.55454362618628,1,0.9998313903115583,0,0.0,0
51220,22.26715247723973,3,5,11.920704761620696,2,0.05530126941869573,1,10902.404365609978,1
51221,26.935151025183686,4,2,5.187464902134252,4,0.46309882353906384,0,0.0,0
51222,46.95898970176675,4,6,0.8436470301015451,7,0.39117291315050173,0,0.0,0
51223,48.79824826583635,3,3,0.0,3,0.9995321032127606,0,0.0,0
51224,36.35764446001952,3,3,19.4417201284192,4,0.5027018748834422,0,0.0,0
51225,38.33508528763207,4,3,9.828124806920659,7,0.9995185641341023,0,0.0,0
51226,11.614925583866814,2,2,9.780622289761476,1,1.0002006231549088,0,0.0,0
51227,36.833328304518886,3,4,19.996836536002647,1,0.1774465261892807,0,0.0,0
51228,53.27283578357188,2,1,11.210101045950376,3,0.3826279033015946,0,0.0,0
51229,17.131822164511917,3,4,10.398289069881697,1,0.9997085515355031,0,0.0,0
51230,53.78213242913958,3,6,0.0,7,0.9532772272588504,0,0.0,0
51231,22.41200921791869,2,2,7.847336818779409,1,0.9309906569574343,0,0.0,0
51232,45.865274716284546,2,1,13.346418747938571,3,1.0000887660115616,0,0.0,0
51233,23.294457465883177,3,6,16.856411245450126,2,0.5218924812322462,0,0.0,0
51234,19.957815778396537,3,2,0.0,1,0.032118042456145246,0,0.0,0
51235,40.037175507969515,4,2,13.546181705964816,7,0.5825864680492827,0,0.0,0
51236,52.403500388154214,3,6,10.776222653316106,7,0.6088215307694388,0,0.0,0
51237,54.774145803918586,4,3,13.350237386798106,7,1.0004540364379042,0,0.0,0
51238,60.748871266384185,2,3,6.62086926614679,7,1.0009999511666123,0,0.0,0
51239,21.804087610660925,3,6,1.5524799075271432,6,0.8390475864243512,0,0.0,0
51240,39.97409596885761,4,5,15.536393374836134,4,0.0,0,0.0,0
51241,11.169257364249315,3,4,17.67427588540727,2,1.0003329916172277,0,0.0,0
51242,47.10333817370636,2,1,0.0,7,0.7848644748427064,0,0.0,0
51243,46.63909843334697,3,1,16.074613496078037,7,1.0005028465598695,0,0.0,0
51244,17.777511844187778,5,6,11.451217357602683,7,0.4846073672763176,0,0.0,0
51245,42.58624301696211,7,2,18.844700702997223,1,0.9999117396498363,0,0.0,0
51246,35.9125859430281,6,4,4.2706263307523304,1,0.9550270668437366,0,0.0,0
51247,41.96296233020723,3,3,14.09660592877786,4,0.2243304491147372,0,0.0,0
51248,46.162101702095036,4,1,15.129829194550435,1,0.1026283409582951,0,0.0,0
51249,41.438136339298914,3,3,16.182729607548485,3,0.9484325206318835,0,0.0,0
51250,51.59406825476077,4,3,12.307929311713714,7,0.947907491398303,0,0.0,0
51251,53.766076897573036,2,5,10.08840980870918,7,1.0005504537073957,0,0.0,0
51252,59.079694129457486,3,3,9.88767247501962,5,0.953029892556597,0,0.0,0
51253,31.807680437652103,3,5,16.9132268945705,3,0.999568522061963,0,0.0,0
51254,38.74507720431488,4,1,8.295389570525241,5,0.49652397982165886,0,0.0,0
51255,27.130742384773406,3,1,13.321587927871317,3,1.0001654040534156,0,0.0,0
51256,39.41100672692477,4,3,20.40918111258083,7,0.9993457372875157,0,0.0,0
51257,35.46678822540554,1,5,9.466200009461154,5,0.8343844262400842,0,0.0,0
51258,39.37314054275446,3,2,11.645381106152097,7,0.9993046174961062,0,0.0,0
51259,15.46240241311423,4,6,15.492931034740392,5,0.4280107319843734,0,0.0,0
51260,32.50357452660349,2,1,7.6829238979440175,2,0.5048463326201257,0,0.0,0
51261,40.85354833608268,4,6,13.831431883501379,6,0.7203993234805715,0,0.0,0
51262,54.76399088441707,2,6,5.082370556909908,0,0.27513380630678014,0,0.0,0
51263,38.90593462939698,4,3,13.363399052710026,3,1.0004067471833538,0,0.0,0
51264,57.60230167567484,3,2,9.140981783156219,3,0.3535728287046528,0,0.0,0
51265,55.56243676708401,3,3,20.000335530727547,1,0.42422607373731247,0,0.0,0
51266,62.48562909184803,3,3,7.229938063939901,2,0.5009298063923391,0,0.0,0
51267,45.84737637401295,3,2,14.382797574634127,4,1.0005069963066322,0,0.0,0
51268,50.514709951897345,1,5,1.9883405999635873,6,0.7285570488253926,0,0.0,0
51269,62.36721534850284,3,6,10.856605282264852,4,0.6887057348874961,0,0.0,0
51270,64.3825228739137,3,3,1.6184595783873856,2,1.0001654380891232,0,0.0,0
51271,60.543818920884775,2,1,17.345724354277024,4,0.05766983338146958,0,0.0,0
51272,45.056846460901816,3,6,10.833648640973966,7,1.0002509740396635,0,0.0,0
51273,40.2882438625789,2,1,5.766638791564111,5,0.34082790701924,0,0.0,0
51274,44.19692232534591,7,1,20.950690908057062,7,0.9998087496597858,0,0.0,0
51275,45.048779949508685,3,1,0.0,7,0.8168836983086596,0,0.0,0
51276,63.25328366784973,4,3,19.94442250202269,6,0.5049005019366901,0,0.0,0
51277,56.20394826554976,0,6,20.004928883168056,1,0.33664930782701635,0,0.0,0
51278,39.00294208277325,3,3,5.896078020395752,0,1.0002567234043722,0,0.0,0
51279,47.065900111597614,2,6,10.453038879784136,7,0.3771174111227216,0,0.0,0
51280,10.137397809445226,1,2,9.206859118967966,6,0.6379241302179344,0,0.0,0
51281,53.990220723598455,3,6,12.821813119630162,7,1.0002115106134177,0,0.0,0
51282,45.74867257780096,2,4,11.41122724711602,4,0.8877811177369547,0,0.0,0
51283,67.72065999626587,4,1,17.694780462848225,3,0.971868832323765,0,0.0,0
51284,46.73719171912585,1,1,4.886543571632366,7,0.7605792804635472,0,0.0,0
51285,36.797130462275476,5,4,17.643150936050088,4,0.7782028463006141,0,0.0,0
51286,52.04292657096783,1,6,18.13152758630815,1,0.3873672233651452,0,0.0,0
51287,56.949503433447575,3,3,8.342356721143478,7,0.9997371666418426,0,0.0,0
51288,54.96955039925765,4,2,9.164331250520021,3,0.02163566479602219,0,0.0,0
51289,56.61985620815218,2,2,20.8684004143619,7,0.5189779457400167,0,0.0,0
51290,56.30404203822266,3,1,18.244357183068495,7,1.0001088130575755,0,0.0,0
51291,46.23706875626304,2,3,9.770363161975183,2,0.5562554479096078,0,0.0,0
51292,43.166786761977434,0,3,10.902800932033822,2,0.5607372780087494,0,0.0,0
51293,22.25418860295944,5,3,5.632117930361426,1,0.9998457762444487,0,0.0,0
51294,57.50146913772072,5,6,11.453178284431544,1,0.6701522776925366,0,0.0,0
51295,47.329248208571876,1,5,2.3266472965309166,4,0.6083500854116058,0,0.0,0
51296,39.015356863314665,2,6,12.351113198144262,7,1.041052345766654,0,0.0,0
51297,68.78858760580508,3,4,0.8055959983299701,2,0.49982048228588205,0,0.0,0
51298,44.959868699471556,3,1,14.521488266309156,7,0.9994264118590689,0,0.0,0
51299,31.763358991288847,6,3,12.554909599824454,2,0.9998448814662003,0,0.0,0
51300,52.807791509572986,1,2,13.383436094942176,2,0.1550789663483214,0,0.0,0
51301,61.09139230697322,4,2,11.531298279796873,7,1.000182300645168,0,0.0,0
51302,48.97309753898133,5,2,17.694783087725234,7,0.9999140783258781,0,0.0,0
51303,21.827468633014906,4,6,24.82361459818177,1,0.6638708968863113,0,0.0,0
51304,37.00638520790318,1,3,12.88228694730874,7,0.30074513262569424,0,0.0,0
51305,42.25323950735815,3,4,12.263187904890016,1,1.0000058824939644,0,0.0,0
51306,35.434667732968364,5,4,19.997575940536606,1,0.6464264502381446,0,0.0,0
51307,28.427901133414878,2,6,12.181849925333594,1,0.2691040735808891,0,0.0,0
51308,36.10469258199172,4,3,8.249812542820006,7,0.2212284342080314,0,0.0,0
51309,22.219441708767746,1,6,14.729271914359138,3,0.338454204609562,0,0.0,0
51310,47.957533574289855,1,4,9.638999422081962,1,0.44779893918730496,0,0.0,0
51311,57.192205455908,3,5,7.911756961231511,1,0.2067574638402062,0,0.0,0
51312,32.900835320591796,4,1,18.51170897859722,2,0.6102172165552693,0,0.0,0
51313,31.993175507945434,2,6,13.76236762011407,3,0.6729371031667932,0,0.0,0
51314,42.212636242466694,5,2,5.90805641239009,7,0.8755303335594273,0,0.0,0
51315,32.05437706674527,4,2,8.47111748780215,1,0.14516546351660753,0,0.0,0
51316,52.738829560998184,3,2,9.517753435816642,6,1.0001434354790453,0,0.0,0
51317,50.26937652523299,0,1,10.661209190826263,0,0.37940370457690037,0,0.0,0
51318,36.65808463149473,2,6,7.798427190480236,2,1.000547605469748,0,0.0,0
51319,27.351192866895538,2,6,8.133088417289922,7,1.0000689463527799,0,0.0,0
51320,40.58651997778108,3,1,6.523811763022551,3,0.14496772654927048,0,0.0,0
51321,24.979271679109985,3,6,19.846247645910125,4,0.9996662060486499,0,0.0,0
51322,53.87822255780852,4,3,8.68575163917923,5,1.000049227425346,0,0.0,0
51323,20.761533906114195,2,6,1.6362716700068685,7,0.4983649520417841,0,0.0,0
51324,52.91509515419523,4,1,1.4770466010353225,3,0.2942547284614772,0,0.0,0
51325,20.17284626606539,2,2,12.054295235292434,4,0.7707728157334549,0,0.0,0
51326,40.118011760958524,4,1,7.799642349201552,3,0.5683119913061854,0,0.0,0
51327,59.5085682640404,3,3,7.530624504854701,7,1.0001649112216298,0,0.0,0
51328,26.368544770021785,4,2,0.0,5,0.5214214833406818,0,0.0,0
51329,47.27423556408648,0,3,1.1561555382123885,5,0.5059449182914415,0,0.0,0
51330,52.517695650554685,2,1,4.3207578164098654,3,0.9994761195076618,0,0.0,0
51331,40.44874782793264,4,6,8.033302019941368,7,0.9995703774841771,0,0.0,0
51332,34.07643953041273,4,6,9.168310007907632,6,0.7018454850647726,0,0.0,0
51333,47.45788849225067,3,1,8.591757855980156,7,1.0000504671281927,0,0.0,0
51334,43.763831718794734,3,6,7.378068833276936,5,0.9995018581308086,0,0.0,0
51335,38.69468996564165,6,3,5.195953591613609,3,0.5909559232117745,0,0.0,0
51336,30.691160213895575,1,0,10.11891628986974,6,0.42346127674023515,0,0.0,0
51337,49.018954636343594,3,6,13.64397236511893,4,0.5806892659013408,0,0.0,0
51338,46.55821300950434,3,3,3.552610287488088,3,0.9993355392854117,0,0.0,0
51339,33.771558904955334,4,2,10.377736073561858,1,0.9998775352200101,0,0.0,0
51340,49.45679893288602,3,6,14.264975891470792,6,0.9994047094921031,0,0.0,0
51341,37.14696969395679,4,6,24.632591546066294,3,1.000136837533985,0,0.0,0
51342,26.401142910354473,5,5,8.366740622528514,4,0.8604165407898217,0,0.0,0
51343,40.9854413597802,6,6,15.118655997859088,2,0.14560076636033792,0,0.0,0
51344,40.38923625364243,1,2,1.2694811526096252,6,0.43976214328657176,0,0.0,0
51345,26.383169369256272,3,2,9.062070799874542,3,0.494743313839519,0,0.0,0
51346,40.144693646736904,3,4,7.097450442305785,4,0.11510596201952528,0,0.0,0
51347,43.93927530945317,2,4,12.497355713306185,7,0.9296483355411301,0,0.0,0
51348,39.85155478414806,5,3,0.0,7,0.467734729818418,0,0.0,0
51349,53.77973832319397,3,4,5.503433350671,1,0.024775961202581742,0,0.0,0
51350,29.445970760944938,5,3,24.0785679221109,4,0.2564445930390879,0,0.0,0
51351,49.684495827402685,4,5,9.532365534987967,5,0.502110383166734,0,0.0,0
51352,51.635943413444416,3,3,20.290969722954813,5,0.5026412285727343,0,0.0,0
51353,83.5138873443033,3,1,7.606541501474517,7,0.9998659042329907,0,0.0,0
51354,51.79953406055749,4,6,4.181641338869589,2,0.4552936537404624,0,0.0,0
51355,48.595247268902554,3,1,6.808132265442955,2,0.9998512953259302,0,0.0,0
51356,16.649075991344173,3,1,6.042721216812836,0,0.4006310621048757,0,0.0,0
51357,59.05129077950943,2,4,19.99274207618216,3,0.9996937439097244,0,0.0,0
51358,44.99422770624052,3,3,7.5752490099098875,2,0.9959408964720997,0,0.0,0
51359,56.206159940483964,3,3,17.14996875964014,2,1.0000065694944151,0,0.0,0
51360,53.65328418777906,3,4,20.010348267438147,1,0.39348079875595865,0,0.0,0
51361,40.77929621365842,3,3,5.999743860360059,2,0.5007637576581108,0,0.0,0
51362,42.18083975641781,3,3,13.247759515680293,6,0.9999123284612201,0,0.0,0
51363,45.13905330739739,4,5,7.875337737115286,2,0.5427391454335593,0,0.0,0
51364,19.966225462529113,3,3,0.0,6,0.39515222659260657,0,0.0,0
51365,46.528188088185054,4,2,0.0,7,0.9994920950346248,0,0.0,0
51366,50.266986825083976,3,3,5.695238287753123,7,0.272744686534326,0,0.0,0
51367,63.56626477298063,4,5,9.309757038728252,7,0.9998293014862182,0,0.0,0
51368,42.339531102807925,3,7,9.72488580104908,6,0.037656595412580485,0,0.0,0
51369,63.042978414007685,2,3,25.368307959785948,7,1.000082962191208,0,0.0,0
51370,52.909491631889864,2,1,19.99792715919691,5,0.56722250102264,0,0.0,0
51371,41.94135872862309,4,5,8.225044479862316,7,1.0001179831692633,0,0.0,0
51372,38.97823043943844,3,6,17.663009520745426,1,1.0042774396913496,0,0.0,0
51373,53.11320681987352,4,4,15.26775340089695,5,0.5096676144284872,0,0.0,0
51374,63.14109133375821,3,4,14.003483531804044,3,0.7468172898200055,0,0.0,0
51375,45.84344419589897,4,2,5.004328643514021,7,0.9995702712797125,0,0.0,0
51376,22.661442881145902,7,7,12.314099730473036,8,0.3092914034130639,0,0.0,0
51377,57.90699284682296,2,3,0.0,7,0.9999530449134102,0,0.0,0
51378,37.06730291454255,4,6,18.85247631898617,4,0.5333878003297734,0,0.0,0
51379,43.373416609653866,4,6,10.12040878038757,7,0.999638276886758,0,0.0,0
51380,52.11398878174665,4,3,12.4310815233006,3,0.9998106405960007,0,0.0,0
51381,24.720902437712,3,3,4.323949354683071,3,0.27626121887560534,0,0.0,0
51382,26.718581273783364,2,6,9.851933002222863,5,0.47304094154514736,0,0.0,0
51383,59.89661863815173,3,4,6.421588755225194,3,0.7111813129262826,0,0.0,0
51384,28.341681705035498,2,3,1.378133139130595,3,0.5803565106963139,0,0.0,0
51385,39.322599702568674,1,1,15.53751334961822,4,0.0,0,0.0,0
51386,35.548692600615254,3,3,0.0,7,1.0001097515500192,0,0.0,0
51387,40.54072571159011,4,3,5.052342639829939,6,0.5638945600065223,0,0.0,0
51388,50.33036197951679,4,6,4.808982231897249,5,0.16292656447940812,0,0.0,0
51389,38.88495587572472,3,1,19.995435532805878,1,0.9998814586512262,0,0.0,0
51390,46.184116879000015,5,1,1.866739670675031,3,0.5007965981332652,0,0.0,0
51391,52.10430343022039,3,1,13.767044326553311,2,0.2796421256286898,0,0.0,0
51392,53.72998149166679,2,3,10.078440993312352,2,0.6420488198212803,0,0.0,0
51393,48.798737130879,6,1,19.998306295461518,2,0.883857427292342,0,0.0,0
51394,40.02297582072364,3,1,5.1095987781504615,3,0.3336403081151613,0,0.0,0
51395,59.19503740206551,3,4,3.7371966242467396,7,0.9810080597554115,0,0.0,0
51396,55.01691181894845,2,6,5.362007130403515,7,0.4760308571600039,0,0.0,0
51397,41.99869087892376,4,4,19.993553257626274,1,0.689128085010678,0,0.0,0
51398,62.8273014740295,2,1,6.876053767188763,2,0.8275671023899445,0,0.0,0
51399,33.101096957637886,3,4,20.254561044594695,7,0.0,0,0.0,0
51400,51.154528003182136,3,4,13.316748722876234,1,0.956940948206621,0,0.0,0
51401,59.90991345603505,1,3,3.544868472647871,6,0.5028266922135953,0,0.0,0
51402,34.701677046439485,1,1,2.7896983172347998,1,0.28930513523203427,0,0.0,0
51403,36.34807592683715,0,3,11.015907004862642,7,0.8352572337461865,0,0.0,0
51404,44.30299964256124,5,2,12.426584517995675,4,0.9348083745446911,0,0.0,0
51405,49.5692026739624,7,1,23.815219570105896,7,0.2425345610471169,0,0.0,0
51406,55.73449673734151,6,2,6.7757619867224435,5,0.5839736942715078,0,0.0,0
51407,16.91619151451134,3,2,12.160898517482615,1,0.506423841220763,0,0.0,0
51408,45.83597066808707,2,3,4.013018978700987,4,0.4623437681318777,0,0.0,0
51409,40.0408570511922,3,5,20.441537276649708,1,0.5280948563857845,0,0.0,0
51410,43.27949253010683,4,1,7.91809689319633,7,1.000160105811835,0,0.0,0
51411,33.29293779612751,5,5,1.6618145438978704,1,1.000321910081908,0,0.0,0
51412,11.858810010627288,2,3,12.340067628828592,7,0.385087318706221,0,0.0,0
51413,35.53378201435777,4,6,17.62180759462366,7,1.0003413751353096,0,0.0,0
51414,38.40628961339208,1,3,0.0,1,0.0,0,0.0,0
51415,40.390890615249134,3,3,19.989406987356354,5,0.021355864618024856,0,0.0,0
51416,55.336706371102096,4,5,9.807322570988664,7,1.0000883041693809,0,0.0,0
51417,54.58670048788301,3,4,8.208242110726545,4,0.9994931713765284,0,0.0,0
51418,52.00651790861216,4,4,12.839428790204467,1,0.9751127053940589,0,0.0,0
51419,55.631479671879234,4,3,17.4545901834569,6,0.9232132642057491,0,0.0,0
51420,52.9368993252521,0,3,12.892337598394695,7,0.9999072774196839,0,0.0,0
51421,21.7915211725126,3,7,0.0,7,0.32584705567948474,0,0.0,0
51422,52.59579866963111,2,4,11.548775428190075,1,0.9410704724982624,0,0.0,0
51423,59.71067763665863,4,6,15.696195638182838,1,0.5959728072248505,0,0.0,0
51424,48.69971319497113,4,6,17.19322651934221,3,0.3883122009711126,0,0.0,0
51425,26.34633543650874,0,1,17.21257614664912,2,0.80644483178862,0,0.0,0
51426,65.12374254033644,3,4,15.034807652612745,6,0.9530041779876133,0,0.0,0
51427,34.45546759843423,4,3,2.26371560573771,6,0.819546426800156,0,0.0,0
51428,49.65953151937969,4,6,1.221943377702205,1,0.2626186812230139,0,0.0,0
51429,42.102852101793644,2,1,11.593448415932409,2,0.2774533920115149,0,0.0,0
51430,58.29253597263841,2,2,14.061068597193811,2,0.3126062828039141,0,0.0,0
51431,50.415517346733054,1,6,2.22563033756901,1,0.9945689693601191,0,0.0,0
51432,50.06386175963479,6,4,10.799878737870552,5,1.000123333840672,0,0.0,0
51433,43.715550754500434,3,1,9.462243658052445,6,0.9651004147289126,0,0.0,0
51434,34.49803923938027,2,1,20.018046995155096,3,0.2977832620416043,0,0.0,0
51435,35.72635097730079,3,4,19.12555289031759,2,1.0002859581802768,0,0.0,0
51436,45.98108597174793,2,2,7.762703019486005,2,0.4835370620506252,0,0.0,0
51437,63.37297181368305,1,6,8.547153023133164,3,0.4153274865929928,0,0.0,0
51438,54.93646762983143,4,3,5.324897890461565,6,0.6972149434786,0,0.0,0
51439,37.710450343983865,3,1,7.8310082259370475,7,1.0003845832157479,0,0.0,0
51440,27.385497754936956,3,3,16.99577112450158,7,0.9996649436657821,0,0.0,0
51441,53.32042739371449,0,4,19.991060181140938,1,1.0003130386747343,0,0.0,0
51442,46.13070711254842,4,2,11.127955108400004,1,0.9945267304178371,0,0.0,0
51443,63.83754269455544,2,6,3.894634664163079,7,1.0003136538809707,0,0.0,0
51444,58.81346885866017,4,3,11.677551990255205,3,0.20668960042060297,0,0.0,0
51445,27.444846423605014,2,1,16.932653488127478,4,0.42172188201436733,0,0.0,0
51446,31.76022379886895,3,2,12.197919577998427,4,0.36411390016377715,0,0.0,0
51447,20.37594353147049,2,3,14.73224782136862,1,0.939468001355878,0,0.0,0
51448,19.894569379334076,3,1,5.149481632210504,3,0.24078780553601564,0,0.0,0
51449,42.61623525556308,3,1,13.363706756241223,3,0.9998131072902585,0,0.0,0
51450,50.603668912375724,2,3,16.658589470465287,5,0.5404016114345389,0,0.0,0
51451,27.443617344297422,3,5,11.538776906633935,1,0.785377733111007,0,0.0,0
51452,24.835379207445175,6,2,7.402101303969543,4,0.49991972770555126,0,0.0,0
51453,45.58193964303718,3,6,4.447133454224843,6,0.6063960891115635,0,0.0,0
51454,60.498229066304056,2,1,14.707472454115095,5,1.0000774024710184,0,0.0,0
51455,38.731239157619385,1,3,7.828726921194673,4,0.2999972463294592,0,0.0,0
51456,47.1377682533166,3,3,17.823046189788403,2,0.3366223579971391,0,0.0,0
51457,38.402800387049126,2,1,19.985537351610642,2,0.3633022236545914,0,0.0,0
51458,62.737722470974774,4,1,12.185213998660775,5,1.0004483584763895,0,0.0,0
51459,51.70430062709575,2,3,6.738063907727171,3,0.46461440584939007,0,0.0,0
51460,42.003119108955886,3,3,7.0400120333080904,2,0.9998973638766372,0,0.0,0
51461,55.51311342882274,4,2,21.930051767596915,6,0.787634844652193,0,0.0,0
51462,29.34379829695797,4,3,11.163108771651359,3,0.9999157021646085,0,0.0,0
51463,53.379249650870136,5,4,20.319170523414847,6,0.055421725034485614,0,0.0,0
51464,36.95159201580786,3,1,13.87414196863314,7,0.41318495386420445,0,0.0,0
51465,44.38872594053108,5,6,9.81187501826196,4,1.000025980445061,0,0.0,0
51466,48.58615487626814,2,4,20.000910044305236,7,0.3295191082866053,0,0.0,0
51467,64.69664998742232,3,4,12.051129689480888,6,0.9995466203592396,0,0.0,0
51468,22.5121457478089,3,3,16.1841586704071,2,0.9641879077281288,0,0.0,0
51469,17.358259445726063,6,3,5.124907660790602,1,0.21943624406379109,0,0.0,0
51470,29.277835939062598,4,3,15.827751295074698,0,0.4462093130146594,0,0.0,0
51471,62.44999720642213,4,5,18.36987353506959,5,0.5031161406645988,0,0.0,0
51472,32.52104019906827,0,2,7.8255280254771105,1,0.0,0,0.0,0
51473,46.044887548874414,1,6,2.7533292216289986,3,0.5299018133567122,0,0.0,0
51474,50.48225084719722,3,4,6.228955978215495,4,0.9994146635069162,0,0.0,0
51475,44.70550646096785,3,4,19.996290071517954,1,0.09477093449829899,0,0.0,0
51476,61.622561799779774,4,2,10.098982133085206,6,0.0,0,0.0,0
51477,12.816182563362997,2,1,4.455623689180256,2,0.3972257548877277,0,0.0,0
51478,29.010397043743396,4,6,9.337875591343582,0,0.8414947120716542,0,0.0,0
51479,33.59067307703205,2,5,21.693219890346526,1,0.5022344526947446,0,0.0,0
51480,54.374460123310364,3,3,6.196763771192465,3,0.5013481301375292,0,0.0,0
51481,48.79303279671406,2,3,0.0,2,0.9482409224730568,0,0.0,0
51482,50.58595567424362,4,1,5.445525209205822,2,0.9995188033839361,0,0.0,0
51483,53.1156535323837,5,4,19.989926329806558,1,0.9997616560612985,0,0.0,0
51484,61.16182593787105,1,4,9.836821367064255,7,0.99989431098872,0,0.0,0
51485,46.80821403300981,0,3,6.158684520136131,3,0.4956088618674294,0,0.0,0
51486,36.19879005743798,0,3,6.319195869133436,4,0.4968935496161311,0,0.0,0
51487,48.42733820685346,5,2,14.722449707710147,3,0.3019517859110458,0,0.0,0
51488,28.952406933030588,1,3,11.311521744074449,2,0.9997868753054963,0,0.0,0
51489,24.123128555287366,1,1,11.29564558527214,7,0.4914087786010305,0,0.0,0
51490,38.14182552706085,4,1,3.5362762804326353,1,0.05394677618869925,0,0.0,0
51491,54.75688696397179,3,5,15.532123006005776,7,1.0000667356443793,0,0.0,0
51492,37.82252491529991,5,6,13.191675393482129,0,0.026266467290573692,0,0.0,0
51493,41.715693010128184,5,6,11.915486734479973,7,1.0001912330384881,0,0.0,0
51494,34.85806137695553,4,1,2.907142453526248,0,0.5065708617273462,0,0.0,0
51495,44.504154615784245,4,1,6.379398787349897,7,1.000172051677892,0,0.0,0
51496,28.810336433623675,3,1,15.370175362203554,3,1.0002229047312143,0,0.0,0
51497,39.24085622236698,3,6,9.343201306968394,7,0.9999601038317606,0,0.0,0
51498,32.60040831078587,6,4,16.258308857745227,5,0.1383945228095853,0,0.0,0
51499,45.26163721231392,3,5,0.0,7,0.5433363889084704,0,0.0,0
51500,46.440311166523735,2,1,13.352265898751181,7,0.6212991940687868,0,0.0,0
51501,51.48866845069477,2,6,10.85729507193006,4,0.5486394111417956,0,0.0,0
51502,23.6340026081836,5,2,10.348720470585025,7,0.22634505567739177,0,0.0,0
51503,19.69647935667043,2,1,3.6078017168089946,7,0.15021597660673303,0,0.0,0
51504,49.33555021201294,3,2,7.851955931482861,3,0.30785509174236814,0,0.0,0
51505,41.31100049396705,2,6,3.3004455788776257,7,0.08892346572350285,0,0.0,0
51506,25.177776570614537,1,1,21.486887542738785,7,0.3892435141631414,0,0.0,0
51507,47.79195090066565,0,6,12.23244067331814,4,0.8746071233924734,0,0.0,0
51508,52.97031857384756,3,7,19.563141368622134,5,0.2643659046765415,0,0.0,0
51509,32.8720847235008,2,2,3.2674056350941436,7,0.028191832985360987,0,0.0,0
51510,46.705354298820936,2,6,14.48768281252487,7,0.6290614048038713,0,0.0,0
51511,37.6172682635941,4,6,4.367476550854648,3,1.0000855946384606,0,0.0,0
51512,45.93725093314839,2,4,19.998181159675667,7,0.5494840788444351,0,0.0,0
51513,29.783379368131293,1,4,11.755837852481152,3,0.20220105069679056,0,0.0,0
51514,37.42131886209091,2,6,7.81799197015503,7,0.9999301420887299,0,0.0,0
51515,47.08777018340807,1,6,10.686977793723019,7,1.000395387836819,0,0.0,0
51516,42.42598972054548,0,3,9.257059655744772,5,0.543087980674667,0,0.0,0
51517,81.49817228395405,1,5,6.84034836834833,6,0.4961337235271257,0,0.0,0
51518,30.771388575908535,3,6,3.0642613611976106,6,0.20928544243936514,0,0.0,0
51519,40.584151561491446,1,3,7.249223072432032,7,1.0000066926643487,0,0.0,0
51520,51.71788609812927,3,3,5.5028673339308565,7,0.999781972165922,0,0.0,0
51521,41.96652729831684,1,3,14.02000971315092,6,0.7627356689213671,0,0.0,0
51522,28.69520339253945,3,3,16.740551468902034,2,0.9999143544714149,0,0.0,0
51523,49.45001393185229,2,3,1.8671096626392032,4,0.9062633039030694,0,0.0,0
51524,48.77593142194266,2,6,9.414627185819032,1,1.0113956846848886,0,0.0,0
51525,26.463351482149427,3,2,12.09921343455314,1,0.45511811088844056,0,0.0,0
51526,70.77966105797248,3,4,9.307537098908881,7,0.6322976230245287,0,0.0,0
51527,38.32765164073295,3,1,0.0,7,0.9998498147219863,0,0.0,0
51528,49.31226473418346,4,7,15.650762738567716,7,0.4414507918680686,0,0.0,0
51529,53.42917562820212,4,3,12.561501140623879,4,0.9997037765221516,0,0.0,0
51530,23.825265595920616,1,2,5.259314949169372,3,0.4164786169347333,0,0.0,0
51531,52.94885320752455,4,3,7.931966654282285,3,1.0000735905849465,0,0.0,0
51532,35.95325487836395,3,1,4.607404664450521,7,0.8526832100905458,0,0.0,0
51533,49.0762540168435,4,3,17.443582116712818,6,0.9998707844633742,0,0.0,0
51534,20.989728505434588,3,3,0.0,7,0.4460310030038457,0,0.0,0
51535,42.24106792624189,1,6,18.012746290353633,4,0.8228804422219145,0,0.0,0
51536,23.341029583102504,2,2,10.697885556342502,3,0.4604676145465463,0,0.0,0
51537,39.143432734963085,3,1,5.36978508589271,6,0.9469510097097835,0,0.0,0
51538,35.413079247102914,3,6,12.079173903747852,3,0.6077611415099177,0,0.0,0
51539,44.665050634455454,4,6,8.847622624434337,6,0.8697825634103988,0,0.0,0
51540,51.99651976066079,2,4,22.010641898179507,7,0.8865083584182392,0,0.0,0
51541,39.03617663611448,4,4,17.6015156011302,4,0.8919178903730494,0,0.0,0
51542,41.611210427434976,5,6,17.854891538106237,2,0.38477947628678544,0,0.0,0
51543,41.69240297395559,3,1,6.727973204157826,7,0.41518276514169855,0,0.0,0
51544,40.573605634108254,3,3,13.94167342740828,5,1.000729674630059,0,0.0,0
51545,49.60972709629279,2,5,7.204720519096176,2,0.13021884596537547,0,0.0,0
51546,46.222477515710416,6,6,11.491474280840162,7,1.0312223622824035,0,0.0,0
51547,51.59290360891803,3,3,2.3736675853340543,0,0.7898222163369656,0,0.0,0
51548,53.366490605576814,4,3,9.294553126910717,6,0.5024302600790019,0,0.0,0
51549,44.666096829844655,2,6,6.068297182787345,7,0.40185317034272766,0,0.0,0
51550,21.742008057164178,2,2,4.60149569524276,7,1.000434496947617,0,0.0,0
51551,49.58961507817807,2,2,13.72378237432863,2,0.9075632993897101,0,0.0,0
51552,40.44478253735407,2,6,19.227787583116488,2,0.7174249982375733,0,0.0,0
51553,36.124686571837195,4,1,12.211820805695764,1,0.3312612917915484,0,0.0,0
51554,29.795149827003762,3,3,12.732274526113807,4,0.999336447698902,0,0.0,0
51555,32.674442086481875,3,1,16.06230860649176,1,0.9342918926901554,0,0.0,0
51556,20.290214214946033,2,3,0.0,5,0.34098415505517654,0,0.0,0
51557,20.66322658088903,2,6,9.194580224296317,7,0.6461770480066594,1,21513.07788180293,1
51558,48.75920304255106,2,6,11.739206944766716,7,0.9995856622699804,0,0.0,0
51559,26.055657154010337,4,4,0.0,1,0.03347087712086949,0,0.0,0
51560,27.3380965162381,1,1,8.628398183157604,4,1.000199498615867,0,0.0,0
51561,33.68996379544821,3,2,20.01048781051137,1,0.9994564330822315,0,0.0,0
51562,58.8652225219155,2,6,5.859205293629969,7,0.679277679807363,0,0.0,0
51563,28.366661194812643,3,2,9.686798971344546,7,0.942654367322173,0,0.0,0
51564,74.73357641822635,3,3,16.223789739465605,5,1.0002973200725858,0,0.0,0
51565,65.19178401448883,4,3,8.070737786750552,7,1.0001939703353053,0,0.0,0
51566,52.439073189153675,5,6,13.07540197427217,7,1.000439903405816,0,0.0,0
51567,44.014417415753606,4,6,13.923984931588251,1,0.5404159429682647,0,0.0,0
51568,40.26886962176656,2,1,15.86761896404686,2,1.0000854842437592,0,0.0,0
51569,25.12924588504628,3,4,8.34284304173388,1,0.9979972941046171,0,0.0,0
51570,29.788774075587664,1,4,7.780346233798419,6,1.2000195482621054,0,0.0,0
51571,42.53817369799928,2,7,7.505342827974083,1,0.0,0,0.0,0
51572,53.88770054185278,3,3,13.022241103732508,5,0.5053429071756308,0,0.0,0
51573,64.46445970139011,0,3,18.214405060385435,4,0.496620760378477,0,0.0,0
51574,54.5713983481174,3,5,18.22280634164064,1,0.6771830103511544,0,0.0,0
51575,10.528417916091499,3,4,3.6019558082226117,4,0.70941247376558,0,0.0,0
51576,56.83560268864966,3,2,0.0,4,0.15944865348041193,0,0.0,0
51577,27.060560995542552,2,6,7.6788115142997695,4,0.6826788208203458,0,0.0,0
51578,29.144508087069497,4,3,17.323710988837888,1,0.7038209557139697,0,0.0,0
51579,39.19759882459359,3,5,13.028458228239455,1,0.4146960607841839,0,0.0,0
51580,30.843308834559643,3,3,9.411587030826286,7,0.8630052775957331,0,0.0,0
51581,30.3149328648785,5,1,8.779956014699405,7,0.6069394911806121,0,0.0,0
51582,47.48254250577448,1,1,7.640943818452936,2,0.9994099419206219,0,0.0,0
51583,55.48643447841326,4,1,19.9982878373512,4,0.6177729251005442,0,0.0,0
51584,35.55008033296988,2,1,15.80014793259053,1,0.43446881065691717,0,0.0,0
51585,68.45422004040614,3,2,21.20572784437711,6,0.9996960660442875,0,0.0,0
51586,52.27178137613766,3,3,17.14075415603139,7,1.000358640079067,0,0.0,0
51587,53.703644158450444,3,2,5.499961155162245,7,0.29855234442178713,0,0.0,0
51588,14.4474991639443,3,2,3.7469644042094394,1,0.0,0,0.0,0
51589,46.3184435676522,3,1,2.9479308571973366,7,0.9998445987788036,0,0.0,0
51590,58.518150709656396,4,3,5.750840409553622,3,1.000176110548698,0,0.0,0
51591,37.38740167774966,3,2,15.1864434571731,1,0.3937917181743033,0,0.0,0
51592,28.574378202658806,5,4,5.324305130684827,1,0.2743810588255843,0,0.0,0
51593,27.170223182387033,2,6,19.35885628977675,2,0.35895447692564164,0,0.0,0
51594,37.35907267682096,5,6,16.049337132627123,2,0.7219691454719439,0,0.0,0
51595,56.33727537243726,6,3,9.889136248851212,4,0.19730304554531441,0,0.0,0
51596,46.64782080084768,3,1,9.46636262334397,7,1.0000584648457969,0,0.0,0
51597,42.77603603792233,3,7,13.367744385455667,2,1.000409021139764,0,0.0,0
51598,24.40140929520636,3,1,6.656478689268739,1,0.0038888303475281827,0,0.0,0
51599,46.93028697765805,5,2,9.318968726447457,7,0.32886056179875955,0,0.0,0
51600,35.20315468742712,3,7,9.775460807752967,4,0.42353785938973443,0,0.0,0
51601,27.336269729073912,5,6,8.291386723803035,2,0.8672671537073435,0,0.0,0
51602,37.61266507301116,4,1,11.156700034992877,7,0.9996769713485025,0,0.0,0
51603,39.28741085410204,3,3,8.142198051493306,2,0.5510344158072689,0,0.0,0
51604,50.77952425542638,1,2,3.387966784142428,7,1.0001525649125804,0,0.0,0
51605,30.255101614342287,3,3,9.65788737900241,5,0.2114382438550934,0,0.0,0
51606,22.100743524578757,2,2,8.514498060176958,1,0.7028099840439751,0,0.0,0
51607,45.26876644472215,1,2,14.327556626220135,7,1.0008394524039619,0,0.0,0
51608,36.12083597916696,4,6,10.90059608172458,6,1.0494496972324625,0,0.0,0
51609,48.52804602866236,4,4,13.871995060746974,2,0.9772159637052973,0,0.0,0
51610,53.251507600720515,3,3,17.049921600221204,3,0.057259788911606324,0,0.0,0
51611,50.885869081701486,3,6,5.737849195055321,2,0.39634002616317315,0,0.0,0
51612,54.59465066562262,2,2,13.292417863006488,7,0.9999351220921473,0,0.0,0
51613,64.32859573814136,4,6,7.1740890675766895,4,0.8370190320681172,0,0.0,0
51614,44.06054129609162,2,5,14.522861634143176,8,0.34553791556361396,0,0.0,0
51615,26.62266122091317,1,1,16.252128258843236,3,0.4855689163877215,0,0.0,0
51616,60.99827266198976,2,1,9.12941015712677,7,0.9967220627208542,0,0.0,0
51617,58.66903951052112,2,4,9.257760480292694,6,0.4716381819154095,0,0.0,0
51618,24.317287071950584,1,2,10.750255640527344,3,0.12728355918528356,1,4902.586662929131,1
51619,48.96482315778576,4,1,19.99979103128705,4,0.309411091769216,0,0.0,0
51620,44.30676169010374,3,2,14.003020522393825,1,0.6582284964428067,0,0.0,0
51621,49.35684237550708,4,3,20.005243603173085,1,0.7958661218812106,0,0.0,0
51622,47.913525434972115,4,1,16.938769842259852,2,0.21429146136197397,0,0.0,0
51623,35.166623604354854,1,6,18.200719544883263,4,0.3235357249078199,0,0.0,0
51624,36.826970592320365,1,3,0.6242302872586265,2,0.9997949540343347,0,0.0,0
51625,48.944914130241315,4,3,4.859295231033111,5,0.9485526803252387,0,0.0,0
51626,49.87045852126787,5,6,14.105205730677872,4,0.9293279326237885,0,0.0,0
51627,46.050467254326556,3,6,17.5986787977765,6,0.7681033555484671,0,0.0,0
51628,36.39555069109895,1,3,9.769358164457762,4,0.49337478481974273,0,0.0,0
51629,45.74816921112008,1,3,15.672084792290978,6,0.6582647578635857,0,0.0,0
51630,45.96206996872811,5,3,22.836703016185112,5,0.9999351931637884,0,0.0,0
51631,40.64493823390388,1,3,20.00579865951211,1,0.8145036178417349,0,0.0,0
51632,26.510883241578778,4,4,14.955336632312626,4,0.412972847504603,0,0.0,0
51633,41.594508351905745,5,5,13.985176668682717,1,0.9998023679995938,0,0.0,0
51634,32.42379872085134,3,1,17.30625341383062,2,0.957530720446277,0,0.0,0
51635,30.928054014982564,2,2,14.457189409117259,3,0.5837159667732891,0,0.0,0
51636,43.56192687728555,2,1,20.007436538402402,1,0.7851279176493642,0,0.0,0
51637,31.03308637640488,6,3,5.622662824260946,2,0.34399988349214927,0,0.0,0
